92, 126, 1
128, 126, 1
128, 92, 1
21, 56, 1
88, 126, 1
88, 92, 1
88, 128, 1
56, 126, -1
56, 92, -1
56, 128, -1
21, 126, -1
21, 92, -1
21, 128, -1
88, 56, -1
88, 21, -1
167, 126, -1
167, 92, -1
167, 128, -1
167, 88, -1
167, 56, -1
167, 21, -1

139, 167, 1
109, 126, 1
109, 92, 1
109, 128, 1
109, 88, 1
120, 126, 1
120, 92, 1
120, 128, 1
120, 88, 1
120, 109, 1
25, 56, 1
25, 21, 1
98, 126, 1
98, 92, 1
98, 128, 1
98, 88, 1
98, 109, 1
98, 120, 1
74, 126, 1
74, 92, 1
74, 128, 1
74, 88, 1
74, 109, 1
74, 120, 1
74, 98, 1
65, 126, 1
65, 92, 1
65, 128, 1
65, 88, 1
65, 109, 1
65, 120, 1
65, 98, 1
65, 74, 1
95, 126, 1
95, 92, 1
95, 128, 1
95, 88, 1
95, 109, 1
95, 120, 1
95, 98, 1
95, 74, 1
95, 65, 1
139, 126, -1
139, 92, -1
139, 128, -1
139, 88, -1
139, 56, -1
139, 21, -1
109, 56, -1
109, 21, -1
109, 167, -1
109, 139, -1
120, 56, -1
120, 21, -1
120, 167, -1
120, 139, -1
25, 126, -1
25, 92, -1
25, 128, -1
25, 88, -1
25, 109, -1
25, 120, -1
25, 167, -1
25, 139, -1
98, 56, -1
98, 21, -1
98, 25, -1
98, 167, -1
98, 139, -1
74, 56, -1
74, 21, -1
74, 25, -1
74, 167, -1
74, 139, -1
65, 56, -1
65, 21, -1
65, 25, -1
65, 167, -1
65, 139, -1
95, 56, -1
95, 21, -1
95, 25, -1
95, 167, -1
95, 139, -1

138, 167, 1
138, 139, 1
121, 126, 1
121, 92, 1
121, 128, 1
121, 88, 1
121, 109, 1
121, 120, 1
121, 98, 1
121, 74, 1
121, 65, 1
121, 95, 1
71, 126, 1
71, 92, 1
71, 128, 1
71, 88, 1
71, 109, 1
71, 120, 1
71, 98, 1
71, 74, 1
71, 65, 1
71, 95, 1
71, 121, 1
66, 126, 1
66, 92, 1
66, 128, 1
66, 88, 1
66, 109, 1
66, 120, 1
66, 98, 1
66, 74, 1
66, 65, 1
66, 95, 1
66, 121, 1
66, 71, 1
87, 126, 1
87, 92, 1
87, 128, 1
87, 88, 1
87, 109, 1
87, 120, 1
87, 98, 1
87, 74, 1
87, 65, 1
87, 95, 1
87, 121, 1
87, 71, 1
87, 66, 1
101, 126, 1
101, 92, 1
101, 128, 1
101, 88, 1
101, 109, 1
101, 120, 1
101, 98, 1
101, 74, 1
101, 65, 1
101, 95, 1
101, 121, 1
101, 71, 1
101, 66, 1
101, 87, 1
75, 126, 1
75, 92, 1
75, 128, 1
75, 88, 1
75, 109, 1
75, 120, 1
75, 98, 1
75, 74, 1
75, 65, 1
75, 95, 1
75, 121, 1
75, 71, 1
75, 66, 1
75, 87, 1
75, 101, 1
61, 126, 1
61, 92, 1
61, 128, 1
61, 88, 1
61, 109, 1
61, 120, 1
61, 98, 1
61, 74, 1
61, 65, 1
61, 95, 1
61, 121, 1
61, 71, 1
61, 66, 1
61, 87, 1
61, 101, 1
61, 75, 1
67, 126, 1
67, 92, 1
67, 128, 1
67, 88, 1
67, 109, 1
67, 120, 1
67, 98, 1
67, 74, 1
67, 65, 1
67, 95, 1
67, 121, 1
67, 71, 1
67, 66, 1
67, 87, 1
67, 101, 1
67, 75, 1
67, 61, 1
138, 126, -1
138, 92, -1
138, 128, -1
138, 88, -1
138, 109, -1
138, 120, -1
138, 98, -1
138, 74, -1
138, 65, -1
138, 95, -1
138, 56, -1
138, 21, -1
138, 25, -1
121, 56, -1
121, 21, -1
121, 25, -1
121, 167, -1
121, 139, -1
121, 138, -1
71, 56, -1
71, 21, -1
71, 25, -1
71, 167, -1
71, 139, -1
71, 138, -1
66, 56, -1
66, 21, -1
66, 25, -1
66, 167, -1
66, 139, -1
66, 138, -1
87, 56, -1
87, 21, -1
87, 25, -1
87, 167, -1
87, 139, -1
87, 138, -1
101, 56, -1
101, 21, -1
101, 25, -1
101, 167, -1
101, 139, -1
101, 138, -1
75, 56, -1
75, 21, -1
75, 25, -1
75, 167, -1
75, 139, -1
75, 138, -1
61, 56, -1
61, 21, -1
61, 25, -1
61, 167, -1
61, 139, -1
61, 138, -1
67, 56, -1
67, 21, -1
67, 25, -1
67, 167, -1
67, 139, -1
67, 138, -1

72, 126, 1
72, 92, 1
72, 128, 1
72, 88, 1
72, 109, 1
72, 120, 1
72, 98, 1
72, 74, 1
72, 65, 1
72, 95, 1
72, 121, 1
72, 71, 1
72, 66, 1
72, 87, 1
72, 101, 1
72, 75, 1
72, 61, 1
72, 67, 1
165, 167, 1
165, 139, 1
165, 138, 1
76, 126, 1
76, 92, 1
76, 128, 1
76, 88, 1
76, 109, 1
76, 120, 1
76, 98, 1
76, 74, 1
76, 65, 1
76, 95, 1
76, 121, 1
76, 71, 1
76, 66, 1
76, 87, 1
76, 101, 1
76, 75, 1
76, 61, 1
76, 67, 1
76, 72, 1
151, 167, 1
151, 139, 1
151, 138, 1
151, 165, 1
81, 126, 1
81, 92, 1
81, 128, 1
81, 88, 1
81, 109, 1
81, 120, 1
81, 98, 1
81, 74, 1
81, 65, 1
81, 95, 1
81, 121, 1
81, 71, 1
81, 66, 1
81, 87, 1
81, 101, 1
81, 75, 1
81, 61, 1
81, 67, 1
81, 72, 1
81, 76, 1
72, 56, -1
72, 21, -1
72, 25, -1
72, 167, -1
72, 139, -1
72, 138, -1
165, 126, -1
165, 92, -1
165, 128, -1
165, 88, -1
165, 109, -1
165, 120, -1
165, 98, -1
165, 74, -1
165, 65, -1
165, 95, -1
165, 121, -1
165, 71, -1
165, 66, -1
165, 87, -1
165, 101, -1
165, 75, -1
165, 61, -1
165, 67, -1
165, 72, -1
165, 56, -1
165, 21, -1
165, 25, -1
76, 56, -1
76, 21, -1
76, 25, -1
76, 167, -1
76, 139, -1
76, 138, -1
76, 165, -1
151, 126, -1
151, 92, -1
151, 128, -1
151, 88, -1
151, 109, -1
151, 120, -1
151, 98, -1
151, 74, -1
151, 65, -1
151, 95, -1
151, 121, -1
151, 71, -1
151, 66, -1
151, 87, -1
151, 101, -1
151, 75, -1
151, 61, -1
151, 67, -1
151, 72, -1
151, 76, -1
151, 56, -1
151, 21, -1
151, 25, -1
81, 56, -1
81, 21, -1
81, 25, -1
81, 167, -1
81, 139, -1
81, 138, -1
81, 165, -1
81, 151, -1

123, 126, 1
123, 92, 1
123, 128, 1
123, 88, 1
123, 109, 1
123, 120, 1
123, 98, 1
123, 74, 1
123, 65, 1
123, 95, 1
123, 121, 1
123, 71, 1
123, 66, 1
123, 87, 1
123, 101, 1
123, 75, 1
123, 61, 1
123, 67, 1
123, 72, 1
123, 76, 1
123, 81, 1
100, 126, 1
100, 92, 1
100, 128, 1
100, 88, 1
100, 109, 1
100, 120, 1
100, 98, 1
100, 74, 1
100, 65, 1
100, 95, 1
100, 121, 1
100, 71, 1
100, 66, 1
100, 87, 1
100, 101, 1
100, 75, 1
100, 61, 1
100, 67, 1
100, 72, 1
100, 76, 1
100, 81, 1
100, 123, 1
102, 126, 1
102, 92, 1
102, 128, 1
102, 88, 1
102, 109, 1
102, 120, 1
102, 98, 1
102, 74, 1
102, 65, 1
102, 95, 1
102, 121, 1
102, 71, 1
102, 66, 1
102, 87, 1
102, 101, 1
102, 75, 1
102, 61, 1
102, 67, 1
102, 72, 1
102, 76, 1
102, 81, 1
102, 123, 1
102, 100, 1
137, 167, 1
137, 139, 1
137, 138, 1
137, 165, 1
137, 151, 1
79, 126, 1
79, 92, 1
79, 128, 1
79, 88, 1
79, 109, 1
79, 120, 1
79, 98, 1
79, 74, 1
79, 65, 1
79, 95, 1
79, 121, 1
79, 71, 1
79, 66, 1
79, 87, 1
79, 101, 1
79, 75, 1
79, 61, 1
79, 67, 1
79, 72, 1
79, 76, 1
79, 81, 1
79, 123, 1
79, 100, 1
79, 102, 1
83, 126, 1
83, 92, 1
83, 128, 1
83, 88, 1
83, 109, 1
83, 120, 1
83, 98, 1
83, 74, 1
83, 65, 1
83, 95, 1
83, 121, 1
83, 71, 1
83, 66, 1
83, 87, 1
83, 101, 1
83, 75, 1
83, 61, 1
83, 67, 1
83, 72, 1
83, 76, 1
83, 81, 1
83, 123, 1
83, 100, 1
83, 102, 1
83, 79, 1
94, 126, 1
94, 92, 1
94, 128, 1
94, 88, 1
94, 109, 1
94, 120, 1
94, 98, 1
94, 74, 1
94, 65, 1
94, 95, 1
94, 121, 1
94, 71, 1
94, 66, 1
94, 87, 1
94, 101, 1
94, 75, 1
94, 61, 1
94, 67, 1
94, 72, 1
94, 76, 1
94, 81, 1
94, 123, 1
94, 100, 1
94, 102, 1
94, 79, 1
94, 83, 1
59, 126, 1
59, 92, 1
59, 128, 1
59, 88, 1
59, 109, 1
59, 120, 1
59, 98, 1
59, 74, 1
59, 65, 1
59, 95, 1
59, 121, 1
59, 71, 1
59, 66, 1
59, 87, 1
59, 101, 1
59, 75, 1
59, 61, 1
59, 67, 1
59, 72, 1
59, 76, 1
59, 81, 1
59, 123, 1
59, 100, 1
59, 102, 1
59, 79, 1
59, 83, 1
59, 94, 1
118, 126, 1
118, 92, 1
118, 128, 1
118, 88, 1
118, 109, 1
118, 120, 1
118, 98, 1
118, 74, 1
118, 65, 1
118, 95, 1
118, 121, 1
118, 71, 1
118, 66, 1
118, 87, 1
118, 101, 1
118, 75, 1
118, 61, 1
118, 67, 1
118, 72, 1
118, 76, 1
118, 81, 1
118, 123, 1
118, 100, 1
118, 102, 1
118, 79, 1
118, 83, 1
118, 94, 1
118, 59, 1
123, 56, -1
123, 21, -1
123, 25, -1
123, 167, -1
123, 139, -1
123, 138, -1
123, 165, -1
123, 151, -1
100, 56, -1
100, 21, -1
100, 25, -1
100, 167, -1
100, 139, -1
100, 138, -1
100, 165, -1
100, 151, -1
102, 56, -1
102, 21, -1
102, 25, -1
102, 167, -1
102, 139, -1
102, 138, -1
102, 165, -1
102, 151, -1
137, 126, -1
137, 92, -1
137, 128, -1
137, 88, -1
137, 109, -1
137, 120, -1
137, 98, -1
137, 74, -1
137, 65, -1
137, 95, -1
137, 121, -1
137, 71, -1
137, 66, -1
137, 87, -1
137, 101, -1
137, 75, -1
137, 61, -1
137, 67, -1
137, 72, -1
137, 76, -1
137, 81, -1
137, 123, -1
137, 100, -1
137, 102, -1
137, 56, -1
137, 21, -1
137, 25, -1
79, 56, -1
79, 21, -1
79, 25, -1
79, 167, -1
79, 139, -1
79, 138, -1
79, 165, -1
79, 151, -1
79, 137, -1
83, 56, -1
83, 21, -1
83, 25, -1
83, 167, -1
83, 139, -1
83, 138, -1
83, 165, -1
83, 151, -1
83, 137, -1
94, 56, -1
94, 21, -1
94, 25, -1
94, 167, -1
94, 139, -1
94, 138, -1
94, 165, -1
94, 151, -1
94, 137, -1
59, 56, -1
59, 21, -1
59, 25, -1
59, 167, -1
59, 139, -1
59, 138, -1
59, 165, -1
59, 151, -1
59, 137, -1
118, 56, -1
118, 21, -1
118, 25, -1
118, 167, -1
118, 139, -1
118, 138, -1
118, 165, -1
118, 151, -1
118, 137, -1

104, 126, 1
104, 92, 1
104, 128, 1
104, 88, 1
104, 109, 1
104, 120, 1
104, 98, 1
104, 74, 1
104, 65, 1
104, 95, 1
104, 121, 1
104, 71, 1
104, 66, 1
104, 87, 1
104, 101, 1
104, 75, 1
104, 61, 1
104, 67, 1
104, 72, 1
104, 76, 1
104, 81, 1
104, 123, 1
104, 100, 1
104, 102, 1
104, 79, 1
104, 83, 1
104, 94, 1
104, 59, 1
104, 118, 1
142, 167, 1
142, 139, 1
142, 138, 1
142, 165, 1
142, 151, 1
142, 137, 1
115, 126, 1
115, 92, 1
115, 128, 1
115, 88, 1
115, 109, 1
115, 120, 1
115, 98, 1
115, 74, 1
115, 65, 1
115, 95, 1
115, 121, 1
115, 71, 1
115, 66, 1
115, 87, 1
115, 101, 1
115, 75, 1
115, 61, 1
115, 67, 1
115, 72, 1
115, 76, 1
115, 81, 1
115, 123, 1
115, 100, 1
115, 102, 1
115, 79, 1
115, 83, 1
115, 94, 1
115, 59, 1
115, 118, 1
115, 104, 1
82, 126, 1
82, 92, 1
82, 128, 1
82, 88, 1
82, 109, 1
82, 120, 1
82, 98, 1
82, 74, 1
82, 65, 1
82, 95, 1
82, 121, 1
82, 71, 1
82, 66, 1
82, 87, 1
82, 101, 1
82, 75, 1
82, 61, 1
82, 67, 1
82, 72, 1
82, 76, 1
82, 81, 1
82, 123, 1
82, 100, 1
82, 102, 1
82, 79, 1
82, 83, 1
82, 94, 1
82, 59, 1
82, 118, 1
82, 104, 1
82, 115, 1
63, 126, 1
63, 92, 1
63, 128, 1
63, 88, 1
63, 109, 1
63, 120, 1
63, 98, 1
63, 74, 1
63, 65, 1
63, 95, 1
63, 121, 1
63, 71, 1
63, 66, 1
63, 87, 1
63, 101, 1
63, 75, 1
63, 61, 1
63, 67, 1
63, 72, 1
63, 76, 1
63, 81, 1
63, 123, 1
63, 100, 1
63, 102, 1
63, 79, 1
63, 83, 1
63, 94, 1
63, 59, 1
63, 118, 1
63, 104, 1
63, 115, 1
63, 82, 1
103, 126, 1
103, 92, 1
103, 128, 1
103, 88, 1
103, 109, 1
103, 120, 1
103, 98, 1
103, 74, 1
103, 65, 1
103, 95, 1
103, 121, 1
103, 71, 1
103, 66, 1
103, 87, 1
103, 101, 1
103, 75, 1
103, 61, 1
103, 67, 1
103, 72, 1
103, 76, 1
103, 81, 1
103, 123, 1
103, 100, 1
103, 102, 1
103, 79, 1
103, 83, 1
103, 94, 1
103, 59, 1
103, 118, 1
103, 104, 1
103, 115, 1
103, 82, 1
103, 63, 1
89, 126, 1
89, 92, 1
89, 128, 1
89, 88, 1
89, 109, 1
89, 120, 1
89, 98, 1
89, 74, 1
89, 65, 1
89, 95, 1
89, 121, 1
89, 71, 1
89, 66, 1
89, 87, 1
89, 101, 1
89, 75, 1
89, 61, 1
89, 67, 1
89, 72, 1
89, 76, 1
89, 81, 1
89, 123, 1
89, 100, 1
89, 102, 1
89, 79, 1
89, 83, 1
89, 94, 1
89, 59, 1
89, 118, 1
89, 104, 1
89, 115, 1
89, 82, 1
89, 63, 1
89, 103, 1
24, 56, 1
24, 21, 1
24, 25, 1
104, 56, -1
104, 21, -1
104, 25, -1
104, 167, -1
104, 139, -1
104, 138, -1
104, 165, -1
104, 151, -1
104, 137, -1
142, 126, -1
142, 92, -1
142, 128, -1
142, 88, -1
142, 109, -1
142, 120, -1
142, 98, -1
142, 74, -1
142, 65, -1
142, 95, -1
142, 121, -1
142, 71, -1
142, 66, -1
142, 87, -1
142, 101, -1
142, 75, -1
142, 61, -1
142, 67, -1
142, 72, -1
142, 76, -1
142, 81, -1
142, 123, -1
142, 100, -1
142, 102, -1
142, 79, -1
142, 83, -1
142, 94, -1
142, 59, -1
142, 118, -1
142, 104, -1
142, 56, -1
142, 21, -1
142, 25, -1
115, 56, -1
115, 21, -1
115, 25, -1
115, 167, -1
115, 139, -1
115, 138, -1
115, 165, -1
115, 151, -1
115, 137, -1
115, 142, -1
82, 56, -1
82, 21, -1
82, 25, -1
82, 167, -1
82, 139, -1
82, 138, -1
82, 165, -1
82, 151, -1
82, 137, -1
82, 142, -1
63, 56, -1
63, 21, -1
63, 25, -1
63, 167, -1
63, 139, -1
63, 138, -1
63, 165, -1
63, 151, -1
63, 137, -1
63, 142, -1
103, 56, -1
103, 21, -1
103, 25, -1
103, 167, -1
103, 139, -1
103, 138, -1
103, 165, -1
103, 151, -1
103, 137, -1
103, 142, -1
89, 56, -1
89, 21, -1
89, 25, -1
89, 167, -1
89, 139, -1
89, 138, -1
89, 165, -1
89, 151, -1
89, 137, -1
89, 142, -1
24, 126, -1
24, 92, -1
24, 128, -1
24, 88, -1
24, 109, -1
24, 120, -1
24, 98, -1
24, 74, -1
24, 65, -1
24, 95, -1
24, 121, -1
24, 71, -1
24, 66, -1
24, 87, -1
24, 101, -1
24, 75, -1
24, 61, -1
24, 67, -1
24, 72, -1
24, 76, -1
24, 81, -1
24, 123, -1
24, 100, -1
24, 102, -1
24, 79, -1
24, 83, -1
24, 94, -1
24, 59, -1
24, 118, -1
24, 104, -1
24, 115, -1
24, 82, -1
24, 63, -1
24, 103, -1
24, 89, -1
24, 167, -1
24, 139, -1
24, 138, -1
24, 165, -1
24, 151, -1
24, 137, -1
24, 142, -1

69, 126, 1
69, 92, 1
69, 128, 1
69, 88, 1
69, 109, 1
69, 120, 1
69, 98, 1
69, 74, 1
69, 65, 1
69, 95, 1
69, 121, 1
69, 71, 1
69, 66, 1
69, 87, 1
69, 101, 1
69, 75, 1
69, 61, 1
69, 67, 1
69, 72, 1
69, 76, 1
69, 81, 1
69, 123, 1
69, 100, 1
69, 102, 1
69, 79, 1
69, 83, 1
69, 94, 1
69, 59, 1
69, 118, 1
69, 104, 1
69, 115, 1
69, 82, 1
69, 63, 1
69, 103, 1
69, 89, 1
132, 167, 1
132, 139, 1
132, 138, 1
132, 165, 1
132, 151, 1
132, 137, 1
132, 142, 1
96, 126, 1
96, 92, 1
96, 128, 1
96, 88, 1
96, 109, 1
96, 120, 1
96, 98, 1
96, 74, 1
96, 65, 1
96, 95, 1
96, 121, 1
96, 71, 1
96, 66, 1
96, 87, 1
96, 101, 1
96, 75, 1
96, 61, 1
96, 67, 1
96, 72, 1
96, 76, 1
96, 81, 1
96, 123, 1
96, 100, 1
96, 102, 1
96, 79, 1
96, 83, 1
96, 94, 1
96, 59, 1
96, 118, 1
96, 104, 1
96, 115, 1
96, 82, 1
96, 63, 1
96, 103, 1
96, 89, 1
96, 69, 1
78, 126, 1
78, 92, 1
78, 128, 1
78, 88, 1
78, 109, 1
78, 120, 1
78, 98, 1
78, 74, 1
78, 65, 1
78, 95, 1
78, 121, 1
78, 71, 1
78, 66, 1
78, 87, 1
78, 101, 1
78, 75, 1
78, 61, 1
78, 67, 1
78, 72, 1
78, 76, 1
78, 81, 1
78, 123, 1
78, 100, 1
78, 102, 1
78, 79, 1
78, 83, 1
78, 94, 1
78, 59, 1
78, 118, 1
78, 104, 1
78, 115, 1
78, 82, 1
78, 63, 1
78, 103, 1
78, 89, 1
78, 69, 1
78, 96, 1
127, 126, 1
127, 92, 1
127, 128, 1
127, 88, 1
127, 109, 1
127, 120, 1
127, 98, 1
127, 74, 1
127, 65, 1
127, 95, 1
127, 121, 1
127, 71, 1
127, 66, 1
127, 87, 1
127, 101, 1
127, 75, 1
127, 61, 1
127, 67, 1
127, 72, 1
127, 76, 1
127, 81, 1
127, 123, 1
127, 100, 1
127, 102, 1
127, 79, 1
127, 83, 1
127, 94, 1
127, 59, 1
127, 118, 1
127, 104, 1
127, 115, 1
127, 82, 1
127, 63, 1
127, 103, 1
127, 89, 1
127, 69, 1
127, 96, 1
127, 78, 1
160, 167, 1
160, 139, 1
160, 138, 1
160, 165, 1
160, 151, 1
160, 137, 1
160, 142, 1
160, 132, 1
107, 126, 1
107, 92, 1
107, 128, 1
107, 88, 1
107, 109, 1
107, 120, 1
107, 98, 1
107, 74, 1
107, 65, 1
107, 95, 1
107, 121, 1
107, 71, 1
107, 66, 1
107, 87, 1
107, 101, 1
107, 75, 1
107, 61, 1
107, 67, 1
107, 72, 1
107, 76, 1
107, 81, 1
107, 123, 1
107, 100, 1
107, 102, 1
107, 79, 1
107, 83, 1
107, 94, 1
107, 59, 1
107, 118, 1
107, 104, 1
107, 115, 1
107, 82, 1
107, 63, 1
107, 103, 1
107, 89, 1
107, 69, 1
107, 96, 1
107, 78, 1
107, 127, 1
106, 126, 1
106, 92, 1
106, 128, 1
106, 88, 1
106, 109, 1
106, 120, 1
106, 98, 1
106, 74, 1
106, 65, 1
106, 95, 1
106, 121, 1
106, 71, 1
106, 66, 1
106, 87, 1
106, 101, 1
106, 75, 1
106, 61, 1
106, 67, 1
106, 72, 1
106, 76, 1
106, 81, 1
106, 123, 1
106, 100, 1
106, 102, 1
106, 79, 1
106, 83, 1
106, 94, 1
106, 59, 1
106, 118, 1
106, 104, 1
106, 115, 1
106, 82, 1
106, 63, 1
106, 103, 1
106, 89, 1
106, 69, 1
106, 96, 1
106, 78, 1
106, 127, 1
106, 107, 1
69, 56, -1
69, 21, -1
69, 25, -1
69, 24, -1
69, 167, -1
69, 139, -1
69, 138, -1
69, 165, -1
69, 151, -1
69, 137, -1
69, 142, -1
132, 126, -1
132, 92, -1
132, 128, -1
132, 88, -1
132, 109, -1
132, 120, -1
132, 98, -1
132, 74, -1
132, 65, -1
132, 95, -1
132, 121, -1
132, 71, -1
132, 66, -1
132, 87, -1
132, 101, -1
132, 75, -1
132, 61, -1
132, 67, -1
132, 72, -1
132, 76, -1
132, 81, -1
132, 123, -1
132, 100, -1
132, 102, -1
132, 79, -1
132, 83, -1
132, 94, -1
132, 59, -1
132, 118, -1
132, 104, -1
132, 115, -1
132, 82, -1
132, 63, -1
132, 103, -1
132, 89, -1
132, 69, -1
132, 56, -1
132, 21, -1
132, 25, -1
132, 24, -1
96, 56, -1
96, 21, -1
96, 25, -1
96, 24, -1
96, 167, -1
96, 139, -1
96, 138, -1
96, 165, -1
96, 151, -1
96, 137, -1
96, 142, -1
96, 132, -1
78, 56, -1
78, 21, -1
78, 25, -1
78, 24, -1
78, 167, -1
78, 139, -1
78, 138, -1
78, 165, -1
78, 151, -1
78, 137, -1
78, 142, -1
78, 132, -1
127, 56, -1
127, 21, -1
127, 25, -1
127, 24, -1
127, 167, -1
127, 139, -1
127, 138, -1
127, 165, -1
127, 151, -1
127, 137, -1
127, 142, -1
127, 132, -1
160, 126, -1
160, 92, -1
160, 128, -1
160, 88, -1
160, 109, -1
160, 120, -1
160, 98, -1
160, 74, -1
160, 65, -1
160, 95, -1
160, 121, -1
160, 71, -1
160, 66, -1
160, 87, -1
160, 101, -1
160, 75, -1
160, 61, -1
160, 67, -1
160, 72, -1
160, 76, -1
160, 81, -1
160, 123, -1
160, 100, -1
160, 102, -1
160, 79, -1
160, 83, -1
160, 94, -1
160, 59, -1
160, 118, -1
160, 104, -1
160, 115, -1
160, 82, -1
160, 63, -1
160, 103, -1
160, 89, -1
160, 69, -1
160, 96, -1
160, 78, -1
160, 127, -1
160, 56, -1
160, 21, -1
160, 25, -1
160, 24, -1
107, 56, -1
107, 21, -1
107, 25, -1
107, 24, -1
107, 167, -1
107, 139, -1
107, 138, -1
107, 165, -1
107, 151, -1
107, 137, -1
107, 142, -1
107, 132, -1
107, 160, -1
106, 56, -1
106, 21, -1
106, 25, -1
106, 24, -1
106, 167, -1
106, 139, -1
106, 138, -1
106, 165, -1
106, 151, -1
106, 137, -1
106, 142, -1
106, 132, -1
106, 160, -1

44, 56, 1
44, 21, 1
44, 25, 1
44, 24, 1
152, 167, 1
152, 139, 1
152, 138, 1
152, 165, 1
152, 151, 1
152, 137, 1
152, 142, 1
152, 132, 1
152, 160, 1
62, 126, 1
62, 92, 1
62, 128, 1
62, 88, 1
62, 109, 1
62, 120, 1
62, 98, 1
62, 74, 1
62, 65, 1
62, 95, 1
62, 121, 1
62, 71, 1
62, 66, 1
62, 87, 1
62, 101, 1
62, 75, 1
62, 61, 1
62, 67, 1
62, 72, 1
62, 76, 1
62, 81, 1
62, 123, 1
62, 100, 1
62, 102, 1
62, 79, 1
62, 83, 1
62, 94, 1
62, 59, 1
62, 118, 1
62, 104, 1
62, 115, 1
62, 82, 1
62, 63, 1
62, 103, 1
62, 89, 1
62, 69, 1
62, 96, 1
62, 78, 1
62, 127, 1
62, 107, 1
62, 106, 1
112, 126, 1
112, 92, 1
112, 128, 1
112, 88, 1
112, 109, 1
112, 120, 1
112, 98, 1
112, 74, 1
112, 65, 1
112, 95, 1
112, 121, 1
112, 71, 1
112, 66, 1
112, 87, 1
112, 101, 1
112, 75, 1
112, 61, 1
112, 67, 1
112, 72, 1
112, 76, 1
112, 81, 1
112, 123, 1
112, 100, 1
112, 102, 1
112, 79, 1
112, 83, 1
112, 94, 1
112, 59, 1
112, 118, 1
112, 104, 1
112, 115, 1
112, 82, 1
112, 63, 1
112, 103, 1
112, 89, 1
112, 69, 1
112, 96, 1
112, 78, 1
112, 127, 1
112, 107, 1
112, 106, 1
112, 62, 1
111, 126, 1
111, 92, 1
111, 128, 1
111, 88, 1
111, 109, 1
111, 120, 1
111, 98, 1
111, 74, 1
111, 65, 1
111, 95, 1
111, 121, 1
111, 71, 1
111, 66, 1
111, 87, 1
111, 101, 1
111, 75, 1
111, 61, 1
111, 67, 1
111, 72, 1
111, 76, 1
111, 81, 1
111, 123, 1
111, 100, 1
111, 102, 1
111, 79, 1
111, 83, 1
111, 94, 1
111, 59, 1
111, 118, 1
111, 104, 1
111, 115, 1
111, 82, 1
111, 63, 1
111, 103, 1
111, 89, 1
111, 69, 1
111, 96, 1
111, 78, 1
111, 127, 1
111, 107, 1
111, 106, 1
111, 62, 1
111, 112, 1
44, 126, -1
44, 92, -1
44, 128, -1
44, 88, -1
44, 109, -1
44, 120, -1
44, 98, -1
44, 74, -1
44, 65, -1
44, 95, -1
44, 121, -1
44, 71, -1
44, 66, -1
44, 87, -1
44, 101, -1
44, 75, -1
44, 61, -1
44, 67, -1
44, 72, -1
44, 76, -1
44, 81, -1
44, 123, -1
44, 100, -1
44, 102, -1
44, 79, -1
44, 83, -1
44, 94, -1
44, 59, -1
44, 118, -1
44, 104, -1
44, 115, -1
44, 82, -1
44, 63, -1
44, 103, -1
44, 89, -1
44, 69, -1
44, 96, -1
44, 78, -1
44, 127, -1
44, 107, -1
44, 106, -1
44, 167, -1
44, 139, -1
44, 138, -1
44, 165, -1
44, 151, -1
44, 137, -1
44, 142, -1
44, 132, -1
44, 160, -1
152, 126, -1
152, 92, -1
152, 128, -1
152, 88, -1
152, 109, -1
152, 120, -1
152, 98, -1
152, 74, -1
152, 65, -1
152, 95, -1
152, 121, -1
152, 71, -1
152, 66, -1
152, 87, -1
152, 101, -1
152, 75, -1
152, 61, -1
152, 67, -1
152, 72, -1
152, 76, -1
152, 81, -1
152, 123, -1
152, 100, -1
152, 102, -1
152, 79, -1
152, 83, -1
152, 94, -1
152, 59, -1
152, 118, -1
152, 104, -1
152, 115, -1
152, 82, -1
152, 63, -1
152, 103, -1
152, 89, -1
152, 69, -1
152, 96, -1
152, 78, -1
152, 127, -1
152, 107, -1
152, 106, -1
152, 56, -1
152, 21, -1
152, 25, -1
152, 24, -1
152, 44, -1
62, 56, -1
62, 21, -1
62, 25, -1
62, 24, -1
62, 44, -1
62, 167, -1
62, 139, -1
62, 138, -1
62, 165, -1
62, 151, -1
62, 137, -1
62, 142, -1
62, 132, -1
62, 160, -1
62, 152, -1
112, 56, -1
112, 21, -1
112, 25, -1
112, 24, -1
112, 44, -1
112, 167, -1
112, 139, -1
112, 138, -1
112, 165, -1
112, 151, -1
112, 137, -1
112, 142, -1
112, 132, -1
112, 160, -1
112, 152, -1
111, 56, -1
111, 21, -1
111, 25, -1
111, 24, -1
111, 44, -1
111, 167, -1
111, 139, -1
111, 138, -1
111, 165, -1
111, 151, -1
111, 137, -1
111, 142, -1
111, 132, -1
111, 160, -1
111, 152, -1

68, 126, 1
68, 92, 1
68, 128, 1
68, 88, 1
68, 109, 1
68, 120, 1
68, 98, 1
68, 74, 1
68, 65, 1
68, 95, 1
68, 121, 1
68, 71, 1
68, 66, 1
68, 87, 1
68, 101, 1
68, 75, 1
68, 61, 1
68, 67, 1
68, 72, 1
68, 76, 1
68, 81, 1
68, 123, 1
68, 100, 1
68, 102, 1
68, 79, 1
68, 83, 1
68, 94, 1
68, 59, 1
68, 118, 1
68, 104, 1
68, 115, 1
68, 82, 1
68, 63, 1
68, 103, 1
68, 89, 1
68, 69, 1
68, 96, 1
68, 78, 1
68, 127, 1
68, 107, 1
68, 106, 1
68, 62, 1
68, 112, 1
68, 111, 1
105, 126, 1
105, 92, 1
105, 128, 1
105, 88, 1
105, 109, 1
105, 120, 1
105, 98, 1
105, 74, 1
105, 65, 1
105, 95, 1
105, 121, 1
105, 71, 1
105, 66, 1
105, 87, 1
105, 101, 1
105, 75, 1
105, 61, 1
105, 67, 1
105, 72, 1
105, 76, 1
105, 81, 1
105, 123, 1
105, 100, 1
105, 102, 1
105, 79, 1
105, 83, 1
105, 94, 1
105, 59, 1
105, 118, 1
105, 104, 1
105, 115, 1
105, 82, 1
105, 63, 1
105, 103, 1
105, 89, 1
105, 69, 1
105, 96, 1
105, 78, 1
105, 127, 1
105, 107, 1
105, 106, 1
105, 62, 1
105, 112, 1
105, 111, 1
105, 68, 1
91, 126, 1
91, 92, 1
91, 128, 1
91, 88, 1
91, 109, 1
91, 120, 1
91, 98, 1
91, 74, 1
91, 65, 1
91, 95, 1
91, 121, 1
91, 71, 1
91, 66, 1
91, 87, 1
91, 101, 1
91, 75, 1
91, 61, 1
91, 67, 1
91, 72, 1
91, 76, 1
91, 81, 1
91, 123, 1
91, 100, 1
91, 102, 1
91, 79, 1
91, 83, 1
91, 94, 1
91, 59, 1
91, 118, 1
91, 104, 1
91, 115, 1
91, 82, 1
91, 63, 1
91, 103, 1
91, 89, 1
91, 69, 1
91, 96, 1
91, 78, 1
91, 127, 1
91, 107, 1
91, 106, 1
91, 62, 1
91, 112, 1
91, 111, 1
91, 68, 1
91, 105, 1
170, 167, 1
170, 139, 1
170, 138, 1
170, 165, 1
170, 151, 1
170, 137, 1
170, 142, 1
170, 132, 1
170, 160, 1
170, 152, 1
114, 126, 1
114, 92, 1
114, 128, 1
114, 88, 1
114, 109, 1
114, 120, 1
114, 98, 1
114, 74, 1
114, 65, 1
114, 95, 1
114, 121, 1
114, 71, 1
114, 66, 1
114, 87, 1
114, 101, 1
114, 75, 1
114, 61, 1
114, 67, 1
114, 72, 1
114, 76, 1
114, 81, 1
114, 123, 1
114, 100, 1
114, 102, 1
114, 79, 1
114, 83, 1
114, 94, 1
114, 59, 1
114, 118, 1
114, 104, 1
114, 115, 1
114, 82, 1
114, 63, 1
114, 103, 1
114, 89, 1
114, 69, 1
114, 96, 1
114, 78, 1
114, 127, 1
114, 107, 1
114, 106, 1
114, 62, 1
114, 112, 1
114, 111, 1
114, 68, 1
114, 105, 1
114, 91, 1
77, 126, 1
77, 92, 1
77, 128, 1
77, 88, 1
77, 109, 1
77, 120, 1
77, 98, 1
77, 74, 1
77, 65, 1
77, 95, 1
77, 121, 1
77, 71, 1
77, 66, 1
77, 87, 1
77, 101, 1
77, 75, 1
77, 61, 1
77, 67, 1
77, 72, 1
77, 76, 1
77, 81, 1
77, 123, 1
77, 100, 1
77, 102, 1
77, 79, 1
77, 83, 1
77, 94, 1
77, 59, 1
77, 118, 1
77, 104, 1
77, 115, 1
77, 82, 1
77, 63, 1
77, 103, 1
77, 89, 1
77, 69, 1
77, 96, 1
77, 78, 1
77, 127, 1
77, 107, 1
77, 106, 1
77, 62, 1
77, 112, 1
77, 111, 1
77, 68, 1
77, 105, 1
77, 91, 1
77, 114, 1
125, 126, 1
125, 92, 1
125, 128, 1
125, 88, 1
125, 109, 1
125, 120, 1
125, 98, 1
125, 74, 1
125, 65, 1
125, 95, 1
125, 121, 1
125, 71, 1
125, 66, 1
125, 87, 1
125, 101, 1
125, 75, 1
125, 61, 1
125, 67, 1
125, 72, 1
125, 76, 1
125, 81, 1
125, 123, 1
125, 100, 1
125, 102, 1
125, 79, 1
125, 83, 1
125, 94, 1
125, 59, 1
125, 118, 1
125, 104, 1
125, 115, 1
125, 82, 1
125, 63, 1
125, 103, 1
125, 89, 1
125, 69, 1
125, 96, 1
125, 78, 1
125, 127, 1
125, 107, 1
125, 106, 1
125, 62, 1
125, 112, 1
125, 111, 1
125, 68, 1
125, 105, 1
125, 91, 1
125, 114, 1
125, 77, 1
99, 126, 1
99, 92, 1
99, 128, 1
99, 88, 1
99, 109, 1
99, 120, 1
99, 98, 1
99, 74, 1
99, 65, 1
99, 95, 1
99, 121, 1
99, 71, 1
99, 66, 1
99, 87, 1
99, 101, 1
99, 75, 1
99, 61, 1
99, 67, 1
99, 72, 1
99, 76, 1
99, 81, 1
99, 123, 1
99, 100, 1
99, 102, 1
99, 79, 1
99, 83, 1
99, 94, 1
99, 59, 1
99, 118, 1
99, 104, 1
99, 115, 1
99, 82, 1
99, 63, 1
99, 103, 1
99, 89, 1
99, 69, 1
99, 96, 1
99, 78, 1
99, 127, 1
99, 107, 1
99, 106, 1
99, 62, 1
99, 112, 1
99, 111, 1
99, 68, 1
99, 105, 1
99, 91, 1
99, 114, 1
99, 77, 1
99, 125, 1
64, 126, 1
64, 92, 1
64, 128, 1
64, 88, 1
64, 109, 1
64, 120, 1
64, 98, 1
64, 74, 1
64, 65, 1
64, 95, 1
64, 121, 1
64, 71, 1
64, 66, 1
64, 87, 1
64, 101, 1
64, 75, 1
64, 61, 1
64, 67, 1
64, 72, 1
64, 76, 1
64, 81, 1
64, 123, 1
64, 100, 1
64, 102, 1
64, 79, 1
64, 83, 1
64, 94, 1
64, 59, 1
64, 118, 1
64, 104, 1
64, 115, 1
64, 82, 1
64, 63, 1
64, 103, 1
64, 89, 1
64, 69, 1
64, 96, 1
64, 78, 1
64, 127, 1
64, 107, 1
64, 106, 1
64, 62, 1
64, 112, 1
64, 111, 1
64, 68, 1
64, 105, 1
64, 91, 1
64, 114, 1
64, 77, 1
64, 125, 1
64, 99, 1
68, 56, -1
68, 21, -1
68, 25, -1
68, 24, -1
68, 44, -1
68, 167, -1
68, 139, -1
68, 138, -1
68, 165, -1
68, 151, -1
68, 137, -1
68, 142, -1
68, 132, -1
68, 160, -1
68, 152, -1
105, 56, -1
105, 21, -1
105, 25, -1
105, 24, -1
105, 44, -1
105, 167, -1
105, 139, -1
105, 138, -1
105, 165, -1
105, 151, -1
105, 137, -1
105, 142, -1
105, 132, -1
105, 160, -1
105, 152, -1
91, 56, -1
91, 21, -1
91, 25, -1
91, 24, -1
91, 44, -1
91, 167, -1
91, 139, -1
91, 138, -1
91, 165, -1
91, 151, -1
91, 137, -1
91, 142, -1
91, 132, -1
91, 160, -1
91, 152, -1
170, 126, -1
170, 92, -1
170, 128, -1
170, 88, -1
170, 109, -1
170, 120, -1
170, 98, -1
170, 74, -1
170, 65, -1
170, 95, -1
170, 121, -1
170, 71, -1
170, 66, -1
170, 87, -1
170, 101, -1
170, 75, -1
170, 61, -1
170, 67, -1
170, 72, -1
170, 76, -1
170, 81, -1
170, 123, -1
170, 100, -1
170, 102, -1
170, 79, -1
170, 83, -1
170, 94, -1
170, 59, -1
170, 118, -1
170, 104, -1
170, 115, -1
170, 82, -1
170, 63, -1
170, 103, -1
170, 89, -1
170, 69, -1
170, 96, -1
170, 78, -1
170, 127, -1
170, 107, -1
170, 106, -1
170, 62, -1
170, 112, -1
170, 111, -1
170, 68, -1
170, 105, -1
170, 91, -1
170, 56, -1
170, 21, -1
170, 25, -1
170, 24, -1
170, 44, -1
114, 56, -1
114, 21, -1
114, 25, -1
114, 24, -1
114, 44, -1
114, 167, -1
114, 139, -1
114, 138, -1
114, 165, -1
114, 151, -1
114, 137, -1
114, 142, -1
114, 132, -1
114, 160, -1
114, 152, -1
114, 170, -1
77, 56, -1
77, 21, -1
77, 25, -1
77, 24, -1
77, 44, -1
77, 167, -1
77, 139, -1
77, 138, -1
77, 165, -1
77, 151, -1
77, 137, -1
77, 142, -1
77, 132, -1
77, 160, -1
77, 152, -1
77, 170, -1
125, 56, -1
125, 21, -1
125, 25, -1
125, 24, -1
125, 44, -1
125, 167, -1
125, 139, -1
125, 138, -1
125, 165, -1
125, 151, -1
125, 137, -1
125, 142, -1
125, 132, -1
125, 160, -1
125, 152, -1
125, 170, -1
99, 56, -1
99, 21, -1
99, 25, -1
99, 24, -1
99, 44, -1
99, 167, -1
99, 139, -1
99, 138, -1
99, 165, -1
99, 151, -1
99, 137, -1
99, 142, -1
99, 132, -1
99, 160, -1
99, 152, -1
99, 170, -1
64, 56, -1
64, 21, -1
64, 25, -1
64, 24, -1
64, 44, -1
64, 167, -1
64, 139, -1
64, 138, -1
64, 165, -1
64, 151, -1
64, 137, -1
64, 142, -1
64, 132, -1
64, 160, -1
64, 152, -1
64, 170, -1

43, 56, 1
43, 21, 1
43, 25, 1
43, 24, 1
43, 44, 1
149, 167, 1
149, 139, 1
149, 138, 1
149, 165, 1
149, 151, 1
149, 137, 1
149, 142, 1
149, 132, 1
149, 160, 1
149, 152, 1
149, 170, 1
60, 126, 1
60, 92, 1
60, 128, 1
60, 88, 1
60, 109, 1
60, 120, 1
60, 98, 1
60, 74, 1
60, 65, 1
60, 95, 1
60, 121, 1
60, 71, 1
60, 66, 1
60, 87, 1
60, 101, 1
60, 75, 1
60, 61, 1
60, 67, 1
60, 72, 1
60, 76, 1
60, 81, 1
60, 123, 1
60, 100, 1
60, 102, 1
60, 79, 1
60, 83, 1
60, 94, 1
60, 59, 1
60, 118, 1
60, 104, 1
60, 115, 1
60, 82, 1
60, 63, 1
60, 103, 1
60, 89, 1
60, 69, 1
60, 96, 1
60, 78, 1
60, 127, 1
60, 107, 1
60, 106, 1
60, 62, 1
60, 112, 1
60, 111, 1
60, 68, 1
60, 105, 1
60, 91, 1
60, 114, 1
60, 77, 1
60, 125, 1
60, 99, 1
60, 64, 1
129, 126, 1
129, 92, 1
129, 128, 1
129, 88, 1
129, 109, 1
129, 120, 1
129, 98, 1
129, 74, 1
129, 65, 1
129, 95, 1
129, 121, 1
129, 71, 1
129, 66, 1
129, 87, 1
129, 101, 1
129, 75, 1
129, 61, 1
129, 67, 1
129, 72, 1
129, 76, 1
129, 81, 1
129, 123, 1
129, 100, 1
129, 102, 1
129, 79, 1
129, 83, 1
129, 94, 1
129, 59, 1
129, 118, 1
129, 104, 1
129, 115, 1
129, 82, 1
129, 63, 1
129, 103, 1
129, 89, 1
129, 69, 1
129, 96, 1
129, 78, 1
129, 127, 1
129, 107, 1
129, 106, 1
129, 62, 1
129, 112, 1
129, 111, 1
129, 68, 1
129, 105, 1
129, 91, 1
129, 114, 1
129, 77, 1
129, 125, 1
129, 99, 1
129, 64, 1
129, 60, 1
143, 167, 1
143, 139, 1
143, 138, 1
143, 165, 1
143, 151, 1
143, 137, 1
143, 142, 1
143, 132, 1
143, 160, 1
143, 152, 1
143, 170, 1
143, 149, 1
122, 126, 1
122, 92, 1
122, 128, 1
122, 88, 1
122, 109, 1
122, 120, 1
122, 98, 1
122, 74, 1
122, 65, 1
122, 95, 1
122, 121, 1
122, 71, 1
122, 66, 1
122, 87, 1
122, 101, 1
122, 75, 1
122, 61, 1
122, 67, 1
122, 72, 1
122, 76, 1
122, 81, 1
122, 123, 1
122, 100, 1
122, 102, 1
122, 79, 1
122, 83, 1
122, 94, 1
122, 59, 1
122, 118, 1
122, 104, 1
122, 115, 1
122, 82, 1
122, 63, 1
122, 103, 1
122, 89, 1
122, 69, 1
122, 96, 1
122, 78, 1
122, 127, 1
122, 107, 1
122, 106, 1
122, 62, 1
122, 112, 1
122, 111, 1
122, 68, 1
122, 105, 1
122, 91, 1
122, 114, 1
122, 77, 1
122, 125, 1
122, 99, 1
122, 64, 1
122, 60, 1
122, 129, 1
124, 126, 1
124, 92, 1
124, 128, 1
124, 88, 1
124, 109, 1
124, 120, 1
124, 98, 1
124, 74, 1
124, 65, 1
124, 95, 1
124, 121, 1
124, 71, 1
124, 66, 1
124, 87, 1
124, 101, 1
124, 75, 1
124, 61, 1
124, 67, 1
124, 72, 1
124, 76, 1
124, 81, 1
124, 123, 1
124, 100, 1
124, 102, 1
124, 79, 1
124, 83, 1
124, 94, 1
124, 59, 1
124, 118, 1
124, 104, 1
124, 115, 1
124, 82, 1
124, 63, 1
124, 103, 1
124, 89, 1
124, 69, 1
124, 96, 1
124, 78, 1
124, 127, 1
124, 107, 1
124, 106, 1
124, 62, 1
124, 112, 1
124, 111, 1
124, 68, 1
124, 105, 1
124, 91, 1
124, 114, 1
124, 77, 1
124, 125, 1
124, 99, 1
124, 64, 1
124, 60, 1
124, 129, 1
124, 122, 1
150, 167, 1
150, 139, 1
150, 138, 1
150, 165, 1
150, 151, 1
150, 137, 1
150, 142, 1
150, 132, 1
150, 160, 1
150, 152, 1
150, 170, 1
150, 149, 1
150, 143, 1
85, 126, 1
85, 92, 1
85, 128, 1
85, 88, 1
85, 109, 1
85, 120, 1
85, 98, 1
85, 74, 1
85, 65, 1
85, 95, 1
85, 121, 1
85, 71, 1
85, 66, 1
85, 87, 1
85, 101, 1
85, 75, 1
85, 61, 1
85, 67, 1
85, 72, 1
85, 76, 1
85, 81, 1
85, 123, 1
85, 100, 1
85, 102, 1
85, 79, 1
85, 83, 1
85, 94, 1
85, 59, 1
85, 118, 1
85, 104, 1
85, 115, 1
85, 82, 1
85, 63, 1
85, 103, 1
85, 89, 1
85, 69, 1
85, 96, 1
85, 78, 1
85, 127, 1
85, 107, 1
85, 106, 1
85, 62, 1
85, 112, 1
85, 111, 1
85, 68, 1
85, 105, 1
85, 91, 1
85, 114, 1
85, 77, 1
85, 125, 1
85, 99, 1
85, 64, 1
85, 60, 1
85, 129, 1
85, 122, 1
85, 124, 1
158, 167, 1
158, 139, 1
158, 138, 1
158, 165, 1
158, 151, 1
158, 137, 1
158, 142, 1
158, 132, 1
158, 160, 1
158, 152, 1
158, 170, 1
158, 149, 1
158, 143, 1
158, 150, 1
43, 126, -1
43, 92, -1
43, 128, -1
43, 88, -1
43, 109, -1
43, 120, -1
43, 98, -1
43, 74, -1
43, 65, -1
43, 95, -1
43, 121, -1
43, 71, -1
43, 66, -1
43, 87, -1
43, 101, -1
43, 75, -1
43, 61, -1
43, 67, -1
43, 72, -1
43, 76, -1
43, 81, -1
43, 123, -1
43, 100, -1
43, 102, -1
43, 79, -1
43, 83, -1
43, 94, -1
43, 59, -1
43, 118, -1
43, 104, -1
43, 115, -1
43, 82, -1
43, 63, -1
43, 103, -1
43, 89, -1
43, 69, -1
43, 96, -1
43, 78, -1
43, 127, -1
43, 107, -1
43, 106, -1
43, 62, -1
43, 112, -1
43, 111, -1
43, 68, -1
43, 105, -1
43, 91, -1
43, 114, -1
43, 77, -1
43, 125, -1
43, 99, -1
43, 64, -1
43, 167, -1
43, 139, -1
43, 138, -1
43, 165, -1
43, 151, -1
43, 137, -1
43, 142, -1
43, 132, -1
43, 160, -1
43, 152, -1
43, 170, -1
149, 126, -1
149, 92, -1
149, 128, -1
149, 88, -1
149, 109, -1
149, 120, -1
149, 98, -1
149, 74, -1
149, 65, -1
149, 95, -1
149, 121, -1
149, 71, -1
149, 66, -1
149, 87, -1
149, 101, -1
149, 75, -1
149, 61, -1
149, 67, -1
149, 72, -1
149, 76, -1
149, 81, -1
149, 123, -1
149, 100, -1
149, 102, -1
149, 79, -1
149, 83, -1
149, 94, -1
149, 59, -1
149, 118, -1
149, 104, -1
149, 115, -1
149, 82, -1
149, 63, -1
149, 103, -1
149, 89, -1
149, 69, -1
149, 96, -1
149, 78, -1
149, 127, -1
149, 107, -1
149, 106, -1
149, 62, -1
149, 112, -1
149, 111, -1
149, 68, -1
149, 105, -1
149, 91, -1
149, 114, -1
149, 77, -1
149, 125, -1
149, 99, -1
149, 64, -1
149, 56, -1
149, 21, -1
149, 25, -1
149, 24, -1
149, 44, -1
149, 43, -1
60, 56, -1
60, 21, -1
60, 25, -1
60, 24, -1
60, 44, -1
60, 43, -1
60, 167, -1
60, 139, -1
60, 138, -1
60, 165, -1
60, 151, -1
60, 137, -1
60, 142, -1
60, 132, -1
60, 160, -1
60, 152, -1
60, 170, -1
60, 149, -1
129, 56, -1
129, 21, -1
129, 25, -1
129, 24, -1
129, 44, -1
129, 43, -1
129, 167, -1
129, 139, -1
129, 138, -1
129, 165, -1
129, 151, -1
129, 137, -1
129, 142, -1
129, 132, -1
129, 160, -1
129, 152, -1
129, 170, -1
129, 149, -1
143, 126, -1
143, 92, -1
143, 128, -1
143, 88, -1
143, 109, -1
143, 120, -1
143, 98, -1
143, 74, -1
143, 65, -1
143, 95, -1
143, 121, -1
143, 71, -1
143, 66, -1
143, 87, -1
143, 101, -1
143, 75, -1
143, 61, -1
143, 67, -1
143, 72, -1
143, 76, -1
143, 81, -1
143, 123, -1
143, 100, -1
143, 102, -1
143, 79, -1
143, 83, -1
143, 94, -1
143, 59, -1
143, 118, -1
143, 104, -1
143, 115, -1
143, 82, -1
143, 63, -1
143, 103, -1
143, 89, -1
143, 69, -1
143, 96, -1
143, 78, -1
143, 127, -1
143, 107, -1
143, 106, -1
143, 62, -1
143, 112, -1
143, 111, -1
143, 68, -1
143, 105, -1
143, 91, -1
143, 114, -1
143, 77, -1
143, 125, -1
143, 99, -1
143, 64, -1
143, 60, -1
143, 129, -1
143, 56, -1
143, 21, -1
143, 25, -1
143, 24, -1
143, 44, -1
143, 43, -1
122, 56, -1
122, 21, -1
122, 25, -1
122, 24, -1
122, 44, -1
122, 43, -1
122, 167, -1
122, 139, -1
122, 138, -1
122, 165, -1
122, 151, -1
122, 137, -1
122, 142, -1
122, 132, -1
122, 160, -1
122, 152, -1
122, 170, -1
122, 149, -1
122, 143, -1
124, 56, -1
124, 21, -1
124, 25, -1
124, 24, -1
124, 44, -1
124, 43, -1
124, 167, -1
124, 139, -1
124, 138, -1
124, 165, -1
124, 151, -1
124, 137, -1
124, 142, -1
124, 132, -1
124, 160, -1
124, 152, -1
124, 170, -1
124, 149, -1
124, 143, -1
150, 126, -1
150, 92, -1
150, 128, -1
150, 88, -1
150, 109, -1
150, 120, -1
150, 98, -1
150, 74, -1
150, 65, -1
150, 95, -1
150, 121, -1
150, 71, -1
150, 66, -1
150, 87, -1
150, 101, -1
150, 75, -1
150, 61, -1
150, 67, -1
150, 72, -1
150, 76, -1
150, 81, -1
150, 123, -1
150, 100, -1
150, 102, -1
150, 79, -1
150, 83, -1
150, 94, -1
150, 59, -1
150, 118, -1
150, 104, -1
150, 115, -1
150, 82, -1
150, 63, -1
150, 103, -1
150, 89, -1
150, 69, -1
150, 96, -1
150, 78, -1
150, 127, -1
150, 107, -1
150, 106, -1
150, 62, -1
150, 112, -1
150, 111, -1
150, 68, -1
150, 105, -1
150, 91, -1
150, 114, -1
150, 77, -1
150, 125, -1
150, 99, -1
150, 64, -1
150, 60, -1
150, 129, -1
150, 122, -1
150, 124, -1
150, 56, -1
150, 21, -1
150, 25, -1
150, 24, -1
150, 44, -1
150, 43, -1
85, 56, -1
85, 21, -1
85, 25, -1
85, 24, -1
85, 44, -1
85, 43, -1
85, 167, -1
85, 139, -1
85, 138, -1
85, 165, -1
85, 151, -1
85, 137, -1
85, 142, -1
85, 132, -1
85, 160, -1
85, 152, -1
85, 170, -1
85, 149, -1
85, 143, -1
85, 150, -1
158, 126, -1
158, 92, -1
158, 128, -1
158, 88, -1
158, 109, -1
158, 120, -1
158, 98, -1
158, 74, -1
158, 65, -1
158, 95, -1
158, 121, -1
158, 71, -1
158, 66, -1
158, 87, -1
158, 101, -1
158, 75, -1
158, 61, -1
158, 67, -1
158, 72, -1
158, 76, -1
158, 81, -1
158, 123, -1
158, 100, -1
158, 102, -1
158, 79, -1
158, 83, -1
158, 94, -1
158, 59, -1
158, 118, -1
158, 104, -1
158, 115, -1
158, 82, -1
158, 63, -1
158, 103, -1
158, 89, -1
158, 69, -1
158, 96, -1
158, 78, -1
158, 127, -1
158, 107, -1
158, 106, -1
158, 62, -1
158, 112, -1
158, 111, -1
158, 68, -1
158, 105, -1
158, 91, -1
158, 114, -1
158, 77, -1
158, 125, -1
158, 99, -1
158, 64, -1
158, 60, -1
158, 129, -1
158, 122, -1
158, 124, -1
158, 85, -1
158, 56, -1
158, 21, -1
158, 25, -1
158, 24, -1
158, 44, -1
158, 43, -1

