146, 126, 1
110, 126, 1
110, 146, 1
77, 92, 1
114, 126, 1
114, 146, 1
114, 110, 1
136, 126, 1
136, 146, 1
136, 110, 1
136, 114, 1
130, 126, 1
130, 146, 1
130, 110, 1
130, 114, 1
130, 136, 1
107, 126, 1
107, 146, 1
107, 110, 1
107, 114, 1
107, 136, 1
107, 130, 1
141, 126, 1
141, 146, 1
141, 110, 1
141, 114, 1
141, 136, 1
141, 130, 1
141, 107, 1
92, 126, -1
146, 92, -1
110, 92, -1
77, 126, -1
77, 146, -1
77, 110, -1
114, 92, -1
114, 77, -1
136, 92, -1
136, 77, -1
130, 92, -1
130, 77, -1
107, 92, -1
107, 77, -1
141, 92, -1
141, 77, -1

147, 126, 1
147, 146, 1
147, 110, 1
147, 114, 1
147, 136, 1
147, 130, 1
147, 107, 1
147, 141, 1
147, 147, 1
101, 126, 1
101, 146, 1
101, 110, 1
101, 114, 1
101, 136, 1
101, 130, 1
101, 107, 1
101, 141, 1
101, 147, 1
101, 147, 1
0, 126, -1
0, 146, -1
0, 110, -1
0, 114, -1
0, 136, -1
0, 130, -1
0, 107, -1
0, 141, -1
0, 147, -1
0, 92, -1
0, 77, -1
147, 92, -1
147, 77, -1
147, 0, -1
101, 92, -1
101, 77, -1
101, 0, -1

113, 126, 1
113, 146, 1
113, 110, 1
113, 114, 1
113, 136, 1
113, 130, 1
113, 107, 1
113, 141, 1
113, 147, 1
113, 147, 1
113, 101, 1
113, 111, 1
112, 126, 1
112, 146, 1
112, 110, 1
112, 114, 1
112, 136, 1
112, 130, 1
112, 107, 1
112, 141, 1
112, 147, 1
112, 147, 1
112, 101, 1
112, 111, 1
112, 113, 1
52, 92, 1
52, 77, 1
113, 92, -1
113, 77, -1
113, 0, -1
112, 92, -1
112, 77, -1
112, 0, -1
52, 126, -1
52, 146, -1
52, 110, -1
52, 114, -1
52, 136, -1
52, 130, -1
52, 107, -1
52, 141, -1
52, 147, -1
52, 147, -1
52, 101, -1
52, 111, -1
52, 113, -1
52, 112, -1
52, 0, -1

149, 126, 1
149, 146, 1
149, 110, 1
149, 114, 1
149, 136, 1
149, 130, 1
149, 107, 1
149, 141, 1
149, 147, 1
149, 147, 1
149, 101, 1
149, 111, 1
149, 113, 1
149, 112, 1
129, 126, 1
129, 146, 1
129, 110, 1
129, 114, 1
129, 136, 1
129, 130, 1
129, 107, 1
129, 141, 1
129, 147, 1
129, 147, 1
129, 101, 1
129, 111, 1
129, 113, 1
129, 112, 1
129, 149, 1
149, 92, -1
149, 77, -1
149, 52, -1
149, 0, -1
129, 92, -1
129, 77, -1
129, 52, -1
129, 0, -1

33, 0, 1
106, 126, 1
106, 146, 1
106, 110, 1
106, 114, 1
106, 136, 1
106, 130, 1
106, 107, 1
106, 141, 1
106, 147, 1
106, 147, 1
106, 101, 1
106, 111, 1
106, 113, 1
106, 112, 1
106, 149, 1
106, 129, 1
106, 139, 1
116, 126, 1
116, 146, 1
116, 110, 1
116, 114, 1
116, 136, 1
116, 130, 1
116, 107, 1
116, 141, 1
116, 147, 1
116, 147, 1
116, 101, 1
116, 111, 1
116, 113, 1
116, 112, 1
116, 149, 1
116, 129, 1
116, 139, 1
116, 106, 1
33, 126, -1
33, 146, -1
33, 110, -1
33, 114, -1
33, 136, -1
33, 130, -1
33, 107, -1
33, 141, -1
33, 147, -1
33, 147, -1
33, 101, -1
33, 111, -1
33, 113, -1
33, 112, -1
33, 149, -1
33, 129, -1
33, 139, -1
33, 92, -1
33, 77, -1
33, 52, -1
106, 92, -1
106, 77, -1
106, 52, -1
106, 0, -1
106, 33, -1
116, 92, -1
116, 77, -1
116, 52, -1
116, 0, -1
116, 33, -1

1, 0, 1
1, 33, 1
85, 92, 1
85, 77, 1
85, 52, 1
121, 126, 1
121, 146, 1
121, 110, 1
121, 114, 1
121, 136, 1
121, 130, 1
121, 107, 1
121, 141, 1
121, 147, 1
121, 147, 1
121, 101, 1
121, 111, 1
121, 113, 1
121, 112, 1
121, 149, 1
121, 129, 1
121, 139, 1
121, 106, 1
121, 116, 1
1, 126, -1
1, 146, -1
1, 110, -1
1, 114, -1
1, 136, -1
1, 130, -1
1, 107, -1
1, 141, -1
1, 147, -1
1, 147, -1
1, 101, -1
1, 111, -1
1, 113, -1
1, 112, -1
1, 149, -1
1, 129, -1
1, 139, -1
1, 106, -1
1, 116, -1
1, 92, -1
1, 77, -1
1, 52, -1
85, 126, -1
85, 146, -1
85, 110, -1
85, 114, -1
85, 136, -1
85, 130, -1
85, 107, -1
85, 141, -1
85, 147, -1
85, 147, -1
85, 101, -1
85, 111, -1
85, 113, -1
85, 112, -1
85, 149, -1
85, 129, -1
85, 139, -1
85, 106, -1
85, 116, -1
85, 0, -1
85, 33, -1
85, 1, -1
121, 92, -1
121, 77, -1
121, 52, -1
121, 85, -1
121, 0, -1
121, 33, -1
121, 1, -1

142, 126, 1
142, 146, 1
142, 110, 1
142, 114, 1
142, 136, 1
142, 130, 1
142, 107, 1
142, 141, 1
142, 147, 1
142, 147, 1
142, 101, 1
142, 111, 1
142, 113, 1
142, 112, 1
142, 149, 1
142, 129, 1
142, 139, 1
142, 106, 1
142, 116, 1
142, 121, 1
123, 126, 1
123, 146, 1
123, 110, 1
123, 114, 1
123, 136, 1
123, 130, 1
123, 107, 1
123, 141, 1
123, 147, 1
123, 147, 1
123, 101, 1
123, 111, 1
123, 113, 1
123, 112, 1
123, 149, 1
123, 129, 1
123, 139, 1
123, 106, 1
123, 116, 1
123, 121, 1
123, 142, 1
142, 92, -1
142, 77, -1
142, 52, -1
142, 85, -1
142, 0, -1
142, 33, -1
142, 1, -1
123, 92, -1
123, 77, -1
123, 52, -1
123, 85, -1
123, 0, -1
123, 33, -1
123, 1, -1

127, 126, 1
127, 146, 1
127, 110, 1
127, 114, 1
127, 136, 1
127, 130, 1
127, 107, 1
127, 141, 1
127, 147, 1
127, 147, 1
127, 101, 1
127, 111, 1
127, 113, 1
127, 112, 1
127, 149, 1
127, 129, 1
127, 139, 1
127, 106, 1
127, 116, 1
127, 121, 1
127, 142, 1
127, 123, 1
127, 92, -1
127, 77, -1
127, 52, -1
127, 85, -1
127, 0, -1
127, 33, -1
127, 1, -1

70, 92, 1
70, 77, 1
70, 52, 1
70, 85, 1
134, 126, 1
134, 146, 1
134, 110, 1
134, 114, 1
134, 136, 1
134, 130, 1
134, 107, 1
134, 141, 1
134, 147, 1
134, 147, 1
134, 101, 1
134, 111, 1
134, 113, 1
134, 112, 1
134, 149, 1
134, 129, 1
134, 139, 1
134, 106, 1
134, 116, 1
134, 121, 1
134, 142, 1
134, 123, 1
134, 127, 1
70, 126, -1
70, 146, -1
70, 110, -1
70, 114, -1
70, 136, -1
70, 130, -1
70, 107, -1
70, 141, -1
70, 147, -1
70, 147, -1
70, 101, -1
70, 111, -1
70, 113, -1
70, 112, -1
70, 149, -1
70, 129, -1
70, 139, -1
70, 106, -1
70, 116, -1
70, 121, -1
70, 142, -1
70, 123, -1
70, 127, -1
70, 0, -1
70, 33, -1
70, 1, -1
134, 92, -1
134, 77, -1
134, 52, -1
134, 85, -1
134, 70, -1
134, 0, -1
134, 33, -1
134, 1, -1

18, 0, 1
18, 33, 1
18, 1, 1
59, 92, 1
59, 77, 1
59, 52, 1
59, 85, 1
59, 70, 1
138, 126, 1
138, 146, 1
138, 110, 1
138, 114, 1
138, 136, 1
138, 130, 1
138, 107, 1
138, 141, 1
138, 147, 1
138, 147, 1
138, 101, 1
138, 111, 1
138, 113, 1
138, 112, 1
138, 149, 1
138, 129, 1
138, 139, 1
138, 106, 1
138, 116, 1
138, 121, 1
138, 142, 1
138, 123, 1
138, 127, 1
138, 134, 1
18, 126, -1
18, 146, -1
18, 110, -1
18, 114, -1
18, 136, -1
18, 130, -1
18, 107, -1
18, 141, -1
18, 147, -1
18, 147, -1
18, 101, -1
18, 111, -1
18, 113, -1
18, 112, -1
18, 149, -1
18, 129, -1
18, 139, -1
18, 106, -1
18, 116, -1
18, 121, -1
18, 142, -1
18, 123, -1
18, 127, -1
18, 134, -1
18, 92, -1
18, 77, -1
18, 52, -1
18, 85, -1
18, 70, -1
59, 126, -1
59, 146, -1
59, 110, -1
59, 114, -1
59, 136, -1
59, 130, -1
59, 107, -1
59, 141, -1
59, 147, -1
59, 147, -1
59, 101, -1
59, 111, -1
59, 113, -1
59, 112, -1
59, 149, -1
59, 129, -1
59, 139, -1
59, 106, -1
59, 116, -1
59, 121, -1
59, 142, -1
59, 123, -1
59, 127, -1
59, 134, -1
59, 0, -1
59, 33, -1
59, 1, -1
59, 18, -1
138, 92, -1
138, 77, -1
138, 52, -1
138, 85, -1
138, 70, -1
138, 59, -1
138, 0, -1
138, 33, -1
138, 1, -1
138, 18, -1

