146, 126, 1
141, 126, 1
141, 146, 1
77, 92, 1
114, 126, 1
114, 146, 1
114, 141, 1
113, 126, 1
113, 146, 1
113, 141, 1
113, 114, 1
101, 126, 1
101, 146, 1
101, 141, 1
101, 114, 1
101, 113, 1
142, 126, 1
142, 146, 1
142, 141, 1
142, 114, 1
142, 113, 1
142, 101, 1
100, 126, 1
100, 146, 1
100, 141, 1
100, 114, 1
100, 113, 1
100, 101, 1
100, 142, 1
92, 126, -1
146, 92, -1
141, 92, -1
77, 126, -1
77, 146, -1
77, 141, -1
114, 92, -1
114, 77, -1
113, 92, -1
113, 77, -1
101, 92, -1
101, 77, -1
142, 92, -1
142, 77, -1
100, 92, -1
100, 77, -1

56, 92, 1
56, 77, 1
121, 126, 1
121, 146, 1
121, 141, 1
121, 114, 1
121, 113, 1
121, 101, 1
121, 142, 1
121, 100, 1
149, 126, 1
149, 146, 1
149, 141, 1
149, 114, 1
149, 113, 1
149, 101, 1
149, 142, 1
149, 100, 1
149, 121, 1
138, 126, 1
138, 146, 1
138, 141, 1
138, 114, 1
138, 113, 1
138, 101, 1
138, 142, 1
138, 100, 1
138, 121, 1
138, 149, 1
127, 126, 1
127, 146, 1
127, 141, 1
127, 114, 1
127, 113, 1
127, 101, 1
127, 142, 1
127, 100, 1
127, 121, 1
127, 149, 1
127, 138, 1
123, 126, 1
123, 146, 1
123, 141, 1
123, 114, 1
123, 113, 1
123, 101, 1
123, 142, 1
123, 100, 1
123, 121, 1
123, 149, 1
123, 138, 1
123, 127, 1
106, 126, 1
106, 146, 1
106, 141, 1
106, 114, 1
106, 113, 1
106, 101, 1
106, 142, 1
106, 100, 1
106, 121, 1
106, 149, 1
106, 138, 1
106, 127, 1
106, 123, 1
119, 126, 1
119, 146, 1
119, 141, 1
119, 114, 1
119, 113, 1
119, 101, 1
119, 142, 1
119, 100, 1
119, 121, 1
119, 149, 1
119, 138, 1
119, 127, 1
119, 123, 1
119, 106, 1
56, 126, -1
56, 146, -1
56, 141, -1
56, 114, -1
56, 113, -1
56, 101, -1
56, 142, -1
56, 100, -1
121, 92, -1
121, 77, -1
121, 56, -1
149, 92, -1
149, 77, -1
149, 56, -1
138, 92, -1
138, 77, -1
138, 56, -1
127, 92, -1
127, 77, -1
127, 56, -1
123, 92, -1
123, 77, -1
123, 56, -1
106, 92, -1
106, 77, -1
106, 56, -1
119, 92, -1
119, 77, -1
119, 56, -1

59, 92, 1
59, 77, 1
59, 56, 1
103, 126, 1
103, 146, 1
103, 141, 1
103, 114, 1
103, 113, 1
103, 101, 1
103, 142, 1
103, 100, 1
103, 121, 1
103, 149, 1
103, 138, 1
103, 127, 1
103, 123, 1
103, 106, 1
103, 119, 1
83, 92, 1
83, 77, 1
83, 56, 1
83, 59, 1
129, 126, 1
129, 146, 1
129, 141, 1
129, 114, 1
129, 113, 1
129, 101, 1
129, 142, 1
129, 100, 1
129, 121, 1
129, 149, 1
129, 138, 1
129, 127, 1
129, 123, 1
129, 106, 1
129, 119, 1
129, 103, 1
70, 92, 1
70, 77, 1
70, 56, 1
70, 59, 1
70, 83, 1
68, 92, 1
68, 77, 1
68, 56, 1
68, 59, 1
68, 83, 1
68, 70, 1
59, 126, -1
59, 146, -1
59, 141, -1
59, 114, -1
59, 113, -1
59, 101, -1
59, 142, -1
59, 100, -1
59, 121, -1
59, 149, -1
59, 138, -1
59, 127, -1
59, 123, -1
59, 106, -1
59, 119, -1
103, 92, -1
103, 77, -1
103, 56, -1
103, 59, -1
83, 126, -1
83, 146, -1
83, 141, -1
83, 114, -1
83, 113, -1
83, 101, -1
83, 142, -1
83, 100, -1
83, 121, -1
83, 149, -1
83, 138, -1
83, 127, -1
83, 123, -1
83, 106, -1
83, 119, -1
83, 103, -1
129, 92, -1
129, 77, -1
129, 56, -1
129, 59, -1
129, 83, -1
70, 126, -1
70, 146, -1
70, 141, -1
70, 114, -1
70, 113, -1
70, 101, -1
70, 142, -1
70, 100, -1
70, 121, -1
70, 149, -1
70, 138, -1
70, 127, -1
70, 123, -1
70, 106, -1
70, 119, -1
70, 103, -1
70, 129, -1
68, 126, -1
68, 146, -1
68, 141, -1
68, 114, -1
68, 113, -1
68, 101, -1
68, 142, -1
68, 100, -1
68, 121, -1
68, 149, -1
68, 138, -1
68, 127, -1
68, 123, -1
68, 106, -1
68, 119, -1
68, 103, -1
68, 129, -1

120, 126, 1
120, 146, 1
120, 141, 1
120, 114, 1
120, 113, 1
120, 101, 1
120, 142, 1
120, 100, 1
120, 121, 1
120, 149, 1
120, 138, 1
120, 127, 1
120, 123, 1
120, 106, 1
120, 119, 1
120, 103, 1
120, 129, 1
107, 126, 1
107, 146, 1
107, 141, 1
107, 114, 1
107, 113, 1
107, 101, 1
107, 142, 1
107, 100, 1
107, 121, 1
107, 149, 1
107, 138, 1
107, 127, 1
107, 123, 1
107, 106, 1
107, 119, 1
107, 103, 1
107, 129, 1
107, 120, 1
133, 126, 1
133, 146, 1
133, 141, 1
133, 114, 1
133, 113, 1
133, 101, 1
133, 142, 1
133, 100, 1
133, 121, 1
133, 149, 1
133, 138, 1
133, 127, 1
133, 123, 1
133, 106, 1
133, 119, 1
133, 103, 1
133, 129, 1
133, 120, 1
133, 107, 1
116, 126, 1
116, 146, 1
116, 141, 1
116, 114, 1
116, 113, 1
116, 101, 1
116, 142, 1
116, 100, 1
116, 121, 1
116, 149, 1
116, 138, 1
116, 127, 1
116, 123, 1
116, 106, 1
116, 119, 1
116, 103, 1
116, 129, 1
116, 120, 1
116, 107, 1
116, 133, 1
137, 126, 1
137, 146, 1
137, 141, 1
137, 114, 1
137, 113, 1
137, 101, 1
137, 142, 1
137, 100, 1
137, 121, 1
137, 149, 1
137, 138, 1
137, 127, 1
137, 123, 1
137, 106, 1
137, 119, 1
137, 103, 1
137, 129, 1
137, 120, 1
137, 107, 1
137, 133, 1
137, 116, 1
84, 92, 1
84, 77, 1
84, 56, 1
84, 59, 1
84, 83, 1
84, 70, 1
84, 68, 1
110, 126, 1
110, 146, 1
110, 141, 1
110, 114, 1
110, 113, 1
110, 101, 1
110, 142, 1
110, 100, 1
110, 121, 1
110, 149, 1
110, 138, 1
110, 127, 1
110, 123, 1
110, 106, 1
110, 119, 1
110, 103, 1
110, 129, 1
110, 120, 1
110, 107, 1
110, 133, 1
110, 116, 1
110, 137, 1
120, 92, -1
120, 77, -1
120, 56, -1
120, 59, -1
120, 83, -1
120, 70, -1
120, 68, -1
107, 92, -1
107, 77, -1
107, 56, -1
107, 59, -1
107, 83, -1
107, 70, -1
107, 68, -1
133, 92, -1
133, 77, -1
133, 56, -1
133, 59, -1
133, 83, -1
133, 70, -1
133, 68, -1
116, 92, -1
116, 77, -1
116, 56, -1
116, 59, -1
116, 83, -1
116, 70, -1
116, 68, -1
137, 92, -1
137, 77, -1
137, 56, -1
137, 59, -1
137, 83, -1
137, 70, -1
137, 68, -1
84, 126, -1
84, 146, -1
84, 141, -1
84, 114, -1
84, 113, -1
84, 101, -1
84, 142, -1
84, 100, -1
84, 121, -1
84, 149, -1
84, 138, -1
84, 127, -1
84, 123, -1
84, 106, -1
84, 119, -1
84, 103, -1
84, 129, -1
84, 120, -1
84, 107, -1
84, 133, -1
84, 116, -1
84, 137, -1
110, 92, -1
110, 77, -1
110, 56, -1
110, 59, -1
110, 83, -1
110, 70, -1
110, 68, -1
110, 84, -1
0, 126, -1
0, 146, -1
0, 141, -1
0, 114, -1
0, 113, -1
0, 101, -1
0, 142, -1
0, 100, -1
0, 121, -1
0, 149, -1
0, 138, -1
0, 127, -1
0, 123, -1
0, 106, -1
0, 119, -1
0, 103, -1
0, 129, -1
0, 120, -1
0, 107, -1
0, 133, -1
0, 116, -1
0, 137, -1
0, 110, -1
0, 92, -1
0, 77, -1
0, 56, -1
0, 59, -1
0, 83, -1
0, 70, -1
0, 68, -1
0, 84, -1

134, 126, 1
134, 146, 1
134, 141, 1
134, 114, 1
134, 113, 1
134, 101, 1
134, 142, 1
134, 100, 1
134, 121, 1
134, 149, 1
134, 138, 1
134, 127, 1
134, 123, 1
134, 106, 1
134, 119, 1
134, 103, 1
134, 129, 1
134, 120, 1
134, 107, 1
134, 133, 1
134, 116, 1
134, 137, 1
134, 110, 1
125, 126, 1
125, 146, 1
125, 141, 1
125, 114, 1
125, 113, 1
125, 101, 1
125, 142, 1
125, 100, 1
125, 121, 1
125, 149, 1
125, 138, 1
125, 127, 1
125, 123, 1
125, 106, 1
125, 119, 1
125, 103, 1
125, 129, 1
125, 120, 1
125, 107, 1
125, 133, 1
125, 116, 1
125, 137, 1
125, 110, 1
125, 134, 1
72, 92, 1
72, 77, 1
72, 56, 1
72, 59, 1
72, 83, 1
72, 70, 1
72, 68, 1
72, 84, 1
66, 92, 1
66, 77, 1
66, 56, 1
66, 59, 1
66, 83, 1
66, 70, 1
66, 68, 1
66, 84, 1
66, 72, 1
54, 92, 1
54, 77, 1
54, 56, 1
54, 59, 1
54, 83, 1
54, 70, 1
54, 68, 1
54, 84, 1
54, 72, 1
54, 66, 1
111, 126, 1
111, 146, 1
111, 141, 1
111, 114, 1
111, 113, 1
111, 101, 1
111, 142, 1
111, 100, 1
111, 121, 1
111, 149, 1
111, 138, 1
111, 127, 1
111, 123, 1
111, 106, 1
111, 119, 1
111, 103, 1
111, 129, 1
111, 120, 1
111, 107, 1
111, 133, 1
111, 116, 1
111, 137, 1
111, 110, 1
111, 134, 1
111, 125, 1
78, 92, 1
78, 77, 1
78, 56, 1
78, 59, 1
78, 83, 1
78, 70, 1
78, 68, 1
78, 84, 1
78, 72, 1
78, 66, 1
78, 54, 1
91, 92, 1
91, 77, 1
91, 56, 1
91, 59, 1
91, 83, 1
91, 70, 1
91, 68, 1
91, 84, 1
91, 72, 1
91, 66, 1
91, 54, 1
91, 78, 1
85, 92, 1
85, 77, 1
85, 56, 1
85, 59, 1
85, 83, 1
85, 70, 1
85, 68, 1
85, 84, 1
85, 72, 1
85, 66, 1
85, 54, 1
85, 78, 1
85, 91, 1
61, 92, 1
61, 77, 1
61, 56, 1
61, 59, 1
61, 83, 1
61, 70, 1
61, 68, 1
61, 84, 1
61, 72, 1
61, 66, 1
61, 54, 1
61, 78, 1
61, 91, 1
61, 85, 1
134, 92, -1
134, 77, -1
134, 56, -1
134, 59, -1
134, 83, -1
134, 70, -1
134, 68, -1
134, 84, -1
134, 0, -1
125, 92, -1
125, 77, -1
125, 56, -1
125, 59, -1
125, 83, -1
125, 70, -1
125, 68, -1
125, 84, -1
125, 0, -1
72, 126, -1
72, 146, -1
72, 141, -1
72, 114, -1
72, 113, -1
72, 101, -1
72, 142, -1
72, 100, -1
72, 121, -1
72, 149, -1
72, 138, -1
72, 127, -1
72, 123, -1
72, 106, -1
72, 119, -1
72, 103, -1
72, 129, -1
72, 120, -1
72, 107, -1
72, 133, -1
72, 116, -1
72, 137, -1
72, 110, -1
72, 134, -1
72, 125, -1
72, 0, -1
66, 126, -1
66, 146, -1
66, 141, -1
66, 114, -1
66, 113, -1
66, 101, -1
66, 142, -1
66, 100, -1
66, 121, -1
66, 149, -1
66, 138, -1
66, 127, -1
66, 123, -1
66, 106, -1
66, 119, -1
66, 103, -1
66, 129, -1
66, 120, -1
66, 107, -1
66, 133, -1
66, 116, -1
66, 137, -1
66, 110, -1
66, 134, -1
66, 125, -1
66, 0, -1
54, 126, -1
54, 146, -1
54, 141, -1
54, 114, -1
54, 113, -1
54, 101, -1
54, 142, -1
54, 100, -1
54, 121, -1
54, 149, -1
54, 138, -1
54, 127, -1
54, 123, -1
54, 106, -1
54, 119, -1
54, 103, -1
54, 129, -1
54, 120, -1
54, 107, -1
54, 133, -1
54, 116, -1
54, 137, -1
54, 110, -1
54, 134, -1
54, 125, -1
54, 0, -1
111, 92, -1
111, 77, -1
111, 56, -1
111, 59, -1
111, 83, -1
111, 70, -1
111, 68, -1
111, 84, -1
111, 72, -1
111, 66, -1
111, 54, -1
111, 0, -1
78, 126, -1
78, 146, -1
78, 141, -1
78, 114, -1
78, 113, -1
78, 101, -1
78, 142, -1
78, 100, -1
78, 121, -1
78, 149, -1
78, 138, -1
78, 127, -1
78, 123, -1
78, 106, -1
78, 119, -1
78, 103, -1
78, 129, -1
78, 120, -1
78, 107, -1
78, 133, -1
78, 116, -1
78, 137, -1
78, 110, -1
78, 134, -1
78, 125, -1
78, 111, -1
78, 0, -1
91, 126, -1
91, 146, -1
91, 141, -1
91, 114, -1
91, 113, -1
91, 101, -1
91, 142, -1
91, 100, -1
91, 121, -1
91, 149, -1
91, 138, -1
91, 127, -1
91, 123, -1
91, 106, -1
91, 119, -1
91, 103, -1
91, 129, -1
91, 120, -1
91, 107, -1
91, 133, -1
91, 116, -1
91, 137, -1
91, 110, -1
91, 134, -1
91, 125, -1
91, 111, -1
91, 0, -1
85, 126, -1
85, 146, -1
85, 141, -1
85, 114, -1
85, 113, -1
85, 101, -1
85, 142, -1
85, 100, -1
85, 121, -1
85, 149, -1
85, 138, -1
85, 127, -1
85, 123, -1
85, 106, -1
85, 119, -1
85, 103, -1
85, 129, -1
85, 120, -1
85, 107, -1
85, 133, -1
85, 116, -1
85, 137, -1
85, 110, -1
85, 134, -1
85, 125, -1
85, 111, -1
85, 0, -1
61, 126, -1
61, 146, -1
61, 141, -1
61, 114, -1
61, 113, -1
61, 101, -1
61, 142, -1
61, 100, -1
61, 121, -1
61, 149, -1
61, 138, -1
61, 127, -1
61, 123, -1
61, 106, -1
61, 119, -1
61, 103, -1
61, 129, -1
61, 120, -1
61, 107, -1
61, 133, -1
61, 116, -1
61, 137, -1
61, 110, -1
61, 134, -1
61, 125, -1
61, 111, -1
61, 0, -1

148, 126, 1
148, 146, 1
148, 141, 1
148, 114, 1
148, 113, 1
148, 101, 1
148, 142, 1
148, 100, 1
148, 121, 1
148, 149, 1
148, 138, 1
148, 127, 1
148, 123, 1
148, 106, 1
148, 119, 1
148, 103, 1
148, 129, 1
148, 120, 1
148, 107, 1
148, 133, 1
148, 116, 1
148, 137, 1
148, 110, 1
148, 134, 1
148, 125, 1
148, 111, 1
147, 126, 1
147, 146, 1
147, 141, 1
147, 114, 1
147, 113, 1
147, 101, 1
147, 142, 1
147, 100, 1
147, 121, 1
147, 149, 1
147, 138, 1
147, 127, 1
147, 123, 1
147, 106, 1
147, 119, 1
147, 103, 1
147, 129, 1
147, 120, 1
147, 107, 1
147, 133, 1
147, 116, 1
147, 137, 1
147, 110, 1
147, 134, 1
147, 125, 1
147, 111, 1
147, 148, 1
73, 92, 1
73, 77, 1
73, 56, 1
73, 59, 1
73, 83, 1
73, 70, 1
73, 68, 1
73, 84, 1
73, 72, 1
73, 66, 1
73, 54, 1
73, 78, 1
73, 91, 1
73, 85, 1
73, 61, 1
136, 126, 1
136, 146, 1
136, 141, 1
136, 114, 1
136, 113, 1
136, 101, 1
136, 142, 1
136, 100, 1
136, 121, 1
136, 149, 1
136, 138, 1
136, 127, 1
136, 123, 1
136, 106, 1
136, 119, 1
136, 103, 1
136, 129, 1
136, 120, 1
136, 107, 1
136, 133, 1
136, 116, 1
136, 137, 1
136, 110, 1
136, 134, 1
136, 125, 1
136, 111, 1
136, 148, 1
136, 147, 1
131, 126, 1
131, 146, 1
131, 141, 1
131, 114, 1
131, 113, 1
131, 101, 1
131, 142, 1
131, 100, 1
131, 121, 1
131, 149, 1
131, 138, 1
131, 127, 1
131, 123, 1
131, 106, 1
131, 119, 1
131, 103, 1
131, 129, 1
131, 120, 1
131, 107, 1
131, 133, 1
131, 116, 1
131, 137, 1
131, 110, 1
131, 134, 1
131, 125, 1
131, 111, 1
131, 148, 1
131, 147, 1
131, 136, 1
86, 92, 1
86, 77, 1
86, 56, 1
86, 59, 1
86, 83, 1
86, 70, 1
86, 68, 1
86, 84, 1
86, 72, 1
86, 66, 1
86, 54, 1
86, 78, 1
86, 91, 1
86, 85, 1
86, 61, 1
86, 73, 1
63, 92, 1
63, 77, 1
63, 56, 1
63, 59, 1
63, 83, 1
63, 70, 1
63, 68, 1
63, 84, 1
63, 72, 1
63, 66, 1
63, 54, 1
63, 78, 1
63, 91, 1
63, 85, 1
63, 61, 1
63, 73, 1
63, 86, 1
112, 126, 1
112, 146, 1
112, 141, 1
112, 114, 1
112, 113, 1
112, 101, 1
112, 142, 1
112, 100, 1
112, 121, 1
112, 149, 1
112, 138, 1
112, 127, 1
112, 123, 1
112, 106, 1
112, 119, 1
112, 103, 1
112, 129, 1
112, 120, 1
112, 107, 1
112, 133, 1
112, 116, 1
112, 137, 1
112, 110, 1
112, 134, 1
112, 125, 1
112, 111, 1
112, 148, 1
112, 147, 1
112, 136, 1
112, 131, 1
108, 126, 1
108, 146, 1
108, 141, 1
108, 114, 1
108, 113, 1
108, 101, 1
108, 142, 1
108, 100, 1
108, 121, 1
108, 149, 1
108, 138, 1
108, 127, 1
108, 123, 1
108, 106, 1
108, 119, 1
108, 103, 1
108, 129, 1
108, 120, 1
108, 107, 1
108, 133, 1
108, 116, 1
108, 137, 1
108, 110, 1
108, 134, 1
108, 125, 1
108, 111, 1
108, 148, 1
108, 147, 1
108, 136, 1
108, 131, 1
108, 112, 1
52, 92, 1
52, 77, 1
52, 56, 1
52, 59, 1
52, 83, 1
52, 70, 1
52, 68, 1
52, 84, 1
52, 72, 1
52, 66, 1
52, 54, 1
52, 78, 1
52, 91, 1
52, 85, 1
52, 61, 1
52, 73, 1
52, 86, 1
52, 63, 1
148, 92, -1
148, 77, -1
148, 56, -1
148, 59, -1
148, 83, -1
148, 70, -1
148, 68, -1
148, 84, -1
148, 72, -1
148, 66, -1
148, 54, -1
148, 78, -1
148, 91, -1
148, 85, -1
148, 61, -1
148, 0, -1
147, 92, -1
147, 77, -1
147, 56, -1
147, 59, -1
147, 83, -1
147, 70, -1
147, 68, -1
147, 84, -1
147, 72, -1
147, 66, -1
147, 54, -1
147, 78, -1
147, 91, -1
147, 85, -1
147, 61, -1
147, 0, -1
73, 126, -1
73, 146, -1
73, 141, -1
73, 114, -1
73, 113, -1
73, 101, -1
73, 142, -1
73, 100, -1
73, 121, -1
73, 149, -1
73, 138, -1
73, 127, -1
73, 123, -1
73, 106, -1
73, 119, -1
73, 103, -1
73, 129, -1
73, 120, -1
73, 107, -1
73, 133, -1
73, 116, -1
73, 137, -1
73, 110, -1
73, 134, -1
73, 125, -1
73, 111, -1
73, 148, -1
73, 147, -1
73, 0, -1
136, 92, -1
136, 77, -1
136, 56, -1
136, 59, -1
136, 83, -1
136, 70, -1
136, 68, -1
136, 84, -1
136, 72, -1
136, 66, -1
136, 54, -1
136, 78, -1
136, 91, -1
136, 85, -1
136, 61, -1
136, 73, -1
136, 0, -1
131, 92, -1
131, 77, -1
131, 56, -1
131, 59, -1
131, 83, -1
131, 70, -1
131, 68, -1
131, 84, -1
131, 72, -1
131, 66, -1
131, 54, -1
131, 78, -1
131, 91, -1
131, 85, -1
131, 61, -1
131, 73, -1
131, 0, -1
86, 126, -1
86, 146, -1
86, 141, -1
86, 114, -1
86, 113, -1
86, 101, -1
86, 142, -1
86, 100, -1
86, 121, -1
86, 149, -1
86, 138, -1
86, 127, -1
86, 123, -1
86, 106, -1
86, 119, -1
86, 103, -1
86, 129, -1
86, 120, -1
86, 107, -1
86, 133, -1
86, 116, -1
86, 137, -1
86, 110, -1
86, 134, -1
86, 125, -1
86, 111, -1
86, 148, -1
86, 147, -1
86, 136, -1
86, 131, -1
86, 0, -1
63, 126, -1
63, 146, -1
63, 141, -1
63, 114, -1
63, 113, -1
63, 101, -1
63, 142, -1
63, 100, -1
63, 121, -1
63, 149, -1
63, 138, -1
63, 127, -1
63, 123, -1
63, 106, -1
63, 119, -1
63, 103, -1
63, 129, -1
63, 120, -1
63, 107, -1
63, 133, -1
63, 116, -1
63, 137, -1
63, 110, -1
63, 134, -1
63, 125, -1
63, 111, -1
63, 148, -1
63, 147, -1
63, 136, -1
63, 131, -1
63, 0, -1
112, 92, -1
112, 77, -1
112, 56, -1
112, 59, -1
112, 83, -1
112, 70, -1
112, 68, -1
112, 84, -1
112, 72, -1
112, 66, -1
112, 54, -1
112, 78, -1
112, 91, -1
112, 85, -1
112, 61, -1
112, 73, -1
112, 86, -1
112, 63, -1
112, 0, -1
108, 92, -1
108, 77, -1
108, 56, -1
108, 59, -1
108, 83, -1
108, 70, -1
108, 68, -1
108, 84, -1
108, 72, -1
108, 66, -1
108, 54, -1
108, 78, -1
108, 91, -1
108, 85, -1
108, 61, -1
108, 73, -1
108, 86, -1
108, 63, -1
108, 0, -1
52, 126, -1
52, 146, -1
52, 141, -1
52, 114, -1
52, 113, -1
52, 101, -1
52, 142, -1
52, 100, -1
52, 121, -1
52, 149, -1
52, 138, -1
52, 127, -1
52, 123, -1
52, 106, -1
52, 119, -1
52, 103, -1
52, 129, -1
52, 120, -1
52, 107, -1
52, 133, -1
52, 116, -1
52, 137, -1
52, 110, -1
52, 134, -1
52, 125, -1
52, 111, -1
52, 148, -1
52, 147, -1
52, 136, -1
52, 131, -1
52, 112, -1
52, 108, -1
52, 0, -1

124, 126, 1
124, 146, 1
124, 141, 1
124, 114, 1
124, 113, 1
124, 101, 1
124, 142, 1
124, 100, 1
124, 121, 1
124, 149, 1
124, 138, 1
124, 127, 1
124, 123, 1
124, 106, 1
124, 119, 1
124, 103, 1
124, 129, 1
124, 120, 1
124, 107, 1
124, 133, 1
124, 116, 1
124, 137, 1
124, 110, 1
124, 134, 1
124, 125, 1
124, 111, 1
124, 148, 1
124, 147, 1
124, 136, 1
124, 131, 1
124, 112, 1
124, 108, 1
76, 92, 1
76, 77, 1
76, 56, 1
76, 59, 1
76, 83, 1
76, 70, 1
76, 68, 1
76, 84, 1
76, 72, 1
76, 66, 1
76, 54, 1
76, 78, 1
76, 91, 1
76, 85, 1
76, 61, 1
76, 73, 1
76, 86, 1
76, 63, 1
76, 52, 1
130, 126, 1
130, 146, 1
130, 141, 1
130, 114, 1
130, 113, 1
130, 101, 1
130, 142, 1
130, 100, 1
130, 121, 1
130, 149, 1
130, 138, 1
130, 127, 1
130, 123, 1
130, 106, 1
130, 119, 1
130, 103, 1
130, 129, 1
130, 120, 1
130, 107, 1
130, 133, 1
130, 116, 1
130, 137, 1
130, 110, 1
130, 134, 1
130, 125, 1
130, 111, 1
130, 148, 1
130, 147, 1
130, 136, 1
130, 131, 1
130, 112, 1
130, 108, 1
130, 124, 1
99, 92, 1
99, 77, 1
99, 56, 1
99, 59, 1
99, 83, 1
99, 70, 1
99, 68, 1
99, 84, 1
99, 72, 1
99, 66, 1
99, 54, 1
99, 78, 1
99, 91, 1
99, 85, 1
99, 61, 1
99, 73, 1
99, 86, 1
99, 63, 1
99, 52, 1
99, 76, 1
140, 126, 1
140, 146, 1
140, 141, 1
140, 114, 1
140, 113, 1
140, 101, 1
140, 142, 1
140, 100, 1
140, 121, 1
140, 149, 1
140, 138, 1
140, 127, 1
140, 123, 1
140, 106, 1
140, 119, 1
140, 103, 1
140, 129, 1
140, 120, 1
140, 107, 1
140, 133, 1
140, 116, 1
140, 137, 1
140, 110, 1
140, 134, 1
140, 125, 1
140, 111, 1
140, 148, 1
140, 147, 1
140, 136, 1
140, 131, 1
140, 112, 1
140, 108, 1
140, 124, 1
140, 130, 1
139, 126, 1
139, 146, 1
139, 141, 1
139, 114, 1
139, 113, 1
139, 101, 1
139, 142, 1
139, 100, 1
139, 121, 1
139, 149, 1
139, 138, 1
139, 127, 1
139, 123, 1
139, 106, 1
139, 119, 1
139, 103, 1
139, 129, 1
139, 120, 1
139, 107, 1
139, 133, 1
139, 116, 1
139, 137, 1
139, 110, 1
139, 134, 1
139, 125, 1
139, 111, 1
139, 148, 1
139, 147, 1
139, 136, 1
139, 131, 1
139, 112, 1
139, 108, 1
139, 124, 1
139, 130, 1
139, 140, 1
90, 92, 1
90, 77, 1
90, 56, 1
90, 59, 1
90, 83, 1
90, 70, 1
90, 68, 1
90, 84, 1
90, 72, 1
90, 66, 1
90, 54, 1
90, 78, 1
90, 91, 1
90, 85, 1
90, 61, 1
90, 73, 1
90, 86, 1
90, 63, 1
90, 52, 1
90, 76, 1
90, 99, 1
132, 126, 1
132, 146, 1
132, 141, 1
132, 114, 1
132, 113, 1
132, 101, 1
132, 142, 1
132, 100, 1
132, 121, 1
132, 149, 1
132, 138, 1
132, 127, 1
132, 123, 1
132, 106, 1
132, 119, 1
132, 103, 1
132, 129, 1
132, 120, 1
132, 107, 1
132, 133, 1
132, 116, 1
132, 137, 1
132, 110, 1
132, 134, 1
132, 125, 1
132, 111, 1
132, 148, 1
132, 147, 1
132, 136, 1
132, 131, 1
132, 112, 1
132, 108, 1
132, 124, 1
132, 130, 1
132, 140, 1
132, 139, 1
122, 126, 1
122, 146, 1
122, 141, 1
122, 114, 1
122, 113, 1
122, 101, 1
122, 142, 1
122, 100, 1
122, 121, 1
122, 149, 1
122, 138, 1
122, 127, 1
122, 123, 1
122, 106, 1
122, 119, 1
122, 103, 1
122, 129, 1
122, 120, 1
122, 107, 1
122, 133, 1
122, 116, 1
122, 137, 1
122, 110, 1
122, 134, 1
122, 125, 1
122, 111, 1
122, 148, 1
122, 147, 1
122, 136, 1
122, 131, 1
122, 112, 1
122, 108, 1
122, 124, 1
122, 130, 1
122, 140, 1
122, 139, 1
122, 132, 1
55, 92, 1
55, 77, 1
55, 56, 1
55, 59, 1
55, 83, 1
55, 70, 1
55, 68, 1
55, 84, 1
55, 72, 1
55, 66, 1
55, 54, 1
55, 78, 1
55, 91, 1
55, 85, 1
55, 61, 1
55, 73, 1
55, 86, 1
55, 63, 1
55, 52, 1
55, 76, 1
55, 99, 1
55, 90, 1
124, 92, -1
124, 77, -1
124, 56, -1
124, 59, -1
124, 83, -1
124, 70, -1
124, 68, -1
124, 84, -1
124, 72, -1
124, 66, -1
124, 54, -1
124, 78, -1
124, 91, -1
124, 85, -1
124, 61, -1
124, 73, -1
124, 86, -1
124, 63, -1
124, 52, -1
124, 0, -1
76, 126, -1
76, 146, -1
76, 141, -1
76, 114, -1
76, 113, -1
76, 101, -1
76, 142, -1
76, 100, -1
76, 121, -1
76, 149, -1
76, 138, -1
76, 127, -1
76, 123, -1
76, 106, -1
76, 119, -1
76, 103, -1
76, 129, -1
76, 120, -1
76, 107, -1
76, 133, -1
76, 116, -1
76, 137, -1
76, 110, -1
76, 134, -1
76, 125, -1
76, 111, -1
76, 148, -1
76, 147, -1
76, 136, -1
76, 131, -1
76, 112, -1
76, 108, -1
76, 124, -1
76, 0, -1
130, 92, -1
130, 77, -1
130, 56, -1
130, 59, -1
130, 83, -1
130, 70, -1
130, 68, -1
130, 84, -1
130, 72, -1
130, 66, -1
130, 54, -1
130, 78, -1
130, 91, -1
130, 85, -1
130, 61, -1
130, 73, -1
130, 86, -1
130, 63, -1
130, 52, -1
130, 76, -1
130, 0, -1
99, 126, -1
99, 146, -1
99, 141, -1
99, 114, -1
99, 113, -1
99, 101, -1
99, 142, -1
99, 100, -1
99, 121, -1
99, 149, -1
99, 138, -1
99, 127, -1
99, 123, -1
99, 106, -1
99, 119, -1
99, 103, -1
99, 129, -1
99, 120, -1
99, 107, -1
99, 133, -1
99, 116, -1
99, 137, -1
99, 110, -1
99, 134, -1
99, 125, -1
99, 111, -1
99, 148, -1
99, 147, -1
99, 136, -1
99, 131, -1
99, 112, -1
99, 108, -1
99, 124, -1
99, 130, -1
99, 0, -1
140, 92, -1
140, 77, -1
140, 56, -1
140, 59, -1
140, 83, -1
140, 70, -1
140, 68, -1
140, 84, -1
140, 72, -1
140, 66, -1
140, 54, -1
140, 78, -1
140, 91, -1
140, 85, -1
140, 61, -1
140, 73, -1
140, 86, -1
140, 63, -1
140, 52, -1
140, 76, -1
140, 99, -1
140, 0, -1
139, 92, -1
139, 77, -1
139, 56, -1
139, 59, -1
139, 83, -1
139, 70, -1
139, 68, -1
139, 84, -1
139, 72, -1
139, 66, -1
139, 54, -1
139, 78, -1
139, 91, -1
139, 85, -1
139, 61, -1
139, 73, -1
139, 86, -1
139, 63, -1
139, 52, -1
139, 76, -1
139, 99, -1
139, 0, -1
90, 126, -1
90, 146, -1
90, 141, -1
90, 114, -1
90, 113, -1
90, 101, -1
90, 142, -1
90, 100, -1
90, 121, -1
90, 149, -1
90, 138, -1
90, 127, -1
90, 123, -1
90, 106, -1
90, 119, -1
90, 103, -1
90, 129, -1
90, 120, -1
90, 107, -1
90, 133, -1
90, 116, -1
90, 137, -1
90, 110, -1
90, 134, -1
90, 125, -1
90, 111, -1
90, 148, -1
90, 147, -1
90, 136, -1
90, 131, -1
90, 112, -1
90, 108, -1
90, 124, -1
90, 130, -1
90, 140, -1
90, 139, -1
90, 0, -1
132, 92, -1
132, 77, -1
132, 56, -1
132, 59, -1
132, 83, -1
132, 70, -1
132, 68, -1
132, 84, -1
132, 72, -1
132, 66, -1
132, 54, -1
132, 78, -1
132, 91, -1
132, 85, -1
132, 61, -1
132, 73, -1
132, 86, -1
132, 63, -1
132, 52, -1
132, 76, -1
132, 99, -1
132, 90, -1
132, 0, -1
122, 92, -1
122, 77, -1
122, 56, -1
122, 59, -1
122, 83, -1
122, 70, -1
122, 68, -1
122, 84, -1
122, 72, -1
122, 66, -1
122, 54, -1
122, 78, -1
122, 91, -1
122, 85, -1
122, 61, -1
122, 73, -1
122, 86, -1
122, 63, -1
122, 52, -1
122, 76, -1
122, 99, -1
122, 90, -1
122, 0, -1
55, 126, -1
55, 146, -1
55, 141, -1
55, 114, -1
55, 113, -1
55, 101, -1
55, 142, -1
55, 100, -1
55, 121, -1
55, 149, -1
55, 138, -1
55, 127, -1
55, 123, -1
55, 106, -1
55, 119, -1
55, 103, -1
55, 129, -1
55, 120, -1
55, 107, -1
55, 133, -1
55, 116, -1
55, 137, -1
55, 110, -1
55, 134, -1
55, 125, -1
55, 111, -1
55, 148, -1
55, 147, -1
55, 136, -1
55, 131, -1
55, 112, -1
55, 108, -1
55, 124, -1
55, 130, -1
55, 140, -1
55, 139, -1
55, 132, -1
55, 122, -1
55, 0, -1

118, 126, 1
118, 146, 1
118, 141, 1
118, 114, 1
118, 113, 1
118, 101, 1
118, 142, 1
118, 100, 1
118, 121, 1
118, 149, 1
118, 138, 1
118, 127, 1
118, 123, 1
118, 106, 1
118, 119, 1
118, 103, 1
118, 129, 1
118, 120, 1
118, 107, 1
118, 133, 1
118, 116, 1
118, 137, 1
118, 110, 1
118, 134, 1
118, 125, 1
118, 111, 1
118, 148, 1
118, 147, 1
118, 136, 1
118, 131, 1
118, 112, 1
118, 108, 1
118, 124, 1
118, 130, 1
118, 140, 1
118, 139, 1
118, 132, 1
118, 122, 1
145, 126, 1
145, 146, 1
145, 141, 1
145, 114, 1
145, 113, 1
145, 101, 1
145, 142, 1
145, 100, 1
145, 121, 1
145, 149, 1
145, 138, 1
145, 127, 1
145, 123, 1
145, 106, 1
145, 119, 1
145, 103, 1
145, 129, 1
145, 120, 1
145, 107, 1
145, 133, 1
145, 116, 1
145, 137, 1
145, 110, 1
145, 134, 1
145, 125, 1
145, 111, 1
145, 148, 1
145, 147, 1
145, 136, 1
145, 131, 1
145, 112, 1
145, 108, 1
145, 124, 1
145, 130, 1
145, 140, 1
145, 139, 1
145, 132, 1
145, 122, 1
145, 118, 1
71, 92, 1
71, 77, 1
71, 56, 1
71, 59, 1
71, 83, 1
71, 70, 1
71, 68, 1
71, 84, 1
71, 72, 1
71, 66, 1
71, 54, 1
71, 78, 1
71, 91, 1
71, 85, 1
71, 61, 1
71, 73, 1
71, 86, 1
71, 63, 1
71, 52, 1
71, 76, 1
71, 99, 1
71, 90, 1
71, 55, 1
87, 92, 1
87, 77, 1
87, 56, 1
87, 59, 1
87, 83, 1
87, 70, 1
87, 68, 1
87, 84, 1
87, 72, 1
87, 66, 1
87, 54, 1
87, 78, 1
87, 91, 1
87, 85, 1
87, 61, 1
87, 73, 1
87, 86, 1
87, 63, 1
87, 52, 1
87, 76, 1
87, 99, 1
87, 90, 1
87, 55, 1
87, 71, 1
58, 92, 1
58, 77, 1
58, 56, 1
58, 59, 1
58, 83, 1
58, 70, 1
58, 68, 1
58, 84, 1
58, 72, 1
58, 66, 1
58, 54, 1
58, 78, 1
58, 91, 1
58, 85, 1
58, 61, 1
58, 73, 1
58, 86, 1
58, 63, 1
58, 52, 1
58, 76, 1
58, 99, 1
58, 90, 1
58, 55, 1
58, 71, 1
58, 87, 1
128, 126, 1
128, 146, 1
128, 141, 1
128, 114, 1
128, 113, 1
128, 101, 1
128, 142, 1
128, 100, 1
128, 121, 1
128, 149, 1
128, 138, 1
128, 127, 1
128, 123, 1
128, 106, 1
128, 119, 1
128, 103, 1
128, 129, 1
128, 120, 1
128, 107, 1
128, 133, 1
128, 116, 1
128, 137, 1
128, 110, 1
128, 134, 1
128, 125, 1
128, 111, 1
128, 148, 1
128, 147, 1
128, 136, 1
128, 131, 1
128, 112, 1
128, 108, 1
128, 124, 1
128, 130, 1
128, 140, 1
128, 139, 1
128, 132, 1
128, 122, 1
128, 118, 1
128, 145, 1
51, 92, 1
51, 77, 1
51, 56, 1
51, 59, 1
51, 83, 1
51, 70, 1
51, 68, 1
51, 84, 1
51, 72, 1
51, 66, 1
51, 54, 1
51, 78, 1
51, 91, 1
51, 85, 1
51, 61, 1
51, 73, 1
51, 86, 1
51, 63, 1
51, 52, 1
51, 76, 1
51, 99, 1
51, 90, 1
51, 55, 1
51, 71, 1
51, 87, 1
51, 58, 1
60, 92, 1
60, 77, 1
60, 56, 1
60, 59, 1
60, 83, 1
60, 70, 1
60, 68, 1
60, 84, 1
60, 72, 1
60, 66, 1
60, 54, 1
60, 78, 1
60, 91, 1
60, 85, 1
60, 61, 1
60, 73, 1
60, 86, 1
60, 63, 1
60, 52, 1
60, 76, 1
60, 99, 1
60, 90, 1
60, 55, 1
60, 71, 1
60, 87, 1
60, 58, 1
60, 51, 1
97, 92, 1
97, 77, 1
97, 56, 1
97, 59, 1
97, 83, 1
97, 70, 1
97, 68, 1
97, 84, 1
97, 72, 1
97, 66, 1
97, 54, 1
97, 78, 1
97, 91, 1
97, 85, 1
97, 61, 1
97, 73, 1
97, 86, 1
97, 63, 1
97, 52, 1
97, 76, 1
97, 99, 1
97, 90, 1
97, 55, 1
97, 71, 1
97, 87, 1
97, 58, 1
97, 51, 1
97, 60, 1
102, 126, 1
102, 146, 1
102, 141, 1
102, 114, 1
102, 113, 1
102, 101, 1
102, 142, 1
102, 100, 1
102, 121, 1
102, 149, 1
102, 138, 1
102, 127, 1
102, 123, 1
102, 106, 1
102, 119, 1
102, 103, 1
102, 129, 1
102, 120, 1
102, 107, 1
102, 133, 1
102, 116, 1
102, 137, 1
102, 110, 1
102, 134, 1
102, 125, 1
102, 111, 1
102, 148, 1
102, 147, 1
102, 136, 1
102, 131, 1
102, 112, 1
102, 108, 1
102, 124, 1
102, 130, 1
102, 140, 1
102, 139, 1
102, 132, 1
102, 122, 1
102, 118, 1
102, 145, 1
102, 128, 1
118, 92, -1
118, 77, -1
118, 56, -1
118, 59, -1
118, 83, -1
118, 70, -1
118, 68, -1
118, 84, -1
118, 72, -1
118, 66, -1
118, 54, -1
118, 78, -1
118, 91, -1
118, 85, -1
118, 61, -1
118, 73, -1
118, 86, -1
118, 63, -1
118, 52, -1
118, 76, -1
118, 99, -1
118, 90, -1
118, 55, -1
118, 0, -1
145, 92, -1
145, 77, -1
145, 56, -1
145, 59, -1
145, 83, -1
145, 70, -1
145, 68, -1
145, 84, -1
145, 72, -1
145, 66, -1
145, 54, -1
145, 78, -1
145, 91, -1
145, 85, -1
145, 61, -1
145, 73, -1
145, 86, -1
145, 63, -1
145, 52, -1
145, 76, -1
145, 99, -1
145, 90, -1
145, 55, -1
145, 0, -1
71, 126, -1
71, 146, -1
71, 141, -1
71, 114, -1
71, 113, -1
71, 101, -1
71, 142, -1
71, 100, -1
71, 121, -1
71, 149, -1
71, 138, -1
71, 127, -1
71, 123, -1
71, 106, -1
71, 119, -1
71, 103, -1
71, 129, -1
71, 120, -1
71, 107, -1
71, 133, -1
71, 116, -1
71, 137, -1
71, 110, -1
71, 134, -1
71, 125, -1
71, 111, -1
71, 148, -1
71, 147, -1
71, 136, -1
71, 131, -1
71, 112, -1
71, 108, -1
71, 124, -1
71, 130, -1
71, 140, -1
71, 139, -1
71, 132, -1
71, 122, -1
71, 118, -1
71, 145, -1
71, 0, -1
87, 126, -1
87, 146, -1
87, 141, -1
87, 114, -1
87, 113, -1
87, 101, -1
87, 142, -1
87, 100, -1
87, 121, -1
87, 149, -1
87, 138, -1
87, 127, -1
87, 123, -1
87, 106, -1
87, 119, -1
87, 103, -1
87, 129, -1
87, 120, -1
87, 107, -1
87, 133, -1
87, 116, -1
87, 137, -1
87, 110, -1
87, 134, -1
87, 125, -1
87, 111, -1
87, 148, -1
87, 147, -1
87, 136, -1
87, 131, -1
87, 112, -1
87, 108, -1
87, 124, -1
87, 130, -1
87, 140, -1
87, 139, -1
87, 132, -1
87, 122, -1
87, 118, -1
87, 145, -1
87, 0, -1
58, 126, -1
58, 146, -1
58, 141, -1
58, 114, -1
58, 113, -1
58, 101, -1
58, 142, -1
58, 100, -1
58, 121, -1
58, 149, -1
58, 138, -1
58, 127, -1
58, 123, -1
58, 106, -1
58, 119, -1
58, 103, -1
58, 129, -1
58, 120, -1
58, 107, -1
58, 133, -1
58, 116, -1
58, 137, -1
58, 110, -1
58, 134, -1
58, 125, -1
58, 111, -1
58, 148, -1
58, 147, -1
58, 136, -1
58, 131, -1
58, 112, -1
58, 108, -1
58, 124, -1
58, 130, -1
58, 140, -1
58, 139, -1
58, 132, -1
58, 122, -1
58, 118, -1
58, 145, -1
58, 0, -1
128, 92, -1
128, 77, -1
128, 56, -1
128, 59, -1
128, 83, -1
128, 70, -1
128, 68, -1
128, 84, -1
128, 72, -1
128, 66, -1
128, 54, -1
128, 78, -1
128, 91, -1
128, 85, -1
128, 61, -1
128, 73, -1
128, 86, -1
128, 63, -1
128, 52, -1
128, 76, -1
128, 99, -1
128, 90, -1
128, 55, -1
128, 71, -1
128, 87, -1
128, 58, -1
128, 0, -1
51, 126, -1
51, 146, -1
51, 141, -1
51, 114, -1
51, 113, -1
51, 101, -1
51, 142, -1
51, 100, -1
51, 121, -1
51, 149, -1
51, 138, -1
51, 127, -1
51, 123, -1
51, 106, -1
51, 119, -1
51, 103, -1
51, 129, -1
51, 120, -1
51, 107, -1
51, 133, -1
51, 116, -1
51, 137, -1
51, 110, -1
51, 134, -1
51, 125, -1
51, 111, -1
51, 148, -1
51, 147, -1
51, 136, -1
51, 131, -1
51, 112, -1
51, 108, -1
51, 124, -1
51, 130, -1
51, 140, -1
51, 139, -1
51, 132, -1
51, 122, -1
51, 118, -1
51, 145, -1
51, 128, -1
51, 0, -1
60, 126, -1
60, 146, -1
60, 141, -1
60, 114, -1
60, 113, -1
60, 101, -1
60, 142, -1
60, 100, -1
60, 121, -1
60, 149, -1
60, 138, -1
60, 127, -1
60, 123, -1
60, 106, -1
60, 119, -1
60, 103, -1
60, 129, -1
60, 120, -1
60, 107, -1
60, 133, -1
60, 116, -1
60, 137, -1
60, 110, -1
60, 134, -1
60, 125, -1
60, 111, -1
60, 148, -1
60, 147, -1
60, 136, -1
60, 131, -1
60, 112, -1
60, 108, -1
60, 124, -1
60, 130, -1
60, 140, -1
60, 139, -1
60, 132, -1
60, 122, -1
60, 118, -1
60, 145, -1
60, 128, -1
60, 0, -1
97, 126, -1
97, 146, -1
97, 141, -1
97, 114, -1
97, 113, -1
97, 101, -1
97, 142, -1
97, 100, -1
97, 121, -1
97, 149, -1
97, 138, -1
97, 127, -1
97, 123, -1
97, 106, -1
97, 119, -1
97, 103, -1
97, 129, -1
97, 120, -1
97, 107, -1
97, 133, -1
97, 116, -1
97, 137, -1
97, 110, -1
97, 134, -1
97, 125, -1
97, 111, -1
97, 148, -1
97, 147, -1
97, 136, -1
97, 131, -1
97, 112, -1
97, 108, -1
97, 124, -1
97, 130, -1
97, 140, -1
97, 139, -1
97, 132, -1
97, 122, -1
97, 118, -1
97, 145, -1
97, 128, -1
97, 0, -1
102, 92, -1
102, 77, -1
102, 56, -1
102, 59, -1
102, 83, -1
102, 70, -1
102, 68, -1
102, 84, -1
102, 72, -1
102, 66, -1
102, 54, -1
102, 78, -1
102, 91, -1
102, 85, -1
102, 61, -1
102, 73, -1
102, 86, -1
102, 63, -1
102, 52, -1
102, 76, -1
102, 99, -1
102, 90, -1
102, 55, -1
102, 71, -1
102, 87, -1
102, 58, -1
102, 51, -1
102, 60, -1
102, 97, -1
102, 0, -1

67, 92, 1
67, 77, 1
67, 56, 1
67, 59, 1
67, 83, 1
67, 70, 1
67, 68, 1
67, 84, 1
67, 72, 1
67, 66, 1
67, 54, 1
67, 78, 1
67, 91, 1
67, 85, 1
67, 61, 1
67, 73, 1
67, 86, 1
67, 63, 1
67, 52, 1
67, 76, 1
67, 99, 1
67, 90, 1
67, 55, 1
67, 71, 1
67, 87, 1
67, 58, 1
67, 51, 1
67, 60, 1
67, 97, 1
115, 126, 1
115, 146, 1
115, 141, 1
115, 114, 1
115, 113, 1
115, 101, 1
115, 142, 1
115, 100, 1
115, 121, 1
115, 149, 1
115, 138, 1
115, 127, 1
115, 123, 1
115, 106, 1
115, 119, 1
115, 103, 1
115, 129, 1
115, 120, 1
115, 107, 1
115, 133, 1
115, 116, 1
115, 137, 1
115, 110, 1
115, 134, 1
115, 125, 1
115, 111, 1
115, 148, 1
115, 147, 1
115, 136, 1
115, 131, 1
115, 112, 1
115, 108, 1
115, 124, 1
115, 130, 1
115, 140, 1
115, 139, 1
115, 132, 1
115, 122, 1
115, 118, 1
115, 145, 1
115, 128, 1
115, 102, 1
143, 126, 1
143, 146, 1
143, 141, 1
143, 114, 1
143, 113, 1
143, 101, 1
143, 142, 1
143, 100, 1
143, 121, 1
143, 149, 1
143, 138, 1
143, 127, 1
143, 123, 1
143, 106, 1
143, 119, 1
143, 103, 1
143, 129, 1
143, 120, 1
143, 107, 1
143, 133, 1
143, 116, 1
143, 137, 1
143, 110, 1
143, 134, 1
143, 125, 1
143, 111, 1
143, 148, 1
143, 147, 1
143, 136, 1
143, 131, 1
143, 112, 1
143, 108, 1
143, 124, 1
143, 130, 1
143, 140, 1
143, 139, 1
143, 132, 1
143, 122, 1
143, 118, 1
143, 145, 1
143, 128, 1
143, 102, 1
143, 115, 1
94, 92, 1
94, 77, 1
94, 56, 1
94, 59, 1
94, 83, 1
94, 70, 1
94, 68, 1
94, 84, 1
94, 72, 1
94, 66, 1
94, 54, 1
94, 78, 1
94, 91, 1
94, 85, 1
94, 61, 1
94, 73, 1
94, 86, 1
94, 63, 1
94, 52, 1
94, 76, 1
94, 99, 1
94, 90, 1
94, 55, 1
94, 71, 1
94, 87, 1
94, 58, 1
94, 51, 1
94, 60, 1
94, 97, 1
94, 67, 1
135, 126, 1
135, 146, 1
135, 141, 1
135, 114, 1
135, 113, 1
135, 101, 1
135, 142, 1
135, 100, 1
135, 121, 1
135, 149, 1
135, 138, 1
135, 127, 1
135, 123, 1
135, 106, 1
135, 119, 1
135, 103, 1
135, 129, 1
135, 120, 1
135, 107, 1
135, 133, 1
135, 116, 1
135, 137, 1
135, 110, 1
135, 134, 1
135, 125, 1
135, 111, 1
135, 148, 1
135, 147, 1
135, 136, 1
135, 131, 1
135, 112, 1
135, 108, 1
135, 124, 1
135, 130, 1
135, 140, 1
135, 139, 1
135, 132, 1
135, 122, 1
135, 118, 1
135, 145, 1
135, 128, 1
135, 102, 1
135, 115, 1
135, 143, 1
104, 126, 1
104, 146, 1
104, 141, 1
104, 114, 1
104, 113, 1
104, 101, 1
104, 142, 1
104, 100, 1
104, 121, 1
104, 149, 1
104, 138, 1
104, 127, 1
104, 123, 1
104, 106, 1
104, 119, 1
104, 103, 1
104, 129, 1
104, 120, 1
104, 107, 1
104, 133, 1
104, 116, 1
104, 137, 1
104, 110, 1
104, 134, 1
104, 125, 1
104, 111, 1
104, 148, 1
104, 147, 1
104, 136, 1
104, 131, 1
104, 112, 1
104, 108, 1
104, 124, 1
104, 130, 1
104, 140, 1
104, 139, 1
104, 132, 1
104, 122, 1
104, 118, 1
104, 145, 1
104, 128, 1
104, 102, 1
104, 115, 1
104, 143, 1
104, 135, 1
50, 92, 1
50, 77, 1
50, 56, 1
50, 59, 1
50, 83, 1
50, 70, 1
50, 68, 1
50, 84, 1
50, 72, 1
50, 66, 1
50, 54, 1
50, 78, 1
50, 91, 1
50, 85, 1
50, 61, 1
50, 73, 1
50, 86, 1
50, 63, 1
50, 52, 1
50, 76, 1
50, 99, 1
50, 90, 1
50, 55, 1
50, 71, 1
50, 87, 1
50, 58, 1
50, 51, 1
50, 60, 1
50, 97, 1
50, 67, 1
50, 94, 1
98, 92, 1
98, 77, 1
98, 56, 1
98, 59, 1
98, 83, 1
98, 70, 1
98, 68, 1
98, 84, 1
98, 72, 1
98, 66, 1
98, 54, 1
98, 78, 1
98, 91, 1
98, 85, 1
98, 61, 1
98, 73, 1
98, 86, 1
98, 63, 1
98, 52, 1
98, 76, 1
98, 99, 1
98, 90, 1
98, 55, 1
98, 71, 1
98, 87, 1
98, 58, 1
98, 51, 1
98, 60, 1
98, 97, 1
98, 67, 1
98, 94, 1
98, 50, 1
53, 92, 1
53, 77, 1
53, 56, 1
53, 59, 1
53, 83, 1
53, 70, 1
53, 68, 1
53, 84, 1
53, 72, 1
53, 66, 1
53, 54, 1
53, 78, 1
53, 91, 1
53, 85, 1
53, 61, 1
53, 73, 1
53, 86, 1
53, 63, 1
53, 52, 1
53, 76, 1
53, 99, 1
53, 90, 1
53, 55, 1
53, 71, 1
53, 87, 1
53, 58, 1
53, 51, 1
53, 60, 1
53, 97, 1
53, 67, 1
53, 94, 1
53, 50, 1
53, 98, 1
82, 92, 1
82, 77, 1
82, 56, 1
82, 59, 1
82, 83, 1
82, 70, 1
82, 68, 1
82, 84, 1
82, 72, 1
82, 66, 1
82, 54, 1
82, 78, 1
82, 91, 1
82, 85, 1
82, 61, 1
82, 73, 1
82, 86, 1
82, 63, 1
82, 52, 1
82, 76, 1
82, 99, 1
82, 90, 1
82, 55, 1
82, 71, 1
82, 87, 1
82, 58, 1
82, 51, 1
82, 60, 1
82, 97, 1
82, 67, 1
82, 94, 1
82, 50, 1
82, 98, 1
82, 53, 1
67, 126, -1
67, 146, -1
67, 141, -1
67, 114, -1
67, 113, -1
67, 101, -1
67, 142, -1
67, 100, -1
67, 121, -1
67, 149, -1
67, 138, -1
67, 127, -1
67, 123, -1
67, 106, -1
67, 119, -1
67, 103, -1
67, 129, -1
67, 120, -1
67, 107, -1
67, 133, -1
67, 116, -1
67, 137, -1
67, 110, -1
67, 134, -1
67, 125, -1
67, 111, -1
67, 148, -1
67, 147, -1
67, 136, -1
67, 131, -1
67, 112, -1
67, 108, -1
67, 124, -1
67, 130, -1
67, 140, -1
67, 139, -1
67, 132, -1
67, 122, -1
67, 118, -1
67, 145, -1
67, 128, -1
67, 102, -1
67, 0, -1
115, 92, -1
115, 77, -1
115, 56, -1
115, 59, -1
115, 83, -1
115, 70, -1
115, 68, -1
115, 84, -1
115, 72, -1
115, 66, -1
115, 54, -1
115, 78, -1
115, 91, -1
115, 85, -1
115, 61, -1
115, 73, -1
115, 86, -1
115, 63, -1
115, 52, -1
115, 76, -1
115, 99, -1
115, 90, -1
115, 55, -1
115, 71, -1
115, 87, -1
115, 58, -1
115, 51, -1
115, 60, -1
115, 97, -1
115, 67, -1
115, 0, -1
143, 92, -1
143, 77, -1
143, 56, -1
143, 59, -1
143, 83, -1
143, 70, -1
143, 68, -1
143, 84, -1
143, 72, -1
143, 66, -1
143, 54, -1
143, 78, -1
143, 91, -1
143, 85, -1
143, 61, -1
143, 73, -1
143, 86, -1
143, 63, -1
143, 52, -1
143, 76, -1
143, 99, -1
143, 90, -1
143, 55, -1
143, 71, -1
143, 87, -1
143, 58, -1
143, 51, -1
143, 60, -1
143, 97, -1
143, 67, -1
143, 0, -1
94, 126, -1
94, 146, -1
94, 141, -1
94, 114, -1
94, 113, -1
94, 101, -1
94, 142, -1
94, 100, -1
94, 121, -1
94, 149, -1
94, 138, -1
94, 127, -1
94, 123, -1
94, 106, -1
94, 119, -1
94, 103, -1
94, 129, -1
94, 120, -1
94, 107, -1
94, 133, -1
94, 116, -1
94, 137, -1
94, 110, -1
94, 134, -1
94, 125, -1
94, 111, -1
94, 148, -1
94, 147, -1
94, 136, -1
94, 131, -1
94, 112, -1
94, 108, -1
94, 124, -1
94, 130, -1
94, 140, -1
94, 139, -1
94, 132, -1
94, 122, -1
94, 118, -1
94, 145, -1
94, 128, -1
94, 102, -1
94, 115, -1
94, 143, -1
94, 0, -1
135, 92, -1
135, 77, -1
135, 56, -1
135, 59, -1
135, 83, -1
135, 70, -1
135, 68, -1
135, 84, -1
135, 72, -1
135, 66, -1
135, 54, -1
135, 78, -1
135, 91, -1
135, 85, -1
135, 61, -1
135, 73, -1
135, 86, -1
135, 63, -1
135, 52, -1
135, 76, -1
135, 99, -1
135, 90, -1
135, 55, -1
135, 71, -1
135, 87, -1
135, 58, -1
135, 51, -1
135, 60, -1
135, 97, -1
135, 67, -1
135, 94, -1
135, 0, -1
104, 92, -1
104, 77, -1
104, 56, -1
104, 59, -1
104, 83, -1
104, 70, -1
104, 68, -1
104, 84, -1
104, 72, -1
104, 66, -1
104, 54, -1
104, 78, -1
104, 91, -1
104, 85, -1
104, 61, -1
104, 73, -1
104, 86, -1
104, 63, -1
104, 52, -1
104, 76, -1
104, 99, -1
104, 90, -1
104, 55, -1
104, 71, -1
104, 87, -1
104, 58, -1
104, 51, -1
104, 60, -1
104, 97, -1
104, 67, -1
104, 94, -1
104, 0, -1
50, 126, -1
50, 146, -1
50, 141, -1
50, 114, -1
50, 113, -1
50, 101, -1
50, 142, -1
50, 100, -1
50, 121, -1
50, 149, -1
50, 138, -1
50, 127, -1
50, 123, -1
50, 106, -1
50, 119, -1
50, 103, -1
50, 129, -1
50, 120, -1
50, 107, -1
50, 133, -1
50, 116, -1
50, 137, -1
50, 110, -1
50, 134, -1
50, 125, -1
50, 111, -1
50, 148, -1
50, 147, -1
50, 136, -1
50, 131, -1
50, 112, -1
50, 108, -1
50, 124, -1
50, 130, -1
50, 140, -1
50, 139, -1
50, 132, -1
50, 122, -1
50, 118, -1
50, 145, -1
50, 128, -1
50, 102, -1
50, 115, -1
50, 143, -1
50, 135, -1
50, 104, -1
50, 0, -1
98, 126, -1
98, 146, -1
98, 141, -1
98, 114, -1
98, 113, -1
98, 101, -1
98, 142, -1
98, 100, -1
98, 121, -1
98, 149, -1
98, 138, -1
98, 127, -1
98, 123, -1
98, 106, -1
98, 119, -1
98, 103, -1
98, 129, -1
98, 120, -1
98, 107, -1
98, 133, -1
98, 116, -1
98, 137, -1
98, 110, -1
98, 134, -1
98, 125, -1
98, 111, -1
98, 148, -1
98, 147, -1
98, 136, -1
98, 131, -1
98, 112, -1
98, 108, -1
98, 124, -1
98, 130, -1
98, 140, -1
98, 139, -1
98, 132, -1
98, 122, -1
98, 118, -1
98, 145, -1
98, 128, -1
98, 102, -1
98, 115, -1
98, 143, -1
98, 135, -1
98, 104, -1
98, 0, -1
53, 126, -1
53, 146, -1
53, 141, -1
53, 114, -1
53, 113, -1
53, 101, -1
53, 142, -1
53, 100, -1
53, 121, -1
53, 149, -1
53, 138, -1
53, 127, -1
53, 123, -1
53, 106, -1
53, 119, -1
53, 103, -1
53, 129, -1
53, 120, -1
53, 107, -1
53, 133, -1
53, 116, -1
53, 137, -1
53, 110, -1
53, 134, -1
53, 125, -1
53, 111, -1
53, 148, -1
53, 147, -1
53, 136, -1
53, 131, -1
53, 112, -1
53, 108, -1
53, 124, -1
53, 130, -1
53, 140, -1
53, 139, -1
53, 132, -1
53, 122, -1
53, 118, -1
53, 145, -1
53, 128, -1
53, 102, -1
53, 115, -1
53, 143, -1
53, 135, -1
53, 104, -1
53, 0, -1
82, 126, -1
82, 146, -1
82, 141, -1
82, 114, -1
82, 113, -1
82, 101, -1
82, 142, -1
82, 100, -1
82, 121, -1
82, 149, -1
82, 138, -1
82, 127, -1
82, 123, -1
82, 106, -1
82, 119, -1
82, 103, -1
82, 129, -1
82, 120, -1
82, 107, -1
82, 133, -1
82, 116, -1
82, 137, -1
82, 110, -1
82, 134, -1
82, 125, -1
82, 111, -1
82, 148, -1
82, 147, -1
82, 136, -1
82, 131, -1
82, 112, -1
82, 108, -1
82, 124, -1
82, 130, -1
82, 140, -1
82, 139, -1
82, 132, -1
82, 122, -1
82, 118, -1
82, 145, -1
82, 128, -1
82, 102, -1
82, 115, -1
82, 143, -1
82, 135, -1
82, 104, -1
82, 0, -1

57, 92, 1
57, 77, 1
57, 56, 1
57, 59, 1
57, 83, 1
57, 70, 1
57, 68, 1
57, 84, 1
57, 72, 1
57, 66, 1
57, 54, 1
57, 78, 1
57, 91, 1
57, 85, 1
57, 61, 1
57, 73, 1
57, 86, 1
57, 63, 1
57, 52, 1
57, 76, 1
57, 99, 1
57, 90, 1
57, 55, 1
57, 71, 1
57, 87, 1
57, 58, 1
57, 51, 1
57, 60, 1
57, 97, 1
57, 67, 1
57, 94, 1
57, 50, 1
57, 98, 1
57, 53, 1
57, 82, 1
89, 92, 1
89, 77, 1
89, 56, 1
89, 59, 1
89, 83, 1
89, 70, 1
89, 68, 1
89, 84, 1
89, 72, 1
89, 66, 1
89, 54, 1
89, 78, 1
89, 91, 1
89, 85, 1
89, 61, 1
89, 73, 1
89, 86, 1
89, 63, 1
89, 52, 1
89, 76, 1
89, 99, 1
89, 90, 1
89, 55, 1
89, 71, 1
89, 87, 1
89, 58, 1
89, 51, 1
89, 60, 1
89, 97, 1
89, 67, 1
89, 94, 1
89, 50, 1
89, 98, 1
89, 53, 1
89, 82, 1
89, 57, 1
95, 92, 1
95, 77, 1
95, 56, 1
95, 59, 1
95, 83, 1
95, 70, 1
95, 68, 1
95, 84, 1
95, 72, 1
95, 66, 1
95, 54, 1
95, 78, 1
95, 91, 1
95, 85, 1
95, 61, 1
95, 73, 1
95, 86, 1
95, 63, 1
95, 52, 1
95, 76, 1
95, 99, 1
95, 90, 1
95, 55, 1
95, 71, 1
95, 87, 1
95, 58, 1
95, 51, 1
95, 60, 1
95, 97, 1
95, 67, 1
95, 94, 1
95, 50, 1
95, 98, 1
95, 53, 1
95, 82, 1
95, 57, 1
95, 89, 1
62, 92, 1
62, 77, 1
62, 56, 1
62, 59, 1
62, 83, 1
62, 70, 1
62, 68, 1
62, 84, 1
62, 72, 1
62, 66, 1
62, 54, 1
62, 78, 1
62, 91, 1
62, 85, 1
62, 61, 1
62, 73, 1
62, 86, 1
62, 63, 1
62, 52, 1
62, 76, 1
62, 99, 1
62, 90, 1
62, 55, 1
62, 71, 1
62, 87, 1
62, 58, 1
62, 51, 1
62, 60, 1
62, 97, 1
62, 67, 1
62, 94, 1
62, 50, 1
62, 98, 1
62, 53, 1
62, 82, 1
62, 57, 1
62, 89, 1
62, 95, 1
88, 92, 1
88, 77, 1
88, 56, 1
88, 59, 1
88, 83, 1
88, 70, 1
88, 68, 1
88, 84, 1
88, 72, 1
88, 66, 1
88, 54, 1
88, 78, 1
88, 91, 1
88, 85, 1
88, 61, 1
88, 73, 1
88, 86, 1
88, 63, 1
88, 52, 1
88, 76, 1
88, 99, 1
88, 90, 1
88, 55, 1
88, 71, 1
88, 87, 1
88, 58, 1
88, 51, 1
88, 60, 1
88, 97, 1
88, 67, 1
88, 94, 1
88, 50, 1
88, 98, 1
88, 53, 1
88, 82, 1
88, 57, 1
88, 89, 1
88, 95, 1
88, 62, 1
81, 92, 1
81, 77, 1
81, 56, 1
81, 59, 1
81, 83, 1
81, 70, 1
81, 68, 1
81, 84, 1
81, 72, 1
81, 66, 1
81, 54, 1
81, 78, 1
81, 91, 1
81, 85, 1
81, 61, 1
81, 73, 1
81, 86, 1
81, 63, 1
81, 52, 1
81, 76, 1
81, 99, 1
81, 90, 1
81, 55, 1
81, 71, 1
81, 87, 1
81, 58, 1
81, 51, 1
81, 60, 1
81, 97, 1
81, 67, 1
81, 94, 1
81, 50, 1
81, 98, 1
81, 53, 1
81, 82, 1
81, 57, 1
81, 89, 1
81, 95, 1
81, 62, 1
81, 88, 1
117, 126, 1
117, 146, 1
117, 141, 1
117, 114, 1
117, 113, 1
117, 101, 1
117, 142, 1
117, 100, 1
117, 121, 1
117, 149, 1
117, 138, 1
117, 127, 1
117, 123, 1
117, 106, 1
117, 119, 1
117, 103, 1
117, 129, 1
117, 120, 1
117, 107, 1
117, 133, 1
117, 116, 1
117, 137, 1
117, 110, 1
117, 134, 1
117, 125, 1
117, 111, 1
117, 148, 1
117, 147, 1
117, 136, 1
117, 131, 1
117, 112, 1
117, 108, 1
117, 124, 1
117, 130, 1
117, 140, 1
117, 139, 1
117, 132, 1
117, 122, 1
117, 118, 1
117, 145, 1
117, 128, 1
117, 102, 1
117, 115, 1
117, 143, 1
117, 135, 1
117, 104, 1
144, 126, 1
144, 146, 1
144, 141, 1
144, 114, 1
144, 113, 1
144, 101, 1
144, 142, 1
144, 100, 1
144, 121, 1
144, 149, 1
144, 138, 1
144, 127, 1
144, 123, 1
144, 106, 1
144, 119, 1
144, 103, 1
144, 129, 1
144, 120, 1
144, 107, 1
144, 133, 1
144, 116, 1
144, 137, 1
144, 110, 1
144, 134, 1
144, 125, 1
144, 111, 1
144, 148, 1
144, 147, 1
144, 136, 1
144, 131, 1
144, 112, 1
144, 108, 1
144, 124, 1
144, 130, 1
144, 140, 1
144, 139, 1
144, 132, 1
144, 122, 1
144, 118, 1
144, 145, 1
144, 128, 1
144, 102, 1
144, 115, 1
144, 143, 1
144, 135, 1
144, 104, 1
144, 117, 1
75, 92, 1
75, 77, 1
75, 56, 1
75, 59, 1
75, 83, 1
75, 70, 1
75, 68, 1
75, 84, 1
75, 72, 1
75, 66, 1
75, 54, 1
75, 78, 1
75, 91, 1
75, 85, 1
75, 61, 1
75, 73, 1
75, 86, 1
75, 63, 1
75, 52, 1
75, 76, 1
75, 99, 1
75, 90, 1
75, 55, 1
75, 71, 1
75, 87, 1
75, 58, 1
75, 51, 1
75, 60, 1
75, 97, 1
75, 67, 1
75, 94, 1
75, 50, 1
75, 98, 1
75, 53, 1
75, 82, 1
75, 57, 1
75, 89, 1
75, 95, 1
75, 62, 1
75, 88, 1
75, 81, 1
80, 92, 1
80, 77, 1
80, 56, 1
80, 59, 1
80, 83, 1
80, 70, 1
80, 68, 1
80, 84, 1
80, 72, 1
80, 66, 1
80, 54, 1
80, 78, 1
80, 91, 1
80, 85, 1
80, 61, 1
80, 73, 1
80, 86, 1
80, 63, 1
80, 52, 1
80, 76, 1
80, 99, 1
80, 90, 1
80, 55, 1
80, 71, 1
80, 87, 1
80, 58, 1
80, 51, 1
80, 60, 1
80, 97, 1
80, 67, 1
80, 94, 1
80, 50, 1
80, 98, 1
80, 53, 1
80, 82, 1
80, 57, 1
80, 89, 1
80, 95, 1
80, 62, 1
80, 88, 1
80, 81, 1
80, 75, 1
57, 126, -1
57, 146, -1
57, 141, -1
57, 114, -1
57, 113, -1
57, 101, -1
57, 142, -1
57, 100, -1
57, 121, -1
57, 149, -1
57, 138, -1
57, 127, -1
57, 123, -1
57, 106, -1
57, 119, -1
57, 103, -1
57, 129, -1
57, 120, -1
57, 107, -1
57, 133, -1
57, 116, -1
57, 137, -1
57, 110, -1
57, 134, -1
57, 125, -1
57, 111, -1
57, 148, -1
57, 147, -1
57, 136, -1
57, 131, -1
57, 112, -1
57, 108, -1
57, 124, -1
57, 130, -1
57, 140, -1
57, 139, -1
57, 132, -1
57, 122, -1
57, 118, -1
57, 145, -1
57, 128, -1
57, 102, -1
57, 115, -1
57, 143, -1
57, 135, -1
57, 104, -1
57, 0, -1
89, 126, -1
89, 146, -1
89, 141, -1
89, 114, -1
89, 113, -1
89, 101, -1
89, 142, -1
89, 100, -1
89, 121, -1
89, 149, -1
89, 138, -1
89, 127, -1
89, 123, -1
89, 106, -1
89, 119, -1
89, 103, -1
89, 129, -1
89, 120, -1
89, 107, -1
89, 133, -1
89, 116, -1
89, 137, -1
89, 110, -1
89, 134, -1
89, 125, -1
89, 111, -1
89, 148, -1
89, 147, -1
89, 136, -1
89, 131, -1
89, 112, -1
89, 108, -1
89, 124, -1
89, 130, -1
89, 140, -1
89, 139, -1
89, 132, -1
89, 122, -1
89, 118, -1
89, 145, -1
89, 128, -1
89, 102, -1
89, 115, -1
89, 143, -1
89, 135, -1
89, 104, -1
89, 0, -1
95, 126, -1
95, 146, -1
95, 141, -1
95, 114, -1
95, 113, -1
95, 101, -1
95, 142, -1
95, 100, -1
95, 121, -1
95, 149, -1
95, 138, -1
95, 127, -1
95, 123, -1
95, 106, -1
95, 119, -1
95, 103, -1
95, 129, -1
95, 120, -1
95, 107, -1
95, 133, -1
95, 116, -1
95, 137, -1
95, 110, -1
95, 134, -1
95, 125, -1
95, 111, -1
95, 148, -1
95, 147, -1
95, 136, -1
95, 131, -1
95, 112, -1
95, 108, -1
95, 124, -1
95, 130, -1
95, 140, -1
95, 139, -1
95, 132, -1
95, 122, -1
95, 118, -1
95, 145, -1
95, 128, -1
95, 102, -1
95, 115, -1
95, 143, -1
95, 135, -1
95, 104, -1
95, 0, -1
62, 126, -1
62, 146, -1
62, 141, -1
62, 114, -1
62, 113, -1
62, 101, -1
62, 142, -1
62, 100, -1
62, 121, -1
62, 149, -1
62, 138, -1
62, 127, -1
62, 123, -1
62, 106, -1
62, 119, -1
62, 103, -1
62, 129, -1
62, 120, -1
62, 107, -1
62, 133, -1
62, 116, -1
62, 137, -1
62, 110, -1
62, 134, -1
62, 125, -1
62, 111, -1
62, 148, -1
62, 147, -1
62, 136, -1
62, 131, -1
62, 112, -1
62, 108, -1
62, 124, -1
62, 130, -1
62, 140, -1
62, 139, -1
62, 132, -1
62, 122, -1
62, 118, -1
62, 145, -1
62, 128, -1
62, 102, -1
62, 115, -1
62, 143, -1
62, 135, -1
62, 104, -1
62, 0, -1
88, 126, -1
88, 146, -1
88, 141, -1
88, 114, -1
88, 113, -1
88, 101, -1
88, 142, -1
88, 100, -1
88, 121, -1
88, 149, -1
88, 138, -1
88, 127, -1
88, 123, -1
88, 106, -1
88, 119, -1
88, 103, -1
88, 129, -1
88, 120, -1
88, 107, -1
88, 133, -1
88, 116, -1
88, 137, -1
88, 110, -1
88, 134, -1
88, 125, -1
88, 111, -1
88, 148, -1
88, 147, -1
88, 136, -1
88, 131, -1
88, 112, -1
88, 108, -1
88, 124, -1
88, 130, -1
88, 140, -1
88, 139, -1
88, 132, -1
88, 122, -1
88, 118, -1
88, 145, -1
88, 128, -1
88, 102, -1
88, 115, -1
88, 143, -1
88, 135, -1
88, 104, -1
88, 0, -1
81, 126, -1
81, 146, -1
81, 141, -1
81, 114, -1
81, 113, -1
81, 101, -1
81, 142, -1
81, 100, -1
81, 121, -1
81, 149, -1
81, 138, -1
81, 127, -1
81, 123, -1
81, 106, -1
81, 119, -1
81, 103, -1
81, 129, -1
81, 120, -1
81, 107, -1
81, 133, -1
81, 116, -1
81, 137, -1
81, 110, -1
81, 134, -1
81, 125, -1
81, 111, -1
81, 148, -1
81, 147, -1
81, 136, -1
81, 131, -1
81, 112, -1
81, 108, -1
81, 124, -1
81, 130, -1
81, 140, -1
81, 139, -1
81, 132, -1
81, 122, -1
81, 118, -1
81, 145, -1
81, 128, -1
81, 102, -1
81, 115, -1
81, 143, -1
81, 135, -1
81, 104, -1
81, 0, -1
117, 92, -1
117, 77, -1
117, 56, -1
117, 59, -1
117, 83, -1
117, 70, -1
117, 68, -1
117, 84, -1
117, 72, -1
117, 66, -1
117, 54, -1
117, 78, -1
117, 91, -1
117, 85, -1
117, 61, -1
117, 73, -1
117, 86, -1
117, 63, -1
117, 52, -1
117, 76, -1
117, 99, -1
117, 90, -1
117, 55, -1
117, 71, -1
117, 87, -1
117, 58, -1
117, 51, -1
117, 60, -1
117, 97, -1
117, 67, -1
117, 94, -1
117, 50, -1
117, 98, -1
117, 53, -1
117, 82, -1
117, 57, -1
117, 89, -1
117, 95, -1
117, 62, -1
117, 88, -1
117, 81, -1
117, 0, -1
144, 92, -1
144, 77, -1
144, 56, -1
144, 59, -1
144, 83, -1
144, 70, -1
144, 68, -1
144, 84, -1
144, 72, -1
144, 66, -1
144, 54, -1
144, 78, -1
144, 91, -1
144, 85, -1
144, 61, -1
144, 73, -1
144, 86, -1
144, 63, -1
144, 52, -1
144, 76, -1
144, 99, -1
144, 90, -1
144, 55, -1
144, 71, -1
144, 87, -1
144, 58, -1
144, 51, -1
144, 60, -1
144, 97, -1
144, 67, -1
144, 94, -1
144, 50, -1
144, 98, -1
144, 53, -1
144, 82, -1
144, 57, -1
144, 89, -1
144, 95, -1
144, 62, -1
144, 88, -1
144, 81, -1
144, 0, -1
75, 126, -1
75, 146, -1
75, 141, -1
75, 114, -1
75, 113, -1
75, 101, -1
75, 142, -1
75, 100, -1
75, 121, -1
75, 149, -1
75, 138, -1
75, 127, -1
75, 123, -1
75, 106, -1
75, 119, -1
75, 103, -1
75, 129, -1
75, 120, -1
75, 107, -1
75, 133, -1
75, 116, -1
75, 137, -1
75, 110, -1
75, 134, -1
75, 125, -1
75, 111, -1
75, 148, -1
75, 147, -1
75, 136, -1
75, 131, -1
75, 112, -1
75, 108, -1
75, 124, -1
75, 130, -1
75, 140, -1
75, 139, -1
75, 132, -1
75, 122, -1
75, 118, -1
75, 145, -1
75, 128, -1
75, 102, -1
75, 115, -1
75, 143, -1
75, 135, -1
75, 104, -1
75, 117, -1
75, 144, -1
75, 0, -1
80, 126, -1
80, 146, -1
80, 141, -1
80, 114, -1
80, 113, -1
80, 101, -1
80, 142, -1
80, 100, -1
80, 121, -1
80, 149, -1
80, 138, -1
80, 127, -1
80, 123, -1
80, 106, -1
80, 119, -1
80, 103, -1
80, 129, -1
80, 120, -1
80, 107, -1
80, 133, -1
80, 116, -1
80, 137, -1
80, 110, -1
80, 134, -1
80, 125, -1
80, 111, -1
80, 148, -1
80, 147, -1
80, 136, -1
80, 131, -1
80, 112, -1
80, 108, -1
80, 124, -1
80, 130, -1
80, 140, -1
80, 139, -1
80, 132, -1
80, 122, -1
80, 118, -1
80, 145, -1
80, 128, -1
80, 102, -1
80, 115, -1
80, 143, -1
80, 135, -1
80, 104, -1
80, 117, -1
80, 144, -1
80, 0, -1

