141, 126, 1
77, 92, 1
147, 126, 1
147, 141, 1
110, 126, 1
110, 141, 1
110, 147, 1
129, 126, 1
129, 141, 1
129, 147, 1
129, 110, 1
125, 126, 1
125, 141, 1
125, 147, 1
125, 110, 1
125, 129, 1
92, 126, -1
141, 92, -1
77, 126, -1
77, 141, -1
147, 92, -1
147, 77, -1
110, 92, -1
110, 77, -1
129, 92, -1
129, 77, -1
0, 126, -1
0, 141, -1
0, 147, -1
0, 110, -1
0, 129, -1
0, 92, -1
0, 77, -1
125, 92, -1
125, 77, -1
125, 0, -1

1, 0, 1
107, 126, 1
107, 141, 1
107, 147, 1
107, 110, 1
107, 129, 1
107, 125, 1
107, 145, 1
142, 126, 1
142, 141, 1
142, 147, 1
142, 110, 1
142, 129, 1
142, 125, 1
142, 145, 1
142, 107, 1
1, 126, -1
1, 141, -1
1, 147, -1
1, 110, -1
1, 129, -1
1, 125, -1
1, 145, -1
1, 92, -1
1, 77, -1
1, 82, -1
107, 92, -1
107, 77, -1
107, 82, -1
107, 0, -1
107, 1, -1
142, 92, -1
142, 77, -1
142, 82, -1
142, 0, -1
142, 1, -1

49, 0, 1
49, 1, 1
49, 17, 1
52, 92, 1
52, 77, 1
52, 82, 1
52, 67, 1
116, 126, 1
116, 141, 1
116, 147, 1
116, 110, 1
116, 129, 1
116, 125, 1
116, 145, 1
116, 107, 1
116, 142, 1
116, 130, 1
49, 126, -1
49, 141, -1
49, 147, -1
49, 110, -1
49, 129, -1
49, 125, -1
49, 145, -1
49, 107, -1
49, 142, -1
49, 130, -1
49, 92, -1
49, 77, -1
49, 82, -1
49, 67, -1
52, 126, -1
52, 141, -1
52, 147, -1
52, 110, -1
52, 129, -1
52, 125, -1
52, 145, -1
52, 107, -1
52, 142, -1
52, 130, -1
52, 0, -1
52, 1, -1
52, 17, -1
52, 49, -1
116, 92, -1
116, 77, -1
116, 82, -1
116, 67, -1
116, 52, -1
116, 0, -1
116, 1, -1
116, 17, -1
116, 49, -1

45, 0, 1
45, 1, 1
45, 17, 1
45, 49, 1
45, 12, 1
56, 92, 1
56, 77, 1
56, 82, 1
56, 67, 1
56, 52, 1
56, 69, 1
101, 126, 1
101, 141, 1
101, 147, 1
101, 110, 1
101, 129, 1
101, 125, 1
101, 145, 1
101, 107, 1
101, 142, 1
101, 130, 1
101, 116, 1
101, 137, 1
45, 126, -1
45, 141, -1
45, 147, -1
45, 110, -1
45, 129, -1
45, 125, -1
45, 145, -1
45, 107, -1
45, 142, -1
45, 130, -1
45, 116, -1
45, 137, -1
45, 92, -1
45, 77, -1
45, 82, -1
45, 67, -1
45, 52, -1
45, 69, -1
56, 126, -1
56, 141, -1
56, 147, -1
56, 110, -1
56, 129, -1
56, 125, -1
56, 145, -1
56, 107, -1
56, 142, -1
56, 130, -1
56, 116, -1
56, 137, -1
56, 0, -1
56, 1, -1
56, 17, -1
56, 49, -1
56, 12, -1
56, 45, -1
101, 92, -1
101, 77, -1
101, 82, -1
101, 67, -1
101, 52, -1
101, 69, -1
101, 56, -1
101, 0, -1
101, 1, -1
101, 17, -1
101, 49, -1
101, 12, -1
101, 45, -1

33, 0, 1
33, 1, 1
33, 17, 1
33, 49, 1
33, 12, 1
33, 45, 1
33, 28, 1
48, 0, 1
48, 1, 1
48, 17, 1
48, 49, 1
48, 12, 1
48, 45, 1
48, 28, 1
48, 33, 1
106, 126, 1
106, 141, 1
106, 147, 1
106, 110, 1
106, 129, 1
106, 125, 1
106, 145, 1
106, 107, 1
106, 142, 1
106, 130, 1
106, 116, 1
106, 137, 1
106, 101, 1
106, 103, 1
33, 126, -1
33, 141, -1
33, 147, -1
33, 110, -1
33, 129, -1
33, 125, -1
33, 145, -1
33, 107, -1
33, 142, -1
33, 130, -1
33, 116, -1
33, 137, -1
33, 101, -1
33, 103, -1
33, 92, -1
33, 77, -1
33, 82, -1
33, 67, -1
33, 52, -1
33, 69, -1
33, 56, -1
33, 80, -1
48, 126, -1
48, 141, -1
48, 147, -1
48, 110, -1
48, 129, -1
48, 125, -1
48, 145, -1
48, 107, -1
48, 142, -1
48, 130, -1
48, 116, -1
48, 137, -1
48, 101, -1
48, 103, -1
48, 92, -1
48, 77, -1
48, 82, -1
48, 67, -1
48, 52, -1
48, 69, -1
48, 56, -1
48, 80, -1
106, 92, -1
106, 77, -1
106, 82, -1
106, 67, -1
106, 52, -1
106, 69, -1
106, 56, -1
106, 80, -1
106, 0, -1
106, 1, -1
106, 17, -1
106, 49, -1
106, 12, -1
106, 45, -1
106, 28, -1
106, 33, -1
106, 48, -1

47, 0, 1
47, 1, 1
47, 17, 1
47, 49, 1
47, 12, 1
47, 45, 1
47, 28, 1
47, 33, 1
47, 48, 1
47, 10, 1
84, 92, 1
84, 77, 1
84, 82, 1
84, 67, 1
84, 52, 1
84, 69, 1
84, 56, 1
84, 80, 1
84, 81, 1
108, 126, 1
108, 141, 1
108, 147, 1
108, 110, 1
108, 129, 1
108, 125, 1
108, 145, 1
108, 107, 1
108, 142, 1
108, 130, 1
108, 116, 1
108, 137, 1
108, 101, 1
108, 103, 1
108, 106, 1
108, 128, 1
47, 126, -1
47, 141, -1
47, 147, -1
47, 110, -1
47, 129, -1
47, 125, -1
47, 145, -1
47, 107, -1
47, 142, -1
47, 130, -1
47, 116, -1
47, 137, -1
47, 101, -1
47, 103, -1
47, 106, -1
47, 128, -1
47, 92, -1
47, 77, -1
47, 82, -1
47, 67, -1
47, 52, -1
47, 69, -1
47, 56, -1
47, 80, -1
47, 81, -1
84, 126, -1
84, 141, -1
84, 147, -1
84, 110, -1
84, 129, -1
84, 125, -1
84, 145, -1
84, 107, -1
84, 142, -1
84, 130, -1
84, 116, -1
84, 137, -1
84, 101, -1
84, 103, -1
84, 106, -1
84, 128, -1
84, 0, -1
84, 1, -1
84, 17, -1
84, 49, -1
84, 12, -1
84, 45, -1
84, 28, -1
84, 33, -1
84, 48, -1
84, 10, -1
84, 47, -1
108, 92, -1
108, 77, -1
108, 82, -1
108, 67, -1
108, 52, -1
108, 69, -1
108, 56, -1
108, 80, -1
108, 81, -1
108, 84, -1
108, 0, -1
108, 1, -1
108, 17, -1
108, 49, -1
108, 12, -1
108, 45, -1
108, 28, -1
108, 33, -1
108, 48, -1
108, 10, -1
108, 47, -1

36, 0, 1
36, 1, 1
36, 17, 1
36, 49, 1
36, 12, 1
36, 45, 1
36, 28, 1
36, 33, 1
36, 48, 1
36, 10, 1
36, 47, 1
36, 34, 1
134, 126, 1
134, 141, 1
134, 147, 1
134, 110, 1
134, 129, 1
134, 125, 1
134, 145, 1
134, 107, 1
134, 142, 1
134, 130, 1
134, 116, 1
134, 137, 1
134, 101, 1
134, 103, 1
134, 106, 1
134, 128, 1
134, 108, 1
134, 132, 1
138, 126, 1
138, 141, 1
138, 147, 1
138, 110, 1
138, 129, 1
138, 125, 1
138, 145, 1
138, 107, 1
138, 142, 1
138, 130, 1
138, 116, 1
138, 137, 1
138, 101, 1
138, 103, 1
138, 106, 1
138, 128, 1
138, 108, 1
138, 132, 1
138, 134, 1
36, 126, -1
36, 141, -1
36, 147, -1
36, 110, -1
36, 129, -1
36, 125, -1
36, 145, -1
36, 107, -1
36, 142, -1
36, 130, -1
36, 116, -1
36, 137, -1
36, 101, -1
36, 103, -1
36, 106, -1
36, 128, -1
36, 108, -1
36, 132, -1
36, 92, -1
36, 77, -1
36, 82, -1
36, 67, -1
36, 52, -1
36, 69, -1
36, 56, -1
36, 80, -1
36, 81, -1
36, 84, -1
36, 66, -1
134, 92, -1
134, 77, -1
134, 82, -1
134, 67, -1
134, 52, -1
134, 69, -1
134, 56, -1
134, 80, -1
134, 81, -1
134, 84, -1
134, 66, -1
134, 0, -1
134, 1, -1
134, 17, -1
134, 49, -1
134, 12, -1
134, 45, -1
134, 28, -1
134, 33, -1
134, 48, -1
134, 10, -1
134, 47, -1
134, 34, -1
134, 36, -1
138, 92, -1
138, 77, -1
138, 82, -1
138, 67, -1
138, 52, -1
138, 69, -1
138, 56, -1
138, 80, -1
138, 81, -1
138, 84, -1
138, 66, -1
138, 0, -1
138, 1, -1
138, 17, -1
138, 49, -1
138, 12, -1
138, 45, -1
138, 28, -1
138, 33, -1
138, 48, -1
138, 10, -1
138, 47, -1
138, 34, -1
138, 36, -1

18, 0, 1
18, 1, 1
18, 17, 1
18, 49, 1
18, 12, 1
18, 45, 1
18, 28, 1
18, 33, 1
18, 48, 1
18, 10, 1
18, 47, 1
18, 34, 1
18, 36, 1
18, 9, 1
111, 126, 1
111, 141, 1
111, 147, 1
111, 110, 1
111, 129, 1
111, 125, 1
111, 145, 1
111, 107, 1
111, 142, 1
111, 130, 1
111, 116, 1
111, 137, 1
111, 101, 1
111, 103, 1
111, 106, 1
111, 128, 1
111, 108, 1
111, 132, 1
111, 134, 1
111, 138, 1
111, 104, 1
127, 126, 1
127, 141, 1
127, 147, 1
127, 110, 1
127, 129, 1
127, 125, 1
127, 145, 1
127, 107, 1
127, 142, 1
127, 130, 1
127, 116, 1
127, 137, 1
127, 101, 1
127, 103, 1
127, 106, 1
127, 128, 1
127, 108, 1
127, 132, 1
127, 134, 1
127, 138, 1
127, 104, 1
127, 111, 1
18, 126, -1
18, 141, -1
18, 147, -1
18, 110, -1
18, 129, -1
18, 125, -1
18, 145, -1
18, 107, -1
18, 142, -1
18, 130, -1
18, 116, -1
18, 137, -1
18, 101, -1
18, 103, -1
18, 106, -1
18, 128, -1
18, 108, -1
18, 132, -1
18, 134, -1
18, 138, -1
18, 104, -1
18, 92, -1
18, 77, -1
18, 82, -1
18, 67, -1
18, 52, -1
18, 69, -1
18, 56, -1
18, 80, -1
18, 81, -1
18, 84, -1
18, 66, -1
18, 89, -1
111, 92, -1
111, 77, -1
111, 82, -1
111, 67, -1
111, 52, -1
111, 69, -1
111, 56, -1
111, 80, -1
111, 81, -1
111, 84, -1
111, 66, -1
111, 89, -1
111, 0, -1
111, 1, -1
111, 17, -1
111, 49, -1
111, 12, -1
111, 45, -1
111, 28, -1
111, 33, -1
111, 48, -1
111, 10, -1
111, 47, -1
111, 34, -1
111, 36, -1
111, 9, -1
111, 18, -1
127, 92, -1
127, 77, -1
127, 82, -1
127, 67, -1
127, 52, -1
127, 69, -1
127, 56, -1
127, 80, -1
127, 81, -1
127, 84, -1
127, 66, -1
127, 89, -1
127, 0, -1
127, 1, -1
127, 17, -1
127, 49, -1
127, 12, -1
127, 45, -1
127, 28, -1
127, 33, -1
127, 48, -1
127, 10, -1
127, 47, -1
127, 34, -1
127, 36, -1
127, 9, -1
127, 18, -1

15, 0, 1
15, 1, 1
15, 17, 1
15, 49, 1
15, 12, 1
15, 45, 1
15, 28, 1
15, 33, 1
15, 48, 1
15, 10, 1
15, 47, 1
15, 34, 1
15, 36, 1
15, 9, 1
15, 18, 1
15, 30, 1
144, 126, 1
144, 141, 1
144, 147, 1
144, 110, 1
144, 129, 1
144, 125, 1
144, 145, 1
144, 107, 1
144, 142, 1
144, 130, 1
144, 116, 1
144, 137, 1
144, 101, 1
144, 103, 1
144, 106, 1
144, 128, 1
144, 108, 1
144, 132, 1
144, 134, 1
144, 138, 1
144, 104, 1
144, 111, 1
144, 127, 1
144, 139, 1
149, 126, 1
149, 141, 1
149, 147, 1
149, 110, 1
149, 129, 1
149, 125, 1
149, 145, 1
149, 107, 1
149, 142, 1
149, 130, 1
149, 116, 1
149, 137, 1
149, 101, 1
149, 103, 1
149, 106, 1
149, 128, 1
149, 108, 1
149, 132, 1
149, 134, 1
149, 138, 1
149, 104, 1
149, 111, 1
149, 127, 1
149, 139, 1
149, 144, 1
15, 126, -1
15, 141, -1
15, 147, -1
15, 110, -1
15, 129, -1
15, 125, -1
15, 145, -1
15, 107, -1
15, 142, -1
15, 130, -1
15, 116, -1
15, 137, -1
15, 101, -1
15, 103, -1
15, 106, -1
15, 128, -1
15, 108, -1
15, 132, -1
15, 134, -1
15, 138, -1
15, 104, -1
15, 111, -1
15, 127, -1
15, 139, -1
15, 92, -1
15, 77, -1
15, 82, -1
15, 67, -1
15, 52, -1
15, 69, -1
15, 56, -1
15, 80, -1
15, 81, -1
15, 84, -1
15, 66, -1
15, 89, -1
15, 53, -1
144, 92, -1
144, 77, -1
144, 82, -1
144, 67, -1
144, 52, -1
144, 69, -1
144, 56, -1
144, 80, -1
144, 81, -1
144, 84, -1
144, 66, -1
144, 89, -1
144, 53, -1
144, 0, -1
144, 1, -1
144, 17, -1
144, 49, -1
144, 12, -1
144, 45, -1
144, 28, -1
144, 33, -1
144, 48, -1
144, 10, -1
144, 47, -1
144, 34, -1
144, 36, -1
144, 9, -1
144, 18, -1
144, 30, -1
144, 15, -1
149, 92, -1
149, 77, -1
149, 82, -1
149, 67, -1
149, 52, -1
149, 69, -1
149, 56, -1
149, 80, -1
149, 81, -1
149, 84, -1
149, 66, -1
149, 89, -1
149, 53, -1
149, 0, -1
149, 1, -1
149, 17, -1
149, 49, -1
149, 12, -1
149, 45, -1
149, 28, -1
149, 33, -1
149, 48, -1
149, 10, -1
149, 47, -1
149, 34, -1
149, 36, -1
149, 9, -1
149, 18, -1
149, 30, -1
149, 15, -1

14, 0, 1
14, 1, 1
14, 17, 1
14, 49, 1
14, 12, 1
14, 45, 1
14, 28, 1
14, 33, 1
14, 48, 1
14, 10, 1
14, 47, 1
14, 34, 1
14, 36, 1
14, 9, 1
14, 18, 1
14, 30, 1
14, 15, 1
14, 39, 1
124, 126, 1
124, 141, 1
124, 147, 1
124, 110, 1
124, 129, 1
124, 125, 1
124, 145, 1
124, 107, 1
124, 142, 1
124, 130, 1
124, 116, 1
124, 137, 1
124, 101, 1
124, 103, 1
124, 106, 1
124, 128, 1
124, 108, 1
124, 132, 1
124, 134, 1
124, 138, 1
124, 104, 1
124, 111, 1
124, 127, 1
124, 139, 1
124, 144, 1
124, 149, 1
124, 112, 1
121, 126, 1
121, 141, 1
121, 147, 1
121, 110, 1
121, 129, 1
121, 125, 1
121, 145, 1
121, 107, 1
121, 142, 1
121, 130, 1
121, 116, 1
121, 137, 1
121, 101, 1
121, 103, 1
121, 106, 1
121, 128, 1
121, 108, 1
121, 132, 1
121, 134, 1
121, 138, 1
121, 104, 1
121, 111, 1
121, 127, 1
121, 139, 1
121, 144, 1
121, 149, 1
121, 112, 1
121, 124, 1
14, 126, -1
14, 141, -1
14, 147, -1
14, 110, -1
14, 129, -1
14, 125, -1
14, 145, -1
14, 107, -1
14, 142, -1
14, 130, -1
14, 116, -1
14, 137, -1
14, 101, -1
14, 103, -1
14, 106, -1
14, 128, -1
14, 108, -1
14, 132, -1
14, 134, -1
14, 138, -1
14, 104, -1
14, 111, -1
14, 127, -1
14, 139, -1
14, 144, -1
14, 149, -1
14, 112, -1
14, 92, -1
14, 77, -1
14, 82, -1
14, 67, -1
14, 52, -1
14, 69, -1
14, 56, -1
14, 80, -1
14, 81, -1
14, 84, -1
14, 66, -1
14, 89, -1
14, 53, -1
14, 51, -1
124, 92, -1
124, 77, -1
124, 82, -1
124, 67, -1
124, 52, -1
124, 69, -1
124, 56, -1
124, 80, -1
124, 81, -1
124, 84, -1
124, 66, -1
124, 89, -1
124, 53, -1
124, 51, -1
124, 0, -1
124, 1, -1
124, 17, -1
124, 49, -1
124, 12, -1
124, 45, -1
124, 28, -1
124, 33, -1
124, 48, -1
124, 10, -1
124, 47, -1
124, 34, -1
124, 36, -1
124, 9, -1
124, 18, -1
124, 30, -1
124, 15, -1
124, 39, -1
124, 14, -1
121, 92, -1
121, 77, -1
121, 82, -1
121, 67, -1
121, 52, -1
121, 69, -1
121, 56, -1
121, 80, -1
121, 81, -1
121, 84, -1
121, 66, -1
121, 89, -1
121, 53, -1
121, 51, -1
121, 0, -1
121, 1, -1
121, 17, -1
121, 49, -1
121, 12, -1
121, 45, -1
121, 28, -1
121, 33, -1
121, 48, -1
121, 10, -1
121, 47, -1
121, 34, -1
121, 36, -1
121, 9, -1
121, 18, -1
121, 30, -1
121, 15, -1
121, 39, -1
121, 14, -1

