348, 382, 1
404, 640, 1
410, 640, 1
410, 404, 1
659, 640, 1
659, 404, 1
659, 410, 1
640, 382, -1
640, 348, -1
0, 382, -1
0, 348, -1
0, 640, -1
2, 382, -1
2, 348, -1
2, 640, -1
2, 0, -1
404, 382, -1
404, 348, -1
404, 0, -1
404, 2, -1
410, 382, -1
410, 348, -1
410, 0, -1
410, 2, -1
659, 382, -1
659, 348, -1
659, 0, -1
659, 2, -1

1, 382, -1
1, 348, -1
1, 640, -1
1, 404, -1
1, 410, -1
1, 659, -1
1, 0, -1
1, 2, -1
3, 382, -1
3, 348, -1
3, 640, -1
3, 404, -1
3, 410, -1
3, 659, -1
3, 0, -1
3, 2, -1
3, 1, -1

449, 640, 1
449, 404, 1
449, 410, 1
449, 659, 1
491, 640, 1
491, 404, 1
491, 410, 1
491, 659, 1
491, 449, 1
457, 640, 1
457, 404, 1
457, 410, 1
457, 659, 1
457, 449, 1
457, 491, 1
601, 640, 1
601, 404, 1
601, 410, 1
601, 659, 1
601, 449, 1
601, 491, 1
601, 457, 1
603, 640, 1
603, 404, 1
603, 410, 1
603, 659, 1
603, 449, 1
603, 491, 1
603, 457, 1
603, 601, 1
742, 640, 1
742, 404, 1
742, 410, 1
742, 659, 1
742, 449, 1
742, 491, 1
742, 457, 1
742, 601, 1
742, 603, 1
449, 382, -1
449, 348, -1
449, 0, -1
449, 2, -1
449, 1, -1
449, 3, -1
491, 382, -1
491, 348, -1
491, 0, -1
491, 2, -1
491, 1, -1
491, 3, -1
457, 382, -1
457, 348, -1
457, 0, -1
457, 2, -1
457, 1, -1
457, 3, -1
601, 382, -1
601, 348, -1
601, 0, -1
601, 2, -1
601, 1, -1
601, 3, -1
603, 382, -1
603, 348, -1
603, 0, -1
603, 2, -1
603, 1, -1
603, 3, -1
742, 382, -1
742, 348, -1
742, 0, -1
742, 2, -1
742, 1, -1
742, 3, -1

727, 640, 1
727, 404, 1
727, 410, 1
727, 659, 1
727, 449, 1
727, 491, 1
727, 457, 1
727, 601, 1
727, 603, 1
727, 742, 1
523, 640, 1
523, 404, 1
523, 410, 1
523, 659, 1
523, 449, 1
523, 491, 1
523, 457, 1
523, 601, 1
523, 603, 1
523, 742, 1
523, 727, 1
546, 640, 1
546, 404, 1
546, 410, 1
546, 659, 1
546, 449, 1
546, 491, 1
546, 457, 1
546, 601, 1
546, 603, 1
546, 742, 1
546, 727, 1
546, 523, 1
653, 640, 1
653, 404, 1
653, 410, 1
653, 659, 1
653, 449, 1
653, 491, 1
653, 457, 1
653, 601, 1
653, 603, 1
653, 742, 1
653, 727, 1
653, 523, 1
653, 546, 1
702, 640, 1
702, 404, 1
702, 410, 1
702, 659, 1
702, 449, 1
702, 491, 1
702, 457, 1
702, 601, 1
702, 603, 1
702, 742, 1
702, 727, 1
702, 523, 1
702, 546, 1
702, 653, 1
560, 640, 1
560, 404, 1
560, 410, 1
560, 659, 1
560, 449, 1
560, 491, 1
560, 457, 1
560, 601, 1
560, 603, 1
560, 742, 1
560, 727, 1
560, 523, 1
560, 546, 1
560, 653, 1
560, 702, 1
727, 382, -1
727, 348, -1
727, 0, -1
727, 2, -1
727, 1, -1
727, 3, -1
523, 382, -1
523, 348, -1
523, 0, -1
523, 2, -1
523, 1, -1
523, 3, -1
546, 382, -1
546, 348, -1
546, 0, -1
546, 2, -1
546, 1, -1
546, 3, -1
653, 382, -1
653, 348, -1
653, 0, -1
653, 2, -1
653, 1, -1
653, 3, -1
702, 382, -1
702, 348, -1
702, 0, -1
702, 2, -1
702, 1, -1
702, 3, -1
560, 382, -1
560, 348, -1
560, 0, -1
560, 2, -1
560, 1, -1
560, 3, -1

197, 382, 1
197, 348, 1
708, 640, 1
708, 404, 1
708, 410, 1
708, 659, 1
708, 449, 1
708, 491, 1
708, 457, 1
708, 601, 1
708, 603, 1
708, 742, 1
708, 727, 1
708, 523, 1
708, 546, 1
708, 653, 1
708, 702, 1
708, 560, 1
214, 382, 1
214, 348, 1
214, 197, 1
467, 640, 1
467, 404, 1
467, 410, 1
467, 659, 1
467, 449, 1
467, 491, 1
467, 457, 1
467, 601, 1
467, 603, 1
467, 742, 1
467, 727, 1
467, 523, 1
467, 546, 1
467, 653, 1
467, 702, 1
467, 560, 1
467, 708, 1
589, 640, 1
589, 404, 1
589, 410, 1
589, 659, 1
589, 449, 1
589, 491, 1
589, 457, 1
589, 601, 1
589, 603, 1
589, 742, 1
589, 727, 1
589, 523, 1
589, 546, 1
589, 653, 1
589, 702, 1
589, 560, 1
589, 708, 1
589, 467, 1
218, 382, 1
218, 348, 1
218, 197, 1
218, 214, 1
489, 640, 1
489, 404, 1
489, 410, 1
489, 659, 1
489, 449, 1
489, 491, 1
489, 457, 1
489, 601, 1
489, 603, 1
489, 742, 1
489, 727, 1
489, 523, 1
489, 546, 1
489, 653, 1
489, 702, 1
489, 560, 1
489, 708, 1
489, 467, 1
489, 589, 1
197, 640, -1
197, 404, -1
197, 410, -1
197, 659, -1
197, 449, -1
197, 491, -1
197, 457, -1
197, 601, -1
197, 603, -1
197, 742, -1
197, 727, -1
197, 523, -1
197, 546, -1
197, 653, -1
197, 702, -1
197, 560, -1
197, 0, -1
197, 2, -1
197, 1, -1
197, 3, -1
708, 382, -1
708, 348, -1
708, 197, -1
708, 0, -1
708, 2, -1
708, 1, -1
708, 3, -1
214, 640, -1
214, 404, -1
214, 410, -1
214, 659, -1
214, 449, -1
214, 491, -1
214, 457, -1
214, 601, -1
214, 603, -1
214, 742, -1
214, 727, -1
214, 523, -1
214, 546, -1
214, 653, -1
214, 702, -1
214, 560, -1
214, 708, -1
214, 0, -1
214, 2, -1
214, 1, -1
214, 3, -1
467, 382, -1
467, 348, -1
467, 197, -1
467, 214, -1
467, 0, -1
467, 2, -1
467, 1, -1
467, 3, -1
589, 382, -1
589, 348, -1
589, 197, -1
589, 214, -1
589, 0, -1
589, 2, -1
589, 1, -1
589, 3, -1
218, 640, -1
218, 404, -1
218, 410, -1
218, 659, -1
218, 449, -1
218, 491, -1
218, 457, -1
218, 601, -1
218, 603, -1
218, 742, -1
218, 727, -1
218, 523, -1
218, 546, -1
218, 653, -1
218, 702, -1
218, 560, -1
218, 708, -1
218, 467, -1
218, 589, -1
218, 0, -1
218, 2, -1
218, 1, -1
218, 3, -1
489, 382, -1
489, 348, -1
489, 197, -1
489, 214, -1
489, 218, -1
489, 0, -1
489, 2, -1
489, 1, -1
489, 3, -1

598, 640, 1
598, 404, 1
598, 410, 1
598, 659, 1
598, 449, 1
598, 491, 1
598, 457, 1
598, 601, 1
598, 603, 1
598, 742, 1
598, 727, 1
598, 523, 1
598, 546, 1
598, 653, 1
598, 702, 1
598, 560, 1
598, 708, 1
598, 467, 1
598, 589, 1
598, 489, 1
456, 640, 1
456, 404, 1
456, 410, 1
456, 659, 1
456, 449, 1
456, 491, 1
456, 457, 1
456, 601, 1
456, 603, 1
456, 742, 1
456, 727, 1
456, 523, 1
456, 546, 1
456, 653, 1
456, 702, 1
456, 560, 1
456, 708, 1
456, 467, 1
456, 589, 1
456, 489, 1
456, 598, 1
595, 640, 1
595, 404, 1
595, 410, 1
595, 659, 1
595, 449, 1
595, 491, 1
595, 457, 1
595, 601, 1
595, 603, 1
595, 742, 1
595, 727, 1
595, 523, 1
595, 546, 1
595, 653, 1
595, 702, 1
595, 560, 1
595, 708, 1
595, 467, 1
595, 589, 1
595, 489, 1
595, 598, 1
595, 456, 1
737, 640, 1
737, 404, 1
737, 410, 1
737, 659, 1
737, 449, 1
737, 491, 1
737, 457, 1
737, 601, 1
737, 603, 1
737, 742, 1
737, 727, 1
737, 523, 1
737, 546, 1
737, 653, 1
737, 702, 1
737, 560, 1
737, 708, 1
737, 467, 1
737, 589, 1
737, 489, 1
737, 598, 1
737, 456, 1
737, 595, 1
278, 382, 1
278, 348, 1
278, 197, 1
278, 214, 1
278, 218, 1
562, 640, 1
562, 404, 1
562, 410, 1
562, 659, 1
562, 449, 1
562, 491, 1
562, 457, 1
562, 601, 1
562, 603, 1
562, 742, 1
562, 727, 1
562, 523, 1
562, 546, 1
562, 653, 1
562, 702, 1
562, 560, 1
562, 708, 1
562, 467, 1
562, 589, 1
562, 489, 1
562, 598, 1
562, 456, 1
562, 595, 1
562, 737, 1
512, 640, 1
512, 404, 1
512, 410, 1
512, 659, 1
512, 449, 1
512, 491, 1
512, 457, 1
512, 601, 1
512, 603, 1
512, 742, 1
512, 727, 1
512, 523, 1
512, 546, 1
512, 653, 1
512, 702, 1
512, 560, 1
512, 708, 1
512, 467, 1
512, 589, 1
512, 489, 1
512, 598, 1
512, 456, 1
512, 595, 1
512, 737, 1
512, 562, 1
598, 382, -1
598, 348, -1
598, 197, -1
598, 214, -1
598, 218, -1
598, 0, -1
598, 2, -1
598, 1, -1
598, 3, -1
456, 382, -1
456, 348, -1
456, 197, -1
456, 214, -1
456, 218, -1
456, 0, -1
456, 2, -1
456, 1, -1
456, 3, -1
595, 382, -1
595, 348, -1
595, 197, -1
595, 214, -1
595, 218, -1
595, 0, -1
595, 2, -1
595, 1, -1
595, 3, -1
737, 382, -1
737, 348, -1
737, 197, -1
737, 214, -1
737, 218, -1
737, 0, -1
737, 2, -1
737, 1, -1
737, 3, -1
278, 640, -1
278, 404, -1
278, 410, -1
278, 659, -1
278, 449, -1
278, 491, -1
278, 457, -1
278, 601, -1
278, 603, -1
278, 742, -1
278, 727, -1
278, 523, -1
278, 546, -1
278, 653, -1
278, 702, -1
278, 560, -1
278, 708, -1
278, 467, -1
278, 589, -1
278, 489, -1
278, 598, -1
278, 456, -1
278, 595, -1
278, 737, -1
278, 0, -1
278, 2, -1
278, 1, -1
278, 3, -1
562, 382, -1
562, 348, -1
562, 197, -1
562, 214, -1
562, 218, -1
562, 278, -1
562, 0, -1
562, 2, -1
562, 1, -1
562, 3, -1
512, 382, -1
512, 348, -1
512, 197, -1
512, 214, -1
512, 218, -1
512, 278, -1
512, 0, -1
512, 2, -1
512, 1, -1
512, 3, -1

641, 640, 1
641, 404, 1
641, 410, 1
641, 659, 1
641, 449, 1
641, 491, 1
641, 457, 1
641, 601, 1
641, 603, 1
641, 742, 1
641, 727, 1
641, 523, 1
641, 546, 1
641, 653, 1
641, 702, 1
641, 560, 1
641, 708, 1
641, 467, 1
641, 589, 1
641, 489, 1
641, 598, 1
641, 456, 1
641, 595, 1
641, 737, 1
641, 562, 1
641, 512, 1
668, 640, 1
668, 404, 1
668, 410, 1
668, 659, 1
668, 449, 1
668, 491, 1
668, 457, 1
668, 601, 1
668, 603, 1
668, 742, 1
668, 727, 1
668, 523, 1
668, 546, 1
668, 653, 1
668, 702, 1
668, 560, 1
668, 708, 1
668, 467, 1
668, 589, 1
668, 489, 1
668, 598, 1
668, 456, 1
668, 595, 1
668, 737, 1
668, 562, 1
668, 512, 1
668, 641, 1
544, 640, 1
544, 404, 1
544, 410, 1
544, 659, 1
544, 449, 1
544, 491, 1
544, 457, 1
544, 601, 1
544, 603, 1
544, 742, 1
544, 727, 1
544, 523, 1
544, 546, 1
544, 653, 1
544, 702, 1
544, 560, 1
544, 708, 1
544, 467, 1
544, 589, 1
544, 489, 1
544, 598, 1
544, 456, 1
544, 595, 1
544, 737, 1
544, 562, 1
544, 512, 1
544, 641, 1
544, 668, 1
680, 640, 1
680, 404, 1
680, 410, 1
680, 659, 1
680, 449, 1
680, 491, 1
680, 457, 1
680, 601, 1
680, 603, 1
680, 742, 1
680, 727, 1
680, 523, 1
680, 546, 1
680, 653, 1
680, 702, 1
680, 560, 1
680, 708, 1
680, 467, 1
680, 589, 1
680, 489, 1
680, 598, 1
680, 456, 1
680, 595, 1
680, 737, 1
680, 562, 1
680, 512, 1
680, 641, 1
680, 668, 1
680, 544, 1
528, 640, 1
528, 404, 1
528, 410, 1
528, 659, 1
528, 449, 1
528, 491, 1
528, 457, 1
528, 601, 1
528, 603, 1
528, 742, 1
528, 727, 1
528, 523, 1
528, 546, 1
528, 653, 1
528, 702, 1
528, 560, 1
528, 708, 1
528, 467, 1
528, 589, 1
528, 489, 1
528, 598, 1
528, 456, 1
528, 595, 1
528, 737, 1
528, 562, 1
528, 512, 1
528, 641, 1
528, 668, 1
528, 544, 1
528, 680, 1
732, 640, 1
732, 404, 1
732, 410, 1
732, 659, 1
732, 449, 1
732, 491, 1
732, 457, 1
732, 601, 1
732, 603, 1
732, 742, 1
732, 727, 1
732, 523, 1
732, 546, 1
732, 653, 1
732, 702, 1
732, 560, 1
732, 708, 1
732, 467, 1
732, 589, 1
732, 489, 1
732, 598, 1
732, 456, 1
732, 595, 1
732, 737, 1
732, 562, 1
732, 512, 1
732, 641, 1
732, 668, 1
732, 544, 1
732, 680, 1
732, 528, 1
632, 640, 1
632, 404, 1
632, 410, 1
632, 659, 1
632, 449, 1
632, 491, 1
632, 457, 1
632, 601, 1
632, 603, 1
632, 742, 1
632, 727, 1
632, 523, 1
632, 546, 1
632, 653, 1
632, 702, 1
632, 560, 1
632, 708, 1
632, 467, 1
632, 589, 1
632, 489, 1
632, 598, 1
632, 456, 1
632, 595, 1
632, 737, 1
632, 562, 1
632, 512, 1
632, 641, 1
632, 668, 1
632, 544, 1
632, 680, 1
632, 528, 1
632, 732, 1
534, 640, 1
534, 404, 1
534, 410, 1
534, 659, 1
534, 449, 1
534, 491, 1
534, 457, 1
534, 601, 1
534, 603, 1
534, 742, 1
534, 727, 1
534, 523, 1
534, 546, 1
534, 653, 1
534, 702, 1
534, 560, 1
534, 708, 1
534, 467, 1
534, 589, 1
534, 489, 1
534, 598, 1
534, 456, 1
534, 595, 1
534, 737, 1
534, 562, 1
534, 512, 1
534, 641, 1
534, 668, 1
534, 544, 1
534, 680, 1
534, 528, 1
534, 732, 1
534, 632, 1
641, 382, -1
641, 348, -1
641, 197, -1
641, 214, -1
641, 218, -1
641, 278, -1
641, 0, -1
641, 2, -1
641, 1, -1
641, 3, -1
668, 382, -1
668, 348, -1
668, 197, -1
668, 214, -1
668, 218, -1
668, 278, -1
668, 0, -1
668, 2, -1
668, 1, -1
668, 3, -1
544, 382, -1
544, 348, -1
544, 197, -1
544, 214, -1
544, 218, -1
544, 278, -1
544, 0, -1
544, 2, -1
544, 1, -1
544, 3, -1
680, 382, -1
680, 348, -1
680, 197, -1
680, 214, -1
680, 218, -1
680, 278, -1
680, 0, -1
680, 2, -1
680, 1, -1
680, 3, -1
528, 382, -1
528, 348, -1
528, 197, -1
528, 214, -1
528, 218, -1
528, 278, -1
528, 0, -1
528, 2, -1
528, 1, -1
528, 3, -1
732, 382, -1
732, 348, -1
732, 197, -1
732, 214, -1
732, 218, -1
732, 278, -1
732, 0, -1
732, 2, -1
732, 1, -1
732, 3, -1
632, 382, -1
632, 348, -1
632, 197, -1
632, 214, -1
632, 218, -1
632, 278, -1
632, 0, -1
632, 2, -1
632, 1, -1
632, 3, -1
534, 382, -1
534, 348, -1
534, 197, -1
534, 214, -1
534, 218, -1
534, 278, -1
534, 0, -1
534, 2, -1
534, 1, -1
534, 3, -1

757, 640, 1
757, 404, 1
757, 410, 1
757, 659, 1
757, 449, 1
757, 491, 1
757, 457, 1
757, 601, 1
757, 603, 1
757, 742, 1
757, 727, 1
757, 523, 1
757, 546, 1
757, 653, 1
757, 702, 1
757, 560, 1
757, 708, 1
757, 467, 1
757, 589, 1
757, 489, 1
757, 598, 1
757, 456, 1
757, 595, 1
757, 737, 1
757, 562, 1
757, 512, 1
757, 641, 1
757, 668, 1
757, 544, 1
757, 680, 1
757, 528, 1
757, 732, 1
757, 632, 1
757, 534, 1
723, 640, 1
723, 404, 1
723, 410, 1
723, 659, 1
723, 449, 1
723, 491, 1
723, 457, 1
723, 601, 1
723, 603, 1
723, 742, 1
723, 727, 1
723, 523, 1
723, 546, 1
723, 653, 1
723, 702, 1
723, 560, 1
723, 708, 1
723, 467, 1
723, 589, 1
723, 489, 1
723, 598, 1
723, 456, 1
723, 595, 1
723, 737, 1
723, 562, 1
723, 512, 1
723, 641, 1
723, 668, 1
723, 544, 1
723, 680, 1
723, 528, 1
723, 732, 1
723, 632, 1
723, 534, 1
723, 757, 1
490, 640, 1
490, 404, 1
490, 410, 1
490, 659, 1
490, 449, 1
490, 491, 1
490, 457, 1
490, 601, 1
490, 603, 1
490, 742, 1
490, 727, 1
490, 523, 1
490, 546, 1
490, 653, 1
490, 702, 1
490, 560, 1
490, 708, 1
490, 467, 1
490, 589, 1
490, 489, 1
490, 598, 1
490, 456, 1
490, 595, 1
490, 737, 1
490, 562, 1
490, 512, 1
490, 641, 1
490, 668, 1
490, 544, 1
490, 680, 1
490, 528, 1
490, 732, 1
490, 632, 1
490, 534, 1
490, 757, 1
490, 723, 1
763, 640, 1
763, 404, 1
763, 410, 1
763, 659, 1
763, 449, 1
763, 491, 1
763, 457, 1
763, 601, 1
763, 603, 1
763, 742, 1
763, 727, 1
763, 523, 1
763, 546, 1
763, 653, 1
763, 702, 1
763, 560, 1
763, 708, 1
763, 467, 1
763, 589, 1
763, 489, 1
763, 598, 1
763, 456, 1
763, 595, 1
763, 737, 1
763, 562, 1
763, 512, 1
763, 641, 1
763, 668, 1
763, 544, 1
763, 680, 1
763, 528, 1
763, 732, 1
763, 632, 1
763, 534, 1
763, 757, 1
763, 723, 1
763, 490, 1
504, 640, 1
504, 404, 1
504, 410, 1
504, 659, 1
504, 449, 1
504, 491, 1
504, 457, 1
504, 601, 1
504, 603, 1
504, 742, 1
504, 727, 1
504, 523, 1
504, 546, 1
504, 653, 1
504, 702, 1
504, 560, 1
504, 708, 1
504, 467, 1
504, 589, 1
504, 489, 1
504, 598, 1
504, 456, 1
504, 595, 1
504, 737, 1
504, 562, 1
504, 512, 1
504, 641, 1
504, 668, 1
504, 544, 1
504, 680, 1
504, 528, 1
504, 732, 1
504, 632, 1
504, 534, 1
504, 757, 1
504, 723, 1
504, 490, 1
504, 763, 1
473, 640, 1
473, 404, 1
473, 410, 1
473, 659, 1
473, 449, 1
473, 491, 1
473, 457, 1
473, 601, 1
473, 603, 1
473, 742, 1
473, 727, 1
473, 523, 1
473, 546, 1
473, 653, 1
473, 702, 1
473, 560, 1
473, 708, 1
473, 467, 1
473, 589, 1
473, 489, 1
473, 598, 1
473, 456, 1
473, 595, 1
473, 737, 1
473, 562, 1
473, 512, 1
473, 641, 1
473, 668, 1
473, 544, 1
473, 680, 1
473, 528, 1
473, 732, 1
473, 632, 1
473, 534, 1
473, 757, 1
473, 723, 1
473, 490, 1
473, 763, 1
473, 504, 1
757, 382, -1
757, 348, -1
757, 197, -1
757, 214, -1
757, 218, -1
757, 278, -1
757, 0, -1
757, 2, -1
757, 1, -1
757, 3, -1
723, 382, -1
723, 348, -1
723, 197, -1
723, 214, -1
723, 218, -1
723, 278, -1
723, 0, -1
723, 2, -1
723, 1, -1
723, 3, -1
490, 382, -1
490, 348, -1
490, 197, -1
490, 214, -1
490, 218, -1
490, 278, -1
490, 0, -1
490, 2, -1
490, 1, -1
490, 3, -1
763, 382, -1
763, 348, -1
763, 197, -1
763, 214, -1
763, 218, -1
763, 278, -1
763, 0, -1
763, 2, -1
763, 1, -1
763, 3, -1
504, 382, -1
504, 348, -1
504, 197, -1
504, 214, -1
504, 218, -1
504, 278, -1
504, 0, -1
504, 2, -1
504, 1, -1
504, 3, -1
473, 382, -1
473, 348, -1
473, 197, -1
473, 214, -1
473, 218, -1
473, 278, -1
473, 0, -1
473, 2, -1
473, 1, -1
473, 3, -1

667, 640, 1
667, 404, 1
667, 410, 1
667, 659, 1
667, 449, 1
667, 491, 1
667, 457, 1
667, 601, 1
667, 603, 1
667, 742, 1
667, 727, 1
667, 523, 1
667, 546, 1
667, 653, 1
667, 702, 1
667, 560, 1
667, 708, 1
667, 467, 1
667, 589, 1
667, 489, 1
667, 598, 1
667, 456, 1
667, 595, 1
667, 737, 1
667, 562, 1
667, 512, 1
667, 641, 1
667, 668, 1
667, 544, 1
667, 680, 1
667, 528, 1
667, 732, 1
667, 632, 1
667, 534, 1
667, 757, 1
667, 723, 1
667, 490, 1
667, 763, 1
667, 504, 1
667, 473, 1
118, 382, 1
118, 348, 1
118, 197, 1
118, 214, 1
118, 218, 1
118, 278, 1
501, 640, 1
501, 404, 1
501, 410, 1
501, 659, 1
501, 449, 1
501, 491, 1
501, 457, 1
501, 601, 1
501, 603, 1
501, 742, 1
501, 727, 1
501, 523, 1
501, 546, 1
501, 653, 1
501, 702, 1
501, 560, 1
501, 708, 1
501, 467, 1
501, 589, 1
501, 489, 1
501, 598, 1
501, 456, 1
501, 595, 1
501, 737, 1
501, 562, 1
501, 512, 1
501, 641, 1
501, 668, 1
501, 544, 1
501, 680, 1
501, 528, 1
501, 732, 1
501, 632, 1
501, 534, 1
501, 757, 1
501, 723, 1
501, 490, 1
501, 763, 1
501, 504, 1
501, 473, 1
501, 667, 1
57, 382, 1
57, 348, 1
57, 197, 1
57, 214, 1
57, 218, 1
57, 278, 1
57, 118, 1
599, 640, 1
599, 404, 1
599, 410, 1
599, 659, 1
599, 449, 1
599, 491, 1
599, 457, 1
599, 601, 1
599, 603, 1
599, 742, 1
599, 727, 1
599, 523, 1
599, 546, 1
599, 653, 1
599, 702, 1
599, 560, 1
599, 708, 1
599, 467, 1
599, 589, 1
599, 489, 1
599, 598, 1
599, 456, 1
599, 595, 1
599, 737, 1
599, 562, 1
599, 512, 1
599, 641, 1
599, 668, 1
599, 544, 1
599, 680, 1
599, 528, 1
599, 732, 1
599, 632, 1
599, 534, 1
599, 757, 1
599, 723, 1
599, 490, 1
599, 763, 1
599, 504, 1
599, 473, 1
599, 667, 1
599, 501, 1
271, 382, 1
271, 348, 1
271, 197, 1
271, 214, 1
271, 218, 1
271, 278, 1
271, 118, 1
271, 57, 1
84, 382, 1
84, 348, 1
84, 197, 1
84, 214, 1
84, 218, 1
84, 278, 1
84, 118, 1
84, 57, 1
84, 271, 1
667, 382, -1
667, 348, -1
667, 197, -1
667, 214, -1
667, 218, -1
667, 278, -1
667, 0, -1
667, 2, -1
667, 1, -1
667, 3, -1
118, 640, -1
118, 404, -1
118, 410, -1
118, 659, -1
118, 449, -1
118, 491, -1
118, 457, -1
118, 601, -1
118, 603, -1
118, 742, -1
118, 727, -1
118, 523, -1
118, 546, -1
118, 653, -1
118, 702, -1
118, 560, -1
118, 708, -1
118, 467, -1
118, 589, -1
118, 489, -1
118, 598, -1
118, 456, -1
118, 595, -1
118, 737, -1
118, 562, -1
118, 512, -1
118, 641, -1
118, 668, -1
118, 544, -1
118, 680, -1
118, 528, -1
118, 732, -1
118, 632, -1
118, 534, -1
118, 757, -1
118, 723, -1
118, 490, -1
118, 763, -1
118, 504, -1
118, 473, -1
118, 667, -1
118, 0, -1
118, 2, -1
118, 1, -1
118, 3, -1
501, 382, -1
501, 348, -1
501, 197, -1
501, 214, -1
501, 218, -1
501, 278, -1
501, 118, -1
501, 0, -1
501, 2, -1
501, 1, -1
501, 3, -1
57, 640, -1
57, 404, -1
57, 410, -1
57, 659, -1
57, 449, -1
57, 491, -1
57, 457, -1
57, 601, -1
57, 603, -1
57, 742, -1
57, 727, -1
57, 523, -1
57, 546, -1
57, 653, -1
57, 702, -1
57, 560, -1
57, 708, -1
57, 467, -1
57, 589, -1
57, 489, -1
57, 598, -1
57, 456, -1
57, 595, -1
57, 737, -1
57, 562, -1
57, 512, -1
57, 641, -1
57, 668, -1
57, 544, -1
57, 680, -1
57, 528, -1
57, 732, -1
57, 632, -1
57, 534, -1
57, 757, -1
57, 723, -1
57, 490, -1
57, 763, -1
57, 504, -1
57, 473, -1
57, 667, -1
57, 501, -1
57, 0, -1
57, 2, -1
57, 1, -1
57, 3, -1
599, 382, -1
599, 348, -1
599, 197, -1
599, 214, -1
599, 218, -1
599, 278, -1
599, 118, -1
599, 57, -1
599, 0, -1
599, 2, -1
599, 1, -1
599, 3, -1
271, 640, -1
271, 404, -1
271, 410, -1
271, 659, -1
271, 449, -1
271, 491, -1
271, 457, -1
271, 601, -1
271, 603, -1
271, 742, -1
271, 727, -1
271, 523, -1
271, 546, -1
271, 653, -1
271, 702, -1
271, 560, -1
271, 708, -1
271, 467, -1
271, 589, -1
271, 489, -1
271, 598, -1
271, 456, -1
271, 595, -1
271, 737, -1
271, 562, -1
271, 512, -1
271, 641, -1
271, 668, -1
271, 544, -1
271, 680, -1
271, 528, -1
271, 732, -1
271, 632, -1
271, 534, -1
271, 757, -1
271, 723, -1
271, 490, -1
271, 763, -1
271, 504, -1
271, 473, -1
271, 667, -1
271, 501, -1
271, 599, -1
271, 0, -1
271, 2, -1
271, 1, -1
271, 3, -1
84, 640, -1
84, 404, -1
84, 410, -1
84, 659, -1
84, 449, -1
84, 491, -1
84, 457, -1
84, 601, -1
84, 603, -1
84, 742, -1
84, 727, -1
84, 523, -1
84, 546, -1
84, 653, -1
84, 702, -1
84, 560, -1
84, 708, -1
84, 467, -1
84, 589, -1
84, 489, -1
84, 598, -1
84, 456, -1
84, 595, -1
84, 737, -1
84, 562, -1
84, 512, -1
84, 641, -1
84, 668, -1
84, 544, -1
84, 680, -1
84, 528, -1
84, 732, -1
84, 632, -1
84, 534, -1
84, 757, -1
84, 723, -1
84, 490, -1
84, 763, -1
84, 504, -1
84, 473, -1
84, 667, -1
84, 501, -1
84, 599, -1
84, 0, -1
84, 2, -1
84, 1, -1
84, 3, -1

484, 640, 1
484, 404, 1
484, 410, 1
484, 659, 1
484, 449, 1
484, 491, 1
484, 457, 1
484, 601, 1
484, 603, 1
484, 742, 1
484, 727, 1
484, 523, 1
484, 546, 1
484, 653, 1
484, 702, 1
484, 560, 1
484, 708, 1
484, 467, 1
484, 589, 1
484, 489, 1
484, 598, 1
484, 456, 1
484, 595, 1
484, 737, 1
484, 562, 1
484, 512, 1
484, 641, 1
484, 668, 1
484, 544, 1
484, 680, 1
484, 528, 1
484, 732, 1
484, 632, 1
484, 534, 1
484, 757, 1
484, 723, 1
484, 490, 1
484, 763, 1
484, 504, 1
484, 473, 1
484, 667, 1
484, 501, 1
484, 599, 1
639, 640, 1
639, 404, 1
639, 410, 1
639, 659, 1
639, 449, 1
639, 491, 1
639, 457, 1
639, 601, 1
639, 603, 1
639, 742, 1
639, 727, 1
639, 523, 1
639, 546, 1
639, 653, 1
639, 702, 1
639, 560, 1
639, 708, 1
639, 467, 1
639, 589, 1
639, 489, 1
639, 598, 1
639, 456, 1
639, 595, 1
639, 737, 1
639, 562, 1
639, 512, 1
639, 641, 1
639, 668, 1
639, 544, 1
639, 680, 1
639, 528, 1
639, 732, 1
639, 632, 1
639, 534, 1
639, 757, 1
639, 723, 1
639, 490, 1
639, 763, 1
639, 504, 1
639, 473, 1
639, 667, 1
639, 501, 1
639, 599, 1
639, 484, 1
87, 382, 1
87, 348, 1
87, 197, 1
87, 214, 1
87, 218, 1
87, 278, 1
87, 118, 1
87, 57, 1
87, 271, 1
87, 84, 1
699, 640, 1
699, 404, 1
699, 410, 1
699, 659, 1
699, 449, 1
699, 491, 1
699, 457, 1
699, 601, 1
699, 603, 1
699, 742, 1
699, 727, 1
699, 523, 1
699, 546, 1
699, 653, 1
699, 702, 1
699, 560, 1
699, 708, 1
699, 467, 1
699, 589, 1
699, 489, 1
699, 598, 1
699, 456, 1
699, 595, 1
699, 737, 1
699, 562, 1
699, 512, 1
699, 641, 1
699, 668, 1
699, 544, 1
699, 680, 1
699, 528, 1
699, 732, 1
699, 632, 1
699, 534, 1
699, 757, 1
699, 723, 1
699, 490, 1
699, 763, 1
699, 504, 1
699, 473, 1
699, 667, 1
699, 501, 1
699, 599, 1
699, 484, 1
699, 639, 1
29, 382, 1
29, 348, 1
29, 197, 1
29, 214, 1
29, 218, 1
29, 278, 1
29, 118, 1
29, 57, 1
29, 271, 1
29, 84, 1
29, 87, 1
133, 382, 1
133, 348, 1
133, 197, 1
133, 214, 1
133, 218, 1
133, 278, 1
133, 118, 1
133, 57, 1
133, 271, 1
133, 84, 1
133, 87, 1
133, 29, 1
131, 382, 1
131, 348, 1
131, 197, 1
131, 214, 1
131, 218, 1
131, 278, 1
131, 118, 1
131, 57, 1
131, 271, 1
131, 84, 1
131, 87, 1
131, 29, 1
131, 133, 1
310, 382, 1
310, 348, 1
310, 197, 1
310, 214, 1
310, 218, 1
310, 278, 1
310, 118, 1
310, 57, 1
310, 271, 1
310, 84, 1
310, 87, 1
310, 29, 1
310, 133, 1
310, 131, 1
550, 640, 1
550, 404, 1
550, 410, 1
550, 659, 1
550, 449, 1
550, 491, 1
550, 457, 1
550, 601, 1
550, 603, 1
550, 742, 1
550, 727, 1
550, 523, 1
550, 546, 1
550, 653, 1
550, 702, 1
550, 560, 1
550, 708, 1
550, 467, 1
550, 589, 1
550, 489, 1
550, 598, 1
550, 456, 1
550, 595, 1
550, 737, 1
550, 562, 1
550, 512, 1
550, 641, 1
550, 668, 1
550, 544, 1
550, 680, 1
550, 528, 1
550, 732, 1
550, 632, 1
550, 534, 1
550, 757, 1
550, 723, 1
550, 490, 1
550, 763, 1
550, 504, 1
550, 473, 1
550, 667, 1
550, 501, 1
550, 599, 1
550, 484, 1
550, 639, 1
550, 699, 1
61, 382, 1
61, 348, 1
61, 197, 1
61, 214, 1
61, 218, 1
61, 278, 1
61, 118, 1
61, 57, 1
61, 271, 1
61, 84, 1
61, 87, 1
61, 29, 1
61, 133, 1
61, 131, 1
61, 310, 1
484, 382, -1
484, 348, -1
484, 197, -1
484, 214, -1
484, 218, -1
484, 278, -1
484, 118, -1
484, 57, -1
484, 271, -1
484, 84, -1
484, 0, -1
484, 2, -1
484, 1, -1
484, 3, -1
639, 382, -1
639, 348, -1
639, 197, -1
639, 214, -1
639, 218, -1
639, 278, -1
639, 118, -1
639, 57, -1
639, 271, -1
639, 84, -1
639, 0, -1
639, 2, -1
639, 1, -1
639, 3, -1
87, 640, -1
87, 404, -1
87, 410, -1
87, 659, -1
87, 449, -1
87, 491, -1
87, 457, -1
87, 601, -1
87, 603, -1
87, 742, -1
87, 727, -1
87, 523, -1
87, 546, -1
87, 653, -1
87, 702, -1
87, 560, -1
87, 708, -1
87, 467, -1
87, 589, -1
87, 489, -1
87, 598, -1
87, 456, -1
87, 595, -1
87, 737, -1
87, 562, -1
87, 512, -1
87, 641, -1
87, 668, -1
87, 544, -1
87, 680, -1
87, 528, -1
87, 732, -1
87, 632, -1
87, 534, -1
87, 757, -1
87, 723, -1
87, 490, -1
87, 763, -1
87, 504, -1
87, 473, -1
87, 667, -1
87, 501, -1
87, 599, -1
87, 484, -1
87, 639, -1
87, 0, -1
87, 2, -1
87, 1, -1
87, 3, -1
699, 382, -1
699, 348, -1
699, 197, -1
699, 214, -1
699, 218, -1
699, 278, -1
699, 118, -1
699, 57, -1
699, 271, -1
699, 84, -1
699, 87, -1
699, 0, -1
699, 2, -1
699, 1, -1
699, 3, -1
29, 640, -1
29, 404, -1
29, 410, -1
29, 659, -1
29, 449, -1
29, 491, -1
29, 457, -1
29, 601, -1
29, 603, -1
29, 742, -1
29, 727, -1
29, 523, -1
29, 546, -1
29, 653, -1
29, 702, -1
29, 560, -1
29, 708, -1
29, 467, -1
29, 589, -1
29, 489, -1
29, 598, -1
29, 456, -1
29, 595, -1
29, 737, -1
29, 562, -1
29, 512, -1
29, 641, -1
29, 668, -1
29, 544, -1
29, 680, -1
29, 528, -1
29, 732, -1
29, 632, -1
29, 534, -1
29, 757, -1
29, 723, -1
29, 490, -1
29, 763, -1
29, 504, -1
29, 473, -1
29, 667, -1
29, 501, -1
29, 599, -1
29, 484, -1
29, 639, -1
29, 699, -1
29, 0, -1
29, 2, -1
29, 1, -1
29, 3, -1
133, 640, -1
133, 404, -1
133, 410, -1
133, 659, -1
133, 449, -1
133, 491, -1
133, 457, -1
133, 601, -1
133, 603, -1
133, 742, -1
133, 727, -1
133, 523, -1
133, 546, -1
133, 653, -1
133, 702, -1
133, 560, -1
133, 708, -1
133, 467, -1
133, 589, -1
133, 489, -1
133, 598, -1
133, 456, -1
133, 595, -1
133, 737, -1
133, 562, -1
133, 512, -1
133, 641, -1
133, 668, -1
133, 544, -1
133, 680, -1
133, 528, -1
133, 732, -1
133, 632, -1
133, 534, -1
133, 757, -1
133, 723, -1
133, 490, -1
133, 763, -1
133, 504, -1
133, 473, -1
133, 667, -1
133, 501, -1
133, 599, -1
133, 484, -1
133, 639, -1
133, 699, -1
133, 0, -1
133, 2, -1
133, 1, -1
133, 3, -1
131, 640, -1
131, 404, -1
131, 410, -1
131, 659, -1
131, 449, -1
131, 491, -1
131, 457, -1
131, 601, -1
131, 603, -1
131, 742, -1
131, 727, -1
131, 523, -1
131, 546, -1
131, 653, -1
131, 702, -1
131, 560, -1
131, 708, -1
131, 467, -1
131, 589, -1
131, 489, -1
131, 598, -1
131, 456, -1
131, 595, -1
131, 737, -1
131, 562, -1
131, 512, -1
131, 641, -1
131, 668, -1
131, 544, -1
131, 680, -1
131, 528, -1
131, 732, -1
131, 632, -1
131, 534, -1
131, 757, -1
131, 723, -1
131, 490, -1
131, 763, -1
131, 504, -1
131, 473, -1
131, 667, -1
131, 501, -1
131, 599, -1
131, 484, -1
131, 639, -1
131, 699, -1
131, 0, -1
131, 2, -1
131, 1, -1
131, 3, -1
310, 640, -1
310, 404, -1
310, 410, -1
310, 659, -1
310, 449, -1
310, 491, -1
310, 457, -1
310, 601, -1
310, 603, -1
310, 742, -1
310, 727, -1
310, 523, -1
310, 546, -1
310, 653, -1
310, 702, -1
310, 560, -1
310, 708, -1
310, 467, -1
310, 589, -1
310, 489, -1
310, 598, -1
310, 456, -1
310, 595, -1
310, 737, -1
310, 562, -1
310, 512, -1
310, 641, -1
310, 668, -1
310, 544, -1
310, 680, -1
310, 528, -1
310, 732, -1
310, 632, -1
310, 534, -1
310, 757, -1
310, 723, -1
310, 490, -1
310, 763, -1
310, 504, -1
310, 473, -1
310, 667, -1
310, 501, -1
310, 599, -1
310, 484, -1
310, 639, -1
310, 699, -1
310, 0, -1
310, 2, -1
310, 1, -1
310, 3, -1
550, 382, -1
550, 348, -1
550, 197, -1
550, 214, -1
550, 218, -1
550, 278, -1
550, 118, -1
550, 57, -1
550, 271, -1
550, 84, -1
550, 87, -1
550, 29, -1
550, 133, -1
550, 131, -1
550, 310, -1
550, 0, -1
550, 2, -1
550, 1, -1
550, 3, -1
61, 640, -1
61, 404, -1
61, 410, -1
61, 659, -1
61, 449, -1
61, 491, -1
61, 457, -1
61, 601, -1
61, 603, -1
61, 742, -1
61, 727, -1
61, 523, -1
61, 546, -1
61, 653, -1
61, 702, -1
61, 560, -1
61, 708, -1
61, 467, -1
61, 589, -1
61, 489, -1
61, 598, -1
61, 456, -1
61, 595, -1
61, 737, -1
61, 562, -1
61, 512, -1
61, 641, -1
61, 668, -1
61, 544, -1
61, 680, -1
61, 528, -1
61, 732, -1
61, 632, -1
61, 534, -1
61, 757, -1
61, 723, -1
61, 490, -1
61, 763, -1
61, 504, -1
61, 473, -1
61, 667, -1
61, 501, -1
61, 599, -1
61, 484, -1
61, 639, -1
61, 699, -1
61, 550, -1
61, 0, -1
61, 2, -1
61, 1, -1
61, 3, -1

