974, 823, 1
823, 974, 1
1869, 241, -1
1869, 123, -1
1869, 974, -1
1869, 823, -1
241, 1869, -1
241, 123, -1
241, 974, -1
241, 823, -1
123, 1869, -1
123, 241, -1
123, 974, -1
123, 823, -1
974, 1869, -1
823, 1869, -1
974, 241, -1
823, 241, -1
974, 123, -1
823, 123, -1

974, 823, 1
823, 974, 1
1869, 241, -1
1869, 123, -1
1869, 974, -1
1869, 823, -1
1869, 1042, -1
1869, 663, -1
241, 1869, -1
241, 123, -1
241, 974, -1
241, 823, -1
241, 1042, -1
241, 663, -1
123, 1869, -1
123, 241, -1
123, 974, -1
123, 823, -1
123, 1042, -1
123, 663, -1
974, 1869, -1
823, 1869, -1
974, 241, -1
823, 241, -1
974, 123, -1
823, 123, -1
974, 1042, -1
823, 1042, -1
974, 663, -1
823, 663, -1
1042, 1869, -1
1042, 241, -1
1042, 123, -1
1042, 974, -1
1042, 823, -1
1042, 663, -1
663, 1869, -1
663, 241, -1
663, 123, -1
663, 974, -1
663, 823, -1
663, 1042, -1

241, 204, 1
204, 241, 1
974, 823, 1
823, 974, 1
1042, 1171, 1
1171, 1042, 1
1869, 241, -1
1869, 204, -1
1869, 123, -1
1869, 974, -1
1869, 823, -1
1869, 1042, -1
1869, 1171, -1
1869, 663, -1
241, 1869, -1
204, 1869, -1
241, 123, -1
204, 123, -1
241, 974, -1
241, 823, -1
204, 974, -1
204, 823, -1
241, 1042, -1
241, 1171, -1
204, 1042, -1
204, 1171, -1
241, 663, -1
204, 663, -1
123, 1869, -1
123, 241, -1
123, 204, -1
123, 974, -1
123, 823, -1
123, 1042, -1
123, 1171, -1
123, 663, -1
974, 1869, -1
823, 1869, -1
974, 241, -1
974, 204, -1
823, 241, -1
823, 204, -1
974, 123, -1
823, 123, -1
974, 1042, -1
974, 1171, -1
823, 1042, -1
823, 1171, -1
974, 663, -1
823, 663, -1
1042, 1869, -1
1171, 1869, -1
1042, 241, -1
1042, 204, -1
1171, 241, -1
1171, 204, -1
1042, 123, -1
1171, 123, -1
1042, 974, -1
1042, 823, -1
1171, 974, -1
1171, 823, -1
1042, 663, -1
1171, 663, -1
663, 1869, -1
663, 241, -1
663, 204, -1
663, 123, -1
663, 974, -1
663, 823, -1
663, 1042, -1
663, 1171, -1

241, 204, 1
204, 241, 1
974, 823, 1
823, 974, 1
1042, 1171, 1
1171, 1042, 1
1869, 241, -1
1869, 204, -1
1869, 123, -1
1869, 974, -1
1869, 823, -1
1869, 1042, -1
1869, 1171, -1
1869, 663, -1
1869, 1601, -1
241, 1869, -1
204, 1869, -1
241, 123, -1
204, 123, -1
241, 974, -1
241, 823, -1
204, 974, -1
204, 823, -1
241, 1042, -1
241, 1171, -1
204, 1042, -1
204, 1171, -1
241, 663, -1
204, 663, -1
241, 1601, -1
204, 1601, -1
123, 1869, -1
123, 241, -1
123, 204, -1
123, 974, -1
123, 823, -1
123, 1042, -1
123, 1171, -1
123, 663, -1
123, 1601, -1
974, 1869, -1
823, 1869, -1
974, 241, -1
974, 204, -1
823, 241, -1
823, 204, -1
974, 123, -1
823, 123, -1
974, 1042, -1
974, 1171, -1
823, 1042, -1
823, 1171, -1
974, 663, -1
823, 663, -1
974, 1601, -1
823, 1601, -1
1042, 1869, -1
1171, 1869, -1
1042, 241, -1
1042, 204, -1
1171, 241, -1
1171, 204, -1
1042, 123, -1
1171, 123, -1
1042, 974, -1
1042, 823, -1
1171, 974, -1
1171, 823, -1
1042, 663, -1
1171, 663, -1
1042, 1601, -1
1171, 1601, -1
663, 1869, -1
663, 241, -1
663, 204, -1
663, 123, -1
663, 974, -1
663, 823, -1
663, 1042, -1
663, 1171, -1
663, 1601, -1
1601, 1869, -1
1601, 241, -1
1601, 204, -1
1601, 123, -1
1601, 974, -1
1601, 823, -1
1601, 1042, -1
1601, 1171, -1
1601, 663, -1

241, 204, 1
204, 241, 1
974, 823, 1
823, 974, 1
1042, 1171, 1
1171, 1042, 1
1869, 241, -1
1869, 204, -1
1869, 123, -1
1869, 974, -1
1869, 823, -1
1869, 1042, -1
1869, 1171, -1
1869, 663, -1
1869, 1601, -1
1869, 433, -1
241, 1869, -1
204, 1869, -1
241, 123, -1
204, 123, -1
241, 974, -1
241, 823, -1
204, 974, -1
204, 823, -1
241, 1042, -1
241, 1171, -1
204, 1042, -1
204, 1171, -1
241, 663, -1
204, 663, -1
241, 1601, -1
204, 1601, -1
241, 433, -1
204, 433, -1
123, 1869, -1
123, 241, -1
123, 204, -1
123, 974, -1
123, 823, -1
123, 1042, -1
123, 1171, -1
123, 663, -1
123, 1601, -1
123, 433, -1
974, 1869, -1
823, 1869, -1
974, 241, -1
974, 204, -1
823, 241, -1
823, 204, -1
974, 123, -1
823, 123, -1
974, 1042, -1
974, 1171, -1
823, 1042, -1
823, 1171, -1
974, 663, -1
823, 663, -1
974, 1601, -1
823, 1601, -1
974, 433, -1
823, 433, -1
1042, 1869, -1
1171, 1869, -1
1042, 241, -1
1042, 204, -1
1171, 241, -1
1171, 204, -1
1042, 123, -1
1171, 123, -1
1042, 974, -1
1042, 823, -1
1171, 974, -1
1171, 823, -1
1042, 663, -1
1171, 663, -1
1042, 1601, -1
1171, 1601, -1
1042, 433, -1
1171, 433, -1
663, 1869, -1
663, 241, -1
663, 204, -1
663, 123, -1
663, 974, -1
663, 823, -1
663, 1042, -1
663, 1171, -1
663, 1601, -1
663, 433, -1
1601, 1869, -1
1601, 241, -1
1601, 204, -1
1601, 123, -1
1601, 974, -1
1601, 823, -1
1601, 1042, -1
1601, 1171, -1
1601, 663, -1
1601, 433, -1
433, 1869, -1
433, 241, -1
433, 204, -1
433, 123, -1
433, 974, -1
433, 823, -1
433, 1042, -1
433, 1171, -1
433, 663, -1
433, 1601, -1

241, 204, 1
204, 241, 1
974, 823, 1
974, 980, 1
823, 974, 1
823, 980, 1
980, 974, 1
980, 823, 1
1042, 1171, 1
1171, 1042, 1
1869, 241, -1
1869, 204, -1
1869, 123, -1
1869, 974, -1
1869, 823, -1
1869, 980, -1
1869, 1042, -1
1869, 1171, -1
1869, 663, -1
1869, 1601, -1
1869, 433, -1
241, 1869, -1
204, 1869, -1
241, 123, -1
204, 123, -1
241, 974, -1
241, 823, -1
241, 980, -1
204, 974, -1
204, 823, -1
204, 980, -1
241, 1042, -1
241, 1171, -1
204, 1042, -1
204, 1171, -1
241, 663, -1
204, 663, -1
241, 1601, -1
204, 1601, -1
241, 433, -1
204, 433, -1
123, 1869, -1
123, 241, -1
123, 204, -1
123, 974, -1
123, 823, -1
123, 980, -1
123, 1042, -1
123, 1171, -1
123, 663, -1
123, 1601, -1
123, 433, -1
974, 1869, -1
823, 1869, -1
980, 1869, -1
974, 241, -1
974, 204, -1
823, 241, -1
823, 204, -1
980, 241, -1
980, 204, -1
974, 123, -1
823, 123, -1
980, 123, -1
974, 1042, -1
974, 1171, -1
823, 1042, -1
823, 1171, -1
980, 1042, -1
980, 1171, -1
974, 663, -1
823, 663, -1
980, 663, -1
974, 1601, -1
823, 1601, -1
980, 1601, -1
974, 433, -1
823, 433, -1
980, 433, -1
1042, 1869, -1
1171, 1869, -1
1042, 241, -1
1042, 204, -1
1171, 241, -1
1171, 204, -1
1042, 123, -1
1171, 123, -1
1042, 974, -1
1042, 823, -1
1042, 980, -1
1171, 974, -1
1171, 823, -1
1171, 980, -1
1042, 663, -1
1171, 663, -1
1042, 1601, -1
1171, 1601, -1
1042, 433, -1
1171, 433, -1
663, 1869, -1
663, 241, -1
663, 204, -1
663, 123, -1
663, 974, -1
663, 823, -1
663, 980, -1
663, 1042, -1
663, 1171, -1
663, 1601, -1
663, 433, -1
1601, 1869, -1
1601, 241, -1
1601, 204, -1
1601, 123, -1
1601, 974, -1
1601, 823, -1
1601, 980, -1
1601, 1042, -1
1601, 1171, -1
1601, 663, -1
1601, 433, -1
433, 1869, -1
433, 241, -1
433, 204, -1
433, 123, -1
433, 974, -1
433, 823, -1
433, 980, -1
433, 1042, -1
433, 1171, -1
433, 663, -1
433, 1601, -1

241, 204, 1
204, 241, 1
974, 823, 1
974, 980, 1
823, 974, 1
823, 980, 1
980, 974, 1
980, 823, 1
1042, 1171, 1
1171, 1042, 1
1601, 1630, 1
1630, 1601, 1
1869, 241, -1
1869, 204, -1
1869, 123, -1
1869, 974, -1
1869, 823, -1
1869, 980, -1
1869, 1042, -1
1869, 1171, -1
1869, 663, -1
1869, 1601, -1
1869, 1630, -1
1869, 433, -1
241, 1869, -1
204, 1869, -1
241, 123, -1
204, 123, -1
241, 974, -1
241, 823, -1
241, 980, -1
204, 974, -1
204, 823, -1
204, 980, -1
241, 1042, -1
241, 1171, -1
204, 1042, -1
204, 1171, -1
241, 663, -1
204, 663, -1
241, 1601, -1
241, 1630, -1
204, 1601, -1
204, 1630, -1
241, 433, -1
204, 433, -1
123, 1869, -1
123, 241, -1
123, 204, -1
123, 974, -1
123, 823, -1
123, 980, -1
123, 1042, -1
123, 1171, -1
123, 663, -1
123, 1601, -1
123, 1630, -1
123, 433, -1
974, 1869, -1
823, 1869, -1
980, 1869, -1
974, 241, -1
974, 204, -1
823, 241, -1
823, 204, -1
980, 241, -1
980, 204, -1
974, 123, -1
823, 123, -1
980, 123, -1
974, 1042, -1
974, 1171, -1
823, 1042, -1
823, 1171, -1
980, 1042, -1
980, 1171, -1
974, 663, -1
823, 663, -1
980, 663, -1
974, 1601, -1
974, 1630, -1
823, 1601, -1
823, 1630, -1
980, 1601, -1
980, 1630, -1
974, 433, -1
823, 433, -1
980, 433, -1
1042, 1869, -1
1171, 1869, -1
1042, 241, -1
1042, 204, -1
1171, 241, -1
1171, 204, -1
1042, 123, -1
1171, 123, -1
1042, 974, -1
1042, 823, -1
1042, 980, -1
1171, 974, -1
1171, 823, -1
1171, 980, -1
1042, 663, -1
1171, 663, -1
1042, 1601, -1
1042, 1630, -1
1171, 1601, -1
1171, 1630, -1
1042, 433, -1
1171, 433, -1
663, 1869, -1
663, 241, -1
663, 204, -1
663, 123, -1
663, 974, -1
663, 823, -1
663, 980, -1
663, 1042, -1
663, 1171, -1
663, 1601, -1
663, 1630, -1
663, 433, -1
1601, 1869, -1
1630, 1869, -1
1601, 241, -1
1601, 204, -1
1630, 241, -1
1630, 204, -1
1601, 123, -1
1630, 123, -1
1601, 974, -1
1601, 823, -1
1601, 980, -1
1630, 974, -1
1630, 823, -1
1630, 980, -1
1601, 1042, -1
1601, 1171, -1
1630, 1042, -1
1630, 1171, -1
1601, 663, -1
1630, 663, -1
1601, 433, -1
1630, 433, -1
433, 1869, -1
433, 241, -1
433, 204, -1
433, 123, -1
433, 974, -1
433, 823, -1
433, 980, -1
433, 1042, -1
433, 1171, -1
433, 663, -1
433, 1601, -1
433, 1630, -1

241, 204, 1
204, 241, 1
974, 823, 1
974, 980, 1
823, 974, 1
823, 980, 1
980, 974, 1
980, 823, 1
1042, 1171, 1
1042, 1191, 1
1171, 1042, 1
1171, 1191, 1
1191, 1042, 1
1191, 1171, 1
1601, 1630, 1
1630, 1601, 1
1869, 241, -1
1869, 204, -1
1869, 123, -1
1869, 974, -1
1869, 823, -1
1869, 980, -1
1869, 1042, -1
1869, 1171, -1
1869, 1191, -1
1869, 663, -1
1869, 1601, -1
1869, 1630, -1
1869, 433, -1
241, 1869, -1
204, 1869, -1
241, 123, -1
204, 123, -1
241, 974, -1
241, 823, -1
241, 980, -1
204, 974, -1
204, 823, -1
204, 980, -1
241, 1042, -1
241, 1171, -1
241, 1191, -1
204, 1042, -1
204, 1171, -1
204, 1191, -1
241, 663, -1
204, 663, -1
241, 1601, -1
241, 1630, -1
204, 1601, -1
204, 1630, -1
241, 433, -1
204, 433, -1
123, 1869, -1
123, 241, -1
123, 204, -1
123, 974, -1
123, 823, -1
123, 980, -1
123, 1042, -1
123, 1171, -1
123, 1191, -1
123, 663, -1
123, 1601, -1
123, 1630, -1
123, 433, -1
974, 1869, -1
823, 1869, -1
980, 1869, -1
974, 241, -1
974, 204, -1
823, 241, -1
823, 204, -1
980, 241, -1
980, 204, -1
974, 123, -1
823, 123, -1
980, 123, -1
974, 1042, -1
974, 1171, -1
974, 1191, -1
823, 1042, -1
823, 1171, -1
823, 1191, -1
980, 1042, -1
980, 1171, -1
980, 1191, -1
974, 663, -1
823, 663, -1
980, 663, -1
974, 1601, -1
974, 1630, -1
823, 1601, -1
823, 1630, -1
980, 1601, -1
980, 1630, -1
974, 433, -1
823, 433, -1
980, 433, -1
1042, 1869, -1
1171, 1869, -1
1191, 1869, -1
1042, 241, -1
1042, 204, -1
1171, 241, -1
1171, 204, -1
1191, 241, -1
1191, 204, -1
1042, 123, -1
1171, 123, -1
1191, 123, -1
1042, 974, -1
1042, 823, -1
1042, 980, -1
1171, 974, -1
1171, 823, -1
1171, 980, -1
1191, 974, -1
1191, 823, -1
1191, 980, -1
1042, 663, -1
1171, 663, -1
1191, 663, -1
1042, 1601, -1
1042, 1630, -1
1171, 1601, -1
1171, 1630, -1
1191, 1601, -1
1191, 1630, -1
1042, 433, -1
1171, 433, -1
1191, 433, -1
663, 1869, -1
663, 241, -1
663, 204, -1
663, 123, -1
663, 974, -1
663, 823, -1
663, 980, -1
663, 1042, -1
663, 1171, -1
663, 1191, -1
663, 1601, -1
663, 1630, -1
663, 433, -1
1601, 1869, -1
1630, 1869, -1
1601, 241, -1
1601, 204, -1
1630, 241, -1
1630, 204, -1
1601, 123, -1
1630, 123, -1
1601, 974, -1
1601, 823, -1
1601, 980, -1
1630, 974, -1
1630, 823, -1
1630, 980, -1
1601, 1042, -1
1601, 1171, -1
1601, 1191, -1
1630, 1042, -1
1630, 1171, -1
1630, 1191, -1
1601, 663, -1
1630, 663, -1
1601, 433, -1
1630, 433, -1
433, 1869, -1
433, 241, -1
433, 204, -1
433, 123, -1
433, 974, -1
433, 823, -1
433, 980, -1
433, 1042, -1
433, 1171, -1
433, 1191, -1
433, 663, -1
433, 1601, -1
433, 1630, -1

241, 204, 1
204, 241, 1
974, 823, 1
974, 980, 1
823, 974, 1
823, 980, 1
980, 974, 1
980, 823, 1
1042, 1171, 1
1042, 1191, 1
1171, 1042, 1
1171, 1191, 1
1191, 1042, 1
1191, 1171, 1
663, 627, 1
627, 663, 1
1601, 1630, 1
1630, 1601, 1
1869, 241, -1
1869, 204, -1
1869, 123, -1
1869, 974, -1
1869, 823, -1
1869, 980, -1
1869, 1042, -1
1869, 1171, -1
1869, 1191, -1
1869, 663, -1
1869, 627, -1
1869, 1601, -1
1869, 1630, -1
1869, 433, -1
241, 1869, -1
204, 1869, -1
241, 123, -1
204, 123, -1
241, 974, -1
241, 823, -1
241, 980, -1
204, 974, -1
204, 823, -1
204, 980, -1
241, 1042, -1
241, 1171, -1
241, 1191, -1
204, 1042, -1
204, 1171, -1
204, 1191, -1
241, 663, -1
241, 627, -1
204, 663, -1
204, 627, -1
241, 1601, -1
241, 1630, -1
204, 1601, -1
204, 1630, -1
241, 433, -1
204, 433, -1
123, 1869, -1
123, 241, -1
123, 204, -1
123, 974, -1
123, 823, -1
123, 980, -1
123, 1042, -1
123, 1171, -1
123, 1191, -1
123, 663, -1
123, 627, -1
123, 1601, -1
123, 1630, -1
123, 433, -1
974, 1869, -1
823, 1869, -1
980, 1869, -1
974, 241, -1
974, 204, -1
823, 241, -1
823, 204, -1
980, 241, -1
980, 204, -1
974, 123, -1
823, 123, -1
980, 123, -1
974, 1042, -1
974, 1171, -1
974, 1191, -1
823, 1042, -1
823, 1171, -1
823, 1191, -1
980, 1042, -1
980, 1171, -1
980, 1191, -1
974, 663, -1
974, 627, -1
823, 663, -1
823, 627, -1
980, 663, -1
980, 627, -1
974, 1601, -1
974, 1630, -1
823, 1601, -1
823, 1630, -1
980, 1601, -1
980, 1630, -1
974, 433, -1
823, 433, -1
980, 433, -1
1042, 1869, -1
1171, 1869, -1
1191, 1869, -1
1042, 241, -1
1042, 204, -1
1171, 241, -1
1171, 204, -1
1191, 241, -1
1191, 204, -1
1042, 123, -1
1171, 123, -1
1191, 123, -1
1042, 974, -1
1042, 823, -1
1042, 980, -1
1171, 974, -1
1171, 823, -1
1171, 980, -1
1191, 974, -1
1191, 823, -1
1191, 980, -1
1042, 663, -1
1042, 627, -1
1171, 663, -1
1171, 627, -1
1191, 663, -1
1191, 627, -1
1042, 1601, -1
1042, 1630, -1
1171, 1601, -1
1171, 1630, -1
1191, 1601, -1
1191, 1630, -1
1042, 433, -1
1171, 433, -1
1191, 433, -1
663, 1869, -1
627, 1869, -1
663, 241, -1
663, 204, -1
627, 241, -1
627, 204, -1
663, 123, -1
627, 123, -1
663, 974, -1
663, 823, -1
663, 980, -1
627, 974, -1
627, 823, -1
627, 980, -1
663, 1042, -1
663, 1171, -1
663, 1191, -1
627, 1042, -1
627, 1171, -1
627, 1191, -1
663, 1601, -1
663, 1630, -1
627, 1601, -1
627, 1630, -1
663, 433, -1
627, 433, -1
1601, 1869, -1
1630, 1869, -1
1601, 241, -1
1601, 204, -1
1630, 241, -1
1630, 204, -1
1601, 123, -1
1630, 123, -1
1601, 974, -1
1601, 823, -1
1601, 980, -1
1630, 974, -1
1630, 823, -1
1630, 980, -1
1601, 1042, -1
1601, 1171, -1
1601, 1191, -1
1630, 1042, -1
1630, 1171, -1
1630, 1191, -1
1601, 663, -1
1601, 627, -1
1630, 663, -1
1630, 627, -1
1601, 433, -1
1630, 433, -1
433, 1869, -1
433, 241, -1
433, 204, -1
433, 123, -1
433, 974, -1
433, 823, -1
433, 980, -1
433, 1042, -1
433, 1171, -1
433, 1191, -1
433, 663, -1
433, 627, -1
433, 1601, -1
433, 1630, -1

241, 204, 1
204, 241, 1
974, 823, 1
974, 980, 1
974, 886, 1
823, 974, 1
823, 980, 1
823, 886, 1
980, 974, 1
980, 823, 1
980, 886, 1
886, 974, 1
886, 823, 1
886, 980, 1
1042, 1171, 1
1042, 1191, 1
1171, 1042, 1
1171, 1191, 1
1191, 1042, 1
1191, 1171, 1
663, 627, 1
663, 681, 1
627, 663, 1
627, 681, 1
681, 663, 1
681, 627, 1
1601, 1630, 1
1630, 1601, 1
1869, 241, -1
1869, 204, -1
1869, 123, -1
1869, 974, -1
1869, 823, -1
1869, 980, -1
1869, 886, -1
1869, 1042, -1
1869, 1171, -1
1869, 1191, -1
1869, 663, -1
1869, 627, -1
1869, 681, -1
1869, 1601, -1
1869, 1630, -1
1869, 433, -1
241, 1869, -1
204, 1869, -1
241, 123, -1
204, 123, -1
241, 974, -1
241, 823, -1
241, 980, -1
241, 886, -1
204, 974, -1
204, 823, -1
204, 980, -1
204, 886, -1
241, 1042, -1
241, 1171, -1
241, 1191, -1
204, 1042, -1
204, 1171, -1
204, 1191, -1
241, 663, -1
241, 627, -1
241, 681, -1
204, 663, -1
204, 627, -1
204, 681, -1
241, 1601, -1
241, 1630, -1
204, 1601, -1
204, 1630, -1
241, 433, -1
204, 433, -1
123, 1869, -1
123, 241, -1
123, 204, -1
123, 974, -1
123, 823, -1
123, 980, -1
123, 886, -1
123, 1042, -1
123, 1171, -1
123, 1191, -1
123, 663, -1
123, 627, -1
123, 681, -1
123, 1601, -1
123, 1630, -1
123, 433, -1
974, 1869, -1
823, 1869, -1
980, 1869, -1
886, 1869, -1
974, 241, -1
974, 204, -1
823, 241, -1
823, 204, -1
980, 241, -1
980, 204, -1
886, 241, -1
886, 204, -1
974, 123, -1
823, 123, -1
980, 123, -1
886, 123, -1
974, 1042, -1
974, 1171, -1
974, 1191, -1
823, 1042, -1
823, 1171, -1
823, 1191, -1
980, 1042, -1
980, 1171, -1
980, 1191, -1
886, 1042, -1
886, 1171, -1
886, 1191, -1
974, 663, -1
974, 627, -1
974, 681, -1
823, 663, -1
823, 627, -1
823, 681, -1
980, 663, -1
980, 627, -1
980, 681, -1
886, 663, -1
886, 627, -1
886, 681, -1
974, 1601, -1
974, 1630, -1
823, 1601, -1
823, 1630, -1
980, 1601, -1
980, 1630, -1
886, 1601, -1
886, 1630, -1
974, 433, -1
823, 433, -1
980, 433, -1
886, 433, -1
1042, 1869, -1
1171, 1869, -1
1191, 1869, -1
1042, 241, -1
1042, 204, -1
1171, 241, -1
1171, 204, -1
1191, 241, -1
1191, 204, -1
1042, 123, -1
1171, 123, -1
1191, 123, -1
1042, 974, -1
1042, 823, -1
1042, 980, -1
1042, 886, -1
1171, 974, -1
1171, 823, -1
1171, 980, -1
1171, 886, -1
1191, 974, -1
1191, 823, -1
1191, 980, -1
1191, 886, -1
1042, 663, -1
1042, 627, -1
1042, 681, -1
1171, 663, -1
1171, 627, -1
1171, 681, -1
1191, 663, -1
1191, 627, -1
1191, 681, -1
1042, 1601, -1
1042, 1630, -1
1171, 1601, -1
1171, 1630, -1
1191, 1601, -1
1191, 1630, -1
1042, 433, -1
1171, 433, -1
1191, 433, -1
663, 1869, -1
627, 1869, -1
681, 1869, -1
663, 241, -1
663, 204, -1
627, 241, -1
627, 204, -1
681, 241, -1
681, 204, -1
663, 123, -1
627, 123, -1
681, 123, -1
663, 974, -1
663, 823, -1
663, 980, -1
663, 886, -1
627, 974, -1
627, 823, -1
627, 980, -1
627, 886, -1
681, 974, -1
681, 823, -1
681, 980, -1
681, 886, -1
663, 1042, -1
663, 1171, -1
663, 1191, -1
627, 1042, -1
627, 1171, -1
627, 1191, -1
681, 1042, -1
681, 1171, -1
681, 1191, -1
663, 1601, -1
663, 1630, -1
627, 1601, -1
627, 1630, -1
681, 1601, -1
681, 1630, -1
663, 433, -1
627, 433, -1
681, 433, -1
1601, 1869, -1
1630, 1869, -1
1601, 241, -1
1601, 204, -1
1630, 241, -1
1630, 204, -1
1601, 123, -1
1630, 123, -1
1601, 974, -1
1601, 823, -1
1601, 980, -1
1601, 886, -1
1630, 974, -1
1630, 823, -1
1630, 980, -1
1630, 886, -1
1601, 1042, -1
1601, 1171, -1
1601, 1191, -1
1630, 1042, -1
1630, 1171, -1
1630, 1191, -1
1601, 663, -1
1601, 627, -1
1601, 681, -1
1630, 663, -1
1630, 627, -1
1630, 681, -1
1601, 433, -1
1630, 433, -1
433, 1869, -1
433, 241, -1
433, 204, -1
433, 123, -1
433, 974, -1
433, 823, -1
433, 980, -1
433, 886, -1
433, 1042, -1
433, 1171, -1
433, 1191, -1
433, 663, -1
433, 627, -1
433, 681, -1
433, 1601, -1
433, 1630, -1

