1736, 974, -1
1736, 1882, -1
1736, 53, -1
1736, 1171, -1
974, 1736, -1
974, 1882, -1
974, 53, -1
974, 1171, -1
1882, 1736, -1
1882, 974, -1
1882, 53, -1
1882, 1171, -1
53, 1736, -1
53, 974, -1
53, 1882, -1
53, 1171, -1
1171, 1736, -1
1171, 974, -1
1171, 1882, -1
1171, 53, -1

1736, 974, -1
1736, 1882, -1
1736, 53, -1
1736, 1171, -1
1736, 1478, -1
974, 1736, -1
974, 1882, -1
974, 53, -1
974, 1171, -1
974, 1478, -1
1882, 1736, -1
1882, 974, -1
1882, 53, -1
1882, 1171, -1
1882, 1478, -1
53, 1736, -1
53, 974, -1
53, 1882, -1
53, 1171, -1
53, 1478, -1
1171, 1736, -1
1171, 974, -1
1171, 1882, -1
1171, 53, -1
1171, 1478, -1
1478, 1736, -1
1478, 974, -1
1478, 1882, -1
1478, 53, -1
1478, 1171, -1

974, 823, 1
823, 974, 1
1736, 974, -1
1736, 823, -1
1736, 1882, -1
1736, 53, -1
1736, 1171, -1
1736, 1478, -1
1736, 738, -1
974, 1736, -1
823, 1736, -1
974, 1882, -1
823, 1882, -1
974, 53, -1
823, 53, -1
974, 1171, -1
823, 1171, -1
974, 1478, -1
823, 1478, -1
974, 738, -1
823, 738, -1
1882, 1736, -1
1882, 974, -1
1882, 823, -1
1882, 53, -1
1882, 1171, -1
1882, 1478, -1
1882, 738, -1
53, 1736, -1
53, 974, -1
53, 823, -1
53, 1882, -1
53, 1171, -1
53, 1478, -1
53, 738, -1
1171, 1736, -1
1171, 974, -1
1171, 823, -1
1171, 1882, -1
1171, 53, -1
1171, 1478, -1
1171, 738, -1
1478, 1736, -1
1478, 974, -1
1478, 823, -1
1478, 1882, -1
1478, 53, -1
1478, 1171, -1
1478, 738, -1
738, 1736, -1
738, 974, -1
738, 823, -1
738, 1882, -1
738, 53, -1
738, 1171, -1
738, 1478, -1

974, 823, 1
823, 974, 1
1171, 1034, 1
1034, 1171, 1
1736, 974, -1
1736, 823, -1
1736, 1882, -1
1736, 53, -1
1736, 1171, -1
1736, 1034, -1
1736, 1478, -1
1736, 738, -1
974, 1736, -1
823, 1736, -1
974, 1882, -1
823, 1882, -1
974, 53, -1
823, 53, -1
974, 1171, -1
974, 1034, -1
823, 1171, -1
823, 1034, -1
974, 1478, -1
823, 1478, -1
974, 738, -1
823, 738, -1
1882, 1736, -1
1882, 974, -1
1882, 823, -1
1882, 53, -1
1882, 1171, -1
1882, 1034, -1
1882, 1478, -1
1882, 738, -1
53, 1736, -1
53, 974, -1
53, 823, -1
53, 1882, -1
53, 1171, -1
53, 1034, -1
53, 1478, -1
53, 738, -1
1171, 1736, -1
1034, 1736, -1
1171, 974, -1
1171, 823, -1
1034, 974, -1
1034, 823, -1
1171, 1882, -1
1034, 1882, -1
1171, 53, -1
1034, 53, -1
1171, 1478, -1
1034, 1478, -1
1171, 738, -1
1034, 738, -1
1478, 1736, -1
1478, 974, -1
1478, 823, -1
1478, 1882, -1
1478, 53, -1
1478, 1171, -1
1478, 1034, -1
1478, 738, -1
738, 1736, -1
738, 974, -1
738, 823, -1
738, 1882, -1
738, 53, -1
738, 1171, -1
738, 1034, -1
738, 1478, -1

974, 823, 1
823, 974, 1
1171, 1034, 1
1034, 1171, 1
738, 740, 1
740, 738, 1
1736, 974, -1
1736, 823, -1
1736, 1882, -1
1736, 53, -1
1736, 1171, -1
1736, 1034, -1
1736, 1478, -1
1736, 738, -1
1736, 740, -1
974, 1736, -1
823, 1736, -1
974, 1882, -1
823, 1882, -1
974, 53, -1
823, 53, -1
974, 1171, -1
974, 1034, -1
823, 1171, -1
823, 1034, -1
974, 1478, -1
823, 1478, -1
974, 738, -1
974, 740, -1
823, 738, -1
823, 740, -1
1882, 1736, -1
1882, 974, -1
1882, 823, -1
1882, 53, -1
1882, 1171, -1
1882, 1034, -1
1882, 1478, -1
1882, 738, -1
1882, 740, -1
53, 1736, -1
53, 974, -1
53, 823, -1
53, 1882, -1
53, 1171, -1
53, 1034, -1
53, 1478, -1
53, 738, -1
53, 740, -1
1171, 1736, -1
1034, 1736, -1
1171, 974, -1
1171, 823, -1
1034, 974, -1
1034, 823, -1
1171, 1882, -1
1034, 1882, -1
1171, 53, -1
1034, 53, -1
1171, 1478, -1
1034, 1478, -1
1171, 738, -1
1171, 740, -1
1034, 738, -1
1034, 740, -1
1478, 1736, -1
1478, 974, -1
1478, 823, -1
1478, 1882, -1
1478, 53, -1
1478, 1171, -1
1478, 1034, -1
1478, 738, -1
1478, 740, -1
738, 1736, -1
740, 1736, -1
738, 974, -1
738, 823, -1
740, 974, -1
740, 823, -1
738, 1882, -1
740, 1882, -1
738, 53, -1
740, 53, -1
738, 1171, -1
738, 1034, -1
740, 1171, -1
740, 1034, -1
738, 1478, -1
740, 1478, -1

974, 823, 1
823, 974, 1
1171, 1034, 1
1171, 1134, 1
1034, 1171, 1
1034, 1134, 1
1134, 1171, 1
1134, 1034, 1
738, 740, 1
740, 738, 1
1736, 974, -1
1736, 823, -1
1736, 1882, -1
1736, 53, -1
1736, 1171, -1
1736, 1034, -1
1736, 1134, -1
1736, 1478, -1
1736, 738, -1
1736, 740, -1
974, 1736, -1
823, 1736, -1
974, 1882, -1
823, 1882, -1
974, 53, -1
823, 53, -1
974, 1171, -1
974, 1034, -1
974, 1134, -1
823, 1171, -1
823, 1034, -1
823, 1134, -1
974, 1478, -1
823, 1478, -1
974, 738, -1
974, 740, -1
823, 738, -1
823, 740, -1
1882, 1736, -1
1882, 974, -1
1882, 823, -1
1882, 53, -1
1882, 1171, -1
1882, 1034, -1
1882, 1134, -1
1882, 1478, -1
1882, 738, -1
1882, 740, -1
53, 1736, -1
53, 974, -1
53, 823, -1
53, 1882, -1
53, 1171, -1
53, 1034, -1
53, 1134, -1
53, 1478, -1
53, 738, -1
53, 740, -1
1171, 1736, -1
1034, 1736, -1
1134, 1736, -1
1171, 974, -1
1171, 823, -1
1034, 974, -1
1034, 823, -1
1134, 974, -1
1134, 823, -1
1171, 1882, -1
1034, 1882, -1
1134, 1882, -1
1171, 53, -1
1034, 53, -1
1134, 53, -1
1171, 1478, -1
1034, 1478, -1
1134, 1478, -1
1171, 738, -1
1171, 740, -1
1034, 738, -1
1034, 740, -1
1134, 738, -1
1134, 740, -1
1478, 1736, -1
1478, 974, -1
1478, 823, -1
1478, 1882, -1
1478, 53, -1
1478, 1171, -1
1478, 1034, -1
1478, 1134, -1
1478, 738, -1
1478, 740, -1
738, 1736, -1
740, 1736, -1
738, 974, -1
738, 823, -1
740, 974, -1
740, 823, -1
738, 1882, -1
740, 1882, -1
738, 53, -1
740, 53, -1
738, 1171, -1
738, 1034, -1
738, 1134, -1
740, 1171, -1
740, 1034, -1
740, 1134, -1
738, 1478, -1
740, 1478, -1

974, 823, 1
823, 974, 1
1171, 1034, 1
1171, 1134, 1
1034, 1171, 1
1034, 1134, 1
1134, 1171, 1
1134, 1034, 1
738, 740, 1
740, 738, 1
1736, 974, -1
1736, 823, -1
1736, 1882, -1
1736, 53, -1
1736, 1171, -1
1736, 1034, -1
1736, 1134, -1
1736, 1478, -1
1736, 738, -1
1736, 740, -1
1736, 433, -1
974, 1736, -1
823, 1736, -1
974, 1882, -1
823, 1882, -1
974, 53, -1
823, 53, -1
974, 1171, -1
974, 1034, -1
974, 1134, -1
823, 1171, -1
823, 1034, -1
823, 1134, -1
974, 1478, -1
823, 1478, -1
974, 738, -1
974, 740, -1
823, 738, -1
823, 740, -1
974, 433, -1
823, 433, -1
1882, 1736, -1
1882, 974, -1
1882, 823, -1
1882, 53, -1
1882, 1171, -1
1882, 1034, -1
1882, 1134, -1
1882, 1478, -1
1882, 738, -1
1882, 740, -1
1882, 433, -1
53, 1736, -1
53, 974, -1
53, 823, -1
53, 1882, -1
53, 1171, -1
53, 1034, -1
53, 1134, -1
53, 1478, -1
53, 738, -1
53, 740, -1
53, 433, -1
1171, 1736, -1
1034, 1736, -1
1134, 1736, -1
1171, 974, -1
1171, 823, -1
1034, 974, -1
1034, 823, -1
1134, 974, -1
1134, 823, -1
1171, 1882, -1
1034, 1882, -1
1134, 1882, -1
1171, 53, -1
1034, 53, -1
1134, 53, -1
1171, 1478, -1
1034, 1478, -1
1134, 1478, -1
1171, 738, -1
1171, 740, -1
1034, 738, -1
1034, 740, -1
1134, 738, -1
1134, 740, -1
1171, 433, -1
1034, 433, -1
1134, 433, -1
1478, 1736, -1
1478, 974, -1
1478, 823, -1
1478, 1882, -1
1478, 53, -1
1478, 1171, -1
1478, 1034, -1
1478, 1134, -1
1478, 738, -1
1478, 740, -1
1478, 433, -1
738, 1736, -1
740, 1736, -1
738, 974, -1
738, 823, -1
740, 974, -1
740, 823, -1
738, 1882, -1
740, 1882, -1
738, 53, -1
740, 53, -1
738, 1171, -1
738, 1034, -1
738, 1134, -1
740, 1171, -1
740, 1034, -1
740, 1134, -1
738, 1478, -1
740, 1478, -1
738, 433, -1
740, 433, -1
433, 1736, -1
433, 974, -1
433, 823, -1
433, 1882, -1
433, 53, -1
433, 1171, -1
433, 1034, -1
433, 1134, -1
433, 1478, -1
433, 738, -1
433, 740, -1

1736, 1601, 1
1601, 1736, 1
974, 823, 1
823, 974, 1
1171, 1034, 1
1171, 1134, 1
1034, 1171, 1
1034, 1134, 1
1134, 1171, 1
1134, 1034, 1
738, 740, 1
740, 738, 1
1736, 974, -1
1736, 823, -1
1601, 974, -1
1601, 823, -1
1736, 1882, -1
1601, 1882, -1
1736, 53, -1
1601, 53, -1
1736, 1171, -1
1736, 1034, -1
1736, 1134, -1
1601, 1171, -1
1601, 1034, -1
1601, 1134, -1
1736, 1478, -1
1601, 1478, -1
1736, 738, -1
1736, 740, -1
1601, 738, -1
1601, 740, -1
1736, 433, -1
1601, 433, -1
1736, 1368, -1
1601, 1368, -1
974, 1736, -1
974, 1601, -1
823, 1736, -1
823, 1601, -1
974, 1882, -1
823, 1882, -1
974, 53, -1
823, 53, -1
974, 1171, -1
974, 1034, -1
974, 1134, -1
823, 1171, -1
823, 1034, -1
823, 1134, -1
974, 1478, -1
823, 1478, -1
974, 738, -1
974, 740, -1
823, 738, -1
823, 740, -1
974, 433, -1
823, 433, -1
974, 1368, -1
823, 1368, -1
1882, 1736, -1
1882, 1601, -1
1882, 974, -1
1882, 823, -1
1882, 53, -1
1882, 1171, -1
1882, 1034, -1
1882, 1134, -1
1882, 1478, -1
1882, 738, -1
1882, 740, -1
1882, 433, -1
1882, 1368, -1
53, 1736, -1
53, 1601, -1
53, 974, -1
53, 823, -1
53, 1882, -1
53, 1171, -1
53, 1034, -1
53, 1134, -1
53, 1478, -1
53, 738, -1
53, 740, -1
53, 433, -1
53, 1368, -1
1171, 1736, -1
1171, 1601, -1
1034, 1736, -1
1034, 1601, -1
1134, 1736, -1
1134, 1601, -1
1171, 974, -1
1171, 823, -1
1034, 974, -1
1034, 823, -1
1134, 974, -1
1134, 823, -1
1171, 1882, -1
1034, 1882, -1
1134, 1882, -1
1171, 53, -1
1034, 53, -1
1134, 53, -1
1171, 1478, -1
1034, 1478, -1
1134, 1478, -1
1171, 738, -1
1171, 740, -1
1034, 738, -1
1034, 740, -1
1134, 738, -1
1134, 740, -1
1171, 433, -1
1034, 433, -1
1134, 433, -1
1171, 1368, -1
1034, 1368, -1
1134, 1368, -1
1478, 1736, -1
1478, 1601, -1
1478, 974, -1
1478, 823, -1
1478, 1882, -1
1478, 53, -1
1478, 1171, -1
1478, 1034, -1
1478, 1134, -1
1478, 738, -1
1478, 740, -1
1478, 433, -1
1478, 1368, -1
738, 1736, -1
738, 1601, -1
740, 1736, -1
740, 1601, -1
738, 974, -1
738, 823, -1
740, 974, -1
740, 823, -1
738, 1882, -1
740, 1882, -1
738, 53, -1
740, 53, -1
738, 1171, -1
738, 1034, -1
738, 1134, -1
740, 1171, -1
740, 1034, -1
740, 1134, -1
738, 1478, -1
740, 1478, -1
738, 433, -1
740, 433, -1
738, 1368, -1
740, 1368, -1
433, 1736, -1
433, 1601, -1
433, 974, -1
433, 823, -1
433, 1882, -1
433, 53, -1
433, 1171, -1
433, 1034, -1
433, 1134, -1
433, 1478, -1
433, 738, -1
433, 740, -1
433, 1368, -1
1368, 1736, -1
1368, 1601, -1
1368, 974, -1
1368, 823, -1
1368, 1882, -1
1368, 53, -1
1368, 1171, -1
1368, 1034, -1
1368, 1134, -1
1368, 1478, -1
1368, 738, -1
1368, 740, -1
1368, 433, -1

1736, 1601, 1
1601, 1736, 1
974, 823, 1
974, 911, 1
823, 974, 1
823, 911, 1
911, 974, 1
911, 823, 1
53, 59, 1
59, 53, 1
1171, 1034, 1
1171, 1134, 1
1034, 1171, 1
1034, 1134, 1
1134, 1171, 1
1134, 1034, 1
738, 740, 1
740, 738, 1
1736, 974, -1
1736, 823, -1
1736, 911, -1
1601, 974, -1
1601, 823, -1
1601, 911, -1
1736, 1882, -1
1601, 1882, -1
1736, 53, -1
1736, 59, -1
1601, 53, -1
1601, 59, -1
1736, 1171, -1
1736, 1034, -1
1736, 1134, -1
1601, 1171, -1
1601, 1034, -1
1601, 1134, -1
1736, 1478, -1
1601, 1478, -1
1736, 738, -1
1736, 740, -1
1601, 738, -1
1601, 740, -1
1736, 433, -1
1601, 433, -1
1736, 1368, -1
1601, 1368, -1
974, 1736, -1
974, 1601, -1
823, 1736, -1
823, 1601, -1
911, 1736, -1
911, 1601, -1
974, 1882, -1
823, 1882, -1
911, 1882, -1
974, 53, -1
974, 59, -1
823, 53, -1
823, 59, -1
911, 53, -1
911, 59, -1
974, 1171, -1
974, 1034, -1
974, 1134, -1
823, 1171, -1
823, 1034, -1
823, 1134, -1
911, 1171, -1
911, 1034, -1
911, 1134, -1
974, 1478, -1
823, 1478, -1
911, 1478, -1
974, 738, -1
974, 740, -1
823, 738, -1
823, 740, -1
911, 738, -1
911, 740, -1
974, 433, -1
823, 433, -1
911, 433, -1
974, 1368, -1
823, 1368, -1
911, 1368, -1
1882, 1736, -1
1882, 1601, -1
1882, 974, -1
1882, 823, -1
1882, 911, -1
1882, 53, -1
1882, 59, -1
1882, 1171, -1
1882, 1034, -1
1882, 1134, -1
1882, 1478, -1
1882, 738, -1
1882, 740, -1
1882, 433, -1
1882, 1368, -1
53, 1736, -1
53, 1601, -1
59, 1736, -1
59, 1601, -1
53, 974, -1
53, 823, -1
53, 911, -1
59, 974, -1
59, 823, -1
59, 911, -1
53, 1882, -1
59, 1882, -1
53, 1171, -1
53, 1034, -1
53, 1134, -1
59, 1171, -1
59, 1034, -1
59, 1134, -1
53, 1478, -1
59, 1478, -1
53, 738, -1
53, 740, -1
59, 738, -1
59, 740, -1
53, 433, -1
59, 433, -1
53, 1368, -1
59, 1368, -1
1171, 1736, -1
1171, 1601, -1
1034, 1736, -1
1034, 1601, -1
1134, 1736, -1
1134, 1601, -1
1171, 974, -1
1171, 823, -1
1171, 911, -1
1034, 974, -1
1034, 823, -1
1034, 911, -1
1134, 974, -1
1134, 823, -1
1134, 911, -1
1171, 1882, -1
1034, 1882, -1
1134, 1882, -1
1171, 53, -1
1171, 59, -1
1034, 53, -1
1034, 59, -1
1134, 53, -1
1134, 59, -1
1171, 1478, -1
1034, 1478, -1
1134, 1478, -1
1171, 738, -1
1171, 740, -1
1034, 738, -1
1034, 740, -1
1134, 738, -1
1134, 740, -1
1171, 433, -1
1034, 433, -1
1134, 433, -1
1171, 1368, -1
1034, 1368, -1
1134, 1368, -1
1478, 1736, -1
1478, 1601, -1
1478, 974, -1
1478, 823, -1
1478, 911, -1
1478, 1882, -1
1478, 53, -1
1478, 59, -1
1478, 1171, -1
1478, 1034, -1
1478, 1134, -1
1478, 738, -1
1478, 740, -1
1478, 433, -1
1478, 1368, -1
738, 1736, -1
738, 1601, -1
740, 1736, -1
740, 1601, -1
738, 974, -1
738, 823, -1
738, 911, -1
740, 974, -1
740, 823, -1
740, 911, -1
738, 1882, -1
740, 1882, -1
738, 53, -1
738, 59, -1
740, 53, -1
740, 59, -1
738, 1171, -1
738, 1034, -1
738, 1134, -1
740, 1171, -1
740, 1034, -1
740, 1134, -1
738, 1478, -1
740, 1478, -1
738, 433, -1
740, 433, -1
738, 1368, -1
740, 1368, -1
433, 1736, -1
433, 1601, -1
433, 974, -1
433, 823, -1
433, 911, -1
433, 1882, -1
433, 53, -1
433, 59, -1
433, 1171, -1
433, 1034, -1
433, 1134, -1
433, 1478, -1
433, 738, -1
433, 740, -1
433, 1368, -1
1368, 1736, -1
1368, 1601, -1
1368, 974, -1
1368, 823, -1
1368, 911, -1
1368, 1882, -1
1368, 53, -1
1368, 59, -1
1368, 1171, -1
1368, 1034, -1
1368, 1134, -1
1368, 1478, -1
1368, 738, -1
1368, 740, -1
1368, 433, -1

1736, 1601, 1
1601, 1736, 1
974, 823, 1
974, 911, 1
823, 974, 1
823, 911, 1
911, 974, 1
911, 823, 1
53, 59, 1
59, 53, 1
1171, 1034, 1
1171, 1134, 1
1171, 1130, 1
1034, 1171, 1
1034, 1134, 1
1034, 1130, 1
1134, 1171, 1
1134, 1034, 1
1134, 1130, 1
1130, 1171, 1
1130, 1034, 1
1130, 1134, 1
738, 740, 1
740, 738, 1
1736, 974, -1
1736, 823, -1
1736, 911, -1
1601, 974, -1
1601, 823, -1
1601, 911, -1
1736, 1882, -1
1601, 1882, -1
1736, 53, -1
1736, 59, -1
1601, 53, -1
1601, 59, -1
1736, 1171, -1
1736, 1034, -1
1736, 1134, -1
1736, 1130, -1
1601, 1171, -1
1601, 1034, -1
1601, 1134, -1
1601, 1130, -1
1736, 1478, -1
1601, 1478, -1
1736, 738, -1
1736, 740, -1
1601, 738, -1
1601, 740, -1
1736, 433, -1
1601, 433, -1
1736, 1368, -1
1601, 1368, -1
974, 1736, -1
974, 1601, -1
823, 1736, -1
823, 1601, -1
911, 1736, -1
911, 1601, -1
974, 1882, -1
823, 1882, -1
911, 1882, -1
974, 53, -1
974, 59, -1
823, 53, -1
823, 59, -1
911, 53, -1
911, 59, -1
974, 1171, -1
974, 1034, -1
974, 1134, -1
974, 1130, -1
823, 1171, -1
823, 1034, -1
823, 1134, -1
823, 1130, -1
911, 1171, -1
911, 1034, -1
911, 1134, -1
911, 1130, -1
974, 1478, -1
823, 1478, -1
911, 1478, -1
974, 738, -1
974, 740, -1
823, 738, -1
823, 740, -1
911, 738, -1
911, 740, -1
974, 433, -1
823, 433, -1
911, 433, -1
974, 1368, -1
823, 1368, -1
911, 1368, -1
1882, 1736, -1
1882, 1601, -1
1882, 974, -1
1882, 823, -1
1882, 911, -1
1882, 53, -1
1882, 59, -1
1882, 1171, -1
1882, 1034, -1
1882, 1134, -1
1882, 1130, -1
1882, 1478, -1
1882, 738, -1
1882, 740, -1
1882, 433, -1
1882, 1368, -1
53, 1736, -1
53, 1601, -1
59, 1736, -1
59, 1601, -1
53, 974, -1
53, 823, -1
53, 911, -1
59, 974, -1
59, 823, -1
59, 911, -1
53, 1882, -1
59, 1882, -1
53, 1171, -1
53, 1034, -1
53, 1134, -1
53, 1130, -1
59, 1171, -1
59, 1034, -1
59, 1134, -1
59, 1130, -1
53, 1478, -1
59, 1478, -1
53, 738, -1
53, 740, -1
59, 738, -1
59, 740, -1
53, 433, -1
59, 433, -1
53, 1368, -1
59, 1368, -1
1171, 1736, -1
1171, 1601, -1
1034, 1736, -1
1034, 1601, -1
1134, 1736, -1
1134, 1601, -1
1130, 1736, -1
1130, 1601, -1
1171, 974, -1
1171, 823, -1
1171, 911, -1
1034, 974, -1
1034, 823, -1
1034, 911, -1
1134, 974, -1
1134, 823, -1
1134, 911, -1
1130, 974, -1
1130, 823, -1
1130, 911, -1
1171, 1882, -1
1034, 1882, -1
1134, 1882, -1
1130, 1882, -1
1171, 53, -1
1171, 59, -1
1034, 53, -1
1034, 59, -1
1134, 53, -1
1134, 59, -1
1130, 53, -1
1130, 59, -1
1171, 1478, -1
1034, 1478, -1
1134, 1478, -1
1130, 1478, -1
1171, 738, -1
1171, 740, -1
1034, 738, -1
1034, 740, -1
1134, 738, -1
1134, 740, -1
1130, 738, -1
1130, 740, -1
1171, 433, -1
1034, 433, -1
1134, 433, -1
1130, 433, -1
1171, 1368, -1
1034, 1368, -1
1134, 1368, -1
1130, 1368, -1
1478, 1736, -1
1478, 1601, -1
1478, 974, -1
1478, 823, -1
1478, 911, -1
1478, 1882, -1
1478, 53, -1
1478, 59, -1
1478, 1171, -1
1478, 1034, -1
1478, 1134, -1
1478, 1130, -1
1478, 738, -1
1478, 740, -1
1478, 433, -1
1478, 1368, -1
738, 1736, -1
738, 1601, -1
740, 1736, -1
740, 1601, -1
738, 974, -1
738, 823, -1
738, 911, -1
740, 974, -1
740, 823, -1
740, 911, -1
738, 1882, -1
740, 1882, -1
738, 53, -1
738, 59, -1
740, 53, -1
740, 59, -1
738, 1171, -1
738, 1034, -1
738, 1134, -1
738, 1130, -1
740, 1171, -1
740, 1034, -1
740, 1134, -1
740, 1130, -1
738, 1478, -1
740, 1478, -1
738, 433, -1
740, 433, -1
738, 1368, -1
740, 1368, -1
433, 1736, -1
433, 1601, -1
433, 974, -1
433, 823, -1
433, 911, -1
433, 1882, -1
433, 53, -1
433, 59, -1
433, 1171, -1
433, 1034, -1
433, 1134, -1
433, 1130, -1
433, 1478, -1
433, 738, -1
433, 740, -1
433, 1368, -1
1368, 1736, -1
1368, 1601, -1
1368, 974, -1
1368, 823, -1
1368, 911, -1
1368, 1882, -1
1368, 53, -1
1368, 59, -1
1368, 1171, -1
1368, 1034, -1
1368, 1134, -1
1368, 1130, -1
1368, 1478, -1
1368, 738, -1
1368, 740, -1
1368, 433, -1

