829, 123, -1
829, 559, -1
829, 1601, -1
829, 1095, -1
123, 829, -1
123, 559, -1
123, 1601, -1
123, 1095, -1
559, 829, -1
559, 123, -1
559, 1601, -1
559, 1095, -1
1601, 829, -1
1601, 123, -1
1601, 559, -1
1601, 1095, -1
1095, 829, -1
1095, 123, -1
1095, 559, -1
1095, 1601, -1

829, 974, 1
974, 829, 1
829, 123, -1
974, 123, -1
829, 559, -1
974, 559, -1
829, 1601, -1
974, 1601, -1
829, 1095, -1
974, 1095, -1
829, 738, -1
974, 738, -1
123, 829, -1
123, 974, -1
123, 559, -1
123, 1601, -1
123, 1095, -1
123, 738, -1
559, 829, -1
559, 974, -1
559, 123, -1
559, 1601, -1
559, 1095, -1
559, 738, -1
1601, 829, -1
1601, 974, -1
1601, 123, -1
1601, 559, -1
1601, 1095, -1
1601, 738, -1
1095, 829, -1
1095, 974, -1
1095, 123, -1
1095, 559, -1
1095, 1601, -1
1095, 738, -1
738, 829, -1
738, 974, -1
738, 123, -1
738, 559, -1
738, 1601, -1
738, 1095, -1

829, 974, 1
974, 829, 1
829, 123, -1
974, 123, -1
829, 559, -1
974, 559, -1
829, 1601, -1
974, 1601, -1
829, 1095, -1
974, 1095, -1
829, 738, -1
974, 738, -1
829, 204, -1
974, 204, -1
123, 829, -1
123, 974, -1
123, 559, -1
123, 1601, -1
123, 1095, -1
123, 738, -1
123, 204, -1
559, 829, -1
559, 974, -1
559, 123, -1
559, 1601, -1
559, 1095, -1
559, 738, -1
559, 204, -1
1601, 829, -1
1601, 974, -1
1601, 123, -1
1601, 559, -1
1601, 1095, -1
1601, 738, -1
1601, 204, -1
1095, 829, -1
1095, 974, -1
1095, 123, -1
1095, 559, -1
1095, 1601, -1
1095, 738, -1
1095, 204, -1
738, 829, -1
738, 974, -1
738, 123, -1
738, 559, -1
738, 1601, -1
738, 1095, -1
738, 204, -1
204, 829, -1
204, 974, -1
204, 123, -1
204, 559, -1
204, 1601, -1
204, 1095, -1
204, 738, -1

829, 974, 1
974, 829, 1
1095, 1175, 1
1175, 1095, 1
829, 123, -1
974, 123, -1
829, 559, -1
974, 559, -1
829, 1601, -1
974, 1601, -1
829, 1095, -1
829, 1175, -1
974, 1095, -1
974, 1175, -1
829, 738, -1
974, 738, -1
829, 204, -1
974, 204, -1
123, 829, -1
123, 974, -1
123, 559, -1
123, 1601, -1
123, 1095, -1
123, 1175, -1
123, 738, -1
123, 204, -1
559, 829, -1
559, 974, -1
559, 123, -1
559, 1601, -1
559, 1095, -1
559, 1175, -1
559, 738, -1
559, 204, -1
1601, 829, -1
1601, 974, -1
1601, 123, -1
1601, 559, -1
1601, 1095, -1
1601, 1175, -1
1601, 738, -1
1601, 204, -1
1095, 829, -1
1095, 974, -1
1175, 829, -1
1175, 974, -1
1095, 123, -1
1175, 123, -1
1095, 559, -1
1175, 559, -1
1095, 1601, -1
1175, 1601, -1
1095, 738, -1
1175, 738, -1
1095, 204, -1
1175, 204, -1
738, 829, -1
738, 974, -1
738, 123, -1
738, 559, -1
738, 1601, -1
738, 1095, -1
738, 1175, -1
738, 204, -1
204, 829, -1
204, 974, -1
204, 123, -1
204, 559, -1
204, 1601, -1
204, 1095, -1
204, 1175, -1
204, 738, -1

829, 974, 1
974, 829, 1
1095, 1175, 1
1175, 1095, 1
738, 681, 1
681, 738, 1
829, 123, -1
974, 123, -1
829, 559, -1
974, 559, -1
829, 1601, -1
974, 1601, -1
829, 1095, -1
829, 1175, -1
974, 1095, -1
974, 1175, -1
829, 738, -1
829, 681, -1
974, 738, -1
974, 681, -1
829, 204, -1
974, 204, -1
123, 829, -1
123, 974, -1
123, 559, -1
123, 1601, -1
123, 1095, -1
123, 1175, -1
123, 738, -1
123, 681, -1
123, 204, -1
559, 829, -1
559, 974, -1
559, 123, -1
559, 1601, -1
559, 1095, -1
559, 1175, -1
559, 738, -1
559, 681, -1
559, 204, -1
1601, 829, -1
1601, 974, -1
1601, 123, -1
1601, 559, -1
1601, 1095, -1
1601, 1175, -1
1601, 738, -1
1601, 681, -1
1601, 204, -1
1095, 829, -1
1095, 974, -1
1175, 829, -1
1175, 974, -1
1095, 123, -1
1175, 123, -1
1095, 559, -1
1175, 559, -1
1095, 1601, -1
1175, 1601, -1
1095, 738, -1
1095, 681, -1
1175, 738, -1
1175, 681, -1
1095, 204, -1
1175, 204, -1
738, 829, -1
738, 974, -1
681, 829, -1
681, 974, -1
738, 123, -1
681, 123, -1
738, 559, -1
681, 559, -1
738, 1601, -1
681, 1601, -1
738, 1095, -1
738, 1175, -1
681, 1095, -1
681, 1175, -1
738, 204, -1
681, 204, -1
204, 829, -1
204, 974, -1
204, 123, -1
204, 559, -1
204, 1601, -1
204, 1095, -1
204, 1175, -1
204, 738, -1
204, 681, -1

829, 974, 1
974, 829, 1
1095, 1175, 1
1095, 1131, 1
1175, 1095, 1
1175, 1131, 1
1131, 1095, 1
1131, 1175, 1
738, 681, 1
681, 738, 1
829, 123, -1
974, 123, -1
829, 559, -1
974, 559, -1
829, 1601, -1
974, 1601, -1
829, 1095, -1
829, 1175, -1
829, 1131, -1
974, 1095, -1
974, 1175, -1
974, 1131, -1
829, 738, -1
829, 681, -1
974, 738, -1
974, 681, -1
829, 204, -1
974, 204, -1
123, 829, -1
123, 974, -1
123, 559, -1
123, 1601, -1
123, 1095, -1
123, 1175, -1
123, 1131, -1
123, 738, -1
123, 681, -1
123, 204, -1
559, 829, -1
559, 974, -1
559, 123, -1
559, 1601, -1
559, 1095, -1
559, 1175, -1
559, 1131, -1
559, 738, -1
559, 681, -1
559, 204, -1
1601, 829, -1
1601, 974, -1
1601, 123, -1
1601, 559, -1
1601, 1095, -1
1601, 1175, -1
1601, 1131, -1
1601, 738, -1
1601, 681, -1
1601, 204, -1
1095, 829, -1
1095, 974, -1
1175, 829, -1
1175, 974, -1
1131, 829, -1
1131, 974, -1
1095, 123, -1
1175, 123, -1
1131, 123, -1
1095, 559, -1
1175, 559, -1
1131, 559, -1
1095, 1601, -1
1175, 1601, -1
1131, 1601, -1
1095, 738, -1
1095, 681, -1
1175, 738, -1
1175, 681, -1
1131, 738, -1
1131, 681, -1
1095, 204, -1
1175, 204, -1
1131, 204, -1
738, 829, -1
738, 974, -1
681, 829, -1
681, 974, -1
738, 123, -1
681, 123, -1
738, 559, -1
681, 559, -1
738, 1601, -1
681, 1601, -1
738, 1095, -1
738, 1175, -1
738, 1131, -1
681, 1095, -1
681, 1175, -1
681, 1131, -1
738, 204, -1
681, 204, -1
204, 829, -1
204, 974, -1
204, 123, -1
204, 559, -1
204, 1601, -1
204, 1095, -1
204, 1175, -1
204, 1131, -1
204, 738, -1
204, 681, -1

829, 974, 1
974, 829, 1
1095, 1175, 1
1095, 1131, 1
1175, 1095, 1
1175, 1131, 1
1131, 1095, 1
1131, 1175, 1
738, 681, 1
681, 738, 1
829, 123, -1
974, 123, -1
829, 559, -1
974, 559, -1
829, 1601, -1
974, 1601, -1
829, 1095, -1
829, 1175, -1
829, 1131, -1
974, 1095, -1
974, 1175, -1
974, 1131, -1
829, 738, -1
829, 681, -1
974, 738, -1
974, 681, -1
829, 204, -1
974, 204, -1
829, 1363, -1
974, 1363, -1
123, 829, -1
123, 974, -1
123, 559, -1
123, 1601, -1
123, 1095, -1
123, 1175, -1
123, 1131, -1
123, 738, -1
123, 681, -1
123, 204, -1
123, 1363, -1
559, 829, -1
559, 974, -1
559, 123, -1
559, 1601, -1
559, 1095, -1
559, 1175, -1
559, 1131, -1
559, 738, -1
559, 681, -1
559, 204, -1
559, 1363, -1
1601, 829, -1
1601, 974, -1
1601, 123, -1
1601, 559, -1
1601, 1095, -1
1601, 1175, -1
1601, 1131, -1
1601, 738, -1
1601, 681, -1
1601, 204, -1
1601, 1363, -1
1095, 829, -1
1095, 974, -1
1175, 829, -1
1175, 974, -1
1131, 829, -1
1131, 974, -1
1095, 123, -1
1175, 123, -1
1131, 123, -1
1095, 559, -1
1175, 559, -1
1131, 559, -1
1095, 1601, -1
1175, 1601, -1
1131, 1601, -1
1095, 738, -1
1095, 681, -1
1175, 738, -1
1175, 681, -1
1131, 738, -1
1131, 681, -1
1095, 204, -1
1175, 204, -1
1131, 204, -1
1095, 1363, -1
1175, 1363, -1
1131, 1363, -1
738, 829, -1
738, 974, -1
681, 829, -1
681, 974, -1
738, 123, -1
681, 123, -1
738, 559, -1
681, 559, -1
738, 1601, -1
681, 1601, -1
738, 1095, -1
738, 1175, -1
738, 1131, -1
681, 1095, -1
681, 1175, -1
681, 1131, -1
738, 204, -1
681, 204, -1
738, 1363, -1
681, 1363, -1
204, 829, -1
204, 974, -1
204, 123, -1
204, 559, -1
204, 1601, -1
204, 1095, -1
204, 1175, -1
204, 1131, -1
204, 738, -1
204, 681, -1
204, 1363, -1
1363, 829, -1
1363, 974, -1
1363, 123, -1
1363, 559, -1
1363, 1601, -1
1363, 1095, -1
1363, 1175, -1
1363, 1131, -1
1363, 738, -1
1363, 681, -1
1363, 204, -1

829, 974, 1
974, 829, 1
1095, 1175, 1
1095, 1131, 1
1175, 1095, 1
1175, 1131, 1
1131, 1095, 1
1131, 1175, 1
738, 681, 1
681, 738, 1
829, 123, -1
974, 123, -1
829, 559, -1
974, 559, -1
829, 1601, -1
974, 1601, -1
829, 1095, -1
829, 1175, -1
829, 1131, -1
974, 1095, -1
974, 1175, -1
974, 1131, -1
829, 738, -1
829, 681, -1
974, 738, -1
974, 681, -1
829, 204, -1
974, 204, -1
829, 1363, -1
974, 1363, -1
829, 1549, -1
974, 1549, -1
123, 829, -1
123, 974, -1
123, 559, -1
123, 1601, -1
123, 1095, -1
123, 1175, -1
123, 1131, -1
123, 738, -1
123, 681, -1
123, 204, -1
123, 1363, -1
123, 1549, -1
559, 829, -1
559, 974, -1
559, 123, -1
559, 1601, -1
559, 1095, -1
559, 1175, -1
559, 1131, -1
559, 738, -1
559, 681, -1
559, 204, -1
559, 1363, -1
559, 1549, -1
1601, 829, -1
1601, 974, -1
1601, 123, -1
1601, 559, -1
1601, 1095, -1
1601, 1175, -1
1601, 1131, -1
1601, 738, -1
1601, 681, -1
1601, 204, -1
1601, 1363, -1
1601, 1549, -1
1095, 829, -1
1095, 974, -1
1175, 829, -1
1175, 974, -1
1131, 829, -1
1131, 974, -1
1095, 123, -1
1175, 123, -1
1131, 123, -1
1095, 559, -1
1175, 559, -1
1131, 559, -1
1095, 1601, -1
1175, 1601, -1
1131, 1601, -1
1095, 738, -1
1095, 681, -1
1175, 738, -1
1175, 681, -1
1131, 738, -1
1131, 681, -1
1095, 204, -1
1175, 204, -1
1131, 204, -1
1095, 1363, -1
1175, 1363, -1
1131, 1363, -1
1095, 1549, -1
1175, 1549, -1
1131, 1549, -1
738, 829, -1
738, 974, -1
681, 829, -1
681, 974, -1
738, 123, -1
681, 123, -1
738, 559, -1
681, 559, -1
738, 1601, -1
681, 1601, -1
738, 1095, -1
738, 1175, -1
738, 1131, -1
681, 1095, -1
681, 1175, -1
681, 1131, -1
738, 204, -1
681, 204, -1
738, 1363, -1
681, 1363, -1
738, 1549, -1
681, 1549, -1
204, 829, -1
204, 974, -1
204, 123, -1
204, 559, -1
204, 1601, -1
204, 1095, -1
204, 1175, -1
204, 1131, -1
204, 738, -1
204, 681, -1
204, 1363, -1
204, 1549, -1
1363, 829, -1
1363, 974, -1
1363, 123, -1
1363, 559, -1
1363, 1601, -1
1363, 1095, -1
1363, 1175, -1
1363, 1131, -1
1363, 738, -1
1363, 681, -1
1363, 204, -1
1363, 1549, -1
1549, 829, -1
1549, 974, -1
1549, 123, -1
1549, 559, -1
1549, 1601, -1
1549, 1095, -1
1549, 1175, -1
1549, 1131, -1
1549, 738, -1
1549, 681, -1
1549, 204, -1
1549, 1363, -1

829, 974, 1
974, 829, 1
123, 59, 1
59, 123, 1
1095, 1175, 1
1095, 1131, 1
1175, 1095, 1
1175, 1131, 1
1131, 1095, 1
1131, 1175, 1
738, 681, 1
738, 791, 1
681, 738, 1
681, 791, 1
791, 738, 1
791, 681, 1
829, 123, -1
829, 59, -1
974, 123, -1
974, 59, -1
829, 559, -1
974, 559, -1
829, 1601, -1
974, 1601, -1
829, 1095, -1
829, 1175, -1
829, 1131, -1
974, 1095, -1
974, 1175, -1
974, 1131, -1
829, 738, -1
829, 681, -1
829, 791, -1
974, 738, -1
974, 681, -1
974, 791, -1
829, 204, -1
974, 204, -1
829, 1363, -1
974, 1363, -1
829, 1549, -1
974, 1549, -1
123, 829, -1
123, 974, -1
59, 829, -1
59, 974, -1
123, 559, -1
59, 559, -1
123, 1601, -1
59, 1601, -1
123, 1095, -1
123, 1175, -1
123, 1131, -1
59, 1095, -1
59, 1175, -1
59, 1131, -1
123, 738, -1
123, 681, -1
123, 791, -1
59, 738, -1
59, 681, -1
59, 791, -1
123, 204, -1
59, 204, -1
123, 1363, -1
59, 1363, -1
123, 1549, -1
59, 1549, -1
559, 829, -1
559, 974, -1
559, 123, -1
559, 59, -1
559, 1601, -1
559, 1095, -1
559, 1175, -1
559, 1131, -1
559, 738, -1
559, 681, -1
559, 791, -1
559, 204, -1
559, 1363, -1
559, 1549, -1
1601, 829, -1
1601, 974, -1
1601, 123, -1
1601, 59, -1
1601, 559, -1
1601, 1095, -1
1601, 1175, -1
1601, 1131, -1
1601, 738, -1
1601, 681, -1
1601, 791, -1
1601, 204, -1
1601, 1363, -1
1601, 1549, -1
1095, 829, -1
1095, 974, -1
1175, 829, -1
1175, 974, -1
1131, 829, -1
1131, 974, -1
1095, 123, -1
1095, 59, -1
1175, 123, -1
1175, 59, -1
1131, 123, -1
1131, 59, -1
1095, 559, -1
1175, 559, -1
1131, 559, -1
1095, 1601, -1
1175, 1601, -1
1131, 1601, -1
1095, 738, -1
1095, 681, -1
1095, 791, -1
1175, 738, -1
1175, 681, -1
1175, 791, -1
1131, 738, -1
1131, 681, -1
1131, 791, -1
1095, 204, -1
1175, 204, -1
1131, 204, -1
1095, 1363, -1
1175, 1363, -1
1131, 1363, -1
1095, 1549, -1
1175, 1549, -1
1131, 1549, -1
738, 829, -1
738, 974, -1
681, 829, -1
681, 974, -1
791, 829, -1
791, 974, -1
738, 123, -1
738, 59, -1
681, 123, -1
681, 59, -1
791, 123, -1
791, 59, -1
738, 559, -1
681, 559, -1
791, 559, -1
738, 1601, -1
681, 1601, -1
791, 1601, -1
738, 1095, -1
738, 1175, -1
738, 1131, -1
681, 1095, -1
681, 1175, -1
681, 1131, -1
791, 1095, -1
791, 1175, -1
791, 1131, -1
738, 204, -1
681, 204, -1
791, 204, -1
738, 1363, -1
681, 1363, -1
791, 1363, -1
738, 1549, -1
681, 1549, -1
791, 1549, -1
204, 829, -1
204, 974, -1
204, 123, -1
204, 59, -1
204, 559, -1
204, 1601, -1
204, 1095, -1
204, 1175, -1
204, 1131, -1
204, 738, -1
204, 681, -1
204, 791, -1
204, 1363, -1
204, 1549, -1
1363, 829, -1
1363, 974, -1
1363, 123, -1
1363, 59, -1
1363, 559, -1
1363, 1601, -1
1363, 1095, -1
1363, 1175, -1
1363, 1131, -1
1363, 738, -1
1363, 681, -1
1363, 791, -1
1363, 204, -1
1363, 1549, -1
1549, 829, -1
1549, 974, -1
1549, 123, -1
1549, 59, -1
1549, 559, -1
1549, 1601, -1
1549, 1095, -1
1549, 1175, -1
1549, 1131, -1
1549, 738, -1
1549, 681, -1
1549, 791, -1
1549, 204, -1
1549, 1363, -1

829, 974, 1
974, 829, 1
123, 59, 1
59, 123, 1
1095, 1175, 1
1095, 1131, 1
1175, 1095, 1
1175, 1131, 1
1131, 1095, 1
1131, 1175, 1
738, 681, 1
738, 791, 1
681, 738, 1
681, 791, 1
791, 738, 1
791, 681, 1
829, 123, -1
829, 59, -1
974, 123, -1
974, 59, -1
829, 559, -1
974, 559, -1
829, 1601, -1
974, 1601, -1
829, 1095, -1
829, 1175, -1
829, 1131, -1
974, 1095, -1
974, 1175, -1
974, 1131, -1
829, 738, -1
829, 681, -1
829, 791, -1
974, 738, -1
974, 681, -1
974, 791, -1
829, 204, -1
974, 204, -1
829, 1363, -1
974, 1363, -1
829, 1549, -1
974, 1549, -1
829, 1938, -1
974, 1938, -1
123, 829, -1
123, 974, -1
59, 829, -1
59, 974, -1
123, 559, -1
59, 559, -1
123, 1601, -1
59, 1601, -1
123, 1095, -1
123, 1175, -1
123, 1131, -1
59, 1095, -1
59, 1175, -1
59, 1131, -1
123, 738, -1
123, 681, -1
123, 791, -1
59, 738, -1
59, 681, -1
59, 791, -1
123, 204, -1
59, 204, -1
123, 1363, -1
59, 1363, -1
123, 1549, -1
59, 1549, -1
123, 1938, -1
59, 1938, -1
559, 829, -1
559, 974, -1
559, 123, -1
559, 59, -1
559, 1601, -1
559, 1095, -1
559, 1175, -1
559, 1131, -1
559, 738, -1
559, 681, -1
559, 791, -1
559, 204, -1
559, 1363, -1
559, 1549, -1
559, 1938, -1
1601, 829, -1
1601, 974, -1
1601, 123, -1
1601, 59, -1
1601, 559, -1
1601, 1095, -1
1601, 1175, -1
1601, 1131, -1
1601, 738, -1
1601, 681, -1
1601, 791, -1
1601, 204, -1
1601, 1363, -1
1601, 1549, -1
1601, 1938, -1
1095, 829, -1
1095, 974, -1
1175, 829, -1
1175, 974, -1
1131, 829, -1
1131, 974, -1
1095, 123, -1
1095, 59, -1
1175, 123, -1
1175, 59, -1
1131, 123, -1
1131, 59, -1
1095, 559, -1
1175, 559, -1
1131, 559, -1
1095, 1601, -1
1175, 1601, -1
1131, 1601, -1
1095, 738, -1
1095, 681, -1
1095, 791, -1
1175, 738, -1
1175, 681, -1
1175, 791, -1
1131, 738, -1
1131, 681, -1
1131, 791, -1
1095, 204, -1
1175, 204, -1
1131, 204, -1
1095, 1363, -1
1175, 1363, -1
1131, 1363, -1
1095, 1549, -1
1175, 1549, -1
1131, 1549, -1
1095, 1938, -1
1175, 1938, -1
1131, 1938, -1
738, 829, -1
738, 974, -1
681, 829, -1
681, 974, -1
791, 829, -1
791, 974, -1
738, 123, -1
738, 59, -1
681, 123, -1
681, 59, -1
791, 123, -1
791, 59, -1
738, 559, -1
681, 559, -1
791, 559, -1
738, 1601, -1
681, 1601, -1
791, 1601, -1
738, 1095, -1
738, 1175, -1
738, 1131, -1
681, 1095, -1
681, 1175, -1
681, 1131, -1
791, 1095, -1
791, 1175, -1
791, 1131, -1
738, 204, -1
681, 204, -1
791, 204, -1
738, 1363, -1
681, 1363, -1
791, 1363, -1
738, 1549, -1
681, 1549, -1
791, 1549, -1
738, 1938, -1
681, 1938, -1
791, 1938, -1
204, 829, -1
204, 974, -1
204, 123, -1
204, 59, -1
204, 559, -1
204, 1601, -1
204, 1095, -1
204, 1175, -1
204, 1131, -1
204, 738, -1
204, 681, -1
204, 791, -1
204, 1363, -1
204, 1549, -1
204, 1938, -1
1363, 829, -1
1363, 974, -1
1363, 123, -1
1363, 59, -1
1363, 559, -1
1363, 1601, -1
1363, 1095, -1
1363, 1175, -1
1363, 1131, -1
1363, 738, -1
1363, 681, -1
1363, 791, -1
1363, 204, -1
1363, 1549, -1
1363, 1938, -1
1549, 829, -1
1549, 974, -1
1549, 123, -1
1549, 59, -1
1549, 559, -1
1549, 1601, -1
1549, 1095, -1
1549, 1175, -1
1549, 1131, -1
1549, 738, -1
1549, 681, -1
1549, 791, -1
1549, 204, -1
1549, 1363, -1
1549, 1938, -1
1938, 829, -1
1938, 974, -1
1938, 123, -1
1938, 59, -1
1938, 559, -1
1938, 1601, -1
1938, 1095, -1
1938, 1175, -1
1938, 1131, -1
1938, 738, -1
1938, 681, -1
1938, 791, -1
1938, 204, -1
1938, 1363, -1
1938, 1549, -1

