400, 974, -1
400, 1171, -1
400, 123, -1
400, 1368, -1
974, 400, -1
974, 1171, -1
974, 123, -1
974, 1368, -1
1171, 400, -1
1171, 974, -1
1171, 123, -1
1171, 1368, -1
123, 400, -1
123, 974, -1
123, 1171, -1
123, 1368, -1
1368, 400, -1
1368, 974, -1
1368, 1171, -1
1368, 123, -1

974, 823, 1
823, 974, 1
1171, 1042, 1
1042, 1171, 1
400, 974, -1
400, 823, -1
400, 1171, -1
400, 1042, -1
400, 123, -1
400, 1368, -1
400, 1601, -1
974, 400, -1
823, 400, -1
974, 1171, -1
974, 1042, -1
823, 1171, -1
823, 1042, -1
974, 123, -1
823, 123, -1
974, 1368, -1
823, 1368, -1
974, 1601, -1
823, 1601, -1
1171, 400, -1
1042, 400, -1
1171, 974, -1
1171, 823, -1
1042, 974, -1
1042, 823, -1
1171, 123, -1
1042, 123, -1
1171, 1368, -1
1042, 1368, -1
1171, 1601, -1
1042, 1601, -1
123, 400, -1
123, 974, -1
123, 823, -1
123, 1171, -1
123, 1042, -1
123, 1368, -1
123, 1601, -1
1368, 400, -1
1368, 974, -1
1368, 823, -1
1368, 1171, -1
1368, 1042, -1
1368, 123, -1
1368, 1601, -1
1601, 400, -1
1601, 974, -1
1601, 823, -1
1601, 1171, -1
1601, 1042, -1
1601, 123, -1
1601, 1368, -1

974, 823, 1
823, 974, 1
1171, 1042, 1
1042, 1171, 1
400, 974, -1
400, 823, -1
400, 1171, -1
400, 1042, -1
400, 123, -1
400, 1368, -1
400, 1601, -1
400, 1882, -1
974, 400, -1
823, 400, -1
974, 1171, -1
974, 1042, -1
823, 1171, -1
823, 1042, -1
974, 123, -1
823, 123, -1
974, 1368, -1
823, 1368, -1
974, 1601, -1
823, 1601, -1
974, 1882, -1
823, 1882, -1
1171, 400, -1
1042, 400, -1
1171, 974, -1
1171, 823, -1
1042, 974, -1
1042, 823, -1
1171, 123, -1
1042, 123, -1
1171, 1368, -1
1042, 1368, -1
1171, 1601, -1
1042, 1601, -1
1171, 1882, -1
1042, 1882, -1
123, 400, -1
123, 974, -1
123, 823, -1
123, 1171, -1
123, 1042, -1
123, 1368, -1
123, 1601, -1
123, 1882, -1
1368, 400, -1
1368, 974, -1
1368, 823, -1
1368, 1171, -1
1368, 1042, -1
1368, 123, -1
1368, 1601, -1
1368, 1882, -1
1601, 400, -1
1601, 974, -1
1601, 823, -1
1601, 1171, -1
1601, 1042, -1
1601, 123, -1
1601, 1368, -1
1601, 1882, -1
1882, 400, -1
1882, 974, -1
1882, 823, -1
1882, 1171, -1
1882, 1042, -1
1882, 123, -1
1882, 1368, -1
1882, 1601, -1

974, 823, 1
823, 974, 1
1171, 1042, 1
1042, 1171, 1
400, 974, -1
400, 823, -1
400, 1171, -1
400, 1042, -1
400, 123, -1
400, 1368, -1
400, 1601, -1
400, 1882, -1
400, 241, -1
974, 400, -1
823, 400, -1
974, 1171, -1
974, 1042, -1
823, 1171, -1
823, 1042, -1
974, 123, -1
823, 123, -1
974, 1368, -1
823, 1368, -1
974, 1601, -1
823, 1601, -1
974, 1882, -1
823, 1882, -1
974, 241, -1
823, 241, -1
1171, 400, -1
1042, 400, -1
1171, 974, -1
1171, 823, -1
1042, 974, -1
1042, 823, -1
1171, 123, -1
1042, 123, -1
1171, 1368, -1
1042, 1368, -1
1171, 1601, -1
1042, 1601, -1
1171, 1882, -1
1042, 1882, -1
1171, 241, -1
1042, 241, -1
123, 400, -1
123, 974, -1
123, 823, -1
123, 1171, -1
123, 1042, -1
123, 1368, -1
123, 1601, -1
123, 1882, -1
123, 241, -1
1368, 400, -1
1368, 974, -1
1368, 823, -1
1368, 1171, -1
1368, 1042, -1
1368, 123, -1
1368, 1601, -1
1368, 1882, -1
1368, 241, -1
1601, 400, -1
1601, 974, -1
1601, 823, -1
1601, 1171, -1
1601, 1042, -1
1601, 123, -1
1601, 1368, -1
1601, 1882, -1
1601, 241, -1
1882, 400, -1
1882, 974, -1
1882, 823, -1
1882, 1171, -1
1882, 1042, -1
1882, 123, -1
1882, 1368, -1
1882, 1601, -1
1882, 241, -1
241, 400, -1
241, 974, -1
241, 823, -1
241, 1171, -1
241, 1042, -1
241, 123, -1
241, 1368, -1
241, 1601, -1
241, 1882, -1

974, 823, 1
823, 974, 1
1171, 1042, 1
1042, 1171, 1
1601, 1602, 1
1602, 1601, 1
400, 974, -1
400, 823, -1
400, 1171, -1
400, 1042, -1
400, 123, -1
400, 1368, -1
400, 1601, -1
400, 1602, -1
400, 1882, -1
400, 241, -1
974, 400, -1
823, 400, -1
974, 1171, -1
974, 1042, -1
823, 1171, -1
823, 1042, -1
974, 123, -1
823, 123, -1
974, 1368, -1
823, 1368, -1
974, 1601, -1
974, 1602, -1
823, 1601, -1
823, 1602, -1
974, 1882, -1
823, 1882, -1
974, 241, -1
823, 241, -1
1171, 400, -1
1042, 400, -1
1171, 974, -1
1171, 823, -1
1042, 974, -1
1042, 823, -1
1171, 123, -1
1042, 123, -1
1171, 1368, -1
1042, 1368, -1
1171, 1601, -1
1171, 1602, -1
1042, 1601, -1
1042, 1602, -1
1171, 1882, -1
1042, 1882, -1
1171, 241, -1
1042, 241, -1
123, 400, -1
123, 974, -1
123, 823, -1
123, 1171, -1
123, 1042, -1
123, 1368, -1
123, 1601, -1
123, 1602, -1
123, 1882, -1
123, 241, -1
1368, 400, -1
1368, 974, -1
1368, 823, -1
1368, 1171, -1
1368, 1042, -1
1368, 123, -1
1368, 1601, -1
1368, 1602, -1
1368, 1882, -1
1368, 241, -1
1601, 400, -1
1602, 400, -1
1601, 974, -1
1601, 823, -1
1602, 974, -1
1602, 823, -1
1601, 1171, -1
1601, 1042, -1
1602, 1171, -1
1602, 1042, -1
1601, 123, -1
1602, 123, -1
1601, 1368, -1
1602, 1368, -1
1601, 1882, -1
1602, 1882, -1
1601, 241, -1
1602, 241, -1
1882, 400, -1
1882, 974, -1
1882, 823, -1
1882, 1171, -1
1882, 1042, -1
1882, 123, -1
1882, 1368, -1
1882, 1601, -1
1882, 1602, -1
1882, 241, -1
241, 400, -1
241, 974, -1
241, 823, -1
241, 1171, -1
241, 1042, -1
241, 123, -1
241, 1368, -1
241, 1601, -1
241, 1602, -1
241, 1882, -1

974, 823, 1
823, 974, 1
1171, 1042, 1
1042, 1171, 1
1601, 1602, 1
1602, 1601, 1
400, 974, -1
400, 823, -1
400, 1171, -1
400, 1042, -1
400, 123, -1
400, 1368, -1
400, 1601, -1
400, 1602, -1
400, 1882, -1
400, 241, -1
400, 791, -1
974, 400, -1
823, 400, -1
974, 1171, -1
974, 1042, -1
823, 1171, -1
823, 1042, -1
974, 123, -1
823, 123, -1
974, 1368, -1
823, 1368, -1
974, 1601, -1
974, 1602, -1
823, 1601, -1
823, 1602, -1
974, 1882, -1
823, 1882, -1
974, 241, -1
823, 241, -1
974, 791, -1
823, 791, -1
1171, 400, -1
1042, 400, -1
1171, 974, -1
1171, 823, -1
1042, 974, -1
1042, 823, -1
1171, 123, -1
1042, 123, -1
1171, 1368, -1
1042, 1368, -1
1171, 1601, -1
1171, 1602, -1
1042, 1601, -1
1042, 1602, -1
1171, 1882, -1
1042, 1882, -1
1171, 241, -1
1042, 241, -1
1171, 791, -1
1042, 791, -1
123, 400, -1
123, 974, -1
123, 823, -1
123, 1171, -1
123, 1042, -1
123, 1368, -1
123, 1601, -1
123, 1602, -1
123, 1882, -1
123, 241, -1
123, 791, -1
1368, 400, -1
1368, 974, -1
1368, 823, -1
1368, 1171, -1
1368, 1042, -1
1368, 123, -1
1368, 1601, -1
1368, 1602, -1
1368, 1882, -1
1368, 241, -1
1368, 791, -1
1601, 400, -1
1602, 400, -1
1601, 974, -1
1601, 823, -1
1602, 974, -1
1602, 823, -1
1601, 1171, -1
1601, 1042, -1
1602, 1171, -1
1602, 1042, -1
1601, 123, -1
1602, 123, -1
1601, 1368, -1
1602, 1368, -1
1601, 1882, -1
1602, 1882, -1
1601, 241, -1
1602, 241, -1
1601, 791, -1
1602, 791, -1
1882, 400, -1
1882, 974, -1
1882, 823, -1
1882, 1171, -1
1882, 1042, -1
1882, 123, -1
1882, 1368, -1
1882, 1601, -1
1882, 1602, -1
1882, 241, -1
1882, 791, -1
241, 400, -1
241, 974, -1
241, 823, -1
241, 1171, -1
241, 1042, -1
241, 123, -1
241, 1368, -1
241, 1601, -1
241, 1602, -1
241, 1882, -1
241, 791, -1
791, 400, -1
791, 974, -1
791, 823, -1
791, 1171, -1
791, 1042, -1
791, 123, -1
791, 1368, -1
791, 1601, -1
791, 1602, -1
791, 1882, -1
791, 241, -1

974, 823, 1
974, 980, 1
823, 974, 1
823, 980, 1
980, 974, 1
980, 823, 1
1171, 1042, 1
1171, 1126, 1
1042, 1171, 1
1042, 1126, 1
1126, 1171, 1
1126, 1042, 1
1601, 1602, 1
1602, 1601, 1
400, 974, -1
400, 823, -1
400, 980, -1
400, 1171, -1
400, 1042, -1
400, 1126, -1
400, 123, -1
400, 1368, -1
400, 1601, -1
400, 1602, -1
400, 1882, -1
400, 241, -1
400, 791, -1
974, 400, -1
823, 400, -1
980, 400, -1
974, 1171, -1
974, 1042, -1
974, 1126, -1
823, 1171, -1
823, 1042, -1
823, 1126, -1
980, 1171, -1
980, 1042, -1
980, 1126, -1
974, 123, -1
823, 123, -1
980, 123, -1
974, 1368, -1
823, 1368, -1
980, 1368, -1
974, 1601, -1
974, 1602, -1
823, 1601, -1
823, 1602, -1
980, 1601, -1
980, 1602, -1
974, 1882, -1
823, 1882, -1
980, 1882, -1
974, 241, -1
823, 241, -1
980, 241, -1
974, 791, -1
823, 791, -1
980, 791, -1
1171, 400, -1
1042, 400, -1
1126, 400, -1
1171, 974, -1
1171, 823, -1
1171, 980, -1
1042, 974, -1
1042, 823, -1
1042, 980, -1
1126, 974, -1
1126, 823, -1
1126, 980, -1
1171, 123, -1
1042, 123, -1
1126, 123, -1
1171, 1368, -1
1042, 1368, -1
1126, 1368, -1
1171, 1601, -1
1171, 1602, -1
1042, 1601, -1
1042, 1602, -1
1126, 1601, -1
1126, 1602, -1
1171, 1882, -1
1042, 1882, -1
1126, 1882, -1
1171, 241, -1
1042, 241, -1
1126, 241, -1
1171, 791, -1
1042, 791, -1
1126, 791, -1
123, 400, -1
123, 974, -1
123, 823, -1
123, 980, -1
123, 1171, -1
123, 1042, -1
123, 1126, -1
123, 1368, -1
123, 1601, -1
123, 1602, -1
123, 1882, -1
123, 241, -1
123, 791, -1
1368, 400, -1
1368, 974, -1
1368, 823, -1
1368, 980, -1
1368, 1171, -1
1368, 1042, -1
1368, 1126, -1
1368, 123, -1
1368, 1601, -1
1368, 1602, -1
1368, 1882, -1
1368, 241, -1
1368, 791, -1
1601, 400, -1
1602, 400, -1
1601, 974, -1
1601, 823, -1
1601, 980, -1
1602, 974, -1
1602, 823, -1
1602, 980, -1
1601, 1171, -1
1601, 1042, -1
1601, 1126, -1
1602, 1171, -1
1602, 1042, -1
1602, 1126, -1
1601, 123, -1
1602, 123, -1
1601, 1368, -1
1602, 1368, -1
1601, 1882, -1
1602, 1882, -1
1601, 241, -1
1602, 241, -1
1601, 791, -1
1602, 791, -1
1882, 400, -1
1882, 974, -1
1882, 823, -1
1882, 980, -1
1882, 1171, -1
1882, 1042, -1
1882, 1126, -1
1882, 123, -1
1882, 1368, -1
1882, 1601, -1
1882, 1602, -1
1882, 241, -1
1882, 791, -1
241, 400, -1
241, 974, -1
241, 823, -1
241, 980, -1
241, 1171, -1
241, 1042, -1
241, 1126, -1
241, 123, -1
241, 1368, -1
241, 1601, -1
241, 1602, -1
241, 1882, -1
241, 791, -1
791, 400, -1
791, 974, -1
791, 823, -1
791, 980, -1
791, 1171, -1
791, 1042, -1
791, 1126, -1
791, 123, -1
791, 1368, -1
791, 1601, -1
791, 1602, -1
791, 1882, -1
791, 241, -1

974, 823, 1
974, 980, 1
823, 974, 1
823, 980, 1
980, 974, 1
980, 823, 1
1171, 1042, 1
1171, 1126, 1
1042, 1171, 1
1042, 1126, 1
1126, 1171, 1
1126, 1042, 1
1601, 1602, 1
1602, 1601, 1
791, 681, 1
681, 791, 1
400, 974, -1
400, 823, -1
400, 980, -1
400, 1171, -1
400, 1042, -1
400, 1126, -1
400, 123, -1
400, 1368, -1
400, 1601, -1
400, 1602, -1
400, 1882, -1
400, 241, -1
400, 791, -1
400, 681, -1
974, 400, -1
823, 400, -1
980, 400, -1
974, 1171, -1
974, 1042, -1
974, 1126, -1
823, 1171, -1
823, 1042, -1
823, 1126, -1
980, 1171, -1
980, 1042, -1
980, 1126, -1
974, 123, -1
823, 123, -1
980, 123, -1
974, 1368, -1
823, 1368, -1
980, 1368, -1
974, 1601, -1
974, 1602, -1
823, 1601, -1
823, 1602, -1
980, 1601, -1
980, 1602, -1
974, 1882, -1
823, 1882, -1
980, 1882, -1
974, 241, -1
823, 241, -1
980, 241, -1
974, 791, -1
974, 681, -1
823, 791, -1
823, 681, -1
980, 791, -1
980, 681, -1
1171, 400, -1
1042, 400, -1
1126, 400, -1
1171, 974, -1
1171, 823, -1
1171, 980, -1
1042, 974, -1
1042, 823, -1
1042, 980, -1
1126, 974, -1
1126, 823, -1
1126, 980, -1
1171, 123, -1
1042, 123, -1
1126, 123, -1
1171, 1368, -1
1042, 1368, -1
1126, 1368, -1
1171, 1601, -1
1171, 1602, -1
1042, 1601, -1
1042, 1602, -1
1126, 1601, -1
1126, 1602, -1
1171, 1882, -1
1042, 1882, -1
1126, 1882, -1
1171, 241, -1
1042, 241, -1
1126, 241, -1
1171, 791, -1
1171, 681, -1
1042, 791, -1
1042, 681, -1
1126, 791, -1
1126, 681, -1
123, 400, -1
123, 974, -1
123, 823, -1
123, 980, -1
123, 1171, -1
123, 1042, -1
123, 1126, -1
123, 1368, -1
123, 1601, -1
123, 1602, -1
123, 1882, -1
123, 241, -1
123, 791, -1
123, 681, -1
1368, 400, -1
1368, 974, -1
1368, 823, -1
1368, 980, -1
1368, 1171, -1
1368, 1042, -1
1368, 1126, -1
1368, 123, -1
1368, 1601, -1
1368, 1602, -1
1368, 1882, -1
1368, 241, -1
1368, 791, -1
1368, 681, -1
1601, 400, -1
1602, 400, -1
1601, 974, -1
1601, 823, -1
1601, 980, -1
1602, 974, -1
1602, 823, -1
1602, 980, -1
1601, 1171, -1
1601, 1042, -1
1601, 1126, -1
1602, 1171, -1
1602, 1042, -1
1602, 1126, -1
1601, 123, -1
1602, 123, -1
1601, 1368, -1
1602, 1368, -1
1601, 1882, -1
1602, 1882, -1
1601, 241, -1
1602, 241, -1
1601, 791, -1
1601, 681, -1
1602, 791, -1
1602, 681, -1
1882, 400, -1
1882, 974, -1
1882, 823, -1
1882, 980, -1
1882, 1171, -1
1882, 1042, -1
1882, 1126, -1
1882, 123, -1
1882, 1368, -1
1882, 1601, -1
1882, 1602, -1
1882, 241, -1
1882, 791, -1
1882, 681, -1
241, 400, -1
241, 974, -1
241, 823, -1
241, 980, -1
241, 1171, -1
241, 1042, -1
241, 1126, -1
241, 123, -1
241, 1368, -1
241, 1601, -1
241, 1602, -1
241, 1882, -1
241, 791, -1
241, 681, -1
791, 400, -1
681, 400, -1
791, 974, -1
791, 823, -1
791, 980, -1
681, 974, -1
681, 823, -1
681, 980, -1
791, 1171, -1
791, 1042, -1
791, 1126, -1
681, 1171, -1
681, 1042, -1
681, 1126, -1
791, 123, -1
681, 123, -1
791, 1368, -1
681, 1368, -1
791, 1601, -1
791, 1602, -1
681, 1601, -1
681, 1602, -1
791, 1882, -1
681, 1882, -1
791, 241, -1
681, 241, -1

974, 823, 1
974, 980, 1
823, 974, 1
823, 980, 1
980, 974, 1
980, 823, 1
1171, 1042, 1
1171, 1126, 1
1171, 1103, 1
1042, 1171, 1
1042, 1126, 1
1042, 1103, 1
1126, 1171, 1
1126, 1042, 1
1126, 1103, 1
1103, 1171, 1
1103, 1042, 1
1103, 1126, 1
1601, 1602, 1
1602, 1601, 1
791, 681, 1
681, 791, 1
400, 974, -1
400, 823, -1
400, 980, -1
400, 1171, -1
400, 1042, -1
400, 1126, -1
400, 1103, -1
400, 123, -1
400, 1368, -1
400, 1601, -1
400, 1602, -1
400, 1882, -1
400, 241, -1
400, 791, -1
400, 681, -1
974, 400, -1
823, 400, -1
980, 400, -1
974, 1171, -1
974, 1042, -1
974, 1126, -1
974, 1103, -1
823, 1171, -1
823, 1042, -1
823, 1126, -1
823, 1103, -1
980, 1171, -1
980, 1042, -1
980, 1126, -1
980, 1103, -1
974, 123, -1
823, 123, -1
980, 123, -1
974, 1368, -1
823, 1368, -1
980, 1368, -1
974, 1601, -1
974, 1602, -1
823, 1601, -1
823, 1602, -1
980, 1601, -1
980, 1602, -1
974, 1882, -1
823, 1882, -1
980, 1882, -1
974, 241, -1
823, 241, -1
980, 241, -1
974, 791, -1
974, 681, -1
823, 791, -1
823, 681, -1
980, 791, -1
980, 681, -1
1171, 400, -1
1042, 400, -1
1126, 400, -1
1103, 400, -1
1171, 974, -1
1171, 823, -1
1171, 980, -1
1042, 974, -1
1042, 823, -1
1042, 980, -1
1126, 974, -1
1126, 823, -1
1126, 980, -1
1103, 974, -1
1103, 823, -1
1103, 980, -1
1171, 123, -1
1042, 123, -1
1126, 123, -1
1103, 123, -1
1171, 1368, -1
1042, 1368, -1
1126, 1368, -1
1103, 1368, -1
1171, 1601, -1
1171, 1602, -1
1042, 1601, -1
1042, 1602, -1
1126, 1601, -1
1126, 1602, -1
1103, 1601, -1
1103, 1602, -1
1171, 1882, -1
1042, 1882, -1
1126, 1882, -1
1103, 1882, -1
1171, 241, -1
1042, 241, -1
1126, 241, -1
1103, 241, -1
1171, 791, -1
1171, 681, -1
1042, 791, -1
1042, 681, -1
1126, 791, -1
1126, 681, -1
1103, 791, -1
1103, 681, -1
123, 400, -1
123, 974, -1
123, 823, -1
123, 980, -1
123, 1171, -1
123, 1042, -1
123, 1126, -1
123, 1103, -1
123, 1368, -1
123, 1601, -1
123, 1602, -1
123, 1882, -1
123, 241, -1
123, 791, -1
123, 681, -1
1368, 400, -1
1368, 974, -1
1368, 823, -1
1368, 980, -1
1368, 1171, -1
1368, 1042, -1
1368, 1126, -1
1368, 1103, -1
1368, 123, -1
1368, 1601, -1
1368, 1602, -1
1368, 1882, -1
1368, 241, -1
1368, 791, -1
1368, 681, -1
1601, 400, -1
1602, 400, -1
1601, 974, -1
1601, 823, -1
1601, 980, -1
1602, 974, -1
1602, 823, -1
1602, 980, -1
1601, 1171, -1
1601, 1042, -1
1601, 1126, -1
1601, 1103, -1
1602, 1171, -1
1602, 1042, -1
1602, 1126, -1
1602, 1103, -1
1601, 123, -1
1602, 123, -1
1601, 1368, -1
1602, 1368, -1
1601, 1882, -1
1602, 1882, -1
1601, 241, -1
1602, 241, -1
1601, 791, -1
1601, 681, -1
1602, 791, -1
1602, 681, -1
1882, 400, -1
1882, 974, -1
1882, 823, -1
1882, 980, -1
1882, 1171, -1
1882, 1042, -1
1882, 1126, -1
1882, 1103, -1
1882, 123, -1
1882, 1368, -1
1882, 1601, -1
1882, 1602, -1
1882, 241, -1
1882, 791, -1
1882, 681, -1
241, 400, -1
241, 974, -1
241, 823, -1
241, 980, -1
241, 1171, -1
241, 1042, -1
241, 1126, -1
241, 1103, -1
241, 123, -1
241, 1368, -1
241, 1601, -1
241, 1602, -1
241, 1882, -1
241, 791, -1
241, 681, -1
791, 400, -1
681, 400, -1
791, 974, -1
791, 823, -1
791, 980, -1
681, 974, -1
681, 823, -1
681, 980, -1
791, 1171, -1
791, 1042, -1
791, 1126, -1
791, 1103, -1
681, 1171, -1
681, 1042, -1
681, 1126, -1
681, 1103, -1
791, 123, -1
681, 123, -1
791, 1368, -1
681, 1368, -1
791, 1601, -1
791, 1602, -1
681, 1601, -1
681, 1602, -1
791, 1882, -1
681, 1882, -1
791, 241, -1
681, 241, -1

974, 823, 1
974, 980, 1
823, 974, 1
823, 980, 1
980, 974, 1
980, 823, 1
1171, 1042, 1
1171, 1126, 1
1171, 1103, 1
1042, 1171, 1
1042, 1126, 1
1042, 1103, 1
1126, 1171, 1
1126, 1042, 1
1126, 1103, 1
1103, 1171, 1
1103, 1042, 1
1103, 1126, 1
1601, 1602, 1
1602, 1601, 1
791, 681, 1
791, 738, 1
681, 791, 1
681, 738, 1
738, 791, 1
738, 681, 1
400, 974, -1
400, 823, -1
400, 980, -1
400, 1171, -1
400, 1042, -1
400, 1126, -1
400, 1103, -1
400, 123, -1
400, 1368, -1
400, 1601, -1
400, 1602, -1
400, 1882, -1
400, 241, -1
400, 791, -1
400, 681, -1
400, 738, -1
974, 400, -1
823, 400, -1
980, 400, -1
974, 1171, -1
974, 1042, -1
974, 1126, -1
974, 1103, -1
823, 1171, -1
823, 1042, -1
823, 1126, -1
823, 1103, -1
980, 1171, -1
980, 1042, -1
980, 1126, -1
980, 1103, -1
974, 123, -1
823, 123, -1
980, 123, -1
974, 1368, -1
823, 1368, -1
980, 1368, -1
974, 1601, -1
974, 1602, -1
823, 1601, -1
823, 1602, -1
980, 1601, -1
980, 1602, -1
974, 1882, -1
823, 1882, -1
980, 1882, -1
974, 241, -1
823, 241, -1
980, 241, -1
974, 791, -1
974, 681, -1
974, 738, -1
823, 791, -1
823, 681, -1
823, 738, -1
980, 791, -1
980, 681, -1
980, 738, -1
1171, 400, -1
1042, 400, -1
1126, 400, -1
1103, 400, -1
1171, 974, -1
1171, 823, -1
1171, 980, -1
1042, 974, -1
1042, 823, -1
1042, 980, -1
1126, 974, -1
1126, 823, -1
1126, 980, -1
1103, 974, -1
1103, 823, -1
1103, 980, -1
1171, 123, -1
1042, 123, -1
1126, 123, -1
1103, 123, -1
1171, 1368, -1
1042, 1368, -1
1126, 1368, -1
1103, 1368, -1
1171, 1601, -1
1171, 1602, -1
1042, 1601, -1
1042, 1602, -1
1126, 1601, -1
1126, 1602, -1
1103, 1601, -1
1103, 1602, -1
1171, 1882, -1
1042, 1882, -1
1126, 1882, -1
1103, 1882, -1
1171, 241, -1
1042, 241, -1
1126, 241, -1
1103, 241, -1
1171, 791, -1
1171, 681, -1
1171, 738, -1
1042, 791, -1
1042, 681, -1
1042, 738, -1
1126, 791, -1
1126, 681, -1
1126, 738, -1
1103, 791, -1
1103, 681, -1
1103, 738, -1
123, 400, -1
123, 974, -1
123, 823, -1
123, 980, -1
123, 1171, -1
123, 1042, -1
123, 1126, -1
123, 1103, -1
123, 1368, -1
123, 1601, -1
123, 1602, -1
123, 1882, -1
123, 241, -1
123, 791, -1
123, 681, -1
123, 738, -1
1368, 400, -1
1368, 974, -1
1368, 823, -1
1368, 980, -1
1368, 1171, -1
1368, 1042, -1
1368, 1126, -1
1368, 1103, -1
1368, 123, -1
1368, 1601, -1
1368, 1602, -1
1368, 1882, -1
1368, 241, -1
1368, 791, -1
1368, 681, -1
1368, 738, -1
1601, 400, -1
1602, 400, -1
1601, 974, -1
1601, 823, -1
1601, 980, -1
1602, 974, -1
1602, 823, -1
1602, 980, -1
1601, 1171, -1
1601, 1042, -1
1601, 1126, -1
1601, 1103, -1
1602, 1171, -1
1602, 1042, -1
1602, 1126, -1
1602, 1103, -1
1601, 123, -1
1602, 123, -1
1601, 1368, -1
1602, 1368, -1
1601, 1882, -1
1602, 1882, -1
1601, 241, -1
1602, 241, -1
1601, 791, -1
1601, 681, -1
1601, 738, -1
1602, 791, -1
1602, 681, -1
1602, 738, -1
1882, 400, -1
1882, 974, -1
1882, 823, -1
1882, 980, -1
1882, 1171, -1
1882, 1042, -1
1882, 1126, -1
1882, 1103, -1
1882, 123, -1
1882, 1368, -1
1882, 1601, -1
1882, 1602, -1
1882, 241, -1
1882, 791, -1
1882, 681, -1
1882, 738, -1
241, 400, -1
241, 974, -1
241, 823, -1
241, 980, -1
241, 1171, -1
241, 1042, -1
241, 1126, -1
241, 1103, -1
241, 123, -1
241, 1368, -1
241, 1601, -1
241, 1602, -1
241, 1882, -1
241, 791, -1
241, 681, -1
241, 738, -1
791, 400, -1
681, 400, -1
738, 400, -1
791, 974, -1
791, 823, -1
791, 980, -1
681, 974, -1
681, 823, -1
681, 980, -1
738, 974, -1
738, 823, -1
738, 980, -1
791, 1171, -1
791, 1042, -1
791, 1126, -1
791, 1103, -1
681, 1171, -1
681, 1042, -1
681, 1126, -1
681, 1103, -1
738, 1171, -1
738, 1042, -1
738, 1126, -1
738, 1103, -1
791, 123, -1
681, 123, -1
738, 123, -1
791, 1368, -1
681, 1368, -1
738, 1368, -1
791, 1601, -1
791, 1602, -1
681, 1601, -1
681, 1602, -1
738, 1601, -1
738, 1602, -1
791, 1882, -1
681, 1882, -1
738, 1882, -1
791, 241, -1
681, 241, -1
738, 241, -1

