687, 123, -1
687, 974, -1
687, 1086, -1
687, 1882, -1
123, 687, -1
123, 974, -1
123, 1086, -1
123, 1882, -1
974, 687, -1
974, 123, -1
974, 1086, -1
974, 1882, -1
1086, 687, -1
1086, 123, -1
1086, 974, -1
1086, 1882, -1
1882, 687, -1
1882, 123, -1
1882, 974, -1
1882, 1086, -1

974, 823, 1
823, 974, 1
687, 123, -1
687, 974, -1
687, 823, -1
687, 1086, -1
687, 1882, -1
687, 1601, -1
123, 687, -1
123, 974, -1
123, 823, -1
123, 1086, -1
123, 1882, -1
123, 1601, -1
974, 687, -1
823, 687, -1
974, 123, -1
823, 123, -1
974, 1086, -1
823, 1086, -1
974, 1882, -1
823, 1882, -1
974, 1601, -1
823, 1601, -1
1086, 687, -1
1086, 123, -1
1086, 974, -1
1086, 823, -1
1086, 1882, -1
1086, 1601, -1
1882, 687, -1
1882, 123, -1
1882, 974, -1
1882, 823, -1
1882, 1086, -1
1882, 1601, -1
1601, 687, -1
1601, 123, -1
1601, 974, -1
1601, 823, -1
1601, 1086, -1
1601, 1882, -1

974, 823, 1
823, 974, 1
687, 123, -1
687, 974, -1
687, 823, -1
687, 1086, -1
687, 1882, -1
687, 1601, -1
687, 1478, -1
123, 687, -1
123, 974, -1
123, 823, -1
123, 1086, -1
123, 1882, -1
123, 1601, -1
123, 1478, -1
974, 687, -1
823, 687, -1
974, 123, -1
823, 123, -1
974, 1086, -1
823, 1086, -1
974, 1882, -1
823, 1882, -1
974, 1601, -1
823, 1601, -1
974, 1478, -1
823, 1478, -1
1086, 687, -1
1086, 123, -1
1086, 974, -1
1086, 823, -1
1086, 1882, -1
1086, 1601, -1
1086, 1478, -1
1882, 687, -1
1882, 123, -1
1882, 974, -1
1882, 823, -1
1882, 1086, -1
1882, 1601, -1
1882, 1478, -1
1601, 687, -1
1601, 123, -1
1601, 974, -1
1601, 823, -1
1601, 1086, -1
1601, 1882, -1
1601, 1478, -1
1478, 687, -1
1478, 123, -1
1478, 974, -1
1478, 823, -1
1478, 1086, -1
1478, 1882, -1
1478, 1601, -1

974, 823, 1
823, 974, 1
1478, 1510, 1
1510, 1478, 1
687, 123, -1
687, 974, -1
687, 823, -1
687, 1086, -1
687, 1882, -1
687, 1601, -1
687, 1478, -1
687, 1510, -1
123, 687, -1
123, 974, -1
123, 823, -1
123, 1086, -1
123, 1882, -1
123, 1601, -1
123, 1478, -1
123, 1510, -1
974, 687, -1
823, 687, -1
974, 123, -1
823, 123, -1
974, 1086, -1
823, 1086, -1
974, 1882, -1
823, 1882, -1
974, 1601, -1
823, 1601, -1
974, 1478, -1
974, 1510, -1
823, 1478, -1
823, 1510, -1
1086, 687, -1
1086, 123, -1
1086, 974, -1
1086, 823, -1
1086, 1882, -1
1086, 1601, -1
1086, 1478, -1
1086, 1510, -1
1882, 687, -1
1882, 123, -1
1882, 974, -1
1882, 823, -1
1882, 1086, -1
1882, 1601, -1
1882, 1478, -1
1882, 1510, -1
1601, 687, -1
1601, 123, -1
1601, 974, -1
1601, 823, -1
1601, 1086, -1
1601, 1882, -1
1601, 1478, -1
1601, 1510, -1
1478, 687, -1
1510, 687, -1
1478, 123, -1
1510, 123, -1
1478, 974, -1
1478, 823, -1
1510, 974, -1
1510, 823, -1
1478, 1086, -1
1510, 1086, -1
1478, 1882, -1
1510, 1882, -1
1478, 1601, -1
1510, 1601, -1

974, 823, 1
823, 974, 1
1601, 1602, 1
1602, 1601, 1
1478, 1510, 1
1510, 1478, 1
687, 123, -1
687, 974, -1
687, 823, -1
687, 1086, -1
687, 1882, -1
687, 1601, -1
687, 1602, -1
687, 1478, -1
687, 1510, -1
123, 687, -1
123, 974, -1
123, 823, -1
123, 1086, -1
123, 1882, -1
123, 1601, -1
123, 1602, -1
123, 1478, -1
123, 1510, -1
974, 687, -1
823, 687, -1
974, 123, -1
823, 123, -1
974, 1086, -1
823, 1086, -1
974, 1882, -1
823, 1882, -1
974, 1601, -1
974, 1602, -1
823, 1601, -1
823, 1602, -1
974, 1478, -1
974, 1510, -1
823, 1478, -1
823, 1510, -1
1086, 687, -1
1086, 123, -1
1086, 974, -1
1086, 823, -1
1086, 1882, -1
1086, 1601, -1
1086, 1602, -1
1086, 1478, -1
1086, 1510, -1
1882, 687, -1
1882, 123, -1
1882, 974, -1
1882, 823, -1
1882, 1086, -1
1882, 1601, -1
1882, 1602, -1
1882, 1478, -1
1882, 1510, -1
1601, 687, -1
1602, 687, -1
1601, 123, -1
1602, 123, -1
1601, 974, -1
1601, 823, -1
1602, 974, -1
1602, 823, -1
1601, 1086, -1
1602, 1086, -1
1601, 1882, -1
1602, 1882, -1
1601, 1478, -1
1601, 1510, -1
1602, 1478, -1
1602, 1510, -1
1478, 687, -1
1510, 687, -1
1478, 123, -1
1510, 123, -1
1478, 974, -1
1478, 823, -1
1510, 974, -1
1510, 823, -1
1478, 1086, -1
1510, 1086, -1
1478, 1882, -1
1510, 1882, -1
1478, 1601, -1
1478, 1602, -1
1510, 1601, -1
1510, 1602, -1

687, 684, 1
684, 687, 1
974, 823, 1
823, 974, 1
1601, 1602, 1
1602, 1601, 1
1478, 1510, 1
1510, 1478, 1
687, 123, -1
684, 123, -1
687, 974, -1
687, 823, -1
684, 974, -1
684, 823, -1
687, 1086, -1
684, 1086, -1
687, 1882, -1
684, 1882, -1
687, 1601, -1
687, 1602, -1
684, 1601, -1
684, 1602, -1
687, 1478, -1
687, 1510, -1
684, 1478, -1
684, 1510, -1
687, 1368, -1
684, 1368, -1
123, 687, -1
123, 684, -1
123, 974, -1
123, 823, -1
123, 1086, -1
123, 1882, -1
123, 1601, -1
123, 1602, -1
123, 1478, -1
123, 1510, -1
123, 1368, -1
974, 687, -1
974, 684, -1
823, 687, -1
823, 684, -1
974, 123, -1
823, 123, -1
974, 1086, -1
823, 1086, -1
974, 1882, -1
823, 1882, -1
974, 1601, -1
974, 1602, -1
823, 1601, -1
823, 1602, -1
974, 1478, -1
974, 1510, -1
823, 1478, -1
823, 1510, -1
974, 1368, -1
823, 1368, -1
1086, 687, -1
1086, 684, -1
1086, 123, -1
1086, 974, -1
1086, 823, -1
1086, 1882, -1
1086, 1601, -1
1086, 1602, -1
1086, 1478, -1
1086, 1510, -1
1086, 1368, -1
1882, 687, -1
1882, 684, -1
1882, 123, -1
1882, 974, -1
1882, 823, -1
1882, 1086, -1
1882, 1601, -1
1882, 1602, -1
1882, 1478, -1
1882, 1510, -1
1882, 1368, -1
1601, 687, -1
1601, 684, -1
1602, 687, -1
1602, 684, -1
1601, 123, -1
1602, 123, -1
1601, 974, -1
1601, 823, -1
1602, 974, -1
1602, 823, -1
1601, 1086, -1
1602, 1086, -1
1601, 1882, -1
1602, 1882, -1
1601, 1478, -1
1601, 1510, -1
1602, 1478, -1
1602, 1510, -1
1601, 1368, -1
1602, 1368, -1
1478, 687, -1
1478, 684, -1
1510, 687, -1
1510, 684, -1
1478, 123, -1
1510, 123, -1
1478, 974, -1
1478, 823, -1
1510, 974, -1
1510, 823, -1
1478, 1086, -1
1510, 1086, -1
1478, 1882, -1
1510, 1882, -1
1478, 1601, -1
1478, 1602, -1
1510, 1601, -1
1510, 1602, -1
1478, 1368, -1
1510, 1368, -1
1368, 687, -1
1368, 684, -1
1368, 123, -1
1368, 974, -1
1368, 823, -1
1368, 1086, -1
1368, 1882, -1
1368, 1601, -1
1368, 1602, -1
1368, 1478, -1
1368, 1510, -1

687, 684, 1
684, 687, 1
974, 823, 1
974, 980, 1
823, 974, 1
823, 980, 1
980, 974, 1
980, 823, 1
1086, 1042, 1
1042, 1086, 1
1601, 1602, 1
1602, 1601, 1
1478, 1510, 1
1510, 1478, 1
687, 123, -1
684, 123, -1
687, 974, -1
687, 823, -1
687, 980, -1
684, 974, -1
684, 823, -1
684, 980, -1
687, 1086, -1
687, 1042, -1
684, 1086, -1
684, 1042, -1
687, 1882, -1
684, 1882, -1
687, 1601, -1
687, 1602, -1
684, 1601, -1
684, 1602, -1
687, 1478, -1
687, 1510, -1
684, 1478, -1
684, 1510, -1
687, 1368, -1
684, 1368, -1
123, 687, -1
123, 684, -1
123, 974, -1
123, 823, -1
123, 980, -1
123, 1086, -1
123, 1042, -1
123, 1882, -1
123, 1601, -1
123, 1602, -1
123, 1478, -1
123, 1510, -1
123, 1368, -1
974, 687, -1
974, 684, -1
823, 687, -1
823, 684, -1
980, 687, -1
980, 684, -1
974, 123, -1
823, 123, -1
980, 123, -1
974, 1086, -1
974, 1042, -1
823, 1086, -1
823, 1042, -1
980, 1086, -1
980, 1042, -1
974, 1882, -1
823, 1882, -1
980, 1882, -1
974, 1601, -1
974, 1602, -1
823, 1601, -1
823, 1602, -1
980, 1601, -1
980, 1602, -1
974, 1478, -1
974, 1510, -1
823, 1478, -1
823, 1510, -1
980, 1478, -1
980, 1510, -1
974, 1368, -1
823, 1368, -1
980, 1368, -1
1086, 687, -1
1086, 684, -1
1042, 687, -1
1042, 684, -1
1086, 123, -1
1042, 123, -1
1086, 974, -1
1086, 823, -1
1086, 980, -1
1042, 974, -1
1042, 823, -1
1042, 980, -1
1086, 1882, -1
1042, 1882, -1
1086, 1601, -1
1086, 1602, -1
1042, 1601, -1
1042, 1602, -1
1086, 1478, -1
1086, 1510, -1
1042, 1478, -1
1042, 1510, -1
1086, 1368, -1
1042, 1368, -1
1882, 687, -1
1882, 684, -1
1882, 123, -1
1882, 974, -1
1882, 823, -1
1882, 980, -1
1882, 1086, -1
1882, 1042, -1
1882, 1601, -1
1882, 1602, -1
1882, 1478, -1
1882, 1510, -1
1882, 1368, -1
1601, 687, -1
1601, 684, -1
1602, 687, -1
1602, 684, -1
1601, 123, -1
1602, 123, -1
1601, 974, -1
1601, 823, -1
1601, 980, -1
1602, 974, -1
1602, 823, -1
1602, 980, -1
1601, 1086, -1
1601, 1042, -1
1602, 1086, -1
1602, 1042, -1
1601, 1882, -1
1602, 1882, -1
1601, 1478, -1
1601, 1510, -1
1602, 1478, -1
1602, 1510, -1
1601, 1368, -1
1602, 1368, -1
1478, 687, -1
1478, 684, -1
1510, 687, -1
1510, 684, -1
1478, 123, -1
1510, 123, -1
1478, 974, -1
1478, 823, -1
1478, 980, -1
1510, 974, -1
1510, 823, -1
1510, 980, -1
1478, 1086, -1
1478, 1042, -1
1510, 1086, -1
1510, 1042, -1
1478, 1882, -1
1510, 1882, -1
1478, 1601, -1
1478, 1602, -1
1510, 1601, -1
1510, 1602, -1
1478, 1368, -1
1510, 1368, -1
1368, 687, -1
1368, 684, -1
1368, 123, -1
1368, 974, -1
1368, 823, -1
1368, 980, -1
1368, 1086, -1
1368, 1042, -1
1368, 1882, -1
1368, 1601, -1
1368, 1602, -1
1368, 1478, -1
1368, 1510, -1

687, 684, 1
684, 687, 1
974, 823, 1
974, 980, 1
974, 802, 1
823, 974, 1
823, 980, 1
823, 802, 1
980, 974, 1
980, 823, 1
980, 802, 1
802, 974, 1
802, 823, 1
802, 980, 1
1086, 1042, 1
1042, 1086, 1
1882, 1896, 1
1896, 1882, 1
1601, 1602, 1
1602, 1601, 1
1478, 1510, 1
1510, 1478, 1
687, 123, -1
684, 123, -1
687, 974, -1
687, 823, -1
687, 980, -1
687, 802, -1
684, 974, -1
684, 823, -1
684, 980, -1
684, 802, -1
687, 1086, -1
687, 1042, -1
684, 1086, -1
684, 1042, -1
687, 1882, -1
687, 1896, -1
684, 1882, -1
684, 1896, -1
687, 1601, -1
687, 1602, -1
684, 1601, -1
684, 1602, -1
687, 1478, -1
687, 1510, -1
684, 1478, -1
684, 1510, -1
687, 1368, -1
684, 1368, -1
123, 687, -1
123, 684, -1
123, 974, -1
123, 823, -1
123, 980, -1
123, 802, -1
123, 1086, -1
123, 1042, -1
123, 1882, -1
123, 1896, -1
123, 1601, -1
123, 1602, -1
123, 1478, -1
123, 1510, -1
123, 1368, -1
974, 687, -1
974, 684, -1
823, 687, -1
823, 684, -1
980, 687, -1
980, 684, -1
802, 687, -1
802, 684, -1
974, 123, -1
823, 123, -1
980, 123, -1
802, 123, -1
974, 1086, -1
974, 1042, -1
823, 1086, -1
823, 1042, -1
980, 1086, -1
980, 1042, -1
802, 1086, -1
802, 1042, -1
974, 1882, -1
974, 1896, -1
823, 1882, -1
823, 1896, -1
980, 1882, -1
980, 1896, -1
802, 1882, -1
802, 1896, -1
974, 1601, -1
974, 1602, -1
823, 1601, -1
823, 1602, -1
980, 1601, -1
980, 1602, -1
802, 1601, -1
802, 1602, -1
974, 1478, -1
974, 1510, -1
823, 1478, -1
823, 1510, -1
980, 1478, -1
980, 1510, -1
802, 1478, -1
802, 1510, -1
974, 1368, -1
823, 1368, -1
980, 1368, -1
802, 1368, -1
1086, 687, -1
1086, 684, -1
1042, 687, -1
1042, 684, -1
1086, 123, -1
1042, 123, -1
1086, 974, -1
1086, 823, -1
1086, 980, -1
1086, 802, -1
1042, 974, -1
1042, 823, -1
1042, 980, -1
1042, 802, -1
1086, 1882, -1
1086, 1896, -1
1042, 1882, -1
1042, 1896, -1
1086, 1601, -1
1086, 1602, -1
1042, 1601, -1
1042, 1602, -1
1086, 1478, -1
1086, 1510, -1
1042, 1478, -1
1042, 1510, -1
1086, 1368, -1
1042, 1368, -1
1882, 687, -1
1882, 684, -1
1896, 687, -1
1896, 684, -1
1882, 123, -1
1896, 123, -1
1882, 974, -1
1882, 823, -1
1882, 980, -1
1882, 802, -1
1896, 974, -1
1896, 823, -1
1896, 980, -1
1896, 802, -1
1882, 1086, -1
1882, 1042, -1
1896, 1086, -1
1896, 1042, -1
1882, 1601, -1
1882, 1602, -1
1896, 1601, -1
1896, 1602, -1
1882, 1478, -1
1882, 1510, -1
1896, 1478, -1
1896, 1510, -1
1882, 1368, -1
1896, 1368, -1
1601, 687, -1
1601, 684, -1
1602, 687, -1
1602, 684, -1
1601, 123, -1
1602, 123, -1
1601, 974, -1
1601, 823, -1
1601, 980, -1
1601, 802, -1
1602, 974, -1
1602, 823, -1
1602, 980, -1
1602, 802, -1
1601, 1086, -1
1601, 1042, -1
1602, 1086, -1
1602, 1042, -1
1601, 1882, -1
1601, 1896, -1
1602, 1882, -1
1602, 1896, -1
1601, 1478, -1
1601, 1510, -1
1602, 1478, -1
1602, 1510, -1
1601, 1368, -1
1602, 1368, -1
1478, 687, -1
1478, 684, -1
1510, 687, -1
1510, 684, -1
1478, 123, -1
1510, 123, -1
1478, 974, -1
1478, 823, -1
1478, 980, -1
1478, 802, -1
1510, 974, -1
1510, 823, -1
1510, 980, -1
1510, 802, -1
1478, 1086, -1
1478, 1042, -1
1510, 1086, -1
1510, 1042, -1
1478, 1882, -1
1478, 1896, -1
1510, 1882, -1
1510, 1896, -1
1478, 1601, -1
1478, 1602, -1
1510, 1601, -1
1510, 1602, -1
1478, 1368, -1
1510, 1368, -1
1368, 687, -1
1368, 684, -1
1368, 123, -1
1368, 974, -1
1368, 823, -1
1368, 980, -1
1368, 802, -1
1368, 1086, -1
1368, 1042, -1
1368, 1882, -1
1368, 1896, -1
1368, 1601, -1
1368, 1602, -1
1368, 1478, -1
1368, 1510, -1

687, 684, 1
684, 687, 1
974, 823, 1
974, 980, 1
974, 802, 1
823, 974, 1
823, 980, 1
823, 802, 1
980, 974, 1
980, 823, 1
980, 802, 1
802, 974, 1
802, 823, 1
802, 980, 1
1086, 1042, 1
1042, 1086, 1
1882, 1896, 1
1896, 1882, 1
1601, 1602, 1
1602, 1601, 1
1478, 1510, 1
1510, 1478, 1
687, 123, -1
684, 123, -1
687, 974, -1
687, 823, -1
687, 980, -1
687, 802, -1
684, 974, -1
684, 823, -1
684, 980, -1
684, 802, -1
687, 1086, -1
687, 1042, -1
684, 1086, -1
684, 1042, -1
687, 1882, -1
687, 1896, -1
684, 1882, -1
684, 1896, -1
687, 1601, -1
687, 1602, -1
684, 1601, -1
684, 1602, -1
687, 1478, -1
687, 1510, -1
684, 1478, -1
684, 1510, -1
687, 1368, -1
684, 1368, -1
687, 422, -1
684, 422, -1
123, 687, -1
123, 684, -1
123, 974, -1
123, 823, -1
123, 980, -1
123, 802, -1
123, 1086, -1
123, 1042, -1
123, 1882, -1
123, 1896, -1
123, 1601, -1
123, 1602, -1
123, 1478, -1
123, 1510, -1
123, 1368, -1
123, 422, -1
974, 687, -1
974, 684, -1
823, 687, -1
823, 684, -1
980, 687, -1
980, 684, -1
802, 687, -1
802, 684, -1
974, 123, -1
823, 123, -1
980, 123, -1
802, 123, -1
974, 1086, -1
974, 1042, -1
823, 1086, -1
823, 1042, -1
980, 1086, -1
980, 1042, -1
802, 1086, -1
802, 1042, -1
974, 1882, -1
974, 1896, -1
823, 1882, -1
823, 1896, -1
980, 1882, -1
980, 1896, -1
802, 1882, -1
802, 1896, -1
974, 1601, -1
974, 1602, -1
823, 1601, -1
823, 1602, -1
980, 1601, -1
980, 1602, -1
802, 1601, -1
802, 1602, -1
974, 1478, -1
974, 1510, -1
823, 1478, -1
823, 1510, -1
980, 1478, -1
980, 1510, -1
802, 1478, -1
802, 1510, -1
974, 1368, -1
823, 1368, -1
980, 1368, -1
802, 1368, -1
974, 422, -1
823, 422, -1
980, 422, -1
802, 422, -1
1086, 687, -1
1086, 684, -1
1042, 687, -1
1042, 684, -1
1086, 123, -1
1042, 123, -1
1086, 974, -1
1086, 823, -1
1086, 980, -1
1086, 802, -1
1042, 974, -1
1042, 823, -1
1042, 980, -1
1042, 802, -1
1086, 1882, -1
1086, 1896, -1
1042, 1882, -1
1042, 1896, -1
1086, 1601, -1
1086, 1602, -1
1042, 1601, -1
1042, 1602, -1
1086, 1478, -1
1086, 1510, -1
1042, 1478, -1
1042, 1510, -1
1086, 1368, -1
1042, 1368, -1
1086, 422, -1
1042, 422, -1
1882, 687, -1
1882, 684, -1
1896, 687, -1
1896, 684, -1
1882, 123, -1
1896, 123, -1
1882, 974, -1
1882, 823, -1
1882, 980, -1
1882, 802, -1
1896, 974, -1
1896, 823, -1
1896, 980, -1
1896, 802, -1
1882, 1086, -1
1882, 1042, -1
1896, 1086, -1
1896, 1042, -1
1882, 1601, -1
1882, 1602, -1
1896, 1601, -1
1896, 1602, -1
1882, 1478, -1
1882, 1510, -1
1896, 1478, -1
1896, 1510, -1
1882, 1368, -1
1896, 1368, -1
1882, 422, -1
1896, 422, -1
1601, 687, -1
1601, 684, -1
1602, 687, -1
1602, 684, -1
1601, 123, -1
1602, 123, -1
1601, 974, -1
1601, 823, -1
1601, 980, -1
1601, 802, -1
1602, 974, -1
1602, 823, -1
1602, 980, -1
1602, 802, -1
1601, 1086, -1
1601, 1042, -1
1602, 1086, -1
1602, 1042, -1
1601, 1882, -1
1601, 1896, -1
1602, 1882, -1
1602, 1896, -1
1601, 1478, -1
1601, 1510, -1
1602, 1478, -1
1602, 1510, -1
1601, 1368, -1
1602, 1368, -1
1601, 422, -1
1602, 422, -1
1478, 687, -1
1478, 684, -1
1510, 687, -1
1510, 684, -1
1478, 123, -1
1510, 123, -1
1478, 974, -1
1478, 823, -1
1478, 980, -1
1478, 802, -1
1510, 974, -1
1510, 823, -1
1510, 980, -1
1510, 802, -1
1478, 1086, -1
1478, 1042, -1
1510, 1086, -1
1510, 1042, -1
1478, 1882, -1
1478, 1896, -1
1510, 1882, -1
1510, 1896, -1
1478, 1601, -1
1478, 1602, -1
1510, 1601, -1
1510, 1602, -1
1478, 1368, -1
1510, 1368, -1
1478, 422, -1
1510, 422, -1
1368, 687, -1
1368, 684, -1
1368, 123, -1
1368, 974, -1
1368, 823, -1
1368, 980, -1
1368, 802, -1
1368, 1086, -1
1368, 1042, -1
1368, 1882, -1
1368, 1896, -1
1368, 1601, -1
1368, 1602, -1
1368, 1478, -1
1368, 1510, -1
1368, 422, -1
422, 687, -1
422, 684, -1
422, 123, -1
422, 974, -1
422, 823, -1
422, 980, -1
422, 802, -1
422, 1086, -1
422, 1042, -1
422, 1882, -1
422, 1896, -1
422, 1601, -1
422, 1602, -1
422, 1478, -1
422, 1510, -1
422, 1368, -1

687, 684, 1
684, 687, 1
974, 823, 1
974, 980, 1
974, 802, 1
823, 974, 1
823, 980, 1
823, 802, 1
980, 974, 1
980, 823, 1
980, 802, 1
802, 974, 1
802, 823, 1
802, 980, 1
1086, 1042, 1
1086, 1130, 1
1086, 1191, 1
1042, 1086, 1
1042, 1130, 1
1042, 1191, 1
1130, 1086, 1
1130, 1042, 1
1130, 1191, 1
1191, 1086, 1
1191, 1042, 1
1191, 1130, 1
1882, 1896, 1
1896, 1882, 1
1601, 1602, 1
1602, 1601, 1
1478, 1510, 1
1510, 1478, 1
687, 123, -1
684, 123, -1
687, 974, -1
687, 823, -1
687, 980, -1
687, 802, -1
684, 974, -1
684, 823, -1
684, 980, -1
684, 802, -1
687, 1086, -1
687, 1042, -1
687, 1130, -1
687, 1191, -1
684, 1086, -1
684, 1042, -1
684, 1130, -1
684, 1191, -1
687, 1882, -1
687, 1896, -1
684, 1882, -1
684, 1896, -1
687, 1601, -1
687, 1602, -1
684, 1601, -1
684, 1602, -1
687, 1478, -1
687, 1510, -1
684, 1478, -1
684, 1510, -1
687, 1368, -1
684, 1368, -1
687, 422, -1
684, 422, -1
123, 687, -1
123, 684, -1
123, 974, -1
123, 823, -1
123, 980, -1
123, 802, -1
123, 1086, -1
123, 1042, -1
123, 1130, -1
123, 1191, -1
123, 1882, -1
123, 1896, -1
123, 1601, -1
123, 1602, -1
123, 1478, -1
123, 1510, -1
123, 1368, -1
123, 422, -1
974, 687, -1
974, 684, -1
823, 687, -1
823, 684, -1
980, 687, -1
980, 684, -1
802, 687, -1
802, 684, -1
974, 123, -1
823, 123, -1
980, 123, -1
802, 123, -1
974, 1086, -1
974, 1042, -1
974, 1130, -1
974, 1191, -1
823, 1086, -1
823, 1042, -1
823, 1130, -1
823, 1191, -1
980, 1086, -1
980, 1042, -1
980, 1130, -1
980, 1191, -1
802, 1086, -1
802, 1042, -1
802, 1130, -1
802, 1191, -1
974, 1882, -1
974, 1896, -1
823, 1882, -1
823, 1896, -1
980, 1882, -1
980, 1896, -1
802, 1882, -1
802, 1896, -1
974, 1601, -1
974, 1602, -1
823, 1601, -1
823, 1602, -1
980, 1601, -1
980, 1602, -1
802, 1601, -1
802, 1602, -1
974, 1478, -1
974, 1510, -1
823, 1478, -1
823, 1510, -1
980, 1478, -1
980, 1510, -1
802, 1478, -1
802, 1510, -1
974, 1368, -1
823, 1368, -1
980, 1368, -1
802, 1368, -1
974, 422, -1
823, 422, -1
980, 422, -1
802, 422, -1
1086, 687, -1
1086, 684, -1
1042, 687, -1
1042, 684, -1
1130, 687, -1
1130, 684, -1
1191, 687, -1
1191, 684, -1
1086, 123, -1
1042, 123, -1
1130, 123, -1
1191, 123, -1
1086, 974, -1
1086, 823, -1
1086, 980, -1
1086, 802, -1
1042, 974, -1
1042, 823, -1
1042, 980, -1
1042, 802, -1
1130, 974, -1
1130, 823, -1
1130, 980, -1
1130, 802, -1
1191, 974, -1
1191, 823, -1
1191, 980, -1
1191, 802, -1
1086, 1882, -1
1086, 1896, -1
1042, 1882, -1
1042, 1896, -1
1130, 1882, -1
1130, 1896, -1
1191, 1882, -1
1191, 1896, -1
1086, 1601, -1
1086, 1602, -1
1042, 1601, -1
1042, 1602, -1
1130, 1601, -1
1130, 1602, -1
1191, 1601, -1
1191, 1602, -1
1086, 1478, -1
1086, 1510, -1
1042, 1478, -1
1042, 1510, -1
1130, 1478, -1
1130, 1510, -1
1191, 1478, -1
1191, 1510, -1
1086, 1368, -1
1042, 1368, -1
1130, 1368, -1
1191, 1368, -1
1086, 422, -1
1042, 422, -1
1130, 422, -1
1191, 422, -1
1882, 687, -1
1882, 684, -1
1896, 687, -1
1896, 684, -1
1882, 123, -1
1896, 123, -1
1882, 974, -1
1882, 823, -1
1882, 980, -1
1882, 802, -1
1896, 974, -1
1896, 823, -1
1896, 980, -1
1896, 802, -1
1882, 1086, -1
1882, 1042, -1
1882, 1130, -1
1882, 1191, -1
1896, 1086, -1
1896, 1042, -1
1896, 1130, -1
1896, 1191, -1
1882, 1601, -1
1882, 1602, -1
1896, 1601, -1
1896, 1602, -1
1882, 1478, -1
1882, 1510, -1
1896, 1478, -1
1896, 1510, -1
1882, 1368, -1
1896, 1368, -1
1882, 422, -1
1896, 422, -1
1601, 687, -1
1601, 684, -1
1602, 687, -1
1602, 684, -1
1601, 123, -1
1602, 123, -1
1601, 974, -1
1601, 823, -1
1601, 980, -1
1601, 802, -1
1602, 974, -1
1602, 823, -1
1602, 980, -1
1602, 802, -1
1601, 1086, -1
1601, 1042, -1
1601, 1130, -1
1601, 1191, -1
1602, 1086, -1
1602, 1042, -1
1602, 1130, -1
1602, 1191, -1
1601, 1882, -1
1601, 1896, -1
1602, 1882, -1
1602, 1896, -1
1601, 1478, -1
1601, 1510, -1
1602, 1478, -1
1602, 1510, -1
1601, 1368, -1
1602, 1368, -1
1601, 422, -1
1602, 422, -1
1478, 687, -1
1478, 684, -1
1510, 687, -1
1510, 684, -1
1478, 123, -1
1510, 123, -1
1478, 974, -1
1478, 823, -1
1478, 980, -1
1478, 802, -1
1510, 974, -1
1510, 823, -1
1510, 980, -1
1510, 802, -1
1478, 1086, -1
1478, 1042, -1
1478, 1130, -1
1478, 1191, -1
1510, 1086, -1
1510, 1042, -1
1510, 1130, -1
1510, 1191, -1
1478, 1882, -1
1478, 1896, -1
1510, 1882, -1
1510, 1896, -1
1478, 1601, -1
1478, 1602, -1
1510, 1601, -1
1510, 1602, -1
1478, 1368, -1
1510, 1368, -1
1478, 422, -1
1510, 422, -1
1368, 687, -1
1368, 684, -1
1368, 123, -1
1368, 974, -1
1368, 823, -1
1368, 980, -1
1368, 802, -1
1368, 1086, -1
1368, 1042, -1
1368, 1130, -1
1368, 1191, -1
1368, 1882, -1
1368, 1896, -1
1368, 1601, -1
1368, 1602, -1
1368, 1478, -1
1368, 1510, -1
1368, 422, -1
422, 687, -1
422, 684, -1
422, 123, -1
422, 974, -1
422, 823, -1
422, 980, -1
422, 802, -1
422, 1086, -1
422, 1042, -1
422, 1130, -1
422, 1191, -1
422, 1882, -1
422, 1896, -1
422, 1601, -1
422, 1602, -1
422, 1478, -1
422, 1510, -1
422, 1368, -1

