1685, 1601, 1
1601, 1685, 1
1685, 974, -1
1601, 974, -1
1685, 1145, -1
1601, 1145, -1
1685, 1478, -1
1601, 1478, -1
974, 1685, -1
974, 1601, -1
974, 1145, -1
974, 1478, -1
1145, 1685, -1
1145, 1601, -1
1145, 974, -1
1145, 1478, -1
1478, 1685, -1
1478, 1601, -1
1478, 974, -1
1478, 1145, -1

1685, 1601, 1
1601, 1685, 1
974, 823, 1
823, 974, 1
1685, 974, -1
1685, 823, -1
1601, 974, -1
1601, 823, -1
1685, 1145, -1
1601, 1145, -1
1685, 1478, -1
1601, 1478, -1
1685, 248, -1
1601, 248, -1
974, 1685, -1
974, 1601, -1
823, 1685, -1
823, 1601, -1
974, 1145, -1
823, 1145, -1
974, 1478, -1
823, 1478, -1
974, 248, -1
823, 248, -1
1145, 1685, -1
1145, 1601, -1
1145, 974, -1
1145, 823, -1
1145, 1478, -1
1145, 248, -1
1478, 1685, -1
1478, 1601, -1
1478, 974, -1
1478, 823, -1
1478, 1145, -1
1478, 248, -1
248, 1685, -1
248, 1601, -1
248, 974, -1
248, 823, -1
248, 1145, -1
248, 1478, -1

1685, 1601, 1
1601, 1685, 1
974, 823, 1
823, 974, 1
1685, 974, -1
1685, 823, -1
1601, 974, -1
1601, 823, -1
1685, 1145, -1
1601, 1145, -1
1685, 1478, -1
1601, 1478, -1
1685, 248, -1
1601, 248, -1
1685, 1229, -1
1601, 1229, -1
974, 1685, -1
974, 1601, -1
823, 1685, -1
823, 1601, -1
974, 1145, -1
823, 1145, -1
974, 1478, -1
823, 1478, -1
974, 248, -1
823, 248, -1
974, 1229, -1
823, 1229, -1
1145, 1685, -1
1145, 1601, -1
1145, 974, -1
1145, 823, -1
1145, 1478, -1
1145, 248, -1
1145, 1229, -1
1478, 1685, -1
1478, 1601, -1
1478, 974, -1
1478, 823, -1
1478, 1145, -1
1478, 248, -1
1478, 1229, -1
248, 1685, -1
248, 1601, -1
248, 974, -1
248, 823, -1
248, 1145, -1
248, 1478, -1
248, 1229, -1
1229, 1685, -1
1229, 1601, -1
1229, 974, -1
1229, 823, -1
1229, 1145, -1
1229, 1478, -1
1229, 248, -1

1685, 1601, 1
1601, 1685, 1
974, 823, 1
823, 974, 1
1685, 974, -1
1685, 823, -1
1601, 974, -1
1601, 823, -1
1685, 1145, -1
1601, 1145, -1
1685, 1478, -1
1601, 1478, -1
1685, 248, -1
1601, 248, -1
1685, 1229, -1
1601, 1229, -1
1685, 663, -1
1601, 663, -1
974, 1685, -1
974, 1601, -1
823, 1685, -1
823, 1601, -1
974, 1145, -1
823, 1145, -1
974, 1478, -1
823, 1478, -1
974, 248, -1
823, 248, -1
974, 1229, -1
823, 1229, -1
974, 663, -1
823, 663, -1
1145, 1685, -1
1145, 1601, -1
1145, 974, -1
1145, 823, -1
1145, 1478, -1
1145, 248, -1
1145, 1229, -1
1145, 663, -1
1478, 1685, -1
1478, 1601, -1
1478, 974, -1
1478, 823, -1
1478, 1145, -1
1478, 248, -1
1478, 1229, -1
1478, 663, -1
248, 1685, -1
248, 1601, -1
248, 974, -1
248, 823, -1
248, 1145, -1
248, 1478, -1
248, 1229, -1
248, 663, -1
1229, 1685, -1
1229, 1601, -1
1229, 974, -1
1229, 823, -1
1229, 1145, -1
1229, 1478, -1
1229, 248, -1
1229, 663, -1
663, 1685, -1
663, 1601, -1
663, 974, -1
663, 823, -1
663, 1145, -1
663, 1478, -1
663, 248, -1
663, 1229, -1

1685, 1601, 1
1601, 1685, 1
974, 823, 1
823, 974, 1
1145, 1103, 1
1103, 1145, 1
1685, 974, -1
1685, 823, -1
1601, 974, -1
1601, 823, -1
1685, 1145, -1
1685, 1103, -1
1601, 1145, -1
1601, 1103, -1
1685, 1478, -1
1601, 1478, -1
1685, 248, -1
1601, 248, -1
1685, 1229, -1
1601, 1229, -1
1685, 663, -1
1601, 663, -1
1685, 433, -1
1601, 433, -1
974, 1685, -1
974, 1601, -1
823, 1685, -1
823, 1601, -1
974, 1145, -1
974, 1103, -1
823, 1145, -1
823, 1103, -1
974, 1478, -1
823, 1478, -1
974, 248, -1
823, 248, -1
974, 1229, -1
823, 1229, -1
974, 663, -1
823, 663, -1
974, 433, -1
823, 433, -1
1145, 1685, -1
1145, 1601, -1
1103, 1685, -1
1103, 1601, -1
1145, 974, -1
1145, 823, -1
1103, 974, -1
1103, 823, -1
1145, 1478, -1
1103, 1478, -1
1145, 248, -1
1103, 248, -1
1145, 1229, -1
1103, 1229, -1
1145, 663, -1
1103, 663, -1
1145, 433, -1
1103, 433, -1
1478, 1685, -1
1478, 1601, -1
1478, 974, -1
1478, 823, -1
1478, 1145, -1
1478, 1103, -1
1478, 248, -1
1478, 1229, -1
1478, 663, -1
1478, 433, -1
248, 1685, -1
248, 1601, -1
248, 974, -1
248, 823, -1
248, 1145, -1
248, 1103, -1
248, 1478, -1
248, 1229, -1
248, 663, -1
248, 433, -1
1229, 1685, -1
1229, 1601, -1
1229, 974, -1
1229, 823, -1
1229, 1145, -1
1229, 1103, -1
1229, 1478, -1
1229, 248, -1
1229, 663, -1
1229, 433, -1
663, 1685, -1
663, 1601, -1
663, 974, -1
663, 823, -1
663, 1145, -1
663, 1103, -1
663, 1478, -1
663, 248, -1
663, 1229, -1
663, 433, -1
433, 1685, -1
433, 1601, -1
433, 974, -1
433, 823, -1
433, 1145, -1
433, 1103, -1
433, 1478, -1
433, 248, -1
433, 1229, -1
433, 663, -1

1685, 1601, 1
1601, 1685, 1
974, 823, 1
823, 974, 1
1145, 1103, 1
1103, 1145, 1
1229, 1368, 1
1368, 1229, 1
1685, 974, -1
1685, 823, -1
1601, 974, -1
1601, 823, -1
1685, 1145, -1
1685, 1103, -1
1601, 1145, -1
1601, 1103, -1
1685, 1478, -1
1601, 1478, -1
1685, 248, -1
1601, 248, -1
1685, 1229, -1
1685, 1368, -1
1601, 1229, -1
1601, 1368, -1
1685, 663, -1
1601, 663, -1
1685, 433, -1
1601, 433, -1
974, 1685, -1
974, 1601, -1
823, 1685, -1
823, 1601, -1
974, 1145, -1
974, 1103, -1
823, 1145, -1
823, 1103, -1
974, 1478, -1
823, 1478, -1
974, 248, -1
823, 248, -1
974, 1229, -1
974, 1368, -1
823, 1229, -1
823, 1368, -1
974, 663, -1
823, 663, -1
974, 433, -1
823, 433, -1
1145, 1685, -1
1145, 1601, -1
1103, 1685, -1
1103, 1601, -1
1145, 974, -1
1145, 823, -1
1103, 974, -1
1103, 823, -1
1145, 1478, -1
1103, 1478, -1
1145, 248, -1
1103, 248, -1
1145, 1229, -1
1145, 1368, -1
1103, 1229, -1
1103, 1368, -1
1145, 663, -1
1103, 663, -1
1145, 433, -1
1103, 433, -1
1478, 1685, -1
1478, 1601, -1
1478, 974, -1
1478, 823, -1
1478, 1145, -1
1478, 1103, -1
1478, 248, -1
1478, 1229, -1
1478, 1368, -1
1478, 663, -1
1478, 433, -1
248, 1685, -1
248, 1601, -1
248, 974, -1
248, 823, -1
248, 1145, -1
248, 1103, -1
248, 1478, -1
248, 1229, -1
248, 1368, -1
248, 663, -1
248, 433, -1
1229, 1685, -1
1229, 1601, -1
1368, 1685, -1
1368, 1601, -1
1229, 974, -1
1229, 823, -1
1368, 974, -1
1368, 823, -1
1229, 1145, -1
1229, 1103, -1
1368, 1145, -1
1368, 1103, -1
1229, 1478, -1
1368, 1478, -1
1229, 248, -1
1368, 248, -1
1229, 663, -1
1368, 663, -1
1229, 433, -1
1368, 433, -1
663, 1685, -1
663, 1601, -1
663, 974, -1
663, 823, -1
663, 1145, -1
663, 1103, -1
663, 1478, -1
663, 248, -1
663, 1229, -1
663, 1368, -1
663, 433, -1
433, 1685, -1
433, 1601, -1
433, 974, -1
433, 823, -1
433, 1145, -1
433, 1103, -1
433, 1478, -1
433, 248, -1
433, 1229, -1
433, 1368, -1
433, 663, -1

1685, 1601, 1
1601, 1685, 1
974, 823, 1
823, 974, 1
1145, 1103, 1
1103, 1145, 1
1229, 1368, 1
1368, 1229, 1
1685, 974, -1
1685, 823, -1
1601, 974, -1
1601, 823, -1
1685, 1145, -1
1685, 1103, -1
1601, 1145, -1
1601, 1103, -1
1685, 1478, -1
1601, 1478, -1
1685, 248, -1
1601, 248, -1
1685, 1229, -1
1685, 1368, -1
1601, 1229, -1
1601, 1368, -1
1685, 663, -1
1601, 663, -1
1685, 433, -1
1601, 433, -1
1685, 21, -1
1601, 21, -1
974, 1685, -1
974, 1601, -1
823, 1685, -1
823, 1601, -1
974, 1145, -1
974, 1103, -1
823, 1145, -1
823, 1103, -1
974, 1478, -1
823, 1478, -1
974, 248, -1
823, 248, -1
974, 1229, -1
974, 1368, -1
823, 1229, -1
823, 1368, -1
974, 663, -1
823, 663, -1
974, 433, -1
823, 433, -1
974, 21, -1
823, 21, -1
1145, 1685, -1
1145, 1601, -1
1103, 1685, -1
1103, 1601, -1
1145, 974, -1
1145, 823, -1
1103, 974, -1
1103, 823, -1
1145, 1478, -1
1103, 1478, -1
1145, 248, -1
1103, 248, -1
1145, 1229, -1
1145, 1368, -1
1103, 1229, -1
1103, 1368, -1
1145, 663, -1
1103, 663, -1
1145, 433, -1
1103, 433, -1
1145, 21, -1
1103, 21, -1
1478, 1685, -1
1478, 1601, -1
1478, 974, -1
1478, 823, -1
1478, 1145, -1
1478, 1103, -1
1478, 248, -1
1478, 1229, -1
1478, 1368, -1
1478, 663, -1
1478, 433, -1
1478, 21, -1
248, 1685, -1
248, 1601, -1
248, 974, -1
248, 823, -1
248, 1145, -1
248, 1103, -1
248, 1478, -1
248, 1229, -1
248, 1368, -1
248, 663, -1
248, 433, -1
248, 21, -1
1229, 1685, -1
1229, 1601, -1
1368, 1685, -1
1368, 1601, -1
1229, 974, -1
1229, 823, -1
1368, 974, -1
1368, 823, -1
1229, 1145, -1
1229, 1103, -1
1368, 1145, -1
1368, 1103, -1
1229, 1478, -1
1368, 1478, -1
1229, 248, -1
1368, 248, -1
1229, 663, -1
1368, 663, -1
1229, 433, -1
1368, 433, -1
1229, 21, -1
1368, 21, -1
663, 1685, -1
663, 1601, -1
663, 974, -1
663, 823, -1
663, 1145, -1
663, 1103, -1
663, 1478, -1
663, 248, -1
663, 1229, -1
663, 1368, -1
663, 433, -1
663, 21, -1
433, 1685, -1
433, 1601, -1
433, 974, -1
433, 823, -1
433, 1145, -1
433, 1103, -1
433, 1478, -1
433, 248, -1
433, 1229, -1
433, 1368, -1
433, 663, -1
433, 21, -1
21, 1685, -1
21, 1601, -1
21, 974, -1
21, 823, -1
21, 1145, -1
21, 1103, -1
21, 1478, -1
21, 248, -1
21, 1229, -1
21, 1368, -1
21, 663, -1
21, 433, -1

1685, 1601, 1
1601, 1685, 1
974, 823, 1
974, 815, 1
823, 974, 1
823, 815, 1
815, 974, 1
815, 823, 1
1145, 1103, 1
1103, 1145, 1
1229, 1368, 1
1368, 1229, 1
663, 627, 1
627, 663, 1
1685, 974, -1
1685, 823, -1
1685, 815, -1
1601, 974, -1
1601, 823, -1
1601, 815, -1
1685, 1145, -1
1685, 1103, -1
1601, 1145, -1
1601, 1103, -1
1685, 1478, -1
1601, 1478, -1
1685, 248, -1
1601, 248, -1
1685, 1229, -1
1685, 1368, -1
1601, 1229, -1
1601, 1368, -1
1685, 663, -1
1685, 627, -1
1601, 663, -1
1601, 627, -1
1685, 433, -1
1601, 433, -1
1685, 21, -1
1601, 21, -1
974, 1685, -1
974, 1601, -1
823, 1685, -1
823, 1601, -1
815, 1685, -1
815, 1601, -1
974, 1145, -1
974, 1103, -1
823, 1145, -1
823, 1103, -1
815, 1145, -1
815, 1103, -1
974, 1478, -1
823, 1478, -1
815, 1478, -1
974, 248, -1
823, 248, -1
815, 248, -1
974, 1229, -1
974, 1368, -1
823, 1229, -1
823, 1368, -1
815, 1229, -1
815, 1368, -1
974, 663, -1
974, 627, -1
823, 663, -1
823, 627, -1
815, 663, -1
815, 627, -1
974, 433, -1
823, 433, -1
815, 433, -1
974, 21, -1
823, 21, -1
815, 21, -1
1145, 1685, -1
1145, 1601, -1
1103, 1685, -1
1103, 1601, -1
1145, 974, -1
1145, 823, -1
1145, 815, -1
1103, 974, -1
1103, 823, -1
1103, 815, -1
1145, 1478, -1
1103, 1478, -1
1145, 248, -1
1103, 248, -1
1145, 1229, -1
1145, 1368, -1
1103, 1229, -1
1103, 1368, -1
1145, 663, -1
1145, 627, -1
1103, 663, -1
1103, 627, -1
1145, 433, -1
1103, 433, -1
1145, 21, -1
1103, 21, -1
1478, 1685, -1
1478, 1601, -1
1478, 974, -1
1478, 823, -1
1478, 815, -1
1478, 1145, -1
1478, 1103, -1
1478, 248, -1
1478, 1229, -1
1478, 1368, -1
1478, 663, -1
1478, 627, -1
1478, 433, -1
1478, 21, -1
248, 1685, -1
248, 1601, -1
248, 974, -1
248, 823, -1
248, 815, -1
248, 1145, -1
248, 1103, -1
248, 1478, -1
248, 1229, -1
248, 1368, -1
248, 663, -1
248, 627, -1
248, 433, -1
248, 21, -1
1229, 1685, -1
1229, 1601, -1
1368, 1685, -1
1368, 1601, -1
1229, 974, -1
1229, 823, -1
1229, 815, -1
1368, 974, -1
1368, 823, -1
1368, 815, -1
1229, 1145, -1
1229, 1103, -1
1368, 1145, -1
1368, 1103, -1
1229, 1478, -1
1368, 1478, -1
1229, 248, -1
1368, 248, -1
1229, 663, -1
1229, 627, -1
1368, 663, -1
1368, 627, -1
1229, 433, -1
1368, 433, -1
1229, 21, -1
1368, 21, -1
663, 1685, -1
663, 1601, -1
627, 1685, -1
627, 1601, -1
663, 974, -1
663, 823, -1
663, 815, -1
627, 974, -1
627, 823, -1
627, 815, -1
663, 1145, -1
663, 1103, -1
627, 1145, -1
627, 1103, -1
663, 1478, -1
627, 1478, -1
663, 248, -1
627, 248, -1
663, 1229, -1
663, 1368, -1
627, 1229, -1
627, 1368, -1
663, 433, -1
627, 433, -1
663, 21, -1
627, 21, -1
433, 1685, -1
433, 1601, -1
433, 974, -1
433, 823, -1
433, 815, -1
433, 1145, -1
433, 1103, -1
433, 1478, -1
433, 248, -1
433, 1229, -1
433, 1368, -1
433, 663, -1
433, 627, -1
433, 21, -1
21, 1685, -1
21, 1601, -1
21, 974, -1
21, 823, -1
21, 815, -1
21, 1145, -1
21, 1103, -1
21, 1478, -1
21, 248, -1
21, 1229, -1
21, 1368, -1
21, 663, -1
21, 627, -1
21, 433, -1

1685, 1601, 1
1601, 1685, 1
974, 823, 1
974, 815, 1
823, 974, 1
823, 815, 1
815, 974, 1
815, 823, 1
1145, 1103, 1
1145, 1126, 1
1103, 1145, 1
1103, 1126, 1
1126, 1145, 1
1126, 1103, 1
248, 346, 1
346, 248, 1
1229, 1368, 1
1368, 1229, 1
663, 627, 1
627, 663, 1
1685, 974, -1
1685, 823, -1
1685, 815, -1
1601, 974, -1
1601, 823, -1
1601, 815, -1
1685, 1145, -1
1685, 1103, -1
1685, 1126, -1
1601, 1145, -1
1601, 1103, -1
1601, 1126, -1
1685, 1478, -1
1601, 1478, -1
1685, 248, -1
1685, 346, -1
1601, 248, -1
1601, 346, -1
1685, 1229, -1
1685, 1368, -1
1601, 1229, -1
1601, 1368, -1
1685, 663, -1
1685, 627, -1
1601, 663, -1
1601, 627, -1
1685, 433, -1
1601, 433, -1
1685, 21, -1
1601, 21, -1
974, 1685, -1
974, 1601, -1
823, 1685, -1
823, 1601, -1
815, 1685, -1
815, 1601, -1
974, 1145, -1
974, 1103, -1
974, 1126, -1
823, 1145, -1
823, 1103, -1
823, 1126, -1
815, 1145, -1
815, 1103, -1
815, 1126, -1
974, 1478, -1
823, 1478, -1
815, 1478, -1
974, 248, -1
974, 346, -1
823, 248, -1
823, 346, -1
815, 248, -1
815, 346, -1
974, 1229, -1
974, 1368, -1
823, 1229, -1
823, 1368, -1
815, 1229, -1
815, 1368, -1
974, 663, -1
974, 627, -1
823, 663, -1
823, 627, -1
815, 663, -1
815, 627, -1
974, 433, -1
823, 433, -1
815, 433, -1
974, 21, -1
823, 21, -1
815, 21, -1
1145, 1685, -1
1145, 1601, -1
1103, 1685, -1
1103, 1601, -1
1126, 1685, -1
1126, 1601, -1
1145, 974, -1
1145, 823, -1
1145, 815, -1
1103, 974, -1
1103, 823, -1
1103, 815, -1
1126, 974, -1
1126, 823, -1
1126, 815, -1
1145, 1478, -1
1103, 1478, -1
1126, 1478, -1
1145, 248, -1
1145, 346, -1
1103, 248, -1
1103, 346, -1
1126, 248, -1
1126, 346, -1
1145, 1229, -1
1145, 1368, -1
1103, 1229, -1
1103, 1368, -1
1126, 1229, -1
1126, 1368, -1
1145, 663, -1
1145, 627, -1
1103, 663, -1
1103, 627, -1
1126, 663, -1
1126, 627, -1
1145, 433, -1
1103, 433, -1
1126, 433, -1
1145, 21, -1
1103, 21, -1
1126, 21, -1
1478, 1685, -1
1478, 1601, -1
1478, 974, -1
1478, 823, -1
1478, 815, -1
1478, 1145, -1
1478, 1103, -1
1478, 1126, -1
1478, 248, -1
1478, 346, -1
1478, 1229, -1
1478, 1368, -1
1478, 663, -1
1478, 627, -1
1478, 433, -1
1478, 21, -1
248, 1685, -1
248, 1601, -1
346, 1685, -1
346, 1601, -1
248, 974, -1
248, 823, -1
248, 815, -1
346, 974, -1
346, 823, -1
346, 815, -1
248, 1145, -1
248, 1103, -1
248, 1126, -1
346, 1145, -1
346, 1103, -1
346, 1126, -1
248, 1478, -1
346, 1478, -1
248, 1229, -1
248, 1368, -1
346, 1229, -1
346, 1368, -1
248, 663, -1
248, 627, -1
346, 663, -1
346, 627, -1
248, 433, -1
346, 433, -1
248, 21, -1
346, 21, -1
1229, 1685, -1
1229, 1601, -1
1368, 1685, -1
1368, 1601, -1
1229, 974, -1
1229, 823, -1
1229, 815, -1
1368, 974, -1
1368, 823, -1
1368, 815, -1
1229, 1145, -1
1229, 1103, -1
1229, 1126, -1
1368, 1145, -1
1368, 1103, -1
1368, 1126, -1
1229, 1478, -1
1368, 1478, -1
1229, 248, -1
1229, 346, -1
1368, 248, -1
1368, 346, -1
1229, 663, -1
1229, 627, -1
1368, 663, -1
1368, 627, -1
1229, 433, -1
1368, 433, -1
1229, 21, -1
1368, 21, -1
663, 1685, -1
663, 1601, -1
627, 1685, -1
627, 1601, -1
663, 974, -1
663, 823, -1
663, 815, -1
627, 974, -1
627, 823, -1
627, 815, -1
663, 1145, -1
663, 1103, -1
663, 1126, -1
627, 1145, -1
627, 1103, -1
627, 1126, -1
663, 1478, -1
627, 1478, -1
663, 248, -1
663, 346, -1
627, 248, -1
627, 346, -1
663, 1229, -1
663, 1368, -1
627, 1229, -1
627, 1368, -1
663, 433, -1
627, 433, -1
663, 21, -1
627, 21, -1
433, 1685, -1
433, 1601, -1
433, 974, -1
433, 823, -1
433, 815, -1
433, 1145, -1
433, 1103, -1
433, 1126, -1
433, 1478, -1
433, 248, -1
433, 346, -1
433, 1229, -1
433, 1368, -1
433, 663, -1
433, 627, -1
433, 21, -1
21, 1685, -1
21, 1601, -1
21, 974, -1
21, 823, -1
21, 815, -1
21, 1145, -1
21, 1103, -1
21, 1126, -1
21, 1478, -1
21, 248, -1
21, 346, -1
21, 1229, -1
21, 1368, -1
21, 663, -1
21, 627, -1
21, 433, -1

1685, 1601, 1
1601, 1685, 1
974, 823, 1
974, 815, 1
974, 985, 1
823, 974, 1
823, 815, 1
823, 985, 1
815, 974, 1
815, 823, 1
815, 985, 1
985, 974, 1
985, 823, 1
985, 815, 1
1145, 1103, 1
1145, 1126, 1
1103, 1145, 1
1103, 1126, 1
1126, 1145, 1
1126, 1103, 1
248, 346, 1
346, 248, 1
1229, 1368, 1
1368, 1229, 1
663, 627, 1
663, 681, 1
627, 663, 1
627, 681, 1
681, 663, 1
681, 627, 1
1685, 974, -1
1685, 823, -1
1685, 815, -1
1685, 985, -1
1601, 974, -1
1601, 823, -1
1601, 815, -1
1601, 985, -1
1685, 1145, -1
1685, 1103, -1
1685, 1126, -1
1601, 1145, -1
1601, 1103, -1
1601, 1126, -1
1685, 1478, -1
1601, 1478, -1
1685, 248, -1
1685, 346, -1
1601, 248, -1
1601, 346, -1
1685, 1229, -1
1685, 1368, -1
1601, 1229, -1
1601, 1368, -1
1685, 663, -1
1685, 627, -1
1685, 681, -1
1601, 663, -1
1601, 627, -1
1601, 681, -1
1685, 433, -1
1601, 433, -1
1685, 21, -1
1601, 21, -1
974, 1685, -1
974, 1601, -1
823, 1685, -1
823, 1601, -1
815, 1685, -1
815, 1601, -1
985, 1685, -1
985, 1601, -1
974, 1145, -1
974, 1103, -1
974, 1126, -1
823, 1145, -1
823, 1103, -1
823, 1126, -1
815, 1145, -1
815, 1103, -1
815, 1126, -1
985, 1145, -1
985, 1103, -1
985, 1126, -1
974, 1478, -1
823, 1478, -1
815, 1478, -1
985, 1478, -1
974, 248, -1
974, 346, -1
823, 248, -1
823, 346, -1
815, 248, -1
815, 346, -1
985, 248, -1
985, 346, -1
974, 1229, -1
974, 1368, -1
823, 1229, -1
823, 1368, -1
815, 1229, -1
815, 1368, -1
985, 1229, -1
985, 1368, -1
974, 663, -1
974, 627, -1
974, 681, -1
823, 663, -1
823, 627, -1
823, 681, -1
815, 663, -1
815, 627, -1
815, 681, -1
985, 663, -1
985, 627, -1
985, 681, -1
974, 433, -1
823, 433, -1
815, 433, -1
985, 433, -1
974, 21, -1
823, 21, -1
815, 21, -1
985, 21, -1
1145, 1685, -1
1145, 1601, -1
1103, 1685, -1
1103, 1601, -1
1126, 1685, -1
1126, 1601, -1
1145, 974, -1
1145, 823, -1
1145, 815, -1
1145, 985, -1
1103, 974, -1
1103, 823, -1
1103, 815, -1
1103, 985, -1
1126, 974, -1
1126, 823, -1
1126, 815, -1
1126, 985, -1
1145, 1478, -1
1103, 1478, -1
1126, 1478, -1
1145, 248, -1
1145, 346, -1
1103, 248, -1
1103, 346, -1
1126, 248, -1
1126, 346, -1
1145, 1229, -1
1145, 1368, -1
1103, 1229, -1
1103, 1368, -1
1126, 1229, -1
1126, 1368, -1
1145, 663, -1
1145, 627, -1
1145, 681, -1
1103, 663, -1
1103, 627, -1
1103, 681, -1
1126, 663, -1
1126, 627, -1
1126, 681, -1
1145, 433, -1
1103, 433, -1
1126, 433, -1
1145, 21, -1
1103, 21, -1
1126, 21, -1
1478, 1685, -1
1478, 1601, -1
1478, 974, -1
1478, 823, -1
1478, 815, -1
1478, 985, -1
1478, 1145, -1
1478, 1103, -1
1478, 1126, -1
1478, 248, -1
1478, 346, -1
1478, 1229, -1
1478, 1368, -1
1478, 663, -1
1478, 627, -1
1478, 681, -1
1478, 433, -1
1478, 21, -1
248, 1685, -1
248, 1601, -1
346, 1685, -1
346, 1601, -1
248, 974, -1
248, 823, -1
248, 815, -1
248, 985, -1
346, 974, -1
346, 823, -1
346, 815, -1
346, 985, -1
248, 1145, -1
248, 1103, -1
248, 1126, -1
346, 1145, -1
346, 1103, -1
346, 1126, -1
248, 1478, -1
346, 1478, -1
248, 1229, -1
248, 1368, -1
346, 1229, -1
346, 1368, -1
248, 663, -1
248, 627, -1
248, 681, -1
346, 663, -1
346, 627, -1
346, 681, -1
248, 433, -1
346, 433, -1
248, 21, -1
346, 21, -1
1229, 1685, -1
1229, 1601, -1
1368, 1685, -1
1368, 1601, -1
1229, 974, -1
1229, 823, -1
1229, 815, -1
1229, 985, -1
1368, 974, -1
1368, 823, -1
1368, 815, -1
1368, 985, -1
1229, 1145, -1
1229, 1103, -1
1229, 1126, -1
1368, 1145, -1
1368, 1103, -1
1368, 1126, -1
1229, 1478, -1
1368, 1478, -1
1229, 248, -1
1229, 346, -1
1368, 248, -1
1368, 346, -1
1229, 663, -1
1229, 627, -1
1229, 681, -1
1368, 663, -1
1368, 627, -1
1368, 681, -1
1229, 433, -1
1368, 433, -1
1229, 21, -1
1368, 21, -1
663, 1685, -1
663, 1601, -1
627, 1685, -1
627, 1601, -1
681, 1685, -1
681, 1601, -1
663, 974, -1
663, 823, -1
663, 815, -1
663, 985, -1
627, 974, -1
627, 823, -1
627, 815, -1
627, 985, -1
681, 974, -1
681, 823, -1
681, 815, -1
681, 985, -1
663, 1145, -1
663, 1103, -1
663, 1126, -1
627, 1145, -1
627, 1103, -1
627, 1126, -1
681, 1145, -1
681, 1103, -1
681, 1126, -1
663, 1478, -1
627, 1478, -1
681, 1478, -1
663, 248, -1
663, 346, -1
627, 248, -1
627, 346, -1
681, 248, -1
681, 346, -1
663, 1229, -1
663, 1368, -1
627, 1229, -1
627, 1368, -1
681, 1229, -1
681, 1368, -1
663, 433, -1
627, 433, -1
681, 433, -1
663, 21, -1
627, 21, -1
681, 21, -1
433, 1685, -1
433, 1601, -1
433, 974, -1
433, 823, -1
433, 815, -1
433, 985, -1
433, 1145, -1
433, 1103, -1
433, 1126, -1
433, 1478, -1
433, 248, -1
433, 346, -1
433, 1229, -1
433, 1368, -1
433, 663, -1
433, 627, -1
433, 681, -1
433, 21, -1
21, 1685, -1
21, 1601, -1
21, 974, -1
21, 823, -1
21, 815, -1
21, 985, -1
21, 1145, -1
21, 1103, -1
21, 1126, -1
21, 1478, -1
21, 248, -1
21, 346, -1
21, 1229, -1
21, 1368, -1
21, 663, -1
21, 627, -1
21, 681, -1
21, 433, -1

