348, 382, 1
375, 382, 1
375, 348, 1
242, 382, 1
242, 348, 1
242, 375, 1
643, 640, 1
269, 382, 1
269, 348, 1
269, 375, 1
269, 242, 1
640, 382, -1
640, 348, -1
375, 640, -1
242, 640, -1
939, 382, -1
939, 348, -1
939, 375, -1
939, 242, -1
939, 640, -1
643, 382, -1
643, 348, -1
643, 375, -1
643, 242, -1
643, 939, -1
269, 640, -1
269, 643, -1
269, 939, -1

361, 382, 1
361, 348, 1
361, 375, 1
361, 242, 1
361, 269, 1
805, 939, 1
900, 939, 1
900, 805, 1
361, 640, -1
361, 643, -1
361, 939, -1
805, 382, -1
805, 348, -1
805, 375, -1
805, 242, -1
805, 269, -1
805, 361, -1
805, 640, -1
805, 643, -1
425, 382, -1
425, 348, -1
425, 375, -1
425, 242, -1
425, 269, -1
425, 361, -1
425, 640, -1
425, 643, -1
425, 939, -1
425, 805, -1
900, 382, -1
900, 348, -1
900, 375, -1
900, 242, -1
900, 269, -1
900, 361, -1
900, 640, -1
900, 643, -1
900, 425, -1

222, 382, 1
222, 348, 1
222, 375, 1
222, 242, 1
222, 269, 1
222, 361, 1
936, 939, 1
936, 805, 1
936, 900, 1
871, 939, 1
871, 805, 1
871, 900, 1
871, 936, 1
222, 640, -1
222, 643, -1
222, 939, -1
222, 805, -1
222, 900, -1
222, 425, -1
1477, 382, -1
1477, 348, -1
1477, 375, -1
1477, 242, -1
1477, 269, -1
1477, 361, -1
1477, 222, -1
1477, 640, -1
1477, 643, -1
1477, 939, -1
1477, 805, -1
1477, 900, -1
1477, 425, -1
936, 382, -1
936, 348, -1
936, 375, -1
936, 242, -1
936, 269, -1
936, 361, -1
936, 222, -1
936, 640, -1
936, 643, -1
936, 425, -1
936, 1477, -1
871, 382, -1
871, 348, -1
871, 375, -1
871, 242, -1
871, 269, -1
871, 361, -1
871, 222, -1
871, 640, -1
871, 643, -1
871, 425, -1
871, 1477, -1

292, 382, 1
292, 348, 1
292, 375, 1
292, 242, 1
292, 269, 1
292, 361, 1
292, 222, 1
1524, 1477, 1
948, 939, 1
948, 805, 1
948, 900, 1
948, 936, 1
948, 871, 1
867, 939, 1
867, 805, 1
867, 900, 1
867, 936, 1
867, 871, 1
867, 948, 1
380, 382, 1
380, 348, 1
380, 375, 1
380, 242, 1
380, 269, 1
380, 361, 1
380, 222, 1
380, 292, 1
292, 640, -1
292, 643, -1
292, 939, -1
292, 805, -1
292, 900, -1
292, 936, -1
292, 871, -1
292, 425, -1
292, 1477, -1
1524, 382, -1
1524, 348, -1
1524, 375, -1
1524, 242, -1
1524, 269, -1
1524, 361, -1
1524, 222, -1
1524, 292, -1
1524, 640, -1
1524, 643, -1
1524, 939, -1
1524, 805, -1
1524, 900, -1
1524, 936, -1
1524, 871, -1
1524, 425, -1
948, 382, -1
948, 348, -1
948, 375, -1
948, 242, -1
948, 269, -1
948, 361, -1
948, 222, -1
948, 292, -1
948, 640, -1
948, 643, -1
948, 425, -1
948, 1477, -1
948, 1524, -1
867, 382, -1
867, 348, -1
867, 375, -1
867, 242, -1
867, 269, -1
867, 361, -1
867, 222, -1
867, 292, -1
867, 640, -1
867, 643, -1
867, 425, -1
867, 1477, -1
867, 1524, -1
380, 640, -1
380, 643, -1
380, 939, -1
380, 805, -1
380, 900, -1
380, 936, -1
380, 871, -1
380, 948, -1
380, 867, -1
380, 425, -1
380, 1477, -1
380, 1524, -1

863, 939, 1
863, 805, 1
863, 900, 1
863, 936, 1
863, 871, 1
863, 948, 1
863, 867, 1
1590, 1477, 1
1590, 1524, 1
879, 939, 1
879, 805, 1
879, 900, 1
879, 936, 1
879, 871, 1
879, 948, 1
879, 867, 1
879, 863, 1
349, 382, 1
349, 348, 1
349, 375, 1
349, 242, 1
349, 269, 1
349, 361, 1
349, 222, 1
349, 292, 1
349, 380, 1
863, 382, -1
863, 348, -1
863, 375, -1
863, 242, -1
863, 269, -1
863, 361, -1
863, 222, -1
863, 292, -1
863, 380, -1
863, 640, -1
863, 643, -1
863, 425, -1
863, 1477, -1
863, 1524, -1
1590, 382, -1
1590, 348, -1
1590, 375, -1
1590, 242, -1
1590, 269, -1
1590, 361, -1
1590, 222, -1
1590, 292, -1
1590, 380, -1
1590, 640, -1
1590, 643, -1
1590, 939, -1
1590, 805, -1
1590, 900, -1
1590, 936, -1
1590, 871, -1
1590, 948, -1
1590, 867, -1
1590, 863, -1
1590, 425, -1
879, 382, -1
879, 348, -1
879, 375, -1
879, 242, -1
879, 269, -1
879, 361, -1
879, 222, -1
879, 292, -1
879, 380, -1
879, 640, -1
879, 643, -1
879, 425, -1
879, 1477, -1
879, 1524, -1
879, 1590, -1
349, 640, -1
349, 643, -1
349, 939, -1
349, 805, -1
349, 900, -1
349, 936, -1
349, 871, -1
349, 948, -1
349, 867, -1
349, 863, -1
349, 879, -1
349, 425, -1
349, 1477, -1
349, 1524, -1
349, 1590, -1

351, 382, 1
351, 348, 1
351, 375, 1
351, 242, 1
351, 269, 1
351, 361, 1
351, 222, 1
351, 292, 1
351, 380, 1
351, 349, 1
929, 939, 1
929, 805, 1
929, 900, 1
929, 936, 1
929, 871, 1
929, 948, 1
929, 867, 1
929, 863, 1
929, 879, 1
982, 939, 1
982, 805, 1
982, 900, 1
982, 936, 1
982, 871, 1
982, 948, 1
982, 867, 1
982, 863, 1
982, 879, 1
982, 929, 1
925, 939, 1
925, 805, 1
925, 900, 1
925, 936, 1
925, 871, 1
925, 948, 1
925, 867, 1
925, 863, 1
925, 879, 1
925, 929, 1
925, 982, 1
862, 939, 1
862, 805, 1
862, 900, 1
862, 936, 1
862, 871, 1
862, 948, 1
862, 867, 1
862, 863, 1
862, 879, 1
862, 929, 1
862, 982, 1
862, 925, 1
376, 382, 1
376, 348, 1
376, 375, 1
376, 242, 1
376, 269, 1
376, 361, 1
376, 222, 1
376, 292, 1
376, 380, 1
376, 349, 1
376, 351, 1
351, 640, -1
351, 643, -1
351, 939, -1
351, 805, -1
351, 900, -1
351, 936, -1
351, 871, -1
351, 948, -1
351, 867, -1
351, 863, -1
351, 879, -1
351, 425, -1
351, 1477, -1
351, 1524, -1
351, 1590, -1
929, 382, -1
929, 348, -1
929, 375, -1
929, 242, -1
929, 269, -1
929, 361, -1
929, 222, -1
929, 292, -1
929, 380, -1
929, 349, -1
929, 351, -1
929, 640, -1
929, 643, -1
929, 425, -1
929, 1477, -1
929, 1524, -1
929, 1590, -1
982, 382, -1
982, 348, -1
982, 375, -1
982, 242, -1
982, 269, -1
982, 361, -1
982, 222, -1
982, 292, -1
982, 380, -1
982, 349, -1
982, 351, -1
982, 640, -1
982, 643, -1
982, 425, -1
982, 1477, -1
982, 1524, -1
982, 1590, -1
925, 382, -1
925, 348, -1
925, 375, -1
925, 242, -1
925, 269, -1
925, 361, -1
925, 222, -1
925, 292, -1
925, 380, -1
925, 349, -1
925, 351, -1
925, 640, -1
925, 643, -1
925, 425, -1
925, 1477, -1
925, 1524, -1
925, 1590, -1
862, 382, -1
862, 348, -1
862, 375, -1
862, 242, -1
862, 269, -1
862, 361, -1
862, 222, -1
862, 292, -1
862, 380, -1
862, 349, -1
862, 351, -1
862, 640, -1
862, 643, -1
862, 425, -1
862, 1477, -1
862, 1524, -1
862, 1590, -1
376, 640, -1
376, 643, -1
376, 939, -1
376, 805, -1
376, 900, -1
376, 936, -1
376, 871, -1
376, 948, -1
376, 867, -1
376, 863, -1
376, 879, -1
376, 929, -1
376, 982, -1
376, 925, -1
376, 862, -1
376, 425, -1
376, 1477, -1
376, 1524, -1
376, 1590, -1

952, 939, 1
952, 805, 1
952, 900, 1
952, 936, 1
952, 871, 1
952, 948, 1
952, 867, 1
952, 863, 1
952, 879, 1
952, 929, 1
952, 982, 1
952, 925, 1
952, 862, 1
352, 382, 1
352, 348, 1
352, 375, 1
352, 242, 1
352, 269, 1
352, 361, 1
352, 222, 1
352, 292, 1
352, 380, 1
352, 349, 1
352, 351, 1
352, 376, 1
1465, 1477, 1
1465, 1524, 1
1465, 1590, 1
788, 640, 1
788, 643, 1
792, 640, 1
792, 643, 1
792, 788, 1
952, 382, -1
952, 348, -1
952, 375, -1
952, 242, -1
952, 269, -1
952, 361, -1
952, 222, -1
952, 292, -1
952, 380, -1
952, 349, -1
952, 351, -1
952, 376, -1
952, 640, -1
952, 643, -1
952, 425, -1
952, 1477, -1
952, 1524, -1
952, 1590, -1
352, 640, -1
352, 643, -1
352, 939, -1
352, 805, -1
352, 900, -1
352, 936, -1
352, 871, -1
352, 948, -1
352, 867, -1
352, 863, -1
352, 879, -1
352, 929, -1
352, 982, -1
352, 925, -1
352, 862, -1
352, 952, -1
352, 425, -1
352, 1477, -1
352, 1524, -1
352, 1590, -1
1465, 382, -1
1465, 348, -1
1465, 375, -1
1465, 242, -1
1465, 269, -1
1465, 361, -1
1465, 222, -1
1465, 292, -1
1465, 380, -1
1465, 349, -1
1465, 351, -1
1465, 376, -1
1465, 352, -1
1465, 640, -1
1465, 643, -1
1465, 939, -1
1465, 805, -1
1465, 900, -1
1465, 936, -1
1465, 871, -1
1465, 948, -1
1465, 867, -1
1465, 863, -1
1465, 879, -1
1465, 929, -1
1465, 982, -1
1465, 925, -1
1465, 862, -1
1465, 952, -1
1465, 425, -1
788, 382, -1
788, 348, -1
788, 375, -1
788, 242, -1
788, 269, -1
788, 361, -1
788, 222, -1
788, 292, -1
788, 380, -1
788, 349, -1
788, 351, -1
788, 376, -1
788, 352, -1
788, 939, -1
788, 805, -1
788, 900, -1
788, 936, -1
788, 871, -1
788, 948, -1
788, 867, -1
788, 863, -1
788, 879, -1
788, 929, -1
788, 982, -1
788, 925, -1
788, 862, -1
788, 952, -1
788, 425, -1
788, 1477, -1
788, 1524, -1
788, 1590, -1
788, 1465, -1
792, 382, -1
792, 348, -1
792, 375, -1
792, 242, -1
792, 269, -1
792, 361, -1
792, 222, -1
792, 292, -1
792, 380, -1
792, 349, -1
792, 351, -1
792, 376, -1
792, 352, -1
792, 939, -1
792, 805, -1
792, 900, -1
792, 936, -1
792, 871, -1
792, 948, -1
792, 867, -1
792, 863, -1
792, 879, -1
792, 929, -1
792, 982, -1
792, 925, -1
792, 862, -1
792, 952, -1
792, 425, -1
792, 1477, -1
792, 1524, -1
792, 1590, -1
792, 1465, -1

703, 640, 1
703, 643, 1
703, 788, 1
703, 792, 1
833, 939, 1
833, 805, 1
833, 900, 1
833, 936, 1
833, 871, 1
833, 948, 1
833, 867, 1
833, 863, 1
833, 879, 1
833, 929, 1
833, 982, 1
833, 925, 1
833, 862, 1
833, 952, 1
703, 382, -1
703, 348, -1
703, 375, -1
703, 242, -1
703, 269, -1
703, 361, -1
703, 222, -1
703, 292, -1
703, 380, -1
703, 349, -1
703, 351, -1
703, 376, -1
703, 352, -1
703, 939, -1
703, 805, -1
703, 900, -1
703, 936, -1
703, 871, -1
703, 948, -1
703, 867, -1
703, 863, -1
703, 879, -1
703, 929, -1
703, 982, -1
703, 925, -1
703, 862, -1
703, 952, -1
703, 425, -1
703, 1477, -1
703, 1524, -1
703, 1590, -1
703, 1465, -1
1812, 382, -1
1812, 348, -1
1812, 375, -1
1812, 242, -1
1812, 269, -1
1812, 361, -1
1812, 222, -1
1812, 292, -1
1812, 380, -1
1812, 349, -1
1812, 351, -1
1812, 376, -1
1812, 352, -1
1812, 640, -1
1812, 643, -1
1812, 788, -1
1812, 792, -1
1812, 703, -1
1812, 939, -1
1812, 805, -1
1812, 900, -1
1812, 936, -1
1812, 871, -1
1812, 948, -1
1812, 867, -1
1812, 863, -1
1812, 879, -1
1812, 929, -1
1812, 982, -1
1812, 925, -1
1812, 862, -1
1812, 952, -1
1812, 425, -1
1812, 1477, -1
1812, 1524, -1
1812, 1590, -1
1812, 1465, -1
833, 382, -1
833, 348, -1
833, 375, -1
833, 242, -1
833, 269, -1
833, 361, -1
833, 222, -1
833, 292, -1
833, 380, -1
833, 349, -1
833, 351, -1
833, 376, -1
833, 352, -1
833, 640, -1
833, 643, -1
833, 788, -1
833, 792, -1
833, 703, -1
833, 425, -1
833, 1477, -1
833, 1524, -1
833, 1590, -1
833, 1465, -1
833, 1812, -1

994, 939, 1
994, 805, 1
994, 900, 1
994, 936, 1
994, 871, 1
994, 948, 1
994, 867, 1
994, 863, 1
994, 879, 1
994, 929, 1
994, 982, 1
994, 925, 1
994, 862, 1
994, 952, 1
994, 833, 1
1478, 1477, 1
1478, 1524, 1
1478, 1590, 1
1478, 1465, 1
388, 382, 1
388, 348, 1
388, 375, 1
388, 242, 1
388, 269, 1
388, 361, 1
388, 222, 1
388, 292, 1
388, 380, 1
388, 349, 1
388, 351, 1
388, 376, 1
388, 352, 1
639, 640, 1
639, 643, 1
639, 788, 1
639, 792, 1
639, 703, 1
324, 382, 1
324, 348, 1
324, 375, 1
324, 242, 1
324, 269, 1
324, 361, 1
324, 222, 1
324, 292, 1
324, 380, 1
324, 349, 1
324, 351, 1
324, 376, 1
324, 352, 1
324, 388, 1
249, 382, 1
249, 348, 1
249, 375, 1
249, 242, 1
249, 269, 1
249, 361, 1
249, 222, 1
249, 292, 1
249, 380, 1
249, 349, 1
249, 351, 1
249, 376, 1
249, 352, 1
249, 388, 1
249, 324, 1
386, 382, 1
386, 348, 1
386, 375, 1
386, 242, 1
386, 269, 1
386, 361, 1
386, 222, 1
386, 292, 1
386, 380, 1
386, 349, 1
386, 351, 1
386, 376, 1
386, 352, 1
386, 388, 1
386, 324, 1
386, 249, 1
994, 382, -1
994, 348, -1
994, 375, -1
994, 242, -1
994, 269, -1
994, 361, -1
994, 222, -1
994, 292, -1
994, 380, -1
994, 349, -1
994, 351, -1
994, 376, -1
994, 352, -1
994, 640, -1
994, 643, -1
994, 788, -1
994, 792, -1
994, 703, -1
994, 425, -1
994, 1477, -1
994, 1524, -1
994, 1590, -1
994, 1465, -1
994, 1812, -1
1478, 382, -1
1478, 348, -1
1478, 375, -1
1478, 242, -1
1478, 269, -1
1478, 361, -1
1478, 222, -1
1478, 292, -1
1478, 380, -1
1478, 349, -1
1478, 351, -1
1478, 376, -1
1478, 352, -1
1478, 640, -1
1478, 643, -1
1478, 788, -1
1478, 792, -1
1478, 703, -1
1478, 939, -1
1478, 805, -1
1478, 900, -1
1478, 936, -1
1478, 871, -1
1478, 948, -1
1478, 867, -1
1478, 863, -1
1478, 879, -1
1478, 929, -1
1478, 982, -1
1478, 925, -1
1478, 862, -1
1478, 952, -1
1478, 833, -1
1478, 994, -1
1478, 425, -1
1478, 1812, -1
388, 640, -1
388, 643, -1
388, 788, -1
388, 792, -1
388, 703, -1
388, 939, -1
388, 805, -1
388, 900, -1
388, 936, -1
388, 871, -1
388, 948, -1
388, 867, -1
388, 863, -1
388, 879, -1
388, 929, -1
388, 982, -1
388, 925, -1
388, 862, -1
388, 952, -1
388, 833, -1
388, 994, -1
388, 425, -1
388, 1477, -1
388, 1524, -1
388, 1590, -1
388, 1465, -1
388, 1478, -1
388, 1812, -1
639, 382, -1
639, 348, -1
639, 375, -1
639, 242, -1
639, 269, -1
639, 361, -1
639, 222, -1
639, 292, -1
639, 380, -1
639, 349, -1
639, 351, -1
639, 376, -1
639, 352, -1
639, 388, -1
639, 939, -1
639, 805, -1
639, 900, -1
639, 936, -1
639, 871, -1
639, 948, -1
639, 867, -1
639, 863, -1
639, 879, -1
639, 929, -1
639, 982, -1
639, 925, -1
639, 862, -1
639, 952, -1
639, 833, -1
639, 994, -1
639, 425, -1
639, 1477, -1
639, 1524, -1
639, 1590, -1
639, 1465, -1
639, 1478, -1
639, 1812, -1
324, 640, -1
324, 643, -1
324, 788, -1
324, 792, -1
324, 703, -1
324, 639, -1
324, 939, -1
324, 805, -1
324, 900, -1
324, 936, -1
324, 871, -1
324, 948, -1
324, 867, -1
324, 863, -1
324, 879, -1
324, 929, -1
324, 982, -1
324, 925, -1
324, 862, -1
324, 952, -1
324, 833, -1
324, 994, -1
324, 425, -1
324, 1477, -1
324, 1524, -1
324, 1590, -1
324, 1465, -1
324, 1478, -1
324, 1812, -1
249, 640, -1
249, 643, -1
249, 788, -1
249, 792, -1
249, 703, -1
249, 639, -1
249, 939, -1
249, 805, -1
249, 900, -1
249, 936, -1
249, 871, -1
249, 948, -1
249, 867, -1
249, 863, -1
249, 879, -1
249, 929, -1
249, 982, -1
249, 925, -1
249, 862, -1
249, 952, -1
249, 833, -1
249, 994, -1
249, 425, -1
249, 1477, -1
249, 1524, -1
249, 1590, -1
249, 1465, -1
249, 1478, -1
249, 1812, -1
386, 640, -1
386, 643, -1
386, 788, -1
386, 792, -1
386, 703, -1
386, 639, -1
386, 939, -1
386, 805, -1
386, 900, -1
386, 936, -1
386, 871, -1
386, 948, -1
386, 867, -1
386, 863, -1
386, 879, -1
386, 929, -1
386, 982, -1
386, 925, -1
386, 862, -1
386, 952, -1
386, 833, -1
386, 994, -1
386, 425, -1
386, 1477, -1
386, 1524, -1
386, 1590, -1
386, 1465, -1
386, 1478, -1
386, 1812, -1

374, 382, 1
374, 348, 1
374, 375, 1
374, 242, 1
374, 269, 1
374, 361, 1
374, 222, 1
374, 292, 1
374, 380, 1
374, 349, 1
374, 351, 1
374, 376, 1
374, 352, 1
374, 388, 1
374, 324, 1
374, 249, 1
374, 386, 1
279, 382, 1
279, 348, 1
279, 375, 1
279, 242, 1
279, 269, 1
279, 361, 1
279, 222, 1
279, 292, 1
279, 380, 1
279, 349, 1
279, 351, 1
279, 376, 1
279, 352, 1
279, 388, 1
279, 324, 1
279, 249, 1
279, 386, 1
279, 374, 1
224, 382, 1
224, 348, 1
224, 375, 1
224, 242, 1
224, 269, 1
224, 361, 1
224, 222, 1
224, 292, 1
224, 380, 1
224, 349, 1
224, 351, 1
224, 376, 1
224, 352, 1
224, 388, 1
224, 324, 1
224, 249, 1
224, 386, 1
224, 374, 1
224, 279, 1
385, 382, 1
385, 348, 1
385, 375, 1
385, 242, 1
385, 269, 1
385, 361, 1
385, 222, 1
385, 292, 1
385, 380, 1
385, 349, 1
385, 351, 1
385, 376, 1
385, 352, 1
385, 388, 1
385, 324, 1
385, 249, 1
385, 386, 1
385, 374, 1
385, 279, 1
385, 224, 1
374, 640, -1
374, 643, -1
374, 788, -1
374, 792, -1
374, 703, -1
374, 639, -1
374, 939, -1
374, 805, -1
374, 900, -1
374, 936, -1
374, 871, -1
374, 948, -1
374, 867, -1
374, 863, -1
374, 879, -1
374, 929, -1
374, 982, -1
374, 925, -1
374, 862, -1
374, 952, -1
374, 833, -1
374, 994, -1
374, 425, -1
374, 1477, -1
374, 1524, -1
374, 1590, -1
374, 1465, -1
374, 1478, -1
374, 1812, -1
279, 640, -1
279, 643, -1
279, 788, -1
279, 792, -1
279, 703, -1
279, 639, -1
279, 939, -1
279, 805, -1
279, 900, -1
279, 936, -1
279, 871, -1
279, 948, -1
279, 867, -1
279, 863, -1
279, 879, -1
279, 929, -1
279, 982, -1
279, 925, -1
279, 862, -1
279, 952, -1
279, 833, -1
279, 994, -1
279, 425, -1
279, 1477, -1
279, 1524, -1
279, 1590, -1
279, 1465, -1
279, 1478, -1
279, 1812, -1
224, 640, -1
224, 643, -1
224, 788, -1
224, 792, -1
224, 703, -1
224, 639, -1
224, 939, -1
224, 805, -1
224, 900, -1
224, 936, -1
224, 871, -1
224, 948, -1
224, 867, -1
224, 863, -1
224, 879, -1
224, 929, -1
224, 982, -1
224, 925, -1
224, 862, -1
224, 952, -1
224, 833, -1
224, 994, -1
224, 425, -1
224, 1477, -1
224, 1524, -1
224, 1590, -1
224, 1465, -1
224, 1478, -1
224, 1812, -1
385, 640, -1
385, 643, -1
385, 788, -1
385, 792, -1
385, 703, -1
385, 639, -1
385, 939, -1
385, 805, -1
385, 900, -1
385, 936, -1
385, 871, -1
385, 948, -1
385, 867, -1
385, 863, -1
385, 879, -1
385, 929, -1
385, 982, -1
385, 925, -1
385, 862, -1
385, 952, -1
385, 833, -1
385, 994, -1
385, 425, -1
385, 1477, -1
385, 1524, -1
385, 1590, -1
385, 1465, -1
385, 1478, -1
385, 1812, -1
1129, 382, -1
1129, 348, -1
1129, 375, -1
1129, 242, -1
1129, 269, -1
1129, 361, -1
1129, 222, -1
1129, 292, -1
1129, 380, -1
1129, 349, -1
1129, 351, -1
1129, 376, -1
1129, 352, -1
1129, 388, -1
1129, 324, -1
1129, 249, -1
1129, 386, -1
1129, 374, -1
1129, 279, -1
1129, 224, -1
1129, 385, -1
1129, 640, -1
1129, 643, -1
1129, 788, -1
1129, 792, -1
1129, 703, -1
1129, 639, -1
1129, 939, -1
1129, 805, -1
1129, 900, -1
1129, 936, -1
1129, 871, -1
1129, 948, -1
1129, 867, -1
1129, 863, -1
1129, 879, -1
1129, 929, -1
1129, 982, -1
1129, 925, -1
1129, 862, -1
1129, 952, -1
1129, 833, -1
1129, 994, -1
1129, 425, -1
1129, 1477, -1
1129, 1524, -1
1129, 1590, -1
1129, 1465, -1
1129, 1478, -1
1129, 1812, -1

