348, 382, 1
375, 382, 1
375, 348, 1
242, 382, 1
242, 348, 1
242, 375, 1
643, 640, 1
269, 382, 1
269, 348, 1
269, 375, 1
269, 242, 1
640, 382, -1
640, 348, -1
375, 640, -1
242, 640, -1
939, 382, -1
939, 348, -1
939, 375, -1
939, 242, -1
939, 640, -1
643, 382, -1
643, 348, -1
643, 375, -1
643, 242, -1
643, 939, -1
269, 640, -1
269, 643, -1
269, 939, -1

1568, 242, 1
355, 242, 1
391, 242, 1
269, 242, 1
365, 242, 1
1424, 242, 1
337, 242, 1
338, 242, 1
242, 242, 1
246, 242, 1
375, 242, 1
376, 242, 1
348, 242, 1
382, 242, 1
351, 242, 1
640, 640, 1
643, 640, 1
376, 382, 1
376, 348, 1
376, 375, 1
376, 242, 1
376, 269, 1
376, 376, 1
288, 382, 1
288, 348, 1
288, 375, 1
288, 242, 1
288, 269, 1
288, 376, 1
288, 376, 1
1024, 382, -1
1024, 348, -1
1024, 375, -1
1024, 242, -1
1024, 269, -1
1024, 376, -1
1024, 640, -1
1024, 643, -1
1024, 939, -1
376, 640, -1
376, 643, -1
376, 939, -1
376, 1024, -1
288, 640, -1
288, 643, -1
288, 939, -1
288, 1024, -1

1408, 242, 1
391, 242, 1
269, 242, 1
1424, 242, 1
1431, 242, 1
288, 242, 1
1568, 242, 1
1450, 242, 1
1588, 242, 1
1468, 242, 1
1472, 242, 1
1479, 242, 1
336, 242, 1
337, 242, 1
338, 242, 1
211, 242, 1
348, 242, 1
351, 242, 1
355, 242, 1
365, 242, 1
242, 242, 1
246, 242, 1
375, 242, 1
376, 242, 1
382, 242, 1
640, 640, 1
643, 640, 1
5, 0, 1
0, 382, -1
0, 348, -1
0, 375, -1
0, 242, -1
0, 269, -1
0, 376, -1
0, 376, -1
0, 288, -1
0, 355, -1
0, 640, -1
0, 643, -1
0, 939, -1
0, 1024, -1
5, 382, -1
5, 348, -1
5, 375, -1
5, 242, -1
5, 269, -1
5, 376, -1
5, 376, -1
5, 288, -1
5, 355, -1
5, 640, -1
5, 643, -1
5, 939, -1
5, 1024, -1

0, 0, 1
169, 0, 1
5, 0, 1
1408, 242, 1
391, 242, 1
269, 242, 1
1424, 242, 1
1555, 242, 1
288, 242, 1
1568, 242, 1
1450, 242, 1
1588, 242, 1
1468, 242, 1
1472, 242, 1
1479, 242, 1
336, 242, 1
337, 242, 1
338, 242, 1
211, 242, 1
348, 242, 1
351, 242, 1
355, 242, 1
365, 242, 1
242, 242, 1
246, 242, 1
375, 242, 1
376, 242, 1
382, 242, 1
640, 640, 1
643, 640, 1
33, 0, 1
33, 5, 1
33, 169, 1
169, 0, 1
169, 5, 1
169, 169, 1
169, 33, 1
33, 382, -1
33, 348, -1
33, 375, -1
33, 242, -1
33, 269, -1
33, 376, -1
33, 376, -1
33, 288, -1
33, 355, -1
33, 640, -1
33, 643, -1
33, 939, -1
33, 1024, -1
169, 382, -1
169, 348, -1
169, 375, -1
169, 242, -1
169, 269, -1
169, 376, -1
169, 376, -1
169, 288, -1
169, 355, -1
169, 640, -1
169, 643, -1
169, 939, -1
169, 1024, -1

0, 0, 1
5, 0, 1
133, 0, 1
18, 0, 1
148, 0, 1
23, 0, 1
160, 0, 1
33, 0, 1
37, 0, 1
40, 0, 1
169, 0, 1
43, 0, 1
44, 0, 1
48, 0, 1
178, 0, 1
182, 0, 1
186, 0, 1
83, 0, 1
90, 0, 1
122, 0, 1
640, 640, 1
643, 640, 1
1408, 242, 1
391, 242, 1
269, 242, 1
1424, 242, 1
1555, 242, 1
288, 242, 1
1568, 242, 1
1450, 242, 1
1588, 242, 1
1468, 242, 1
1472, 242, 1
1479, 242, 1
336, 242, 1
337, 242, 1
338, 242, 1
211, 242, 1
348, 242, 1
351, 242, 1
355, 242, 1
365, 242, 1
242, 242, 1
246, 242, 1
375, 242, 1
376, 242, 1
382, 242, 1
186, 0, 1
186, 5, 1
186, 169, 1
186, 33, 1
186, 169, 1
186, 43, 1
1029, 1024, 1
186, 382, -1
186, 348, -1
186, 375, -1
186, 242, -1
186, 269, -1
186, 376, -1
186, 376, -1
186, 288, -1
186, 355, -1
186, 640, -1
186, 643, -1
186, 939, -1
186, 1024, -1
1029, 382, -1
1029, 348, -1
1029, 375, -1
1029, 242, -1
1029, 269, -1
1029, 376, -1
1029, 376, -1
1029, 288, -1
1029, 355, -1
1029, 640, -1
1029, 643, -1
1029, 939, -1
1029, 0, -1
1029, 5, -1
1029, 169, -1
1029, 33, -1
1029, 169, -1
1029, 43, -1
1029, 186, -1

0, 0, 1
3, 0, 1
5, 0, 1
134, 0, 1
133, 0, 1
138, 0, 1
11, 0, 1
13, 0, 1
142, 0, 1
16, 0, 1
18, 0, 1
20, 0, 1
148, 0, 1
23, 0, 1
28, 0, 1
31, 0, 1
160, 0, 1
33, 0, 1
37, 0, 1
38, 0, 1
40, 0, 1
41, 0, 1
169, 0, 1
43, 0, 1
44, 0, 1
48, 0, 1
177, 0, 1
178, 0, 1
182, 0, 1
56, 0, 1
186, 0, 1
60, 0, 1
188, 0, 1
190, 0, 1
197, 0, 1
72, 0, 1
81, 0, 1
83, 0, 1
85, 0, 1
89, 0, 1
90, 0, 1
91, 0, 1
93, 0, 1
104, 0, 1
108, 0, 1
110, 0, 1
116, 0, 1
122, 0, 1
640, 640, 1
643, 640, 1
1024, 1024, 1
1029, 1024, 1
1408, 242, 1
391, 242, 1
269, 242, 1
1424, 242, 1
1555, 242, 1
288, 242, 1
1568, 242, 1
1450, 242, 1
1588, 242, 1
1468, 242, 1
1472, 242, 1
1479, 242, 1
336, 242, 1
337, 242, 1
338, 242, 1
211, 242, 1
348, 242, 1
351, 242, 1
355, 242, 1
365, 242, 1
242, 242, 1
246, 242, 1
375, 242, 1
376, 242, 1
382, 242, 1
122, 0, 1
122, 5, 1
122, 169, 1
122, 33, 1
122, 169, 1
122, 43, 1
122, 186, 1
122, 178, 1
1030, 1024, 1
1030, 1029, 1
122, 382, -1
122, 348, -1
122, 375, -1
122, 242, -1
122, 269, -1
122, 376, -1
122, 376, -1
122, 288, -1
122, 355, -1
122, 640, -1
122, 643, -1
122, 939, -1
122, 1024, -1
122, 1029, -1
1030, 382, -1
1030, 348, -1
1030, 375, -1
1030, 242, -1
1030, 269, -1
1030, 376, -1
1030, 376, -1
1030, 288, -1
1030, 355, -1
1030, 640, -1
1030, 643, -1
1030, 939, -1
1030, 0, -1
1030, 5, -1
1030, 169, -1
1030, 33, -1
1030, 169, -1
1030, 43, -1
1030, 186, -1
1030, 178, -1
1030, 122, -1

0, 0, 1
3, 0, 1
5, 0, 1
134, 0, 1
133, 0, 1
138, 0, 1
11, 0, 1
13, 0, 1
142, 0, 1
16, 0, 1
18, 0, 1
20, 0, 1
148, 0, 1
23, 0, 1
28, 0, 1
31, 0, 1
32, 0, 1
33, 0, 1
160, 0, 1
35, 0, 1
37, 0, 1
38, 0, 1
40, 0, 1
41, 0, 1
169, 0, 1
43, 0, 1
44, 0, 1
48, 0, 1
176, 0, 1
177, 0, 1
178, 0, 1
54, 0, 1
182, 0, 1
56, 0, 1
186, 0, 1
60, 0, 1
188, 0, 1
190, 0, 1
65, 0, 1
69, 0, 1
197, 0, 1
198, 0, 1
72, 0, 1
73, 0, 1
80, 0, 1
81, 0, 1
83, 0, 1
85, 0, 1
89, 0, 1
90, 0, 1
91, 0, 1
93, 0, 1
99, 0, 1
104, 0, 1
108, 0, 1
110, 0, 1
114, 0, 1
116, 0, 1
117, 0, 1
122, 0, 1
640, 640, 1
643, 640, 1
1408, 242, 1
391, 242, 1
269, 242, 1
1424, 242, 1
1431, 242, 1
288, 242, 1
1568, 242, 1
1450, 242, 1
1588, 242, 1
1468, 242, 1
1472, 242, 1
1479, 242, 1
336, 242, 1
337, 242, 1
338, 242, 1
211, 242, 1
348, 242, 1
351, 242, 1
355, 242, 1
365, 242, 1
242, 242, 1
246, 242, 1
375, 242, 1
376, 242, 1
382, 242, 1
1024, 1024, 1
1186, 1024, 1
1155, 1024, 1
1029, 1024, 1
1030, 1024, 1
1077, 1024, 1
1015, 1024, 1
1179, 1024, 1
1183, 1024, 1
1800, 382, -1
1800, 348, -1
1800, 375, -1
1800, 242, -1
1800, 269, -1
1800, 376, -1
1800, 376, -1
1800, 288, -1
1800, 355, -1
1800, 640, -1
1800, 643, -1
1800, 939, -1
1800, 1024, -1
1800, 1029, -1
1800, 1030, -1
1800, 1155, -1
1800, 0, -1
1800, 5, -1
1800, 169, -1
1800, 33, -1
1800, 169, -1
1800, 43, -1
1800, 186, -1
1800, 178, -1
1800, 122, -1
1800, 182, -1

0, 0, 1
3, 0, 1
5, 0, 1
134, 0, 1
133, 0, 1
138, 0, 1
11, 0, 1
13, 0, 1
142, 0, 1
16, 0, 1
18, 0, 1
20, 0, 1
148, 0, 1
23, 0, 1
28, 0, 1
31, 0, 1
32, 0, 1
33, 0, 1
160, 0, 1
35, 0, 1
37, 0, 1
38, 0, 1
40, 0, 1
41, 0, 1
169, 0, 1
43, 0, 1
44, 0, 1
48, 0, 1
176, 0, 1
177, 0, 1
178, 0, 1
54, 0, 1
182, 0, 1
56, 0, 1
186, 0, 1
60, 0, 1
188, 0, 1
190, 0, 1
65, 0, 1
69, 0, 1
197, 0, 1
198, 0, 1
72, 0, 1
73, 0, 1
80, 0, 1
81, 0, 1
83, 0, 1
85, 0, 1
89, 0, 1
90, 0, 1
91, 0, 1
93, 0, 1
99, 0, 1
104, 0, 1
108, 0, 1
110, 0, 1
114, 0, 1
116, 0, 1
117, 0, 1
122, 0, 1
1024, 1024, 1
1186, 1024, 1
1155, 1024, 1
1029, 1024, 1
1030, 1024, 1
1157, 1024, 1
1190, 1024, 1
1077, 1024, 1
1053, 1024, 1
288, 242, 1
355, 242, 1
269, 242, 1
365, 242, 1
1424, 242, 1
337, 242, 1
336, 242, 1
338, 242, 1
211, 242, 1
242, 242, 1
246, 242, 1
375, 242, 1
376, 242, 1
348, 242, 1
382, 242, 1
351, 242, 1
640, 640, 1
643, 640, 1
117, 0, 1
117, 5, 1
117, 169, 1
117, 33, 1
117, 169, 1
117, 43, 1
117, 186, 1
117, 178, 1
117, 122, 1
117, 182, 1
117, 60, 1
117, 382, -1
117, 348, -1
117, 375, -1
117, 242, -1
117, 269, -1
117, 376, -1
117, 376, -1
117, 288, -1
117, 355, -1
117, 351, -1
117, 640, -1
117, 643, -1
117, 939, -1
117, 1024, -1
117, 1029, -1
117, 1030, -1
117, 1155, -1
117, 1186, -1
117, 1800, -1

288, 242, 1
355, 242, 1
391, 242, 1
269, 242, 1
365, 242, 1
375, 242, 1
1424, 242, 1
336, 242, 1
337, 242, 1
338, 242, 1
211, 242, 1
242, 242, 1
246, 242, 1
1431, 242, 1
376, 242, 1
348, 242, 1
382, 242, 1
351, 242, 1
640, 640, 1
643, 640, 1
0, 0, 1
3, 0, 1
5, 0, 1
134, 0, 1
133, 0, 1
138, 0, 1
11, 0, 1
140, 0, 1
13, 0, 1
141, 0, 1
142, 0, 1
16, 0, 1
18, 0, 1
20, 0, 1
148, 0, 1
22, 0, 1
23, 0, 1
28, 0, 1
31, 0, 1
32, 0, 1
33, 0, 1
34, 0, 1
35, 0, 1
160, 0, 1
37, 0, 1
38, 0, 1
166, 0, 1
40, 0, 1
41, 0, 1
169, 0, 1
43, 0, 1
44, 0, 1
48, 0, 1
176, 0, 1
177, 0, 1
178, 0, 1
54, 0, 1
182, 0, 1
56, 0, 1
58, 0, 1
186, 0, 1
60, 0, 1
188, 0, 1
190, 0, 1
65, 0, 1
194, 0, 1
69, 0, 1
197, 0, 1
198, 0, 1
72, 0, 1
73, 0, 1
78, 0, 1
80, 0, 1
81, 0, 1
83, 0, 1
85, 0, 1
89, 0, 1
90, 0, 1
91, 0, 1
93, 0, 1
99, 0, 1
102, 0, 1
104, 0, 1
108, 0, 1
110, 0, 1
114, 0, 1
116, 0, 1
117, 0, 1
118, 0, 1
122, 0, 1
125, 0, 1
1024, 1024, 1
1186, 1024, 1
1155, 1024, 1
1029, 1024, 1
1030, 1024, 1
1190, 1024, 1
1161, 1024, 1
1015, 1024, 1
1077, 1024, 1
951, 1024, 1
1179, 1024, 1
1183, 1024, 1
198, 0, 1
198, 5, 1
198, 169, 1
198, 33, 1
198, 169, 1
198, 43, 1
198, 186, 1
198, 178, 1
198, 122, 1
198, 182, 1
198, 60, 1
198, 117, 1
198, 160, 1
198, 382, -1
198, 348, -1
198, 375, -1
198, 242, -1
198, 269, -1
198, 376, -1
198, 376, -1
198, 288, -1
198, 355, -1
198, 351, -1
198, 365, -1
198, 640, -1
198, 643, -1
198, 939, -1
198, 1024, -1
198, 1029, -1
198, 1030, -1
198, 1155, -1
198, 1186, -1
198, 1161, -1
198, 1800, -1

640, 640, 1
643, 640, 1
0, 0, 1
1, 0, 1
3, 0, 1
4, 0, 1
5, 0, 1
11, 0, 1
13, 0, 1
16, 0, 1
18, 0, 1
20, 0, 1
22, 0, 1
23, 0, 1
28, 0, 1
31, 0, 1
32, 0, 1
33, 0, 1
34, 0, 1
35, 0, 1
37, 0, 1
38, 0, 1
40, 0, 1
41, 0, 1
42, 0, 1
43, 0, 1
44, 0, 1
48, 0, 1
54, 0, 1
56, 0, 1
58, 0, 1
60, 0, 1
65, 0, 1
69, 0, 1
71, 0, 1
72, 0, 1
73, 0, 1
78, 0, 1
80, 0, 1
81, 0, 1
83, 0, 1
85, 0, 1
89, 0, 1
90, 0, 1
91, 0, 1
93, 0, 1
99, 0, 1
102, 0, 1
103, 0, 1
104, 0, 1
108, 0, 1
110, 0, 1
112, 0, 1
114, 0, 1
116, 0, 1
117, 0, 1
118, 0, 1
122, 0, 1
125, 0, 1
133, 0, 1
134, 0, 1
138, 0, 1
140, 0, 1
141, 0, 1
142, 0, 1
148, 0, 1
157, 0, 1
160, 0, 1
166, 0, 1
169, 0, 1
171, 0, 1
176, 0, 1
177, 0, 1
178, 0, 1
181, 0, 1
182, 0, 1
186, 0, 1
188, 0, 1
190, 0, 1
194, 0, 1
197, 0, 1
198, 0, 1
1024, 1024, 1
1155, 1024, 1
1157, 1024, 1
1029, 1024, 1
1030, 1024, 1
1161, 1024, 1
1167, 1024, 1
1179, 1024, 1
1053, 1024, 1
1183, 1024, 1
1186, 1024, 1
1190, 1024, 1
1077, 1024, 1
951, 1024, 1
1100, 1024, 1
1104, 1024, 1
1109, 1024, 1
1008, 1024, 1
1015, 1024, 1
1147, 1024, 1
1408, 242, 1
391, 242, 1
269, 242, 1
1424, 242, 1
1431, 242, 1
288, 242, 1
1568, 242, 1
1450, 242, 1
1588, 242, 1
1468, 242, 1
1472, 242, 1
1479, 242, 1
336, 242, 1
337, 242, 1
338, 242, 1
211, 242, 1
348, 242, 1
351, 242, 1
355, 242, 1
365, 242, 1
242, 242, 1
246, 242, 1
375, 242, 1
376, 242, 1
382, 242, 1
773, 640, 1
773, 643, 1
773, 382, -1
773, 348, -1
773, 375, -1
773, 242, -1
773, 269, -1
773, 376, -1
773, 376, -1
773, 288, -1
773, 355, -1
773, 351, -1
773, 365, -1
773, 939, -1
773, 1024, -1
773, 1029, -1
773, 1030, -1
773, 1155, -1
773, 1186, -1
773, 1161, -1
773, 1104, -1
773, 0, -1
773, 5, -1
773, 169, -1
773, 33, -1
773, 169, -1
773, 43, -1
773, 186, -1
773, 178, -1
773, 122, -1
773, 182, -1
773, 60, -1
773, 117, -1
773, 160, -1
773, 198, -1
773, 133, -1
773, 1800, -1

