1139, 974, -1
1139, 241, -1
1139, 1363, -1
1139, 1601, -1
974, 1139, -1
974, 241, -1
974, 1363, -1
974, 1601, -1
241, 1139, -1
241, 974, -1
241, 1363, -1
241, 1601, -1
1363, 1139, -1
1363, 974, -1
1363, 241, -1
1363, 1601, -1
1601, 1139, -1
1601, 974, -1
1601, 241, -1
1601, 1363, -1

974, 823, 1
823, 974, 1
241, 274, 1
274, 241, 1
1139, 974, -1
1139, 823, -1
1139, 241, -1
1139, 274, -1
1139, 1363, -1
1139, 1601, -1
1139, 123, -1
974, 1139, -1
823, 1139, -1
974, 241, -1
974, 274, -1
823, 241, -1
823, 274, -1
974, 1363, -1
823, 1363, -1
974, 1601, -1
823, 1601, -1
974, 123, -1
823, 123, -1
241, 1139, -1
274, 1139, -1
241, 974, -1
241, 823, -1
274, 974, -1
274, 823, -1
241, 1363, -1
274, 1363, -1
241, 1601, -1
274, 1601, -1
241, 123, -1
274, 123, -1
1363, 1139, -1
1363, 974, -1
1363, 823, -1
1363, 241, -1
1363, 274, -1
1363, 1601, -1
1363, 123, -1
1601, 1139, -1
1601, 974, -1
1601, 823, -1
1601, 241, -1
1601, 274, -1
1601, 1363, -1
1601, 123, -1
123, 1139, -1
123, 974, -1
123, 823, -1
123, 241, -1
123, 274, -1
123, 1363, -1
123, 1601, -1

974, 823, 1
823, 974, 1
241, 274, 1
274, 241, 1
1139, 974, -1
1139, 823, -1
1139, 241, -1
1139, 274, -1
1139, 1363, -1
1139, 1601, -1
1139, 123, -1
1139, 738, -1
974, 1139, -1
823, 1139, -1
974, 241, -1
974, 274, -1
823, 241, -1
823, 274, -1
974, 1363, -1
823, 1363, -1
974, 1601, -1
823, 1601, -1
974, 123, -1
823, 123, -1
974, 738, -1
823, 738, -1
241, 1139, -1
274, 1139, -1
241, 974, -1
241, 823, -1
274, 974, -1
274, 823, -1
241, 1363, -1
274, 1363, -1
241, 1601, -1
274, 1601, -1
241, 123, -1
274, 123, -1
241, 738, -1
274, 738, -1
1363, 1139, -1
1363, 974, -1
1363, 823, -1
1363, 241, -1
1363, 274, -1
1363, 1601, -1
1363, 123, -1
1363, 738, -1
1601, 1139, -1
1601, 974, -1
1601, 823, -1
1601, 241, -1
1601, 274, -1
1601, 1363, -1
1601, 123, -1
1601, 738, -1
123, 1139, -1
123, 974, -1
123, 823, -1
123, 241, -1
123, 274, -1
123, 1363, -1
123, 1601, -1
123, 738, -1
738, 1139, -1
738, 974, -1
738, 823, -1
738, 241, -1
738, 274, -1
738, 1363, -1
738, 1601, -1
738, 123, -1

1139, 1177, 1
1177, 1139, 1
974, 823, 1
974, 815, 1
823, 974, 1
823, 815, 1
815, 974, 1
815, 823, 1
241, 274, 1
274, 241, 1
1139, 974, -1
1139, 823, -1
1139, 815, -1
1177, 974, -1
1177, 823, -1
1177, 815, -1
1139, 241, -1
1139, 274, -1
1177, 241, -1
1177, 274, -1
1139, 1363, -1
1177, 1363, -1
1139, 1601, -1
1177, 1601, -1
1139, 123, -1
1177, 123, -1
1139, 738, -1
1177, 738, -1
1139, 1478, -1
1177, 1478, -1
974, 1139, -1
974, 1177, -1
823, 1139, -1
823, 1177, -1
815, 1139, -1
815, 1177, -1
974, 241, -1
974, 274, -1
823, 241, -1
823, 274, -1
815, 241, -1
815, 274, -1
974, 1363, -1
823, 1363, -1
815, 1363, -1
974, 1601, -1
823, 1601, -1
815, 1601, -1
974, 123, -1
823, 123, -1
815, 123, -1
974, 738, -1
823, 738, -1
815, 738, -1
974, 1478, -1
823, 1478, -1
815, 1478, -1
241, 1139, -1
241, 1177, -1
274, 1139, -1
274, 1177, -1
241, 974, -1
241, 823, -1
241, 815, -1
274, 974, -1
274, 823, -1
274, 815, -1
241, 1363, -1
274, 1363, -1
241, 1601, -1
274, 1601, -1
241, 123, -1
274, 123, -1
241, 738, -1
274, 738, -1
241, 1478, -1
274, 1478, -1
1363, 1139, -1
1363, 1177, -1
1363, 974, -1
1363, 823, -1
1363, 815, -1
1363, 241, -1
1363, 274, -1
1363, 1601, -1
1363, 123, -1
1363, 738, -1
1363, 1478, -1
1601, 1139, -1
1601, 1177, -1
1601, 974, -1
1601, 823, -1
1601, 815, -1
1601, 241, -1
1601, 274, -1
1601, 1363, -1
1601, 123, -1
1601, 738, -1
1601, 1478, -1
123, 1139, -1
123, 1177, -1
123, 974, -1
123, 823, -1
123, 815, -1
123, 241, -1
123, 274, -1
123, 1363, -1
123, 1601, -1
123, 738, -1
123, 1478, -1
738, 1139, -1
738, 1177, -1
738, 974, -1
738, 823, -1
738, 815, -1
738, 241, -1
738, 274, -1
738, 1363, -1
738, 1601, -1
738, 123, -1
738, 1478, -1
1478, 1139, -1
1478, 1177, -1
1478, 974, -1
1478, 823, -1
1478, 815, -1
1478, 241, -1
1478, 274, -1
1478, 1363, -1
1478, 1601, -1
1478, 123, -1
1478, 738, -1

1139, 1177, 1
1177, 1139, 1
974, 823, 1
974, 815, 1
823, 974, 1
823, 815, 1
815, 974, 1
815, 823, 1
241, 274, 1
274, 241, 1
1601, 1623, 1
1623, 1601, 1
1139, 974, -1
1139, 823, -1
1139, 815, -1
1177, 974, -1
1177, 823, -1
1177, 815, -1
1139, 241, -1
1139, 274, -1
1177, 241, -1
1177, 274, -1
1139, 1363, -1
1177, 1363, -1
1139, 1601, -1
1139, 1623, -1
1177, 1601, -1
1177, 1623, -1
1139, 123, -1
1177, 123, -1
1139, 738, -1
1177, 738, -1
1139, 1478, -1
1177, 1478, -1
974, 1139, -1
974, 1177, -1
823, 1139, -1
823, 1177, -1
815, 1139, -1
815, 1177, -1
974, 241, -1
974, 274, -1
823, 241, -1
823, 274, -1
815, 241, -1
815, 274, -1
974, 1363, -1
823, 1363, -1
815, 1363, -1
974, 1601, -1
974, 1623, -1
823, 1601, -1
823, 1623, -1
815, 1601, -1
815, 1623, -1
974, 123, -1
823, 123, -1
815, 123, -1
974, 738, -1
823, 738, -1
815, 738, -1
974, 1478, -1
823, 1478, -1
815, 1478, -1
241, 1139, -1
241, 1177, -1
274, 1139, -1
274, 1177, -1
241, 974, -1
241, 823, -1
241, 815, -1
274, 974, -1
274, 823, -1
274, 815, -1
241, 1363, -1
274, 1363, -1
241, 1601, -1
241, 1623, -1
274, 1601, -1
274, 1623, -1
241, 123, -1
274, 123, -1
241, 738, -1
274, 738, -1
241, 1478, -1
274, 1478, -1
1363, 1139, -1
1363, 1177, -1
1363, 974, -1
1363, 823, -1
1363, 815, -1
1363, 241, -1
1363, 274, -1
1363, 1601, -1
1363, 1623, -1
1363, 123, -1
1363, 738, -1
1363, 1478, -1
1601, 1139, -1
1601, 1177, -1
1623, 1139, -1
1623, 1177, -1
1601, 974, -1
1601, 823, -1
1601, 815, -1
1623, 974, -1
1623, 823, -1
1623, 815, -1
1601, 241, -1
1601, 274, -1
1623, 241, -1
1623, 274, -1
1601, 1363, -1
1623, 1363, -1
1601, 123, -1
1623, 123, -1
1601, 738, -1
1623, 738, -1
1601, 1478, -1
1623, 1478, -1
123, 1139, -1
123, 1177, -1
123, 974, -1
123, 823, -1
123, 815, -1
123, 241, -1
123, 274, -1
123, 1363, -1
123, 1601, -1
123, 1623, -1
123, 738, -1
123, 1478, -1
738, 1139, -1
738, 1177, -1
738, 974, -1
738, 823, -1
738, 815, -1
738, 241, -1
738, 274, -1
738, 1363, -1
738, 1601, -1
738, 1623, -1
738, 123, -1
738, 1478, -1
1478, 1139, -1
1478, 1177, -1
1478, 974, -1
1478, 823, -1
1478, 815, -1
1478, 241, -1
1478, 274, -1
1478, 1363, -1
1478, 1601, -1
1478, 1623, -1
1478, 123, -1
1478, 738, -1

1139, 1177, 1
1177, 1139, 1
974, 823, 1
974, 815, 1
823, 974, 1
823, 815, 1
815, 974, 1
815, 823, 1
241, 274, 1
274, 241, 1
1601, 1623, 1
1623, 1601, 1
738, 681, 1
681, 738, 1
1139, 974, -1
1139, 823, -1
1139, 815, -1
1177, 974, -1
1177, 823, -1
1177, 815, -1
1139, 241, -1
1139, 274, -1
1177, 241, -1
1177, 274, -1
1139, 1363, -1
1177, 1363, -1
1139, 1601, -1
1139, 1623, -1
1177, 1601, -1
1177, 1623, -1
1139, 123, -1
1177, 123, -1
1139, 738, -1
1139, 681, -1
1177, 738, -1
1177, 681, -1
1139, 1478, -1
1177, 1478, -1
974, 1139, -1
974, 1177, -1
823, 1139, -1
823, 1177, -1
815, 1139, -1
815, 1177, -1
974, 241, -1
974, 274, -1
823, 241, -1
823, 274, -1
815, 241, -1
815, 274, -1
974, 1363, -1
823, 1363, -1
815, 1363, -1
974, 1601, -1
974, 1623, -1
823, 1601, -1
823, 1623, -1
815, 1601, -1
815, 1623, -1
974, 123, -1
823, 123, -1
815, 123, -1
974, 738, -1
974, 681, -1
823, 738, -1
823, 681, -1
815, 738, -1
815, 681, -1
974, 1478, -1
823, 1478, -1
815, 1478, -1
241, 1139, -1
241, 1177, -1
274, 1139, -1
274, 1177, -1
241, 974, -1
241, 823, -1
241, 815, -1
274, 974, -1
274, 823, -1
274, 815, -1
241, 1363, -1
274, 1363, -1
241, 1601, -1
241, 1623, -1
274, 1601, -1
274, 1623, -1
241, 123, -1
274, 123, -1
241, 738, -1
241, 681, -1
274, 738, -1
274, 681, -1
241, 1478, -1
274, 1478, -1
1363, 1139, -1
1363, 1177, -1
1363, 974, -1
1363, 823, -1
1363, 815, -1
1363, 241, -1
1363, 274, -1
1363, 1601, -1
1363, 1623, -1
1363, 123, -1
1363, 738, -1
1363, 681, -1
1363, 1478, -1
1601, 1139, -1
1601, 1177, -1
1623, 1139, -1
1623, 1177, -1
1601, 974, -1
1601, 823, -1
1601, 815, -1
1623, 974, -1
1623, 823, -1
1623, 815, -1
1601, 241, -1
1601, 274, -1
1623, 241, -1
1623, 274, -1
1601, 1363, -1
1623, 1363, -1
1601, 123, -1
1623, 123, -1
1601, 738, -1
1601, 681, -1
1623, 738, -1
1623, 681, -1
1601, 1478, -1
1623, 1478, -1
123, 1139, -1
123, 1177, -1
123, 974, -1
123, 823, -1
123, 815, -1
123, 241, -1
123, 274, -1
123, 1363, -1
123, 1601, -1
123, 1623, -1
123, 738, -1
123, 681, -1
123, 1478, -1
738, 1139, -1
738, 1177, -1
681, 1139, -1
681, 1177, -1
738, 974, -1
738, 823, -1
738, 815, -1
681, 974, -1
681, 823, -1
681, 815, -1
738, 241, -1
738, 274, -1
681, 241, -1
681, 274, -1
738, 1363, -1
681, 1363, -1
738, 1601, -1
738, 1623, -1
681, 1601, -1
681, 1623, -1
738, 123, -1
681, 123, -1
738, 1478, -1
681, 1478, -1
1478, 1139, -1
1478, 1177, -1
1478, 974, -1
1478, 823, -1
1478, 815, -1
1478, 241, -1
1478, 274, -1
1478, 1363, -1
1478, 1601, -1
1478, 1623, -1
1478, 123, -1
1478, 738, -1
1478, 681, -1

1139, 1177, 1
1177, 1139, 1
974, 823, 1
974, 815, 1
823, 974, 1
823, 815, 1
815, 974, 1
815, 823, 1
241, 274, 1
274, 241, 1
1601, 1623, 1
1623, 1601, 1
738, 681, 1
738, 705, 1
681, 738, 1
681, 705, 1
705, 738, 1
705, 681, 1
1139, 974, -1
1139, 823, -1
1139, 815, -1
1177, 974, -1
1177, 823, -1
1177, 815, -1
1139, 241, -1
1139, 274, -1
1177, 241, -1
1177, 274, -1
1139, 1363, -1
1177, 1363, -1
1139, 1601, -1
1139, 1623, -1
1177, 1601, -1
1177, 1623, -1
1139, 123, -1
1177, 123, -1
1139, 738, -1
1139, 681, -1
1139, 705, -1
1177, 738, -1
1177, 681, -1
1177, 705, -1
1139, 1478, -1
1177, 1478, -1
974, 1139, -1
974, 1177, -1
823, 1139, -1
823, 1177, -1
815, 1139, -1
815, 1177, -1
974, 241, -1
974, 274, -1
823, 241, -1
823, 274, -1
815, 241, -1
815, 274, -1
974, 1363, -1
823, 1363, -1
815, 1363, -1
974, 1601, -1
974, 1623, -1
823, 1601, -1
823, 1623, -1
815, 1601, -1
815, 1623, -1
974, 123, -1
823, 123, -1
815, 123, -1
974, 738, -1
974, 681, -1
974, 705, -1
823, 738, -1
823, 681, -1
823, 705, -1
815, 738, -1
815, 681, -1
815, 705, -1
974, 1478, -1
823, 1478, -1
815, 1478, -1
241, 1139, -1
241, 1177, -1
274, 1139, -1
274, 1177, -1
241, 974, -1
241, 823, -1
241, 815, -1
274, 974, -1
274, 823, -1
274, 815, -1
241, 1363, -1
274, 1363, -1
241, 1601, -1
241, 1623, -1
274, 1601, -1
274, 1623, -1
241, 123, -1
274, 123, -1
241, 738, -1
241, 681, -1
241, 705, -1
274, 738, -1
274, 681, -1
274, 705, -1
241, 1478, -1
274, 1478, -1
1363, 1139, -1
1363, 1177, -1
1363, 974, -1
1363, 823, -1
1363, 815, -1
1363, 241, -1
1363, 274, -1
1363, 1601, -1
1363, 1623, -1
1363, 123, -1
1363, 738, -1
1363, 681, -1
1363, 705, -1
1363, 1478, -1
1601, 1139, -1
1601, 1177, -1
1623, 1139, -1
1623, 1177, -1
1601, 974, -1
1601, 823, -1
1601, 815, -1
1623, 974, -1
1623, 823, -1
1623, 815, -1
1601, 241, -1
1601, 274, -1
1623, 241, -1
1623, 274, -1
1601, 1363, -1
1623, 1363, -1
1601, 123, -1
1623, 123, -1
1601, 738, -1
1601, 681, -1
1601, 705, -1
1623, 738, -1
1623, 681, -1
1623, 705, -1
1601, 1478, -1
1623, 1478, -1
123, 1139, -1
123, 1177, -1
123, 974, -1
123, 823, -1
123, 815, -1
123, 241, -1
123, 274, -1
123, 1363, -1
123, 1601, -1
123, 1623, -1
123, 738, -1
123, 681, -1
123, 705, -1
123, 1478, -1
738, 1139, -1
738, 1177, -1
681, 1139, -1
681, 1177, -1
705, 1139, -1
705, 1177, -1
738, 974, -1
738, 823, -1
738, 815, -1
681, 974, -1
681, 823, -1
681, 815, -1
705, 974, -1
705, 823, -1
705, 815, -1
738, 241, -1
738, 274, -1
681, 241, -1
681, 274, -1
705, 241, -1
705, 274, -1
738, 1363, -1
681, 1363, -1
705, 1363, -1
738, 1601, -1
738, 1623, -1
681, 1601, -1
681, 1623, -1
705, 1601, -1
705, 1623, -1
738, 123, -1
681, 123, -1
705, 123, -1
738, 1478, -1
681, 1478, -1
705, 1478, -1
1478, 1139, -1
1478, 1177, -1
1478, 974, -1
1478, 823, -1
1478, 815, -1
1478, 241, -1
1478, 274, -1
1478, 1363, -1
1478, 1601, -1
1478, 1623, -1
1478, 123, -1
1478, 738, -1
1478, 681, -1
1478, 705, -1

1139, 1177, 1
1177, 1139, 1
974, 823, 1
974, 815, 1
823, 974, 1
823, 815, 1
815, 974, 1
815, 823, 1
241, 274, 1
274, 241, 1
1363, 1368, 1
1368, 1363, 1
1601, 1623, 1
1623, 1601, 1
738, 681, 1
738, 705, 1
681, 738, 1
681, 705, 1
705, 738, 1
705, 681, 1
1139, 974, -1
1139, 823, -1
1139, 815, -1
1177, 974, -1
1177, 823, -1
1177, 815, -1
1139, 241, -1
1139, 274, -1
1177, 241, -1
1177, 274, -1
1139, 1363, -1
1139, 1368, -1
1177, 1363, -1
1177, 1368, -1
1139, 1601, -1
1139, 1623, -1
1177, 1601, -1
1177, 1623, -1
1139, 123, -1
1177, 123, -1
1139, 738, -1
1139, 681, -1
1139, 705, -1
1177, 738, -1
1177, 681, -1
1177, 705, -1
1139, 1478, -1
1177, 1478, -1
974, 1139, -1
974, 1177, -1
823, 1139, -1
823, 1177, -1
815, 1139, -1
815, 1177, -1
974, 241, -1
974, 274, -1
823, 241, -1
823, 274, -1
815, 241, -1
815, 274, -1
974, 1363, -1
974, 1368, -1
823, 1363, -1
823, 1368, -1
815, 1363, -1
815, 1368, -1
974, 1601, -1
974, 1623, -1
823, 1601, -1
823, 1623, -1
815, 1601, -1
815, 1623, -1
974, 123, -1
823, 123, -1
815, 123, -1
974, 738, -1
974, 681, -1
974, 705, -1
823, 738, -1
823, 681, -1
823, 705, -1
815, 738, -1
815, 681, -1
815, 705, -1
974, 1478, -1
823, 1478, -1
815, 1478, -1
241, 1139, -1
241, 1177, -1
274, 1139, -1
274, 1177, -1
241, 974, -1
241, 823, -1
241, 815, -1
274, 974, -1
274, 823, -1
274, 815, -1
241, 1363, -1
241, 1368, -1
274, 1363, -1
274, 1368, -1
241, 1601, -1
241, 1623, -1
274, 1601, -1
274, 1623, -1
241, 123, -1
274, 123, -1
241, 738, -1
241, 681, -1
241, 705, -1
274, 738, -1
274, 681, -1
274, 705, -1
241, 1478, -1
274, 1478, -1
1363, 1139, -1
1363, 1177, -1
1368, 1139, -1
1368, 1177, -1
1363, 974, -1
1363, 823, -1
1363, 815, -1
1368, 974, -1
1368, 823, -1
1368, 815, -1
1363, 241, -1
1363, 274, -1
1368, 241, -1
1368, 274, -1
1363, 1601, -1
1363, 1623, -1
1368, 1601, -1
1368, 1623, -1
1363, 123, -1
1368, 123, -1
1363, 738, -1
1363, 681, -1
1363, 705, -1
1368, 738, -1
1368, 681, -1
1368, 705, -1
1363, 1478, -1
1368, 1478, -1
1601, 1139, -1
1601, 1177, -1
1623, 1139, -1
1623, 1177, -1
1601, 974, -1
1601, 823, -1
1601, 815, -1
1623, 974, -1
1623, 823, -1
1623, 815, -1
1601, 241, -1
1601, 274, -1
1623, 241, -1
1623, 274, -1
1601, 1363, -1
1601, 1368, -1
1623, 1363, -1
1623, 1368, -1
1601, 123, -1
1623, 123, -1
1601, 738, -1
1601, 681, -1
1601, 705, -1
1623, 738, -1
1623, 681, -1
1623, 705, -1
1601, 1478, -1
1623, 1478, -1
123, 1139, -1
123, 1177, -1
123, 974, -1
123, 823, -1
123, 815, -1
123, 241, -1
123, 274, -1
123, 1363, -1
123, 1368, -1
123, 1601, -1
123, 1623, -1
123, 738, -1
123, 681, -1
123, 705, -1
123, 1478, -1
738, 1139, -1
738, 1177, -1
681, 1139, -1
681, 1177, -1
705, 1139, -1
705, 1177, -1
738, 974, -1
738, 823, -1
738, 815, -1
681, 974, -1
681, 823, -1
681, 815, -1
705, 974, -1
705, 823, -1
705, 815, -1
738, 241, -1
738, 274, -1
681, 241, -1
681, 274, -1
705, 241, -1
705, 274, -1
738, 1363, -1
738, 1368, -1
681, 1363, -1
681, 1368, -1
705, 1363, -1
705, 1368, -1
738, 1601, -1
738, 1623, -1
681, 1601, -1
681, 1623, -1
705, 1601, -1
705, 1623, -1
738, 123, -1
681, 123, -1
705, 123, -1
738, 1478, -1
681, 1478, -1
705, 1478, -1
1478, 1139, -1
1478, 1177, -1
1478, 974, -1
1478, 823, -1
1478, 815, -1
1478, 241, -1
1478, 274, -1
1478, 1363, -1
1478, 1368, -1
1478, 1601, -1
1478, 1623, -1
1478, 123, -1
1478, 738, -1
1478, 681, -1
1478, 705, -1

1139, 1177, 1
1177, 1139, 1
974, 823, 1
974, 815, 1
974, 866, 1
823, 974, 1
823, 815, 1
823, 866, 1
815, 974, 1
815, 823, 1
815, 866, 1
866, 974, 1
866, 823, 1
866, 815, 1
241, 274, 1
274, 241, 1
1363, 1368, 1
1368, 1363, 1
1601, 1623, 1
1623, 1601, 1
738, 681, 1
738, 705, 1
681, 738, 1
681, 705, 1
705, 738, 1
705, 681, 1
1139, 974, -1
1139, 823, -1
1139, 815, -1
1139, 866, -1
1177, 974, -1
1177, 823, -1
1177, 815, -1
1177, 866, -1
1139, 241, -1
1139, 274, -1
1177, 241, -1
1177, 274, -1
1139, 1363, -1
1139, 1368, -1
1177, 1363, -1
1177, 1368, -1
1139, 1601, -1
1139, 1623, -1
1177, 1601, -1
1177, 1623, -1
1139, 123, -1
1177, 123, -1
1139, 738, -1
1139, 681, -1
1139, 705, -1
1177, 738, -1
1177, 681, -1
1177, 705, -1
1139, 1478, -1
1177, 1478, -1
1139, 433, -1
1177, 433, -1
974, 1139, -1
974, 1177, -1
823, 1139, -1
823, 1177, -1
815, 1139, -1
815, 1177, -1
866, 1139, -1
866, 1177, -1
974, 241, -1
974, 274, -1
823, 241, -1
823, 274, -1
815, 241, -1
815, 274, -1
866, 241, -1
866, 274, -1
974, 1363, -1
974, 1368, -1
823, 1363, -1
823, 1368, -1
815, 1363, -1
815, 1368, -1
866, 1363, -1
866, 1368, -1
974, 1601, -1
974, 1623, -1
823, 1601, -1
823, 1623, -1
815, 1601, -1
815, 1623, -1
866, 1601, -1
866, 1623, -1
974, 123, -1
823, 123, -1
815, 123, -1
866, 123, -1
974, 738, -1
974, 681, -1
974, 705, -1
823, 738, -1
823, 681, -1
823, 705, -1
815, 738, -1
815, 681, -1
815, 705, -1
866, 738, -1
866, 681, -1
866, 705, -1
974, 1478, -1
823, 1478, -1
815, 1478, -1
866, 1478, -1
974, 433, -1
823, 433, -1
815, 433, -1
866, 433, -1
241, 1139, -1
241, 1177, -1
274, 1139, -1
274, 1177, -1
241, 974, -1
241, 823, -1
241, 815, -1
241, 866, -1
274, 974, -1
274, 823, -1
274, 815, -1
274, 866, -1
241, 1363, -1
241, 1368, -1
274, 1363, -1
274, 1368, -1
241, 1601, -1
241, 1623, -1
274, 1601, -1
274, 1623, -1
241, 123, -1
274, 123, -1
241, 738, -1
241, 681, -1
241, 705, -1
274, 738, -1
274, 681, -1
274, 705, -1
241, 1478, -1
274, 1478, -1
241, 433, -1
274, 433, -1
1363, 1139, -1
1363, 1177, -1
1368, 1139, -1
1368, 1177, -1
1363, 974, -1
1363, 823, -1
1363, 815, -1
1363, 866, -1
1368, 974, -1
1368, 823, -1
1368, 815, -1
1368, 866, -1
1363, 241, -1
1363, 274, -1
1368, 241, -1
1368, 274, -1
1363, 1601, -1
1363, 1623, -1
1368, 1601, -1
1368, 1623, -1
1363, 123, -1
1368, 123, -1
1363, 738, -1
1363, 681, -1
1363, 705, -1
1368, 738, -1
1368, 681, -1
1368, 705, -1
1363, 1478, -1
1368, 1478, -1
1363, 433, -1
1368, 433, -1
1601, 1139, -1
1601, 1177, -1
1623, 1139, -1
1623, 1177, -1
1601, 974, -1
1601, 823, -1
1601, 815, -1
1601, 866, -1
1623, 974, -1
1623, 823, -1
1623, 815, -1
1623, 866, -1
1601, 241, -1
1601, 274, -1
1623, 241, -1
1623, 274, -1
1601, 1363, -1
1601, 1368, -1
1623, 1363, -1
1623, 1368, -1
1601, 123, -1
1623, 123, -1
1601, 738, -1
1601, 681, -1
1601, 705, -1
1623, 738, -1
1623, 681, -1
1623, 705, -1
1601, 1478, -1
1623, 1478, -1
1601, 433, -1
1623, 433, -1
123, 1139, -1
123, 1177, -1
123, 974, -1
123, 823, -1
123, 815, -1
123, 866, -1
123, 241, -1
123, 274, -1
123, 1363, -1
123, 1368, -1
123, 1601, -1
123, 1623, -1
123, 738, -1
123, 681, -1
123, 705, -1
123, 1478, -1
123, 433, -1
738, 1139, -1
738, 1177, -1
681, 1139, -1
681, 1177, -1
705, 1139, -1
705, 1177, -1
738, 974, -1
738, 823, -1
738, 815, -1
738, 866, -1
681, 974, -1
681, 823, -1
681, 815, -1
681, 866, -1
705, 974, -1
705, 823, -1
705, 815, -1
705, 866, -1
738, 241, -1
738, 274, -1
681, 241, -1
681, 274, -1
705, 241, -1
705, 274, -1
738, 1363, -1
738, 1368, -1
681, 1363, -1
681, 1368, -1
705, 1363, -1
705, 1368, -1
738, 1601, -1
738, 1623, -1
681, 1601, -1
681, 1623, -1
705, 1601, -1
705, 1623, -1
738, 123, -1
681, 123, -1
705, 123, -1
738, 1478, -1
681, 1478, -1
705, 1478, -1
738, 433, -1
681, 433, -1
705, 433, -1
1478, 1139, -1
1478, 1177, -1
1478, 974, -1
1478, 823, -1
1478, 815, -1
1478, 866, -1
1478, 241, -1
1478, 274, -1
1478, 1363, -1
1478, 1368, -1
1478, 1601, -1
1478, 1623, -1
1478, 123, -1
1478, 738, -1
1478, 681, -1
1478, 705, -1
1478, 433, -1
433, 1139, -1
433, 1177, -1
433, 974, -1
433, 823, -1
433, 815, -1
433, 866, -1
433, 241, -1
433, 274, -1
433, 1363, -1
433, 1368, -1
433, 1601, -1
433, 1623, -1
433, 123, -1
433, 738, -1
433, 681, -1
433, 705, -1
433, 1478, -1

1139, 1177, 1
1139, 1042, 1
1139, 1130, 1
1177, 1139, 1
1177, 1042, 1
1177, 1130, 1
1042, 1139, 1
1042, 1177, 1
1042, 1130, 1
1130, 1139, 1
1130, 1177, 1
1130, 1042, 1
974, 823, 1
974, 815, 1
974, 866, 1
974, 802, 1
823, 974, 1
823, 815, 1
823, 866, 1
823, 802, 1
815, 974, 1
815, 823, 1
815, 866, 1
815, 802, 1
866, 974, 1
866, 823, 1
866, 815, 1
866, 802, 1
802, 974, 1
802, 823, 1
802, 815, 1
802, 866, 1
241, 274, 1
274, 241, 1
1363, 1368, 1
1368, 1363, 1
1601, 1623, 1
1623, 1601, 1
123, 59, 1
59, 123, 1
738, 681, 1
738, 705, 1
681, 738, 1
681, 705, 1
705, 738, 1
705, 681, 1
1139, 974, -1
1139, 823, -1
1139, 815, -1
1139, 866, -1
1139, 802, -1
1177, 974, -1
1177, 823, -1
1177, 815, -1
1177, 866, -1
1177, 802, -1
1042, 974, -1
1042, 823, -1
1042, 815, -1
1042, 866, -1
1042, 802, -1
1130, 974, -1
1130, 823, -1
1130, 815, -1
1130, 866, -1
1130, 802, -1
1139, 241, -1
1139, 274, -1
1177, 241, -1
1177, 274, -1
1042, 241, -1
1042, 274, -1
1130, 241, -1
1130, 274, -1
1139, 1363, -1
1139, 1368, -1
1177, 1363, -1
1177, 1368, -1
1042, 1363, -1
1042, 1368, -1
1130, 1363, -1
1130, 1368, -1
1139, 1601, -1
1139, 1623, -1
1177, 1601, -1
1177, 1623, -1
1042, 1601, -1
1042, 1623, -1
1130, 1601, -1
1130, 1623, -1
1139, 123, -1
1139, 59, -1
1177, 123, -1
1177, 59, -1
1042, 123, -1
1042, 59, -1
1130, 123, -1
1130, 59, -1
1139, 738, -1
1139, 681, -1
1139, 705, -1
1177, 738, -1
1177, 681, -1
1177, 705, -1
1042, 738, -1
1042, 681, -1
1042, 705, -1
1130, 738, -1
1130, 681, -1
1130, 705, -1
1139, 1478, -1
1177, 1478, -1
1042, 1478, -1
1130, 1478, -1
1139, 433, -1
1177, 433, -1
1042, 433, -1
1130, 433, -1
974, 1139, -1
974, 1177, -1
974, 1042, -1
974, 1130, -1
823, 1139, -1
823, 1177, -1
823, 1042, -1
823, 1130, -1
815, 1139, -1
815, 1177, -1
815, 1042, -1
815, 1130, -1
866, 1139, -1
866, 1177, -1
866, 1042, -1
866, 1130, -1
802, 1139, -1
802, 1177, -1
802, 1042, -1
802, 1130, -1
974, 241, -1
974, 274, -1
823, 241, -1
823, 274, -1
815, 241, -1
815, 274, -1
866, 241, -1
866, 274, -1
802, 241, -1
802, 274, -1
974, 1363, -1
974, 1368, -1
823, 1363, -1
823, 1368, -1
815, 1363, -1
815, 1368, -1
866, 1363, -1
866, 1368, -1
802, 1363, -1
802, 1368, -1
974, 1601, -1
974, 1623, -1
823, 1601, -1
823, 1623, -1
815, 1601, -1
815, 1623, -1
866, 1601, -1
866, 1623, -1
802, 1601, -1
802, 1623, -1
974, 123, -1
974, 59, -1
823, 123, -1
823, 59, -1
815, 123, -1
815, 59, -1
866, 123, -1
866, 59, -1
802, 123, -1
802, 59, -1
974, 738, -1
974, 681, -1
974, 705, -1
823, 738, -1
823, 681, -1
823, 705, -1
815, 738, -1
815, 681, -1
815, 705, -1
866, 738, -1
866, 681, -1
866, 705, -1
802, 738, -1
802, 681, -1
802, 705, -1
974, 1478, -1
823, 1478, -1
815, 1478, -1
866, 1478, -1
802, 1478, -1
974, 433, -1
823, 433, -1
815, 433, -1
866, 433, -1
802, 433, -1
241, 1139, -1
241, 1177, -1
241, 1042, -1
241, 1130, -1
274, 1139, -1
274, 1177, -1
274, 1042, -1
274, 1130, -1
241, 974, -1
241, 823, -1
241, 815, -1
241, 866, -1
241, 802, -1
274, 974, -1
274, 823, -1
274, 815, -1
274, 866, -1
274, 802, -1
241, 1363, -1
241, 1368, -1
274, 1363, -1
274, 1368, -1
241, 1601, -1
241, 1623, -1
274, 1601, -1
274, 1623, -1
241, 123, -1
241, 59, -1
274, 123, -1
274, 59, -1
241, 738, -1
241, 681, -1
241, 705, -1
274, 738, -1
274, 681, -1
274, 705, -1
241, 1478, -1
274, 1478, -1
241, 433, -1
274, 433, -1
1363, 1139, -1
1363, 1177, -1
1363, 1042, -1
1363, 1130, -1
1368, 1139, -1
1368, 1177, -1
1368, 1042, -1
1368, 1130, -1
1363, 974, -1
1363, 823, -1
1363, 815, -1
1363, 866, -1
1363, 802, -1
1368, 974, -1
1368, 823, -1
1368, 815, -1
1368, 866, -1
1368, 802, -1
1363, 241, -1
1363, 274, -1
1368, 241, -1
1368, 274, -1
1363, 1601, -1
1363, 1623, -1
1368, 1601, -1
1368, 1623, -1
1363, 123, -1
1363, 59, -1
1368, 123, -1
1368, 59, -1
1363, 738, -1
1363, 681, -1
1363, 705, -1
1368, 738, -1
1368, 681, -1
1368, 705, -1
1363, 1478, -1
1368, 1478, -1
1363, 433, -1
1368, 433, -1
1601, 1139, -1
1601, 1177, -1
1601, 1042, -1
1601, 1130, -1
1623, 1139, -1
1623, 1177, -1
1623, 1042, -1
1623, 1130, -1
1601, 974, -1
1601, 823, -1
1601, 815, -1
1601, 866, -1
1601, 802, -1
1623, 974, -1
1623, 823, -1
1623, 815, -1
1623, 866, -1
1623, 802, -1
1601, 241, -1
1601, 274, -1
1623, 241, -1
1623, 274, -1
1601, 1363, -1
1601, 1368, -1
1623, 1363, -1
1623, 1368, -1
1601, 123, -1
1601, 59, -1
1623, 123, -1
1623, 59, -1
1601, 738, -1
1601, 681, -1
1601, 705, -1
1623, 738, -1
1623, 681, -1
1623, 705, -1
1601, 1478, -1
1623, 1478, -1
1601, 433, -1
1623, 433, -1
123, 1139, -1
123, 1177, -1
123, 1042, -1
123, 1130, -1
59, 1139, -1
59, 1177, -1
59, 1042, -1
59, 1130, -1
123, 974, -1
123, 823, -1
123, 815, -1
123, 866, -1
123, 802, -1
59, 974, -1
59, 823, -1
59, 815, -1
59, 866, -1
59, 802, -1
123, 241, -1
123, 274, -1
59, 241, -1
59, 274, -1
123, 1363, -1
123, 1368, -1
59, 1363, -1
59, 1368, -1
123, 1601, -1
123, 1623, -1
59, 1601, -1
59, 1623, -1
123, 738, -1
123, 681, -1
123, 705, -1
59, 738, -1
59, 681, -1
59, 705, -1
123, 1478, -1
59, 1478, -1
123, 433, -1
59, 433, -1
738, 1139, -1
738, 1177, -1
738, 1042, -1
738, 1130, -1
681, 1139, -1
681, 1177, -1
681, 1042, -1
681, 1130, -1
705, 1139, -1
705, 1177, -1
705, 1042, -1
705, 1130, -1
738, 974, -1
738, 823, -1
738, 815, -1
738, 866, -1
738, 802, -1
681, 974, -1
681, 823, -1
681, 815, -1
681, 866, -1
681, 802, -1
705, 974, -1
705, 823, -1
705, 815, -1
705, 866, -1
705, 802, -1
738, 241, -1
738, 274, -1
681, 241, -1
681, 274, -1
705, 241, -1
705, 274, -1
738, 1363, -1
738, 1368, -1
681, 1363, -1
681, 1368, -1
705, 1363, -1
705, 1368, -1
738, 1601, -1
738, 1623, -1
681, 1601, -1
681, 1623, -1
705, 1601, -1
705, 1623, -1
738, 123, -1
738, 59, -1
681, 123, -1
681, 59, -1
705, 123, -1
705, 59, -1
738, 1478, -1
681, 1478, -1
705, 1478, -1
738, 433, -1
681, 433, -1
705, 433, -1
1478, 1139, -1
1478, 1177, -1
1478, 1042, -1
1478, 1130, -1
1478, 974, -1
1478, 823, -1
1478, 815, -1
1478, 866, -1
1478, 802, -1
1478, 241, -1
1478, 274, -1
1478, 1363, -1
1478, 1368, -1
1478, 1601, -1
1478, 1623, -1
1478, 123, -1
1478, 59, -1
1478, 738, -1
1478, 681, -1
1478, 705, -1
1478, 433, -1
433, 1139, -1
433, 1177, -1
433, 1042, -1
433, 1130, -1
433, 974, -1
433, 823, -1
433, 815, -1
433, 866, -1
433, 802, -1
433, 241, -1
433, 274, -1
433, 1363, -1
433, 1368, -1
433, 1601, -1
433, 1623, -1
433, 123, -1
433, 59, -1
433, 738, -1
433, 681, -1
433, 705, -1
433, 1478, -1

