377, 974, -1
377, 123, -1
377, 1180, -1
377, 1229, -1
974, 377, -1
974, 123, -1
974, 1180, -1
974, 1229, -1
123, 377, -1
123, 974, -1
123, 1180, -1
123, 1229, -1
1180, 377, -1
1180, 974, -1
1180, 123, -1
1180, 1229, -1
1229, 377, -1
1229, 974, -1
1229, 123, -1
1229, 1180, -1

974, 823, 1
823, 974, 1
377, 974, -1
377, 823, -1
377, 123, -1
377, 1180, -1
377, 1229, -1
377, 1601, -1
974, 377, -1
823, 377, -1
974, 123, -1
823, 123, -1
974, 1180, -1
823, 1180, -1
974, 1229, -1
823, 1229, -1
974, 1601, -1
823, 1601, -1
123, 377, -1
123, 974, -1
123, 823, -1
123, 1180, -1
123, 1229, -1
123, 1601, -1
1180, 377, -1
1180, 974, -1
1180, 823, -1
1180, 123, -1
1180, 1229, -1
1180, 1601, -1
1229, 377, -1
1229, 974, -1
1229, 823, -1
1229, 123, -1
1229, 1180, -1
1229, 1601, -1
1601, 377, -1
1601, 974, -1
1601, 823, -1
1601, 123, -1
1601, 1180, -1
1601, 1229, -1

974, 823, 1
823, 974, 1
377, 974, -1
377, 823, -1
377, 123, -1
377, 1180, -1
377, 1229, -1
377, 1601, -1
377, 1478, -1
974, 377, -1
823, 377, -1
974, 123, -1
823, 123, -1
974, 1180, -1
823, 1180, -1
974, 1229, -1
823, 1229, -1
974, 1601, -1
823, 1601, -1
974, 1478, -1
823, 1478, -1
123, 377, -1
123, 974, -1
123, 823, -1
123, 1180, -1
123, 1229, -1
123, 1601, -1
123, 1478, -1
1180, 377, -1
1180, 974, -1
1180, 823, -1
1180, 123, -1
1180, 1229, -1
1180, 1601, -1
1180, 1478, -1
1229, 377, -1
1229, 974, -1
1229, 823, -1
1229, 123, -1
1229, 1180, -1
1229, 1601, -1
1229, 1478, -1
1601, 377, -1
1601, 974, -1
1601, 823, -1
1601, 123, -1
1601, 1180, -1
1601, 1229, -1
1601, 1478, -1
1478, 377, -1
1478, 974, -1
1478, 823, -1
1478, 123, -1
1478, 1180, -1
1478, 1229, -1
1478, 1601, -1

974, 823, 1
823, 974, 1
377, 974, -1
377, 823, -1
377, 123, -1
377, 1180, -1
377, 1229, -1
377, 1601, -1
377, 1478, -1
377, 626, -1
974, 377, -1
823, 377, -1
974, 123, -1
823, 123, -1
974, 1180, -1
823, 1180, -1
974, 1229, -1
823, 1229, -1
974, 1601, -1
823, 1601, -1
974, 1478, -1
823, 1478, -1
974, 626, -1
823, 626, -1
123, 377, -1
123, 974, -1
123, 823, -1
123, 1180, -1
123, 1229, -1
123, 1601, -1
123, 1478, -1
123, 626, -1
1180, 377, -1
1180, 974, -1
1180, 823, -1
1180, 123, -1
1180, 1229, -1
1180, 1601, -1
1180, 1478, -1
1180, 626, -1
1229, 377, -1
1229, 974, -1
1229, 823, -1
1229, 123, -1
1229, 1180, -1
1229, 1601, -1
1229, 1478, -1
1229, 626, -1
1601, 377, -1
1601, 974, -1
1601, 823, -1
1601, 123, -1
1601, 1180, -1
1601, 1229, -1
1601, 1478, -1
1601, 626, -1
1478, 377, -1
1478, 974, -1
1478, 823, -1
1478, 123, -1
1478, 1180, -1
1478, 1229, -1
1478, 1601, -1
1478, 626, -1
626, 377, -1
626, 974, -1
626, 823, -1
626, 123, -1
626, 1180, -1
626, 1229, -1
626, 1601, -1
626, 1478, -1

974, 823, 1
823, 974, 1
626, 627, 1
627, 626, 1
377, 974, -1
377, 823, -1
377, 123, -1
377, 1180, -1
377, 1229, -1
377, 1601, -1
377, 1478, -1
377, 626, -1
377, 627, -1
974, 377, -1
823, 377, -1
974, 123, -1
823, 123, -1
974, 1180, -1
823, 1180, -1
974, 1229, -1
823, 1229, -1
974, 1601, -1
823, 1601, -1
974, 1478, -1
823, 1478, -1
974, 626, -1
974, 627, -1
823, 626, -1
823, 627, -1
123, 377, -1
123, 974, -1
123, 823, -1
123, 1180, -1
123, 1229, -1
123, 1601, -1
123, 1478, -1
123, 626, -1
123, 627, -1
1180, 377, -1
1180, 974, -1
1180, 823, -1
1180, 123, -1
1180, 1229, -1
1180, 1601, -1
1180, 1478, -1
1180, 626, -1
1180, 627, -1
1229, 377, -1
1229, 974, -1
1229, 823, -1
1229, 123, -1
1229, 1180, -1
1229, 1601, -1
1229, 1478, -1
1229, 626, -1
1229, 627, -1
1601, 377, -1
1601, 974, -1
1601, 823, -1
1601, 123, -1
1601, 1180, -1
1601, 1229, -1
1601, 1478, -1
1601, 626, -1
1601, 627, -1
1478, 377, -1
1478, 974, -1
1478, 823, -1
1478, 123, -1
1478, 1180, -1
1478, 1229, -1
1478, 1601, -1
1478, 626, -1
1478, 627, -1
626, 377, -1
627, 377, -1
626, 974, -1
626, 823, -1
627, 974, -1
627, 823, -1
626, 123, -1
627, 123, -1
626, 1180, -1
627, 1180, -1
626, 1229, -1
627, 1229, -1
626, 1601, -1
627, 1601, -1
626, 1478, -1
627, 1478, -1

377, 334, 1
334, 377, 1
974, 823, 1
974, 815, 1
823, 974, 1
823, 815, 1
815, 974, 1
815, 823, 1
1229, 1368, 1
1368, 1229, 1
626, 627, 1
627, 626, 1
377, 974, -1
377, 823, -1
377, 815, -1
334, 974, -1
334, 823, -1
334, 815, -1
377, 123, -1
334, 123, -1
377, 1180, -1
334, 1180, -1
377, 1229, -1
377, 1368, -1
334, 1229, -1
334, 1368, -1
377, 1601, -1
334, 1601, -1
377, 1478, -1
334, 1478, -1
377, 626, -1
377, 627, -1
334, 626, -1
334, 627, -1
974, 377, -1
974, 334, -1
823, 377, -1
823, 334, -1
815, 377, -1
815, 334, -1
974, 123, -1
823, 123, -1
815, 123, -1
974, 1180, -1
823, 1180, -1
815, 1180, -1
974, 1229, -1
974, 1368, -1
823, 1229, -1
823, 1368, -1
815, 1229, -1
815, 1368, -1
974, 1601, -1
823, 1601, -1
815, 1601, -1
974, 1478, -1
823, 1478, -1
815, 1478, -1
974, 626, -1
974, 627, -1
823, 626, -1
823, 627, -1
815, 626, -1
815, 627, -1
123, 377, -1
123, 334, -1
123, 974, -1
123, 823, -1
123, 815, -1
123, 1180, -1
123, 1229, -1
123, 1368, -1
123, 1601, -1
123, 1478, -1
123, 626, -1
123, 627, -1
1180, 377, -1
1180, 334, -1
1180, 974, -1
1180, 823, -1
1180, 815, -1
1180, 123, -1
1180, 1229, -1
1180, 1368, -1
1180, 1601, -1
1180, 1478, -1
1180, 626, -1
1180, 627, -1
1229, 377, -1
1229, 334, -1
1368, 377, -1
1368, 334, -1
1229, 974, -1
1229, 823, -1
1229, 815, -1
1368, 974, -1
1368, 823, -1
1368, 815, -1
1229, 123, -1
1368, 123, -1
1229, 1180, -1
1368, 1180, -1
1229, 1601, -1
1368, 1601, -1
1229, 1478, -1
1368, 1478, -1
1229, 626, -1
1229, 627, -1
1368, 626, -1
1368, 627, -1
1601, 377, -1
1601, 334, -1
1601, 974, -1
1601, 823, -1
1601, 815, -1
1601, 123, -1
1601, 1180, -1
1601, 1229, -1
1601, 1368, -1
1601, 1478, -1
1601, 626, -1
1601, 627, -1
1478, 377, -1
1478, 334, -1
1478, 974, -1
1478, 823, -1
1478, 815, -1
1478, 123, -1
1478, 1180, -1
1478, 1229, -1
1478, 1368, -1
1478, 1601, -1
1478, 626, -1
1478, 627, -1
626, 377, -1
626, 334, -1
627, 377, -1
627, 334, -1
626, 974, -1
626, 823, -1
626, 815, -1
627, 974, -1
627, 823, -1
627, 815, -1
626, 123, -1
627, 123, -1
626, 1180, -1
627, 1180, -1
626, 1229, -1
626, 1368, -1
627, 1229, -1
627, 1368, -1
626, 1601, -1
627, 1601, -1
626, 1478, -1
627, 1478, -1

377, 334, 1
334, 377, 1
974, 823, 1
974, 815, 1
823, 974, 1
823, 815, 1
815, 974, 1
815, 823, 1
1180, 1095, 1
1095, 1180, 1
1229, 1368, 1
1368, 1229, 1
626, 627, 1
627, 626, 1
377, 974, -1
377, 823, -1
377, 815, -1
334, 974, -1
334, 823, -1
334, 815, -1
377, 123, -1
334, 123, -1
377, 1180, -1
377, 1095, -1
334, 1180, -1
334, 1095, -1
377, 1229, -1
377, 1368, -1
334, 1229, -1
334, 1368, -1
377, 1601, -1
334, 1601, -1
377, 1478, -1
334, 1478, -1
377, 626, -1
377, 627, -1
334, 626, -1
334, 627, -1
974, 377, -1
974, 334, -1
823, 377, -1
823, 334, -1
815, 377, -1
815, 334, -1
974, 123, -1
823, 123, -1
815, 123, -1
974, 1180, -1
974, 1095, -1
823, 1180, -1
823, 1095, -1
815, 1180, -1
815, 1095, -1
974, 1229, -1
974, 1368, -1
823, 1229, -1
823, 1368, -1
815, 1229, -1
815, 1368, -1
974, 1601, -1
823, 1601, -1
815, 1601, -1
974, 1478, -1
823, 1478, -1
815, 1478, -1
974, 626, -1
974, 627, -1
823, 626, -1
823, 627, -1
815, 626, -1
815, 627, -1
123, 377, -1
123, 334, -1
123, 974, -1
123, 823, -1
123, 815, -1
123, 1180, -1
123, 1095, -1
123, 1229, -1
123, 1368, -1
123, 1601, -1
123, 1478, -1
123, 626, -1
123, 627, -1
1180, 377, -1
1180, 334, -1
1095, 377, -1
1095, 334, -1
1180, 974, -1
1180, 823, -1
1180, 815, -1
1095, 974, -1
1095, 823, -1
1095, 815, -1
1180, 123, -1
1095, 123, -1
1180, 1229, -1
1180, 1368, -1
1095, 1229, -1
1095, 1368, -1
1180, 1601, -1
1095, 1601, -1
1180, 1478, -1
1095, 1478, -1
1180, 626, -1
1180, 627, -1
1095, 626, -1
1095, 627, -1
1229, 377, -1
1229, 334, -1
1368, 377, -1
1368, 334, -1
1229, 974, -1
1229, 823, -1
1229, 815, -1
1368, 974, -1
1368, 823, -1
1368, 815, -1
1229, 123, -1
1368, 123, -1
1229, 1180, -1
1229, 1095, -1
1368, 1180, -1
1368, 1095, -1
1229, 1601, -1
1368, 1601, -1
1229, 1478, -1
1368, 1478, -1
1229, 626, -1
1229, 627, -1
1368, 626, -1
1368, 627, -1
1601, 377, -1
1601, 334, -1
1601, 974, -1
1601, 823, -1
1601, 815, -1
1601, 123, -1
1601, 1180, -1
1601, 1095, -1
1601, 1229, -1
1601, 1368, -1
1601, 1478, -1
1601, 626, -1
1601, 627, -1
1478, 377, -1
1478, 334, -1
1478, 974, -1
1478, 823, -1
1478, 815, -1
1478, 123, -1
1478, 1180, -1
1478, 1095, -1
1478, 1229, -1
1478, 1368, -1
1478, 1601, -1
1478, 626, -1
1478, 627, -1
626, 377, -1
626, 334, -1
627, 377, -1
627, 334, -1
626, 974, -1
626, 823, -1
626, 815, -1
627, 974, -1
627, 823, -1
627, 815, -1
626, 123, -1
627, 123, -1
626, 1180, -1
626, 1095, -1
627, 1180, -1
627, 1095, -1
626, 1229, -1
626, 1368, -1
627, 1229, -1
627, 1368, -1
626, 1601, -1
627, 1601, -1
626, 1478, -1
627, 1478, -1

377, 334, 1
334, 377, 1
974, 823, 1
974, 815, 1
823, 974, 1
823, 815, 1
815, 974, 1
815, 823, 1
1180, 1095, 1
1095, 1180, 1
1229, 1368, 1
1368, 1229, 1
626, 627, 1
626, 681, 1
627, 626, 1
627, 681, 1
681, 626, 1
681, 627, 1
377, 974, -1
377, 823, -1
377, 815, -1
334, 974, -1
334, 823, -1
334, 815, -1
377, 123, -1
334, 123, -1
377, 1180, -1
377, 1095, -1
334, 1180, -1
334, 1095, -1
377, 1229, -1
377, 1368, -1
334, 1229, -1
334, 1368, -1
377, 1601, -1
334, 1601, -1
377, 1478, -1
334, 1478, -1
377, 626, -1
377, 627, -1
377, 681, -1
334, 626, -1
334, 627, -1
334, 681, -1
974, 377, -1
974, 334, -1
823, 377, -1
823, 334, -1
815, 377, -1
815, 334, -1
974, 123, -1
823, 123, -1
815, 123, -1
974, 1180, -1
974, 1095, -1
823, 1180, -1
823, 1095, -1
815, 1180, -1
815, 1095, -1
974, 1229, -1
974, 1368, -1
823, 1229, -1
823, 1368, -1
815, 1229, -1
815, 1368, -1
974, 1601, -1
823, 1601, -1
815, 1601, -1
974, 1478, -1
823, 1478, -1
815, 1478, -1
974, 626, -1
974, 627, -1
974, 681, -1
823, 626, -1
823, 627, -1
823, 681, -1
815, 626, -1
815, 627, -1
815, 681, -1
123, 377, -1
123, 334, -1
123, 974, -1
123, 823, -1
123, 815, -1
123, 1180, -1
123, 1095, -1
123, 1229, -1
123, 1368, -1
123, 1601, -1
123, 1478, -1
123, 626, -1
123, 627, -1
123, 681, -1
1180, 377, -1
1180, 334, -1
1095, 377, -1
1095, 334, -1
1180, 974, -1
1180, 823, -1
1180, 815, -1
1095, 974, -1
1095, 823, -1
1095, 815, -1
1180, 123, -1
1095, 123, -1
1180, 1229, -1
1180, 1368, -1
1095, 1229, -1
1095, 1368, -1
1180, 1601, -1
1095, 1601, -1
1180, 1478, -1
1095, 1478, -1
1180, 626, -1
1180, 627, -1
1180, 681, -1
1095, 626, -1
1095, 627, -1
1095, 681, -1
1229, 377, -1
1229, 334, -1
1368, 377, -1
1368, 334, -1
1229, 974, -1
1229, 823, -1
1229, 815, -1
1368, 974, -1
1368, 823, -1
1368, 815, -1
1229, 123, -1
1368, 123, -1
1229, 1180, -1
1229, 1095, -1
1368, 1180, -1
1368, 1095, -1
1229, 1601, -1
1368, 1601, -1
1229, 1478, -1
1368, 1478, -1
1229, 626, -1
1229, 627, -1
1229, 681, -1
1368, 626, -1
1368, 627, -1
1368, 681, -1
1601, 377, -1
1601, 334, -1
1601, 974, -1
1601, 823, -1
1601, 815, -1
1601, 123, -1
1601, 1180, -1
1601, 1095, -1
1601, 1229, -1
1601, 1368, -1
1601, 1478, -1
1601, 626, -1
1601, 627, -1
1601, 681, -1
1478, 377, -1
1478, 334, -1
1478, 974, -1
1478, 823, -1
1478, 815, -1
1478, 123, -1
1478, 1180, -1
1478, 1095, -1
1478, 1229, -1
1478, 1368, -1
1478, 1601, -1
1478, 626, -1
1478, 627, -1
1478, 681, -1
626, 377, -1
626, 334, -1
627, 377, -1
627, 334, -1
681, 377, -1
681, 334, -1
626, 974, -1
626, 823, -1
626, 815, -1
627, 974, -1
627, 823, -1
627, 815, -1
681, 974, -1
681, 823, -1
681, 815, -1
626, 123, -1
627, 123, -1
681, 123, -1
626, 1180, -1
626, 1095, -1
627, 1180, -1
627, 1095, -1
681, 1180, -1
681, 1095, -1
626, 1229, -1
626, 1368, -1
627, 1229, -1
627, 1368, -1
681, 1229, -1
681, 1368, -1
626, 1601, -1
627, 1601, -1
681, 1601, -1
626, 1478, -1
627, 1478, -1
681, 1478, -1

377, 334, 1
334, 377, 1
974, 823, 1
974, 815, 1
974, 985, 1
823, 974, 1
823, 815, 1
823, 985, 1
815, 974, 1
815, 823, 1
815, 985, 1
985, 974, 1
985, 823, 1
985, 815, 1
123, 59, 1
59, 123, 1
1180, 1095, 1
1180, 1130, 1
1095, 1180, 1
1095, 1130, 1
1130, 1180, 1
1130, 1095, 1
1229, 1368, 1
1368, 1229, 1
626, 627, 1
626, 681, 1
627, 626, 1
627, 681, 1
681, 626, 1
681, 627, 1
377, 974, -1
377, 823, -1
377, 815, -1
377, 985, -1
334, 974, -1
334, 823, -1
334, 815, -1
334, 985, -1
377, 123, -1
377, 59, -1
334, 123, -1
334, 59, -1
377, 1180, -1
377, 1095, -1
377, 1130, -1
334, 1180, -1
334, 1095, -1
334, 1130, -1
377, 1229, -1
377, 1368, -1
334, 1229, -1
334, 1368, -1
377, 1601, -1
334, 1601, -1
377, 1478, -1
334, 1478, -1
377, 626, -1
377, 627, -1
377, 681, -1
334, 626, -1
334, 627, -1
334, 681, -1
974, 377, -1
974, 334, -1
823, 377, -1
823, 334, -1
815, 377, -1
815, 334, -1
985, 377, -1
985, 334, -1
974, 123, -1
974, 59, -1
823, 123, -1
823, 59, -1
815, 123, -1
815, 59, -1
985, 123, -1
985, 59, -1
974, 1180, -1
974, 1095, -1
974, 1130, -1
823, 1180, -1
823, 1095, -1
823, 1130, -1
815, 1180, -1
815, 1095, -1
815, 1130, -1
985, 1180, -1
985, 1095, -1
985, 1130, -1
974, 1229, -1
974, 1368, -1
823, 1229, -1
823, 1368, -1
815, 1229, -1
815, 1368, -1
985, 1229, -1
985, 1368, -1
974, 1601, -1
823, 1601, -1
815, 1601, -1
985, 1601, -1
974, 1478, -1
823, 1478, -1
815, 1478, -1
985, 1478, -1
974, 626, -1
974, 627, -1
974, 681, -1
823, 626, -1
823, 627, -1
823, 681, -1
815, 626, -1
815, 627, -1
815, 681, -1
985, 626, -1
985, 627, -1
985, 681, -1
123, 377, -1
123, 334, -1
59, 377, -1
59, 334, -1
123, 974, -1
123, 823, -1
123, 815, -1
123, 985, -1
59, 974, -1
59, 823, -1
59, 815, -1
59, 985, -1
123, 1180, -1
123, 1095, -1
123, 1130, -1
59, 1180, -1
59, 1095, -1
59, 1130, -1
123, 1229, -1
123, 1368, -1
59, 1229, -1
59, 1368, -1
123, 1601, -1
59, 1601, -1
123, 1478, -1
59, 1478, -1
123, 626, -1
123, 627, -1
123, 681, -1
59, 626, -1
59, 627, -1
59, 681, -1
1180, 377, -1
1180, 334, -1
1095, 377, -1
1095, 334, -1
1130, 377, -1
1130, 334, -1
1180, 974, -1
1180, 823, -1
1180, 815, -1
1180, 985, -1
1095, 974, -1
1095, 823, -1
1095, 815, -1
1095, 985, -1
1130, 974, -1
1130, 823, -1
1130, 815, -1
1130, 985, -1
1180, 123, -1
1180, 59, -1
1095, 123, -1
1095, 59, -1
1130, 123, -1
1130, 59, -1
1180, 1229, -1
1180, 1368, -1
1095, 1229, -1
1095, 1368, -1
1130, 1229, -1
1130, 1368, -1
1180, 1601, -1
1095, 1601, -1
1130, 1601, -1
1180, 1478, -1
1095, 1478, -1
1130, 1478, -1
1180, 626, -1
1180, 627, -1
1180, 681, -1
1095, 626, -1
1095, 627, -1
1095, 681, -1
1130, 626, -1
1130, 627, -1
1130, 681, -1
1229, 377, -1
1229, 334, -1
1368, 377, -1
1368, 334, -1
1229, 974, -1
1229, 823, -1
1229, 815, -1
1229, 985, -1
1368, 974, -1
1368, 823, -1
1368, 815, -1
1368, 985, -1
1229, 123, -1
1229, 59, -1
1368, 123, -1
1368, 59, -1
1229, 1180, -1
1229, 1095, -1
1229, 1130, -1
1368, 1180, -1
1368, 1095, -1
1368, 1130, -1
1229, 1601, -1
1368, 1601, -1
1229, 1478, -1
1368, 1478, -1
1229, 626, -1
1229, 627, -1
1229, 681, -1
1368, 626, -1
1368, 627, -1
1368, 681, -1
1601, 377, -1
1601, 334, -1
1601, 974, -1
1601, 823, -1
1601, 815, -1
1601, 985, -1
1601, 123, -1
1601, 59, -1
1601, 1180, -1
1601, 1095, -1
1601, 1130, -1
1601, 1229, -1
1601, 1368, -1
1601, 1478, -1
1601, 626, -1
1601, 627, -1
1601, 681, -1
1478, 377, -1
1478, 334, -1
1478, 974, -1
1478, 823, -1
1478, 815, -1
1478, 985, -1
1478, 123, -1
1478, 59, -1
1478, 1180, -1
1478, 1095, -1
1478, 1130, -1
1478, 1229, -1
1478, 1368, -1
1478, 1601, -1
1478, 626, -1
1478, 627, -1
1478, 681, -1
626, 377, -1
626, 334, -1
627, 377, -1
627, 334, -1
681, 377, -1
681, 334, -1
626, 974, -1
626, 823, -1
626, 815, -1
626, 985, -1
627, 974, -1
627, 823, -1
627, 815, -1
627, 985, -1
681, 974, -1
681, 823, -1
681, 815, -1
681, 985, -1
626, 123, -1
626, 59, -1
627, 123, -1
627, 59, -1
681, 123, -1
681, 59, -1
626, 1180, -1
626, 1095, -1
626, 1130, -1
627, 1180, -1
627, 1095, -1
627, 1130, -1
681, 1180, -1
681, 1095, -1
681, 1130, -1
626, 1229, -1
626, 1368, -1
627, 1229, -1
627, 1368, -1
681, 1229, -1
681, 1368, -1
626, 1601, -1
627, 1601, -1
681, 1601, -1
626, 1478, -1
627, 1478, -1
681, 1478, -1

377, 334, 1
334, 377, 1
974, 823, 1
974, 815, 1
974, 985, 1
823, 974, 1
823, 815, 1
823, 985, 1
815, 974, 1
815, 823, 1
815, 985, 1
985, 974, 1
985, 823, 1
985, 815, 1
123, 59, 1
59, 123, 1
1180, 1095, 1
1180, 1130, 1
1095, 1180, 1
1095, 1130, 1
1130, 1180, 1
1130, 1095, 1
1229, 1368, 1
1368, 1229, 1
626, 627, 1
626, 681, 1
627, 626, 1
627, 681, 1
681, 626, 1
681, 627, 1
377, 974, -1
377, 823, -1
377, 815, -1
377, 985, -1
334, 974, -1
334, 823, -1
334, 815, -1
334, 985, -1
377, 123, -1
377, 59, -1
334, 123, -1
334, 59, -1
377, 1180, -1
377, 1095, -1
377, 1130, -1
334, 1180, -1
334, 1095, -1
334, 1130, -1
377, 1229, -1
377, 1368, -1
334, 1229, -1
334, 1368, -1
377, 1601, -1
334, 1601, -1
377, 1478, -1
334, 1478, -1
377, 626, -1
377, 627, -1
377, 681, -1
334, 626, -1
334, 627, -1
334, 681, -1
377, 466, -1
334, 466, -1
974, 377, -1
974, 334, -1
823, 377, -1
823, 334, -1
815, 377, -1
815, 334, -1
985, 377, -1
985, 334, -1
974, 123, -1
974, 59, -1
823, 123, -1
823, 59, -1
815, 123, -1
815, 59, -1
985, 123, -1
985, 59, -1
974, 1180, -1
974, 1095, -1
974, 1130, -1
823, 1180, -1
823, 1095, -1
823, 1130, -1
815, 1180, -1
815, 1095, -1
815, 1130, -1
985, 1180, -1
985, 1095, -1
985, 1130, -1
974, 1229, -1
974, 1368, -1
823, 1229, -1
823, 1368, -1
815, 1229, -1
815, 1368, -1
985, 1229, -1
985, 1368, -1
974, 1601, -1
823, 1601, -1
815, 1601, -1
985, 1601, -1
974, 1478, -1
823, 1478, -1
815, 1478, -1
985, 1478, -1
974, 626, -1
974, 627, -1
974, 681, -1
823, 626, -1
823, 627, -1
823, 681, -1
815, 626, -1
815, 627, -1
815, 681, -1
985, 626, -1
985, 627, -1
985, 681, -1
974, 466, -1
823, 466, -1
815, 466, -1
985, 466, -1
123, 377, -1
123, 334, -1
59, 377, -1
59, 334, -1
123, 974, -1
123, 823, -1
123, 815, -1
123, 985, -1
59, 974, -1
59, 823, -1
59, 815, -1
59, 985, -1
123, 1180, -1
123, 1095, -1
123, 1130, -1
59, 1180, -1
59, 1095, -1
59, 1130, -1
123, 1229, -1
123, 1368, -1
59, 1229, -1
59, 1368, -1
123, 1601, -1
59, 1601, -1
123, 1478, -1
59, 1478, -1
123, 626, -1
123, 627, -1
123, 681, -1
59, 626, -1
59, 627, -1
59, 681, -1
123, 466, -1
59, 466, -1
1180, 377, -1
1180, 334, -1
1095, 377, -1
1095, 334, -1
1130, 377, -1
1130, 334, -1
1180, 974, -1
1180, 823, -1
1180, 815, -1
1180, 985, -1
1095, 974, -1
1095, 823, -1
1095, 815, -1
1095, 985, -1
1130, 974, -1
1130, 823, -1
1130, 815, -1
1130, 985, -1
1180, 123, -1
1180, 59, -1
1095, 123, -1
1095, 59, -1
1130, 123, -1
1130, 59, -1
1180, 1229, -1
1180, 1368, -1
1095, 1229, -1
1095, 1368, -1
1130, 1229, -1
1130, 1368, -1
1180, 1601, -1
1095, 1601, -1
1130, 1601, -1
1180, 1478, -1
1095, 1478, -1
1130, 1478, -1
1180, 626, -1
1180, 627, -1
1180, 681, -1
1095, 626, -1
1095, 627, -1
1095, 681, -1
1130, 626, -1
1130, 627, -1
1130, 681, -1
1180, 466, -1
1095, 466, -1
1130, 466, -1
1229, 377, -1
1229, 334, -1
1368, 377, -1
1368, 334, -1
1229, 974, -1
1229, 823, -1
1229, 815, -1
1229, 985, -1
1368, 974, -1
1368, 823, -1
1368, 815, -1
1368, 985, -1
1229, 123, -1
1229, 59, -1
1368, 123, -1
1368, 59, -1
1229, 1180, -1
1229, 1095, -1
1229, 1130, -1
1368, 1180, -1
1368, 1095, -1
1368, 1130, -1
1229, 1601, -1
1368, 1601, -1
1229, 1478, -1
1368, 1478, -1
1229, 626, -1
1229, 627, -1
1229, 681, -1
1368, 626, -1
1368, 627, -1
1368, 681, -1
1229, 466, -1
1368, 466, -1
1601, 377, -1
1601, 334, -1
1601, 974, -1
1601, 823, -1
1601, 815, -1
1601, 985, -1
1601, 123, -1
1601, 59, -1
1601, 1180, -1
1601, 1095, -1
1601, 1130, -1
1601, 1229, -1
1601, 1368, -1
1601, 1478, -1
1601, 626, -1
1601, 627, -1
1601, 681, -1
1601, 466, -1
1478, 377, -1
1478, 334, -1
1478, 974, -1
1478, 823, -1
1478, 815, -1
1478, 985, -1
1478, 123, -1
1478, 59, -1
1478, 1180, -1
1478, 1095, -1
1478, 1130, -1
1478, 1229, -1
1478, 1368, -1
1478, 1601, -1
1478, 626, -1
1478, 627, -1
1478, 681, -1
1478, 466, -1
626, 377, -1
626, 334, -1
627, 377, -1
627, 334, -1
681, 377, -1
681, 334, -1
626, 974, -1
626, 823, -1
626, 815, -1
626, 985, -1
627, 974, -1
627, 823, -1
627, 815, -1
627, 985, -1
681, 974, -1
681, 823, -1
681, 815, -1
681, 985, -1
626, 123, -1
626, 59, -1
627, 123, -1
627, 59, -1
681, 123, -1
681, 59, -1
626, 1180, -1
626, 1095, -1
626, 1130, -1
627, 1180, -1
627, 1095, -1
627, 1130, -1
681, 1180, -1
681, 1095, -1
681, 1130, -1
626, 1229, -1
626, 1368, -1
627, 1229, -1
627, 1368, -1
681, 1229, -1
681, 1368, -1
626, 1601, -1
627, 1601, -1
681, 1601, -1
626, 1478, -1
627, 1478, -1
681, 1478, -1
626, 466, -1
627, 466, -1
681, 466, -1
466, 377, -1
466, 334, -1
466, 974, -1
466, 823, -1
466, 815, -1
466, 985, -1
466, 123, -1
466, 59, -1
466, 1180, -1
466, 1095, -1
466, 1130, -1
466, 1229, -1
466, 1368, -1
466, 1601, -1
466, 1478, -1
466, 626, -1
466, 627, -1
466, 681, -1

