535, 974, -1
535, 123, -1
535, 1171, -1
535, 1601, -1
974, 535, -1
974, 123, -1
974, 1171, -1
974, 1601, -1
123, 535, -1
123, 974, -1
123, 1171, -1
123, 1601, -1
1171, 535, -1
1171, 974, -1
1171, 123, -1
1171, 1601, -1
1601, 535, -1
1601, 974, -1
1601, 123, -1
1601, 1171, -1

974, 823, 1
823, 974, 1
535, 974, -1
535, 823, -1
535, 123, -1
535, 1171, -1
535, 1601, -1
535, 1379, -1
974, 535, -1
823, 535, -1
974, 123, -1
823, 123, -1
974, 1171, -1
823, 1171, -1
974, 1601, -1
823, 1601, -1
974, 1379, -1
823, 1379, -1
123, 535, -1
123, 974, -1
123, 823, -1
123, 1171, -1
123, 1601, -1
123, 1379, -1
1171, 535, -1
1171, 974, -1
1171, 823, -1
1171, 123, -1
1171, 1601, -1
1171, 1379, -1
1601, 535, -1
1601, 974, -1
1601, 823, -1
1601, 123, -1
1601, 1171, -1
1601, 1379, -1
1379, 535, -1
1379, 974, -1
1379, 823, -1
1379, 123, -1
1379, 1171, -1
1379, 1601, -1

974, 823, 1
823, 974, 1
1171, 1042, 1
1171, 1126, 1
1042, 1171, 1
1042, 1126, 1
1126, 1171, 1
1126, 1042, 1
535, 974, -1
535, 823, -1
535, 123, -1
535, 1171, -1
535, 1042, -1
535, 1126, -1
535, 1601, -1
535, 1379, -1
974, 535, -1
823, 535, -1
974, 123, -1
823, 123, -1
974, 1171, -1
974, 1042, -1
974, 1126, -1
823, 1171, -1
823, 1042, -1
823, 1126, -1
974, 1601, -1
823, 1601, -1
974, 1379, -1
823, 1379, -1
123, 535, -1
123, 974, -1
123, 823, -1
123, 1171, -1
123, 1042, -1
123, 1126, -1
123, 1601, -1
123, 1379, -1
1171, 535, -1
1042, 535, -1
1126, 535, -1
1171, 974, -1
1171, 823, -1
1042, 974, -1
1042, 823, -1
1126, 974, -1
1126, 823, -1
1171, 123, -1
1042, 123, -1
1126, 123, -1
1171, 1601, -1
1042, 1601, -1
1126, 1601, -1
1171, 1379, -1
1042, 1379, -1
1126, 1379, -1
1601, 535, -1
1601, 974, -1
1601, 823, -1
1601, 123, -1
1601, 1171, -1
1601, 1042, -1
1601, 1126, -1
1601, 1379, -1
1379, 535, -1
1379, 974, -1
1379, 823, -1
1379, 123, -1
1379, 1171, -1
1379, 1042, -1
1379, 1126, -1
1379, 1601, -1

974, 823, 1
974, 980, 1
823, 974, 1
823, 980, 1
980, 974, 1
980, 823, 1
1171, 1042, 1
1171, 1126, 1
1042, 1171, 1
1042, 1126, 1
1126, 1171, 1
1126, 1042, 1
535, 974, -1
535, 823, -1
535, 980, -1
535, 123, -1
535, 1171, -1
535, 1042, -1
535, 1126, -1
535, 1601, -1
535, 1379, -1
535, 1882, -1
974, 535, -1
823, 535, -1
980, 535, -1
974, 123, -1
823, 123, -1
980, 123, -1
974, 1171, -1
974, 1042, -1
974, 1126, -1
823, 1171, -1
823, 1042, -1
823, 1126, -1
980, 1171, -1
980, 1042, -1
980, 1126, -1
974, 1601, -1
823, 1601, -1
980, 1601, -1
974, 1379, -1
823, 1379, -1
980, 1379, -1
974, 1882, -1
823, 1882, -1
980, 1882, -1
123, 535, -1
123, 974, -1
123, 823, -1
123, 980, -1
123, 1171, -1
123, 1042, -1
123, 1126, -1
123, 1601, -1
123, 1379, -1
123, 1882, -1
1171, 535, -1
1042, 535, -1
1126, 535, -1
1171, 974, -1
1171, 823, -1
1171, 980, -1
1042, 974, -1
1042, 823, -1
1042, 980, -1
1126, 974, -1
1126, 823, -1
1126, 980, -1
1171, 123, -1
1042, 123, -1
1126, 123, -1
1171, 1601, -1
1042, 1601, -1
1126, 1601, -1
1171, 1379, -1
1042, 1379, -1
1126, 1379, -1
1171, 1882, -1
1042, 1882, -1
1126, 1882, -1
1601, 535, -1
1601, 974, -1
1601, 823, -1
1601, 980, -1
1601, 123, -1
1601, 1171, -1
1601, 1042, -1
1601, 1126, -1
1601, 1379, -1
1601, 1882, -1
1379, 535, -1
1379, 974, -1
1379, 823, -1
1379, 980, -1
1379, 123, -1
1379, 1171, -1
1379, 1042, -1
1379, 1126, -1
1379, 1601, -1
1379, 1882, -1
1882, 535, -1
1882, 974, -1
1882, 823, -1
1882, 980, -1
1882, 123, -1
1882, 1171, -1
1882, 1042, -1
1882, 1126, -1
1882, 1601, -1
1882, 1379, -1

974, 823, 1
974, 980, 1
823, 974, 1
823, 980, 1
980, 974, 1
980, 823, 1
1171, 1042, 1
1171, 1126, 1
1042, 1171, 1
1042, 1126, 1
1126, 1171, 1
1126, 1042, 1
535, 974, -1
535, 823, -1
535, 980, -1
535, 123, -1
535, 1171, -1
535, 1042, -1
535, 1126, -1
535, 1601, -1
535, 1379, -1
535, 1882, -1
535, 241, -1
974, 535, -1
823, 535, -1
980, 535, -1
974, 123, -1
823, 123, -1
980, 123, -1
974, 1171, -1
974, 1042, -1
974, 1126, -1
823, 1171, -1
823, 1042, -1
823, 1126, -1
980, 1171, -1
980, 1042, -1
980, 1126, -1
974, 1601, -1
823, 1601, -1
980, 1601, -1
974, 1379, -1
823, 1379, -1
980, 1379, -1
974, 1882, -1
823, 1882, -1
980, 1882, -1
974, 241, -1
823, 241, -1
980, 241, -1
123, 535, -1
123, 974, -1
123, 823, -1
123, 980, -1
123, 1171, -1
123, 1042, -1
123, 1126, -1
123, 1601, -1
123, 1379, -1
123, 1882, -1
123, 241, -1
1171, 535, -1
1042, 535, -1
1126, 535, -1
1171, 974, -1
1171, 823, -1
1171, 980, -1
1042, 974, -1
1042, 823, -1
1042, 980, -1
1126, 974, -1
1126, 823, -1
1126, 980, -1
1171, 123, -1
1042, 123, -1
1126, 123, -1
1171, 1601, -1
1042, 1601, -1
1126, 1601, -1
1171, 1379, -1
1042, 1379, -1
1126, 1379, -1
1171, 1882, -1
1042, 1882, -1
1126, 1882, -1
1171, 241, -1
1042, 241, -1
1126, 241, -1
1601, 535, -1
1601, 974, -1
1601, 823, -1
1601, 980, -1
1601, 123, -1
1601, 1171, -1
1601, 1042, -1
1601, 1126, -1
1601, 1379, -1
1601, 1882, -1
1601, 241, -1
1379, 535, -1
1379, 974, -1
1379, 823, -1
1379, 980, -1
1379, 123, -1
1379, 1171, -1
1379, 1042, -1
1379, 1126, -1
1379, 1601, -1
1379, 1882, -1
1379, 241, -1
1882, 535, -1
1882, 974, -1
1882, 823, -1
1882, 980, -1
1882, 123, -1
1882, 1171, -1
1882, 1042, -1
1882, 1126, -1
1882, 1601, -1
1882, 1379, -1
1882, 241, -1
241, 535, -1
241, 974, -1
241, 823, -1
241, 980, -1
241, 123, -1
241, 1171, -1
241, 1042, -1
241, 1126, -1
241, 1601, -1
241, 1379, -1
241, 1882, -1

974, 823, 1
974, 980, 1
823, 974, 1
823, 980, 1
980, 974, 1
980, 823, 1
1171, 1042, 1
1171, 1126, 1
1042, 1171, 1
1042, 1126, 1
1126, 1171, 1
1126, 1042, 1
535, 974, -1
535, 823, -1
535, 980, -1
535, 123, -1
535, 1171, -1
535, 1042, -1
535, 1126, -1
535, 1601, -1
535, 1379, -1
535, 1882, -1
535, 241, -1
535, 681, -1
974, 535, -1
823, 535, -1
980, 535, -1
974, 123, -1
823, 123, -1
980, 123, -1
974, 1171, -1
974, 1042, -1
974, 1126, -1
823, 1171, -1
823, 1042, -1
823, 1126, -1
980, 1171, -1
980, 1042, -1
980, 1126, -1
974, 1601, -1
823, 1601, -1
980, 1601, -1
974, 1379, -1
823, 1379, -1
980, 1379, -1
974, 1882, -1
823, 1882, -1
980, 1882, -1
974, 241, -1
823, 241, -1
980, 241, -1
974, 681, -1
823, 681, -1
980, 681, -1
123, 535, -1
123, 974, -1
123, 823, -1
123, 980, -1
123, 1171, -1
123, 1042, -1
123, 1126, -1
123, 1601, -1
123, 1379, -1
123, 1882, -1
123, 241, -1
123, 681, -1
1171, 535, -1
1042, 535, -1
1126, 535, -1
1171, 974, -1
1171, 823, -1
1171, 980, -1
1042, 974, -1
1042, 823, -1
1042, 980, -1
1126, 974, -1
1126, 823, -1
1126, 980, -1
1171, 123, -1
1042, 123, -1
1126, 123, -1
1171, 1601, -1
1042, 1601, -1
1126, 1601, -1
1171, 1379, -1
1042, 1379, -1
1126, 1379, -1
1171, 1882, -1
1042, 1882, -1
1126, 1882, -1
1171, 241, -1
1042, 241, -1
1126, 241, -1
1171, 681, -1
1042, 681, -1
1126, 681, -1
1601, 535, -1
1601, 974, -1
1601, 823, -1
1601, 980, -1
1601, 123, -1
1601, 1171, -1
1601, 1042, -1
1601, 1126, -1
1601, 1379, -1
1601, 1882, -1
1601, 241, -1
1601, 681, -1
1379, 535, -1
1379, 974, -1
1379, 823, -1
1379, 980, -1
1379, 123, -1
1379, 1171, -1
1379, 1042, -1
1379, 1126, -1
1379, 1601, -1
1379, 1882, -1
1379, 241, -1
1379, 681, -1
1882, 535, -1
1882, 974, -1
1882, 823, -1
1882, 980, -1
1882, 123, -1
1882, 1171, -1
1882, 1042, -1
1882, 1126, -1
1882, 1601, -1
1882, 1379, -1
1882, 241, -1
1882, 681, -1
241, 535, -1
241, 974, -1
241, 823, -1
241, 980, -1
241, 123, -1
241, 1171, -1
241, 1042, -1
241, 1126, -1
241, 1601, -1
241, 1379, -1
241, 1882, -1
241, 681, -1
681, 535, -1
681, 974, -1
681, 823, -1
681, 980, -1
681, 123, -1
681, 1171, -1
681, 1042, -1
681, 1126, -1
681, 1601, -1
681, 1379, -1
681, 1882, -1
681, 241, -1

974, 823, 1
974, 980, 1
823, 974, 1
823, 980, 1
980, 974, 1
980, 823, 1
1171, 1042, 1
1171, 1126, 1
1171, 1103, 1
1042, 1171, 1
1042, 1126, 1
1042, 1103, 1
1126, 1171, 1
1126, 1042, 1
1126, 1103, 1
1103, 1171, 1
1103, 1042, 1
1103, 1126, 1
1601, 1706, 1
1706, 1601, 1
535, 974, -1
535, 823, -1
535, 980, -1
535, 123, -1
535, 1171, -1
535, 1042, -1
535, 1126, -1
535, 1103, -1
535, 1601, -1
535, 1706, -1
535, 1379, -1
535, 1882, -1
535, 241, -1
535, 681, -1
974, 535, -1
823, 535, -1
980, 535, -1
974, 123, -1
823, 123, -1
980, 123, -1
974, 1171, -1
974, 1042, -1
974, 1126, -1
974, 1103, -1
823, 1171, -1
823, 1042, -1
823, 1126, -1
823, 1103, -1
980, 1171, -1
980, 1042, -1
980, 1126, -1
980, 1103, -1
974, 1601, -1
974, 1706, -1
823, 1601, -1
823, 1706, -1
980, 1601, -1
980, 1706, -1
974, 1379, -1
823, 1379, -1
980, 1379, -1
974, 1882, -1
823, 1882, -1
980, 1882, -1
974, 241, -1
823, 241, -1
980, 241, -1
974, 681, -1
823, 681, -1
980, 681, -1
123, 535, -1
123, 974, -1
123, 823, -1
123, 980, -1
123, 1171, -1
123, 1042, -1
123, 1126, -1
123, 1103, -1
123, 1601, -1
123, 1706, -1
123, 1379, -1
123, 1882, -1
123, 241, -1
123, 681, -1
1171, 535, -1
1042, 535, -1
1126, 535, -1
1103, 535, -1
1171, 974, -1
1171, 823, -1
1171, 980, -1
1042, 974, -1
1042, 823, -1
1042, 980, -1
1126, 974, -1
1126, 823, -1
1126, 980, -1
1103, 974, -1
1103, 823, -1
1103, 980, -1
1171, 123, -1
1042, 123, -1
1126, 123, -1
1103, 123, -1
1171, 1601, -1
1171, 1706, -1
1042, 1601, -1
1042, 1706, -1
1126, 1601, -1
1126, 1706, -1
1103, 1601, -1
1103, 1706, -1
1171, 1379, -1
1042, 1379, -1
1126, 1379, -1
1103, 1379, -1
1171, 1882, -1
1042, 1882, -1
1126, 1882, -1
1103, 1882, -1
1171, 241, -1
1042, 241, -1
1126, 241, -1
1103, 241, -1
1171, 681, -1
1042, 681, -1
1126, 681, -1
1103, 681, -1
1601, 535, -1
1706, 535, -1
1601, 974, -1
1601, 823, -1
1601, 980, -1
1706, 974, -1
1706, 823, -1
1706, 980, -1
1601, 123, -1
1706, 123, -1
1601, 1171, -1
1601, 1042, -1
1601, 1126, -1
1601, 1103, -1
1706, 1171, -1
1706, 1042, -1
1706, 1126, -1
1706, 1103, -1
1601, 1379, -1
1706, 1379, -1
1601, 1882, -1
1706, 1882, -1
1601, 241, -1
1706, 241, -1
1601, 681, -1
1706, 681, -1
1379, 535, -1
1379, 974, -1
1379, 823, -1
1379, 980, -1
1379, 123, -1
1379, 1171, -1
1379, 1042, -1
1379, 1126, -1
1379, 1103, -1
1379, 1601, -1
1379, 1706, -1
1379, 1882, -1
1379, 241, -1
1379, 681, -1
1882, 535, -1
1882, 974, -1
1882, 823, -1
1882, 980, -1
1882, 123, -1
1882, 1171, -1
1882, 1042, -1
1882, 1126, -1
1882, 1103, -1
1882, 1601, -1
1882, 1706, -1
1882, 1379, -1
1882, 241, -1
1882, 681, -1
241, 535, -1
241, 974, -1
241, 823, -1
241, 980, -1
241, 123, -1
241, 1171, -1
241, 1042, -1
241, 1126, -1
241, 1103, -1
241, 1601, -1
241, 1706, -1
241, 1379, -1
241, 1882, -1
241, 681, -1
681, 535, -1
681, 974, -1
681, 823, -1
681, 980, -1
681, 123, -1
681, 1171, -1
681, 1042, -1
681, 1126, -1
681, 1103, -1
681, 1601, -1
681, 1706, -1
681, 1379, -1
681, 1882, -1
681, 241, -1

974, 823, 1
974, 980, 1
974, 924, 1
974, 853, 1
823, 974, 1
823, 980, 1
823, 924, 1
823, 853, 1
980, 974, 1
980, 823, 1
980, 924, 1
980, 853, 1
924, 974, 1
924, 823, 1
924, 980, 1
924, 853, 1
853, 974, 1
853, 823, 1
853, 980, 1
853, 924, 1
1171, 1042, 1
1171, 1126, 1
1171, 1103, 1
1042, 1171, 1
1042, 1126, 1
1042, 1103, 1
1126, 1171, 1
1126, 1042, 1
1126, 1103, 1
1103, 1171, 1
1103, 1042, 1
1103, 1126, 1
1601, 1706, 1
1706, 1601, 1
1379, 1264, 1
1264, 1379, 1
535, 974, -1
535, 823, -1
535, 980, -1
535, 924, -1
535, 853, -1
535, 123, -1
535, 1171, -1
535, 1042, -1
535, 1126, -1
535, 1103, -1
535, 1601, -1
535, 1706, -1
535, 1379, -1
535, 1264, -1
535, 1882, -1
535, 241, -1
535, 681, -1
974, 535, -1
823, 535, -1
980, 535, -1
924, 535, -1
853, 535, -1
974, 123, -1
823, 123, -1
980, 123, -1
924, 123, -1
853, 123, -1
974, 1171, -1
974, 1042, -1
974, 1126, -1
974, 1103, -1
823, 1171, -1
823, 1042, -1
823, 1126, -1
823, 1103, -1
980, 1171, -1
980, 1042, -1
980, 1126, -1
980, 1103, -1
924, 1171, -1
924, 1042, -1
924, 1126, -1
924, 1103, -1
853, 1171, -1
853, 1042, -1
853, 1126, -1
853, 1103, -1
974, 1601, -1
974, 1706, -1
823, 1601, -1
823, 1706, -1
980, 1601, -1
980, 1706, -1
924, 1601, -1
924, 1706, -1
853, 1601, -1
853, 1706, -1
974, 1379, -1
974, 1264, -1
823, 1379, -1
823, 1264, -1
980, 1379, -1
980, 1264, -1
924, 1379, -1
924, 1264, -1
853, 1379, -1
853, 1264, -1
974, 1882, -1
823, 1882, -1
980, 1882, -1
924, 1882, -1
853, 1882, -1
974, 241, -1
823, 241, -1
980, 241, -1
924, 241, -1
853, 241, -1
974, 681, -1
823, 681, -1
980, 681, -1
924, 681, -1
853, 681, -1
123, 535, -1
123, 974, -1
123, 823, -1
123, 980, -1
123, 924, -1
123, 853, -1
123, 1171, -1
123, 1042, -1
123, 1126, -1
123, 1103, -1
123, 1601, -1
123, 1706, -1
123, 1379, -1
123, 1264, -1
123, 1882, -1
123, 241, -1
123, 681, -1
1171, 535, -1
1042, 535, -1
1126, 535, -1
1103, 535, -1
1171, 974, -1
1171, 823, -1
1171, 980, -1
1171, 924, -1
1171, 853, -1
1042, 974, -1
1042, 823, -1
1042, 980, -1
1042, 924, -1
1042, 853, -1
1126, 974, -1
1126, 823, -1
1126, 980, -1
1126, 924, -1
1126, 853, -1
1103, 974, -1
1103, 823, -1
1103, 980, -1
1103, 924, -1
1103, 853, -1
1171, 123, -1
1042, 123, -1
1126, 123, -1
1103, 123, -1
1171, 1601, -1
1171, 1706, -1
1042, 1601, -1
1042, 1706, -1
1126, 1601, -1
1126, 1706, -1
1103, 1601, -1
1103, 1706, -1
1171, 1379, -1
1171, 1264, -1
1042, 1379, -1
1042, 1264, -1
1126, 1379, -1
1126, 1264, -1
1103, 1379, -1
1103, 1264, -1
1171, 1882, -1
1042, 1882, -1
1126, 1882, -1
1103, 1882, -1
1171, 241, -1
1042, 241, -1
1126, 241, -1
1103, 241, -1
1171, 681, -1
1042, 681, -1
1126, 681, -1
1103, 681, -1
1601, 535, -1
1706, 535, -1
1601, 974, -1
1601, 823, -1
1601, 980, -1
1601, 924, -1
1601, 853, -1
1706, 974, -1
1706, 823, -1
1706, 980, -1
1706, 924, -1
1706, 853, -1
1601, 123, -1
1706, 123, -1
1601, 1171, -1
1601, 1042, -1
1601, 1126, -1
1601, 1103, -1
1706, 1171, -1
1706, 1042, -1
1706, 1126, -1
1706, 1103, -1
1601, 1379, -1
1601, 1264, -1
1706, 1379, -1
1706, 1264, -1
1601, 1882, -1
1706, 1882, -1
1601, 241, -1
1706, 241, -1
1601, 681, -1
1706, 681, -1
1379, 535, -1
1264, 535, -1
1379, 974, -1
1379, 823, -1
1379, 980, -1
1379, 924, -1
1379, 853, -1
1264, 974, -1
1264, 823, -1
1264, 980, -1
1264, 924, -1
1264, 853, -1
1379, 123, -1
1264, 123, -1
1379, 1171, -1
1379, 1042, -1
1379, 1126, -1
1379, 1103, -1
1264, 1171, -1
1264, 1042, -1
1264, 1126, -1
1264, 1103, -1
1379, 1601, -1
1379, 1706, -1
1264, 1601, -1
1264, 1706, -1
1379, 1882, -1
1264, 1882, -1
1379, 241, -1
1264, 241, -1
1379, 681, -1
1264, 681, -1
1882, 535, -1
1882, 974, -1
1882, 823, -1
1882, 980, -1
1882, 924, -1
1882, 853, -1
1882, 123, -1
1882, 1171, -1
1882, 1042, -1
1882, 1126, -1
1882, 1103, -1
1882, 1601, -1
1882, 1706, -1
1882, 1379, -1
1882, 1264, -1
1882, 241, -1
1882, 681, -1
241, 535, -1
241, 974, -1
241, 823, -1
241, 980, -1
241, 924, -1
241, 853, -1
241, 123, -1
241, 1171, -1
241, 1042, -1
241, 1126, -1
241, 1103, -1
241, 1601, -1
241, 1706, -1
241, 1379, -1
241, 1264, -1
241, 1882, -1
241, 681, -1
681, 535, -1
681, 974, -1
681, 823, -1
681, 980, -1
681, 924, -1
681, 853, -1
681, 123, -1
681, 1171, -1
681, 1042, -1
681, 1126, -1
681, 1103, -1
681, 1601, -1
681, 1706, -1
681, 1379, -1
681, 1264, -1
681, 1882, -1
681, 241, -1

974, 823, 1
974, 980, 1
974, 924, 1
974, 853, 1
823, 974, 1
823, 980, 1
823, 924, 1
823, 853, 1
980, 974, 1
980, 823, 1
980, 924, 1
980, 853, 1
924, 974, 1
924, 823, 1
924, 980, 1
924, 853, 1
853, 974, 1
853, 823, 1
853, 980, 1
853, 924, 1
1171, 1042, 1
1171, 1126, 1
1171, 1103, 1
1042, 1171, 1
1042, 1126, 1
1042, 1103, 1
1126, 1171, 1
1126, 1042, 1
1126, 1103, 1
1103, 1171, 1
1103, 1042, 1
1103, 1126, 1
1601, 1706, 1
1706, 1601, 1
1379, 1264, 1
1264, 1379, 1
681, 791, 1
791, 681, 1
535, 974, -1
535, 823, -1
535, 980, -1
535, 924, -1
535, 853, -1
535, 123, -1
535, 1171, -1
535, 1042, -1
535, 1126, -1
535, 1103, -1
535, 1601, -1
535, 1706, -1
535, 1379, -1
535, 1264, -1
535, 1882, -1
535, 241, -1
535, 681, -1
535, 791, -1
974, 535, -1
823, 535, -1
980, 535, -1
924, 535, -1
853, 535, -1
974, 123, -1
823, 123, -1
980, 123, -1
924, 123, -1
853, 123, -1
974, 1171, -1
974, 1042, -1
974, 1126, -1
974, 1103, -1
823, 1171, -1
823, 1042, -1
823, 1126, -1
823, 1103, -1
980, 1171, -1
980, 1042, -1
980, 1126, -1
980, 1103, -1
924, 1171, -1
924, 1042, -1
924, 1126, -1
924, 1103, -1
853, 1171, -1
853, 1042, -1
853, 1126, -1
853, 1103, -1
974, 1601, -1
974, 1706, -1
823, 1601, -1
823, 1706, -1
980, 1601, -1
980, 1706, -1
924, 1601, -1
924, 1706, -1
853, 1601, -1
853, 1706, -1
974, 1379, -1
974, 1264, -1
823, 1379, -1
823, 1264, -1
980, 1379, -1
980, 1264, -1
924, 1379, -1
924, 1264, -1
853, 1379, -1
853, 1264, -1
974, 1882, -1
823, 1882, -1
980, 1882, -1
924, 1882, -1
853, 1882, -1
974, 241, -1
823, 241, -1
980, 241, -1
924, 241, -1
853, 241, -1
974, 681, -1
974, 791, -1
823, 681, -1
823, 791, -1
980, 681, -1
980, 791, -1
924, 681, -1
924, 791, -1
853, 681, -1
853, 791, -1
123, 535, -1
123, 974, -1
123, 823, -1
123, 980, -1
123, 924, -1
123, 853, -1
123, 1171, -1
123, 1042, -1
123, 1126, -1
123, 1103, -1
123, 1601, -1
123, 1706, -1
123, 1379, -1
123, 1264, -1
123, 1882, -1
123, 241, -1
123, 681, -1
123, 791, -1
1171, 535, -1
1042, 535, -1
1126, 535, -1
1103, 535, -1
1171, 974, -1
1171, 823, -1
1171, 980, -1
1171, 924, -1
1171, 853, -1
1042, 974, -1
1042, 823, -1
1042, 980, -1
1042, 924, -1
1042, 853, -1
1126, 974, -1
1126, 823, -1
1126, 980, -1
1126, 924, -1
1126, 853, -1
1103, 974, -1
1103, 823, -1
1103, 980, -1
1103, 924, -1
1103, 853, -1
1171, 123, -1
1042, 123, -1
1126, 123, -1
1103, 123, -1
1171, 1601, -1
1171, 1706, -1
1042, 1601, -1
1042, 1706, -1
1126, 1601, -1
1126, 1706, -1
1103, 1601, -1
1103, 1706, -1
1171, 1379, -1
1171, 1264, -1
1042, 1379, -1
1042, 1264, -1
1126, 1379, -1
1126, 1264, -1
1103, 1379, -1
1103, 1264, -1
1171, 1882, -1
1042, 1882, -1
1126, 1882, -1
1103, 1882, -1
1171, 241, -1
1042, 241, -1
1126, 241, -1
1103, 241, -1
1171, 681, -1
1171, 791, -1
1042, 681, -1
1042, 791, -1
1126, 681, -1
1126, 791, -1
1103, 681, -1
1103, 791, -1
1601, 535, -1
1706, 535, -1
1601, 974, -1
1601, 823, -1
1601, 980, -1
1601, 924, -1
1601, 853, -1
1706, 974, -1
1706, 823, -1
1706, 980, -1
1706, 924, -1
1706, 853, -1
1601, 123, -1
1706, 123, -1
1601, 1171, -1
1601, 1042, -1
1601, 1126, -1
1601, 1103, -1
1706, 1171, -1
1706, 1042, -1
1706, 1126, -1
1706, 1103, -1
1601, 1379, -1
1601, 1264, -1
1706, 1379, -1
1706, 1264, -1
1601, 1882, -1
1706, 1882, -1
1601, 241, -1
1706, 241, -1
1601, 681, -1
1601, 791, -1
1706, 681, -1
1706, 791, -1
1379, 535, -1
1264, 535, -1
1379, 974, -1
1379, 823, -1
1379, 980, -1
1379, 924, -1
1379, 853, -1
1264, 974, -1
1264, 823, -1
1264, 980, -1
1264, 924, -1
1264, 853, -1
1379, 123, -1
1264, 123, -1
1379, 1171, -1
1379, 1042, -1
1379, 1126, -1
1379, 1103, -1
1264, 1171, -1
1264, 1042, -1
1264, 1126, -1
1264, 1103, -1
1379, 1601, -1
1379, 1706, -1
1264, 1601, -1
1264, 1706, -1
1379, 1882, -1
1264, 1882, -1
1379, 241, -1
1264, 241, -1
1379, 681, -1
1379, 791, -1
1264, 681, -1
1264, 791, -1
1882, 535, -1
1882, 974, -1
1882, 823, -1
1882, 980, -1
1882, 924, -1
1882, 853, -1
1882, 123, -1
1882, 1171, -1
1882, 1042, -1
1882, 1126, -1
1882, 1103, -1
1882, 1601, -1
1882, 1706, -1
1882, 1379, -1
1882, 1264, -1
1882, 241, -1
1882, 681, -1
1882, 791, -1
241, 535, -1
241, 974, -1
241, 823, -1
241, 980, -1
241, 924, -1
241, 853, -1
241, 123, -1
241, 1171, -1
241, 1042, -1
241, 1126, -1
241, 1103, -1
241, 1601, -1
241, 1706, -1
241, 1379, -1
241, 1264, -1
241, 1882, -1
241, 681, -1
241, 791, -1
681, 535, -1
791, 535, -1
681, 974, -1
681, 823, -1
681, 980, -1
681, 924, -1
681, 853, -1
791, 974, -1
791, 823, -1
791, 980, -1
791, 924, -1
791, 853, -1
681, 123, -1
791, 123, -1
681, 1171, -1
681, 1042, -1
681, 1126, -1
681, 1103, -1
791, 1171, -1
791, 1042, -1
791, 1126, -1
791, 1103, -1
681, 1601, -1
681, 1706, -1
791, 1601, -1
791, 1706, -1
681, 1379, -1
681, 1264, -1
791, 1379, -1
791, 1264, -1
681, 1882, -1
791, 1882, -1
681, 241, -1
791, 241, -1

974, 823, 1
974, 980, 1
974, 924, 1
974, 853, 1
823, 974, 1
823, 980, 1
823, 924, 1
823, 853, 1
980, 974, 1
980, 823, 1
980, 924, 1
980, 853, 1
924, 974, 1
924, 823, 1
924, 980, 1
924, 853, 1
853, 974, 1
853, 823, 1
853, 980, 1
853, 924, 1
1171, 1042, 1
1171, 1126, 1
1171, 1103, 1
1042, 1171, 1
1042, 1126, 1
1042, 1103, 1
1126, 1171, 1
1126, 1042, 1
1126, 1103, 1
1103, 1171, 1
1103, 1042, 1
1103, 1126, 1
1601, 1706, 1
1706, 1601, 1
1379, 1264, 1
1264, 1379, 1
681, 791, 1
681, 631, 1
791, 681, 1
791, 631, 1
631, 681, 1
631, 791, 1
535, 974, -1
535, 823, -1
535, 980, -1
535, 924, -1
535, 853, -1
535, 123, -1
535, 1171, -1
535, 1042, -1
535, 1126, -1
535, 1103, -1
535, 1601, -1
535, 1706, -1
535, 1379, -1
535, 1264, -1
535, 1882, -1
535, 241, -1
535, 681, -1
535, 791, -1
535, 631, -1
974, 535, -1
823, 535, -1
980, 535, -1
924, 535, -1
853, 535, -1
974, 123, -1
823, 123, -1
980, 123, -1
924, 123, -1
853, 123, -1
974, 1171, -1
974, 1042, -1
974, 1126, -1
974, 1103, -1
823, 1171, -1
823, 1042, -1
823, 1126, -1
823, 1103, -1
980, 1171, -1
980, 1042, -1
980, 1126, -1
980, 1103, -1
924, 1171, -1
924, 1042, -1
924, 1126, -1
924, 1103, -1
853, 1171, -1
853, 1042, -1
853, 1126, -1
853, 1103, -1
974, 1601, -1
974, 1706, -1
823, 1601, -1
823, 1706, -1
980, 1601, -1
980, 1706, -1
924, 1601, -1
924, 1706, -1
853, 1601, -1
853, 1706, -1
974, 1379, -1
974, 1264, -1
823, 1379, -1
823, 1264, -1
980, 1379, -1
980, 1264, -1
924, 1379, -1
924, 1264, -1
853, 1379, -1
853, 1264, -1
974, 1882, -1
823, 1882, -1
980, 1882, -1
924, 1882, -1
853, 1882, -1
974, 241, -1
823, 241, -1
980, 241, -1
924, 241, -1
853, 241, -1
974, 681, -1
974, 791, -1
974, 631, -1
823, 681, -1
823, 791, -1
823, 631, -1
980, 681, -1
980, 791, -1
980, 631, -1
924, 681, -1
924, 791, -1
924, 631, -1
853, 681, -1
853, 791, -1
853, 631, -1
123, 535, -1
123, 974, -1
123, 823, -1
123, 980, -1
123, 924, -1
123, 853, -1
123, 1171, -1
123, 1042, -1
123, 1126, -1
123, 1103, -1
123, 1601, -1
123, 1706, -1
123, 1379, -1
123, 1264, -1
123, 1882, -1
123, 241, -1
123, 681, -1
123, 791, -1
123, 631, -1
1171, 535, -1
1042, 535, -1
1126, 535, -1
1103, 535, -1
1171, 974, -1
1171, 823, -1
1171, 980, -1
1171, 924, -1
1171, 853, -1
1042, 974, -1
1042, 823, -1
1042, 980, -1
1042, 924, -1
1042, 853, -1
1126, 974, -1
1126, 823, -1
1126, 980, -1
1126, 924, -1
1126, 853, -1
1103, 974, -1
1103, 823, -1
1103, 980, -1
1103, 924, -1
1103, 853, -1
1171, 123, -1
1042, 123, -1
1126, 123, -1
1103, 123, -1
1171, 1601, -1
1171, 1706, -1
1042, 1601, -1
1042, 1706, -1
1126, 1601, -1
1126, 1706, -1
1103, 1601, -1
1103, 1706, -1
1171, 1379, -1
1171, 1264, -1
1042, 1379, -1
1042, 1264, -1
1126, 1379, -1
1126, 1264, -1
1103, 1379, -1
1103, 1264, -1
1171, 1882, -1
1042, 1882, -1
1126, 1882, -1
1103, 1882, -1
1171, 241, -1
1042, 241, -1
1126, 241, -1
1103, 241, -1
1171, 681, -1
1171, 791, -1
1171, 631, -1
1042, 681, -1
1042, 791, -1
1042, 631, -1
1126, 681, -1
1126, 791, -1
1126, 631, -1
1103, 681, -1
1103, 791, -1
1103, 631, -1
1601, 535, -1
1706, 535, -1
1601, 974, -1
1601, 823, -1
1601, 980, -1
1601, 924, -1
1601, 853, -1
1706, 974, -1
1706, 823, -1
1706, 980, -1
1706, 924, -1
1706, 853, -1
1601, 123, -1
1706, 123, -1
1601, 1171, -1
1601, 1042, -1
1601, 1126, -1
1601, 1103, -1
1706, 1171, -1
1706, 1042, -1
1706, 1126, -1
1706, 1103, -1
1601, 1379, -1
1601, 1264, -1
1706, 1379, -1
1706, 1264, -1
1601, 1882, -1
1706, 1882, -1
1601, 241, -1
1706, 241, -1
1601, 681, -1
1601, 791, -1
1601, 631, -1
1706, 681, -1
1706, 791, -1
1706, 631, -1
1379, 535, -1
1264, 535, -1
1379, 974, -1
1379, 823, -1
1379, 980, -1
1379, 924, -1
1379, 853, -1
1264, 974, -1
1264, 823, -1
1264, 980, -1
1264, 924, -1
1264, 853, -1
1379, 123, -1
1264, 123, -1
1379, 1171, -1
1379, 1042, -1
1379, 1126, -1
1379, 1103, -1
1264, 1171, -1
1264, 1042, -1
1264, 1126, -1
1264, 1103, -1
1379, 1601, -1
1379, 1706, -1
1264, 1601, -1
1264, 1706, -1
1379, 1882, -1
1264, 1882, -1
1379, 241, -1
1264, 241, -1
1379, 681, -1
1379, 791, -1
1379, 631, -1
1264, 681, -1
1264, 791, -1
1264, 631, -1
1882, 535, -1
1882, 974, -1
1882, 823, -1
1882, 980, -1
1882, 924, -1
1882, 853, -1
1882, 123, -1
1882, 1171, -1
1882, 1042, -1
1882, 1126, -1
1882, 1103, -1
1882, 1601, -1
1882, 1706, -1
1882, 1379, -1
1882, 1264, -1
1882, 241, -1
1882, 681, -1
1882, 791, -1
1882, 631, -1
241, 535, -1
241, 974, -1
241, 823, -1
241, 980, -1
241, 924, -1
241, 853, -1
241, 123, -1
241, 1171, -1
241, 1042, -1
241, 1126, -1
241, 1103, -1
241, 1601, -1
241, 1706, -1
241, 1379, -1
241, 1264, -1
241, 1882, -1
241, 681, -1
241, 791, -1
241, 631, -1
681, 535, -1
791, 535, -1
631, 535, -1
681, 974, -1
681, 823, -1
681, 980, -1
681, 924, -1
681, 853, -1
791, 974, -1
791, 823, -1
791, 980, -1
791, 924, -1
791, 853, -1
631, 974, -1
631, 823, -1
631, 980, -1
631, 924, -1
631, 853, -1
681, 123, -1
791, 123, -1
631, 123, -1
681, 1171, -1
681, 1042, -1
681, 1126, -1
681, 1103, -1
791, 1171, -1
791, 1042, -1
791, 1126, -1
791, 1103, -1
631, 1171, -1
631, 1042, -1
631, 1126, -1
631, 1103, -1
681, 1601, -1
681, 1706, -1
791, 1601, -1
791, 1706, -1
631, 1601, -1
631, 1706, -1
681, 1379, -1
681, 1264, -1
791, 1379, -1
791, 1264, -1
631, 1379, -1
631, 1264, -1
681, 1882, -1
791, 1882, -1
631, 1882, -1
681, 241, -1
791, 241, -1
631, 241, -1

