92, 126, 1
128, 126, 1
128, 92, 1
185, 126, -1
185, 92, -1
185, 128, -1
45, 126, -1
45, 92, -1
45, 128, -1
45, 185, -1
164, 126, -1
164, 92, -1
164, 128, -1
164, 185, -1
164, 45, -1

96, 126, 1
96, 92, 1
96, 128, 1
60, 45, 1
96, 185, -1
96, 45, -1
96, 164, -1
60, 126, -1
60, 92, -1
60, 128, -1
60, 96, -1
60, 185, -1
60, 164, -1
180, 126, -1
180, 92, -1
180, 128, -1
180, 96, -1
180, 185, -1
180, 45, -1
180, 60, -1
180, 164, -1

113, 126, 1
113, 92, 1
113, 128, 1
113, 96, 1
95, 126, 1
95, 92, 1
95, 128, 1
95, 96, 1
95, 113, 1
46, 45, 1
46, 60, 1
84, 126, 1
84, 92, 1
84, 128, 1
84, 96, 1
84, 113, 1
84, 95, 1
78, 126, 1
78, 92, 1
78, 128, 1
78, 96, 1
78, 113, 1
78, 95, 1
78, 84, 1
1, 45, 1
1, 60, 1
1, 46, 1
113, 185, -1
113, 45, -1
113, 60, -1
113, 164, -1
113, 180, -1
95, 185, -1
95, 45, -1
95, 60, -1
95, 164, -1
95, 180, -1
46, 126, -1
46, 92, -1
46, 128, -1
46, 96, -1
46, 113, -1
46, 95, -1
46, 185, -1
46, 164, -1
46, 180, -1
84, 185, -1
84, 45, -1
84, 60, -1
84, 46, -1
84, 164, -1
84, 180, -1
78, 185, -1
78, 45, -1
78, 60, -1
78, 46, -1
78, 164, -1
78, 180, -1
1, 126, -1
1, 92, -1
1, 128, -1
1, 96, -1
1, 113, -1
1, 95, -1
1, 84, -1
1, 78, -1
1, 185, -1
1, 164, -1
1, 180, -1

89, 126, 1
89, 92, 1
89, 128, 1
89, 96, 1
89, 113, 1
89, 95, 1
89, 84, 1
89, 78, 1
98, 126, 1
98, 92, 1
98, 128, 1
98, 96, 1
98, 113, 1
98, 95, 1
98, 84, 1
98, 78, 1
98, 89, 1
143, 126, 1
143, 92, 1
143, 128, 1
143, 96, 1
143, 113, 1
143, 95, 1
143, 84, 1
143, 78, 1
143, 89, 1
143, 98, 1
79, 126, 1
79, 92, 1
79, 128, 1
79, 96, 1
79, 113, 1
79, 95, 1
79, 84, 1
79, 78, 1
79, 89, 1
79, 98, 1
79, 143, 1
133, 126, 1
133, 92, 1
133, 128, 1
133, 96, 1
133, 113, 1
133, 95, 1
133, 84, 1
133, 78, 1
133, 89, 1
133, 98, 1
133, 143, 1
133, 79, 1
89, 185, -1
89, 45, -1
89, 60, -1
89, 46, -1
89, 1, -1
89, 164, -1
89, 180, -1
98, 185, -1
98, 45, -1
98, 60, -1
98, 46, -1
98, 1, -1
98, 164, -1
98, 180, -1
143, 185, -1
143, 45, -1
143, 60, -1
143, 46, -1
143, 1, -1
143, 164, -1
143, 180, -1
79, 185, -1
79, 45, -1
79, 60, -1
79, 46, -1
79, 1, -1
79, 164, -1
79, 180, -1
133, 185, -1
133, 45, -1
133, 60, -1
133, 46, -1
133, 1, -1
133, 164, -1
133, 180, -1
159, 126, -1
159, 92, -1
159, 128, -1
159, 96, -1
159, 113, -1
159, 95, -1
159, 84, -1
159, 78, -1
159, 89, -1
159, 98, -1
159, 143, -1
159, 79, -1
159, 133, -1
159, 185, -1
159, 45, -1
159, 60, -1
159, 46, -1
159, 1, -1
159, 164, -1
159, 180, -1

125, 126, 1
125, 92, 1
125, 128, 1
125, 96, 1
125, 113, 1
125, 95, 1
125, 84, 1
125, 78, 1
125, 89, 1
125, 98, 1
125, 143, 1
125, 79, 1
125, 133, 1
124, 126, 1
124, 92, 1
124, 128, 1
124, 96, 1
124, 113, 1
124, 95, 1
124, 84, 1
124, 78, 1
124, 89, 1
124, 98, 1
124, 143, 1
124, 79, 1
124, 133, 1
124, 125, 1
146, 159, 1
8, 45, 1
8, 60, 1
8, 46, 1
8, 1, 1
125, 185, -1
125, 45, -1
125, 60, -1
125, 46, -1
125, 1, -1
125, 164, -1
125, 180, -1
125, 159, -1
124, 185, -1
124, 45, -1
124, 60, -1
124, 46, -1
124, 1, -1
124, 164, -1
124, 180, -1
124, 159, -1
146, 126, -1
146, 92, -1
146, 128, -1
146, 96, -1
146, 113, -1
146, 95, -1
146, 84, -1
146, 78, -1
146, 89, -1
146, 98, -1
146, 143, -1
146, 79, -1
146, 133, -1
146, 125, -1
146, 124, -1
146, 185, -1
146, 45, -1
146, 60, -1
146, 46, -1
146, 1, -1
146, 164, -1
146, 180, -1
8, 126, -1
8, 92, -1
8, 128, -1
8, 96, -1
8, 113, -1
8, 95, -1
8, 84, -1
8, 78, -1
8, 89, -1
8, 98, -1
8, 143, -1
8, 79, -1
8, 133, -1
8, 125, -1
8, 124, -1
8, 185, -1
8, 164, -1
8, 180, -1
8, 159, -1
8, 146, -1

51, 45, 1
51, 60, 1
51, 46, 1
51, 1, 1
51, 8, 1
141, 126, 1
141, 92, 1
141, 128, 1
141, 96, 1
141, 113, 1
141, 95, 1
141, 84, 1
141, 78, 1
141, 89, 1
141, 98, 1
141, 143, 1
141, 79, 1
141, 133, 1
141, 125, 1
141, 124, 1
119, 126, 1
119, 92, 1
119, 128, 1
119, 96, 1
119, 113, 1
119, 95, 1
119, 84, 1
119, 78, 1
119, 89, 1
119, 98, 1
119, 143, 1
119, 79, 1
119, 133, 1
119, 125, 1
119, 124, 1
119, 141, 1
117, 126, 1
117, 92, 1
117, 128, 1
117, 96, 1
117, 113, 1
117, 95, 1
117, 84, 1
117, 78, 1
117, 89, 1
117, 98, 1
117, 143, 1
117, 79, 1
117, 133, 1
117, 125, 1
117, 124, 1
117, 141, 1
117, 119, 1
2, 45, 1
2, 60, 1
2, 46, 1
2, 1, 1
2, 8, 1
2, 51, 1
51, 126, -1
51, 92, -1
51, 128, -1
51, 96, -1
51, 113, -1
51, 95, -1
51, 84, -1
51, 78, -1
51, 89, -1
51, 98, -1
51, 143, -1
51, 79, -1
51, 133, -1
51, 125, -1
51, 124, -1
51, 185, -1
51, 164, -1
51, 180, -1
51, 159, -1
51, 146, -1
141, 185, -1
141, 45, -1
141, 60, -1
141, 46, -1
141, 1, -1
141, 8, -1
141, 51, -1
141, 164, -1
141, 180, -1
141, 159, -1
141, 146, -1
119, 185, -1
119, 45, -1
119, 60, -1
119, 46, -1
119, 1, -1
119, 8, -1
119, 51, -1
119, 164, -1
119, 180, -1
119, 159, -1
119, 146, -1
117, 185, -1
117, 45, -1
117, 60, -1
117, 46, -1
117, 1, -1
117, 8, -1
117, 51, -1
117, 164, -1
117, 180, -1
117, 159, -1
117, 146, -1
2, 126, -1
2, 92, -1
2, 128, -1
2, 96, -1
2, 113, -1
2, 95, -1
2, 84, -1
2, 78, -1
2, 89, -1
2, 98, -1
2, 143, -1
2, 79, -1
2, 133, -1
2, 125, -1
2, 124, -1
2, 141, -1
2, 119, -1
2, 117, -1
2, 185, -1
2, 164, -1
2, 180, -1
2, 159, -1
2, 146, -1

186, 185, 1
72, 126, 1
72, 92, 1
72, 128, 1
72, 96, 1
72, 113, 1
72, 95, 1
72, 84, 1
72, 78, 1
72, 89, 1
72, 98, 1
72, 143, 1
72, 79, 1
72, 133, 1
72, 125, 1
72, 124, 1
72, 141, 1
72, 119, 1
72, 117, 1
102, 126, 1
102, 92, 1
102, 128, 1
102, 96, 1
102, 113, 1
102, 95, 1
102, 84, 1
102, 78, 1
102, 89, 1
102, 98, 1
102, 143, 1
102, 79, 1
102, 133, 1
102, 125, 1
102, 124, 1
102, 141, 1
102, 119, 1
102, 117, 1
102, 72, 1
187, 185, 1
187, 186, 1
94, 126, 1
94, 92, 1
94, 128, 1
94, 96, 1
94, 113, 1
94, 95, 1
94, 84, 1
94, 78, 1
94, 89, 1
94, 98, 1
94, 143, 1
94, 79, 1
94, 133, 1
94, 125, 1
94, 124, 1
94, 141, 1
94, 119, 1
94, 117, 1
94, 72, 1
94, 102, 1
73, 126, 1
73, 92, 1
73, 128, 1
73, 96, 1
73, 113, 1
73, 95, 1
73, 84, 1
73, 78, 1
73, 89, 1
73, 98, 1
73, 143, 1
73, 79, 1
73, 133, 1
73, 125, 1
73, 124, 1
73, 141, 1
73, 119, 1
73, 117, 1
73, 72, 1
73, 102, 1
73, 94, 1
186, 126, -1
186, 92, -1
186, 128, -1
186, 96, -1
186, 113, -1
186, 95, -1
186, 84, -1
186, 78, -1
186, 89, -1
186, 98, -1
186, 143, -1
186, 79, -1
186, 133, -1
186, 125, -1
186, 124, -1
186, 141, -1
186, 119, -1
186, 117, -1
186, 45, -1
186, 60, -1
186, 46, -1
186, 1, -1
186, 8, -1
186, 51, -1
186, 2, -1
186, 164, -1
186, 180, -1
186, 159, -1
186, 146, -1
72, 185, -1
72, 186, -1
72, 45, -1
72, 60, -1
72, 46, -1
72, 1, -1
72, 8, -1
72, 51, -1
72, 2, -1
72, 164, -1
72, 180, -1
72, 159, -1
72, 146, -1
102, 185, -1
102, 186, -1
102, 45, -1
102, 60, -1
102, 46, -1
102, 1, -1
102, 8, -1
102, 51, -1
102, 2, -1
102, 164, -1
102, 180, -1
102, 159, -1
102, 146, -1
187, 126, -1
187, 92, -1
187, 128, -1
187, 96, -1
187, 113, -1
187, 95, -1
187, 84, -1
187, 78, -1
187, 89, -1
187, 98, -1
187, 143, -1
187, 79, -1
187, 133, -1
187, 125, -1
187, 124, -1
187, 141, -1
187, 119, -1
187, 117, -1
187, 72, -1
187, 102, -1
187, 45, -1
187, 60, -1
187, 46, -1
187, 1, -1
187, 8, -1
187, 51, -1
187, 2, -1
187, 164, -1
187, 180, -1
187, 159, -1
187, 146, -1
94, 185, -1
94, 186, -1
94, 187, -1
94, 45, -1
94, 60, -1
94, 46, -1
94, 1, -1
94, 8, -1
94, 51, -1
94, 2, -1
94, 164, -1
94, 180, -1
94, 159, -1
94, 146, -1
73, 185, -1
73, 186, -1
73, 187, -1
73, 45, -1
73, 60, -1
73, 46, -1
73, 1, -1
73, 8, -1
73, 51, -1
73, 2, -1
73, 164, -1
73, 180, -1
73, 159, -1
73, 146, -1

55, 45, 1
55, 60, 1
55, 46, 1
55, 1, 1
55, 8, 1
55, 51, 1
55, 2, 1
100, 126, 1
100, 92, 1
100, 128, 1
100, 96, 1
100, 113, 1
100, 95, 1
100, 84, 1
100, 78, 1
100, 89, 1
100, 98, 1
100, 143, 1
100, 79, 1
100, 133, 1
100, 125, 1
100, 124, 1
100, 141, 1
100, 119, 1
100, 117, 1
100, 72, 1
100, 102, 1
100, 94, 1
100, 73, 1
52, 45, 1
52, 60, 1
52, 46, 1
52, 1, 1
52, 8, 1
52, 51, 1
52, 2, 1
52, 55, 1
55, 126, -1
55, 92, -1
55, 128, -1
55, 96, -1
55, 113, -1
55, 95, -1
55, 84, -1
55, 78, -1
55, 89, -1
55, 98, -1
55, 143, -1
55, 79, -1
55, 133, -1
55, 125, -1
55, 124, -1
55, 141, -1
55, 119, -1
55, 117, -1
55, 72, -1
55, 102, -1
55, 94, -1
55, 73, -1
55, 185, -1
55, 186, -1
55, 187, -1
55, 164, -1
55, 180, -1
55, 159, -1
55, 146, -1
100, 185, -1
100, 186, -1
100, 187, -1
100, 45, -1
100, 60, -1
100, 46, -1
100, 1, -1
100, 8, -1
100, 51, -1
100, 2, -1
100, 55, -1
100, 164, -1
100, 180, -1
100, 159, -1
100, 146, -1
52, 126, -1
52, 92, -1
52, 128, -1
52, 96, -1
52, 113, -1
52, 95, -1
52, 84, -1
52, 78, -1
52, 89, -1
52, 98, -1
52, 143, -1
52, 79, -1
52, 133, -1
52, 125, -1
52, 124, -1
52, 141, -1
52, 119, -1
52, 117, -1
52, 72, -1
52, 102, -1
52, 94, -1
52, 73, -1
52, 100, -1
52, 185, -1
52, 186, -1
52, 187, -1
52, 164, -1
52, 180, -1
52, 159, -1
52, 146, -1

160, 159, 1
160, 146, 1
123, 126, 1
123, 92, 1
123, 128, 1
123, 96, 1
123, 113, 1
123, 95, 1
123, 84, 1
123, 78, 1
123, 89, 1
123, 98, 1
123, 143, 1
123, 79, 1
123, 133, 1
123, 125, 1
123, 124, 1
123, 141, 1
123, 119, 1
123, 117, 1
123, 72, 1
123, 102, 1
123, 94, 1
123, 73, 1
123, 100, 1
163, 164, 1
160, 126, -1
160, 92, -1
160, 128, -1
160, 96, -1
160, 113, -1
160, 95, -1
160, 84, -1
160, 78, -1
160, 89, -1
160, 98, -1
160, 143, -1
160, 79, -1
160, 133, -1
160, 125, -1
160, 124, -1
160, 141, -1
160, 119, -1
160, 117, -1
160, 72, -1
160, 102, -1
160, 94, -1
160, 73, -1
160, 100, -1
160, 185, -1
160, 186, -1
160, 187, -1
160, 45, -1
160, 60, -1
160, 46, -1
160, 1, -1
160, 8, -1
160, 51, -1
160, 2, -1
160, 55, -1
160, 52, -1
160, 164, -1
160, 180, -1
123, 185, -1
123, 186, -1
123, 187, -1
123, 45, -1
123, 60, -1
123, 46, -1
123, 1, -1
123, 8, -1
123, 51, -1
123, 2, -1
123, 55, -1
123, 52, -1
123, 164, -1
123, 180, -1
123, 159, -1
123, 146, -1
123, 160, -1
163, 126, -1
163, 92, -1
163, 128, -1
163, 96, -1
163, 113, -1
163, 95, -1
163, 84, -1
163, 78, -1
163, 89, -1
163, 98, -1
163, 143, -1
163, 79, -1
163, 133, -1
163, 125, -1
163, 124, -1
163, 141, -1
163, 119, -1
163, 117, -1
163, 72, -1
163, 102, -1
163, 94, -1
163, 73, -1
163, 100, -1
163, 123, -1
163, 185, -1
163, 186, -1
163, 187, -1
163, 45, -1
163, 60, -1
163, 46, -1
163, 1, -1
163, 8, -1
163, 51, -1
163, 2, -1
163, 55, -1
163, 52, -1
163, 180, -1
163, 159, -1
163, 146, -1
163, 160, -1

101, 126, 1
101, 92, 1
101, 128, 1
101, 96, 1
101, 113, 1
101, 95, 1
101, 84, 1
101, 78, 1
101, 89, 1
101, 98, 1
101, 143, 1
101, 79, 1
101, 133, 1
101, 125, 1
101, 124, 1
101, 141, 1
101, 119, 1
101, 117, 1
101, 72, 1
101, 102, 1
101, 94, 1
101, 73, 1
101, 100, 1
101, 123, 1
156, 159, 1
156, 146, 1
156, 160, 1
90, 126, 1
90, 92, 1
90, 128, 1
90, 96, 1
90, 113, 1
90, 95, 1
90, 84, 1
90, 78, 1
90, 89, 1
90, 98, 1
90, 143, 1
90, 79, 1
90, 133, 1
90, 125, 1
90, 124, 1
90, 141, 1
90, 119, 1
90, 117, 1
90, 72, 1
90, 102, 1
90, 94, 1
90, 73, 1
90, 100, 1
90, 123, 1
90, 101, 1
71, 126, 1
71, 92, 1
71, 128, 1
71, 96, 1
71, 113, 1
71, 95, 1
71, 84, 1
71, 78, 1
71, 89, 1
71, 98, 1
71, 143, 1
71, 79, 1
71, 133, 1
71, 125, 1
71, 124, 1
71, 141, 1
71, 119, 1
71, 117, 1
71, 72, 1
71, 102, 1
71, 94, 1
71, 73, 1
71, 100, 1
71, 123, 1
71, 101, 1
71, 90, 1
70, 126, 1
70, 92, 1
70, 128, 1
70, 96, 1
70, 113, 1
70, 95, 1
70, 84, 1
70, 78, 1
70, 89, 1
70, 98, 1
70, 143, 1
70, 79, 1
70, 133, 1
70, 125, 1
70, 124, 1
70, 141, 1
70, 119, 1
70, 117, 1
70, 72, 1
70, 102, 1
70, 94, 1
70, 73, 1
70, 100, 1
70, 123, 1
70, 101, 1
70, 90, 1
70, 71, 1
132, 126, 1
132, 92, 1
132, 128, 1
132, 96, 1
132, 113, 1
132, 95, 1
132, 84, 1
132, 78, 1
132, 89, 1
132, 98, 1
132, 143, 1
132, 79, 1
132, 133, 1
132, 125, 1
132, 124, 1
132, 141, 1
132, 119, 1
132, 117, 1
132, 72, 1
132, 102, 1
132, 94, 1
132, 73, 1
132, 100, 1
132, 123, 1
132, 101, 1
132, 90, 1
132, 71, 1
132, 70, 1
76, 126, 1
76, 92, 1
76, 128, 1
76, 96, 1
76, 113, 1
76, 95, 1
76, 84, 1
76, 78, 1
76, 89, 1
76, 98, 1
76, 143, 1
76, 79, 1
76, 133, 1
76, 125, 1
76, 124, 1
76, 141, 1
76, 119, 1
76, 117, 1
76, 72, 1
76, 102, 1
76, 94, 1
76, 73, 1
76, 100, 1
76, 123, 1
76, 101, 1
76, 90, 1
76, 71, 1
76, 70, 1
76, 132, 1
188, 185, 1
188, 186, 1
188, 187, 1
101, 185, -1
101, 186, -1
101, 187, -1
101, 45, -1
101, 60, -1
101, 46, -1
101, 1, -1
101, 8, -1
101, 51, -1
101, 2, -1
101, 55, -1
101, 52, -1
101, 164, -1
101, 163, -1
101, 180, -1
101, 159, -1
101, 146, -1
101, 160, -1
156, 126, -1
156, 92, -1
156, 128, -1
156, 96, -1
156, 113, -1
156, 95, -1
156, 84, -1
156, 78, -1
156, 89, -1
156, 98, -1
156, 143, -1
156, 79, -1
156, 133, -1
156, 125, -1
156, 124, -1
156, 141, -1
156, 119, -1
156, 117, -1
156, 72, -1
156, 102, -1
156, 94, -1
156, 73, -1
156, 100, -1
156, 123, -1
156, 101, -1
156, 185, -1
156, 186, -1
156, 187, -1
156, 45, -1
156, 60, -1
156, 46, -1
156, 1, -1
156, 8, -1
156, 51, -1
156, 2, -1
156, 55, -1
156, 52, -1
156, 164, -1
156, 163, -1
156, 180, -1
90, 185, -1
90, 186, -1
90, 187, -1
90, 45, -1
90, 60, -1
90, 46, -1
90, 1, -1
90, 8, -1
90, 51, -1
90, 2, -1
90, 55, -1
90, 52, -1
90, 164, -1
90, 163, -1
90, 180, -1
90, 159, -1
90, 146, -1
90, 160, -1
90, 156, -1
71, 185, -1
71, 186, -1
71, 187, -1
71, 45, -1
71, 60, -1
71, 46, -1
71, 1, -1
71, 8, -1
71, 51, -1
71, 2, -1
71, 55, -1
71, 52, -1
71, 164, -1
71, 163, -1
71, 180, -1
71, 159, -1
71, 146, -1
71, 160, -1
71, 156, -1
70, 185, -1
70, 186, -1
70, 187, -1
70, 45, -1
70, 60, -1
70, 46, -1
70, 1, -1
70, 8, -1
70, 51, -1
70, 2, -1
70, 55, -1
70, 52, -1
70, 164, -1
70, 163, -1
70, 180, -1
70, 159, -1
70, 146, -1
70, 160, -1
70, 156, -1
132, 185, -1
132, 186, -1
132, 187, -1
132, 45, -1
132, 60, -1
132, 46, -1
132, 1, -1
132, 8, -1
132, 51, -1
132, 2, -1
132, 55, -1
132, 52, -1
132, 164, -1
132, 163, -1
132, 180, -1
132, 159, -1
132, 146, -1
132, 160, -1
132, 156, -1
76, 185, -1
76, 186, -1
76, 187, -1
76, 45, -1
76, 60, -1
76, 46, -1
76, 1, -1
76, 8, -1
76, 51, -1
76, 2, -1
76, 55, -1
76, 52, -1
76, 164, -1
76, 163, -1
76, 180, -1
76, 159, -1
76, 146, -1
76, 160, -1
76, 156, -1
188, 126, -1
188, 92, -1
188, 128, -1
188, 96, -1
188, 113, -1
188, 95, -1
188, 84, -1
188, 78, -1
188, 89, -1
188, 98, -1
188, 143, -1
188, 79, -1
188, 133, -1
188, 125, -1
188, 124, -1
188, 141, -1
188, 119, -1
188, 117, -1
188, 72, -1
188, 102, -1
188, 94, -1
188, 73, -1
188, 100, -1
188, 123, -1
188, 101, -1
188, 90, -1
188, 71, -1
188, 70, -1
188, 132, -1
188, 76, -1
188, 45, -1
188, 60, -1
188, 46, -1
188, 1, -1
188, 8, -1
188, 51, -1
188, 2, -1
188, 55, -1
188, 52, -1
188, 164, -1
188, 163, -1
188, 180, -1
188, 159, -1
188, 146, -1
188, 160, -1
188, 156, -1

