348, 382, 1
760, 382, 1
760, 348, 1
3688, 2688, 1
421, 382, 1
421, 348, 1
421, 760, 1
3059, 2688, 1
3059, 3688, 1
1914, 382, 1
1914, 348, 1
1914, 760, 1
1914, 421, 1
2688, 382, -1
2688, 348, -1
760, 2688, -1
3688, 382, -1
3688, 348, -1
3688, 760, -1
421, 2688, -1
421, 3688, -1
3059, 382, -1
3059, 348, -1
3059, 760, -1
3059, 421, -1
1914, 2688, -1
1914, 3688, -1
1914, 3059, -1

592, 382, 1
592, 348, 1
592, 760, 1
592, 421, 1
592, 1914, 1
2124, 2688, 1
2124, 3688, 1
2124, 3059, 1
83, 382, 1
83, 348, 1
83, 760, 1
83, 421, 1
83, 1914, 1
83, 592, 1
3326, 2688, 1
3326, 3688, 1
3326, 3059, 1
3326, 2124, 1
2132, 2688, 1
2132, 3688, 1
2132, 3059, 1
2132, 2124, 1
2132, 3326, 1
3101, 2688, 1
3101, 3688, 1
3101, 3059, 1
3101, 2124, 1
3101, 3326, 1
3101, 2132, 1
592, 2688, -1
592, 3688, -1
592, 3059, -1
2124, 382, -1
2124, 348, -1
2124, 760, -1
2124, 421, -1
2124, 1914, -1
2124, 592, -1
83, 2688, -1
83, 3688, -1
83, 3059, -1
83, 2124, -1
3326, 382, -1
3326, 348, -1
3326, 760, -1
3326, 421, -1
3326, 1914, -1
3326, 592, -1
3326, 83, -1
2132, 382, -1
2132, 348, -1
2132, 760, -1
2132, 421, -1
2132, 1914, -1
2132, 592, -1
2132, 83, -1
3101, 382, -1
3101, 348, -1
3101, 760, -1
3101, 421, -1
3101, 1914, -1
3101, 592, -1
3101, 83, -1

256, 382, 1
256, 348, 1
256, 760, 1
256, 421, 1
256, 1914, 1
256, 592, 1
256, 83, 1
3250, 2688, 1
3250, 3688, 1
3250, 3059, 1
3250, 2124, 1
3250, 3326, 1
3250, 2132, 1
3250, 3101, 1
3397, 2688, 1
3397, 3688, 1
3397, 3059, 1
3397, 2124, 1
3397, 3326, 1
3397, 2132, 1
3397, 3101, 1
3397, 3250, 1
141, 382, 1
141, 348, 1
141, 760, 1
141, 421, 1
141, 1914, 1
141, 592, 1
141, 83, 1
141, 256, 1
1160, 382, 1
1160, 348, 1
1160, 760, 1
1160, 421, 1
1160, 1914, 1
1160, 592, 1
1160, 83, 1
1160, 256, 1
1160, 141, 1
2150, 2688, 1
2150, 3688, 1
2150, 3059, 1
2150, 2124, 1
2150, 3326, 1
2150, 2132, 1
2150, 3101, 1
2150, 3250, 1
2150, 3397, 1
157, 382, 1
157, 348, 1
157, 760, 1
157, 421, 1
157, 1914, 1
157, 592, 1
157, 83, 1
157, 256, 1
157, 141, 1
157, 1160, 1
256, 2688, -1
256, 3688, -1
256, 3059, -1
256, 2124, -1
256, 3326, -1
256, 2132, -1
256, 3101, -1
3250, 382, -1
3250, 348, -1
3250, 760, -1
3250, 421, -1
3250, 1914, -1
3250, 592, -1
3250, 83, -1
3250, 256, -1
3397, 382, -1
3397, 348, -1
3397, 760, -1
3397, 421, -1
3397, 1914, -1
3397, 592, -1
3397, 83, -1
3397, 256, -1
141, 2688, -1
141, 3688, -1
141, 3059, -1
141, 2124, -1
141, 3326, -1
141, 2132, -1
141, 3101, -1
141, 3250, -1
141, 3397, -1
1160, 2688, -1
1160, 3688, -1
1160, 3059, -1
1160, 2124, -1
1160, 3326, -1
1160, 2132, -1
1160, 3101, -1
1160, 3250, -1
1160, 3397, -1
2150, 382, -1
2150, 348, -1
2150, 760, -1
2150, 421, -1
2150, 1914, -1
2150, 592, -1
2150, 83, -1
2150, 256, -1
2150, 141, -1
2150, 1160, -1
157, 2688, -1
157, 3688, -1
157, 3059, -1
157, 2124, -1
157, 3326, -1
157, 2132, -1
157, 3101, -1
157, 3250, -1
157, 3397, -1
157, 2150, -1

1440, 382, 1
1440, 348, 1
1440, 760, 1
1440, 421, 1
1440, 1914, 1
1440, 592, 1
1440, 83, 1
1440, 256, 1
1440, 141, 1
1440, 1160, 1
1440, 157, 1
1357, 382, 1
1357, 348, 1
1357, 760, 1
1357, 421, 1
1357, 1914, 1
1357, 592, 1
1357, 83, 1
1357, 256, 1
1357, 141, 1
1357, 1160, 1
1357, 157, 1
1357, 1440, 1
1741, 382, 1
1741, 348, 1
1741, 760, 1
1741, 421, 1
1741, 1914, 1
1741, 592, 1
1741, 83, 1
1741, 256, 1
1741, 141, 1
1741, 1160, 1
1741, 157, 1
1741, 1440, 1
1741, 1357, 1
364, 382, 1
364, 348, 1
364, 760, 1
364, 421, 1
364, 1914, 1
364, 592, 1
364, 83, 1
364, 256, 1
364, 141, 1
364, 1160, 1
364, 157, 1
364, 1440, 1
364, 1357, 1
364, 1741, 1
426, 382, 1
426, 348, 1
426, 760, 1
426, 421, 1
426, 1914, 1
426, 592, 1
426, 83, 1
426, 256, 1
426, 141, 1
426, 1160, 1
426, 157, 1
426, 1440, 1
426, 1357, 1
426, 1741, 1
426, 364, 1
2676, 2688, 1
2676, 3688, 1
2676, 3059, 1
2676, 2124, 1
2676, 3326, 1
2676, 2132, 1
2676, 3101, 1
2676, 3250, 1
2676, 3397, 1
2676, 2150, 1
3791, 2688, 1
3791, 3688, 1
3791, 3059, 1
3791, 2124, 1
3791, 3326, 1
3791, 2132, 1
3791, 3101, 1
3791, 3250, 1
3791, 3397, 1
3791, 2150, 1
3791, 2676, 1
545, 382, 1
545, 348, 1
545, 760, 1
545, 421, 1
545, 1914, 1
545, 592, 1
545, 83, 1
545, 256, 1
545, 141, 1
545, 1160, 1
545, 157, 1
545, 1440, 1
545, 1357, 1
545, 1741, 1
545, 364, 1
545, 426, 1
1440, 2688, -1
1440, 3688, -1
1440, 3059, -1
1440, 2124, -1
1440, 3326, -1
1440, 2132, -1
1440, 3101, -1
1440, 3250, -1
1440, 3397, -1
1440, 2150, -1
1357, 2688, -1
1357, 3688, -1
1357, 3059, -1
1357, 2124, -1
1357, 3326, -1
1357, 2132, -1
1357, 3101, -1
1357, 3250, -1
1357, 3397, -1
1357, 2150, -1
1741, 2688, -1
1741, 3688, -1
1741, 3059, -1
1741, 2124, -1
1741, 3326, -1
1741, 2132, -1
1741, 3101, -1
1741, 3250, -1
1741, 3397, -1
1741, 2150, -1
364, 2688, -1
364, 3688, -1
364, 3059, -1
364, 2124, -1
364, 3326, -1
364, 2132, -1
364, 3101, -1
364, 3250, -1
364, 3397, -1
364, 2150, -1
426, 2688, -1
426, 3688, -1
426, 3059, -1
426, 2124, -1
426, 3326, -1
426, 2132, -1
426, 3101, -1
426, 3250, -1
426, 3397, -1
426, 2150, -1
2676, 382, -1
2676, 348, -1
2676, 760, -1
2676, 421, -1
2676, 1914, -1
2676, 592, -1
2676, 83, -1
2676, 256, -1
2676, 141, -1
2676, 1160, -1
2676, 157, -1
2676, 1440, -1
2676, 1357, -1
2676, 1741, -1
2676, 364, -1
2676, 426, -1
3791, 382, -1
3791, 348, -1
3791, 760, -1
3791, 421, -1
3791, 1914, -1
3791, 592, -1
3791, 83, -1
3791, 256, -1
3791, 141, -1
3791, 1160, -1
3791, 157, -1
3791, 1440, -1
3791, 1357, -1
3791, 1741, -1
3791, 364, -1
3791, 426, -1
545, 2688, -1
545, 3688, -1
545, 3059, -1
545, 2124, -1
545, 3326, -1
545, 2132, -1
545, 3101, -1
545, 3250, -1
545, 3397, -1
545, 2150, -1
545, 2676, -1
545, 3791, -1

2925, 2688, 1
2925, 3688, 1
2925, 3059, 1
2925, 2124, 1
2925, 3326, 1
2925, 2132, 1
2925, 3101, 1
2925, 3250, 1
2925, 3397, 1
2925, 2150, 1
2925, 2676, 1
2925, 3791, 1
3424, 2688, 1
3424, 3688, 1
3424, 3059, 1
3424, 2124, 1
3424, 3326, 1
3424, 2132, 1
3424, 3101, 1
3424, 3250, 1
3424, 3397, 1
3424, 2150, 1
3424, 2676, 1
3424, 3791, 1
3424, 2925, 1
3039, 2688, 1
3039, 3688, 1
3039, 3059, 1
3039, 2124, 1
3039, 3326, 1
3039, 2132, 1
3039, 3101, 1
3039, 3250, 1
3039, 3397, 1
3039, 2150, 1
3039, 2676, 1
3039, 3791, 1
3039, 2925, 1
3039, 3424, 1
150, 382, 1
150, 348, 1
150, 760, 1
150, 421, 1
150, 1914, 1
150, 592, 1
150, 83, 1
150, 256, 1
150, 141, 1
150, 1160, 1
150, 157, 1
150, 1440, 1
150, 1357, 1
150, 1741, 1
150, 364, 1
150, 426, 1
150, 545, 1
3294, 2688, 1
3294, 3688, 1
3294, 3059, 1
3294, 2124, 1
3294, 3326, 1
3294, 2132, 1
3294, 3101, 1
3294, 3250, 1
3294, 3397, 1
3294, 2150, 1
3294, 2676, 1
3294, 3791, 1
3294, 2925, 1
3294, 3424, 1
3294, 3039, 1
591, 382, 1
591, 348, 1
591, 760, 1
591, 421, 1
591, 1914, 1
591, 592, 1
591, 83, 1
591, 256, 1
591, 141, 1
591, 1160, 1
591, 157, 1
591, 1440, 1
591, 1357, 1
591, 1741, 1
591, 364, 1
591, 426, 1
591, 545, 1
591, 150, 1
2925, 382, -1
2925, 348, -1
2925, 760, -1
2925, 421, -1
2925, 1914, -1
2925, 592, -1
2925, 83, -1
2925, 256, -1
2925, 141, -1
2925, 1160, -1
2925, 157, -1
2925, 1440, -1
2925, 1357, -1
2925, 1741, -1
2925, 364, -1
2925, 426, -1
2925, 545, -1
3424, 382, -1
3424, 348, -1
3424, 760, -1
3424, 421, -1
3424, 1914, -1
3424, 592, -1
3424, 83, -1
3424, 256, -1
3424, 141, -1
3424, 1160, -1
3424, 157, -1
3424, 1440, -1
3424, 1357, -1
3424, 1741, -1
3424, 364, -1
3424, 426, -1
3424, 545, -1
3039, 382, -1
3039, 348, -1
3039, 760, -1
3039, 421, -1
3039, 1914, -1
3039, 592, -1
3039, 83, -1
3039, 256, -1
3039, 141, -1
3039, 1160, -1
3039, 157, -1
3039, 1440, -1
3039, 1357, -1
3039, 1741, -1
3039, 364, -1
3039, 426, -1
3039, 545, -1
150, 2688, -1
150, 3688, -1
150, 3059, -1
150, 2124, -1
150, 3326, -1
150, 2132, -1
150, 3101, -1
150, 3250, -1
150, 3397, -1
150, 2150, -1
150, 2676, -1
150, 3791, -1
150, 2925, -1
150, 3424, -1
150, 3039, -1
3294, 382, -1
3294, 348, -1
3294, 760, -1
3294, 421, -1
3294, 1914, -1
3294, 592, -1
3294, 83, -1
3294, 256, -1
3294, 141, -1
3294, 1160, -1
3294, 157, -1
3294, 1440, -1
3294, 1357, -1
3294, 1741, -1
3294, 364, -1
3294, 426, -1
3294, 545, -1
3294, 150, -1
591, 2688, -1
591, 3688, -1
591, 3059, -1
591, 2124, -1
591, 3326, -1
591, 2132, -1
591, 3101, -1
591, 3250, -1
591, 3397, -1
591, 2150, -1
591, 2676, -1
591, 3791, -1
591, 2925, -1
591, 3424, -1
591, 3039, -1
591, 3294, -1

50, 382, 1
50, 348, 1
50, 760, 1
50, 421, 1
50, 1914, 1
50, 592, 1
50, 83, 1
50, 256, 1
50, 141, 1
50, 1160, 1
50, 157, 1
50, 1440, 1
50, 1357, 1
50, 1741, 1
50, 364, 1
50, 426, 1
50, 545, 1
50, 150, 1
50, 591, 1
857, 382, 1
857, 348, 1
857, 760, 1
857, 421, 1
857, 1914, 1
857, 592, 1
857, 83, 1
857, 256, 1
857, 141, 1
857, 1160, 1
857, 157, 1
857, 1440, 1
857, 1357, 1
857, 1741, 1
857, 364, 1
857, 426, 1
857, 545, 1
857, 150, 1
857, 591, 1
857, 50, 1
2903, 2688, 1
2903, 3688, 1
2903, 3059, 1
2903, 2124, 1
2903, 3326, 1
2903, 2132, 1
2903, 3101, 1
2903, 3250, 1
2903, 3397, 1
2903, 2150, 1
2903, 2676, 1
2903, 3791, 1
2903, 2925, 1
2903, 3424, 1
2903, 3039, 1
2903, 3294, 1
2302, 2688, 1
2302, 3688, 1
2302, 3059, 1
2302, 2124, 1
2302, 3326, 1
2302, 2132, 1
2302, 3101, 1
2302, 3250, 1
2302, 3397, 1
2302, 2150, 1
2302, 2676, 1
2302, 3791, 1
2302, 2925, 1
2302, 3424, 1
2302, 3039, 1
2302, 3294, 1
2302, 2903, 1
1137, 382, 1
1137, 348, 1
1137, 760, 1
1137, 421, 1
1137, 1914, 1
1137, 592, 1
1137, 83, 1
1137, 256, 1
1137, 141, 1
1137, 1160, 1
1137, 157, 1
1137, 1440, 1
1137, 1357, 1
1137, 1741, 1
1137, 364, 1
1137, 426, 1
1137, 545, 1
1137, 150, 1
1137, 591, 1
1137, 50, 1
1137, 857, 1
3484, 2688, 1
3484, 3688, 1
3484, 3059, 1
3484, 2124, 1
3484, 3326, 1
3484, 2132, 1
3484, 3101, 1
3484, 3250, 1
3484, 3397, 1
3484, 2150, 1
3484, 2676, 1
3484, 3791, 1
3484, 2925, 1
3484, 3424, 1
3484, 3039, 1
3484, 3294, 1
3484, 2903, 1
3484, 2302, 1
459, 382, 1
459, 348, 1
459, 760, 1
459, 421, 1
459, 1914, 1
459, 592, 1
459, 83, 1
459, 256, 1
459, 141, 1
459, 1160, 1
459, 157, 1
459, 1440, 1
459, 1357, 1
459, 1741, 1
459, 364, 1
459, 426, 1
459, 545, 1
459, 150, 1
459, 591, 1
459, 50, 1
459, 857, 1
459, 1137, 1
50, 2688, -1
50, 3688, -1
50, 3059, -1
50, 2124, -1
50, 3326, -1
50, 2132, -1
50, 3101, -1
50, 3250, -1
50, 3397, -1
50, 2150, -1
50, 2676, -1
50, 3791, -1
50, 2925, -1
50, 3424, -1
50, 3039, -1
50, 3294, -1
857, 2688, -1
857, 3688, -1
857, 3059, -1
857, 2124, -1
857, 3326, -1
857, 2132, -1
857, 3101, -1
857, 3250, -1
857, 3397, -1
857, 2150, -1
857, 2676, -1
857, 3791, -1
857, 2925, -1
857, 3424, -1
857, 3039, -1
857, 3294, -1
2903, 382, -1
2903, 348, -1
2903, 760, -1
2903, 421, -1
2903, 1914, -1
2903, 592, -1
2903, 83, -1
2903, 256, -1
2903, 141, -1
2903, 1160, -1
2903, 157, -1
2903, 1440, -1
2903, 1357, -1
2903, 1741, -1
2903, 364, -1
2903, 426, -1
2903, 545, -1
2903, 150, -1
2903, 591, -1
2903, 50, -1
2903, 857, -1
2302, 382, -1
2302, 348, -1
2302, 760, -1
2302, 421, -1
2302, 1914, -1
2302, 592, -1
2302, 83, -1
2302, 256, -1
2302, 141, -1
2302, 1160, -1
2302, 157, -1
2302, 1440, -1
2302, 1357, -1
2302, 1741, -1
2302, 364, -1
2302, 426, -1
2302, 545, -1
2302, 150, -1
2302, 591, -1
2302, 50, -1
2302, 857, -1
1137, 2688, -1
1137, 3688, -1
1137, 3059, -1
1137, 2124, -1
1137, 3326, -1
1137, 2132, -1
1137, 3101, -1
1137, 3250, -1
1137, 3397, -1
1137, 2150, -1
1137, 2676, -1
1137, 3791, -1
1137, 2925, -1
1137, 3424, -1
1137, 3039, -1
1137, 3294, -1
1137, 2903, -1
1137, 2302, -1
3484, 382, -1
3484, 348, -1
3484, 760, -1
3484, 421, -1
3484, 1914, -1
3484, 592, -1
3484, 83, -1
3484, 256, -1
3484, 141, -1
3484, 1160, -1
3484, 157, -1
3484, 1440, -1
3484, 1357, -1
3484, 1741, -1
3484, 364, -1
3484, 426, -1
3484, 545, -1
3484, 150, -1
3484, 591, -1
3484, 50, -1
3484, 857, -1
3484, 1137, -1
459, 2688, -1
459, 3688, -1
459, 3059, -1
459, 2124, -1
459, 3326, -1
459, 2132, -1
459, 3101, -1
459, 3250, -1
459, 3397, -1
459, 2150, -1
459, 2676, -1
459, 3791, -1
459, 2925, -1
459, 3424, -1
459, 3039, -1
459, 3294, -1
459, 2903, -1
459, 2302, -1
459, 3484, -1

876, 382, 1
876, 348, 1
876, 760, 1
876, 421, 1
876, 1914, 1
876, 592, 1
876, 83, 1
876, 256, 1
876, 141, 1
876, 1160, 1
876, 157, 1
876, 1440, 1
876, 1357, 1
876, 1741, 1
876, 364, 1
876, 426, 1
876, 545, 1
876, 150, 1
876, 591, 1
876, 50, 1
876, 857, 1
876, 1137, 1
876, 459, 1
105, 382, 1
105, 348, 1
105, 760, 1
105, 421, 1
105, 1914, 1
105, 592, 1
105, 83, 1
105, 256, 1
105, 141, 1
105, 1160, 1
105, 157, 1
105, 1440, 1
105, 1357, 1
105, 1741, 1
105, 364, 1
105, 426, 1
105, 545, 1
105, 150, 1
105, 591, 1
105, 50, 1
105, 857, 1
105, 1137, 1
105, 459, 1
105, 876, 1
383, 382, 1
383, 348, 1
383, 760, 1
383, 421, 1
383, 1914, 1
383, 592, 1
383, 83, 1
383, 256, 1
383, 141, 1
383, 1160, 1
383, 157, 1
383, 1440, 1
383, 1357, 1
383, 1741, 1
383, 364, 1
383, 426, 1
383, 545, 1
383, 150, 1
383, 591, 1
383, 50, 1
383, 857, 1
383, 1137, 1
383, 459, 1
383, 876, 1
383, 105, 1
3550, 2688, 1
3550, 3688, 1
3550, 3059, 1
3550, 2124, 1
3550, 3326, 1
3550, 2132, 1
3550, 3101, 1
3550, 3250, 1
3550, 3397, 1
3550, 2150, 1
3550, 2676, 1
3550, 3791, 1
3550, 2925, 1
3550, 3424, 1
3550, 3039, 1
3550, 3294, 1
3550, 2903, 1
3550, 2302, 1
3550, 3484, 1
2425, 2688, 1
2425, 3688, 1
2425, 3059, 1
2425, 2124, 1
2425, 3326, 1
2425, 2132, 1
2425, 3101, 1
2425, 3250, 1
2425, 3397, 1
2425, 2150, 1
2425, 2676, 1
2425, 3791, 1
2425, 2925, 1
2425, 3424, 1
2425, 3039, 1
2425, 3294, 1
2425, 2903, 1
2425, 2302, 1
2425, 3484, 1
2425, 3550, 1
965, 382, 1
965, 348, 1
965, 760, 1
965, 421, 1
965, 1914, 1
965, 592, 1
965, 83, 1
965, 256, 1
965, 141, 1
965, 1160, 1
965, 157, 1
965, 1440, 1
965, 1357, 1
965, 1741, 1
965, 364, 1
965, 426, 1
965, 545, 1
965, 150, 1
965, 591, 1
965, 50, 1
965, 857, 1
965, 1137, 1
965, 459, 1
965, 876, 1
965, 105, 1
965, 383, 1
3742, 2688, 1
3742, 3688, 1
3742, 3059, 1
3742, 2124, 1
3742, 3326, 1
3742, 2132, 1
3742, 3101, 1
3742, 3250, 1
3742, 3397, 1
3742, 2150, 1
3742, 2676, 1
3742, 3791, 1
3742, 2925, 1
3742, 3424, 1
3742, 3039, 1
3742, 3294, 1
3742, 2903, 1
3742, 2302, 1
3742, 3484, 1
3742, 3550, 1
3742, 2425, 1
876, 2688, -1
876, 3688, -1
876, 3059, -1
876, 2124, -1
876, 3326, -1
876, 2132, -1
876, 3101, -1
876, 3250, -1
876, 3397, -1
876, 2150, -1
876, 2676, -1
876, 3791, -1
876, 2925, -1
876, 3424, -1
876, 3039, -1
876, 3294, -1
876, 2903, -1
876, 2302, -1
876, 3484, -1
105, 2688, -1
105, 3688, -1
105, 3059, -1
105, 2124, -1
105, 3326, -1
105, 2132, -1
105, 3101, -1
105, 3250, -1
105, 3397, -1
105, 2150, -1
105, 2676, -1
105, 3791, -1
105, 2925, -1
105, 3424, -1
105, 3039, -1
105, 3294, -1
105, 2903, -1
105, 2302, -1
105, 3484, -1
383, 2688, -1
383, 3688, -1
383, 3059, -1
383, 2124, -1
383, 3326, -1
383, 2132, -1
383, 3101, -1
383, 3250, -1
383, 3397, -1
383, 2150, -1
383, 2676, -1
383, 3791, -1
383, 2925, -1
383, 3424, -1
383, 3039, -1
383, 3294, -1
383, 2903, -1
383, 2302, -1
383, 3484, -1
3550, 382, -1
3550, 348, -1
3550, 760, -1
3550, 421, -1
3550, 1914, -1
3550, 592, -1
3550, 83, -1
3550, 256, -1
3550, 141, -1
3550, 1160, -1
3550, 157, -1
3550, 1440, -1
3550, 1357, -1
3550, 1741, -1
3550, 364, -1
3550, 426, -1
3550, 545, -1
3550, 150, -1
3550, 591, -1
3550, 50, -1
3550, 857, -1
3550, 1137, -1
3550, 459, -1
3550, 876, -1
3550, 105, -1
3550, 383, -1
2425, 382, -1
2425, 348, -1
2425, 760, -1
2425, 421, -1
2425, 1914, -1
2425, 592, -1
2425, 83, -1
2425, 256, -1
2425, 141, -1
2425, 1160, -1
2425, 157, -1
2425, 1440, -1
2425, 1357, -1
2425, 1741, -1
2425, 364, -1
2425, 426, -1
2425, 545, -1
2425, 150, -1
2425, 591, -1
2425, 50, -1
2425, 857, -1
2425, 1137, -1
2425, 459, -1
2425, 876, -1
2425, 105, -1
2425, 383, -1
965, 2688, -1
965, 3688, -1
965, 3059, -1
965, 2124, -1
965, 3326, -1
965, 2132, -1
965, 3101, -1
965, 3250, -1
965, 3397, -1
965, 2150, -1
965, 2676, -1
965, 3791, -1
965, 2925, -1
965, 3424, -1
965, 3039, -1
965, 3294, -1
965, 2903, -1
965, 2302, -1
965, 3484, -1
965, 3550, -1
965, 2425, -1
3742, 382, -1
3742, 348, -1
3742, 760, -1
3742, 421, -1
3742, 1914, -1
3742, 592, -1
3742, 83, -1
3742, 256, -1
3742, 141, -1
3742, 1160, -1
3742, 157, -1
3742, 1440, -1
3742, 1357, -1
3742, 1741, -1
3742, 364, -1
3742, 426, -1
3742, 545, -1
3742, 150, -1
3742, 591, -1
3742, 50, -1
3742, 857, -1
3742, 1137, -1
3742, 459, -1
3742, 876, -1
3742, 105, -1
3742, 383, -1
3742, 965, -1

3290, 2688, 1
3290, 3688, 1
3290, 3059, 1
3290, 2124, 1
3290, 3326, 1
3290, 2132, 1
3290, 3101, 1
3290, 3250, 1
3290, 3397, 1
3290, 2150, 1
3290, 2676, 1
3290, 3791, 1
3290, 2925, 1
3290, 3424, 1
3290, 3039, 1
3290, 3294, 1
3290, 2903, 1
3290, 2302, 1
3290, 3484, 1
3290, 3550, 1
3290, 2425, 1
3290, 3742, 1
2458, 2688, 1
2458, 3688, 1
2458, 3059, 1
2458, 2124, 1
2458, 3326, 1
2458, 2132, 1
2458, 3101, 1
2458, 3250, 1
2458, 3397, 1
2458, 2150, 1
2458, 2676, 1
2458, 3791, 1
2458, 2925, 1
2458, 3424, 1
2458, 3039, 1
2458, 3294, 1
2458, 2903, 1
2458, 2302, 1
2458, 3484, 1
2458, 3550, 1
2458, 2425, 1
2458, 3742, 1
2458, 3290, 1
670, 382, 1
670, 348, 1
670, 760, 1
670, 421, 1
670, 1914, 1
670, 592, 1
670, 83, 1
670, 256, 1
670, 141, 1
670, 1160, 1
670, 157, 1
670, 1440, 1
670, 1357, 1
670, 1741, 1
670, 364, 1
670, 426, 1
670, 545, 1
670, 150, 1
670, 591, 1
670, 50, 1
670, 857, 1
670, 1137, 1
670, 459, 1
670, 876, 1
670, 105, 1
670, 383, 1
670, 965, 1
3466, 2688, 1
3466, 3688, 1
3466, 3059, 1
3466, 2124, 1
3466, 3326, 1
3466, 2132, 1
3466, 3101, 1
3466, 3250, 1
3466, 3397, 1
3466, 2150, 1
3466, 2676, 1
3466, 3791, 1
3466, 2925, 1
3466, 3424, 1
3466, 3039, 1
3466, 3294, 1
3466, 2903, 1
3466, 2302, 1
3466, 3484, 1
3466, 3550, 1
3466, 2425, 1
3466, 3742, 1
3466, 3290, 1
3466, 2458, 1
2190, 2688, 1
2190, 3688, 1
2190, 3059, 1
2190, 2124, 1
2190, 3326, 1
2190, 2132, 1
2190, 3101, 1
2190, 3250, 1
2190, 3397, 1
2190, 2150, 1
2190, 2676, 1
2190, 3791, 1
2190, 2925, 1
2190, 3424, 1
2190, 3039, 1
2190, 3294, 1
2190, 2903, 1
2190, 2302, 1
2190, 3484, 1
2190, 3550, 1
2190, 2425, 1
2190, 3742, 1
2190, 3290, 1
2190, 2458, 1
2190, 3466, 1
3290, 382, -1
3290, 348, -1
3290, 760, -1
3290, 421, -1
3290, 1914, -1
3290, 592, -1
3290, 83, -1
3290, 256, -1
3290, 141, -1
3290, 1160, -1
3290, 157, -1
3290, 1440, -1
3290, 1357, -1
3290, 1741, -1
3290, 364, -1
3290, 426, -1
3290, 545, -1
3290, 150, -1
3290, 591, -1
3290, 50, -1
3290, 857, -1
3290, 1137, -1
3290, 459, -1
3290, 876, -1
3290, 105, -1
3290, 383, -1
3290, 965, -1
2458, 382, -1
2458, 348, -1
2458, 760, -1
2458, 421, -1
2458, 1914, -1
2458, 592, -1
2458, 83, -1
2458, 256, -1
2458, 141, -1
2458, 1160, -1
2458, 157, -1
2458, 1440, -1
2458, 1357, -1
2458, 1741, -1
2458, 364, -1
2458, 426, -1
2458, 545, -1
2458, 150, -1
2458, 591, -1
2458, 50, -1
2458, 857, -1
2458, 1137, -1
2458, 459, -1
2458, 876, -1
2458, 105, -1
2458, 383, -1
2458, 965, -1
670, 2688, -1
670, 3688, -1
670, 3059, -1
670, 2124, -1
670, 3326, -1
670, 2132, -1
670, 3101, -1
670, 3250, -1
670, 3397, -1
670, 2150, -1
670, 2676, -1
670, 3791, -1
670, 2925, -1
670, 3424, -1
670, 3039, -1
670, 3294, -1
670, 2903, -1
670, 2302, -1
670, 3484, -1
670, 3550, -1
670, 2425, -1
670, 3742, -1
670, 3290, -1
670, 2458, -1
3466, 382, -1
3466, 348, -1
3466, 760, -1
3466, 421, -1
3466, 1914, -1
3466, 592, -1
3466, 83, -1
3466, 256, -1
3466, 141, -1
3466, 1160, -1
3466, 157, -1
3466, 1440, -1
3466, 1357, -1
3466, 1741, -1
3466, 364, -1
3466, 426, -1
3466, 545, -1
3466, 150, -1
3466, 591, -1
3466, 50, -1
3466, 857, -1
3466, 1137, -1
3466, 459, -1
3466, 876, -1
3466, 105, -1
3466, 383, -1
3466, 965, -1
3466, 670, -1
2190, 382, -1
2190, 348, -1
2190, 760, -1
2190, 421, -1
2190, 1914, -1
2190, 592, -1
2190, 83, -1
2190, 256, -1
2190, 141, -1
2190, 1160, -1
2190, 157, -1
2190, 1440, -1
2190, 1357, -1
2190, 1741, -1
2190, 364, -1
2190, 426, -1
2190, 545, -1
2190, 150, -1
2190, 591, -1
2190, 50, -1
2190, 857, -1
2190, 1137, -1
2190, 459, -1
2190, 876, -1
2190, 105, -1
2190, 383, -1
2190, 965, -1
2190, 670, -1

3404, 2688, 1
3404, 3688, 1
3404, 3059, 1
3404, 2124, 1
3404, 3326, 1
3404, 2132, 1
3404, 3101, 1
3404, 3250, 1
3404, 3397, 1
3404, 2150, 1
3404, 2676, 1
3404, 3791, 1
3404, 2925, 1
3404, 3424, 1
3404, 3039, 1
3404, 3294, 1
3404, 2903, 1
3404, 2302, 1
3404, 3484, 1
3404, 3550, 1
3404, 2425, 1
3404, 3742, 1
3404, 3290, 1
3404, 2458, 1
3404, 3466, 1
3404, 2190, 1
2772, 2688, 1
2772, 3688, 1
2772, 3059, 1
2772, 2124, 1
2772, 3326, 1
2772, 2132, 1
2772, 3101, 1
2772, 3250, 1
2772, 3397, 1
2772, 2150, 1
2772, 2676, 1
2772, 3791, 1
2772, 2925, 1
2772, 3424, 1
2772, 3039, 1
2772, 3294, 1
2772, 2903, 1
2772, 2302, 1
2772, 3484, 1
2772, 3550, 1
2772, 2425, 1
2772, 3742, 1
2772, 3290, 1
2772, 2458, 1
2772, 3466, 1
2772, 2190, 1
2772, 3404, 1
1261, 382, 1
1261, 348, 1
1261, 760, 1
1261, 421, 1
1261, 1914, 1
1261, 592, 1
1261, 83, 1
1261, 256, 1
1261, 141, 1
1261, 1160, 1
1261, 157, 1
1261, 1440, 1
1261, 1357, 1
1261, 1741, 1
1261, 364, 1
1261, 426, 1
1261, 545, 1
1261, 150, 1
1261, 591, 1
1261, 50, 1
1261, 857, 1
1261, 1137, 1
1261, 459, 1
1261, 876, 1
1261, 105, 1
1261, 383, 1
1261, 965, 1
1261, 670, 1
3952, 2688, 1
3952, 3688, 1
3952, 3059, 1
3952, 2124, 1
3952, 3326, 1
3952, 2132, 1
3952, 3101, 1
3952, 3250, 1
3952, 3397, 1
3952, 2150, 1
3952, 2676, 1
3952, 3791, 1
3952, 2925, 1
3952, 3424, 1
3952, 3039, 1
3952, 3294, 1
3952, 2903, 1
3952, 2302, 1
3952, 3484, 1
3952, 3550, 1
3952, 2425, 1
3952, 3742, 1
3952, 3290, 1
3952, 2458, 1
3952, 3466, 1
3952, 2190, 1
3952, 3404, 1
3952, 2772, 1
2982, 2688, 1
2982, 3688, 1
2982, 3059, 1
2982, 2124, 1
2982, 3326, 1
2982, 2132, 1
2982, 3101, 1
2982, 3250, 1
2982, 3397, 1
2982, 2150, 1
2982, 2676, 1
2982, 3791, 1
2982, 2925, 1
2982, 3424, 1
2982, 3039, 1
2982, 3294, 1
2982, 2903, 1
2982, 2302, 1
2982, 3484, 1
2982, 3550, 1
2982, 2425, 1
2982, 3742, 1
2982, 3290, 1
2982, 2458, 1
2982, 3466, 1
2982, 2190, 1
2982, 3404, 1
2982, 2772, 1
2982, 3952, 1
3404, 382, -1
3404, 348, -1
3404, 760, -1
3404, 421, -1
3404, 1914, -1
3404, 592, -1
3404, 83, -1
3404, 256, -1
3404, 141, -1
3404, 1160, -1
3404, 157, -1
3404, 1440, -1
3404, 1357, -1
3404, 1741, -1
3404, 364, -1
3404, 426, -1
3404, 545, -1
3404, 150, -1
3404, 591, -1
3404, 50, -1
3404, 857, -1
3404, 1137, -1
3404, 459, -1
3404, 876, -1
3404, 105, -1
3404, 383, -1
3404, 965, -1
3404, 670, -1
2772, 382, -1
2772, 348, -1
2772, 760, -1
2772, 421, -1
2772, 1914, -1
2772, 592, -1
2772, 83, -1
2772, 256, -1
2772, 141, -1
2772, 1160, -1
2772, 157, -1
2772, 1440, -1
2772, 1357, -1
2772, 1741, -1
2772, 364, -1
2772, 426, -1
2772, 545, -1
2772, 150, -1
2772, 591, -1
2772, 50, -1
2772, 857, -1
2772, 1137, -1
2772, 459, -1
2772, 876, -1
2772, 105, -1
2772, 383, -1
2772, 965, -1
2772, 670, -1
1261, 2688, -1
1261, 3688, -1
1261, 3059, -1
1261, 2124, -1
1261, 3326, -1
1261, 2132, -1
1261, 3101, -1
1261, 3250, -1
1261, 3397, -1
1261, 2150, -1
1261, 2676, -1
1261, 3791, -1
1261, 2925, -1
1261, 3424, -1
1261, 3039, -1
1261, 3294, -1
1261, 2903, -1
1261, 2302, -1
1261, 3484, -1
1261, 3550, -1
1261, 2425, -1
1261, 3742, -1
1261, 3290, -1
1261, 2458, -1
1261, 3466, -1
1261, 2190, -1
1261, 3404, -1
1261, 2772, -1
3952, 382, -1
3952, 348, -1
3952, 760, -1
3952, 421, -1
3952, 1914, -1
3952, 592, -1
3952, 83, -1
3952, 256, -1
3952, 141, -1
3952, 1160, -1
3952, 157, -1
3952, 1440, -1
3952, 1357, -1
3952, 1741, -1
3952, 364, -1
3952, 426, -1
3952, 545, -1
3952, 150, -1
3952, 591, -1
3952, 50, -1
3952, 857, -1
3952, 1137, -1
3952, 459, -1
3952, 876, -1
3952, 105, -1
3952, 383, -1
3952, 965, -1
3952, 670, -1
3952, 1261, -1
2982, 382, -1
2982, 348, -1
2982, 760, -1
2982, 421, -1
2982, 1914, -1
2982, 592, -1
2982, 83, -1
2982, 256, -1
2982, 141, -1
2982, 1160, -1
2982, 157, -1
2982, 1440, -1
2982, 1357, -1
2982, 1741, -1
2982, 364, -1
2982, 426, -1
2982, 545, -1
2982, 150, -1
2982, 591, -1
2982, 50, -1
2982, 857, -1
2982, 1137, -1
2982, 459, -1
2982, 876, -1
2982, 105, -1
2982, 383, -1
2982, 965, -1
2982, 670, -1
2982, 1261, -1

3464, 2688, 1
3464, 3688, 1
3464, 3059, 1
3464, 2124, 1
3464, 3326, 1
3464, 2132, 1
3464, 3101, 1
3464, 3250, 1
3464, 3397, 1
3464, 2150, 1
3464, 2676, 1
3464, 3791, 1
3464, 2925, 1
3464, 3424, 1
3464, 3039, 1
3464, 3294, 1
3464, 2903, 1
3464, 2302, 1
3464, 3484, 1
3464, 3550, 1
3464, 2425, 1
3464, 3742, 1
3464, 3290, 1
3464, 2458, 1
3464, 3466, 1
3464, 2190, 1
3464, 3404, 1
3464, 2772, 1
3464, 3952, 1
3464, 2982, 1
367, 382, 1
367, 348, 1
367, 760, 1
367, 421, 1
367, 1914, 1
367, 592, 1
367, 83, 1
367, 256, 1
367, 141, 1
367, 1160, 1
367, 157, 1
367, 1440, 1
367, 1357, 1
367, 1741, 1
367, 364, 1
367, 426, 1
367, 545, 1
367, 150, 1
367, 591, 1
367, 50, 1
367, 857, 1
367, 1137, 1
367, 459, 1
367, 876, 1
367, 105, 1
367, 383, 1
367, 965, 1
367, 670, 1
367, 1261, 1
2582, 2688, 1
2582, 3688, 1
2582, 3059, 1
2582, 2124, 1
2582, 3326, 1
2582, 2132, 1
2582, 3101, 1
2582, 3250, 1
2582, 3397, 1
2582, 2150, 1
2582, 2676, 1
2582, 3791, 1
2582, 2925, 1
2582, 3424, 1
2582, 3039, 1
2582, 3294, 1
2582, 2903, 1
2582, 2302, 1
2582, 3484, 1
2582, 3550, 1
2582, 2425, 1
2582, 3742, 1
2582, 3290, 1
2582, 2458, 1
2582, 3466, 1
2582, 2190, 1
2582, 3404, 1
2582, 2772, 1
2582, 3952, 1
2582, 2982, 1
2582, 3464, 1
1662, 382, 1
1662, 348, 1
1662, 760, 1
1662, 421, 1
1662, 1914, 1
1662, 592, 1
1662, 83, 1
1662, 256, 1
1662, 141, 1
1662, 1160, 1
1662, 157, 1
1662, 1440, 1
1662, 1357, 1
1662, 1741, 1
1662, 364, 1
1662, 426, 1
1662, 545, 1
1662, 150, 1
1662, 591, 1
1662, 50, 1
1662, 857, 1
1662, 1137, 1
1662, 459, 1
1662, 876, 1
1662, 105, 1
1662, 383, 1
1662, 965, 1
1662, 670, 1
1662, 1261, 1
1662, 367, 1
3376, 2688, 1
3376, 3688, 1
3376, 3059, 1
3376, 2124, 1
3376, 3326, 1
3376, 2132, 1
3376, 3101, 1
3376, 3250, 1
3376, 3397, 1
3376, 2150, 1
3376, 2676, 1
3376, 3791, 1
3376, 2925, 1
3376, 3424, 1
3376, 3039, 1
3376, 3294, 1
3376, 2903, 1
3376, 2302, 1
3376, 3484, 1
3376, 3550, 1
3376, 2425, 1
3376, 3742, 1
3376, 3290, 1
3376, 2458, 1
3376, 3466, 1
3376, 2190, 1
3376, 3404, 1
3376, 2772, 1
3376, 3952, 1
3376, 2982, 1
3376, 3464, 1
3376, 2582, 1
981, 382, 1
981, 348, 1
981, 760, 1
981, 421, 1
981, 1914, 1
981, 592, 1
981, 83, 1
981, 256, 1
981, 141, 1
981, 1160, 1
981, 157, 1
981, 1440, 1
981, 1357, 1
981, 1741, 1
981, 364, 1
981, 426, 1
981, 545, 1
981, 150, 1
981, 591, 1
981, 50, 1
981, 857, 1
981, 1137, 1
981, 459, 1
981, 876, 1
981, 105, 1
981, 383, 1
981, 965, 1
981, 670, 1
981, 1261, 1
981, 367, 1
981, 1662, 1
3464, 382, -1
3464, 348, -1
3464, 760, -1
3464, 421, -1
3464, 1914, -1
3464, 592, -1
3464, 83, -1
3464, 256, -1
3464, 141, -1
3464, 1160, -1
3464, 157, -1
3464, 1440, -1
3464, 1357, -1
3464, 1741, -1
3464, 364, -1
3464, 426, -1
3464, 545, -1
3464, 150, -1
3464, 591, -1
3464, 50, -1
3464, 857, -1
3464, 1137, -1
3464, 459, -1
3464, 876, -1
3464, 105, -1
3464, 383, -1
3464, 965, -1
3464, 670, -1
3464, 1261, -1
367, 2688, -1
367, 3688, -1
367, 3059, -1
367, 2124, -1
367, 3326, -1
367, 2132, -1
367, 3101, -1
367, 3250, -1
367, 3397, -1
367, 2150, -1
367, 2676, -1
367, 3791, -1
367, 2925, -1
367, 3424, -1
367, 3039, -1
367, 3294, -1
367, 2903, -1
367, 2302, -1
367, 3484, -1
367, 3550, -1
367, 2425, -1
367, 3742, -1
367, 3290, -1
367, 2458, -1
367, 3466, -1
367, 2190, -1
367, 3404, -1
367, 2772, -1
367, 3952, -1
367, 2982, -1
367, 3464, -1
2582, 382, -1
2582, 348, -1
2582, 760, -1
2582, 421, -1
2582, 1914, -1
2582, 592, -1
2582, 83, -1
2582, 256, -1
2582, 141, -1
2582, 1160, -1
2582, 157, -1
2582, 1440, -1
2582, 1357, -1
2582, 1741, -1
2582, 364, -1
2582, 426, -1
2582, 545, -1
2582, 150, -1
2582, 591, -1
2582, 50, -1
2582, 857, -1
2582, 1137, -1
2582, 459, -1
2582, 876, -1
2582, 105, -1
2582, 383, -1
2582, 965, -1
2582, 670, -1
2582, 1261, -1
2582, 367, -1
1662, 2688, -1
1662, 3688, -1
1662, 3059, -1
1662, 2124, -1
1662, 3326, -1
1662, 2132, -1
1662, 3101, -1
1662, 3250, -1
1662, 3397, -1
1662, 2150, -1
1662, 2676, -1
1662, 3791, -1
1662, 2925, -1
1662, 3424, -1
1662, 3039, -1
1662, 3294, -1
1662, 2903, -1
1662, 2302, -1
1662, 3484, -1
1662, 3550, -1
1662, 2425, -1
1662, 3742, -1
1662, 3290, -1
1662, 2458, -1
1662, 3466, -1
1662, 2190, -1
1662, 3404, -1
1662, 2772, -1
1662, 3952, -1
1662, 2982, -1
1662, 3464, -1
1662, 2582, -1
3376, 382, -1
3376, 348, -1
3376, 760, -1
3376, 421, -1
3376, 1914, -1
3376, 592, -1
3376, 83, -1
3376, 256, -1
3376, 141, -1
3376, 1160, -1
3376, 157, -1
3376, 1440, -1
3376, 1357, -1
3376, 1741, -1
3376, 364, -1
3376, 426, -1
3376, 545, -1
3376, 150, -1
3376, 591, -1
3376, 50, -1
3376, 857, -1
3376, 1137, -1
3376, 459, -1
3376, 876, -1
3376, 105, -1
3376, 383, -1
3376, 965, -1
3376, 670, -1
3376, 1261, -1
3376, 367, -1
3376, 1662, -1
981, 2688, -1
981, 3688, -1
981, 3059, -1
981, 2124, -1
981, 3326, -1
981, 2132, -1
981, 3101, -1
981, 3250, -1
981, 3397, -1
981, 2150, -1
981, 2676, -1
981, 3791, -1
981, 2925, -1
981, 3424, -1
981, 3039, -1
981, 3294, -1
981, 2903, -1
981, 2302, -1
981, 3484, -1
981, 3550, -1
981, 2425, -1
981, 3742, -1
981, 3290, -1
981, 2458, -1
981, 3466, -1
981, 2190, -1
981, 3404, -1
981, 2772, -1
981, 3952, -1
981, 2982, -1
981, 3464, -1
981, 2582, -1
981, 3376, -1

