141, 126, 1
77, 92, 1
109, 126, 1
109, 141, 1
129, 126, 1
129, 141, 1
129, 109, 1
110, 126, 1
110, 141, 1
110, 109, 1
110, 129, 1
147, 126, 1
147, 141, 1
147, 109, 1
147, 129, 1
147, 110, 1
92, 126, -1
141, 92, -1
77, 126, -1
77, 141, -1
109, 92, -1
109, 77, -1
129, 92, -1
129, 77, -1
110, 92, -1
110, 77, -1
147, 92, -1
147, 77, -1
0, 126, -1
0, 141, -1
0, 109, -1
0, 129, -1
0, 110, -1
0, 147, -1
0, 92, -1
0, 77, -1

134, 126, 1
134, 141, 1
134, 109, 1
134, 129, 1
134, 110, 1
134, 147, 1
146, 126, 1
146, 141, 1
146, 109, 1
146, 129, 1
146, 110, 1
146, 147, 1
146, 134, 1
114, 126, 1
114, 141, 1
114, 109, 1
114, 129, 1
114, 110, 1
114, 147, 1
114, 134, 1
114, 146, 1
121, 126, 1
121, 141, 1
121, 109, 1
121, 129, 1
121, 110, 1
121, 147, 1
121, 134, 1
121, 146, 1
121, 114, 1
113, 126, 1
113, 141, 1
113, 109, 1
113, 129, 1
113, 110, 1
113, 147, 1
113, 134, 1
113, 146, 1
113, 114, 1
113, 121, 1
134, 92, -1
134, 77, -1
134, 0, -1
146, 92, -1
146, 77, -1
146, 0, -1
114, 92, -1
114, 77, -1
114, 0, -1
121, 92, -1
121, 77, -1
121, 0, -1
113, 92, -1
113, 77, -1
113, 0, -1

101, 126, 1
101, 141, 1
101, 109, 1
101, 129, 1
101, 110, 1
101, 147, 1
101, 134, 1
101, 146, 1
101, 114, 1
101, 121, 1
101, 113, 1
142, 126, 1
142, 141, 1
142, 109, 1
142, 129, 1
142, 110, 1
142, 147, 1
142, 134, 1
142, 146, 1
142, 114, 1
142, 121, 1
142, 113, 1
142, 101, 1
103, 126, 1
103, 141, 1
103, 109, 1
103, 129, 1
103, 110, 1
103, 147, 1
103, 134, 1
103, 146, 1
103, 114, 1
103, 121, 1
103, 113, 1
103, 101, 1
103, 142, 1
138, 126, 1
138, 141, 1
138, 109, 1
138, 129, 1
138, 110, 1
138, 147, 1
138, 134, 1
138, 146, 1
138, 114, 1
138, 121, 1
138, 113, 1
138, 101, 1
138, 142, 1
138, 103, 1
149, 126, 1
149, 141, 1
149, 109, 1
149, 129, 1
149, 110, 1
149, 147, 1
149, 134, 1
149, 146, 1
149, 114, 1
149, 121, 1
149, 113, 1
149, 101, 1
149, 142, 1
149, 103, 1
149, 138, 1
70, 92, 1
70, 77, 1
127, 126, 1
127, 141, 1
127, 109, 1
127, 129, 1
127, 110, 1
127, 147, 1
127, 134, 1
127, 146, 1
127, 114, 1
127, 121, 1
127, 113, 1
127, 101, 1
127, 142, 1
127, 103, 1
127, 138, 1
127, 149, 1
101, 92, -1
101, 77, -1
101, 0, -1
142, 92, -1
142, 77, -1
142, 0, -1
103, 92, -1
103, 77, -1
103, 0, -1
138, 92, -1
138, 77, -1
138, 0, -1
149, 92, -1
149, 77, -1
149, 0, -1
70, 126, -1
70, 141, -1
70, 109, -1
70, 129, -1
70, 110, -1
70, 147, -1
70, 134, -1
70, 146, -1
70, 114, -1
70, 121, -1
70, 113, -1
70, 101, -1
70, 142, -1
70, 103, -1
70, 138, -1
70, 149, -1
70, 0, -1
127, 92, -1
127, 77, -1
127, 70, -1
127, 0, -1

107, 126, 1
107, 141, 1
107, 109, 1
107, 129, 1
107, 110, 1
107, 147, 1
107, 134, 1
107, 146, 1
107, 114, 1
107, 121, 1
107, 113, 1
107, 101, 1
107, 142, 1
107, 103, 1
107, 138, 1
107, 149, 1
107, 127, 1
123, 126, 1
123, 141, 1
123, 109, 1
123, 129, 1
123, 110, 1
123, 147, 1
123, 134, 1
123, 146, 1
123, 114, 1
123, 121, 1
123, 113, 1
123, 101, 1
123, 142, 1
123, 103, 1
123, 138, 1
123, 149, 1
123, 127, 1
123, 107, 1
116, 126, 1
116, 141, 1
116, 109, 1
116, 129, 1
116, 110, 1
116, 147, 1
116, 134, 1
116, 146, 1
116, 114, 1
116, 121, 1
116, 113, 1
116, 101, 1
116, 142, 1
116, 103, 1
116, 138, 1
116, 149, 1
116, 127, 1
116, 107, 1
116, 123, 1
125, 126, 1
125, 141, 1
125, 109, 1
125, 129, 1
125, 110, 1
125, 147, 1
125, 134, 1
125, 146, 1
125, 114, 1
125, 121, 1
125, 113, 1
125, 101, 1
125, 142, 1
125, 103, 1
125, 138, 1
125, 149, 1
125, 127, 1
125, 107, 1
125, 123, 1
125, 116, 1
52, 92, 1
52, 77, 1
52, 70, 1
102, 126, 1
102, 141, 1
102, 109, 1
102, 129, 1
102, 110, 1
102, 147, 1
102, 134, 1
102, 146, 1
102, 114, 1
102, 121, 1
102, 113, 1
102, 101, 1
102, 142, 1
102, 103, 1
102, 138, 1
102, 149, 1
102, 127, 1
102, 107, 1
102, 123, 1
102, 116, 1
102, 125, 1
105, 126, 1
105, 141, 1
105, 109, 1
105, 129, 1
105, 110, 1
105, 147, 1
105, 134, 1
105, 146, 1
105, 114, 1
105, 121, 1
105, 113, 1
105, 101, 1
105, 142, 1
105, 103, 1
105, 138, 1
105, 149, 1
105, 127, 1
105, 107, 1
105, 123, 1
105, 116, 1
105, 125, 1
105, 102, 1
112, 126, 1
112, 141, 1
112, 109, 1
112, 129, 1
112, 110, 1
112, 147, 1
112, 134, 1
112, 146, 1
112, 114, 1
112, 121, 1
112, 113, 1
112, 101, 1
112, 142, 1
112, 103, 1
112, 138, 1
112, 149, 1
112, 127, 1
112, 107, 1
112, 123, 1
112, 116, 1
112, 125, 1
112, 102, 1
112, 105, 1
117, 126, 1
117, 141, 1
117, 109, 1
117, 129, 1
117, 110, 1
117, 147, 1
117, 134, 1
117, 146, 1
117, 114, 1
117, 121, 1
117, 113, 1
117, 101, 1
117, 142, 1
117, 103, 1
117, 138, 1
117, 149, 1
117, 127, 1
117, 107, 1
117, 123, 1
117, 116, 1
117, 125, 1
117, 102, 1
117, 105, 1
117, 112, 1
107, 92, -1
107, 77, -1
107, 70, -1
107, 0, -1
123, 92, -1
123, 77, -1
123, 70, -1
123, 0, -1
116, 92, -1
116, 77, -1
116, 70, -1
116, 0, -1
125, 92, -1
125, 77, -1
125, 70, -1
125, 0, -1
52, 126, -1
52, 141, -1
52, 109, -1
52, 129, -1
52, 110, -1
52, 147, -1
52, 134, -1
52, 146, -1
52, 114, -1
52, 121, -1
52, 113, -1
52, 101, -1
52, 142, -1
52, 103, -1
52, 138, -1
52, 149, -1
52, 127, -1
52, 107, -1
52, 123, -1
52, 116, -1
52, 125, -1
52, 0, -1
102, 92, -1
102, 77, -1
102, 70, -1
102, 52, -1
102, 0, -1
105, 92, -1
105, 77, -1
105, 70, -1
105, 52, -1
105, 0, -1
112, 92, -1
112, 77, -1
112, 70, -1
112, 52, -1
112, 0, -1
117, 92, -1
117, 77, -1
117, 70, -1
117, 52, -1
117, 0, -1

83, 92, 1
83, 77, 1
83, 70, 1
83, 52, 1
148, 126, 1
148, 141, 1
148, 109, 1
148, 129, 1
148, 110, 1
148, 147, 1
148, 134, 1
148, 146, 1
148, 114, 1
148, 121, 1
148, 113, 1
148, 101, 1
148, 142, 1
148, 103, 1
148, 138, 1
148, 149, 1
148, 127, 1
148, 107, 1
148, 123, 1
148, 116, 1
148, 125, 1
148, 102, 1
148, 105, 1
148, 112, 1
148, 117, 1
100, 126, 1
100, 141, 1
100, 109, 1
100, 129, 1
100, 110, 1
100, 147, 1
100, 134, 1
100, 146, 1
100, 114, 1
100, 121, 1
100, 113, 1
100, 101, 1
100, 142, 1
100, 103, 1
100, 138, 1
100, 149, 1
100, 127, 1
100, 107, 1
100, 123, 1
100, 116, 1
100, 125, 1
100, 102, 1
100, 105, 1
100, 112, 1
100, 117, 1
100, 148, 1
104, 126, 1
104, 141, 1
104, 109, 1
104, 129, 1
104, 110, 1
104, 147, 1
104, 134, 1
104, 146, 1
104, 114, 1
104, 121, 1
104, 113, 1
104, 101, 1
104, 142, 1
104, 103, 1
104, 138, 1
104, 149, 1
104, 127, 1
104, 107, 1
104, 123, 1
104, 116, 1
104, 125, 1
104, 102, 1
104, 105, 1
104, 112, 1
104, 117, 1
104, 148, 1
104, 100, 1
115, 126, 1
115, 141, 1
115, 109, 1
115, 129, 1
115, 110, 1
115, 147, 1
115, 134, 1
115, 146, 1
115, 114, 1
115, 121, 1
115, 113, 1
115, 101, 1
115, 142, 1
115, 103, 1
115, 138, 1
115, 149, 1
115, 127, 1
115, 107, 1
115, 123, 1
115, 116, 1
115, 125, 1
115, 102, 1
115, 105, 1
115, 112, 1
115, 117, 1
115, 148, 1
115, 100, 1
115, 104, 1
120, 126, 1
120, 141, 1
120, 109, 1
120, 129, 1
120, 110, 1
120, 147, 1
120, 134, 1
120, 146, 1
120, 114, 1
120, 121, 1
120, 113, 1
120, 101, 1
120, 142, 1
120, 103, 1
120, 138, 1
120, 149, 1
120, 127, 1
120, 107, 1
120, 123, 1
120, 116, 1
120, 125, 1
120, 102, 1
120, 105, 1
120, 112, 1
120, 117, 1
120, 148, 1
120, 100, 1
120, 104, 1
120, 115, 1
124, 126, 1
124, 141, 1
124, 109, 1
124, 129, 1
124, 110, 1
124, 147, 1
124, 134, 1
124, 146, 1
124, 114, 1
124, 121, 1
124, 113, 1
124, 101, 1
124, 142, 1
124, 103, 1
124, 138, 1
124, 149, 1
124, 127, 1
124, 107, 1
124, 123, 1
124, 116, 1
124, 125, 1
124, 102, 1
124, 105, 1
124, 112, 1
124, 117, 1
124, 148, 1
124, 100, 1
124, 104, 1
124, 115, 1
124, 120, 1
131, 126, 1
131, 141, 1
131, 109, 1
131, 129, 1
131, 110, 1
131, 147, 1
131, 134, 1
131, 146, 1
131, 114, 1
131, 121, 1
131, 113, 1
131, 101, 1
131, 142, 1
131, 103, 1
131, 138, 1
131, 149, 1
131, 127, 1
131, 107, 1
131, 123, 1
131, 116, 1
131, 125, 1
131, 102, 1
131, 105, 1
131, 112, 1
131, 117, 1
131, 148, 1
131, 100, 1
131, 104, 1
131, 115, 1
131, 120, 1
131, 124, 1
135, 126, 1
135, 141, 1
135, 109, 1
135, 129, 1
135, 110, 1
135, 147, 1
135, 134, 1
135, 146, 1
135, 114, 1
135, 121, 1
135, 113, 1
135, 101, 1
135, 142, 1
135, 103, 1
135, 138, 1
135, 149, 1
135, 127, 1
135, 107, 1
135, 123, 1
135, 116, 1
135, 125, 1
135, 102, 1
135, 105, 1
135, 112, 1
135, 117, 1
135, 148, 1
135, 100, 1
135, 104, 1
135, 115, 1
135, 120, 1
135, 124, 1
135, 131, 1
136, 126, 1
136, 141, 1
136, 109, 1
136, 129, 1
136, 110, 1
136, 147, 1
136, 134, 1
136, 146, 1
136, 114, 1
136, 121, 1
136, 113, 1
136, 101, 1
136, 142, 1
136, 103, 1
136, 138, 1
136, 149, 1
136, 127, 1
136, 107, 1
136, 123, 1
136, 116, 1
136, 125, 1
136, 102, 1
136, 105, 1
136, 112, 1
136, 117, 1
136, 148, 1
136, 100, 1
136, 104, 1
136, 115, 1
136, 120, 1
136, 124, 1
136, 131, 1
136, 135, 1
83, 126, -1
83, 141, -1
83, 109, -1
83, 129, -1
83, 110, -1
83, 147, -1
83, 134, -1
83, 146, -1
83, 114, -1
83, 121, -1
83, 113, -1
83, 101, -1
83, 142, -1
83, 103, -1
83, 138, -1
83, 149, -1
83, 127, -1
83, 107, -1
83, 123, -1
83, 116, -1
83, 125, -1
83, 102, -1
83, 105, -1
83, 112, -1
83, 117, -1
83, 0, -1
148, 92, -1
148, 77, -1
148, 70, -1
148, 52, -1
148, 83, -1
148, 0, -1
100, 92, -1
100, 77, -1
100, 70, -1
100, 52, -1
100, 83, -1
100, 0, -1
104, 92, -1
104, 77, -1
104, 70, -1
104, 52, -1
104, 83, -1
104, 0, -1
115, 92, -1
115, 77, -1
115, 70, -1
115, 52, -1
115, 83, -1
115, 0, -1
120, 92, -1
120, 77, -1
120, 70, -1
120, 52, -1
120, 83, -1
120, 0, -1
124, 92, -1
124, 77, -1
124, 70, -1
124, 52, -1
124, 83, -1
124, 0, -1
131, 92, -1
131, 77, -1
131, 70, -1
131, 52, -1
131, 83, -1
131, 0, -1
135, 92, -1
135, 77, -1
135, 70, -1
135, 52, -1
135, 83, -1
135, 0, -1
136, 92, -1
136, 77, -1
136, 70, -1
136, 52, -1
136, 83, -1
136, 0, -1

137, 126, 1
137, 141, 1
137, 109, 1
137, 129, 1
137, 110, 1
137, 147, 1
137, 134, 1
137, 146, 1
137, 114, 1
137, 121, 1
137, 113, 1
137, 101, 1
137, 142, 1
137, 103, 1
137, 138, 1
137, 149, 1
137, 127, 1
137, 107, 1
137, 123, 1
137, 116, 1
137, 125, 1
137, 102, 1
137, 105, 1
137, 112, 1
137, 117, 1
137, 148, 1
137, 100, 1
137, 104, 1
137, 115, 1
137, 120, 1
137, 124, 1
137, 131, 1
137, 135, 1
137, 136, 1
139, 126, 1
139, 141, 1
139, 109, 1
139, 129, 1
139, 110, 1
139, 147, 1
139, 134, 1
139, 146, 1
139, 114, 1
139, 121, 1
139, 113, 1
139, 101, 1
139, 142, 1
139, 103, 1
139, 138, 1
139, 149, 1
139, 127, 1
139, 107, 1
139, 123, 1
139, 116, 1
139, 125, 1
139, 102, 1
139, 105, 1
139, 112, 1
139, 117, 1
139, 148, 1
139, 100, 1
139, 104, 1
139, 115, 1
139, 120, 1
139, 124, 1
139, 131, 1
139, 135, 1
139, 136, 1
139, 137, 1
140, 126, 1
140, 141, 1
140, 109, 1
140, 129, 1
140, 110, 1
140, 147, 1
140, 134, 1
140, 146, 1
140, 114, 1
140, 121, 1
140, 113, 1
140, 101, 1
140, 142, 1
140, 103, 1
140, 138, 1
140, 149, 1
140, 127, 1
140, 107, 1
140, 123, 1
140, 116, 1
140, 125, 1
140, 102, 1
140, 105, 1
140, 112, 1
140, 117, 1
140, 148, 1
140, 100, 1
140, 104, 1
140, 115, 1
140, 120, 1
140, 124, 1
140, 131, 1
140, 135, 1
140, 136, 1
140, 137, 1
140, 139, 1
143, 126, 1
143, 141, 1
143, 109, 1
143, 129, 1
143, 110, 1
143, 147, 1
143, 134, 1
143, 146, 1
143, 114, 1
143, 121, 1
143, 113, 1
143, 101, 1
143, 142, 1
143, 103, 1
143, 138, 1
143, 149, 1
143, 127, 1
143, 107, 1
143, 123, 1
143, 116, 1
143, 125, 1
143, 102, 1
143, 105, 1
143, 112, 1
143, 117, 1
143, 148, 1
143, 100, 1
143, 104, 1
143, 115, 1
143, 120, 1
143, 124, 1
143, 131, 1
143, 135, 1
143, 136, 1
143, 137, 1
143, 139, 1
143, 140, 1
144, 126, 1
144, 141, 1
144, 109, 1
144, 129, 1
144, 110, 1
144, 147, 1
144, 134, 1
144, 146, 1
144, 114, 1
144, 121, 1
144, 113, 1
144, 101, 1
144, 142, 1
144, 103, 1
144, 138, 1
144, 149, 1
144, 127, 1
144, 107, 1
144, 123, 1
144, 116, 1
144, 125, 1
144, 102, 1
144, 105, 1
144, 112, 1
144, 117, 1
144, 148, 1
144, 100, 1
144, 104, 1
144, 115, 1
144, 120, 1
144, 124, 1
144, 131, 1
144, 135, 1
144, 136, 1
144, 137, 1
144, 139, 1
144, 140, 1
144, 143, 1
145, 126, 1
145, 141, 1
145, 109, 1
145, 129, 1
145, 110, 1
145, 147, 1
145, 134, 1
145, 146, 1
145, 114, 1
145, 121, 1
145, 113, 1
145, 101, 1
145, 142, 1
145, 103, 1
145, 138, 1
145, 149, 1
145, 127, 1
145, 107, 1
145, 123, 1
145, 116, 1
145, 125, 1
145, 102, 1
145, 105, 1
145, 112, 1
145, 117, 1
145, 148, 1
145, 100, 1
145, 104, 1
145, 115, 1
145, 120, 1
145, 124, 1
145, 131, 1
145, 135, 1
145, 136, 1
145, 137, 1
145, 139, 1
145, 140, 1
145, 143, 1
145, 144, 1
122, 126, 1
122, 141, 1
122, 109, 1
122, 129, 1
122, 110, 1
122, 147, 1
122, 134, 1
122, 146, 1
122, 114, 1
122, 121, 1
122, 113, 1
122, 101, 1
122, 142, 1
122, 103, 1
122, 138, 1
122, 149, 1
122, 127, 1
122, 107, 1
122, 123, 1
122, 116, 1
122, 125, 1
122, 102, 1
122, 105, 1
122, 112, 1
122, 117, 1
122, 148, 1
122, 100, 1
122, 104, 1
122, 115, 1
122, 120, 1
122, 124, 1
122, 131, 1
122, 135, 1
122, 136, 1
122, 137, 1
122, 139, 1
122, 140, 1
122, 143, 1
122, 144, 1
122, 145, 1
128, 126, 1
128, 141, 1
128, 109, 1
128, 129, 1
128, 110, 1
128, 147, 1
128, 134, 1
128, 146, 1
128, 114, 1
128, 121, 1
128, 113, 1
128, 101, 1
128, 142, 1
128, 103, 1
128, 138, 1
128, 149, 1
128, 127, 1
128, 107, 1
128, 123, 1
128, 116, 1
128, 125, 1
128, 102, 1
128, 105, 1
128, 112, 1
128, 117, 1
128, 148, 1
128, 100, 1
128, 104, 1
128, 115, 1
128, 120, 1
128, 124, 1
128, 131, 1
128, 135, 1
128, 136, 1
128, 137, 1
128, 139, 1
128, 140, 1
128, 143, 1
128, 144, 1
128, 145, 1
128, 122, 1
130, 126, 1
130, 141, 1
130, 109, 1
130, 129, 1
130, 110, 1
130, 147, 1
130, 134, 1
130, 146, 1
130, 114, 1
130, 121, 1
130, 113, 1
130, 101, 1
130, 142, 1
130, 103, 1
130, 138, 1
130, 149, 1
130, 127, 1
130, 107, 1
130, 123, 1
130, 116, 1
130, 125, 1
130, 102, 1
130, 105, 1
130, 112, 1
130, 117, 1
130, 148, 1
130, 100, 1
130, 104, 1
130, 115, 1
130, 120, 1
130, 124, 1
130, 131, 1
130, 135, 1
130, 136, 1
130, 137, 1
130, 139, 1
130, 140, 1
130, 143, 1
130, 144, 1
130, 145, 1
130, 122, 1
130, 128, 1
132, 126, 1
132, 141, 1
132, 109, 1
132, 129, 1
132, 110, 1
132, 147, 1
132, 134, 1
132, 146, 1
132, 114, 1
132, 121, 1
132, 113, 1
132, 101, 1
132, 142, 1
132, 103, 1
132, 138, 1
132, 149, 1
132, 127, 1
132, 107, 1
132, 123, 1
132, 116, 1
132, 125, 1
132, 102, 1
132, 105, 1
132, 112, 1
132, 117, 1
132, 148, 1
132, 100, 1
132, 104, 1
132, 115, 1
132, 120, 1
132, 124, 1
132, 131, 1
132, 135, 1
132, 136, 1
132, 137, 1
132, 139, 1
132, 140, 1
132, 143, 1
132, 144, 1
132, 145, 1
132, 122, 1
132, 128, 1
132, 130, 1
137, 92, -1
137, 77, -1
137, 70, -1
137, 52, -1
137, 83, -1
137, 0, -1
139, 92, -1
139, 77, -1
139, 70, -1
139, 52, -1
139, 83, -1
139, 0, -1
140, 92, -1
140, 77, -1
140, 70, -1
140, 52, -1
140, 83, -1
140, 0, -1
143, 92, -1
143, 77, -1
143, 70, -1
143, 52, -1
143, 83, -1
143, 0, -1
144, 92, -1
144, 77, -1
144, 70, -1
144, 52, -1
144, 83, -1
144, 0, -1
145, 92, -1
145, 77, -1
145, 70, -1
145, 52, -1
145, 83, -1
145, 0, -1
122, 92, -1
122, 77, -1
122, 70, -1
122, 52, -1
122, 83, -1
122, 0, -1
128, 92, -1
128, 77, -1
128, 70, -1
128, 52, -1
128, 83, -1
128, 0, -1
130, 92, -1
130, 77, -1
130, 70, -1
130, 52, -1
130, 83, -1
130, 0, -1
132, 92, -1
132, 77, -1
132, 70, -1
132, 52, -1
132, 83, -1
132, 0, -1

108, 126, 1
108, 141, 1
108, 109, 1
108, 129, 1
108, 110, 1
108, 147, 1
108, 134, 1
108, 146, 1
108, 114, 1
108, 121, 1
108, 113, 1
108, 101, 1
108, 142, 1
108, 103, 1
108, 138, 1
108, 149, 1
108, 127, 1
108, 107, 1
108, 123, 1
108, 116, 1
108, 125, 1
108, 102, 1
108, 105, 1
108, 112, 1
108, 117, 1
108, 148, 1
108, 100, 1
108, 104, 1
108, 115, 1
108, 120, 1
108, 124, 1
108, 131, 1
108, 135, 1
108, 136, 1
108, 137, 1
108, 139, 1
108, 140, 1
108, 143, 1
108, 144, 1
108, 145, 1
108, 122, 1
108, 128, 1
108, 130, 1
108, 132, 1
111, 126, 1
111, 141, 1
111, 109, 1
111, 129, 1
111, 110, 1
111, 147, 1
111, 134, 1
111, 146, 1
111, 114, 1
111, 121, 1
111, 113, 1
111, 101, 1
111, 142, 1
111, 103, 1
111, 138, 1
111, 149, 1
111, 127, 1
111, 107, 1
111, 123, 1
111, 116, 1
111, 125, 1
111, 102, 1
111, 105, 1
111, 112, 1
111, 117, 1
111, 148, 1
111, 100, 1
111, 104, 1
111, 115, 1
111, 120, 1
111, 124, 1
111, 131, 1
111, 135, 1
111, 136, 1
111, 137, 1
111, 139, 1
111, 140, 1
111, 143, 1
111, 144, 1
111, 145, 1
111, 122, 1
111, 128, 1
111, 130, 1
111, 132, 1
111, 108, 1
118, 126, 1
118, 141, 1
118, 109, 1
118, 129, 1
118, 110, 1
118, 147, 1
118, 134, 1
118, 146, 1
118, 114, 1
118, 121, 1
118, 113, 1
118, 101, 1
118, 142, 1
118, 103, 1
118, 138, 1
118, 149, 1
118, 127, 1
118, 107, 1
118, 123, 1
118, 116, 1
118, 125, 1
118, 102, 1
118, 105, 1
118, 112, 1
118, 117, 1
118, 148, 1
118, 100, 1
118, 104, 1
118, 115, 1
118, 120, 1
118, 124, 1
118, 131, 1
118, 135, 1
118, 136, 1
118, 137, 1
118, 139, 1
118, 140, 1
118, 143, 1
118, 144, 1
118, 145, 1
118, 122, 1
118, 128, 1
118, 130, 1
118, 132, 1
118, 108, 1
118, 111, 1
106, 126, 1
106, 141, 1
106, 109, 1
106, 129, 1
106, 110, 1
106, 147, 1
106, 134, 1
106, 146, 1
106, 114, 1
106, 121, 1
106, 113, 1
106, 101, 1
106, 142, 1
106, 103, 1
106, 138, 1
106, 149, 1
106, 127, 1
106, 107, 1
106, 123, 1
106, 116, 1
106, 125, 1
106, 102, 1
106, 105, 1
106, 112, 1
106, 117, 1
106, 148, 1
106, 100, 1
106, 104, 1
106, 115, 1
106, 120, 1
106, 124, 1
106, 131, 1
106, 135, 1
106, 136, 1
106, 137, 1
106, 139, 1
106, 140, 1
106, 143, 1
106, 144, 1
106, 145, 1
106, 122, 1
106, 128, 1
106, 130, 1
106, 132, 1
106, 108, 1
106, 111, 1
106, 118, 1
133, 126, 1
133, 141, 1
133, 109, 1
133, 129, 1
133, 110, 1
133, 147, 1
133, 134, 1
133, 146, 1
133, 114, 1
133, 121, 1
133, 113, 1
133, 101, 1
133, 142, 1
133, 103, 1
133, 138, 1
133, 149, 1
133, 127, 1
133, 107, 1
133, 123, 1
133, 116, 1
133, 125, 1
133, 102, 1
133, 105, 1
133, 112, 1
133, 117, 1
133, 148, 1
133, 100, 1
133, 104, 1
133, 115, 1
133, 120, 1
133, 124, 1
133, 131, 1
133, 135, 1
133, 136, 1
133, 137, 1
133, 139, 1
133, 140, 1
133, 143, 1
133, 144, 1
133, 145, 1
133, 122, 1
133, 128, 1
133, 130, 1
133, 132, 1
133, 108, 1
133, 111, 1
133, 118, 1
133, 106, 1
56, 92, 1
56, 77, 1
56, 70, 1
56, 52, 1
56, 83, 1
119, 126, 1
119, 141, 1
119, 109, 1
119, 129, 1
119, 110, 1
119, 147, 1
119, 134, 1
119, 146, 1
119, 114, 1
119, 121, 1
119, 113, 1
119, 101, 1
119, 142, 1
119, 103, 1
119, 138, 1
119, 149, 1
119, 127, 1
119, 107, 1
119, 123, 1
119, 116, 1
119, 125, 1
119, 102, 1
119, 105, 1
119, 112, 1
119, 117, 1
119, 148, 1
119, 100, 1
119, 104, 1
119, 115, 1
119, 120, 1
119, 124, 1
119, 131, 1
119, 135, 1
119, 136, 1
119, 137, 1
119, 139, 1
119, 140, 1
119, 143, 1
119, 144, 1
119, 145, 1
119, 122, 1
119, 128, 1
119, 130, 1
119, 132, 1
119, 108, 1
119, 111, 1
119, 118, 1
119, 106, 1
119, 133, 1
108, 92, -1
108, 77, -1
108, 70, -1
108, 52, -1
108, 83, -1
108, 0, -1
111, 92, -1
111, 77, -1
111, 70, -1
111, 52, -1
111, 83, -1
111, 0, -1
118, 92, -1
118, 77, -1
118, 70, -1
118, 52, -1
118, 83, -1
118, 0, -1
106, 92, -1
106, 77, -1
106, 70, -1
106, 52, -1
106, 83, -1
106, 0, -1
133, 92, -1
133, 77, -1
133, 70, -1
133, 52, -1
133, 83, -1
133, 0, -1
56, 126, -1
56, 141, -1
56, 109, -1
56, 129, -1
56, 110, -1
56, 147, -1
56, 134, -1
56, 146, -1
56, 114, -1
56, 121, -1
56, 113, -1
56, 101, -1
56, 142, -1
56, 103, -1
56, 138, -1
56, 149, -1
56, 127, -1
56, 107, -1
56, 123, -1
56, 116, -1
56, 125, -1
56, 102, -1
56, 105, -1
56, 112, -1
56, 117, -1
56, 148, -1
56, 100, -1
56, 104, -1
56, 115, -1
56, 120, -1
56, 124, -1
56, 131, -1
56, 135, -1
56, 136, -1
56, 137, -1
56, 139, -1
56, 140, -1
56, 143, -1
56, 144, -1
56, 145, -1
56, 122, -1
56, 128, -1
56, 130, -1
56, 132, -1
56, 108, -1
56, 111, -1
56, 118, -1
56, 106, -1
56, 133, -1
56, 0, -1
119, 92, -1
119, 77, -1
119, 70, -1
119, 52, -1
119, 83, -1
119, 56, -1
119, 0, -1

72, 92, 1
72, 77, 1
72, 70, 1
72, 52, 1
72, 83, 1
72, 56, 1
76, 92, 1
76, 77, 1
76, 70, 1
76, 52, 1
76, 83, 1
76, 56, 1
76, 72, 1
59, 92, 1
59, 77, 1
59, 70, 1
59, 52, 1
59, 83, 1
59, 56, 1
59, 72, 1
59, 76, 1
62, 92, 1
62, 77, 1
62, 70, 1
62, 52, 1
62, 83, 1
62, 56, 1
62, 72, 1
62, 76, 1
62, 59, 1
57, 92, 1
57, 77, 1
57, 70, 1
57, 52, 1
57, 83, 1
57, 56, 1
57, 72, 1
57, 76, 1
57, 59, 1
57, 62, 1
85, 92, 1
85, 77, 1
85, 70, 1
85, 52, 1
85, 83, 1
85, 56, 1
85, 72, 1
85, 76, 1
85, 59, 1
85, 62, 1
85, 57, 1
80, 92, 1
80, 77, 1
80, 70, 1
80, 52, 1
80, 83, 1
80, 56, 1
80, 72, 1
80, 76, 1
80, 59, 1
80, 62, 1
80, 57, 1
80, 85, 1
63, 92, 1
63, 77, 1
63, 70, 1
63, 52, 1
63, 83, 1
63, 56, 1
63, 72, 1
63, 76, 1
63, 59, 1
63, 62, 1
63, 57, 1
63, 85, 1
63, 80, 1
14, 0, 1
91, 92, 1
91, 77, 1
91, 70, 1
91, 52, 1
91, 83, 1
91, 56, 1
91, 72, 1
91, 76, 1
91, 59, 1
91, 62, 1
91, 57, 1
91, 85, 1
91, 80, 1
91, 63, 1
72, 126, -1
72, 141, -1
72, 109, -1
72, 129, -1
72, 110, -1
72, 147, -1
72, 134, -1
72, 146, -1
72, 114, -1
72, 121, -1
72, 113, -1
72, 101, -1
72, 142, -1
72, 103, -1
72, 138, -1
72, 149, -1
72, 127, -1
72, 107, -1
72, 123, -1
72, 116, -1
72, 125, -1
72, 102, -1
72, 105, -1
72, 112, -1
72, 117, -1
72, 148, -1
72, 100, -1
72, 104, -1
72, 115, -1
72, 120, -1
72, 124, -1
72, 131, -1
72, 135, -1
72, 136, -1
72, 137, -1
72, 139, -1
72, 140, -1
72, 143, -1
72, 144, -1
72, 145, -1
72, 122, -1
72, 128, -1
72, 130, -1
72, 132, -1
72, 108, -1
72, 111, -1
72, 118, -1
72, 106, -1
72, 133, -1
72, 119, -1
72, 0, -1
76, 126, -1
76, 141, -1
76, 109, -1
76, 129, -1
76, 110, -1
76, 147, -1
76, 134, -1
76, 146, -1
76, 114, -1
76, 121, -1
76, 113, -1
76, 101, -1
76, 142, -1
76, 103, -1
76, 138, -1
76, 149, -1
76, 127, -1
76, 107, -1
76, 123, -1
76, 116, -1
76, 125, -1
76, 102, -1
76, 105, -1
76, 112, -1
76, 117, -1
76, 148, -1
76, 100, -1
76, 104, -1
76, 115, -1
76, 120, -1
76, 124, -1
76, 131, -1
76, 135, -1
76, 136, -1
76, 137, -1
76, 139, -1
76, 140, -1
76, 143, -1
76, 144, -1
76, 145, -1
76, 122, -1
76, 128, -1
76, 130, -1
76, 132, -1
76, 108, -1
76, 111, -1
76, 118, -1
76, 106, -1
76, 133, -1
76, 119, -1
76, 0, -1
59, 126, -1
59, 141, -1
59, 109, -1
59, 129, -1
59, 110, -1
59, 147, -1
59, 134, -1
59, 146, -1
59, 114, -1
59, 121, -1
59, 113, -1
59, 101, -1
59, 142, -1
59, 103, -1
59, 138, -1
59, 149, -1
59, 127, -1
59, 107, -1
59, 123, -1
59, 116, -1
59, 125, -1
59, 102, -1
59, 105, -1
59, 112, -1
59, 117, -1
59, 148, -1
59, 100, -1
59, 104, -1
59, 115, -1
59, 120, -1
59, 124, -1
59, 131, -1
59, 135, -1
59, 136, -1
59, 137, -1
59, 139, -1
59, 140, -1
59, 143, -1
59, 144, -1
59, 145, -1
59, 122, -1
59, 128, -1
59, 130, -1
59, 132, -1
59, 108, -1
59, 111, -1
59, 118, -1
59, 106, -1
59, 133, -1
59, 119, -1
59, 0, -1
62, 126, -1
62, 141, -1
62, 109, -1
62, 129, -1
62, 110, -1
62, 147, -1
62, 134, -1
62, 146, -1
62, 114, -1
62, 121, -1
62, 113, -1
62, 101, -1
62, 142, -1
62, 103, -1
62, 138, -1
62, 149, -1
62, 127, -1
62, 107, -1
62, 123, -1
62, 116, -1
62, 125, -1
62, 102, -1
62, 105, -1
62, 112, -1
62, 117, -1
62, 148, -1
62, 100, -1
62, 104, -1
62, 115, -1
62, 120, -1
62, 124, -1
62, 131, -1
62, 135, -1
62, 136, -1
62, 137, -1
62, 139, -1
62, 140, -1
62, 143, -1
62, 144, -1
62, 145, -1
62, 122, -1
62, 128, -1
62, 130, -1
62, 132, -1
62, 108, -1
62, 111, -1
62, 118, -1
62, 106, -1
62, 133, -1
62, 119, -1
62, 0, -1
57, 126, -1
57, 141, -1
57, 109, -1
57, 129, -1
57, 110, -1
57, 147, -1
57, 134, -1
57, 146, -1
57, 114, -1
57, 121, -1
57, 113, -1
57, 101, -1
57, 142, -1
57, 103, -1
57, 138, -1
57, 149, -1
57, 127, -1
57, 107, -1
57, 123, -1
57, 116, -1
57, 125, -1
57, 102, -1
57, 105, -1
57, 112, -1
57, 117, -1
57, 148, -1
57, 100, -1
57, 104, -1
57, 115, -1
57, 120, -1
57, 124, -1
57, 131, -1
57, 135, -1
57, 136, -1
57, 137, -1
57, 139, -1
57, 140, -1
57, 143, -1
57, 144, -1
57, 145, -1
57, 122, -1
57, 128, -1
57, 130, -1
57, 132, -1
57, 108, -1
57, 111, -1
57, 118, -1
57, 106, -1
57, 133, -1
57, 119, -1
57, 0, -1
85, 126, -1
85, 141, -1
85, 109, -1
85, 129, -1
85, 110, -1
85, 147, -1
85, 134, -1
85, 146, -1
85, 114, -1
85, 121, -1
85, 113, -1
85, 101, -1
85, 142, -1
85, 103, -1
85, 138, -1
85, 149, -1
85, 127, -1
85, 107, -1
85, 123, -1
85, 116, -1
85, 125, -1
85, 102, -1
85, 105, -1
85, 112, -1
85, 117, -1
85, 148, -1
85, 100, -1
85, 104, -1
85, 115, -1
85, 120, -1
85, 124, -1
85, 131, -1
85, 135, -1
85, 136, -1
85, 137, -1
85, 139, -1
85, 140, -1
85, 143, -1
85, 144, -1
85, 145, -1
85, 122, -1
85, 128, -1
85, 130, -1
85, 132, -1
85, 108, -1
85, 111, -1
85, 118, -1
85, 106, -1
85, 133, -1
85, 119, -1
85, 0, -1
80, 126, -1
80, 141, -1
80, 109, -1
80, 129, -1
80, 110, -1
80, 147, -1
80, 134, -1
80, 146, -1
80, 114, -1
80, 121, -1
80, 113, -1
80, 101, -1
80, 142, -1
80, 103, -1
80, 138, -1
80, 149, -1
80, 127, -1
80, 107, -1
80, 123, -1
80, 116, -1
80, 125, -1
80, 102, -1
80, 105, -1
80, 112, -1
80, 117, -1
80, 148, -1
80, 100, -1
80, 104, -1
80, 115, -1
80, 120, -1
80, 124, -1
80, 131, -1
80, 135, -1
80, 136, -1
80, 137, -1
80, 139, -1
80, 140, -1
80, 143, -1
80, 144, -1
80, 145, -1
80, 122, -1
80, 128, -1
80, 130, -1
80, 132, -1
80, 108, -1
80, 111, -1
80, 118, -1
80, 106, -1
80, 133, -1
80, 119, -1
80, 0, -1
63, 126, -1
63, 141, -1
63, 109, -1
63, 129, -1
63, 110, -1
63, 147, -1
63, 134, -1
63, 146, -1
63, 114, -1
63, 121, -1
63, 113, -1
63, 101, -1
63, 142, -1
63, 103, -1
63, 138, -1
63, 149, -1
63, 127, -1
63, 107, -1
63, 123, -1
63, 116, -1
63, 125, -1
63, 102, -1
63, 105, -1
63, 112, -1
63, 117, -1
63, 148, -1
63, 100, -1
63, 104, -1
63, 115, -1
63, 120, -1
63, 124, -1
63, 131, -1
63, 135, -1
63, 136, -1
63, 137, -1
63, 139, -1
63, 140, -1
63, 143, -1
63, 144, -1
63, 145, -1
63, 122, -1
63, 128, -1
63, 130, -1
63, 132, -1
63, 108, -1
63, 111, -1
63, 118, -1
63, 106, -1
63, 133, -1
63, 119, -1
63, 0, -1
14, 126, -1
14, 141, -1
14, 109, -1
14, 129, -1
14, 110, -1
14, 147, -1
14, 134, -1
14, 146, -1
14, 114, -1
14, 121, -1
14, 113, -1
14, 101, -1
14, 142, -1
14, 103, -1
14, 138, -1
14, 149, -1
14, 127, -1
14, 107, -1
14, 123, -1
14, 116, -1
14, 125, -1
14, 102, -1
14, 105, -1
14, 112, -1
14, 117, -1
14, 148, -1
14, 100, -1
14, 104, -1
14, 115, -1
14, 120, -1
14, 124, -1
14, 131, -1
14, 135, -1
14, 136, -1
14, 137, -1
14, 139, -1
14, 140, -1
14, 143, -1
14, 144, -1
14, 145, -1
14, 122, -1
14, 128, -1
14, 130, -1
14, 132, -1
14, 108, -1
14, 111, -1
14, 118, -1
14, 106, -1
14, 133, -1
14, 119, -1
14, 92, -1
14, 77, -1
14, 70, -1
14, 52, -1
14, 83, -1
14, 56, -1
14, 72, -1
14, 76, -1
14, 59, -1
14, 62, -1
14, 57, -1
14, 85, -1
14, 80, -1
14, 63, -1
91, 126, -1
91, 141, -1
91, 109, -1
91, 129, -1
91, 110, -1
91, 147, -1
91, 134, -1
91, 146, -1
91, 114, -1
91, 121, -1
91, 113, -1
91, 101, -1
91, 142, -1
91, 103, -1
91, 138, -1
91, 149, -1
91, 127, -1
91, 107, -1
91, 123, -1
91, 116, -1
91, 125, -1
91, 102, -1
91, 105, -1
91, 112, -1
91, 117, -1
91, 148, -1
91, 100, -1
91, 104, -1
91, 115, -1
91, 120, -1
91, 124, -1
91, 131, -1
91, 135, -1
91, 136, -1
91, 137, -1
91, 139, -1
91, 140, -1
91, 143, -1
91, 144, -1
91, 145, -1
91, 122, -1
91, 128, -1
91, 130, -1
91, 132, -1
91, 108, -1
91, 111, -1
91, 118, -1
91, 106, -1
91, 133, -1
91, 119, -1
91, 0, -1
91, 14, -1

68, 92, 1
68, 77, 1
68, 70, 1
68, 52, 1
68, 83, 1
68, 56, 1
68, 72, 1
68, 76, 1
68, 59, 1
68, 62, 1
68, 57, 1
68, 85, 1
68, 80, 1
68, 63, 1
68, 91, 1
61, 92, 1
61, 77, 1
61, 70, 1
61, 52, 1
61, 83, 1
61, 56, 1
61, 72, 1
61, 76, 1
61, 59, 1
61, 62, 1
61, 57, 1
61, 85, 1
61, 80, 1
61, 63, 1
61, 91, 1
61, 68, 1
67, 92, 1
67, 77, 1
67, 70, 1
67, 52, 1
67, 83, 1
67, 56, 1
67, 72, 1
67, 76, 1
67, 59, 1
67, 62, 1
67, 57, 1
67, 85, 1
67, 80, 1
67, 63, 1
67, 91, 1
67, 68, 1
67, 61, 1
50, 92, 1
50, 77, 1
50, 70, 1
50, 52, 1
50, 83, 1
50, 56, 1
50, 72, 1
50, 76, 1
50, 59, 1
50, 62, 1
50, 57, 1
50, 85, 1
50, 80, 1
50, 63, 1
50, 91, 1
50, 68, 1
50, 61, 1
50, 67, 1
82, 92, 1
82, 77, 1
82, 70, 1
82, 52, 1
82, 83, 1
82, 56, 1
82, 72, 1
82, 76, 1
82, 59, 1
82, 62, 1
82, 57, 1
82, 85, 1
82, 80, 1
82, 63, 1
82, 91, 1
82, 68, 1
82, 61, 1
82, 67, 1
82, 50, 1
78, 92, 1
78, 77, 1
78, 70, 1
78, 52, 1
78, 83, 1
78, 56, 1
78, 72, 1
78, 76, 1
78, 59, 1
78, 62, 1
78, 57, 1
78, 85, 1
78, 80, 1
78, 63, 1
78, 91, 1
78, 68, 1
78, 61, 1
78, 67, 1
78, 50, 1
78, 82, 1
97, 92, 1
97, 77, 1
97, 70, 1
97, 52, 1
97, 83, 1
97, 56, 1
97, 72, 1
97, 76, 1
97, 59, 1
97, 62, 1
97, 57, 1
97, 85, 1
97, 80, 1
97, 63, 1
97, 91, 1
97, 68, 1
97, 61, 1
97, 67, 1
97, 50, 1
97, 82, 1
97, 78, 1
99, 92, 1
99, 77, 1
99, 70, 1
99, 52, 1
99, 83, 1
99, 56, 1
99, 72, 1
99, 76, 1
99, 59, 1
99, 62, 1
99, 57, 1
99, 85, 1
99, 80, 1
99, 63, 1
99, 91, 1
99, 68, 1
99, 61, 1
99, 67, 1
99, 50, 1
99, 82, 1
99, 78, 1
99, 97, 1
51, 92, 1
51, 77, 1
51, 70, 1
51, 52, 1
51, 83, 1
51, 56, 1
51, 72, 1
51, 76, 1
51, 59, 1
51, 62, 1
51, 57, 1
51, 85, 1
51, 80, 1
51, 63, 1
51, 91, 1
51, 68, 1
51, 61, 1
51, 67, 1
51, 50, 1
51, 82, 1
51, 78, 1
51, 97, 1
51, 99, 1
95, 92, 1
95, 77, 1
95, 70, 1
95, 52, 1
95, 83, 1
95, 56, 1
95, 72, 1
95, 76, 1
95, 59, 1
95, 62, 1
95, 57, 1
95, 85, 1
95, 80, 1
95, 63, 1
95, 91, 1
95, 68, 1
95, 61, 1
95, 67, 1
95, 50, 1
95, 82, 1
95, 78, 1
95, 97, 1
95, 99, 1
95, 51, 1
68, 126, -1
68, 141, -1
68, 109, -1
68, 129, -1
68, 110, -1
68, 147, -1
68, 134, -1
68, 146, -1
68, 114, -1
68, 121, -1
68, 113, -1
68, 101, -1
68, 142, -1
68, 103, -1
68, 138, -1
68, 149, -1
68, 127, -1
68, 107, -1
68, 123, -1
68, 116, -1
68, 125, -1
68, 102, -1
68, 105, -1
68, 112, -1
68, 117, -1
68, 148, -1
68, 100, -1
68, 104, -1
68, 115, -1
68, 120, -1
68, 124, -1
68, 131, -1
68, 135, -1
68, 136, -1
68, 137, -1
68, 139, -1
68, 140, -1
68, 143, -1
68, 144, -1
68, 145, -1
68, 122, -1
68, 128, -1
68, 130, -1
68, 132, -1
68, 108, -1
68, 111, -1
68, 118, -1
68, 106, -1
68, 133, -1
68, 119, -1
68, 0, -1
68, 14, -1
61, 126, -1
61, 141, -1
61, 109, -1
61, 129, -1
61, 110, -1
61, 147, -1
61, 134, -1
61, 146, -1
61, 114, -1
61, 121, -1
61, 113, -1
61, 101, -1
61, 142, -1
61, 103, -1
61, 138, -1
61, 149, -1
61, 127, -1
61, 107, -1
61, 123, -1
61, 116, -1
61, 125, -1
61, 102, -1
61, 105, -1
61, 112, -1
61, 117, -1
61, 148, -1
61, 100, -1
61, 104, -1
61, 115, -1
61, 120, -1
61, 124, -1
61, 131, -1
61, 135, -1
61, 136, -1
61, 137, -1
61, 139, -1
61, 140, -1
61, 143, -1
61, 144, -1
61, 145, -1
61, 122, -1
61, 128, -1
61, 130, -1
61, 132, -1
61, 108, -1
61, 111, -1
61, 118, -1
61, 106, -1
61, 133, -1
61, 119, -1
61, 0, -1
61, 14, -1
67, 126, -1
67, 141, -1
67, 109, -1
67, 129, -1
67, 110, -1
67, 147, -1
67, 134, -1
67, 146, -1
67, 114, -1
67, 121, -1
67, 113, -1
67, 101, -1
67, 142, -1
67, 103, -1
67, 138, -1
67, 149, -1
67, 127, -1
67, 107, -1
67, 123, -1
67, 116, -1
67, 125, -1
67, 102, -1
67, 105, -1
67, 112, -1
67, 117, -1
67, 148, -1
67, 100, -1
67, 104, -1
67, 115, -1
67, 120, -1
67, 124, -1
67, 131, -1
67, 135, -1
67, 136, -1
67, 137, -1
67, 139, -1
67, 140, -1
67, 143, -1
67, 144, -1
67, 145, -1
67, 122, -1
67, 128, -1
67, 130, -1
67, 132, -1
67, 108, -1
67, 111, -1
67, 118, -1
67, 106, -1
67, 133, -1
67, 119, -1
67, 0, -1
67, 14, -1
50, 126, -1
50, 141, -1
50, 109, -1
50, 129, -1
50, 110, -1
50, 147, -1
50, 134, -1
50, 146, -1
50, 114, -1
50, 121, -1
50, 113, -1
50, 101, -1
50, 142, -1
50, 103, -1
50, 138, -1
50, 149, -1
50, 127, -1
50, 107, -1
50, 123, -1
50, 116, -1
50, 125, -1
50, 102, -1
50, 105, -1
50, 112, -1
50, 117, -1
50, 148, -1
50, 100, -1
50, 104, -1
50, 115, -1
50, 120, -1
50, 124, -1
50, 131, -1
50, 135, -1
50, 136, -1
50, 137, -1
50, 139, -1
50, 140, -1
50, 143, -1
50, 144, -1
50, 145, -1
50, 122, -1
50, 128, -1
50, 130, -1
50, 132, -1
50, 108, -1
50, 111, -1
50, 118, -1
50, 106, -1
50, 133, -1
50, 119, -1
50, 0, -1
50, 14, -1
82, 126, -1
82, 141, -1
82, 109, -1
82, 129, -1
82, 110, -1
82, 147, -1
82, 134, -1
82, 146, -1
82, 114, -1
82, 121, -1
82, 113, -1
82, 101, -1
82, 142, -1
82, 103, -1
82, 138, -1
82, 149, -1
82, 127, -1
82, 107, -1
82, 123, -1
82, 116, -1
82, 125, -1
82, 102, -1
82, 105, -1
82, 112, -1
82, 117, -1
82, 148, -1
82, 100, -1
82, 104, -1
82, 115, -1
82, 120, -1
82, 124, -1
82, 131, -1
82, 135, -1
82, 136, -1
82, 137, -1
82, 139, -1
82, 140, -1
82, 143, -1
82, 144, -1
82, 145, -1
82, 122, -1
82, 128, -1
82, 130, -1
82, 132, -1
82, 108, -1
82, 111, -1
82, 118, -1
82, 106, -1
82, 133, -1
82, 119, -1
82, 0, -1
82, 14, -1
78, 126, -1
78, 141, -1
78, 109, -1
78, 129, -1
78, 110, -1
78, 147, -1
78, 134, -1
78, 146, -1
78, 114, -1
78, 121, -1
78, 113, -1
78, 101, -1
78, 142, -1
78, 103, -1
78, 138, -1
78, 149, -1
78, 127, -1
78, 107, -1
78, 123, -1
78, 116, -1
78, 125, -1
78, 102, -1
78, 105, -1
78, 112, -1
78, 117, -1
78, 148, -1
78, 100, -1
78, 104, -1
78, 115, -1
78, 120, -1
78, 124, -1
78, 131, -1
78, 135, -1
78, 136, -1
78, 137, -1
78, 139, -1
78, 140, -1
78, 143, -1
78, 144, -1
78, 145, -1
78, 122, -1
78, 128, -1
78, 130, -1
78, 132, -1
78, 108, -1
78, 111, -1
78, 118, -1
78, 106, -1
78, 133, -1
78, 119, -1
78, 0, -1
78, 14, -1
97, 126, -1
97, 141, -1
97, 109, -1
97, 129, -1
97, 110, -1
97, 147, -1
97, 134, -1
97, 146, -1
97, 114, -1
97, 121, -1
97, 113, -1
97, 101, -1
97, 142, -1
97, 103, -1
97, 138, -1
97, 149, -1
97, 127, -1
97, 107, -1
97, 123, -1
97, 116, -1
97, 125, -1
97, 102, -1
97, 105, -1
97, 112, -1
97, 117, -1
97, 148, -1
97, 100, -1
97, 104, -1
97, 115, -1
97, 120, -1
97, 124, -1
97, 131, -1
97, 135, -1
97, 136, -1
97, 137, -1
97, 139, -1
97, 140, -1
97, 143, -1
97, 144, -1
97, 145, -1
97, 122, -1
97, 128, -1
97, 130, -1
97, 132, -1
97, 108, -1
97, 111, -1
97, 118, -1
97, 106, -1
97, 133, -1
97, 119, -1
97, 0, -1
97, 14, -1
99, 126, -1
99, 141, -1
99, 109, -1
99, 129, -1
99, 110, -1
99, 147, -1
99, 134, -1
99, 146, -1
99, 114, -1
99, 121, -1
99, 113, -1
99, 101, -1
99, 142, -1
99, 103, -1
99, 138, -1
99, 149, -1
99, 127, -1
99, 107, -1
99, 123, -1
99, 116, -1
99, 125, -1
99, 102, -1
99, 105, -1
99, 112, -1
99, 117, -1
99, 148, -1
99, 100, -1
99, 104, -1
99, 115, -1
99, 120, -1
99, 124, -1
99, 131, -1
99, 135, -1
99, 136, -1
99, 137, -1
99, 139, -1
99, 140, -1
99, 143, -1
99, 144, -1
99, 145, -1
99, 122, -1
99, 128, -1
99, 130, -1
99, 132, -1
99, 108, -1
99, 111, -1
99, 118, -1
99, 106, -1
99, 133, -1
99, 119, -1
99, 0, -1
99, 14, -1
51, 126, -1
51, 141, -1
51, 109, -1
51, 129, -1
51, 110, -1
51, 147, -1
51, 134, -1
51, 146, -1
51, 114, -1
51, 121, -1
51, 113, -1
51, 101, -1
51, 142, -1
51, 103, -1
51, 138, -1
51, 149, -1
51, 127, -1
51, 107, -1
51, 123, -1
51, 116, -1
51, 125, -1
51, 102, -1
51, 105, -1
51, 112, -1
51, 117, -1
51, 148, -1
51, 100, -1
51, 104, -1
51, 115, -1
51, 120, -1
51, 124, -1
51, 131, -1
51, 135, -1
51, 136, -1
51, 137, -1
51, 139, -1
51, 140, -1
51, 143, -1
51, 144, -1
51, 145, -1
51, 122, -1
51, 128, -1
51, 130, -1
51, 132, -1
51, 108, -1
51, 111, -1
51, 118, -1
51, 106, -1
51, 133, -1
51, 119, -1
51, 0, -1
51, 14, -1
95, 126, -1
95, 141, -1
95, 109, -1
95, 129, -1
95, 110, -1
95, 147, -1
95, 134, -1
95, 146, -1
95, 114, -1
95, 121, -1
95, 113, -1
95, 101, -1
95, 142, -1
95, 103, -1
95, 138, -1
95, 149, -1
95, 127, -1
95, 107, -1
95, 123, -1
95, 116, -1
95, 125, -1
95, 102, -1
95, 105, -1
95, 112, -1
95, 117, -1
95, 148, -1
95, 100, -1
95, 104, -1
95, 115, -1
95, 120, -1
95, 124, -1
95, 131, -1
95, 135, -1
95, 136, -1
95, 137, -1
95, 139, -1
95, 140, -1
95, 143, -1
95, 144, -1
95, 145, -1
95, 122, -1
95, 128, -1
95, 130, -1
95, 132, -1
95, 108, -1
95, 111, -1
95, 118, -1
95, 106, -1
95, 133, -1
95, 119, -1
95, 0, -1
95, 14, -1

65, 92, 1
65, 77, 1
65, 70, 1
65, 52, 1
65, 83, 1
65, 56, 1
65, 72, 1
65, 76, 1
65, 59, 1
65, 62, 1
65, 57, 1
65, 85, 1
65, 80, 1
65, 63, 1
65, 91, 1
65, 68, 1
65, 61, 1
65, 67, 1
65, 50, 1
65, 82, 1
65, 78, 1
65, 97, 1
65, 99, 1
65, 51, 1
65, 95, 1
96, 92, 1
96, 77, 1
96, 70, 1
96, 52, 1
96, 83, 1
96, 56, 1
96, 72, 1
96, 76, 1
96, 59, 1
96, 62, 1
96, 57, 1
96, 85, 1
96, 80, 1
96, 63, 1
96, 91, 1
96, 68, 1
96, 61, 1
96, 67, 1
96, 50, 1
96, 82, 1
96, 78, 1
96, 97, 1
96, 99, 1
96, 51, 1
96, 95, 1
96, 65, 1
75, 92, 1
75, 77, 1
75, 70, 1
75, 52, 1
75, 83, 1
75, 56, 1
75, 72, 1
75, 76, 1
75, 59, 1
75, 62, 1
75, 57, 1
75, 85, 1
75, 80, 1
75, 63, 1
75, 91, 1
75, 68, 1
75, 61, 1
75, 67, 1
75, 50, 1
75, 82, 1
75, 78, 1
75, 97, 1
75, 99, 1
75, 51, 1
75, 95, 1
75, 65, 1
75, 96, 1
71, 92, 1
71, 77, 1
71, 70, 1
71, 52, 1
71, 83, 1
71, 56, 1
71, 72, 1
71, 76, 1
71, 59, 1
71, 62, 1
71, 57, 1
71, 85, 1
71, 80, 1
71, 63, 1
71, 91, 1
71, 68, 1
71, 61, 1
71, 67, 1
71, 50, 1
71, 82, 1
71, 78, 1
71, 97, 1
71, 99, 1
71, 51, 1
71, 95, 1
71, 65, 1
71, 96, 1
71, 75, 1
86, 92, 1
86, 77, 1
86, 70, 1
86, 52, 1
86, 83, 1
86, 56, 1
86, 72, 1
86, 76, 1
86, 59, 1
86, 62, 1
86, 57, 1
86, 85, 1
86, 80, 1
86, 63, 1
86, 91, 1
86, 68, 1
86, 61, 1
86, 67, 1
86, 50, 1
86, 82, 1
86, 78, 1
86, 97, 1
86, 99, 1
86, 51, 1
86, 95, 1
86, 65, 1
86, 96, 1
86, 75, 1
86, 71, 1
87, 92, 1
87, 77, 1
87, 70, 1
87, 52, 1
87, 83, 1
87, 56, 1
87, 72, 1
87, 76, 1
87, 59, 1
87, 62, 1
87, 57, 1
87, 85, 1
87, 80, 1
87, 63, 1
87, 91, 1
87, 68, 1
87, 61, 1
87, 67, 1
87, 50, 1
87, 82, 1
87, 78, 1
87, 97, 1
87, 99, 1
87, 51, 1
87, 95, 1
87, 65, 1
87, 96, 1
87, 75, 1
87, 71, 1
87, 86, 1
54, 92, 1
54, 77, 1
54, 70, 1
54, 52, 1
54, 83, 1
54, 56, 1
54, 72, 1
54, 76, 1
54, 59, 1
54, 62, 1
54, 57, 1
54, 85, 1
54, 80, 1
54, 63, 1
54, 91, 1
54, 68, 1
54, 61, 1
54, 67, 1
54, 50, 1
54, 82, 1
54, 78, 1
54, 97, 1
54, 99, 1
54, 51, 1
54, 95, 1
54, 65, 1
54, 96, 1
54, 75, 1
54, 71, 1
54, 86, 1
54, 87, 1
73, 92, 1
73, 77, 1
73, 70, 1
73, 52, 1
73, 83, 1
73, 56, 1
73, 72, 1
73, 76, 1
73, 59, 1
73, 62, 1
73, 57, 1
73, 85, 1
73, 80, 1
73, 63, 1
73, 91, 1
73, 68, 1
73, 61, 1
73, 67, 1
73, 50, 1
73, 82, 1
73, 78, 1
73, 97, 1
73, 99, 1
73, 51, 1
73, 95, 1
73, 65, 1
73, 96, 1
73, 75, 1
73, 71, 1
73, 86, 1
73, 87, 1
73, 54, 1
58, 92, 1
58, 77, 1
58, 70, 1
58, 52, 1
58, 83, 1
58, 56, 1
58, 72, 1
58, 76, 1
58, 59, 1
58, 62, 1
58, 57, 1
58, 85, 1
58, 80, 1
58, 63, 1
58, 91, 1
58, 68, 1
58, 61, 1
58, 67, 1
58, 50, 1
58, 82, 1
58, 78, 1
58, 97, 1
58, 99, 1
58, 51, 1
58, 95, 1
58, 65, 1
58, 96, 1
58, 75, 1
58, 71, 1
58, 86, 1
58, 87, 1
58, 54, 1
58, 73, 1
74, 92, 1
74, 77, 1
74, 70, 1
74, 52, 1
74, 83, 1
74, 56, 1
74, 72, 1
74, 76, 1
74, 59, 1
74, 62, 1
74, 57, 1
74, 85, 1
74, 80, 1
74, 63, 1
74, 91, 1
74, 68, 1
74, 61, 1
74, 67, 1
74, 50, 1
74, 82, 1
74, 78, 1
74, 97, 1
74, 99, 1
74, 51, 1
74, 95, 1
74, 65, 1
74, 96, 1
74, 75, 1
74, 71, 1
74, 86, 1
74, 87, 1
74, 54, 1
74, 73, 1
74, 58, 1
65, 126, -1
65, 141, -1
65, 109, -1
65, 129, -1
65, 110, -1
65, 147, -1
65, 134, -1
65, 146, -1
65, 114, -1
65, 121, -1
65, 113, -1
65, 101, -1
65, 142, -1
65, 103, -1
65, 138, -1
65, 149, -1
65, 127, -1
65, 107, -1
65, 123, -1
65, 116, -1
65, 125, -1
65, 102, -1
65, 105, -1
65, 112, -1
65, 117, -1
65, 148, -1
65, 100, -1
65, 104, -1
65, 115, -1
65, 120, -1
65, 124, -1
65, 131, -1
65, 135, -1
65, 136, -1
65, 137, -1
65, 139, -1
65, 140, -1
65, 143, -1
65, 144, -1
65, 145, -1
65, 122, -1
65, 128, -1
65, 130, -1
65, 132, -1
65, 108, -1
65, 111, -1
65, 118, -1
65, 106, -1
65, 133, -1
65, 119, -1
65, 0, -1
65, 14, -1
96, 126, -1
96, 141, -1
96, 109, -1
96, 129, -1
96, 110, -1
96, 147, -1
96, 134, -1
96, 146, -1
96, 114, -1
96, 121, -1
96, 113, -1
96, 101, -1
96, 142, -1
96, 103, -1
96, 138, -1
96, 149, -1
96, 127, -1
96, 107, -1
96, 123, -1
96, 116, -1
96, 125, -1
96, 102, -1
96, 105, -1
96, 112, -1
96, 117, -1
96, 148, -1
96, 100, -1
96, 104, -1
96, 115, -1
96, 120, -1
96, 124, -1
96, 131, -1
96, 135, -1
96, 136, -1
96, 137, -1
96, 139, -1
96, 140, -1
96, 143, -1
96, 144, -1
96, 145, -1
96, 122, -1
96, 128, -1
96, 130, -1
96, 132, -1
96, 108, -1
96, 111, -1
96, 118, -1
96, 106, -1
96, 133, -1
96, 119, -1
96, 0, -1
96, 14, -1
75, 126, -1
75, 141, -1
75, 109, -1
75, 129, -1
75, 110, -1
75, 147, -1
75, 134, -1
75, 146, -1
75, 114, -1
75, 121, -1
75, 113, -1
75, 101, -1
75, 142, -1
75, 103, -1
75, 138, -1
75, 149, -1
75, 127, -1
75, 107, -1
75, 123, -1
75, 116, -1
75, 125, -1
75, 102, -1
75, 105, -1
75, 112, -1
75, 117, -1
75, 148, -1
75, 100, -1
75, 104, -1
75, 115, -1
75, 120, -1
75, 124, -1
75, 131, -1
75, 135, -1
75, 136, -1
75, 137, -1
75, 139, -1
75, 140, -1
75, 143, -1
75, 144, -1
75, 145, -1
75, 122, -1
75, 128, -1
75, 130, -1
75, 132, -1
75, 108, -1
75, 111, -1
75, 118, -1
75, 106, -1
75, 133, -1
75, 119, -1
75, 0, -1
75, 14, -1
71, 126, -1
71, 141, -1
71, 109, -1
71, 129, -1
71, 110, -1
71, 147, -1
71, 134, -1
71, 146, -1
71, 114, -1
71, 121, -1
71, 113, -1
71, 101, -1
71, 142, -1
71, 103, -1
71, 138, -1
71, 149, -1
71, 127, -1
71, 107, -1
71, 123, -1
71, 116, -1
71, 125, -1
71, 102, -1
71, 105, -1
71, 112, -1
71, 117, -1
71, 148, -1
71, 100, -1
71, 104, -1
71, 115, -1
71, 120, -1
71, 124, -1
71, 131, -1
71, 135, -1
71, 136, -1
71, 137, -1
71, 139, -1
71, 140, -1
71, 143, -1
71, 144, -1
71, 145, -1
71, 122, -1
71, 128, -1
71, 130, -1
71, 132, -1
71, 108, -1
71, 111, -1
71, 118, -1
71, 106, -1
71, 133, -1
71, 119, -1
71, 0, -1
71, 14, -1
86, 126, -1
86, 141, -1
86, 109, -1
86, 129, -1
86, 110, -1
86, 147, -1
86, 134, -1
86, 146, -1
86, 114, -1
86, 121, -1
86, 113, -1
86, 101, -1
86, 142, -1
86, 103, -1
86, 138, -1
86, 149, -1
86, 127, -1
86, 107, -1
86, 123, -1
86, 116, -1
86, 125, -1
86, 102, -1
86, 105, -1
86, 112, -1
86, 117, -1
86, 148, -1
86, 100, -1
86, 104, -1
86, 115, -1
86, 120, -1
86, 124, -1
86, 131, -1
86, 135, -1
86, 136, -1
86, 137, -1
86, 139, -1
86, 140, -1
86, 143, -1
86, 144, -1
86, 145, -1
86, 122, -1
86, 128, -1
86, 130, -1
86, 132, -1
86, 108, -1
86, 111, -1
86, 118, -1
86, 106, -1
86, 133, -1
86, 119, -1
86, 0, -1
86, 14, -1
87, 126, -1
87, 141, -1
87, 109, -1
87, 129, -1
87, 110, -1
87, 147, -1
87, 134, -1
87, 146, -1
87, 114, -1
87, 121, -1
87, 113, -1
87, 101, -1
87, 142, -1
87, 103, -1
87, 138, -1
87, 149, -1
87, 127, -1
87, 107, -1
87, 123, -1
87, 116, -1
87, 125, -1
87, 102, -1
87, 105, -1
87, 112, -1
87, 117, -1
87, 148, -1
87, 100, -1
87, 104, -1
87, 115, -1
87, 120, -1
87, 124, -1
87, 131, -1
87, 135, -1
87, 136, -1
87, 137, -1
87, 139, -1
87, 140, -1
87, 143, -1
87, 144, -1
87, 145, -1
87, 122, -1
87, 128, -1
87, 130, -1
87, 132, -1
87, 108, -1
87, 111, -1
87, 118, -1
87, 106, -1
87, 133, -1
87, 119, -1
87, 0, -1
87, 14, -1
54, 126, -1
54, 141, -1
54, 109, -1
54, 129, -1
54, 110, -1
54, 147, -1
54, 134, -1
54, 146, -1
54, 114, -1
54, 121, -1
54, 113, -1
54, 101, -1
54, 142, -1
54, 103, -1
54, 138, -1
54, 149, -1
54, 127, -1
54, 107, -1
54, 123, -1
54, 116, -1
54, 125, -1
54, 102, -1
54, 105, -1
54, 112, -1
54, 117, -1
54, 148, -1
54, 100, -1
54, 104, -1
54, 115, -1
54, 120, -1
54, 124, -1
54, 131, -1
54, 135, -1
54, 136, -1
54, 137, -1
54, 139, -1
54, 140, -1
54, 143, -1
54, 144, -1
54, 145, -1
54, 122, -1
54, 128, -1
54, 130, -1
54, 132, -1
54, 108, -1
54, 111, -1
54, 118, -1
54, 106, -1
54, 133, -1
54, 119, -1
54, 0, -1
54, 14, -1
73, 126, -1
73, 141, -1
73, 109, -1
73, 129, -1
73, 110, -1
73, 147, -1
73, 134, -1
73, 146, -1
73, 114, -1
73, 121, -1
73, 113, -1
73, 101, -1
73, 142, -1
73, 103, -1
73, 138, -1
73, 149, -1
73, 127, -1
73, 107, -1
73, 123, -1
73, 116, -1
73, 125, -1
73, 102, -1
73, 105, -1
73, 112, -1
73, 117, -1
73, 148, -1
73, 100, -1
73, 104, -1
73, 115, -1
73, 120, -1
73, 124, -1
73, 131, -1
73, 135, -1
73, 136, -1
73, 137, -1
73, 139, -1
73, 140, -1
73, 143, -1
73, 144, -1
73, 145, -1
73, 122, -1
73, 128, -1
73, 130, -1
73, 132, -1
73, 108, -1
73, 111, -1
73, 118, -1
73, 106, -1
73, 133, -1
73, 119, -1
73, 0, -1
73, 14, -1
58, 126, -1
58, 141, -1
58, 109, -1
58, 129, -1
58, 110, -1
58, 147, -1
58, 134, -1
58, 146, -1
58, 114, -1
58, 121, -1
58, 113, -1
58, 101, -1
58, 142, -1
58, 103, -1
58, 138, -1
58, 149, -1
58, 127, -1
58, 107, -1
58, 123, -1
58, 116, -1
58, 125, -1
58, 102, -1
58, 105, -1
58, 112, -1
58, 117, -1
58, 148, -1
58, 100, -1
58, 104, -1
58, 115, -1
58, 120, -1
58, 124, -1
58, 131, -1
58, 135, -1
58, 136, -1
58, 137, -1
58, 139, -1
58, 140, -1
58, 143, -1
58, 144, -1
58, 145, -1
58, 122, -1
58, 128, -1
58, 130, -1
58, 132, -1
58, 108, -1
58, 111, -1
58, 118, -1
58, 106, -1
58, 133, -1
58, 119, -1
58, 0, -1
58, 14, -1
74, 126, -1
74, 141, -1
74, 109, -1
74, 129, -1
74, 110, -1
74, 147, -1
74, 134, -1
74, 146, -1
74, 114, -1
74, 121, -1
74, 113, -1
74, 101, -1
74, 142, -1
74, 103, -1
74, 138, -1
74, 149, -1
74, 127, -1
74, 107, -1
74, 123, -1
74, 116, -1
74, 125, -1
74, 102, -1
74, 105, -1
74, 112, -1
74, 117, -1
74, 148, -1
74, 100, -1
74, 104, -1
74, 115, -1
74, 120, -1
74, 124, -1
74, 131, -1
74, 135, -1
74, 136, -1
74, 137, -1
74, 139, -1
74, 140, -1
74, 143, -1
74, 144, -1
74, 145, -1
74, 122, -1
74, 128, -1
74, 130, -1
74, 132, -1
74, 108, -1
74, 111, -1
74, 118, -1
74, 106, -1
74, 133, -1
74, 119, -1
74, 0, -1
74, 14, -1

