147, 126, 1
134, 126, 1
134, 147, 1
110, 126, 1
110, 147, 1
110, 134, 1
77, 92, 1
141, 126, 1
141, 147, 1
141, 134, 1
141, 110, 1
129, 126, 1
129, 147, 1
129, 134, 1
129, 110, 1
129, 141, 1
145, 126, 1
145, 147, 1
145, 134, 1
145, 110, 1
145, 141, 1
145, 129, 1
92, 126, -1
147, 92, -1
134, 92, -1
110, 92, -1
0, 126, -1
0, 147, -1
0, 134, -1
0, 110, -1
0, 92, -1
77, 126, -1
77, 147, -1
77, 134, -1
77, 110, -1
77, 0, -1
141, 92, -1
141, 77, -1
141, 0, -1
129, 92, -1
129, 77, -1
129, 0, -1
145, 92, -1
145, 77, -1
145, 0, -1

146, 126, 1
146, 147, 1
146, 134, 1
146, 110, 1
146, 141, 1
146, 129, 1
146, 145, 1
114, 126, 1
114, 147, 1
114, 134, 1
114, 110, 1
114, 141, 1
114, 129, 1
114, 145, 1
114, 146, 1
101, 126, 1
101, 147, 1
101, 134, 1
101, 110, 1
101, 141, 1
101, 129, 1
101, 145, 1
101, 146, 1
101, 114, 1
142, 126, 1
142, 147, 1
142, 134, 1
142, 110, 1
142, 141, 1
142, 129, 1
142, 145, 1
142, 146, 1
142, 114, 1
142, 101, 1
113, 126, 1
113, 147, 1
113, 134, 1
113, 110, 1
113, 141, 1
113, 129, 1
113, 145, 1
113, 146, 1
113, 114, 1
113, 101, 1
113, 142, 1
146, 92, -1
146, 77, -1
146, 0, -1
114, 92, -1
114, 77, -1
114, 0, -1
101, 92, -1
101, 77, -1
101, 0, -1
142, 92, -1
142, 77, -1
142, 0, -1
113, 92, -1
113, 77, -1
113, 0, -1

121, 126, 1
121, 147, 1
121, 134, 1
121, 110, 1
121, 141, 1
121, 129, 1
121, 145, 1
121, 146, 1
121, 114, 1
121, 101, 1
121, 142, 1
121, 113, 1
149, 126, 1
149, 147, 1
149, 134, 1
149, 110, 1
149, 141, 1
149, 129, 1
149, 145, 1
149, 146, 1
149, 114, 1
149, 101, 1
149, 142, 1
149, 113, 1
149, 121, 1
137, 126, 1
137, 147, 1
137, 134, 1
137, 110, 1
137, 141, 1
137, 129, 1
137, 145, 1
137, 146, 1
137, 114, 1
137, 101, 1
137, 142, 1
137, 113, 1
137, 121, 1
137, 149, 1
127, 126, 1
127, 147, 1
127, 134, 1
127, 110, 1
127, 141, 1
127, 129, 1
127, 145, 1
127, 146, 1
127, 114, 1
127, 101, 1
127, 142, 1
127, 113, 1
127, 121, 1
127, 149, 1
127, 137, 1
138, 126, 1
138, 147, 1
138, 134, 1
138, 110, 1
138, 141, 1
138, 129, 1
138, 145, 1
138, 146, 1
138, 114, 1
138, 101, 1
138, 142, 1
138, 113, 1
138, 121, 1
138, 149, 1
138, 137, 1
138, 127, 1
83, 92, 1
83, 77, 1
108, 126, 1
108, 147, 1
108, 134, 1
108, 110, 1
108, 141, 1
108, 129, 1
108, 145, 1
108, 146, 1
108, 114, 1
108, 101, 1
108, 142, 1
108, 113, 1
108, 121, 1
108, 149, 1
108, 137, 1
108, 127, 1
108, 138, 1
121, 92, -1
121, 77, -1
121, 0, -1
149, 92, -1
149, 77, -1
149, 0, -1
137, 92, -1
137, 77, -1
137, 0, -1
127, 92, -1
127, 77, -1
127, 0, -1
138, 92, -1
138, 77, -1
138, 0, -1
83, 126, -1
83, 147, -1
83, 134, -1
83, 110, -1
83, 141, -1
83, 129, -1
83, 145, -1
83, 146, -1
83, 114, -1
83, 101, -1
83, 142, -1
83, 113, -1
83, 121, -1
83, 149, -1
83, 137, -1
83, 127, -1
83, 138, -1
83, 0, -1
108, 92, -1
108, 77, -1
108, 83, -1
108, 0, -1

70, 92, 1
70, 77, 1
70, 83, 1
105, 126, 1
105, 147, 1
105, 134, 1
105, 110, 1
105, 141, 1
105, 129, 1
105, 145, 1
105, 146, 1
105, 114, 1
105, 101, 1
105, 142, 1
105, 113, 1
105, 121, 1
105, 149, 1
105, 137, 1
105, 127, 1
105, 138, 1
105, 108, 1
109, 126, 1
109, 147, 1
109, 134, 1
109, 110, 1
109, 141, 1
109, 129, 1
109, 145, 1
109, 146, 1
109, 114, 1
109, 101, 1
109, 142, 1
109, 113, 1
109, 121, 1
109, 149, 1
109, 137, 1
109, 127, 1
109, 138, 1
109, 108, 1
109, 105, 1
52, 92, 1
52, 77, 1
52, 83, 1
52, 70, 1
112, 126, 1
112, 147, 1
112, 134, 1
112, 110, 1
112, 141, 1
112, 129, 1
112, 145, 1
112, 146, 1
112, 114, 1
112, 101, 1
112, 142, 1
112, 113, 1
112, 121, 1
112, 149, 1
112, 137, 1
112, 127, 1
112, 138, 1
112, 108, 1
112, 105, 1
112, 109, 1
117, 126, 1
117, 147, 1
117, 134, 1
117, 110, 1
117, 141, 1
117, 129, 1
117, 145, 1
117, 146, 1
117, 114, 1
117, 101, 1
117, 142, 1
117, 113, 1
117, 121, 1
117, 149, 1
117, 137, 1
117, 127, 1
117, 138, 1
117, 108, 1
117, 105, 1
117, 109, 1
117, 112, 1
120, 126, 1
120, 147, 1
120, 134, 1
120, 110, 1
120, 141, 1
120, 129, 1
120, 145, 1
120, 146, 1
120, 114, 1
120, 101, 1
120, 142, 1
120, 113, 1
120, 121, 1
120, 149, 1
120, 137, 1
120, 127, 1
120, 138, 1
120, 108, 1
120, 105, 1
120, 109, 1
120, 112, 1
120, 117, 1
125, 126, 1
125, 147, 1
125, 134, 1
125, 110, 1
125, 141, 1
125, 129, 1
125, 145, 1
125, 146, 1
125, 114, 1
125, 101, 1
125, 142, 1
125, 113, 1
125, 121, 1
125, 149, 1
125, 137, 1
125, 127, 1
125, 138, 1
125, 108, 1
125, 105, 1
125, 109, 1
125, 112, 1
125, 117, 1
125, 120, 1
131, 126, 1
131, 147, 1
131, 134, 1
131, 110, 1
131, 141, 1
131, 129, 1
131, 145, 1
131, 146, 1
131, 114, 1
131, 101, 1
131, 142, 1
131, 113, 1
131, 121, 1
131, 149, 1
131, 137, 1
131, 127, 1
131, 138, 1
131, 108, 1
131, 105, 1
131, 109, 1
131, 112, 1
131, 117, 1
131, 120, 1
131, 125, 1
139, 126, 1
139, 147, 1
139, 134, 1
139, 110, 1
139, 141, 1
139, 129, 1
139, 145, 1
139, 146, 1
139, 114, 1
139, 101, 1
139, 142, 1
139, 113, 1
139, 121, 1
139, 149, 1
139, 137, 1
139, 127, 1
139, 138, 1
139, 108, 1
139, 105, 1
139, 109, 1
139, 112, 1
139, 117, 1
139, 120, 1
139, 125, 1
139, 131, 1
70, 126, -1
70, 147, -1
70, 134, -1
70, 110, -1
70, 141, -1
70, 129, -1
70, 145, -1
70, 146, -1
70, 114, -1
70, 101, -1
70, 142, -1
70, 113, -1
70, 121, -1
70, 149, -1
70, 137, -1
70, 127, -1
70, 138, -1
70, 108, -1
70, 0, -1
105, 92, -1
105, 77, -1
105, 83, -1
105, 70, -1
105, 0, -1
109, 92, -1
109, 77, -1
109, 83, -1
109, 70, -1
109, 0, -1
52, 126, -1
52, 147, -1
52, 134, -1
52, 110, -1
52, 141, -1
52, 129, -1
52, 145, -1
52, 146, -1
52, 114, -1
52, 101, -1
52, 142, -1
52, 113, -1
52, 121, -1
52, 149, -1
52, 137, -1
52, 127, -1
52, 138, -1
52, 108, -1
52, 105, -1
52, 109, -1
52, 0, -1
112, 92, -1
112, 77, -1
112, 83, -1
112, 70, -1
112, 52, -1
112, 0, -1
117, 92, -1
117, 77, -1
117, 83, -1
117, 70, -1
117, 52, -1
117, 0, -1
120, 92, -1
120, 77, -1
120, 83, -1
120, 70, -1
120, 52, -1
120, 0, -1
125, 92, -1
125, 77, -1
125, 83, -1
125, 70, -1
125, 52, -1
125, 0, -1
131, 92, -1
131, 77, -1
131, 83, -1
131, 70, -1
131, 52, -1
131, 0, -1
139, 92, -1
139, 77, -1
139, 83, -1
139, 70, -1
139, 52, -1
139, 0, -1

104, 126, 1
104, 147, 1
104, 134, 1
104, 110, 1
104, 141, 1
104, 129, 1
104, 145, 1
104, 146, 1
104, 114, 1
104, 101, 1
104, 142, 1
104, 113, 1
104, 121, 1
104, 149, 1
104, 137, 1
104, 127, 1
104, 138, 1
104, 108, 1
104, 105, 1
104, 109, 1
104, 112, 1
104, 117, 1
104, 120, 1
104, 125, 1
104, 131, 1
104, 139, 1
115, 126, 1
115, 147, 1
115, 134, 1
115, 110, 1
115, 141, 1
115, 129, 1
115, 145, 1
115, 146, 1
115, 114, 1
115, 101, 1
115, 142, 1
115, 113, 1
115, 121, 1
115, 149, 1
115, 137, 1
115, 127, 1
115, 138, 1
115, 108, 1
115, 105, 1
115, 109, 1
115, 112, 1
115, 117, 1
115, 120, 1
115, 125, 1
115, 131, 1
115, 139, 1
115, 104, 1
116, 126, 1
116, 147, 1
116, 134, 1
116, 110, 1
116, 141, 1
116, 129, 1
116, 145, 1
116, 146, 1
116, 114, 1
116, 101, 1
116, 142, 1
116, 113, 1
116, 121, 1
116, 149, 1
116, 137, 1
116, 127, 1
116, 138, 1
116, 108, 1
116, 105, 1
116, 109, 1
116, 112, 1
116, 117, 1
116, 120, 1
116, 125, 1
116, 131, 1
116, 139, 1
116, 104, 1
116, 115, 1
124, 126, 1
124, 147, 1
124, 134, 1
124, 110, 1
124, 141, 1
124, 129, 1
124, 145, 1
124, 146, 1
124, 114, 1
124, 101, 1
124, 142, 1
124, 113, 1
124, 121, 1
124, 149, 1
124, 137, 1
124, 127, 1
124, 138, 1
124, 108, 1
124, 105, 1
124, 109, 1
124, 112, 1
124, 117, 1
124, 120, 1
124, 125, 1
124, 131, 1
124, 139, 1
124, 104, 1
124, 115, 1
124, 116, 1
140, 126, 1
140, 147, 1
140, 134, 1
140, 110, 1
140, 141, 1
140, 129, 1
140, 145, 1
140, 146, 1
140, 114, 1
140, 101, 1
140, 142, 1
140, 113, 1
140, 121, 1
140, 149, 1
140, 137, 1
140, 127, 1
140, 138, 1
140, 108, 1
140, 105, 1
140, 109, 1
140, 112, 1
140, 117, 1
140, 120, 1
140, 125, 1
140, 131, 1
140, 139, 1
140, 104, 1
140, 115, 1
140, 116, 1
140, 124, 1
143, 126, 1
143, 147, 1
143, 134, 1
143, 110, 1
143, 141, 1
143, 129, 1
143, 145, 1
143, 146, 1
143, 114, 1
143, 101, 1
143, 142, 1
143, 113, 1
143, 121, 1
143, 149, 1
143, 137, 1
143, 127, 1
143, 138, 1
143, 108, 1
143, 105, 1
143, 109, 1
143, 112, 1
143, 117, 1
143, 120, 1
143, 125, 1
143, 131, 1
143, 139, 1
143, 104, 1
143, 115, 1
143, 116, 1
143, 124, 1
143, 140, 1
144, 126, 1
144, 147, 1
144, 134, 1
144, 110, 1
144, 141, 1
144, 129, 1
144, 145, 1
144, 146, 1
144, 114, 1
144, 101, 1
144, 142, 1
144, 113, 1
144, 121, 1
144, 149, 1
144, 137, 1
144, 127, 1
144, 138, 1
144, 108, 1
144, 105, 1
144, 109, 1
144, 112, 1
144, 117, 1
144, 120, 1
144, 125, 1
144, 131, 1
144, 139, 1
144, 104, 1
144, 115, 1
144, 116, 1
144, 124, 1
144, 140, 1
144, 143, 1
136, 126, 1
136, 147, 1
136, 134, 1
136, 110, 1
136, 141, 1
136, 129, 1
136, 145, 1
136, 146, 1
136, 114, 1
136, 101, 1
136, 142, 1
136, 113, 1
136, 121, 1
136, 149, 1
136, 137, 1
136, 127, 1
136, 138, 1
136, 108, 1
136, 105, 1
136, 109, 1
136, 112, 1
136, 117, 1
136, 120, 1
136, 125, 1
136, 131, 1
136, 139, 1
136, 104, 1
136, 115, 1
136, 116, 1
136, 124, 1
136, 140, 1
136, 143, 1
136, 144, 1
148, 126, 1
148, 147, 1
148, 134, 1
148, 110, 1
148, 141, 1
148, 129, 1
148, 145, 1
148, 146, 1
148, 114, 1
148, 101, 1
148, 142, 1
148, 113, 1
148, 121, 1
148, 149, 1
148, 137, 1
148, 127, 1
148, 138, 1
148, 108, 1
148, 105, 1
148, 109, 1
148, 112, 1
148, 117, 1
148, 120, 1
148, 125, 1
148, 131, 1
148, 139, 1
148, 104, 1
148, 115, 1
148, 116, 1
148, 124, 1
148, 140, 1
148, 143, 1
148, 144, 1
148, 136, 1
100, 126, 1
100, 147, 1
100, 134, 1
100, 110, 1
100, 141, 1
100, 129, 1
100, 145, 1
100, 146, 1
100, 114, 1
100, 101, 1
100, 142, 1
100, 113, 1
100, 121, 1
100, 149, 1
100, 137, 1
100, 127, 1
100, 138, 1
100, 108, 1
100, 105, 1
100, 109, 1
100, 112, 1
100, 117, 1
100, 120, 1
100, 125, 1
100, 131, 1
100, 139, 1
100, 104, 1
100, 115, 1
100, 116, 1
100, 124, 1
100, 140, 1
100, 143, 1
100, 144, 1
100, 136, 1
100, 148, 1
104, 92, -1
104, 77, -1
104, 83, -1
104, 70, -1
104, 52, -1
104, 0, -1
115, 92, -1
115, 77, -1
115, 83, -1
115, 70, -1
115, 52, -1
115, 0, -1
116, 92, -1
116, 77, -1
116, 83, -1
116, 70, -1
116, 52, -1
116, 0, -1
124, 92, -1
124, 77, -1
124, 83, -1
124, 70, -1
124, 52, -1
124, 0, -1
140, 92, -1
140, 77, -1
140, 83, -1
140, 70, -1
140, 52, -1
140, 0, -1
143, 92, -1
143, 77, -1
143, 83, -1
143, 70, -1
143, 52, -1
143, 0, -1
144, 92, -1
144, 77, -1
144, 83, -1
144, 70, -1
144, 52, -1
144, 0, -1
136, 92, -1
136, 77, -1
136, 83, -1
136, 70, -1
136, 52, -1
136, 0, -1
148, 92, -1
148, 77, -1
148, 83, -1
148, 70, -1
148, 52, -1
148, 0, -1
100, 92, -1
100, 77, -1
100, 83, -1
100, 70, -1
100, 52, -1
100, 0, -1

102, 126, 1
102, 147, 1
102, 134, 1
102, 110, 1
102, 141, 1
102, 129, 1
102, 145, 1
102, 146, 1
102, 114, 1
102, 101, 1
102, 142, 1
102, 113, 1
102, 121, 1
102, 149, 1
102, 137, 1
102, 127, 1
102, 138, 1
102, 108, 1
102, 105, 1
102, 109, 1
102, 112, 1
102, 117, 1
102, 120, 1
102, 125, 1
102, 131, 1
102, 139, 1
102, 104, 1
102, 115, 1
102, 116, 1
102, 124, 1
102, 140, 1
102, 143, 1
102, 144, 1
102, 136, 1
102, 148, 1
102, 100, 1
107, 126, 1
107, 147, 1
107, 134, 1
107, 110, 1
107, 141, 1
107, 129, 1
107, 145, 1
107, 146, 1
107, 114, 1
107, 101, 1
107, 142, 1
107, 113, 1
107, 121, 1
107, 149, 1
107, 137, 1
107, 127, 1
107, 138, 1
107, 108, 1
107, 105, 1
107, 109, 1
107, 112, 1
107, 117, 1
107, 120, 1
107, 125, 1
107, 131, 1
107, 139, 1
107, 104, 1
107, 115, 1
107, 116, 1
107, 124, 1
107, 140, 1
107, 143, 1
107, 144, 1
107, 136, 1
107, 148, 1
107, 100, 1
107, 102, 1
122, 126, 1
122, 147, 1
122, 134, 1
122, 110, 1
122, 141, 1
122, 129, 1
122, 145, 1
122, 146, 1
122, 114, 1
122, 101, 1
122, 142, 1
122, 113, 1
122, 121, 1
122, 149, 1
122, 137, 1
122, 127, 1
122, 138, 1
122, 108, 1
122, 105, 1
122, 109, 1
122, 112, 1
122, 117, 1
122, 120, 1
122, 125, 1
122, 131, 1
122, 139, 1
122, 104, 1
122, 115, 1
122, 116, 1
122, 124, 1
122, 140, 1
122, 143, 1
122, 144, 1
122, 136, 1
122, 148, 1
122, 100, 1
122, 102, 1
122, 107, 1
130, 126, 1
130, 147, 1
130, 134, 1
130, 110, 1
130, 141, 1
130, 129, 1
130, 145, 1
130, 146, 1
130, 114, 1
130, 101, 1
130, 142, 1
130, 113, 1
130, 121, 1
130, 149, 1
130, 137, 1
130, 127, 1
130, 138, 1
130, 108, 1
130, 105, 1
130, 109, 1
130, 112, 1
130, 117, 1
130, 120, 1
130, 125, 1
130, 131, 1
130, 139, 1
130, 104, 1
130, 115, 1
130, 116, 1
130, 124, 1
130, 140, 1
130, 143, 1
130, 144, 1
130, 136, 1
130, 148, 1
130, 100, 1
130, 102, 1
130, 107, 1
130, 122, 1
135, 126, 1
135, 147, 1
135, 134, 1
135, 110, 1
135, 141, 1
135, 129, 1
135, 145, 1
135, 146, 1
135, 114, 1
135, 101, 1
135, 142, 1
135, 113, 1
135, 121, 1
135, 149, 1
135, 137, 1
135, 127, 1
135, 138, 1
135, 108, 1
135, 105, 1
135, 109, 1
135, 112, 1
135, 117, 1
135, 120, 1
135, 125, 1
135, 131, 1
135, 139, 1
135, 104, 1
135, 115, 1
135, 116, 1
135, 124, 1
135, 140, 1
135, 143, 1
135, 144, 1
135, 136, 1
135, 148, 1
135, 100, 1
135, 102, 1
135, 107, 1
135, 122, 1
135, 130, 1
103, 126, 1
103, 147, 1
103, 134, 1
103, 110, 1
103, 141, 1
103, 129, 1
103, 145, 1
103, 146, 1
103, 114, 1
103, 101, 1
103, 142, 1
103, 113, 1
103, 121, 1
103, 149, 1
103, 137, 1
103, 127, 1
103, 138, 1
103, 108, 1
103, 105, 1
103, 109, 1
103, 112, 1
103, 117, 1
103, 120, 1
103, 125, 1
103, 131, 1
103, 139, 1
103, 104, 1
103, 115, 1
103, 116, 1
103, 124, 1
103, 140, 1
103, 143, 1
103, 144, 1
103, 136, 1
103, 148, 1
103, 100, 1
103, 102, 1
103, 107, 1
103, 122, 1
103, 130, 1
103, 135, 1
128, 126, 1
128, 147, 1
128, 134, 1
128, 110, 1
128, 141, 1
128, 129, 1
128, 145, 1
128, 146, 1
128, 114, 1
128, 101, 1
128, 142, 1
128, 113, 1
128, 121, 1
128, 149, 1
128, 137, 1
128, 127, 1
128, 138, 1
128, 108, 1
128, 105, 1
128, 109, 1
128, 112, 1
128, 117, 1
128, 120, 1
128, 125, 1
128, 131, 1
128, 139, 1
128, 104, 1
128, 115, 1
128, 116, 1
128, 124, 1
128, 140, 1
128, 143, 1
128, 144, 1
128, 136, 1
128, 148, 1
128, 100, 1
128, 102, 1
128, 107, 1
128, 122, 1
128, 130, 1
128, 135, 1
128, 103, 1
132, 126, 1
132, 147, 1
132, 134, 1
132, 110, 1
132, 141, 1
132, 129, 1
132, 145, 1
132, 146, 1
132, 114, 1
132, 101, 1
132, 142, 1
132, 113, 1
132, 121, 1
132, 149, 1
132, 137, 1
132, 127, 1
132, 138, 1
132, 108, 1
132, 105, 1
132, 109, 1
132, 112, 1
132, 117, 1
132, 120, 1
132, 125, 1
132, 131, 1
132, 139, 1
132, 104, 1
132, 115, 1
132, 116, 1
132, 124, 1
132, 140, 1
132, 143, 1
132, 144, 1
132, 136, 1
132, 148, 1
132, 100, 1
132, 102, 1
132, 107, 1
132, 122, 1
132, 130, 1
132, 135, 1
132, 103, 1
132, 128, 1
118, 126, 1
118, 147, 1
118, 134, 1
118, 110, 1
118, 141, 1
118, 129, 1
118, 145, 1
118, 146, 1
118, 114, 1
118, 101, 1
118, 142, 1
118, 113, 1
118, 121, 1
118, 149, 1
118, 137, 1
118, 127, 1
118, 138, 1
118, 108, 1
118, 105, 1
118, 109, 1
118, 112, 1
118, 117, 1
118, 120, 1
118, 125, 1
118, 131, 1
118, 139, 1
118, 104, 1
118, 115, 1
118, 116, 1
118, 124, 1
118, 140, 1
118, 143, 1
118, 144, 1
118, 136, 1
118, 148, 1
118, 100, 1
118, 102, 1
118, 107, 1
118, 122, 1
118, 130, 1
118, 135, 1
118, 103, 1
118, 128, 1
118, 132, 1
111, 126, 1
111, 147, 1
111, 134, 1
111, 110, 1
111, 141, 1
111, 129, 1
111, 145, 1
111, 146, 1
111, 114, 1
111, 101, 1
111, 142, 1
111, 113, 1
111, 121, 1
111, 149, 1
111, 137, 1
111, 127, 1
111, 138, 1
111, 108, 1
111, 105, 1
111, 109, 1
111, 112, 1
111, 117, 1
111, 120, 1
111, 125, 1
111, 131, 1
111, 139, 1
111, 104, 1
111, 115, 1
111, 116, 1
111, 124, 1
111, 140, 1
111, 143, 1
111, 144, 1
111, 136, 1
111, 148, 1
111, 100, 1
111, 102, 1
111, 107, 1
111, 122, 1
111, 130, 1
111, 135, 1
111, 103, 1
111, 128, 1
111, 132, 1
111, 118, 1
102, 92, -1
102, 77, -1
102, 83, -1
102, 70, -1
102, 52, -1
102, 0, -1
107, 92, -1
107, 77, -1
107, 83, -1
107, 70, -1
107, 52, -1
107, 0, -1
122, 92, -1
122, 77, -1
122, 83, -1
122, 70, -1
122, 52, -1
122, 0, -1
130, 92, -1
130, 77, -1
130, 83, -1
130, 70, -1
130, 52, -1
130, 0, -1
135, 92, -1
135, 77, -1
135, 83, -1
135, 70, -1
135, 52, -1
135, 0, -1
103, 92, -1
103, 77, -1
103, 83, -1
103, 70, -1
103, 52, -1
103, 0, -1
128, 92, -1
128, 77, -1
128, 83, -1
128, 70, -1
128, 52, -1
128, 0, -1
132, 92, -1
132, 77, -1
132, 83, -1
132, 70, -1
132, 52, -1
132, 0, -1
118, 92, -1
118, 77, -1
118, 83, -1
118, 70, -1
118, 52, -1
118, 0, -1
111, 92, -1
111, 77, -1
111, 83, -1
111, 70, -1
111, 52, -1
111, 0, -1

123, 126, 1
123, 147, 1
123, 134, 1
123, 110, 1
123, 141, 1
123, 129, 1
123, 145, 1
123, 146, 1
123, 114, 1
123, 101, 1
123, 142, 1
123, 113, 1
123, 121, 1
123, 149, 1
123, 137, 1
123, 127, 1
123, 138, 1
123, 108, 1
123, 105, 1
123, 109, 1
123, 112, 1
123, 117, 1
123, 120, 1
123, 125, 1
123, 131, 1
123, 139, 1
123, 104, 1
123, 115, 1
123, 116, 1
123, 124, 1
123, 140, 1
123, 143, 1
123, 144, 1
123, 136, 1
123, 148, 1
123, 100, 1
123, 102, 1
123, 107, 1
123, 122, 1
123, 130, 1
123, 135, 1
123, 103, 1
123, 128, 1
123, 132, 1
123, 118, 1
123, 111, 1
133, 126, 1
133, 147, 1
133, 134, 1
133, 110, 1
133, 141, 1
133, 129, 1
133, 145, 1
133, 146, 1
133, 114, 1
133, 101, 1
133, 142, 1
133, 113, 1
133, 121, 1
133, 149, 1
133, 137, 1
133, 127, 1
133, 138, 1
133, 108, 1
133, 105, 1
133, 109, 1
133, 112, 1
133, 117, 1
133, 120, 1
133, 125, 1
133, 131, 1
133, 139, 1
133, 104, 1
133, 115, 1
133, 116, 1
133, 124, 1
133, 140, 1
133, 143, 1
133, 144, 1
133, 136, 1
133, 148, 1
133, 100, 1
133, 102, 1
133, 107, 1
133, 122, 1
133, 130, 1
133, 135, 1
133, 103, 1
133, 128, 1
133, 132, 1
133, 118, 1
133, 111, 1
133, 123, 1
106, 126, 1
106, 147, 1
106, 134, 1
106, 110, 1
106, 141, 1
106, 129, 1
106, 145, 1
106, 146, 1
106, 114, 1
106, 101, 1
106, 142, 1
106, 113, 1
106, 121, 1
106, 149, 1
106, 137, 1
106, 127, 1
106, 138, 1
106, 108, 1
106, 105, 1
106, 109, 1
106, 112, 1
106, 117, 1
106, 120, 1
106, 125, 1
106, 131, 1
106, 139, 1
106, 104, 1
106, 115, 1
106, 116, 1
106, 124, 1
106, 140, 1
106, 143, 1
106, 144, 1
106, 136, 1
106, 148, 1
106, 100, 1
106, 102, 1
106, 107, 1
106, 122, 1
106, 130, 1
106, 135, 1
106, 103, 1
106, 128, 1
106, 132, 1
106, 118, 1
106, 111, 1
106, 123, 1
106, 133, 1
119, 126, 1
119, 147, 1
119, 134, 1
119, 110, 1
119, 141, 1
119, 129, 1
119, 145, 1
119, 146, 1
119, 114, 1
119, 101, 1
119, 142, 1
119, 113, 1
119, 121, 1
119, 149, 1
119, 137, 1
119, 127, 1
119, 138, 1
119, 108, 1
119, 105, 1
119, 109, 1
119, 112, 1
119, 117, 1
119, 120, 1
119, 125, 1
119, 131, 1
119, 139, 1
119, 104, 1
119, 115, 1
119, 116, 1
119, 124, 1
119, 140, 1
119, 143, 1
119, 144, 1
119, 136, 1
119, 148, 1
119, 100, 1
119, 102, 1
119, 107, 1
119, 122, 1
119, 130, 1
119, 135, 1
119, 103, 1
119, 128, 1
119, 132, 1
119, 118, 1
119, 111, 1
119, 123, 1
119, 133, 1
119, 106, 1
56, 92, 1
56, 77, 1
56, 83, 1
56, 70, 1
56, 52, 1
76, 92, 1
76, 77, 1
76, 83, 1
76, 70, 1
76, 52, 1
76, 56, 1
123, 92, -1
123, 77, -1
123, 83, -1
123, 70, -1
123, 52, -1
123, 0, -1
133, 92, -1
133, 77, -1
133, 83, -1
133, 70, -1
133, 52, -1
133, 0, -1
106, 92, -1
106, 77, -1
106, 83, -1
106, 70, -1
106, 52, -1
106, 0, -1
119, 92, -1
119, 77, -1
119, 83, -1
119, 70, -1
119, 52, -1
119, 0, -1
56, 126, -1
56, 147, -1
56, 134, -1
56, 110, -1
56, 141, -1
56, 129, -1
56, 145, -1
56, 146, -1
56, 114, -1
56, 101, -1
56, 142, -1
56, 113, -1
56, 121, -1
56, 149, -1
56, 137, -1
56, 127, -1
56, 138, -1
56, 108, -1
56, 105, -1
56, 109, -1
56, 112, -1
56, 117, -1
56, 120, -1
56, 125, -1
56, 131, -1
56, 139, -1
56, 104, -1
56, 115, -1
56, 116, -1
56, 124, -1
56, 140, -1
56, 143, -1
56, 144, -1
56, 136, -1
56, 148, -1
56, 100, -1
56, 102, -1
56, 107, -1
56, 122, -1
56, 130, -1
56, 135, -1
56, 103, -1
56, 128, -1
56, 132, -1
56, 118, -1
56, 111, -1
56, 123, -1
56, 133, -1
56, 106, -1
56, 119, -1
56, 0, -1
76, 126, -1
76, 147, -1
76, 134, -1
76, 110, -1
76, 141, -1
76, 129, -1
76, 145, -1
76, 146, -1
76, 114, -1
76, 101, -1
76, 142, -1
76, 113, -1
76, 121, -1
76, 149, -1
76, 137, -1
76, 127, -1
76, 138, -1
76, 108, -1
76, 105, -1
76, 109, -1
76, 112, -1
76, 117, -1
76, 120, -1
76, 125, -1
76, 131, -1
76, 139, -1
76, 104, -1
76, 115, -1
76, 116, -1
76, 124, -1
76, 140, -1
76, 143, -1
76, 144, -1
76, 136, -1
76, 148, -1
76, 100, -1
76, 102, -1
76, 107, -1
76, 122, -1
76, 130, -1
76, 135, -1
76, 103, -1
76, 128, -1
76, 132, -1
76, 118, -1
76, 111, -1
76, 123, -1
76, 133, -1
76, 106, -1
76, 119, -1
76, 0, -1

72, 92, 1
72, 77, 1
72, 83, 1
72, 70, 1
72, 52, 1
72, 56, 1
72, 76, 1
60, 92, 1
60, 77, 1
60, 83, 1
60, 70, 1
60, 52, 1
60, 56, 1
60, 76, 1
60, 72, 1
50, 92, 1
50, 77, 1
50, 83, 1
50, 70, 1
50, 52, 1
50, 56, 1
50, 76, 1
50, 72, 1
50, 60, 1
59, 92, 1
59, 77, 1
59, 83, 1
59, 70, 1
59, 52, 1
59, 56, 1
59, 76, 1
59, 72, 1
59, 60, 1
59, 50, 1
86, 92, 1
86, 77, 1
86, 83, 1
86, 70, 1
86, 52, 1
86, 56, 1
86, 76, 1
86, 72, 1
86, 60, 1
86, 50, 1
86, 59, 1
36, 0, 1
51, 92, 1
51, 77, 1
51, 83, 1
51, 70, 1
51, 52, 1
51, 56, 1
51, 76, 1
51, 72, 1
51, 60, 1
51, 50, 1
51, 59, 1
51, 86, 1
81, 92, 1
81, 77, 1
81, 83, 1
81, 70, 1
81, 52, 1
81, 56, 1
81, 76, 1
81, 72, 1
81, 60, 1
81, 50, 1
81, 59, 1
81, 86, 1
81, 51, 1
65, 92, 1
65, 77, 1
65, 83, 1
65, 70, 1
65, 52, 1
65, 56, 1
65, 76, 1
65, 72, 1
65, 60, 1
65, 50, 1
65, 59, 1
65, 86, 1
65, 51, 1
65, 81, 1
62, 92, 1
62, 77, 1
62, 83, 1
62, 70, 1
62, 52, 1
62, 56, 1
62, 76, 1
62, 72, 1
62, 60, 1
62, 50, 1
62, 59, 1
62, 86, 1
62, 51, 1
62, 81, 1
62, 65, 1
72, 126, -1
72, 147, -1
72, 134, -1
72, 110, -1
72, 141, -1
72, 129, -1
72, 145, -1
72, 146, -1
72, 114, -1
72, 101, -1
72, 142, -1
72, 113, -1
72, 121, -1
72, 149, -1
72, 137, -1
72, 127, -1
72, 138, -1
72, 108, -1
72, 105, -1
72, 109, -1
72, 112, -1
72, 117, -1
72, 120, -1
72, 125, -1
72, 131, -1
72, 139, -1
72, 104, -1
72, 115, -1
72, 116, -1
72, 124, -1
72, 140, -1
72, 143, -1
72, 144, -1
72, 136, -1
72, 148, -1
72, 100, -1
72, 102, -1
72, 107, -1
72, 122, -1
72, 130, -1
72, 135, -1
72, 103, -1
72, 128, -1
72, 132, -1
72, 118, -1
72, 111, -1
72, 123, -1
72, 133, -1
72, 106, -1
72, 119, -1
72, 0, -1
60, 126, -1
60, 147, -1
60, 134, -1
60, 110, -1
60, 141, -1
60, 129, -1
60, 145, -1
60, 146, -1
60, 114, -1
60, 101, -1
60, 142, -1
60, 113, -1
60, 121, -1
60, 149, -1
60, 137, -1
60, 127, -1
60, 138, -1
60, 108, -1
60, 105, -1
60, 109, -1
60, 112, -1
60, 117, -1
60, 120, -1
60, 125, -1
60, 131, -1
60, 139, -1
60, 104, -1
60, 115, -1
60, 116, -1
60, 124, -1
60, 140, -1
60, 143, -1
60, 144, -1
60, 136, -1
60, 148, -1
60, 100, -1
60, 102, -1
60, 107, -1
60, 122, -1
60, 130, -1
60, 135, -1
60, 103, -1
60, 128, -1
60, 132, -1
60, 118, -1
60, 111, -1
60, 123, -1
60, 133, -1
60, 106, -1
60, 119, -1
60, 0, -1
50, 126, -1
50, 147, -1
50, 134, -1
50, 110, -1
50, 141, -1
50, 129, -1
50, 145, -1
50, 146, -1
50, 114, -1
50, 101, -1
50, 142, -1
50, 113, -1
50, 121, -1
50, 149, -1
50, 137, -1
50, 127, -1
50, 138, -1
50, 108, -1
50, 105, -1
50, 109, -1
50, 112, -1
50, 117, -1
50, 120, -1
50, 125, -1
50, 131, -1
50, 139, -1
50, 104, -1
50, 115, -1
50, 116, -1
50, 124, -1
50, 140, -1
50, 143, -1
50, 144, -1
50, 136, -1
50, 148, -1
50, 100, -1
50, 102, -1
50, 107, -1
50, 122, -1
50, 130, -1
50, 135, -1
50, 103, -1
50, 128, -1
50, 132, -1
50, 118, -1
50, 111, -1
50, 123, -1
50, 133, -1
50, 106, -1
50, 119, -1
50, 0, -1
59, 126, -1
59, 147, -1
59, 134, -1
59, 110, -1
59, 141, -1
59, 129, -1
59, 145, -1
59, 146, -1
59, 114, -1
59, 101, -1
59, 142, -1
59, 113, -1
59, 121, -1
59, 149, -1
59, 137, -1
59, 127, -1
59, 138, -1
59, 108, -1
59, 105, -1
59, 109, -1
59, 112, -1
59, 117, -1
59, 120, -1
59, 125, -1
59, 131, -1
59, 139, -1
59, 104, -1
59, 115, -1
59, 116, -1
59, 124, -1
59, 140, -1
59, 143, -1
59, 144, -1
59, 136, -1
59, 148, -1
59, 100, -1
59, 102, -1
59, 107, -1
59, 122, -1
59, 130, -1
59, 135, -1
59, 103, -1
59, 128, -1
59, 132, -1
59, 118, -1
59, 111, -1
59, 123, -1
59, 133, -1
59, 106, -1
59, 119, -1
59, 0, -1
86, 126, -1
86, 147, -1
86, 134, -1
86, 110, -1
86, 141, -1
86, 129, -1
86, 145, -1
86, 146, -1
86, 114, -1
86, 101, -1
86, 142, -1
86, 113, -1
86, 121, -1
86, 149, -1
86, 137, -1
86, 127, -1
86, 138, -1
86, 108, -1
86, 105, -1
86, 109, -1
86, 112, -1
86, 117, -1
86, 120, -1
86, 125, -1
86, 131, -1
86, 139, -1
86, 104, -1
86, 115, -1
86, 116, -1
86, 124, -1
86, 140, -1
86, 143, -1
86, 144, -1
86, 136, -1
86, 148, -1
86, 100, -1
86, 102, -1
86, 107, -1
86, 122, -1
86, 130, -1
86, 135, -1
86, 103, -1
86, 128, -1
86, 132, -1
86, 118, -1
86, 111, -1
86, 123, -1
86, 133, -1
86, 106, -1
86, 119, -1
86, 0, -1
36, 126, -1
36, 147, -1
36, 134, -1
36, 110, -1
36, 141, -1
36, 129, -1
36, 145, -1
36, 146, -1
36, 114, -1
36, 101, -1
36, 142, -1
36, 113, -1
36, 121, -1
36, 149, -1
36, 137, -1
36, 127, -1
36, 138, -1
36, 108, -1
36, 105, -1
36, 109, -1
36, 112, -1
36, 117, -1
36, 120, -1
36, 125, -1
36, 131, -1
36, 139, -1
36, 104, -1
36, 115, -1
36, 116, -1
36, 124, -1
36, 140, -1
36, 143, -1
36, 144, -1
36, 136, -1
36, 148, -1
36, 100, -1
36, 102, -1
36, 107, -1
36, 122, -1
36, 130, -1
36, 135, -1
36, 103, -1
36, 128, -1
36, 132, -1
36, 118, -1
36, 111, -1
36, 123, -1
36, 133, -1
36, 106, -1
36, 119, -1
36, 92, -1
36, 77, -1
36, 83, -1
36, 70, -1
36, 52, -1
36, 56, -1
36, 76, -1
36, 72, -1
36, 60, -1
36, 50, -1
36, 59, -1
36, 86, -1
51, 126, -1
51, 147, -1
51, 134, -1
51, 110, -1
51, 141, -1
51, 129, -1
51, 145, -1
51, 146, -1
51, 114, -1
51, 101, -1
51, 142, -1
51, 113, -1
51, 121, -1
51, 149, -1
51, 137, -1
51, 127, -1
51, 138, -1
51, 108, -1
51, 105, -1
51, 109, -1
51, 112, -1
51, 117, -1
51, 120, -1
51, 125, -1
51, 131, -1
51, 139, -1
51, 104, -1
51, 115, -1
51, 116, -1
51, 124, -1
51, 140, -1
51, 143, -1
51, 144, -1
51, 136, -1
51, 148, -1
51, 100, -1
51, 102, -1
51, 107, -1
51, 122, -1
51, 130, -1
51, 135, -1
51, 103, -1
51, 128, -1
51, 132, -1
51, 118, -1
51, 111, -1
51, 123, -1
51, 133, -1
51, 106, -1
51, 119, -1
51, 0, -1
51, 36, -1
81, 126, -1
81, 147, -1
81, 134, -1
81, 110, -1
81, 141, -1
81, 129, -1
81, 145, -1
81, 146, -1
81, 114, -1
81, 101, -1
81, 142, -1
81, 113, -1
81, 121, -1
81, 149, -1
81, 137, -1
81, 127, -1
81, 138, -1
81, 108, -1
81, 105, -1
81, 109, -1
81, 112, -1
81, 117, -1
81, 120, -1
81, 125, -1
81, 131, -1
81, 139, -1
81, 104, -1
81, 115, -1
81, 116, -1
81, 124, -1
81, 140, -1
81, 143, -1
81, 144, -1
81, 136, -1
81, 148, -1
81, 100, -1
81, 102, -1
81, 107, -1
81, 122, -1
81, 130, -1
81, 135, -1
81, 103, -1
81, 128, -1
81, 132, -1
81, 118, -1
81, 111, -1
81, 123, -1
81, 133, -1
81, 106, -1
81, 119, -1
81, 0, -1
81, 36, -1
65, 126, -1
65, 147, -1
65, 134, -1
65, 110, -1
65, 141, -1
65, 129, -1
65, 145, -1
65, 146, -1
65, 114, -1
65, 101, -1
65, 142, -1
65, 113, -1
65, 121, -1
65, 149, -1
65, 137, -1
65, 127, -1
65, 138, -1
65, 108, -1
65, 105, -1
65, 109, -1
65, 112, -1
65, 117, -1
65, 120, -1
65, 125, -1
65, 131, -1
65, 139, -1
65, 104, -1
65, 115, -1
65, 116, -1
65, 124, -1
65, 140, -1
65, 143, -1
65, 144, -1
65, 136, -1
65, 148, -1
65, 100, -1
65, 102, -1
65, 107, -1
65, 122, -1
65, 130, -1
65, 135, -1
65, 103, -1
65, 128, -1
65, 132, -1
65, 118, -1
65, 111, -1
65, 123, -1
65, 133, -1
65, 106, -1
65, 119, -1
65, 0, -1
65, 36, -1
62, 126, -1
62, 147, -1
62, 134, -1
62, 110, -1
62, 141, -1
62, 129, -1
62, 145, -1
62, 146, -1
62, 114, -1
62, 101, -1
62, 142, -1
62, 113, -1
62, 121, -1
62, 149, -1
62, 137, -1
62, 127, -1
62, 138, -1
62, 108, -1
62, 105, -1
62, 109, -1
62, 112, -1
62, 117, -1
62, 120, -1
62, 125, -1
62, 131, -1
62, 139, -1
62, 104, -1
62, 115, -1
62, 116, -1
62, 124, -1
62, 140, -1
62, 143, -1
62, 144, -1
62, 136, -1
62, 148, -1
62, 100, -1
62, 102, -1
62, 107, -1
62, 122, -1
62, 130, -1
62, 135, -1
62, 103, -1
62, 128, -1
62, 132, -1
62, 118, -1
62, 111, -1
62, 123, -1
62, 133, -1
62, 106, -1
62, 119, -1
62, 0, -1
62, 36, -1

85, 92, 1
85, 77, 1
85, 83, 1
85, 70, 1
85, 52, 1
85, 56, 1
85, 76, 1
85, 72, 1
85, 60, 1
85, 50, 1
85, 59, 1
85, 86, 1
85, 51, 1
85, 81, 1
85, 65, 1
85, 62, 1
53, 92, 1
53, 77, 1
53, 83, 1
53, 70, 1
53, 52, 1
53, 56, 1
53, 76, 1
53, 72, 1
53, 60, 1
53, 50, 1
53, 59, 1
53, 86, 1
53, 51, 1
53, 81, 1
53, 65, 1
53, 62, 1
53, 85, 1
91, 92, 1
91, 77, 1
91, 83, 1
91, 70, 1
91, 52, 1
91, 56, 1
91, 76, 1
91, 72, 1
91, 60, 1
91, 50, 1
91, 59, 1
91, 86, 1
91, 51, 1
91, 81, 1
91, 65, 1
91, 62, 1
91, 85, 1
91, 53, 1
69, 92, 1
69, 77, 1
69, 83, 1
69, 70, 1
69, 52, 1
69, 56, 1
69, 76, 1
69, 72, 1
69, 60, 1
69, 50, 1
69, 59, 1
69, 86, 1
69, 51, 1
69, 81, 1
69, 65, 1
69, 62, 1
69, 85, 1
69, 53, 1
69, 91, 1
68, 92, 1
68, 77, 1
68, 83, 1
68, 70, 1
68, 52, 1
68, 56, 1
68, 76, 1
68, 72, 1
68, 60, 1
68, 50, 1
68, 59, 1
68, 86, 1
68, 51, 1
68, 81, 1
68, 65, 1
68, 62, 1
68, 85, 1
68, 53, 1
68, 91, 1
68, 69, 1
66, 92, 1
66, 77, 1
66, 83, 1
66, 70, 1
66, 52, 1
66, 56, 1
66, 76, 1
66, 72, 1
66, 60, 1
66, 50, 1
66, 59, 1
66, 86, 1
66, 51, 1
66, 81, 1
66, 65, 1
66, 62, 1
66, 85, 1
66, 53, 1
66, 91, 1
66, 69, 1
66, 68, 1
54, 92, 1
54, 77, 1
54, 83, 1
54, 70, 1
54, 52, 1
54, 56, 1
54, 76, 1
54, 72, 1
54, 60, 1
54, 50, 1
54, 59, 1
54, 86, 1
54, 51, 1
54, 81, 1
54, 65, 1
54, 62, 1
54, 85, 1
54, 53, 1
54, 91, 1
54, 69, 1
54, 68, 1
54, 66, 1
80, 92, 1
80, 77, 1
80, 83, 1
80, 70, 1
80, 52, 1
80, 56, 1
80, 76, 1
80, 72, 1
80, 60, 1
80, 50, 1
80, 59, 1
80, 86, 1
80, 51, 1
80, 81, 1
80, 65, 1
80, 62, 1
80, 85, 1
80, 53, 1
80, 91, 1
80, 69, 1
80, 68, 1
80, 66, 1
80, 54, 1
90, 92, 1
90, 77, 1
90, 83, 1
90, 70, 1
90, 52, 1
90, 56, 1
90, 76, 1
90, 72, 1
90, 60, 1
90, 50, 1
90, 59, 1
90, 86, 1
90, 51, 1
90, 81, 1
90, 65, 1
90, 62, 1
90, 85, 1
90, 53, 1
90, 91, 1
90, 69, 1
90, 68, 1
90, 66, 1
90, 54, 1
90, 80, 1
78, 92, 1
78, 77, 1
78, 83, 1
78, 70, 1
78, 52, 1
78, 56, 1
78, 76, 1
78, 72, 1
78, 60, 1
78, 50, 1
78, 59, 1
78, 86, 1
78, 51, 1
78, 81, 1
78, 65, 1
78, 62, 1
78, 85, 1
78, 53, 1
78, 91, 1
78, 69, 1
78, 68, 1
78, 66, 1
78, 54, 1
78, 80, 1
78, 90, 1
85, 126, -1
85, 147, -1
85, 134, -1
85, 110, -1
85, 141, -1
85, 129, -1
85, 145, -1
85, 146, -1
85, 114, -1
85, 101, -1
85, 142, -1
85, 113, -1
85, 121, -1
85, 149, -1
85, 137, -1
85, 127, -1
85, 138, -1
85, 108, -1
85, 105, -1
85, 109, -1
85, 112, -1
85, 117, -1
85, 120, -1
85, 125, -1
85, 131, -1
85, 139, -1
85, 104, -1
85, 115, -1
85, 116, -1
85, 124, -1
85, 140, -1
85, 143, -1
85, 144, -1
85, 136, -1
85, 148, -1
85, 100, -1
85, 102, -1
85, 107, -1
85, 122, -1
85, 130, -1
85, 135, -1
85, 103, -1
85, 128, -1
85, 132, -1
85, 118, -1
85, 111, -1
85, 123, -1
85, 133, -1
85, 106, -1
85, 119, -1
85, 0, -1
85, 36, -1
53, 126, -1
53, 147, -1
53, 134, -1
53, 110, -1
53, 141, -1
53, 129, -1
53, 145, -1
53, 146, -1
53, 114, -1
53, 101, -1
53, 142, -1
53, 113, -1
53, 121, -1
53, 149, -1
53, 137, -1
53, 127, -1
53, 138, -1
53, 108, -1
53, 105, -1
53, 109, -1
53, 112, -1
53, 117, -1
53, 120, -1
53, 125, -1
53, 131, -1
53, 139, -1
53, 104, -1
53, 115, -1
53, 116, -1
53, 124, -1
53, 140, -1
53, 143, -1
53, 144, -1
53, 136, -1
53, 148, -1
53, 100, -1
53, 102, -1
53, 107, -1
53, 122, -1
53, 130, -1
53, 135, -1
53, 103, -1
53, 128, -1
53, 132, -1
53, 118, -1
53, 111, -1
53, 123, -1
53, 133, -1
53, 106, -1
53, 119, -1
53, 0, -1
53, 36, -1
91, 126, -1
91, 147, -1
91, 134, -1
91, 110, -1
91, 141, -1
91, 129, -1
91, 145, -1
91, 146, -1
91, 114, -1
91, 101, -1
91, 142, -1
91, 113, -1
91, 121, -1
91, 149, -1
91, 137, -1
91, 127, -1
91, 138, -1
91, 108, -1
91, 105, -1
91, 109, -1
91, 112, -1
91, 117, -1
91, 120, -1
91, 125, -1
91, 131, -1
91, 139, -1
91, 104, -1
91, 115, -1
91, 116, -1
91, 124, -1
91, 140, -1
91, 143, -1
91, 144, -1
91, 136, -1
91, 148, -1
91, 100, -1
91, 102, -1
91, 107, -1
91, 122, -1
91, 130, -1
91, 135, -1
91, 103, -1
91, 128, -1
91, 132, -1
91, 118, -1
91, 111, -1
91, 123, -1
91, 133, -1
91, 106, -1
91, 119, -1
91, 0, -1
91, 36, -1
69, 126, -1
69, 147, -1
69, 134, -1
69, 110, -1
69, 141, -1
69, 129, -1
69, 145, -1
69, 146, -1
69, 114, -1
69, 101, -1
69, 142, -1
69, 113, -1
69, 121, -1
69, 149, -1
69, 137, -1
69, 127, -1
69, 138, -1
69, 108, -1
69, 105, -1
69, 109, -1
69, 112, -1
69, 117, -1
69, 120, -1
69, 125, -1
69, 131, -1
69, 139, -1
69, 104, -1
69, 115, -1
69, 116, -1
69, 124, -1
69, 140, -1
69, 143, -1
69, 144, -1
69, 136, -1
69, 148, -1
69, 100, -1
69, 102, -1
69, 107, -1
69, 122, -1
69, 130, -1
69, 135, -1
69, 103, -1
69, 128, -1
69, 132, -1
69, 118, -1
69, 111, -1
69, 123, -1
69, 133, -1
69, 106, -1
69, 119, -1
69, 0, -1
69, 36, -1
68, 126, -1
68, 147, -1
68, 134, -1
68, 110, -1
68, 141, -1
68, 129, -1
68, 145, -1
68, 146, -1
68, 114, -1
68, 101, -1
68, 142, -1
68, 113, -1
68, 121, -1
68, 149, -1
68, 137, -1
68, 127, -1
68, 138, -1
68, 108, -1
68, 105, -1
68, 109, -1
68, 112, -1
68, 117, -1
68, 120, -1
68, 125, -1
68, 131, -1
68, 139, -1
68, 104, -1
68, 115, -1
68, 116, -1
68, 124, -1
68, 140, -1
68, 143, -1
68, 144, -1
68, 136, -1
68, 148, -1
68, 100, -1
68, 102, -1
68, 107, -1
68, 122, -1
68, 130, -1
68, 135, -1
68, 103, -1
68, 128, -1
68, 132, -1
68, 118, -1
68, 111, -1
68, 123, -1
68, 133, -1
68, 106, -1
68, 119, -1
68, 0, -1
68, 36, -1
66, 126, -1
66, 147, -1
66, 134, -1
66, 110, -1
66, 141, -1
66, 129, -1
66, 145, -1
66, 146, -1
66, 114, -1
66, 101, -1
66, 142, -1
66, 113, -1
66, 121, -1
66, 149, -1
66, 137, -1
66, 127, -1
66, 138, -1
66, 108, -1
66, 105, -1
66, 109, -1
66, 112, -1
66, 117, -1
66, 120, -1
66, 125, -1
66, 131, -1
66, 139, -1
66, 104, -1
66, 115, -1
66, 116, -1
66, 124, -1
66, 140, -1
66, 143, -1
66, 144, -1
66, 136, -1
66, 148, -1
66, 100, -1
66, 102, -1
66, 107, -1
66, 122, -1
66, 130, -1
66, 135, -1
66, 103, -1
66, 128, -1
66, 132, -1
66, 118, -1
66, 111, -1
66, 123, -1
66, 133, -1
66, 106, -1
66, 119, -1
66, 0, -1
66, 36, -1
54, 126, -1
54, 147, -1
54, 134, -1
54, 110, -1
54, 141, -1
54, 129, -1
54, 145, -1
54, 146, -1
54, 114, -1
54, 101, -1
54, 142, -1
54, 113, -1
54, 121, -1
54, 149, -1
54, 137, -1
54, 127, -1
54, 138, -1
54, 108, -1
54, 105, -1
54, 109, -1
54, 112, -1
54, 117, -1
54, 120, -1
54, 125, -1
54, 131, -1
54, 139, -1
54, 104, -1
54, 115, -1
54, 116, -1
54, 124, -1
54, 140, -1
54, 143, -1
54, 144, -1
54, 136, -1
54, 148, -1
54, 100, -1
54, 102, -1
54, 107, -1
54, 122, -1
54, 130, -1
54, 135, -1
54, 103, -1
54, 128, -1
54, 132, -1
54, 118, -1
54, 111, -1
54, 123, -1
54, 133, -1
54, 106, -1
54, 119, -1
54, 0, -1
54, 36, -1
80, 126, -1
80, 147, -1
80, 134, -1
80, 110, -1
80, 141, -1
80, 129, -1
80, 145, -1
80, 146, -1
80, 114, -1
80, 101, -1
80, 142, -1
80, 113, -1
80, 121, -1
80, 149, -1
80, 137, -1
80, 127, -1
80, 138, -1
80, 108, -1
80, 105, -1
80, 109, -1
80, 112, -1
80, 117, -1
80, 120, -1
80, 125, -1
80, 131, -1
80, 139, -1
80, 104, -1
80, 115, -1
80, 116, -1
80, 124, -1
80, 140, -1
80, 143, -1
80, 144, -1
80, 136, -1
80, 148, -1
80, 100, -1
80, 102, -1
80, 107, -1
80, 122, -1
80, 130, -1
80, 135, -1
80, 103, -1
80, 128, -1
80, 132, -1
80, 118, -1
80, 111, -1
80, 123, -1
80, 133, -1
80, 106, -1
80, 119, -1
80, 0, -1
80, 36, -1
90, 126, -1
90, 147, -1
90, 134, -1
90, 110, -1
90, 141, -1
90, 129, -1
90, 145, -1
90, 146, -1
90, 114, -1
90, 101, -1
90, 142, -1
90, 113, -1
90, 121, -1
90, 149, -1
90, 137, -1
90, 127, -1
90, 138, -1
90, 108, -1
90, 105, -1
90, 109, -1
90, 112, -1
90, 117, -1
90, 120, -1
90, 125, -1
90, 131, -1
90, 139, -1
90, 104, -1
90, 115, -1
90, 116, -1
90, 124, -1
90, 140, -1
90, 143, -1
90, 144, -1
90, 136, -1
90, 148, -1
90, 100, -1
90, 102, -1
90, 107, -1
90, 122, -1
90, 130, -1
90, 135, -1
90, 103, -1
90, 128, -1
90, 132, -1
90, 118, -1
90, 111, -1
90, 123, -1
90, 133, -1
90, 106, -1
90, 119, -1
90, 0, -1
90, 36, -1
78, 126, -1
78, 147, -1
78, 134, -1
78, 110, -1
78, 141, -1
78, 129, -1
78, 145, -1
78, 146, -1
78, 114, -1
78, 101, -1
78, 142, -1
78, 113, -1
78, 121, -1
78, 149, -1
78, 137, -1
78, 127, -1
78, 138, -1
78, 108, -1
78, 105, -1
78, 109, -1
78, 112, -1
78, 117, -1
78, 120, -1
78, 125, -1
78, 131, -1
78, 139, -1
78, 104, -1
78, 115, -1
78, 116, -1
78, 124, -1
78, 140, -1
78, 143, -1
78, 144, -1
78, 136, -1
78, 148, -1
78, 100, -1
78, 102, -1
78, 107, -1
78, 122, -1
78, 130, -1
78, 135, -1
78, 103, -1
78, 128, -1
78, 132, -1
78, 118, -1
78, 111, -1
78, 123, -1
78, 133, -1
78, 106, -1
78, 119, -1
78, 0, -1
78, 36, -1

89, 92, 1
89, 77, 1
89, 83, 1
89, 70, 1
89, 52, 1
89, 56, 1
89, 76, 1
89, 72, 1
89, 60, 1
89, 50, 1
89, 59, 1
89, 86, 1
89, 51, 1
89, 81, 1
89, 65, 1
89, 62, 1
89, 85, 1
89, 53, 1
89, 91, 1
89, 69, 1
89, 68, 1
89, 66, 1
89, 54, 1
89, 80, 1
89, 90, 1
89, 78, 1
58, 92, 1
58, 77, 1
58, 83, 1
58, 70, 1
58, 52, 1
58, 56, 1
58, 76, 1
58, 72, 1
58, 60, 1
58, 50, 1
58, 59, 1
58, 86, 1
58, 51, 1
58, 81, 1
58, 65, 1
58, 62, 1
58, 85, 1
58, 53, 1
58, 91, 1
58, 69, 1
58, 68, 1
58, 66, 1
58, 54, 1
58, 80, 1
58, 90, 1
58, 78, 1
58, 89, 1
63, 92, 1
63, 77, 1
63, 83, 1
63, 70, 1
63, 52, 1
63, 56, 1
63, 76, 1
63, 72, 1
63, 60, 1
63, 50, 1
63, 59, 1
63, 86, 1
63, 51, 1
63, 81, 1
63, 65, 1
63, 62, 1
63, 85, 1
63, 53, 1
63, 91, 1
63, 69, 1
63, 68, 1
63, 66, 1
63, 54, 1
63, 80, 1
63, 90, 1
63, 78, 1
63, 89, 1
63, 58, 1
67, 92, 1
67, 77, 1
67, 83, 1
67, 70, 1
67, 52, 1
67, 56, 1
67, 76, 1
67, 72, 1
67, 60, 1
67, 50, 1
67, 59, 1
67, 86, 1
67, 51, 1
67, 81, 1
67, 65, 1
67, 62, 1
67, 85, 1
67, 53, 1
67, 91, 1
67, 69, 1
67, 68, 1
67, 66, 1
67, 54, 1
67, 80, 1
67, 90, 1
67, 78, 1
67, 89, 1
67, 58, 1
67, 63, 1
79, 92, 1
79, 77, 1
79, 83, 1
79, 70, 1
79, 52, 1
79, 56, 1
79, 76, 1
79, 72, 1
79, 60, 1
79, 50, 1
79, 59, 1
79, 86, 1
79, 51, 1
79, 81, 1
79, 65, 1
79, 62, 1
79, 85, 1
79, 53, 1
79, 91, 1
79, 69, 1
79, 68, 1
79, 66, 1
79, 54, 1
79, 80, 1
79, 90, 1
79, 78, 1
79, 89, 1
79, 58, 1
79, 63, 1
79, 67, 1
75, 92, 1
75, 77, 1
75, 83, 1
75, 70, 1
75, 52, 1
75, 56, 1
75, 76, 1
75, 72, 1
75, 60, 1
75, 50, 1
75, 59, 1
75, 86, 1
75, 51, 1
75, 81, 1
75, 65, 1
75, 62, 1
75, 85, 1
75, 53, 1
75, 91, 1
75, 69, 1
75, 68, 1
75, 66, 1
75, 54, 1
75, 80, 1
75, 90, 1
75, 78, 1
75, 89, 1
75, 58, 1
75, 63, 1
75, 67, 1
75, 79, 1
61, 92, 1
61, 77, 1
61, 83, 1
61, 70, 1
61, 52, 1
61, 56, 1
61, 76, 1
61, 72, 1
61, 60, 1
61, 50, 1
61, 59, 1
61, 86, 1
61, 51, 1
61, 81, 1
61, 65, 1
61, 62, 1
61, 85, 1
61, 53, 1
61, 91, 1
61, 69, 1
61, 68, 1
61, 66, 1
61, 54, 1
61, 80, 1
61, 90, 1
61, 78, 1
61, 89, 1
61, 58, 1
61, 63, 1
61, 67, 1
61, 79, 1
61, 75, 1
73, 92, 1
73, 77, 1
73, 83, 1
73, 70, 1
73, 52, 1
73, 56, 1
73, 76, 1
73, 72, 1
73, 60, 1
73, 50, 1
73, 59, 1
73, 86, 1
73, 51, 1
73, 81, 1
73, 65, 1
73, 62, 1
73, 85, 1
73, 53, 1
73, 91, 1
73, 69, 1
73, 68, 1
73, 66, 1
73, 54, 1
73, 80, 1
73, 90, 1
73, 78, 1
73, 89, 1
73, 58, 1
73, 63, 1
73, 67, 1
73, 79, 1
73, 75, 1
73, 61, 1
82, 92, 1
82, 77, 1
82, 83, 1
82, 70, 1
82, 52, 1
82, 56, 1
82, 76, 1
82, 72, 1
82, 60, 1
82, 50, 1
82, 59, 1
82, 86, 1
82, 51, 1
82, 81, 1
82, 65, 1
82, 62, 1
82, 85, 1
82, 53, 1
82, 91, 1
82, 69, 1
82, 68, 1
82, 66, 1
82, 54, 1
82, 80, 1
82, 90, 1
82, 78, 1
82, 89, 1
82, 58, 1
82, 63, 1
82, 67, 1
82, 79, 1
82, 75, 1
82, 61, 1
82, 73, 1
87, 92, 1
87, 77, 1
87, 83, 1
87, 70, 1
87, 52, 1
87, 56, 1
87, 76, 1
87, 72, 1
87, 60, 1
87, 50, 1
87, 59, 1
87, 86, 1
87, 51, 1
87, 81, 1
87, 65, 1
87, 62, 1
87, 85, 1
87, 53, 1
87, 91, 1
87, 69, 1
87, 68, 1
87, 66, 1
87, 54, 1
87, 80, 1
87, 90, 1
87, 78, 1
87, 89, 1
87, 58, 1
87, 63, 1
87, 67, 1
87, 79, 1
87, 75, 1
87, 61, 1
87, 73, 1
87, 82, 1
89, 126, -1
89, 147, -1
89, 134, -1
89, 110, -1
89, 141, -1
89, 129, -1
89, 145, -1
89, 146, -1
89, 114, -1
89, 101, -1
89, 142, -1
89, 113, -1
89, 121, -1
89, 149, -1
89, 137, -1
89, 127, -1
89, 138, -1
89, 108, -1
89, 105, -1
89, 109, -1
89, 112, -1
89, 117, -1
89, 120, -1
89, 125, -1
89, 131, -1
89, 139, -1
89, 104, -1
89, 115, -1
89, 116, -1
89, 124, -1
89, 140, -1
89, 143, -1
89, 144, -1
89, 136, -1
89, 148, -1
89, 100, -1
89, 102, -1
89, 107, -1
89, 122, -1
89, 130, -1
89, 135, -1
89, 103, -1
89, 128, -1
89, 132, -1
89, 118, -1
89, 111, -1
89, 123, -1
89, 133, -1
89, 106, -1
89, 119, -1
89, 0, -1
89, 36, -1
58, 126, -1
58, 147, -1
58, 134, -1
58, 110, -1
58, 141, -1
58, 129, -1
58, 145, -1
58, 146, -1
58, 114, -1
58, 101, -1
58, 142, -1
58, 113, -1
58, 121, -1
58, 149, -1
58, 137, -1
58, 127, -1
58, 138, -1
58, 108, -1
58, 105, -1
58, 109, -1
58, 112, -1
58, 117, -1
58, 120, -1
58, 125, -1
58, 131, -1
58, 139, -1
58, 104, -1
58, 115, -1
58, 116, -1
58, 124, -1
58, 140, -1
58, 143, -1
58, 144, -1
58, 136, -1
58, 148, -1
58, 100, -1
58, 102, -1
58, 107, -1
58, 122, -1
58, 130, -1
58, 135, -1
58, 103, -1
58, 128, -1
58, 132, -1
58, 118, -1
58, 111, -1
58, 123, -1
58, 133, -1
58, 106, -1
58, 119, -1
58, 0, -1
58, 36, -1
63, 126, -1
63, 147, -1
63, 134, -1
63, 110, -1
63, 141, -1
63, 129, -1
63, 145, -1
63, 146, -1
63, 114, -1
63, 101, -1
63, 142, -1
63, 113, -1
63, 121, -1
63, 149, -1
63, 137, -1
63, 127, -1
63, 138, -1
63, 108, -1
63, 105, -1
63, 109, -1
63, 112, -1
63, 117, -1
63, 120, -1
63, 125, -1
63, 131, -1
63, 139, -1
63, 104, -1
63, 115, -1
63, 116, -1
63, 124, -1
63, 140, -1
63, 143, -1
63, 144, -1
63, 136, -1
63, 148, -1
63, 100, -1
63, 102, -1
63, 107, -1
63, 122, -1
63, 130, -1
63, 135, -1
63, 103, -1
63, 128, -1
63, 132, -1
63, 118, -1
63, 111, -1
63, 123, -1
63, 133, -1
63, 106, -1
63, 119, -1
63, 0, -1
63, 36, -1
67, 126, -1
67, 147, -1
67, 134, -1
67, 110, -1
67, 141, -1
67, 129, -1
67, 145, -1
67, 146, -1
67, 114, -1
67, 101, -1
67, 142, -1
67, 113, -1
67, 121, -1
67, 149, -1
67, 137, -1
67, 127, -1
67, 138, -1
67, 108, -1
67, 105, -1
67, 109, -1
67, 112, -1
67, 117, -1
67, 120, -1
67, 125, -1
67, 131, -1
67, 139, -1
67, 104, -1
67, 115, -1
67, 116, -1
67, 124, -1
67, 140, -1
67, 143, -1
67, 144, -1
67, 136, -1
67, 148, -1
67, 100, -1
67, 102, -1
67, 107, -1
67, 122, -1
67, 130, -1
67, 135, -1
67, 103, -1
67, 128, -1
67, 132, -1
67, 118, -1
67, 111, -1
67, 123, -1
67, 133, -1
67, 106, -1
67, 119, -1
67, 0, -1
67, 36, -1
79, 126, -1
79, 147, -1
79, 134, -1
79, 110, -1
79, 141, -1
79, 129, -1
79, 145, -1
79, 146, -1
79, 114, -1
79, 101, -1
79, 142, -1
79, 113, -1
79, 121, -1
79, 149, -1
79, 137, -1
79, 127, -1
79, 138, -1
79, 108, -1
79, 105, -1
79, 109, -1
79, 112, -1
79, 117, -1
79, 120, -1
79, 125, -1
79, 131, -1
79, 139, -1
79, 104, -1
79, 115, -1
79, 116, -1
79, 124, -1
79, 140, -1
79, 143, -1
79, 144, -1
79, 136, -1
79, 148, -1
79, 100, -1
79, 102, -1
79, 107, -1
79, 122, -1
79, 130, -1
79, 135, -1
79, 103, -1
79, 128, -1
79, 132, -1
79, 118, -1
79, 111, -1
79, 123, -1
79, 133, -1
79, 106, -1
79, 119, -1
79, 0, -1
79, 36, -1
75, 126, -1
75, 147, -1
75, 134, -1
75, 110, -1
75, 141, -1
75, 129, -1
75, 145, -1
75, 146, -1
75, 114, -1
75, 101, -1
75, 142, -1
75, 113, -1
75, 121, -1
75, 149, -1
75, 137, -1
75, 127, -1
75, 138, -1
75, 108, -1
75, 105, -1
75, 109, -1
75, 112, -1
75, 117, -1
75, 120, -1
75, 125, -1
75, 131, -1
75, 139, -1
75, 104, -1
75, 115, -1
75, 116, -1
75, 124, -1
75, 140, -1
75, 143, -1
75, 144, -1
75, 136, -1
75, 148, -1
75, 100, -1
75, 102, -1
75, 107, -1
75, 122, -1
75, 130, -1
75, 135, -1
75, 103, -1
75, 128, -1
75, 132, -1
75, 118, -1
75, 111, -1
75, 123, -1
75, 133, -1
75, 106, -1
75, 119, -1
75, 0, -1
75, 36, -1
61, 126, -1
61, 147, -1
61, 134, -1
61, 110, -1
61, 141, -1
61, 129, -1
61, 145, -1
61, 146, -1
61, 114, -1
61, 101, -1
61, 142, -1
61, 113, -1
61, 121, -1
61, 149, -1
61, 137, -1
61, 127, -1
61, 138, -1
61, 108, -1
61, 105, -1
61, 109, -1
61, 112, -1
61, 117, -1
61, 120, -1
61, 125, -1
61, 131, -1
61, 139, -1
61, 104, -1
61, 115, -1
61, 116, -1
61, 124, -1
61, 140, -1
61, 143, -1
61, 144, -1
61, 136, -1
61, 148, -1
61, 100, -1
61, 102, -1
61, 107, -1
61, 122, -1
61, 130, -1
61, 135, -1
61, 103, -1
61, 128, -1
61, 132, -1
61, 118, -1
61, 111, -1
61, 123, -1
61, 133, -1
61, 106, -1
61, 119, -1
61, 0, -1
61, 36, -1
73, 126, -1
73, 147, -1
73, 134, -1
73, 110, -1
73, 141, -1
73, 129, -1
73, 145, -1
73, 146, -1
73, 114, -1
73, 101, -1
73, 142, -1
73, 113, -1
73, 121, -1
73, 149, -1
73, 137, -1
73, 127, -1
73, 138, -1
73, 108, -1
73, 105, -1
73, 109, -1
73, 112, -1
73, 117, -1
73, 120, -1
73, 125, -1
73, 131, -1
73, 139, -1
73, 104, -1
73, 115, -1
73, 116, -1
73, 124, -1
73, 140, -1
73, 143, -1
73, 144, -1
73, 136, -1
73, 148, -1
73, 100, -1
73, 102, -1
73, 107, -1
73, 122, -1
73, 130, -1
73, 135, -1
73, 103, -1
73, 128, -1
73, 132, -1
73, 118, -1
73, 111, -1
73, 123, -1
73, 133, -1
73, 106, -1
73, 119, -1
73, 0, -1
73, 36, -1
82, 126, -1
82, 147, -1
82, 134, -1
82, 110, -1
82, 141, -1
82, 129, -1
82, 145, -1
82, 146, -1
82, 114, -1
82, 101, -1
82, 142, -1
82, 113, -1
82, 121, -1
82, 149, -1
82, 137, -1
82, 127, -1
82, 138, -1
82, 108, -1
82, 105, -1
82, 109, -1
82, 112, -1
82, 117, -1
82, 120, -1
82, 125, -1
82, 131, -1
82, 139, -1
82, 104, -1
82, 115, -1
82, 116, -1
82, 124, -1
82, 140, -1
82, 143, -1
82, 144, -1
82, 136, -1
82, 148, -1
82, 100, -1
82, 102, -1
82, 107, -1
82, 122, -1
82, 130, -1
82, 135, -1
82, 103, -1
82, 128, -1
82, 132, -1
82, 118, -1
82, 111, -1
82, 123, -1
82, 133, -1
82, 106, -1
82, 119, -1
82, 0, -1
82, 36, -1
87, 126, -1
87, 147, -1
87, 134, -1
87, 110, -1
87, 141, -1
87, 129, -1
87, 145, -1
87, 146, -1
87, 114, -1
87, 101, -1
87, 142, -1
87, 113, -1
87, 121, -1
87, 149, -1
87, 137, -1
87, 127, -1
87, 138, -1
87, 108, -1
87, 105, -1
87, 109, -1
87, 112, -1
87, 117, -1
87, 120, -1
87, 125, -1
87, 131, -1
87, 139, -1
87, 104, -1
87, 115, -1
87, 116, -1
87, 124, -1
87, 140, -1
87, 143, -1
87, 144, -1
87, 136, -1
87, 148, -1
87, 100, -1
87, 102, -1
87, 107, -1
87, 122, -1
87, 130, -1
87, 135, -1
87, 103, -1
87, 128, -1
87, 132, -1
87, 118, -1
87, 111, -1
87, 123, -1
87, 133, -1
87, 106, -1
87, 119, -1
87, 0, -1
87, 36, -1

