176, 126, 1
4, 348, 1
104, 126, 1
104, 176, 1
269, 348, 1
269, 4, 1
75, 126, 1
75, 176, 1
75, 104, 1
126, 348, -1
176, 348, -1
4, 126, -1
4, 176, -1
104, 348, -1
104, 4, -1
269, 126, -1
269, 176, -1
269, 104, -1
75, 348, -1
75, 4, -1
75, 269, -1

184, 126, 1
184, 176, 1
184, 104, 1
184, 75, 1
200, 126, 1
200, 176, 1
200, 104, 1
200, 75, 1
200, 184, 1
43, 126, 1
43, 176, 1
43, 104, 1
43, 75, 1
43, 184, 1
43, 200, 1
29, 126, 1
29, 176, 1
29, 104, 1
29, 75, 1
29, 184, 1
29, 200, 1
29, 43, 1
120, 126, 1
120, 176, 1
120, 104, 1
120, 75, 1
120, 184, 1
120, 200, 1
120, 43, 1
120, 29, 1
184, 348, -1
184, 4, -1
184, 269, -1
200, 348, -1
200, 4, -1
200, 269, -1
43, 348, -1
43, 4, -1
43, 269, -1
29, 348, -1
29, 4, -1
29, 269, -1
120, 348, -1
120, 4, -1
120, 269, -1

51, 126, 1
51, 176, 1
51, 104, 1
51, 75, 1
51, 184, 1
51, 200, 1
51, 43, 1
51, 29, 1
51, 120, 1
164, 126, 1
164, 176, 1
164, 104, 1
164, 75, 1
164, 184, 1
164, 200, 1
164, 43, 1
164, 29, 1
164, 120, 1
164, 51, 1
134, 126, 1
134, 176, 1
134, 104, 1
134, 75, 1
134, 184, 1
134, 200, 1
134, 43, 1
134, 29, 1
134, 120, 1
134, 51, 1
134, 164, 1
132, 126, 1
132, 176, 1
132, 104, 1
132, 75, 1
132, 184, 1
132, 200, 1
132, 43, 1
132, 29, 1
132, 120, 1
132, 51, 1
132, 164, 1
132, 134, 1
142, 126, 1
142, 176, 1
142, 104, 1
142, 75, 1
142, 184, 1
142, 200, 1
142, 43, 1
142, 29, 1
142, 120, 1
142, 51, 1
142, 164, 1
142, 134, 1
142, 132, 1
51, 348, -1
51, 4, -1
51, 269, -1
164, 348, -1
164, 4, -1
164, 269, -1
134, 348, -1
134, 4, -1
134, 269, -1
132, 348, -1
132, 4, -1
132, 269, -1
142, 348, -1
142, 4, -1
142, 269, -1

93, 126, 1
93, 176, 1
93, 104, 1
93, 75, 1
93, 184, 1
93, 200, 1
93, 43, 1
93, 29, 1
93, 120, 1
93, 51, 1
93, 164, 1
93, 134, 1
93, 132, 1
93, 142, 1
77, 126, 1
77, 176, 1
77, 104, 1
77, 75, 1
77, 184, 1
77, 200, 1
77, 43, 1
77, 29, 1
77, 120, 1
77, 51, 1
77, 164, 1
77, 134, 1
77, 132, 1
77, 142, 1
77, 93, 1
1, 126, 1
1, 176, 1
1, 104, 1
1, 75, 1
1, 184, 1
1, 200, 1
1, 43, 1
1, 29, 1
1, 120, 1
1, 51, 1
1, 164, 1
1, 134, 1
1, 132, 1
1, 142, 1
1, 93, 1
1, 77, 1
123, 348, 1
123, 4, 1
123, 269, 1
131, 348, 1
131, 4, 1
131, 269, 1
131, 123, 1
115, 348, 1
115, 4, 1
115, 269, 1
115, 123, 1
115, 131, 1
158, 126, 1
158, 176, 1
158, 104, 1
158, 75, 1
158, 184, 1
158, 200, 1
158, 43, 1
158, 29, 1
158, 120, 1
158, 51, 1
158, 164, 1
158, 134, 1
158, 132, 1
158, 142, 1
158, 93, 1
158, 77, 1
158, 1, 1
93, 348, -1
93, 4, -1
93, 269, -1
77, 348, -1
77, 4, -1
77, 269, -1
1, 348, -1
1, 4, -1
1, 269, -1
123, 126, -1
123, 176, -1
123, 104, -1
123, 75, -1
123, 184, -1
123, 200, -1
123, 43, -1
123, 29, -1
123, 120, -1
123, 51, -1
123, 164, -1
123, 134, -1
123, 132, -1
123, 142, -1
123, 93, -1
123, 77, -1
123, 1, -1
131, 126, -1
131, 176, -1
131, 104, -1
131, 75, -1
131, 184, -1
131, 200, -1
131, 43, -1
131, 29, -1
131, 120, -1
131, 51, -1
131, 164, -1
131, 134, -1
131, 132, -1
131, 142, -1
131, 93, -1
131, 77, -1
131, 1, -1
115, 126, -1
115, 176, -1
115, 104, -1
115, 75, -1
115, 184, -1
115, 200, -1
115, 43, -1
115, 29, -1
115, 120, -1
115, 51, -1
115, 164, -1
115, 134, -1
115, 132, -1
115, 142, -1
115, 93, -1
115, 77, -1
115, 1, -1
158, 348, -1
158, 4, -1
158, 269, -1
158, 123, -1
158, 131, -1
158, 115, -1

33, 126, 1
33, 176, 1
33, 104, 1
33, 75, 1
33, 184, 1
33, 200, 1
33, 43, 1
33, 29, 1
33, 120, 1
33, 51, 1
33, 164, 1
33, 134, 1
33, 132, 1
33, 142, 1
33, 93, 1
33, 77, 1
33, 1, 1
33, 158, 1
228, 126, 1
228, 176, 1
228, 104, 1
228, 75, 1
228, 184, 1
228, 200, 1
228, 43, 1
228, 29, 1
228, 120, 1
228, 51, 1
228, 164, 1
228, 134, 1
228, 132, 1
228, 142, 1
228, 93, 1
228, 77, 1
228, 1, 1
228, 158, 1
228, 33, 1
81, 126, 1
81, 176, 1
81, 104, 1
81, 75, 1
81, 184, 1
81, 200, 1
81, 43, 1
81, 29, 1
81, 120, 1
81, 51, 1
81, 164, 1
81, 134, 1
81, 132, 1
81, 142, 1
81, 93, 1
81, 77, 1
81, 1, 1
81, 158, 1
81, 33, 1
81, 228, 1
196, 126, 1
196, 176, 1
196, 104, 1
196, 75, 1
196, 184, 1
196, 200, 1
196, 43, 1
196, 29, 1
196, 120, 1
196, 51, 1
196, 164, 1
196, 134, 1
196, 132, 1
196, 142, 1
196, 93, 1
196, 77, 1
196, 1, 1
196, 158, 1
196, 33, 1
196, 228, 1
196, 81, 1
216, 126, 1
216, 176, 1
216, 104, 1
216, 75, 1
216, 184, 1
216, 200, 1
216, 43, 1
216, 29, 1
216, 120, 1
216, 51, 1
216, 164, 1
216, 134, 1
216, 132, 1
216, 142, 1
216, 93, 1
216, 77, 1
216, 1, 1
216, 158, 1
216, 33, 1
216, 228, 1
216, 81, 1
216, 196, 1
33, 348, -1
33, 4, -1
33, 269, -1
33, 123, -1
33, 131, -1
33, 115, -1
228, 348, -1
228, 4, -1
228, 269, -1
228, 123, -1
228, 131, -1
228, 115, -1
81, 348, -1
81, 4, -1
81, 269, -1
81, 123, -1
81, 131, -1
81, 115, -1
196, 348, -1
196, 4, -1
196, 269, -1
196, 123, -1
196, 131, -1
196, 115, -1
216, 348, -1
216, 4, -1
216, 269, -1
216, 123, -1
216, 131, -1
216, 115, -1

35, 126, 1
35, 176, 1
35, 104, 1
35, 75, 1
35, 184, 1
35, 200, 1
35, 43, 1
35, 29, 1
35, 120, 1
35, 51, 1
35, 164, 1
35, 134, 1
35, 132, 1
35, 142, 1
35, 93, 1
35, 77, 1
35, 1, 1
35, 158, 1
35, 33, 1
35, 228, 1
35, 81, 1
35, 196, 1
35, 216, 1
222, 126, 1
222, 176, 1
222, 104, 1
222, 75, 1
222, 184, 1
222, 200, 1
222, 43, 1
222, 29, 1
222, 120, 1
222, 51, 1
222, 164, 1
222, 134, 1
222, 132, 1
222, 142, 1
222, 93, 1
222, 77, 1
222, 1, 1
222, 158, 1
222, 33, 1
222, 228, 1
222, 81, 1
222, 196, 1
222, 216, 1
222, 35, 1
31, 126, 1
31, 176, 1
31, 104, 1
31, 75, 1
31, 184, 1
31, 200, 1
31, 43, 1
31, 29, 1
31, 120, 1
31, 51, 1
31, 164, 1
31, 134, 1
31, 132, 1
31, 142, 1
31, 93, 1
31, 77, 1
31, 1, 1
31, 158, 1
31, 33, 1
31, 228, 1
31, 81, 1
31, 196, 1
31, 216, 1
31, 35, 1
31, 222, 1
67, 126, 1
67, 176, 1
67, 104, 1
67, 75, 1
67, 184, 1
67, 200, 1
67, 43, 1
67, 29, 1
67, 120, 1
67, 51, 1
67, 164, 1
67, 134, 1
67, 132, 1
67, 142, 1
67, 93, 1
67, 77, 1
67, 1, 1
67, 158, 1
67, 33, 1
67, 228, 1
67, 81, 1
67, 196, 1
67, 216, 1
67, 35, 1
67, 222, 1
67, 31, 1
214, 126, 1
214, 176, 1
214, 104, 1
214, 75, 1
214, 184, 1
214, 200, 1
214, 43, 1
214, 29, 1
214, 120, 1
214, 51, 1
214, 164, 1
214, 134, 1
214, 132, 1
214, 142, 1
214, 93, 1
214, 77, 1
214, 1, 1
214, 158, 1
214, 33, 1
214, 228, 1
214, 81, 1
214, 196, 1
214, 216, 1
214, 35, 1
214, 222, 1
214, 31, 1
214, 67, 1
35, 348, -1
35, 4, -1
35, 269, -1
35, 123, -1
35, 131, -1
35, 115, -1
222, 348, -1
222, 4, -1
222, 269, -1
222, 123, -1
222, 131, -1
222, 115, -1
31, 348, -1
31, 4, -1
31, 269, -1
31, 123, -1
31, 131, -1
31, 115, -1
67, 348, -1
67, 4, -1
67, 269, -1
67, 123, -1
67, 131, -1
67, 115, -1
214, 348, -1
214, 4, -1
214, 269, -1
214, 123, -1
214, 131, -1
214, 115, -1

122, 126, 1
122, 176, 1
122, 104, 1
122, 75, 1
122, 184, 1
122, 200, 1
122, 43, 1
122, 29, 1
122, 120, 1
122, 51, 1
122, 164, 1
122, 134, 1
122, 132, 1
122, 142, 1
122, 93, 1
122, 77, 1
122, 1, 1
122, 158, 1
122, 33, 1
122, 228, 1
122, 81, 1
122, 196, 1
122, 216, 1
122, 35, 1
122, 222, 1
122, 31, 1
122, 67, 1
122, 214, 1
110, 126, 1
110, 176, 1
110, 104, 1
110, 75, 1
110, 184, 1
110, 200, 1
110, 43, 1
110, 29, 1
110, 120, 1
110, 51, 1
110, 164, 1
110, 134, 1
110, 132, 1
110, 142, 1
110, 93, 1
110, 77, 1
110, 1, 1
110, 158, 1
110, 33, 1
110, 228, 1
110, 81, 1
110, 196, 1
110, 216, 1
110, 35, 1
110, 222, 1
110, 31, 1
110, 67, 1
110, 214, 1
110, 122, 1
150, 126, 1
150, 176, 1
150, 104, 1
150, 75, 1
150, 184, 1
150, 200, 1
150, 43, 1
150, 29, 1
150, 120, 1
150, 51, 1
150, 164, 1
150, 134, 1
150, 132, 1
150, 142, 1
150, 93, 1
150, 77, 1
150, 1, 1
150, 158, 1
150, 33, 1
150, 228, 1
150, 81, 1
150, 196, 1
150, 216, 1
150, 35, 1
150, 222, 1
150, 31, 1
150, 67, 1
150, 214, 1
150, 122, 1
150, 110, 1
78, 348, 1
78, 4, 1
78, 269, 1
78, 123, 1
78, 131, 1
78, 115, 1
261, 348, 1
261, 4, 1
261, 269, 1
261, 123, 1
261, 131, 1
261, 115, 1
261, 78, 1
278, 348, 1
278, 4, 1
278, 269, 1
278, 123, 1
278, 131, 1
278, 115, 1
278, 78, 1
278, 261, 1
219, 348, 1
219, 4, 1
219, 269, 1
219, 123, 1
219, 131, 1
219, 115, 1
219, 78, 1
219, 261, 1
219, 278, 1
262, 348, 1
262, 4, 1
262, 269, 1
262, 123, 1
262, 131, 1
262, 115, 1
262, 78, 1
262, 261, 1
262, 278, 1
262, 219, 1
122, 348, -1
122, 4, -1
122, 269, -1
122, 123, -1
122, 131, -1
122, 115, -1
110, 348, -1
110, 4, -1
110, 269, -1
110, 123, -1
110, 131, -1
110, 115, -1
150, 348, -1
150, 4, -1
150, 269, -1
150, 123, -1
150, 131, -1
150, 115, -1
78, 126, -1
78, 176, -1
78, 104, -1
78, 75, -1
78, 184, -1
78, 200, -1
78, 43, -1
78, 29, -1
78, 120, -1
78, 51, -1
78, 164, -1
78, 134, -1
78, 132, -1
78, 142, -1
78, 93, -1
78, 77, -1
78, 1, -1
78, 158, -1
78, 33, -1
78, 228, -1
78, 81, -1
78, 196, -1
78, 216, -1
78, 35, -1
78, 222, -1
78, 31, -1
78, 67, -1
78, 214, -1
78, 122, -1
78, 110, -1
78, 150, -1
261, 126, -1
261, 176, -1
261, 104, -1
261, 75, -1
261, 184, -1
261, 200, -1
261, 43, -1
261, 29, -1
261, 120, -1
261, 51, -1
261, 164, -1
261, 134, -1
261, 132, -1
261, 142, -1
261, 93, -1
261, 77, -1
261, 1, -1
261, 158, -1
261, 33, -1
261, 228, -1
261, 81, -1
261, 196, -1
261, 216, -1
261, 35, -1
261, 222, -1
261, 31, -1
261, 67, -1
261, 214, -1
261, 122, -1
261, 110, -1
261, 150, -1
278, 126, -1
278, 176, -1
278, 104, -1
278, 75, -1
278, 184, -1
278, 200, -1
278, 43, -1
278, 29, -1
278, 120, -1
278, 51, -1
278, 164, -1
278, 134, -1
278, 132, -1
278, 142, -1
278, 93, -1
278, 77, -1
278, 1, -1
278, 158, -1
278, 33, -1
278, 228, -1
278, 81, -1
278, 196, -1
278, 216, -1
278, 35, -1
278, 222, -1
278, 31, -1
278, 67, -1
278, 214, -1
278, 122, -1
278, 110, -1
278, 150, -1
219, 126, -1
219, 176, -1
219, 104, -1
219, 75, -1
219, 184, -1
219, 200, -1
219, 43, -1
219, 29, -1
219, 120, -1
219, 51, -1
219, 164, -1
219, 134, -1
219, 132, -1
219, 142, -1
219, 93, -1
219, 77, -1
219, 1, -1
219, 158, -1
219, 33, -1
219, 228, -1
219, 81, -1
219, 196, -1
219, 216, -1
219, 35, -1
219, 222, -1
219, 31, -1
219, 67, -1
219, 214, -1
219, 122, -1
219, 110, -1
219, 150, -1
262, 126, -1
262, 176, -1
262, 104, -1
262, 75, -1
262, 184, -1
262, 200, -1
262, 43, -1
262, 29, -1
262, 120, -1
262, 51, -1
262, 164, -1
262, 134, -1
262, 132, -1
262, 142, -1
262, 93, -1
262, 77, -1
262, 1, -1
262, 158, -1
262, 33, -1
262, 228, -1
262, 81, -1
262, 196, -1
262, 216, -1
262, 35, -1
262, 222, -1
262, 31, -1
262, 67, -1
262, 214, -1
262, 122, -1
262, 110, -1
262, 150, -1

69, 126, 1
69, 176, 1
69, 104, 1
69, 75, 1
69, 184, 1
69, 200, 1
69, 43, 1
69, 29, 1
69, 120, 1
69, 51, 1
69, 164, 1
69, 134, 1
69, 132, 1
69, 142, 1
69, 93, 1
69, 77, 1
69, 1, 1
69, 158, 1
69, 33, 1
69, 228, 1
69, 81, 1
69, 196, 1
69, 216, 1
69, 35, 1
69, 222, 1
69, 31, 1
69, 67, 1
69, 214, 1
69, 122, 1
69, 110, 1
69, 150, 1
25, 126, 1
25, 176, 1
25, 104, 1
25, 75, 1
25, 184, 1
25, 200, 1
25, 43, 1
25, 29, 1
25, 120, 1
25, 51, 1
25, 164, 1
25, 134, 1
25, 132, 1
25, 142, 1
25, 93, 1
25, 77, 1
25, 1, 1
25, 158, 1
25, 33, 1
25, 228, 1
25, 81, 1
25, 196, 1
25, 216, 1
25, 35, 1
25, 222, 1
25, 31, 1
25, 67, 1
25, 214, 1
25, 122, 1
25, 110, 1
25, 150, 1
25, 69, 1
11, 126, 1
11, 176, 1
11, 104, 1
11, 75, 1
11, 184, 1
11, 200, 1
11, 43, 1
11, 29, 1
11, 120, 1
11, 51, 1
11, 164, 1
11, 134, 1
11, 132, 1
11, 142, 1
11, 93, 1
11, 77, 1
11, 1, 1
11, 158, 1
11, 33, 1
11, 228, 1
11, 81, 1
11, 196, 1
11, 216, 1
11, 35, 1
11, 222, 1
11, 31, 1
11, 67, 1
11, 214, 1
11, 122, 1
11, 110, 1
11, 150, 1
11, 69, 1
11, 25, 1
189, 348, 1
189, 4, 1
189, 269, 1
189, 123, 1
189, 131, 1
189, 115, 1
189, 78, 1
189, 261, 1
189, 278, 1
189, 219, 1
189, 262, 1
13, 126, 1
13, 176, 1
13, 104, 1
13, 75, 1
13, 184, 1
13, 200, 1
13, 43, 1
13, 29, 1
13, 120, 1
13, 51, 1
13, 164, 1
13, 134, 1
13, 132, 1
13, 142, 1
13, 93, 1
13, 77, 1
13, 1, 1
13, 158, 1
13, 33, 1
13, 228, 1
13, 81, 1
13, 196, 1
13, 216, 1
13, 35, 1
13, 222, 1
13, 31, 1
13, 67, 1
13, 214, 1
13, 122, 1
13, 110, 1
13, 150, 1
13, 69, 1
13, 25, 1
13, 11, 1
109, 348, 1
109, 4, 1
109, 269, 1
109, 123, 1
109, 131, 1
109, 115, 1
109, 78, 1
109, 261, 1
109, 278, 1
109, 219, 1
109, 262, 1
109, 189, 1
69, 348, -1
69, 4, -1
69, 269, -1
69, 123, -1
69, 131, -1
69, 115, -1
69, 78, -1
69, 261, -1
69, 278, -1
69, 219, -1
69, 262, -1
25, 348, -1
25, 4, -1
25, 269, -1
25, 123, -1
25, 131, -1
25, 115, -1
25, 78, -1
25, 261, -1
25, 278, -1
25, 219, -1
25, 262, -1
11, 348, -1
11, 4, -1
11, 269, -1
11, 123, -1
11, 131, -1
11, 115, -1
11, 78, -1
11, 261, -1
11, 278, -1
11, 219, -1
11, 262, -1
189, 126, -1
189, 176, -1
189, 104, -1
189, 75, -1
189, 184, -1
189, 200, -1
189, 43, -1
189, 29, -1
189, 120, -1
189, 51, -1
189, 164, -1
189, 134, -1
189, 132, -1
189, 142, -1
189, 93, -1
189, 77, -1
189, 1, -1
189, 158, -1
189, 33, -1
189, 228, -1
189, 81, -1
189, 196, -1
189, 216, -1
189, 35, -1
189, 222, -1
189, 31, -1
189, 67, -1
189, 214, -1
189, 122, -1
189, 110, -1
189, 150, -1
189, 69, -1
189, 25, -1
189, 11, -1
13, 348, -1
13, 4, -1
13, 269, -1
13, 123, -1
13, 131, -1
13, 115, -1
13, 78, -1
13, 261, -1
13, 278, -1
13, 219, -1
13, 262, -1
13, 189, -1
109, 126, -1
109, 176, -1
109, 104, -1
109, 75, -1
109, 184, -1
109, 200, -1
109, 43, -1
109, 29, -1
109, 120, -1
109, 51, -1
109, 164, -1
109, 134, -1
109, 132, -1
109, 142, -1
109, 93, -1
109, 77, -1
109, 1, -1
109, 158, -1
109, 33, -1
109, 228, -1
109, 81, -1
109, 196, -1
109, 216, -1
109, 35, -1
109, 222, -1
109, 31, -1
109, 67, -1
109, 214, -1
109, 122, -1
109, 110, -1
109, 150, -1
109, 69, -1
109, 25, -1
109, 11, -1
109, 13, -1

225, 348, 1
225, 4, 1
225, 269, 1
225, 123, 1
225, 131, 1
225, 115, 1
225, 78, 1
225, 261, 1
225, 278, 1
225, 219, 1
225, 262, 1
225, 189, 1
225, 109, 1
191, 348, 1
191, 4, 1
191, 269, 1
191, 123, 1
191, 131, 1
191, 115, 1
191, 78, 1
191, 261, 1
191, 278, 1
191, 219, 1
191, 262, 1
191, 189, 1
191, 109, 1
191, 225, 1
264, 348, 1
264, 4, 1
264, 269, 1
264, 123, 1
264, 131, 1
264, 115, 1
264, 78, 1
264, 261, 1
264, 278, 1
264, 219, 1
264, 262, 1
264, 189, 1
264, 109, 1
264, 225, 1
264, 191, 1
279, 348, 1
279, 4, 1
279, 269, 1
279, 123, 1
279, 131, 1
279, 115, 1
279, 78, 1
279, 261, 1
279, 278, 1
279, 219, 1
279, 262, 1
279, 189, 1
279, 109, 1
279, 225, 1
279, 191, 1
279, 264, 1
263, 348, 1
263, 4, 1
263, 269, 1
263, 123, 1
263, 131, 1
263, 115, 1
263, 78, 1
263, 261, 1
263, 278, 1
263, 219, 1
263, 262, 1
263, 189, 1
263, 109, 1
263, 225, 1
263, 191, 1
263, 264, 1
263, 279, 1
96, 348, 1
96, 4, 1
96, 269, 1
96, 123, 1
96, 131, 1
96, 115, 1
96, 78, 1
96, 261, 1
96, 278, 1
96, 219, 1
96, 262, 1
96, 189, 1
96, 109, 1
96, 225, 1
96, 191, 1
96, 264, 1
96, 279, 1
96, 263, 1
225, 126, -1
225, 176, -1
225, 104, -1
225, 75, -1
225, 184, -1
225, 200, -1
225, 43, -1
225, 29, -1
225, 120, -1
225, 51, -1
225, 164, -1
225, 134, -1
225, 132, -1
225, 142, -1
225, 93, -1
225, 77, -1
225, 1, -1
225, 158, -1
225, 33, -1
225, 228, -1
225, 81, -1
225, 196, -1
225, 216, -1
225, 35, -1
225, 222, -1
225, 31, -1
225, 67, -1
225, 214, -1
225, 122, -1
225, 110, -1
225, 150, -1
225, 69, -1
225, 25, -1
225, 11, -1
225, 13, -1
191, 126, -1
191, 176, -1
191, 104, -1
191, 75, -1
191, 184, -1
191, 200, -1
191, 43, -1
191, 29, -1
191, 120, -1
191, 51, -1
191, 164, -1
191, 134, -1
191, 132, -1
191, 142, -1
191, 93, -1
191, 77, -1
191, 1, -1
191, 158, -1
191, 33, -1
191, 228, -1
191, 81, -1
191, 196, -1
191, 216, -1
191, 35, -1
191, 222, -1
191, 31, -1
191, 67, -1
191, 214, -1
191, 122, -1
191, 110, -1
191, 150, -1
191, 69, -1
191, 25, -1
191, 11, -1
191, 13, -1
264, 126, -1
264, 176, -1
264, 104, -1
264, 75, -1
264, 184, -1
264, 200, -1
264, 43, -1
264, 29, -1
264, 120, -1
264, 51, -1
264, 164, -1
264, 134, -1
264, 132, -1
264, 142, -1
264, 93, -1
264, 77, -1
264, 1, -1
264, 158, -1
264, 33, -1
264, 228, -1
264, 81, -1
264, 196, -1
264, 216, -1
264, 35, -1
264, 222, -1
264, 31, -1
264, 67, -1
264, 214, -1
264, 122, -1
264, 110, -1
264, 150, -1
264, 69, -1
264, 25, -1
264, 11, -1
264, 13, -1
279, 126, -1
279, 176, -1
279, 104, -1
279, 75, -1
279, 184, -1
279, 200, -1
279, 43, -1
279, 29, -1
279, 120, -1
279, 51, -1
279, 164, -1
279, 134, -1
279, 132, -1
279, 142, -1
279, 93, -1
279, 77, -1
279, 1, -1
279, 158, -1
279, 33, -1
279, 228, -1
279, 81, -1
279, 196, -1
279, 216, -1
279, 35, -1
279, 222, -1
279, 31, -1
279, 67, -1
279, 214, -1
279, 122, -1
279, 110, -1
279, 150, -1
279, 69, -1
279, 25, -1
279, 11, -1
279, 13, -1
263, 126, -1
263, 176, -1
263, 104, -1
263, 75, -1
263, 184, -1
263, 200, -1
263, 43, -1
263, 29, -1
263, 120, -1
263, 51, -1
263, 164, -1
263, 134, -1
263, 132, -1
263, 142, -1
263, 93, -1
263, 77, -1
263, 1, -1
263, 158, -1
263, 33, -1
263, 228, -1
263, 81, -1
263, 196, -1
263, 216, -1
263, 35, -1
263, 222, -1
263, 31, -1
263, 67, -1
263, 214, -1
263, 122, -1
263, 110, -1
263, 150, -1
263, 69, -1
263, 25, -1
263, 11, -1
263, 13, -1
96, 126, -1
96, 176, -1
96, 104, -1
96, 75, -1
96, 184, -1
96, 200, -1
96, 43, -1
96, 29, -1
96, 120, -1
96, 51, -1
96, 164, -1
96, 134, -1
96, 132, -1
96, 142, -1
96, 93, -1
96, 77, -1
96, 1, -1
96, 158, -1
96, 33, -1
96, 228, -1
96, 81, -1
96, 196, -1
96, 216, -1
96, 35, -1
96, 222, -1
96, 31, -1
96, 67, -1
96, 214, -1
96, 122, -1
96, 110, -1
96, 150, -1
96, 69, -1
96, 25, -1
96, 11, -1
96, 13, -1

265, 348, 1
265, 4, 1
265, 269, 1
265, 123, 1
265, 131, 1
265, 115, 1
265, 78, 1
265, 261, 1
265, 278, 1
265, 219, 1
265, 262, 1
265, 189, 1
265, 109, 1
265, 225, 1
265, 191, 1
265, 264, 1
265, 279, 1
265, 263, 1
265, 96, 1
281, 348, 1
281, 4, 1
281, 269, 1
281, 123, 1
281, 131, 1
281, 115, 1
281, 78, 1
281, 261, 1
281, 278, 1
281, 219, 1
281, 262, 1
281, 189, 1
281, 109, 1
281, 225, 1
281, 191, 1
281, 264, 1
281, 279, 1
281, 263, 1
281, 96, 1
281, 265, 1
111, 348, 1
111, 4, 1
111, 269, 1
111, 123, 1
111, 131, 1
111, 115, 1
111, 78, 1
111, 261, 1
111, 278, 1
111, 219, 1
111, 262, 1
111, 189, 1
111, 109, 1
111, 225, 1
111, 191, 1
111, 264, 1
111, 279, 1
111, 263, 1
111, 96, 1
111, 265, 1
111, 281, 1
280, 348, 1
280, 4, 1
280, 269, 1
280, 123, 1
280, 131, 1
280, 115, 1
280, 78, 1
280, 261, 1
280, 278, 1
280, 219, 1
280, 262, 1
280, 189, 1
280, 109, 1
280, 225, 1
280, 191, 1
280, 264, 1
280, 279, 1
280, 263, 1
280, 96, 1
280, 265, 1
280, 281, 1
280, 111, 1
307, 348, 1
307, 4, 1
307, 269, 1
307, 123, 1
307, 131, 1
307, 115, 1
307, 78, 1
307, 261, 1
307, 278, 1
307, 219, 1
307, 262, 1
307, 189, 1
307, 109, 1
307, 225, 1
307, 191, 1
307, 264, 1
307, 279, 1
307, 263, 1
307, 96, 1
307, 265, 1
307, 281, 1
307, 111, 1
307, 280, 1
97, 348, 1
97, 4, 1
97, 269, 1
97, 123, 1
97, 131, 1
97, 115, 1
97, 78, 1
97, 261, 1
97, 278, 1
97, 219, 1
97, 262, 1
97, 189, 1
97, 109, 1
97, 225, 1
97, 191, 1
97, 264, 1
97, 279, 1
97, 263, 1
97, 96, 1
97, 265, 1
97, 281, 1
97, 111, 1
97, 280, 1
97, 307, 1
113, 348, 1
113, 4, 1
113, 269, 1
113, 123, 1
113, 131, 1
113, 115, 1
113, 78, 1
113, 261, 1
113, 278, 1
113, 219, 1
113, 262, 1
113, 189, 1
113, 109, 1
113, 225, 1
113, 191, 1
113, 264, 1
113, 279, 1
113, 263, 1
113, 96, 1
113, 265, 1
113, 281, 1
113, 111, 1
113, 280, 1
113, 307, 1
113, 97, 1
308, 348, 1
308, 4, 1
308, 269, 1
308, 123, 1
308, 131, 1
308, 115, 1
308, 78, 1
308, 261, 1
308, 278, 1
308, 219, 1
308, 262, 1
308, 189, 1
308, 109, 1
308, 225, 1
308, 191, 1
308, 264, 1
308, 279, 1
308, 263, 1
308, 96, 1
308, 265, 1
308, 281, 1
308, 111, 1
308, 280, 1
308, 307, 1
308, 97, 1
308, 113, 1
95, 126, 1
95, 176, 1
95, 104, 1
95, 75, 1
95, 184, 1
95, 200, 1
95, 43, 1
95, 29, 1
95, 120, 1
95, 51, 1
95, 164, 1
95, 134, 1
95, 132, 1
95, 142, 1
95, 93, 1
95, 77, 1
95, 1, 1
95, 158, 1
95, 33, 1
95, 228, 1
95, 81, 1
95, 196, 1
95, 216, 1
95, 35, 1
95, 222, 1
95, 31, 1
95, 67, 1
95, 214, 1
95, 122, 1
95, 110, 1
95, 150, 1
95, 69, 1
95, 25, 1
95, 11, 1
95, 13, 1
265, 126, -1
265, 176, -1
265, 104, -1
265, 75, -1
265, 184, -1
265, 200, -1
265, 43, -1
265, 29, -1
265, 120, -1
265, 51, -1
265, 164, -1
265, 134, -1
265, 132, -1
265, 142, -1
265, 93, -1
265, 77, -1
265, 1, -1
265, 158, -1
265, 33, -1
265, 228, -1
265, 81, -1
265, 196, -1
265, 216, -1
265, 35, -1
265, 222, -1
265, 31, -1
265, 67, -1
265, 214, -1
265, 122, -1
265, 110, -1
265, 150, -1
265, 69, -1
265, 25, -1
265, 11, -1
265, 13, -1
281, 126, -1
281, 176, -1
281, 104, -1
281, 75, -1
281, 184, -1
281, 200, -1
281, 43, -1
281, 29, -1
281, 120, -1
281, 51, -1
281, 164, -1
281, 134, -1
281, 132, -1
281, 142, -1
281, 93, -1
281, 77, -1
281, 1, -1
281, 158, -1
281, 33, -1
281, 228, -1
281, 81, -1
281, 196, -1
281, 216, -1
281, 35, -1
281, 222, -1
281, 31, -1
281, 67, -1
281, 214, -1
281, 122, -1
281, 110, -1
281, 150, -1
281, 69, -1
281, 25, -1
281, 11, -1
281, 13, -1
111, 126, -1
111, 176, -1
111, 104, -1
111, 75, -1
111, 184, -1
111, 200, -1
111, 43, -1
111, 29, -1
111, 120, -1
111, 51, -1
111, 164, -1
111, 134, -1
111, 132, -1
111, 142, -1
111, 93, -1
111, 77, -1
111, 1, -1
111, 158, -1
111, 33, -1
111, 228, -1
111, 81, -1
111, 196, -1
111, 216, -1
111, 35, -1
111, 222, -1
111, 31, -1
111, 67, -1
111, 214, -1
111, 122, -1
111, 110, -1
111, 150, -1
111, 69, -1
111, 25, -1
111, 11, -1
111, 13, -1
280, 126, -1
280, 176, -1
280, 104, -1
280, 75, -1
280, 184, -1
280, 200, -1
280, 43, -1
280, 29, -1
280, 120, -1
280, 51, -1
280, 164, -1
280, 134, -1
280, 132, -1
280, 142, -1
280, 93, -1
280, 77, -1
280, 1, -1
280, 158, -1
280, 33, -1
280, 228, -1
280, 81, -1
280, 196, -1
280, 216, -1
280, 35, -1
280, 222, -1
280, 31, -1
280, 67, -1
280, 214, -1
280, 122, -1
280, 110, -1
280, 150, -1
280, 69, -1
280, 25, -1
280, 11, -1
280, 13, -1
307, 126, -1
307, 176, -1
307, 104, -1
307, 75, -1
307, 184, -1
307, 200, -1
307, 43, -1
307, 29, -1
307, 120, -1
307, 51, -1
307, 164, -1
307, 134, -1
307, 132, -1
307, 142, -1
307, 93, -1
307, 77, -1
307, 1, -1
307, 158, -1
307, 33, -1
307, 228, -1
307, 81, -1
307, 196, -1
307, 216, -1
307, 35, -1
307, 222, -1
307, 31, -1
307, 67, -1
307, 214, -1
307, 122, -1
307, 110, -1
307, 150, -1
307, 69, -1
307, 25, -1
307, 11, -1
307, 13, -1
97, 126, -1
97, 176, -1
97, 104, -1
97, 75, -1
97, 184, -1
97, 200, -1
97, 43, -1
97, 29, -1
97, 120, -1
97, 51, -1
97, 164, -1
97, 134, -1
97, 132, -1
97, 142, -1
97, 93, -1
97, 77, -1
97, 1, -1
97, 158, -1
97, 33, -1
97, 228, -1
97, 81, -1
97, 196, -1
97, 216, -1
97, 35, -1
97, 222, -1
97, 31, -1
97, 67, -1
97, 214, -1
97, 122, -1
97, 110, -1
97, 150, -1
97, 69, -1
97, 25, -1
97, 11, -1
97, 13, -1
113, 126, -1
113, 176, -1
113, 104, -1
113, 75, -1
113, 184, -1
113, 200, -1
113, 43, -1
113, 29, -1
113, 120, -1
113, 51, -1
113, 164, -1
113, 134, -1
113, 132, -1
113, 142, -1
113, 93, -1
113, 77, -1
113, 1, -1
113, 158, -1
113, 33, -1
113, 228, -1
113, 81, -1
113, 196, -1
113, 216, -1
113, 35, -1
113, 222, -1
113, 31, -1
113, 67, -1
113, 214, -1
113, 122, -1
113, 110, -1
113, 150, -1
113, 69, -1
113, 25, -1
113, 11, -1
113, 13, -1
308, 126, -1
308, 176, -1
308, 104, -1
308, 75, -1
308, 184, -1
308, 200, -1
308, 43, -1
308, 29, -1
308, 120, -1
308, 51, -1
308, 164, -1
308, 134, -1
308, 132, -1
308, 142, -1
308, 93, -1
308, 77, -1
308, 1, -1
308, 158, -1
308, 33, -1
308, 228, -1
308, 81, -1
308, 196, -1
308, 216, -1
308, 35, -1
308, 222, -1
308, 31, -1
308, 67, -1
308, 214, -1
308, 122, -1
308, 110, -1
308, 150, -1
308, 69, -1
308, 25, -1
308, 11, -1
308, 13, -1
95, 348, -1
95, 4, -1
95, 269, -1
95, 123, -1
95, 131, -1
95, 115, -1
95, 78, -1
95, 261, -1
95, 278, -1
95, 219, -1
95, 262, -1
95, 189, -1
95, 109, -1
95, 225, -1
95, 191, -1
95, 264, -1
95, 279, -1
95, 263, -1
95, 96, -1
95, 265, -1
95, 281, -1
95, 111, -1
95, 280, -1
95, 307, -1
95, 97, -1
95, 113, -1
95, 308, -1

