92, 126, 1
128, 126, 1
128, 92, 1
191, 185, 1
201, 185, 1
201, 191, 1
133, 126, 1
133, 92, 1
133, 128, 1
189, 185, 1
189, 191, 1
189, 201, 1
185, 126, -1
185, 92, -1
185, 128, -1
191, 126, -1
191, 92, -1
191, 128, -1
201, 126, -1
201, 92, -1
201, 128, -1
133, 185, -1
133, 191, -1
133, 201, -1
189, 126, -1
189, 92, -1
189, 128, -1
189, 133, -1

107, 126, 1
107, 92, 1
107, 128, 1
107, 133, 1
107, 185, -1
107, 191, -1
107, 201, -1
107, 189, -1
107, 204, -1
169, 126, -1
169, 92, -1
169, 128, -1
169, 133, -1
169, 107, -1
169, 185, -1
169, 191, -1
169, 201, -1
169, 189, -1
169, 204, -1
180, 126, -1
180, 92, -1
180, 128, -1
180, 133, -1
180, 107, -1
180, 185, -1
180, 191, -1
180, 201, -1
180, 189, -1
180, 204, -1
180, 169, -1

105, 126, 1
105, 92, 1
105, 128, 1
105, 133, 1
105, 107, 1
109, 126, 1
109, 92, 1
109, 128, 1
109, 133, 1
109, 107, 1
109, 105, 1
186, 185, 1
186, 191, 1
186, 201, 1
186, 189, 1
186, 204, 1
186, 197, 1
190, 185, 1
190, 191, 1
190, 201, 1
190, 189, 1
190, 204, 1
190, 197, 1
190, 186, 1
105, 185, -1
105, 191, -1
105, 201, -1
105, 189, -1
105, 204, -1
105, 197, -1
105, 169, -1
105, 180, -1
109, 185, -1
109, 191, -1
109, 201, -1
109, 189, -1
109, 204, -1
109, 197, -1
109, 169, -1
109, 180, -1
186, 126, -1
186, 92, -1
186, 128, -1
186, 133, -1
186, 107, -1
186, 105, -1
186, 109, -1
186, 169, -1
186, 180, -1
190, 126, -1
190, 92, -1
190, 128, -1
190, 133, -1
190, 107, -1
190, 105, -1
190, 109, -1
190, 169, -1
190, 180, -1

106, 126, 1
106, 92, 1
106, 128, 1
106, 133, 1
106, 107, 1
106, 105, 1
106, 109, 1
163, 169, 1
211, 185, 1
211, 191, 1
211, 201, 1
211, 189, 1
211, 204, 1
211, 197, 1
211, 186, 1
211, 190, 1
211, 199, 1
106, 185, -1
106, 191, -1
106, 201, -1
106, 189, -1
106, 204, -1
106, 197, -1
106, 186, -1
106, 190, -1
106, 199, -1
106, 169, -1
106, 180, -1
163, 126, -1
163, 92, -1
163, 128, -1
163, 133, -1
163, 107, -1
163, 105, -1
163, 109, -1
163, 106, -1
163, 185, -1
163, 191, -1
163, 201, -1
163, 189, -1
163, 204, -1
163, 197, -1
163, 186, -1
163, 190, -1
163, 199, -1
163, 180, -1
211, 126, -1
211, 92, -1
211, 128, -1
211, 133, -1
211, 107, -1
211, 105, -1
211, 109, -1
211, 106, -1
211, 169, -1
211, 163, -1
211, 180, -1

112, 126, 1
112, 92, 1
112, 128, 1
112, 133, 1
112, 107, 1
112, 105, 1
112, 109, 1
112, 106, 1
112, 71, 1
207, 185, 1
207, 191, 1
207, 201, 1
207, 189, 1
207, 204, 1
207, 197, 1
207, 186, 1
207, 190, 1
207, 199, 1
207, 211, 1
207, 212, 1
112, 185, -1
112, 191, -1
112, 201, -1
112, 189, -1
112, 204, -1
112, 197, -1
112, 186, -1
112, 190, -1
112, 199, -1
112, 211, -1
112, 212, -1
112, 169, -1
112, 163, -1
112, 180, -1
207, 126, -1
207, 92, -1
207, 128, -1
207, 133, -1
207, 107, -1
207, 105, -1
207, 109, -1
207, 106, -1
207, 71, -1
207, 112, -1
207, 169, -1
207, 163, -1
207, 180, -1

172, 169, 1
172, 163, 1
166, 169, 1
166, 163, 1
166, 172, 1
167, 169, 1
167, 163, 1
167, 172, 1
167, 166, 1
208, 185, 1
208, 191, 1
208, 201, 1
208, 189, 1
208, 204, 1
208, 197, 1
208, 186, 1
208, 190, 1
208, 199, 1
208, 211, 1
208, 212, 1
208, 207, 1
208, 213, 1
172, 126, -1
172, 92, -1
172, 128, -1
172, 133, -1
172, 107, -1
172, 105, -1
172, 109, -1
172, 106, -1
172, 71, -1
172, 112, -1
172, 93, -1
172, 185, -1
172, 191, -1
172, 201, -1
172, 189, -1
172, 204, -1
172, 197, -1
172, 186, -1
172, 190, -1
172, 199, -1
172, 211, -1
172, 212, -1
172, 207, -1
172, 213, -1
172, 180, -1
166, 126, -1
166, 92, -1
166, 128, -1
166, 133, -1
166, 107, -1
166, 105, -1
166, 109, -1
166, 106, -1
166, 71, -1
166, 112, -1
166, 93, -1
166, 185, -1
166, 191, -1
166, 201, -1
166, 189, -1
166, 204, -1
166, 197, -1
166, 186, -1
166, 190, -1
166, 199, -1
166, 211, -1
166, 212, -1
166, 207, -1
166, 213, -1
166, 180, -1
167, 126, -1
167, 92, -1
167, 128, -1
167, 133, -1
167, 107, -1
167, 105, -1
167, 109, -1
167, 106, -1
167, 71, -1
167, 112, -1
167, 93, -1
167, 185, -1
167, 191, -1
167, 201, -1
167, 189, -1
167, 204, -1
167, 197, -1
167, 186, -1
167, 190, -1
167, 199, -1
167, 211, -1
167, 212, -1
167, 207, -1
167, 213, -1
167, 180, -1
208, 126, -1
208, 92, -1
208, 128, -1
208, 133, -1
208, 107, -1
208, 105, -1
208, 109, -1
208, 106, -1
208, 71, -1
208, 112, -1
208, 93, -1
208, 169, -1
208, 163, -1
208, 172, -1
208, 166, -1
208, 167, -1
208, 180, -1

110, 126, 1
110, 92, 1
110, 128, 1
110, 133, 1
110, 107, 1
110, 105, 1
110, 109, 1
110, 106, 1
110, 71, 1
110, 112, 1
110, 93, 1
184, 180, 1
110, 185, -1
110, 191, -1
110, 201, -1
110, 189, -1
110, 204, -1
110, 197, -1
110, 186, -1
110, 190, -1
110, 199, -1
110, 211, -1
110, 212, -1
110, 207, -1
110, 213, -1
110, 208, -1
110, 194, -1
110, 169, -1
110, 163, -1
110, 172, -1
110, 166, -1
110, 167, -1
110, 175, -1
110, 180, -1
184, 126, -1
184, 92, -1
184, 128, -1
184, 133, -1
184, 107, -1
184, 105, -1
184, 109, -1
184, 106, -1
184, 71, -1
184, 112, -1
184, 93, -1
184, 110, -1
184, 185, -1
184, 191, -1
184, 201, -1
184, 189, -1
184, 204, -1
184, 197, -1
184, 186, -1
184, 190, -1
184, 199, -1
184, 211, -1
184, 212, -1
184, 207, -1
184, 213, -1
184, 208, -1
184, 194, -1
184, 169, -1
184, 163, -1
184, 172, -1
184, 166, -1
184, 167, -1
184, 175, -1

171, 169, 1
171, 163, 1
171, 172, 1
171, 166, 1
171, 167, 1
171, 175, 1
210, 185, 1
210, 191, 1
210, 201, 1
210, 189, 1
210, 204, 1
210, 197, 1
210, 186, 1
210, 190, 1
210, 199, 1
210, 211, 1
210, 212, 1
210, 207, 1
210, 213, 1
210, 208, 1
210, 194, 1
210, 193, 1
171, 126, -1
171, 92, -1
171, 128, -1
171, 133, -1
171, 107, -1
171, 105, -1
171, 109, -1
171, 106, -1
171, 71, -1
171, 112, -1
171, 93, -1
171, 110, -1
171, 185, -1
171, 191, -1
171, 201, -1
171, 189, -1
171, 204, -1
171, 197, -1
171, 186, -1
171, 190, -1
171, 199, -1
171, 211, -1
171, 212, -1
171, 207, -1
171, 213, -1
171, 208, -1
171, 194, -1
171, 193, -1
171, 180, -1
171, 184, -1
210, 126, -1
210, 92, -1
210, 128, -1
210, 133, -1
210, 107, -1
210, 105, -1
210, 109, -1
210, 106, -1
210, 71, -1
210, 112, -1
210, 93, -1
210, 110, -1
210, 169, -1
210, 163, -1
210, 172, -1
210, 166, -1
210, 167, -1
210, 175, -1
210, 171, -1
210, 180, -1
210, 184, -1

170, 169, 1
170, 163, 1
170, 172, 1
170, 166, 1
170, 167, 1
170, 175, 1
170, 171, 1
170, 165, 1
206, 185, 1
206, 191, 1
206, 201, 1
206, 189, 1
206, 204, 1
206, 197, 1
206, 186, 1
206, 190, 1
206, 199, 1
206, 211, 1
206, 212, 1
206, 207, 1
206, 213, 1
206, 208, 1
206, 194, 1
206, 193, 1
206, 210, 1
206, 203, 1
84, 126, 1
84, 92, 1
84, 128, 1
84, 133, 1
84, 107, 1
84, 105, 1
84, 109, 1
84, 106, 1
84, 71, 1
84, 112, 1
84, 93, 1
84, 110, 1
170, 126, -1
170, 92, -1
170, 128, -1
170, 133, -1
170, 107, -1
170, 105, -1
170, 109, -1
170, 106, -1
170, 71, -1
170, 112, -1
170, 93, -1
170, 110, -1
170, 185, -1
170, 191, -1
170, 201, -1
170, 189, -1
170, 204, -1
170, 197, -1
170, 186, -1
170, 190, -1
170, 199, -1
170, 211, -1
170, 212, -1
170, 207, -1
170, 213, -1
170, 208, -1
170, 194, -1
170, 193, -1
170, 210, -1
170, 203, -1
170, 180, -1
170, 184, -1
206, 126, -1
206, 92, -1
206, 128, -1
206, 133, -1
206, 107, -1
206, 105, -1
206, 109, -1
206, 106, -1
206, 71, -1
206, 112, -1
206, 93, -1
206, 110, -1
206, 169, -1
206, 163, -1
206, 172, -1
206, 166, -1
206, 167, -1
206, 175, -1
206, 171, -1
206, 165, -1
206, 170, -1
206, 180, -1
206, 184, -1
84, 185, -1
84, 191, -1
84, 201, -1
84, 189, -1
84, 204, -1
84, 197, -1
84, 186, -1
84, 190, -1
84, 199, -1
84, 211, -1
84, 212, -1
84, 207, -1
84, 213, -1
84, 208, -1
84, 194, -1
84, 193, -1
84, 210, -1
84, 203, -1
84, 206, -1
84, 169, -1
84, 163, -1
84, 172, -1
84, 166, -1
84, 167, -1
84, 175, -1
84, 171, -1
84, 165, -1
84, 170, -1
84, 180, -1
84, 184, -1

131, 126, 1
131, 92, 1
131, 128, 1
131, 133, 1
131, 107, 1
131, 105, 1
131, 109, 1
131, 106, 1
131, 71, 1
131, 112, 1
131, 93, 1
131, 110, 1
131, 84, 1
205, 185, 1
205, 191, 1
205, 201, 1
205, 189, 1
205, 204, 1
205, 197, 1
205, 186, 1
205, 190, 1
205, 199, 1
205, 211, 1
205, 212, 1
205, 207, 1
205, 213, 1
205, 208, 1
205, 194, 1
205, 193, 1
205, 210, 1
205, 203, 1
205, 206, 1
205, 205, 1
182, 180, 1
182, 184, 1
129, 126, 1
129, 92, 1
129, 128, 1
129, 133, 1
129, 107, 1
129, 105, 1
129, 109, 1
129, 106, 1
129, 71, 1
129, 112, 1
129, 93, 1
129, 110, 1
129, 84, 1
129, 131, 1
131, 185, -1
131, 191, -1
131, 201, -1
131, 189, -1
131, 204, -1
131, 197, -1
131, 186, -1
131, 190, -1
131, 199, -1
131, 211, -1
131, 212, -1
131, 207, -1
131, 213, -1
131, 208, -1
131, 194, -1
131, 193, -1
131, 210, -1
131, 203, -1
131, 206, -1
131, 205, -1
131, 169, -1
131, 163, -1
131, 172, -1
131, 166, -1
131, 167, -1
131, 175, -1
131, 171, -1
131, 165, -1
131, 170, -1
131, 173, -1
131, 180, -1
131, 184, -1
205, 126, -1
205, 92, -1
205, 128, -1
205, 133, -1
205, 107, -1
205, 105, -1
205, 109, -1
205, 106, -1
205, 71, -1
205, 112, -1
205, 93, -1
205, 110, -1
205, 84, -1
205, 131, -1
205, 169, -1
205, 163, -1
205, 172, -1
205, 166, -1
205, 167, -1
205, 175, -1
205, 171, -1
205, 165, -1
205, 170, -1
205, 173, -1
205, 180, -1
205, 184, -1
182, 126, -1
182, 92, -1
182, 128, -1
182, 133, -1
182, 107, -1
182, 105, -1
182, 109, -1
182, 106, -1
182, 71, -1
182, 112, -1
182, 93, -1
182, 110, -1
182, 84, -1
182, 131, -1
182, 185, -1
182, 191, -1
182, 201, -1
182, 189, -1
182, 204, -1
182, 197, -1
182, 186, -1
182, 190, -1
182, 199, -1
182, 211, -1
182, 212, -1
182, 207, -1
182, 213, -1
182, 208, -1
182, 194, -1
182, 193, -1
182, 210, -1
182, 203, -1
182, 206, -1
182, 205, -1
182, 205, -1
182, 169, -1
182, 163, -1
182, 172, -1
182, 166, -1
182, 167, -1
182, 175, -1
182, 171, -1
182, 165, -1
182, 170, -1
182, 173, -1
129, 185, -1
129, 191, -1
129, 201, -1
129, 189, -1
129, 204, -1
129, 197, -1
129, 186, -1
129, 190, -1
129, 199, -1
129, 211, -1
129, 212, -1
129, 207, -1
129, 213, -1
129, 208, -1
129, 194, -1
129, 193, -1
129, 210, -1
129, 203, -1
129, 206, -1
129, 205, -1
129, 205, -1
129, 169, -1
129, 163, -1
129, 172, -1
129, 166, -1
129, 167, -1
129, 175, -1
129, 171, -1
129, 165, -1
129, 170, -1
129, 173, -1
129, 180, -1
129, 184, -1
129, 182, -1

