132, 107, 1
107, 132, 1
132, 171, -1
107, 171, -1
132, 184, -1
107, 184, -1
132, 201, -1
107, 201, -1
171, 132, -1
171, 107, -1
171, 184, -1
171, 201, -1
184, 132, -1
184, 107, -1
184, 171, -1
184, 201, -1
201, 132, -1
201, 107, -1
201, 171, -1
201, 184, -1

132, 107, 1
132, 108, 1
132, 106, 1
107, 132, 1
107, 108, 1
107, 106, 1
108, 132, 1
108, 107, 1
108, 106, 1
106, 132, 1
106, 107, 1
106, 108, 1
171, 163, 1
163, 171, 1
201, 207, 1
207, 201, 1
132, 171, -1
132, 163, -1
107, 171, -1
107, 163, -1
108, 171, -1
108, 163, -1
106, 171, -1
106, 163, -1
132, 184, -1
107, 184, -1
108, 184, -1
106, 184, -1
132, 201, -1
132, 207, -1
107, 201, -1
107, 207, -1
108, 201, -1
108, 207, -1
106, 201, -1
106, 207, -1
171, 132, -1
171, 107, -1
171, 108, -1
171, 106, -1
163, 132, -1
163, 107, -1
163, 108, -1
163, 106, -1
171, 184, -1
163, 184, -1
171, 201, -1
171, 207, -1
163, 201, -1
163, 207, -1
184, 132, -1
184, 107, -1
184, 108, -1
184, 106, -1
184, 171, -1
184, 163, -1
184, 201, -1
184, 207, -1
201, 132, -1
201, 107, -1
201, 108, -1
201, 106, -1
207, 132, -1
207, 107, -1
207, 108, -1
207, 106, -1
201, 171, -1
201, 163, -1
207, 171, -1
207, 163, -1
201, 184, -1
207, 184, -1

132, 107, 1
132, 108, 1
132, 106, 1
132, 103, 1
132, 110, 1
107, 132, 1
107, 108, 1
107, 106, 1
107, 103, 1
107, 110, 1
108, 132, 1
108, 107, 1
108, 106, 1
108, 103, 1
108, 110, 1
106, 132, 1
106, 107, 1
106, 108, 1
106, 103, 1
106, 110, 1
103, 132, 1
103, 107, 1
103, 108, 1
103, 106, 1
103, 110, 1
110, 132, 1
110, 107, 1
110, 108, 1
110, 106, 1
110, 103, 1
171, 163, 1
171, 166, 1
163, 171, 1
163, 166, 1
166, 171, 1
166, 163, 1
201, 207, 1
201, 189, 1
207, 201, 1
207, 189, 1
189, 201, 1
189, 207, 1
132, 171, -1
132, 163, -1
132, 166, -1
107, 171, -1
107, 163, -1
107, 166, -1
108, 171, -1
108, 163, -1
108, 166, -1
106, 171, -1
106, 163, -1
106, 166, -1
103, 171, -1
103, 163, -1
103, 166, -1
110, 171, -1
110, 163, -1
110, 166, -1
132, 184, -1
107, 184, -1
108, 184, -1
106, 184, -1
103, 184, -1
110, 184, -1
132, 201, -1
132, 207, -1
132, 189, -1
107, 201, -1
107, 207, -1
107, 189, -1
108, 201, -1
108, 207, -1
108, 189, -1
106, 201, -1
106, 207, -1
106, 189, -1
103, 201, -1
103, 207, -1
103, 189, -1
110, 201, -1
110, 207, -1
110, 189, -1
171, 132, -1
171, 107, -1
171, 108, -1
171, 106, -1
171, 103, -1
171, 110, -1
163, 132, -1
163, 107, -1
163, 108, -1
163, 106, -1
163, 103, -1
163, 110, -1
166, 132, -1
166, 107, -1
166, 108, -1
166, 106, -1
166, 103, -1
166, 110, -1
171, 184, -1
163, 184, -1
166, 184, -1
171, 201, -1
171, 207, -1
171, 189, -1
163, 201, -1
163, 207, -1
163, 189, -1
166, 201, -1
166, 207, -1
166, 189, -1
184, 132, -1
184, 107, -1
184, 108, -1
184, 106, -1
184, 103, -1
184, 110, -1
184, 171, -1
184, 163, -1
184, 166, -1
184, 201, -1
184, 207, -1
184, 189, -1
201, 132, -1
201, 107, -1
201, 108, -1
201, 106, -1
201, 103, -1
201, 110, -1
207, 132, -1
207, 107, -1
207, 108, -1
207, 106, -1
207, 103, -1
207, 110, -1
189, 132, -1
189, 107, -1
189, 108, -1
189, 106, -1
189, 103, -1
189, 110, -1
201, 171, -1
201, 163, -1
201, 166, -1
207, 171, -1
207, 163, -1
207, 166, -1
189, 171, -1
189, 163, -1
189, 166, -1
201, 184, -1
207, 184, -1
189, 184, -1

132, 107, 1
132, 108, 1
132, 106, 1
132, 103, 1
132, 110, 1
107, 132, 1
107, 108, 1
107, 106, 1
107, 103, 1
107, 110, 1
108, 132, 1
108, 107, 1
108, 106, 1
108, 103, 1
108, 110, 1
106, 132, 1
106, 107, 1
106, 108, 1
106, 103, 1
106, 110, 1
103, 132, 1
103, 107, 1
103, 108, 1
103, 106, 1
103, 110, 1
110, 132, 1
110, 107, 1
110, 108, 1
110, 106, 1
110, 103, 1
171, 163, 1
171, 166, 1
171, 174, 1
163, 171, 1
163, 166, 1
163, 174, 1
166, 171, 1
166, 163, 1
166, 174, 1
174, 171, 1
174, 163, 1
174, 166, 1
201, 207, 1
201, 189, 1
201, 202, 1
201, 185, 1
207, 201, 1
207, 189, 1
207, 202, 1
207, 185, 1
189, 201, 1
189, 207, 1
189, 202, 1
189, 185, 1
202, 201, 1
202, 207, 1
202, 189, 1
202, 185, 1
185, 201, 1
185, 207, 1
185, 189, 1
185, 202, 1
132, 171, -1
132, 163, -1
132, 166, -1
132, 174, -1
107, 171, -1
107, 163, -1
107, 166, -1
107, 174, -1
108, 171, -1
108, 163, -1
108, 166, -1
108, 174, -1
106, 171, -1
106, 163, -1
106, 166, -1
106, 174, -1
103, 171, -1
103, 163, -1
103, 166, -1
103, 174, -1
110, 171, -1
110, 163, -1
110, 166, -1
110, 174, -1
132, 184, -1
107, 184, -1
108, 184, -1
106, 184, -1
103, 184, -1
110, 184, -1
132, 201, -1
132, 207, -1
132, 189, -1
132, 202, -1
132, 185, -1
107, 201, -1
107, 207, -1
107, 189, -1
107, 202, -1
107, 185, -1
108, 201, -1
108, 207, -1
108, 189, -1
108, 202, -1
108, 185, -1
106, 201, -1
106, 207, -1
106, 189, -1
106, 202, -1
106, 185, -1
103, 201, -1
103, 207, -1
103, 189, -1
103, 202, -1
103, 185, -1
110, 201, -1
110, 207, -1
110, 189, -1
110, 202, -1
110, 185, -1
171, 132, -1
171, 107, -1
171, 108, -1
171, 106, -1
171, 103, -1
171, 110, -1
163, 132, -1
163, 107, -1
163, 108, -1
163, 106, -1
163, 103, -1
163, 110, -1
166, 132, -1
166, 107, -1
166, 108, -1
166, 106, -1
166, 103, -1
166, 110, -1
174, 132, -1
174, 107, -1
174, 108, -1
174, 106, -1
174, 103, -1
174, 110, -1
171, 184, -1
163, 184, -1
166, 184, -1
174, 184, -1
171, 201, -1
171, 207, -1
171, 189, -1
171, 202, -1
171, 185, -1
163, 201, -1
163, 207, -1
163, 189, -1
163, 202, -1
163, 185, -1
166, 201, -1
166, 207, -1
166, 189, -1
166, 202, -1
166, 185, -1
174, 201, -1
174, 207, -1
174, 189, -1
174, 202, -1
174, 185, -1
184, 132, -1
184, 107, -1
184, 108, -1
184, 106, -1
184, 103, -1
184, 110, -1
184, 171, -1
184, 163, -1
184, 166, -1
184, 174, -1
184, 201, -1
184, 207, -1
184, 189, -1
184, 202, -1
184, 185, -1
201, 132, -1
201, 107, -1
201, 108, -1
201, 106, -1
201, 103, -1
201, 110, -1
207, 132, -1
207, 107, -1
207, 108, -1
207, 106, -1
207, 103, -1
207, 110, -1
189, 132, -1
189, 107, -1
189, 108, -1
189, 106, -1
189, 103, -1
189, 110, -1
202, 132, -1
202, 107, -1
202, 108, -1
202, 106, -1
202, 103, -1
202, 110, -1
185, 132, -1
185, 107, -1
185, 108, -1
185, 106, -1
185, 103, -1
185, 110, -1
201, 171, -1
201, 163, -1
201, 166, -1
201, 174, -1
207, 171, -1
207, 163, -1
207, 166, -1
207, 174, -1
189, 171, -1
189, 163, -1
189, 166, -1
189, 174, -1
202, 171, -1
202, 163, -1
202, 166, -1
202, 174, -1
185, 171, -1
185, 163, -1
185, 166, -1
185, 174, -1
201, 184, -1
207, 184, -1
189, 184, -1
202, 184, -1
185, 184, -1

132, 107, 1
132, 108, 1
132, 106, 1
132, 103, 1
132, 110, 1
132, 131, 1
132, 102, 1
107, 132, 1
107, 108, 1
107, 106, 1
107, 103, 1
107, 110, 1
107, 131, 1
107, 102, 1
108, 132, 1
108, 107, 1
108, 106, 1
108, 103, 1
108, 110, 1
108, 131, 1
108, 102, 1
106, 132, 1
106, 107, 1
106, 108, 1
106, 103, 1
106, 110, 1
106, 131, 1
106, 102, 1
103, 132, 1
103, 107, 1
103, 108, 1
103, 106, 1
103, 110, 1
103, 131, 1
103, 102, 1
110, 132, 1
110, 107, 1
110, 108, 1
110, 106, 1
110, 103, 1
110, 131, 1
110, 102, 1
131, 132, 1
131, 107, 1
131, 108, 1
131, 106, 1
131, 103, 1
131, 110, 1
131, 102, 1
102, 132, 1
102, 107, 1
102, 108, 1
102, 106, 1
102, 103, 1
102, 110, 1
102, 131, 1
171, 163, 1
171, 166, 1
171, 174, 1
171, 168, 1
163, 171, 1
163, 166, 1
163, 174, 1
163, 168, 1
166, 171, 1
166, 163, 1
166, 174, 1
166, 168, 1
174, 171, 1
174, 163, 1
174, 166, 1
174, 168, 1
168, 171, 1
168, 163, 1
168, 166, 1
168, 174, 1
201, 207, 1
201, 189, 1
201, 202, 1
201, 185, 1
201, 188, 1
207, 201, 1
207, 189, 1
207, 202, 1
207, 185, 1
207, 188, 1
189, 201, 1
189, 207, 1
189, 202, 1
189, 185, 1
189, 188, 1
202, 201, 1
202, 207, 1
202, 189, 1
202, 185, 1
202, 188, 1
185, 201, 1
185, 207, 1
185, 189, 1
185, 202, 1
185, 188, 1
188, 201, 1
188, 207, 1
188, 189, 1
188, 202, 1
188, 185, 1
132, 171, -1
132, 163, -1
132, 166, -1
132, 174, -1
132, 168, -1
107, 171, -1
107, 163, -1
107, 166, -1
107, 174, -1
107, 168, -1
108, 171, -1
108, 163, -1
108, 166, -1
108, 174, -1
108, 168, -1
106, 171, -1
106, 163, -1
106, 166, -1
106, 174, -1
106, 168, -1
103, 171, -1
103, 163, -1
103, 166, -1
103, 174, -1
103, 168, -1
110, 171, -1
110, 163, -1
110, 166, -1
110, 174, -1
110, 168, -1
131, 171, -1
131, 163, -1
131, 166, -1
131, 174, -1
131, 168, -1
102, 171, -1
102, 163, -1
102, 166, -1
102, 174, -1
102, 168, -1
132, 184, -1
107, 184, -1
108, 184, -1
106, 184, -1
103, 184, -1
110, 184, -1
131, 184, -1
102, 184, -1
132, 201, -1
132, 207, -1
132, 189, -1
132, 202, -1
132, 185, -1
132, 188, -1
107, 201, -1
107, 207, -1
107, 189, -1
107, 202, -1
107, 185, -1
107, 188, -1
108, 201, -1
108, 207, -1
108, 189, -1
108, 202, -1
108, 185, -1
108, 188, -1
106, 201, -1
106, 207, -1
106, 189, -1
106, 202, -1
106, 185, -1
106, 188, -1
103, 201, -1
103, 207, -1
103, 189, -1
103, 202, -1
103, 185, -1
103, 188, -1
110, 201, -1
110, 207, -1
110, 189, -1
110, 202, -1
110, 185, -1
110, 188, -1
131, 201, -1
131, 207, -1
131, 189, -1
131, 202, -1
131, 185, -1
131, 188, -1
102, 201, -1
102, 207, -1
102, 189, -1
102, 202, -1
102, 185, -1
102, 188, -1
171, 132, -1
171, 107, -1
171, 108, -1
171, 106, -1
171, 103, -1
171, 110, -1
171, 131, -1
171, 102, -1
163, 132, -1
163, 107, -1
163, 108, -1
163, 106, -1
163, 103, -1
163, 110, -1
163, 131, -1
163, 102, -1
166, 132, -1
166, 107, -1
166, 108, -1
166, 106, -1
166, 103, -1
166, 110, -1
166, 131, -1
166, 102, -1
174, 132, -1
174, 107, -1
174, 108, -1
174, 106, -1
174, 103, -1
174, 110, -1
174, 131, -1
174, 102, -1
168, 132, -1
168, 107, -1
168, 108, -1
168, 106, -1
168, 103, -1
168, 110, -1
168, 131, -1
168, 102, -1
171, 184, -1
163, 184, -1
166, 184, -1
174, 184, -1
168, 184, -1
171, 201, -1
171, 207, -1
171, 189, -1
171, 202, -1
171, 185, -1
171, 188, -1
163, 201, -1
163, 207, -1
163, 189, -1
163, 202, -1
163, 185, -1
163, 188, -1
166, 201, -1
166, 207, -1
166, 189, -1
166, 202, -1
166, 185, -1
166, 188, -1
174, 201, -1
174, 207, -1
174, 189, -1
174, 202, -1
174, 185, -1
174, 188, -1
168, 201, -1
168, 207, -1
168, 189, -1
168, 202, -1
168, 185, -1
168, 188, -1
184, 132, -1
184, 107, -1
184, 108, -1
184, 106, -1
184, 103, -1
184, 110, -1
184, 131, -1
184, 102, -1
184, 171, -1
184, 163, -1
184, 166, -1
184, 174, -1
184, 168, -1
184, 201, -1
184, 207, -1
184, 189, -1
184, 202, -1
184, 185, -1
184, 188, -1
201, 132, -1
201, 107, -1
201, 108, -1
201, 106, -1
201, 103, -1
201, 110, -1
201, 131, -1
201, 102, -1
207, 132, -1
207, 107, -1
207, 108, -1
207, 106, -1
207, 103, -1
207, 110, -1
207, 131, -1
207, 102, -1
189, 132, -1
189, 107, -1
189, 108, -1
189, 106, -1
189, 103, -1
189, 110, -1
189, 131, -1
189, 102, -1
202, 132, -1
202, 107, -1
202, 108, -1
202, 106, -1
202, 103, -1
202, 110, -1
202, 131, -1
202, 102, -1
185, 132, -1
185, 107, -1
185, 108, -1
185, 106, -1
185, 103, -1
185, 110, -1
185, 131, -1
185, 102, -1
188, 132, -1
188, 107, -1
188, 108, -1
188, 106, -1
188, 103, -1
188, 110, -1
188, 131, -1
188, 102, -1
201, 171, -1
201, 163, -1
201, 166, -1
201, 174, -1
201, 168, -1
207, 171, -1
207, 163, -1
207, 166, -1
207, 174, -1
207, 168, -1
189, 171, -1
189, 163, -1
189, 166, -1
189, 174, -1
189, 168, -1
202, 171, -1
202, 163, -1
202, 166, -1
202, 174, -1
202, 168, -1
185, 171, -1
185, 163, -1
185, 166, -1
185, 174, -1
185, 168, -1
188, 171, -1
188, 163, -1
188, 166, -1
188, 174, -1
188, 168, -1
201, 184, -1
207, 184, -1
189, 184, -1
202, 184, -1
185, 184, -1
188, 184, -1

132, 107, 1
132, 108, 1
132, 106, 1
132, 103, 1
132, 110, 1
132, 131, 1
132, 102, 1
132, 105, 1
107, 132, 1
107, 108, 1
107, 106, 1
107, 103, 1
107, 110, 1
107, 131, 1
107, 102, 1
107, 105, 1
108, 132, 1
108, 107, 1
108, 106, 1
108, 103, 1
108, 110, 1
108, 131, 1
108, 102, 1
108, 105, 1
106, 132, 1
106, 107, 1
106, 108, 1
106, 103, 1
106, 110, 1
106, 131, 1
106, 102, 1
106, 105, 1
103, 132, 1
103, 107, 1
103, 108, 1
103, 106, 1
103, 110, 1
103, 131, 1
103, 102, 1
103, 105, 1
110, 132, 1
110, 107, 1
110, 108, 1
110, 106, 1
110, 103, 1
110, 131, 1
110, 102, 1
110, 105, 1
131, 132, 1
131, 107, 1
131, 108, 1
131, 106, 1
131, 103, 1
131, 110, 1
131, 102, 1
131, 105, 1
102, 132, 1
102, 107, 1
102, 108, 1
102, 106, 1
102, 103, 1
102, 110, 1
102, 131, 1
102, 105, 1
105, 132, 1
105, 107, 1
105, 108, 1
105, 106, 1
105, 103, 1
105, 110, 1
105, 131, 1
105, 102, 1
171, 163, 1
171, 166, 1
171, 174, 1
171, 168, 1
163, 171, 1
163, 166, 1
163, 174, 1
163, 168, 1
166, 171, 1
166, 163, 1
166, 174, 1
166, 168, 1
174, 171, 1
174, 163, 1
174, 166, 1
174, 168, 1
168, 171, 1
168, 163, 1
168, 166, 1
168, 174, 1
184, 180, 1
180, 184, 1
201, 207, 1
201, 189, 1
201, 202, 1
201, 185, 1
201, 188, 1
207, 201, 1
207, 189, 1
207, 202, 1
207, 185, 1
207, 188, 1
189, 201, 1
189, 207, 1
189, 202, 1
189, 185, 1
189, 188, 1
202, 201, 1
202, 207, 1
202, 189, 1
202, 185, 1
202, 188, 1
185, 201, 1
185, 207, 1
185, 189, 1
185, 202, 1
185, 188, 1
188, 201, 1
188, 207, 1
188, 189, 1
188, 202, 1
188, 185, 1
132, 171, -1
132, 163, -1
132, 166, -1
132, 174, -1
132, 168, -1
107, 171, -1
107, 163, -1
107, 166, -1
107, 174, -1
107, 168, -1
108, 171, -1
108, 163, -1
108, 166, -1
108, 174, -1
108, 168, -1
106, 171, -1
106, 163, -1
106, 166, -1
106, 174, -1
106, 168, -1
103, 171, -1
103, 163, -1
103, 166, -1
103, 174, -1
103, 168, -1
110, 171, -1
110, 163, -1
110, 166, -1
110, 174, -1
110, 168, -1
131, 171, -1
131, 163, -1
131, 166, -1
131, 174, -1
131, 168, -1
102, 171, -1
102, 163, -1
102, 166, -1
102, 174, -1
102, 168, -1
105, 171, -1
105, 163, -1
105, 166, -1
105, 174, -1
105, 168, -1
132, 184, -1
132, 180, -1
107, 184, -1
107, 180, -1
108, 184, -1
108, 180, -1
106, 184, -1
106, 180, -1
103, 184, -1
103, 180, -1
110, 184, -1
110, 180, -1
131, 184, -1
131, 180, -1
102, 184, -1
102, 180, -1
105, 184, -1
105, 180, -1
132, 201, -1
132, 207, -1
132, 189, -1
132, 202, -1
132, 185, -1
132, 188, -1
107, 201, -1
107, 207, -1
107, 189, -1
107, 202, -1
107, 185, -1
107, 188, -1
108, 201, -1
108, 207, -1
108, 189, -1
108, 202, -1
108, 185, -1
108, 188, -1
106, 201, -1
106, 207, -1
106, 189, -1
106, 202, -1
106, 185, -1
106, 188, -1
103, 201, -1
103, 207, -1
103, 189, -1
103, 202, -1
103, 185, -1
103, 188, -1
110, 201, -1
110, 207, -1
110, 189, -1
110, 202, -1
110, 185, -1
110, 188, -1
131, 201, -1
131, 207, -1
131, 189, -1
131, 202, -1
131, 185, -1
131, 188, -1
102, 201, -1
102, 207, -1
102, 189, -1
102, 202, -1
102, 185, -1
102, 188, -1
105, 201, -1
105, 207, -1
105, 189, -1
105, 202, -1
105, 185, -1
105, 188, -1
132, 63, -1
107, 63, -1
108, 63, -1
106, 63, -1
103, 63, -1
110, 63, -1
131, 63, -1
102, 63, -1
105, 63, -1
171, 132, -1
171, 107, -1
171, 108, -1
171, 106, -1
171, 103, -1
171, 110, -1
171, 131, -1
171, 102, -1
171, 105, -1
163, 132, -1
163, 107, -1
163, 108, -1
163, 106, -1
163, 103, -1
163, 110, -1
163, 131, -1
163, 102, -1
163, 105, -1
166, 132, -1
166, 107, -1
166, 108, -1
166, 106, -1
166, 103, -1
166, 110, -1
166, 131, -1
166, 102, -1
166, 105, -1
174, 132, -1
174, 107, -1
174, 108, -1
174, 106, -1
174, 103, -1
174, 110, -1
174, 131, -1
174, 102, -1
174, 105, -1
168, 132, -1
168, 107, -1
168, 108, -1
168, 106, -1
168, 103, -1
168, 110, -1
168, 131, -1
168, 102, -1
168, 105, -1
171, 184, -1
171, 180, -1
163, 184, -1
163, 180, -1
166, 184, -1
166, 180, -1
174, 184, -1
174, 180, -1
168, 184, -1
168, 180, -1
171, 201, -1
171, 207, -1
171, 189, -1
171, 202, -1
171, 185, -1
171, 188, -1
163, 201, -1
163, 207, -1
163, 189, -1
163, 202, -1
163, 185, -1
163, 188, -1
166, 201, -1
166, 207, -1
166, 189, -1
166, 202, -1
166, 185, -1
166, 188, -1
174, 201, -1
174, 207, -1
174, 189, -1
174, 202, -1
174, 185, -1
174, 188, -1
168, 201, -1
168, 207, -1
168, 189, -1
168, 202, -1
168, 185, -1
168, 188, -1
171, 63, -1
163, 63, -1
166, 63, -1
174, 63, -1
168, 63, -1
184, 132, -1
184, 107, -1
184, 108, -1
184, 106, -1
184, 103, -1
184, 110, -1
184, 131, -1
184, 102, -1
184, 105, -1
180, 132, -1
180, 107, -1
180, 108, -1
180, 106, -1
180, 103, -1
180, 110, -1
180, 131, -1
180, 102, -1
180, 105, -1
184, 171, -1
184, 163, -1
184, 166, -1
184, 174, -1
184, 168, -1
180, 171, -1
180, 163, -1
180, 166, -1
180, 174, -1
180, 168, -1
184, 201, -1
184, 207, -1
184, 189, -1
184, 202, -1
184, 185, -1
184, 188, -1
180, 201, -1
180, 207, -1
180, 189, -1
180, 202, -1
180, 185, -1
180, 188, -1
184, 63, -1
180, 63, -1
201, 132, -1
201, 107, -1
201, 108, -1
201, 106, -1
201, 103, -1
201, 110, -1
201, 131, -1
201, 102, -1
201, 105, -1
207, 132, -1
207, 107, -1
207, 108, -1
207, 106, -1
207, 103, -1
207, 110, -1
207, 131, -1
207, 102, -1
207, 105, -1
189, 132, -1
189, 107, -1
189, 108, -1
189, 106, -1
189, 103, -1
189, 110, -1
189, 131, -1
189, 102, -1
189, 105, -1
202, 132, -1
202, 107, -1
202, 108, -1
202, 106, -1
202, 103, -1
202, 110, -1
202, 131, -1
202, 102, -1
202, 105, -1
185, 132, -1
185, 107, -1
185, 108, -1
185, 106, -1
185, 103, -1
185, 110, -1
185, 131, -1
185, 102, -1
185, 105, -1
188, 132, -1
188, 107, -1
188, 108, -1
188, 106, -1
188, 103, -1
188, 110, -1
188, 131, -1
188, 102, -1
188, 105, -1
201, 171, -1
201, 163, -1
201, 166, -1
201, 174, -1
201, 168, -1
207, 171, -1
207, 163, -1
207, 166, -1
207, 174, -1
207, 168, -1
189, 171, -1
189, 163, -1
189, 166, -1
189, 174, -1
189, 168, -1
202, 171, -1
202, 163, -1
202, 166, -1
202, 174, -1
202, 168, -1
185, 171, -1
185, 163, -1
185, 166, -1
185, 174, -1
185, 168, -1
188, 171, -1
188, 163, -1
188, 166, -1
188, 174, -1
188, 168, -1
201, 184, -1
201, 180, -1
207, 184, -1
207, 180, -1
189, 184, -1
189, 180, -1
202, 184, -1
202, 180, -1
185, 184, -1
185, 180, -1
188, 184, -1
188, 180, -1
201, 63, -1
207, 63, -1
189, 63, -1
202, 63, -1
185, 63, -1
188, 63, -1
63, 132, -1
63, 107, -1
63, 108, -1
63, 106, -1
63, 103, -1
63, 110, -1
63, 131, -1
63, 102, -1
63, 105, -1
63, 171, -1
63, 163, -1
63, 166, -1
63, 174, -1
63, 168, -1
63, 184, -1
63, 180, -1
63, 201, -1
63, 207, -1
63, 189, -1
63, 202, -1
63, 185, -1
63, 188, -1

132, 107, 1
132, 108, 1
132, 106, 1
132, 103, 1
132, 110, 1
132, 131, 1
132, 102, 1
132, 105, 1
132, 109, 1
132, 84, 1
132, 112, 1
107, 132, 1
107, 108, 1
107, 106, 1
107, 103, 1
107, 110, 1
107, 131, 1
107, 102, 1
107, 105, 1
107, 109, 1
107, 84, 1
107, 112, 1
108, 132, 1
108, 107, 1
108, 106, 1
108, 103, 1
108, 110, 1
108, 131, 1
108, 102, 1
108, 105, 1
108, 109, 1
108, 84, 1
108, 112, 1
106, 132, 1
106, 107, 1
106, 108, 1
106, 103, 1
106, 110, 1
106, 131, 1
106, 102, 1
106, 105, 1
106, 109, 1
106, 84, 1
106, 112, 1
103, 132, 1
103, 107, 1
103, 108, 1
103, 106, 1
103, 110, 1
103, 131, 1
103, 102, 1
103, 105, 1
103, 109, 1
103, 84, 1
103, 112, 1
110, 132, 1
110, 107, 1
110, 108, 1
110, 106, 1
110, 103, 1
110, 131, 1
110, 102, 1
110, 105, 1
110, 109, 1
110, 84, 1
110, 112, 1
131, 132, 1
131, 107, 1
131, 108, 1
131, 106, 1
131, 103, 1
131, 110, 1
131, 102, 1
131, 105, 1
131, 109, 1
131, 84, 1
131, 112, 1
102, 132, 1
102, 107, 1
102, 108, 1
102, 106, 1
102, 103, 1
102, 110, 1
102, 131, 1
102, 105, 1
102, 109, 1
102, 84, 1
102, 112, 1
105, 132, 1
105, 107, 1
105, 108, 1
105, 106, 1
105, 103, 1
105, 110, 1
105, 131, 1
105, 102, 1
105, 109, 1
105, 84, 1
105, 112, 1
109, 132, 1
109, 107, 1
109, 108, 1
109, 106, 1
109, 103, 1
109, 110, 1
109, 131, 1
109, 102, 1
109, 105, 1
109, 84, 1
109, 112, 1
84, 132, 1
84, 107, 1
84, 108, 1
84, 106, 1
84, 103, 1
84, 110, 1
84, 131, 1
84, 102, 1
84, 105, 1
84, 109, 1
84, 112, 1
112, 132, 1
112, 107, 1
112, 108, 1
112, 106, 1
112, 103, 1
112, 110, 1
112, 131, 1
112, 102, 1
112, 105, 1
112, 109, 1
112, 84, 1
171, 163, 1
171, 166, 1
171, 174, 1
171, 168, 1
163, 171, 1
163, 166, 1
163, 174, 1
163, 168, 1
166, 171, 1
166, 163, 1
166, 174, 1
166, 168, 1
174, 171, 1
174, 163, 1
174, 166, 1
174, 168, 1
168, 171, 1
168, 163, 1
168, 166, 1
168, 174, 1
184, 180, 1
184, 178, 1
180, 184, 1
180, 178, 1
178, 184, 1
178, 180, 1
201, 207, 1
201, 189, 1
201, 202, 1
201, 185, 1
201, 188, 1
201, 186, 1
207, 201, 1
207, 189, 1
207, 202, 1
207, 185, 1
207, 188, 1
207, 186, 1
189, 201, 1
189, 207, 1
189, 202, 1
189, 185, 1
189, 188, 1
189, 186, 1
202, 201, 1
202, 207, 1
202, 189, 1
202, 185, 1
202, 188, 1
202, 186, 1
185, 201, 1
185, 207, 1
185, 189, 1
185, 202, 1
185, 188, 1
185, 186, 1
188, 201, 1
188, 207, 1
188, 189, 1
188, 202, 1
188, 185, 1
188, 186, 1
186, 201, 1
186, 207, 1
186, 189, 1
186, 202, 1
186, 185, 1
186, 188, 1
132, 171, -1
132, 163, -1
132, 166, -1
132, 174, -1
132, 168, -1
107, 171, -1
107, 163, -1
107, 166, -1
107, 174, -1
107, 168, -1
108, 171, -1
108, 163, -1
108, 166, -1
108, 174, -1
108, 168, -1
106, 171, -1
106, 163, -1
106, 166, -1
106, 174, -1
106, 168, -1
103, 171, -1
103, 163, -1
103, 166, -1
103, 174, -1
103, 168, -1
110, 171, -1
110, 163, -1
110, 166, -1
110, 174, -1
110, 168, -1
131, 171, -1
131, 163, -1
131, 166, -1
131, 174, -1
131, 168, -1
102, 171, -1
102, 163, -1
102, 166, -1
102, 174, -1
102, 168, -1
105, 171, -1
105, 163, -1
105, 166, -1
105, 174, -1
105, 168, -1
109, 171, -1
109, 163, -1
109, 166, -1
109, 174, -1
109, 168, -1
84, 171, -1
84, 163, -1
84, 166, -1
84, 174, -1
84, 168, -1
112, 171, -1
112, 163, -1
112, 166, -1
112, 174, -1
112, 168, -1
132, 184, -1
132, 180, -1
132, 178, -1
107, 184, -1
107, 180, -1
107, 178, -1
108, 184, -1
108, 180, -1
108, 178, -1
106, 184, -1
106, 180, -1
106, 178, -1
103, 184, -1
103, 180, -1
103, 178, -1
110, 184, -1
110, 180, -1
110, 178, -1
131, 184, -1
131, 180, -1
131, 178, -1
102, 184, -1
102, 180, -1
102, 178, -1
105, 184, -1
105, 180, -1
105, 178, -1
109, 184, -1
109, 180, -1
109, 178, -1
84, 184, -1
84, 180, -1
84, 178, -1
112, 184, -1
112, 180, -1
112, 178, -1
132, 201, -1
132, 207, -1
132, 189, -1
132, 202, -1
132, 185, -1
132, 188, -1
132, 186, -1
107, 201, -1
107, 207, -1
107, 189, -1
107, 202, -1
107, 185, -1
107, 188, -1
107, 186, -1
108, 201, -1
108, 207, -1
108, 189, -1
108, 202, -1
108, 185, -1
108, 188, -1
108, 186, -1
106, 201, -1
106, 207, -1
106, 189, -1
106, 202, -1
106, 185, -1
106, 188, -1
106, 186, -1
103, 201, -1
103, 207, -1
103, 189, -1
103, 202, -1
103, 185, -1
103, 188, -1
103, 186, -1
110, 201, -1
110, 207, -1
110, 189, -1
110, 202, -1
110, 185, -1
110, 188, -1
110, 186, -1
131, 201, -1
131, 207, -1
131, 189, -1
131, 202, -1
131, 185, -1
131, 188, -1
131, 186, -1
102, 201, -1
102, 207, -1
102, 189, -1
102, 202, -1
102, 185, -1
102, 188, -1
102, 186, -1
105, 201, -1
105, 207, -1
105, 189, -1
105, 202, -1
105, 185, -1
105, 188, -1
105, 186, -1
109, 201, -1
109, 207, -1
109, 189, -1
109, 202, -1
109, 185, -1
109, 188, -1
109, 186, -1
84, 201, -1
84, 207, -1
84, 189, -1
84, 202, -1
84, 185, -1
84, 188, -1
84, 186, -1
112, 201, -1
112, 207, -1
112, 189, -1
112, 202, -1
112, 185, -1
112, 188, -1
112, 186, -1
132, 63, -1
107, 63, -1
108, 63, -1
106, 63, -1
103, 63, -1
110, 63, -1
131, 63, -1
102, 63, -1
105, 63, -1
109, 63, -1
84, 63, -1
112, 63, -1
171, 132, -1
171, 107, -1
171, 108, -1
171, 106, -1
171, 103, -1
171, 110, -1
171, 131, -1
171, 102, -1
171, 105, -1
171, 109, -1
171, 84, -1
171, 112, -1
163, 132, -1
163, 107, -1
163, 108, -1
163, 106, -1
163, 103, -1
163, 110, -1
163, 131, -1
163, 102, -1
163, 105, -1
163, 109, -1
163, 84, -1
163, 112, -1
166, 132, -1
166, 107, -1
166, 108, -1
166, 106, -1
166, 103, -1
166, 110, -1
166, 131, -1
166, 102, -1
166, 105, -1
166, 109, -1
166, 84, -1
166, 112, -1
174, 132, -1
174, 107, -1
174, 108, -1
174, 106, -1
174, 103, -1
174, 110, -1
174, 131, -1
174, 102, -1
174, 105, -1
174, 109, -1
174, 84, -1
174, 112, -1
168, 132, -1
168, 107, -1
168, 108, -1
168, 106, -1
168, 103, -1
168, 110, -1
168, 131, -1
168, 102, -1
168, 105, -1
168, 109, -1
168, 84, -1
168, 112, -1
171, 184, -1
171, 180, -1
171, 178, -1
163, 184, -1
163, 180, -1
163, 178, -1
166, 184, -1
166, 180, -1
166, 178, -1
174, 184, -1
174, 180, -1
174, 178, -1
168, 184, -1
168, 180, -1
168, 178, -1
171, 201, -1
171, 207, -1
171, 189, -1
171, 202, -1
171, 185, -1
171, 188, -1
171, 186, -1
163, 201, -1
163, 207, -1
163, 189, -1
163, 202, -1
163, 185, -1
163, 188, -1
163, 186, -1
166, 201, -1
166, 207, -1
166, 189, -1
166, 202, -1
166, 185, -1
166, 188, -1
166, 186, -1
174, 201, -1
174, 207, -1
174, 189, -1
174, 202, -1
174, 185, -1
174, 188, -1
174, 186, -1
168, 201, -1
168, 207, -1
168, 189, -1
168, 202, -1
168, 185, -1
168, 188, -1
168, 186, -1
171, 63, -1
163, 63, -1
166, 63, -1
174, 63, -1
168, 63, -1
184, 132, -1
184, 107, -1
184, 108, -1
184, 106, -1
184, 103, -1
184, 110, -1
184, 131, -1
184, 102, -1
184, 105, -1
184, 109, -1
184, 84, -1
184, 112, -1
180, 132, -1
180, 107, -1
180, 108, -1
180, 106, -1
180, 103, -1
180, 110, -1
180, 131, -1
180, 102, -1
180, 105, -1
180, 109, -1
180, 84, -1
180, 112, -1
178, 132, -1
178, 107, -1
178, 108, -1
178, 106, -1
178, 103, -1
178, 110, -1
178, 131, -1
178, 102, -1
178, 105, -1
178, 109, -1
178, 84, -1
178, 112, -1
184, 171, -1
184, 163, -1
184, 166, -1
184, 174, -1
184, 168, -1
180, 171, -1
180, 163, -1
180, 166, -1
180, 174, -1
180, 168, -1
178, 171, -1
178, 163, -1
178, 166, -1
178, 174, -1
178, 168, -1
184, 201, -1
184, 207, -1
184, 189, -1
184, 202, -1
184, 185, -1
184, 188, -1
184, 186, -1
180, 201, -1
180, 207, -1
180, 189, -1
180, 202, -1
180, 185, -1
180, 188, -1
180, 186, -1
178, 201, -1
178, 207, -1
178, 189, -1
178, 202, -1
178, 185, -1
178, 188, -1
178, 186, -1
184, 63, -1
180, 63, -1
178, 63, -1
201, 132, -1
201, 107, -1
201, 108, -1
201, 106, -1
201, 103, -1
201, 110, -1
201, 131, -1
201, 102, -1
201, 105, -1
201, 109, -1
201, 84, -1
201, 112, -1
207, 132, -1
207, 107, -1
207, 108, -1
207, 106, -1
207, 103, -1
207, 110, -1
207, 131, -1
207, 102, -1
207, 105, -1
207, 109, -1
207, 84, -1
207, 112, -1
189, 132, -1
189, 107, -1
189, 108, -1
189, 106, -1
189, 103, -1
189, 110, -1
189, 131, -1
189, 102, -1
189, 105, -1
189, 109, -1
189, 84, -1
189, 112, -1
202, 132, -1
202, 107, -1
202, 108, -1
202, 106, -1
202, 103, -1
202, 110, -1
202, 131, -1
202, 102, -1
202, 105, -1
202, 109, -1
202, 84, -1
202, 112, -1
185, 132, -1
185, 107, -1
185, 108, -1
185, 106, -1
185, 103, -1
185, 110, -1
185, 131, -1
185, 102, -1
185, 105, -1
185, 109, -1
185, 84, -1
185, 112, -1
188, 132, -1
188, 107, -1
188, 108, -1
188, 106, -1
188, 103, -1
188, 110, -1
188, 131, -1
188, 102, -1
188, 105, -1
188, 109, -1
188, 84, -1
188, 112, -1
186, 132, -1
186, 107, -1
186, 108, -1
186, 106, -1
186, 103, -1
186, 110, -1
186, 131, -1
186, 102, -1
186, 105, -1
186, 109, -1
186, 84, -1
186, 112, -1
201, 171, -1
201, 163, -1
201, 166, -1
201, 174, -1
201, 168, -1
207, 171, -1
207, 163, -1
207, 166, -1
207, 174, -1
207, 168, -1
189, 171, -1
189, 163, -1
189, 166, -1
189, 174, -1
189, 168, -1
202, 171, -1
202, 163, -1
202, 166, -1
202, 174, -1
202, 168, -1
185, 171, -1
185, 163, -1
185, 166, -1
185, 174, -1
185, 168, -1
188, 171, -1
188, 163, -1
188, 166, -1
188, 174, -1
188, 168, -1
186, 171, -1
186, 163, -1
186, 166, -1
186, 174, -1
186, 168, -1
201, 184, -1
201, 180, -1
201, 178, -1
207, 184, -1
207, 180, -1
207, 178, -1
189, 184, -1
189, 180, -1
189, 178, -1
202, 184, -1
202, 180, -1
202, 178, -1
185, 184, -1
185, 180, -1
185, 178, -1
188, 184, -1
188, 180, -1
188, 178, -1
186, 184, -1
186, 180, -1
186, 178, -1
201, 63, -1
207, 63, -1
189, 63, -1
202, 63, -1
185, 63, -1
188, 63, -1
186, 63, -1
63, 132, -1
63, 107, -1
63, 108, -1
63, 106, -1
63, 103, -1
63, 110, -1
63, 131, -1
63, 102, -1
63, 105, -1
63, 109, -1
63, 84, -1
63, 112, -1
63, 171, -1
63, 163, -1
63, 166, -1
63, 174, -1
63, 168, -1
63, 184, -1
63, 180, -1
63, 178, -1
63, 201, -1
63, 207, -1
63, 189, -1
63, 202, -1
63, 185, -1
63, 188, -1
63, 186, -1

132, 107, 1
132, 108, 1
132, 106, 1
132, 103, 1
132, 110, 1
132, 131, 1
132, 102, 1
132, 105, 1
132, 109, 1
132, 84, 1
132, 112, 1
132, 129, 1
107, 132, 1
107, 108, 1
107, 106, 1
107, 103, 1
107, 110, 1
107, 131, 1
107, 102, 1
107, 105, 1
107, 109, 1
107, 84, 1
107, 112, 1
107, 129, 1
108, 132, 1
108, 107, 1
108, 106, 1
108, 103, 1
108, 110, 1
108, 131, 1
108, 102, 1
108, 105, 1
108, 109, 1
108, 84, 1
108, 112, 1
108, 129, 1
106, 132, 1
106, 107, 1
106, 108, 1
106, 103, 1
106, 110, 1
106, 131, 1
106, 102, 1
106, 105, 1
106, 109, 1
106, 84, 1
106, 112, 1
106, 129, 1
103, 132, 1
103, 107, 1
103, 108, 1
103, 106, 1
103, 110, 1
103, 131, 1
103, 102, 1
103, 105, 1
103, 109, 1
103, 84, 1
103, 112, 1
103, 129, 1
110, 132, 1
110, 107, 1
110, 108, 1
110, 106, 1
110, 103, 1
110, 131, 1
110, 102, 1
110, 105, 1
110, 109, 1
110, 84, 1
110, 112, 1
110, 129, 1
131, 132, 1
131, 107, 1
131, 108, 1
131, 106, 1
131, 103, 1
131, 110, 1
131, 102, 1
131, 105, 1
131, 109, 1
131, 84, 1
131, 112, 1
131, 129, 1
102, 132, 1
102, 107, 1
102, 108, 1
102, 106, 1
102, 103, 1
102, 110, 1
102, 131, 1
102, 105, 1
102, 109, 1
102, 84, 1
102, 112, 1
102, 129, 1
105, 132, 1
105, 107, 1
105, 108, 1
105, 106, 1
105, 103, 1
105, 110, 1
105, 131, 1
105, 102, 1
105, 109, 1
105, 84, 1
105, 112, 1
105, 129, 1
109, 132, 1
109, 107, 1
109, 108, 1
109, 106, 1
109, 103, 1
109, 110, 1
109, 131, 1
109, 102, 1
109, 105, 1
109, 84, 1
109, 112, 1
109, 129, 1
84, 132, 1
84, 107, 1
84, 108, 1
84, 106, 1
84, 103, 1
84, 110, 1
84, 131, 1
84, 102, 1
84, 105, 1
84, 109, 1
84, 112, 1
84, 129, 1
112, 132, 1
112, 107, 1
112, 108, 1
112, 106, 1
112, 103, 1
112, 110, 1
112, 131, 1
112, 102, 1
112, 105, 1
112, 109, 1
112, 84, 1
112, 129, 1
129, 132, 1
129, 107, 1
129, 108, 1
129, 106, 1
129, 103, 1
129, 110, 1
129, 131, 1
129, 102, 1
129, 105, 1
129, 109, 1
129, 84, 1
129, 112, 1
171, 163, 1
171, 166, 1
171, 174, 1
171, 168, 1
171, 175, 1
163, 171, 1
163, 166, 1
163, 174, 1
163, 168, 1
163, 175, 1
166, 171, 1
166, 163, 1
166, 174, 1
166, 168, 1
166, 175, 1
174, 171, 1
174, 163, 1
174, 166, 1
174, 168, 1
174, 175, 1
168, 171, 1
168, 163, 1
168, 166, 1
168, 174, 1
168, 175, 1
175, 171, 1
175, 163, 1
175, 166, 1
175, 174, 1
175, 168, 1
184, 180, 1
184, 178, 1
184, 181, 1
180, 184, 1
180, 178, 1
180, 181, 1
178, 184, 1
178, 180, 1
178, 181, 1
181, 184, 1
181, 180, 1
181, 178, 1
201, 207, 1
201, 189, 1
201, 202, 1
201, 185, 1
201, 188, 1
201, 186, 1
201, 209, 1
207, 201, 1
207, 189, 1
207, 202, 1
207, 185, 1
207, 188, 1
207, 186, 1
207, 209, 1
189, 201, 1
189, 207, 1
189, 202, 1
189, 185, 1
189, 188, 1
189, 186, 1
189, 209, 1
202, 201, 1
202, 207, 1
202, 189, 1
202, 185, 1
202, 188, 1
202, 186, 1
202, 209, 1
185, 201, 1
185, 207, 1
185, 189, 1
185, 202, 1
185, 188, 1
185, 186, 1
185, 209, 1
188, 201, 1
188, 207, 1
188, 189, 1
188, 202, 1
188, 185, 1
188, 186, 1
188, 209, 1
186, 201, 1
186, 207, 1
186, 189, 1
186, 202, 1
186, 185, 1
186, 188, 1
186, 209, 1
209, 201, 1
209, 207, 1
209, 189, 1
209, 202, 1
209, 185, 1
209, 188, 1
209, 186, 1
132, 171, -1
132, 163, -1
132, 166, -1
132, 174, -1
132, 168, -1
132, 175, -1
107, 171, -1
107, 163, -1
107, 166, -1
107, 174, -1
107, 168, -1
107, 175, -1
108, 171, -1
108, 163, -1
108, 166, -1
108, 174, -1
108, 168, -1
108, 175, -1
106, 171, -1
106, 163, -1
106, 166, -1
106, 174, -1
106, 168, -1
106, 175, -1
103, 171, -1
103, 163, -1
103, 166, -1
103, 174, -1
103, 168, -1
103, 175, -1
110, 171, -1
110, 163, -1
110, 166, -1
110, 174, -1
110, 168, -1
110, 175, -1
131, 171, -1
131, 163, -1
131, 166, -1
131, 174, -1
131, 168, -1
131, 175, -1
102, 171, -1
102, 163, -1
102, 166, -1
102, 174, -1
102, 168, -1
102, 175, -1
105, 171, -1
105, 163, -1
105, 166, -1
105, 174, -1
105, 168, -1
105, 175, -1
109, 171, -1
109, 163, -1
109, 166, -1
109, 174, -1
109, 168, -1
109, 175, -1
84, 171, -1
84, 163, -1
84, 166, -1
84, 174, -1
84, 168, -1
84, 175, -1
112, 171, -1
112, 163, -1
112, 166, -1
112, 174, -1
112, 168, -1
112, 175, -1
129, 171, -1
129, 163, -1
129, 166, -1
129, 174, -1
129, 168, -1
129, 175, -1
132, 184, -1
132, 180, -1
132, 178, -1
132, 181, -1
107, 184, -1
107, 180, -1
107, 178, -1
107, 181, -1
108, 184, -1
108, 180, -1
108, 178, -1
108, 181, -1
106, 184, -1
106, 180, -1
106, 178, -1
106, 181, -1
103, 184, -1
103, 180, -1
103, 178, -1
103, 181, -1
110, 184, -1
110, 180, -1
110, 178, -1
110, 181, -1
131, 184, -1
131, 180, -1
131, 178, -1
131, 181, -1
102, 184, -1
102, 180, -1
102, 178, -1
102, 181, -1
105, 184, -1
105, 180, -1
105, 178, -1
105, 181, -1
109, 184, -1
109, 180, -1
109, 178, -1
109, 181, -1
84, 184, -1
84, 180, -1
84, 178, -1
84, 181, -1
112, 184, -1
112, 180, -1
112, 178, -1
112, 181, -1
129, 184, -1
129, 180, -1
129, 178, -1
129, 181, -1
132, 201, -1
132, 207, -1
132, 189, -1
132, 202, -1
132, 185, -1
132, 188, -1
132, 186, -1
132, 209, -1
107, 201, -1
107, 207, -1
107, 189, -1
107, 202, -1
107, 185, -1
107, 188, -1
107, 186, -1
107, 209, -1
108, 201, -1
108, 207, -1
108, 189, -1
108, 202, -1
108, 185, -1
108, 188, -1
108, 186, -1
108, 209, -1
106, 201, -1
106, 207, -1
106, 189, -1
106, 202, -1
106, 185, -1
106, 188, -1
106, 186, -1
106, 209, -1
103, 201, -1
103, 207, -1
103, 189, -1
103, 202, -1
103, 185, -1
103, 188, -1
103, 186, -1
103, 209, -1
110, 201, -1
110, 207, -1
110, 189, -1
110, 202, -1
110, 185, -1
110, 188, -1
110, 186, -1
110, 209, -1
131, 201, -1
131, 207, -1
131, 189, -1
131, 202, -1
131, 185, -1
131, 188, -1
131, 186, -1
131, 209, -1
102, 201, -1
102, 207, -1
102, 189, -1
102, 202, -1
102, 185, -1
102, 188, -1
102, 186, -1
102, 209, -1
105, 201, -1
105, 207, -1
105, 189, -1
105, 202, -1
105, 185, -1
105, 188, -1
105, 186, -1
105, 209, -1
109, 201, -1
109, 207, -1
109, 189, -1
109, 202, -1
109, 185, -1
109, 188, -1
109, 186, -1
109, 209, -1
84, 201, -1
84, 207, -1
84, 189, -1
84, 202, -1
84, 185, -1
84, 188, -1
84, 186, -1
84, 209, -1
112, 201, -1
112, 207, -1
112, 189, -1
112, 202, -1
112, 185, -1
112, 188, -1
112, 186, -1
112, 209, -1
129, 201, -1
129, 207, -1
129, 189, -1
129, 202, -1
129, 185, -1
129, 188, -1
129, 186, -1
129, 209, -1
132, 63, -1
107, 63, -1
108, 63, -1
106, 63, -1
103, 63, -1
110, 63, -1
131, 63, -1
102, 63, -1
105, 63, -1
109, 63, -1
84, 63, -1
112, 63, -1
129, 63, -1
171, 132, -1
171, 107, -1
171, 108, -1
171, 106, -1
171, 103, -1
171, 110, -1
171, 131, -1
171, 102, -1
171, 105, -1
171, 109, -1
171, 84, -1
171, 112, -1
171, 129, -1
163, 132, -1
163, 107, -1
163, 108, -1
163, 106, -1
163, 103, -1
163, 110, -1
163, 131, -1
163, 102, -1
163, 105, -1
163, 109, -1
163, 84, -1
163, 112, -1
163, 129, -1
166, 132, -1
166, 107, -1
166, 108, -1
166, 106, -1
166, 103, -1
166, 110, -1
166, 131, -1
166, 102, -1
166, 105, -1
166, 109, -1
166, 84, -1
166, 112, -1
166, 129, -1
174, 132, -1
174, 107, -1
174, 108, -1
174, 106, -1
174, 103, -1
174, 110, -1
174, 131, -1
174, 102, -1
174, 105, -1
174, 109, -1
174, 84, -1
174, 112, -1
174, 129, -1
168, 132, -1
168, 107, -1
168, 108, -1
168, 106, -1
168, 103, -1
168, 110, -1
168, 131, -1
168, 102, -1
168, 105, -1
168, 109, -1
168, 84, -1
168, 112, -1
168, 129, -1
175, 132, -1
175, 107, -1
175, 108, -1
175, 106, -1
175, 103, -1
175, 110, -1
175, 131, -1
175, 102, -1
175, 105, -1
175, 109, -1
175, 84, -1
175, 112, -1
175, 129, -1
171, 184, -1
171, 180, -1
171, 178, -1
171, 181, -1
163, 184, -1
163, 180, -1
163, 178, -1
163, 181, -1
166, 184, -1
166, 180, -1
166, 178, -1
166, 181, -1
174, 184, -1
174, 180, -1
174, 178, -1
174, 181, -1
168, 184, -1
168, 180, -1
168, 178, -1
168, 181, -1
175, 184, -1
175, 180, -1
175, 178, -1
175, 181, -1
171, 201, -1
171, 207, -1
171, 189, -1
171, 202, -1
171, 185, -1
171, 188, -1
171, 186, -1
171, 209, -1
163, 201, -1
163, 207, -1
163, 189, -1
163, 202, -1
163, 185, -1
163, 188, -1
163, 186, -1
163, 209, -1
166, 201, -1
166, 207, -1
166, 189, -1
166, 202, -1
166, 185, -1
166, 188, -1
166, 186, -1
166, 209, -1
174, 201, -1
174, 207, -1
174, 189, -1
174, 202, -1
174, 185, -1
174, 188, -1
174, 186, -1
174, 209, -1
168, 201, -1
168, 207, -1
168, 189, -1
168, 202, -1
168, 185, -1
168, 188, -1
168, 186, -1
168, 209, -1
175, 201, -1
175, 207, -1
175, 189, -1
175, 202, -1
175, 185, -1
175, 188, -1
175, 186, -1
175, 209, -1
171, 63, -1
163, 63, -1
166, 63, -1
174, 63, -1
168, 63, -1
175, 63, -1
184, 132, -1
184, 107, -1
184, 108, -1
184, 106, -1
184, 103, -1
184, 110, -1
184, 131, -1
184, 102, -1
184, 105, -1
184, 109, -1
184, 84, -1
184, 112, -1
184, 129, -1
180, 132, -1
180, 107, -1
180, 108, -1
180, 106, -1
180, 103, -1
180, 110, -1
180, 131, -1
180, 102, -1
180, 105, -1
180, 109, -1
180, 84, -1
180, 112, -1
180, 129, -1
178, 132, -1
178, 107, -1
178, 108, -1
178, 106, -1
178, 103, -1
178, 110, -1
178, 131, -1
178, 102, -1
178, 105, -1
178, 109, -1
178, 84, -1
178, 112, -1
178, 129, -1
181, 132, -1
181, 107, -1
181, 108, -1
181, 106, -1
181, 103, -1
181, 110, -1
181, 131, -1
181, 102, -1
181, 105, -1
181, 109, -1
181, 84, -1
181, 112, -1
181, 129, -1
184, 171, -1
184, 163, -1
184, 166, -1
184, 174, -1
184, 168, -1
184, 175, -1
180, 171, -1
180, 163, -1
180, 166, -1
180, 174, -1
180, 168, -1
180, 175, -1
178, 171, -1
178, 163, -1
178, 166, -1
178, 174, -1
178, 168, -1
178, 175, -1
181, 171, -1
181, 163, -1
181, 166, -1
181, 174, -1
181, 168, -1
181, 175, -1
184, 201, -1
184, 207, -1
184, 189, -1
184, 202, -1
184, 185, -1
184, 188, -1
184, 186, -1
184, 209, -1
180, 201, -1
180, 207, -1
180, 189, -1
180, 202, -1
180, 185, -1
180, 188, -1
180, 186, -1
180, 209, -1
178, 201, -1
178, 207, -1
178, 189, -1
178, 202, -1
178, 185, -1
178, 188, -1
178, 186, -1
178, 209, -1
181, 201, -1
181, 207, -1
181, 189, -1
181, 202, -1
181, 185, -1
181, 188, -1
181, 186, -1
181, 209, -1
184, 63, -1
180, 63, -1
178, 63, -1
181, 63, -1
201, 132, -1
201, 107, -1
201, 108, -1
201, 106, -1
201, 103, -1
201, 110, -1
201, 131, -1
201, 102, -1
201, 105, -1
201, 109, -1
201, 84, -1
201, 112, -1
201, 129, -1
207, 132, -1
207, 107, -1
207, 108, -1
207, 106, -1
207, 103, -1
207, 110, -1
207, 131, -1
207, 102, -1
207, 105, -1
207, 109, -1
207, 84, -1
207, 112, -1
207, 129, -1
189, 132, -1
189, 107, -1
189, 108, -1
189, 106, -1
189, 103, -1
189, 110, -1
189, 131, -1
189, 102, -1
189, 105, -1
189, 109, -1
189, 84, -1
189, 112, -1
189, 129, -1
202, 132, -1
202, 107, -1
202, 108, -1
202, 106, -1
202, 103, -1
202, 110, -1
202, 131, -1
202, 102, -1
202, 105, -1
202, 109, -1
202, 84, -1
202, 112, -1
202, 129, -1
185, 132, -1
185, 107, -1
185, 108, -1
185, 106, -1
185, 103, -1
185, 110, -1
185, 131, -1
185, 102, -1
185, 105, -1
185, 109, -1
185, 84, -1
185, 112, -1
185, 129, -1
188, 132, -1
188, 107, -1
188, 108, -1
188, 106, -1
188, 103, -1
188, 110, -1
188, 131, -1
188, 102, -1
188, 105, -1
188, 109, -1
188, 84, -1
188, 112, -1
188, 129, -1
186, 132, -1
186, 107, -1
186, 108, -1
186, 106, -1
186, 103, -1
186, 110, -1
186, 131, -1
186, 102, -1
186, 105, -1
186, 109, -1
186, 84, -1
186, 112, -1
186, 129, -1
209, 132, -1
209, 107, -1
209, 108, -1
209, 106, -1
209, 103, -1
209, 110, -1
209, 131, -1
209, 102, -1
209, 105, -1
209, 109, -1
209, 84, -1
209, 112, -1
209, 129, -1
201, 171, -1
201, 163, -1
201, 166, -1
201, 174, -1
201, 168, -1
201, 175, -1
207, 171, -1
207, 163, -1
207, 166, -1
207, 174, -1
207, 168, -1
207, 175, -1
189, 171, -1
189, 163, -1
189, 166, -1
189, 174, -1
189, 168, -1
189, 175, -1
202, 171, -1
202, 163, -1
202, 166, -1
202, 174, -1
202, 168, -1
202, 175, -1
185, 171, -1
185, 163, -1
185, 166, -1
185, 174, -1
185, 168, -1
185, 175, -1
188, 171, -1
188, 163, -1
188, 166, -1
188, 174, -1
188, 168, -1
188, 175, -1
186, 171, -1
186, 163, -1
186, 166, -1
186, 174, -1
186, 168, -1
186, 175, -1
209, 171, -1
209, 163, -1
209, 166, -1
209, 174, -1
209, 168, -1
209, 175, -1
201, 184, -1
201, 180, -1
201, 178, -1
201, 181, -1
207, 184, -1
207, 180, -1
207, 178, -1
207, 181, -1
189, 184, -1
189, 180, -1
189, 178, -1
189, 181, -1
202, 184, -1
202, 180, -1
202, 178, -1
202, 181, -1
185, 184, -1
185, 180, -1
185, 178, -1
185, 181, -1
188, 184, -1
188, 180, -1
188, 178, -1
188, 181, -1
186, 184, -1
186, 180, -1
186, 178, -1
186, 181, -1
209, 184, -1
209, 180, -1
209, 178, -1
209, 181, -1
201, 63, -1
207, 63, -1
189, 63, -1
202, 63, -1
185, 63, -1
188, 63, -1
186, 63, -1
209, 63, -1
63, 132, -1
63, 107, -1
63, 108, -1
63, 106, -1
63, 103, -1
63, 110, -1
63, 131, -1
63, 102, -1
63, 105, -1
63, 109, -1
63, 84, -1
63, 112, -1
63, 129, -1
63, 171, -1
63, 163, -1
63, 166, -1
63, 174, -1
63, 168, -1
63, 175, -1
63, 184, -1
63, 180, -1
63, 178, -1
63, 181, -1
63, 201, -1
63, 207, -1
63, 189, -1
63, 202, -1
63, 185, -1
63, 188, -1
63, 186, -1
63, 209, -1

132, 107, 1
132, 108, 1
132, 106, 1
132, 103, 1
132, 110, 1
132, 131, 1
132, 102, 1
132, 105, 1
132, 109, 1
132, 84, 1
132, 112, 1
132, 129, 1
107, 132, 1
107, 108, 1
107, 106, 1
107, 103, 1
107, 110, 1
107, 131, 1
107, 102, 1
107, 105, 1
107, 109, 1
107, 84, 1
107, 112, 1
107, 129, 1
108, 132, 1
108, 107, 1
108, 106, 1
108, 103, 1
108, 110, 1
108, 131, 1
108, 102, 1
108, 105, 1
108, 109, 1
108, 84, 1
108, 112, 1
108, 129, 1
106, 132, 1
106, 107, 1
106, 108, 1
106, 103, 1
106, 110, 1
106, 131, 1
106, 102, 1
106, 105, 1
106, 109, 1
106, 84, 1
106, 112, 1
106, 129, 1
103, 132, 1
103, 107, 1
103, 108, 1
103, 106, 1
103, 110, 1
103, 131, 1
103, 102, 1
103, 105, 1
103, 109, 1
103, 84, 1
103, 112, 1
103, 129, 1
110, 132, 1
110, 107, 1
110, 108, 1
110, 106, 1
110, 103, 1
110, 131, 1
110, 102, 1
110, 105, 1
110, 109, 1
110, 84, 1
110, 112, 1
110, 129, 1
131, 132, 1
131, 107, 1
131, 108, 1
131, 106, 1
131, 103, 1
131, 110, 1
131, 102, 1
131, 105, 1
131, 109, 1
131, 84, 1
131, 112, 1
131, 129, 1
102, 132, 1
102, 107, 1
102, 108, 1
102, 106, 1
102, 103, 1
102, 110, 1
102, 131, 1
102, 105, 1
102, 109, 1
102, 84, 1
102, 112, 1
102, 129, 1
105, 132, 1
105, 107, 1
105, 108, 1
105, 106, 1
105, 103, 1
105, 110, 1
105, 131, 1
105, 102, 1
105, 109, 1
105, 84, 1
105, 112, 1
105, 129, 1
109, 132, 1
109, 107, 1
109, 108, 1
109, 106, 1
109, 103, 1
109, 110, 1
109, 131, 1
109, 102, 1
109, 105, 1
109, 84, 1
109, 112, 1
109, 129, 1
84, 132, 1
84, 107, 1
84, 108, 1
84, 106, 1
84, 103, 1
84, 110, 1
84, 131, 1
84, 102, 1
84, 105, 1
84, 109, 1
84, 112, 1
84, 129, 1
112, 132, 1
112, 107, 1
112, 108, 1
112, 106, 1
112, 103, 1
112, 110, 1
112, 131, 1
112, 102, 1
112, 105, 1
112, 109, 1
112, 84, 1
112, 129, 1
129, 132, 1
129, 107, 1
129, 108, 1
129, 106, 1
129, 103, 1
129, 110, 1
129, 131, 1
129, 102, 1
129, 105, 1
129, 109, 1
129, 84, 1
129, 112, 1
171, 163, 1
171, 166, 1
171, 174, 1
171, 168, 1
171, 175, 1
163, 171, 1
163, 166, 1
163, 174, 1
163, 168, 1
163, 175, 1
166, 171, 1
166, 163, 1
166, 174, 1
166, 168, 1
166, 175, 1
174, 171, 1
174, 163, 1
174, 166, 1
174, 168, 1
174, 175, 1
168, 171, 1
168, 163, 1
168, 166, 1
168, 174, 1
168, 175, 1
175, 171, 1
175, 163, 1
175, 166, 1
175, 174, 1
175, 168, 1
184, 180, 1
184, 178, 1
184, 181, 1
180, 184, 1
180, 178, 1
180, 181, 1
178, 184, 1
178, 180, 1
178, 181, 1
181, 184, 1
181, 180, 1
181, 178, 1
201, 207, 1
201, 189, 1
201, 202, 1
201, 185, 1
201, 188, 1
201, 186, 1
201, 209, 1
207, 201, 1
207, 189, 1
207, 202, 1
207, 185, 1
207, 188, 1
207, 186, 1
207, 209, 1
189, 201, 1
189, 207, 1
189, 202, 1
189, 185, 1
189, 188, 1
189, 186, 1
189, 209, 1
202, 201, 1
202, 207, 1
202, 189, 1
202, 185, 1
202, 188, 1
202, 186, 1
202, 209, 1
185, 201, 1
185, 207, 1
185, 189, 1
185, 202, 1
185, 188, 1
185, 186, 1
185, 209, 1
188, 201, 1
188, 207, 1
188, 189, 1
188, 202, 1
188, 185, 1
188, 186, 1
188, 209, 1
186, 201, 1
186, 207, 1
186, 189, 1
186, 202, 1
186, 185, 1
186, 188, 1
186, 209, 1
209, 201, 1
209, 207, 1
209, 189, 1
209, 202, 1
209, 185, 1
209, 188, 1
209, 186, 1
63, 67, 1
67, 63, 1
132, 171, -1
132, 163, -1
132, 166, -1
132, 174, -1
132, 168, -1
132, 175, -1
107, 171, -1
107, 163, -1
107, 166, -1
107, 174, -1
107, 168, -1
107, 175, -1
108, 171, -1
108, 163, -1
108, 166, -1
108, 174, -1
108, 168, -1
108, 175, -1
106, 171, -1
106, 163, -1
106, 166, -1
106, 174, -1
106, 168, -1
106, 175, -1
103, 171, -1
103, 163, -1
103, 166, -1
103, 174, -1
103, 168, -1
103, 175, -1
110, 171, -1
110, 163, -1
110, 166, -1
110, 174, -1
110, 168, -1
110, 175, -1
131, 171, -1
131, 163, -1
131, 166, -1
131, 174, -1
131, 168, -1
131, 175, -1
102, 171, -1
102, 163, -1
102, 166, -1
102, 174, -1
102, 168, -1
102, 175, -1
105, 171, -1
105, 163, -1
105, 166, -1
105, 174, -1
105, 168, -1
105, 175, -1
109, 171, -1
109, 163, -1
109, 166, -1
109, 174, -1
109, 168, -1
109, 175, -1
84, 171, -1
84, 163, -1
84, 166, -1
84, 174, -1
84, 168, -1
84, 175, -1
112, 171, -1
112, 163, -1
112, 166, -1
112, 174, -1
112, 168, -1
112, 175, -1
129, 171, -1
129, 163, -1
129, 166, -1
129, 174, -1
129, 168, -1
129, 175, -1
132, 184, -1
132, 180, -1
132, 178, -1
132, 181, -1
107, 184, -1
107, 180, -1
107, 178, -1
107, 181, -1
108, 184, -1
108, 180, -1
108, 178, -1
108, 181, -1
106, 184, -1
106, 180, -1
106, 178, -1
106, 181, -1
103, 184, -1
103, 180, -1
103, 178, -1
103, 181, -1
110, 184, -1
110, 180, -1
110, 178, -1
110, 181, -1
131, 184, -1
131, 180, -1
131, 178, -1
131, 181, -1
102, 184, -1
102, 180, -1
102, 178, -1
102, 181, -1
105, 184, -1
105, 180, -1
105, 178, -1
105, 181, -1
109, 184, -1
109, 180, -1
109, 178, -1
109, 181, -1
84, 184, -1
84, 180, -1
84, 178, -1
84, 181, -1
112, 184, -1
112, 180, -1
112, 178, -1
112, 181, -1
129, 184, -1
129, 180, -1
129, 178, -1
129, 181, -1
132, 201, -1
132, 207, -1
132, 189, -1
132, 202, -1
132, 185, -1
132, 188, -1
132, 186, -1
132, 209, -1
107, 201, -1
107, 207, -1
107, 189, -1
107, 202, -1
107, 185, -1
107, 188, -1
107, 186, -1
107, 209, -1
108, 201, -1
108, 207, -1
108, 189, -1
108, 202, -1
108, 185, -1
108, 188, -1
108, 186, -1
108, 209, -1
106, 201, -1
106, 207, -1
106, 189, -1
106, 202, -1
106, 185, -1
106, 188, -1
106, 186, -1
106, 209, -1
103, 201, -1
103, 207, -1
103, 189, -1
103, 202, -1
103, 185, -1
103, 188, -1
103, 186, -1
103, 209, -1
110, 201, -1
110, 207, -1
110, 189, -1
110, 202, -1
110, 185, -1
110, 188, -1
110, 186, -1
110, 209, -1
131, 201, -1
131, 207, -1
131, 189, -1
131, 202, -1
131, 185, -1
131, 188, -1
131, 186, -1
131, 209, -1
102, 201, -1
102, 207, -1
102, 189, -1
102, 202, -1
102, 185, -1
102, 188, -1
102, 186, -1
102, 209, -1
105, 201, -1
105, 207, -1
105, 189, -1
105, 202, -1
105, 185, -1
105, 188, -1
105, 186, -1
105, 209, -1
109, 201, -1
109, 207, -1
109, 189, -1
109, 202, -1
109, 185, -1
109, 188, -1
109, 186, -1
109, 209, -1
84, 201, -1
84, 207, -1
84, 189, -1
84, 202, -1
84, 185, -1
84, 188, -1
84, 186, -1
84, 209, -1
112, 201, -1
112, 207, -1
112, 189, -1
112, 202, -1
112, 185, -1
112, 188, -1
112, 186, -1
112, 209, -1
129, 201, -1
129, 207, -1
129, 189, -1
129, 202, -1
129, 185, -1
129, 188, -1
129, 186, -1
129, 209, -1
132, 63, -1
132, 67, -1
107, 63, -1
107, 67, -1
108, 63, -1
108, 67, -1
106, 63, -1
106, 67, -1
103, 63, -1
103, 67, -1
110, 63, -1
110, 67, -1
131, 63, -1
131, 67, -1
102, 63, -1
102, 67, -1
105, 63, -1
105, 67, -1
109, 63, -1
109, 67, -1
84, 63, -1
84, 67, -1
112, 63, -1
112, 67, -1
129, 63, -1
129, 67, -1
132, 149, -1
107, 149, -1
108, 149, -1
106, 149, -1
103, 149, -1
110, 149, -1
131, 149, -1
102, 149, -1
105, 149, -1
109, 149, -1
84, 149, -1
112, 149, -1
129, 149, -1
171, 132, -1
171, 107, -1
171, 108, -1
171, 106, -1
171, 103, -1
171, 110, -1
171, 131, -1
171, 102, -1
171, 105, -1
171, 109, -1
171, 84, -1
171, 112, -1
171, 129, -1
163, 132, -1
163, 107, -1
163, 108, -1
163, 106, -1
163, 103, -1
163, 110, -1
163, 131, -1
163, 102, -1
163, 105, -1
163, 109, -1
163, 84, -1
163, 112, -1
163, 129, -1
166, 132, -1
166, 107, -1
166, 108, -1
166, 106, -1
166, 103, -1
166, 110, -1
166, 131, -1
166, 102, -1
166, 105, -1
166, 109, -1
166, 84, -1
166, 112, -1
166, 129, -1
174, 132, -1
174, 107, -1
174, 108, -1
174, 106, -1
174, 103, -1
174, 110, -1
174, 131, -1
174, 102, -1
174, 105, -1
174, 109, -1
174, 84, -1
174, 112, -1
174, 129, -1
168, 132, -1
168, 107, -1
168, 108, -1
168, 106, -1
168, 103, -1
168, 110, -1
168, 131, -1
168, 102, -1
168, 105, -1
168, 109, -1
168, 84, -1
168, 112, -1
168, 129, -1
175, 132, -1
175, 107, -1
175, 108, -1
175, 106, -1
175, 103, -1
175, 110, -1
175, 131, -1
175, 102, -1
175, 105, -1
175, 109, -1
175, 84, -1
175, 112, -1
175, 129, -1
171, 184, -1
171, 180, -1
171, 178, -1
171, 181, -1
163, 184, -1
163, 180, -1
163, 178, -1
163, 181, -1
166, 184, -1
166, 180, -1
166, 178, -1
166, 181, -1
174, 184, -1
174, 180, -1
174, 178, -1
174, 181, -1
168, 184, -1
168, 180, -1
168, 178, -1
168, 181, -1
175, 184, -1
175, 180, -1
175, 178, -1
175, 181, -1
171, 201, -1
171, 207, -1
171, 189, -1
171, 202, -1
171, 185, -1
171, 188, -1
171, 186, -1
171, 209, -1
163, 201, -1
163, 207, -1
163, 189, -1
163, 202, -1
163, 185, -1
163, 188, -1
163, 186, -1
163, 209, -1
166, 201, -1
166, 207, -1
166, 189, -1
166, 202, -1
166, 185, -1
166, 188, -1
166, 186, -1
166, 209, -1
174, 201, -1
174, 207, -1
174, 189, -1
174, 202, -1
174, 185, -1
174, 188, -1
174, 186, -1
174, 209, -1
168, 201, -1
168, 207, -1
168, 189, -1
168, 202, -1
168, 185, -1
168, 188, -1
168, 186, -1
168, 209, -1
175, 201, -1
175, 207, -1
175, 189, -1
175, 202, -1
175, 185, -1
175, 188, -1
175, 186, -1
175, 209, -1
171, 63, -1
171, 67, -1
163, 63, -1
163, 67, -1
166, 63, -1
166, 67, -1
174, 63, -1
174, 67, -1
168, 63, -1
168, 67, -1
175, 63, -1
175, 67, -1
171, 149, -1
163, 149, -1
166, 149, -1
174, 149, -1
168, 149, -1
175, 149, -1
184, 132, -1
184, 107, -1
184, 108, -1
184, 106, -1
184, 103, -1
184, 110, -1
184, 131, -1
184, 102, -1
184, 105, -1
184, 109, -1
184, 84, -1
184, 112, -1
184, 129, -1
180, 132, -1
180, 107, -1
180, 108, -1
180, 106, -1
180, 103, -1
180, 110, -1
180, 131, -1
180, 102, -1
180, 105, -1
180, 109, -1
180, 84, -1
180, 112, -1
180, 129, -1
178, 132, -1
178, 107, -1
178, 108, -1
178, 106, -1
178, 103, -1
178, 110, -1
178, 131, -1
178, 102, -1
178, 105, -1
178, 109, -1
178, 84, -1
178, 112, -1
178, 129, -1
181, 132, -1
181, 107, -1
181, 108, -1
181, 106, -1
181, 103, -1
181, 110, -1
181, 131, -1
181, 102, -1
181, 105, -1
181, 109, -1
181, 84, -1
181, 112, -1
181, 129, -1
184, 171, -1
184, 163, -1
184, 166, -1
184, 174, -1
184, 168, -1
184, 175, -1
180, 171, -1
180, 163, -1
180, 166, -1
180, 174, -1
180, 168, -1
180, 175, -1
178, 171, -1
178, 163, -1
178, 166, -1
178, 174, -1
178, 168, -1
178, 175, -1
181, 171, -1
181, 163, -1
181, 166, -1
181, 174, -1
181, 168, -1
181, 175, -1
184, 201, -1
184, 207, -1
184, 189, -1
184, 202, -1
184, 185, -1
184, 188, -1
184, 186, -1
184, 209, -1
180, 201, -1
180, 207, -1
180, 189, -1
180, 202, -1
180, 185, -1
180, 188, -1
180, 186, -1
180, 209, -1
178, 201, -1
178, 207, -1
178, 189, -1
178, 202, -1
178, 185, -1
178, 188, -1
178, 186, -1
178, 209, -1
181, 201, -1
181, 207, -1
181, 189, -1
181, 202, -1
181, 185, -1
181, 188, -1
181, 186, -1
181, 209, -1
184, 63, -1
184, 67, -1
180, 63, -1
180, 67, -1
178, 63, -1
178, 67, -1
181, 63, -1
181, 67, -1
184, 149, -1
180, 149, -1
178, 149, -1
181, 149, -1
201, 132, -1
201, 107, -1
201, 108, -1
201, 106, -1
201, 103, -1
201, 110, -1
201, 131, -1
201, 102, -1
201, 105, -1
201, 109, -1
201, 84, -1
201, 112, -1
201, 129, -1
207, 132, -1
207, 107, -1
207, 108, -1
207, 106, -1
207, 103, -1
207, 110, -1
207, 131, -1
207, 102, -1
207, 105, -1
207, 109, -1
207, 84, -1
207, 112, -1
207, 129, -1
189, 132, -1
189, 107, -1
189, 108, -1
189, 106, -1
189, 103, -1
189, 110, -1
189, 131, -1
189, 102, -1
189, 105, -1
189, 109, -1
189, 84, -1
189, 112, -1
189, 129, -1
202, 132, -1
202, 107, -1
202, 108, -1
202, 106, -1
202, 103, -1
202, 110, -1
202, 131, -1
202, 102, -1
202, 105, -1
202, 109, -1
202, 84, -1
202, 112, -1
202, 129, -1
185, 132, -1
185, 107, -1
185, 108, -1
185, 106, -1
185, 103, -1
185, 110, -1
185, 131, -1
185, 102, -1
185, 105, -1
185, 109, -1
185, 84, -1
185, 112, -1
185, 129, -1
188, 132, -1
188, 107, -1
188, 108, -1
188, 106, -1
188, 103, -1
188, 110, -1
188, 131, -1
188, 102, -1
188, 105, -1
188, 109, -1
188, 84, -1
188, 112, -1
188, 129, -1
186, 132, -1
186, 107, -1
186, 108, -1
186, 106, -1
186, 103, -1
186, 110, -1
186, 131, -1
186, 102, -1
186, 105, -1
186, 109, -1
186, 84, -1
186, 112, -1
186, 129, -1
209, 132, -1
209, 107, -1
209, 108, -1
209, 106, -1
209, 103, -1
209, 110, -1
209, 131, -1
209, 102, -1
209, 105, -1
209, 109, -1
209, 84, -1
209, 112, -1
209, 129, -1
201, 171, -1
201, 163, -1
201, 166, -1
201, 174, -1
201, 168, -1
201, 175, -1
207, 171, -1
207, 163, -1
207, 166, -1
207, 174, -1
207, 168, -1
207, 175, -1
189, 171, -1
189, 163, -1
189, 166, -1
189, 174, -1
189, 168, -1
189, 175, -1
202, 171, -1
202, 163, -1
202, 166, -1
202, 174, -1
202, 168, -1
202, 175, -1
185, 171, -1
185, 163, -1
185, 166, -1
185, 174, -1
185, 168, -1
185, 175, -1
188, 171, -1
188, 163, -1
188, 166, -1
188, 174, -1
188, 168, -1
188, 175, -1
186, 171, -1
186, 163, -1
186, 166, -1
186, 174, -1
186, 168, -1
186, 175, -1
209, 171, -1
209, 163, -1
209, 166, -1
209, 174, -1
209, 168, -1
209, 175, -1
201, 184, -1
201, 180, -1
201, 178, -1
201, 181, -1
207, 184, -1
207, 180, -1
207, 178, -1
207, 181, -1
189, 184, -1
189, 180, -1
189, 178, -1
189, 181, -1
202, 184, -1
202, 180, -1
202, 178, -1
202, 181, -1
185, 184, -1
185, 180, -1
185, 178, -1
185, 181, -1
188, 184, -1
188, 180, -1
188, 178, -1
188, 181, -1
186, 184, -1
186, 180, -1
186, 178, -1
186, 181, -1
209, 184, -1
209, 180, -1
209, 178, -1
209, 181, -1
201, 63, -1
201, 67, -1
207, 63, -1
207, 67, -1
189, 63, -1
189, 67, -1
202, 63, -1
202, 67, -1
185, 63, -1
185, 67, -1
188, 63, -1
188, 67, -1
186, 63, -1
186, 67, -1
209, 63, -1
209, 67, -1
201, 149, -1
207, 149, -1
189, 149, -1
202, 149, -1
185, 149, -1
188, 149, -1
186, 149, -1
209, 149, -1
63, 132, -1
63, 107, -1
63, 108, -1
63, 106, -1
63, 103, -1
63, 110, -1
63, 131, -1
63, 102, -1
63, 105, -1
63, 109, -1
63, 84, -1
63, 112, -1
63, 129, -1
67, 132, -1
67, 107, -1
67, 108, -1
67, 106, -1
67, 103, -1
67, 110, -1
67, 131, -1
67, 102, -1
67, 105, -1
67, 109, -1
67, 84, -1
67, 112, -1
67, 129, -1
63, 171, -1
63, 163, -1
63, 166, -1
63, 174, -1
63, 168, -1
63, 175, -1
67, 171, -1
67, 163, -1
67, 166, -1
67, 174, -1
67, 168, -1
67, 175, -1
63, 184, -1
63, 180, -1
63, 178, -1
63, 181, -1
67, 184, -1
67, 180, -1
67, 178, -1
67, 181, -1
63, 201, -1
63, 207, -1
63, 189, -1
63, 202, -1
63, 185, -1
63, 188, -1
63, 186, -1
63, 209, -1
67, 201, -1
67, 207, -1
67, 189, -1
67, 202, -1
67, 185, -1
67, 188, -1
67, 186, -1
67, 209, -1
63, 149, -1
67, 149, -1
149, 132, -1
149, 107, -1
149, 108, -1
149, 106, -1
149, 103, -1
149, 110, -1
149, 131, -1
149, 102, -1
149, 105, -1
149, 109, -1
149, 84, -1
149, 112, -1
149, 129, -1
149, 171, -1
149, 163, -1
149, 166, -1
149, 174, -1
149, 168, -1
149, 175, -1
149, 184, -1
149, 180, -1
149, 178, -1
149, 181, -1
149, 201, -1
149, 207, -1
149, 189, -1
149, 202, -1
149, 185, -1
149, 188, -1
149, 186, -1
149, 209, -1
149, 63, -1
149, 67, -1

132, 107, 1
132, 108, 1
132, 106, 1
132, 103, 1
132, 110, 1
132, 131, 1
132, 102, 1
132, 105, 1
132, 109, 1
132, 84, 1
132, 112, 1
132, 129, 1
132, 70, 1
107, 132, 1
107, 108, 1
107, 106, 1
107, 103, 1
107, 110, 1
107, 131, 1
107, 102, 1
107, 105, 1
107, 109, 1
107, 84, 1
107, 112, 1
107, 129, 1
107, 70, 1
108, 132, 1
108, 107, 1
108, 106, 1
108, 103, 1
108, 110, 1
108, 131, 1
108, 102, 1
108, 105, 1
108, 109, 1
108, 84, 1
108, 112, 1
108, 129, 1
108, 70, 1
106, 132, 1
106, 107, 1
106, 108, 1
106, 103, 1
106, 110, 1
106, 131, 1
106, 102, 1
106, 105, 1
106, 109, 1
106, 84, 1
106, 112, 1
106, 129, 1
106, 70, 1
103, 132, 1
103, 107, 1
103, 108, 1
103, 106, 1
103, 110, 1
103, 131, 1
103, 102, 1
103, 105, 1
103, 109, 1
103, 84, 1
103, 112, 1
103, 129, 1
103, 70, 1
110, 132, 1
110, 107, 1
110, 108, 1
110, 106, 1
110, 103, 1
110, 131, 1
110, 102, 1
110, 105, 1
110, 109, 1
110, 84, 1
110, 112, 1
110, 129, 1
110, 70, 1
131, 132, 1
131, 107, 1
131, 108, 1
131, 106, 1
131, 103, 1
131, 110, 1
131, 102, 1
131, 105, 1
131, 109, 1
131, 84, 1
131, 112, 1
131, 129, 1
131, 70, 1
102, 132, 1
102, 107, 1
102, 108, 1
102, 106, 1
102, 103, 1
102, 110, 1
102, 131, 1
102, 105, 1
102, 109, 1
102, 84, 1
102, 112, 1
102, 129, 1
102, 70, 1
105, 132, 1
105, 107, 1
105, 108, 1
105, 106, 1
105, 103, 1
105, 110, 1
105, 131, 1
105, 102, 1
105, 109, 1
105, 84, 1
105, 112, 1
105, 129, 1
105, 70, 1
109, 132, 1
109, 107, 1
109, 108, 1
109, 106, 1
109, 103, 1
109, 110, 1
109, 131, 1
109, 102, 1
109, 105, 1
109, 84, 1
109, 112, 1
109, 129, 1
109, 70, 1
84, 132, 1
84, 107, 1
84, 108, 1
84, 106, 1
84, 103, 1
84, 110, 1
84, 131, 1
84, 102, 1
84, 105, 1
84, 109, 1
84, 112, 1
84, 129, 1
84, 70, 1
112, 132, 1
112, 107, 1
112, 108, 1
112, 106, 1
112, 103, 1
112, 110, 1
112, 131, 1
112, 102, 1
112, 105, 1
112, 109, 1
112, 84, 1
112, 129, 1
112, 70, 1
129, 132, 1
129, 107, 1
129, 108, 1
129, 106, 1
129, 103, 1
129, 110, 1
129, 131, 1
129, 102, 1
129, 105, 1
129, 109, 1
129, 84, 1
129, 112, 1
129, 70, 1
70, 132, 1
70, 107, 1
70, 108, 1
70, 106, 1
70, 103, 1
70, 110, 1
70, 131, 1
70, 102, 1
70, 105, 1
70, 109, 1
70, 84, 1
70, 112, 1
70, 129, 1
171, 163, 1
171, 166, 1
171, 174, 1
171, 168, 1
171, 175, 1
171, 170, 1
163, 171, 1
163, 166, 1
163, 174, 1
163, 168, 1
163, 175, 1
163, 170, 1
166, 171, 1
166, 163, 1
166, 174, 1
166, 168, 1
166, 175, 1
166, 170, 1
174, 171, 1
174, 163, 1
174, 166, 1
174, 168, 1
174, 175, 1
174, 170, 1
168, 171, 1
168, 163, 1
168, 166, 1
168, 174, 1
168, 175, 1
168, 170, 1
175, 171, 1
175, 163, 1
175, 166, 1
175, 174, 1
175, 168, 1
175, 170, 1
170, 171, 1
170, 163, 1
170, 166, 1
170, 174, 1
170, 168, 1
170, 175, 1
184, 180, 1
184, 178, 1
184, 181, 1
180, 184, 1
180, 178, 1
180, 181, 1
178, 184, 1
178, 180, 1
178, 181, 1
181, 184, 1
181, 180, 1
181, 178, 1
201, 207, 1
201, 189, 1
201, 202, 1
201, 185, 1
201, 188, 1
201, 186, 1
201, 209, 1
201, 190, 1
201, 205, 1
207, 201, 1
207, 189, 1
207, 202, 1
207, 185, 1
207, 188, 1
207, 186, 1
207, 209, 1
207, 190, 1
207, 205, 1
189, 201, 1
189, 207, 1
189, 202, 1
189, 185, 1
189, 188, 1
189, 186, 1
189, 209, 1
189, 190, 1
189, 205, 1
202, 201, 1
202, 207, 1
202, 189, 1
202, 185, 1
202, 188, 1
202, 186, 1
202, 209, 1
202, 190, 1
202, 205, 1
185, 201, 1
185, 207, 1
185, 189, 1
185, 202, 1
185, 188, 1
185, 186, 1
185, 209, 1
185, 190, 1
185, 205, 1
188, 201, 1
188, 207, 1
188, 189, 1
188, 202, 1
188, 185, 1
188, 186, 1
188, 209, 1
188, 190, 1
188, 205, 1
186, 201, 1
186, 207, 1
186, 189, 1
186, 202, 1
186, 185, 1
186, 188, 1
186, 209, 1
186, 190, 1
186, 205, 1
209, 201, 1
209, 207, 1
209, 189, 1
209, 202, 1
209, 185, 1
209, 188, 1
209, 186, 1
209, 190, 1
209, 205, 1
190, 201, 1
190, 207, 1
190, 189, 1
190, 202, 1
190, 185, 1
190, 188, 1
190, 186, 1
190, 209, 1
190, 205, 1
205, 201, 1
205, 207, 1
205, 189, 1
205, 202, 1
205, 185, 1
205, 188, 1
205, 186, 1
205, 209, 1
205, 190, 1
63, 67, 1
63, 52, 1
63, 61, 1
67, 63, 1
67, 52, 1
67, 61, 1
52, 63, 1
52, 67, 1
52, 61, 1
61, 63, 1
61, 67, 1
61, 52, 1
132, 171, -1
132, 163, -1
132, 166, -1
132, 174, -1
132, 168, -1
132, 175, -1
132, 170, -1
107, 171, -1
107, 163, -1
107, 166, -1
107, 174, -1
107, 168, -1
107, 175, -1
107, 170, -1
108, 171, -1
108, 163, -1
108, 166, -1
108, 174, -1
108, 168, -1
108, 175, -1
108, 170, -1
106, 171, -1
106, 163, -1
106, 166, -1
106, 174, -1
106, 168, -1
106, 175, -1
106, 170, -1
103, 171, -1
103, 163, -1
103, 166, -1
103, 174, -1
103, 168, -1
103, 175, -1
103, 170, -1
110, 171, -1
110, 163, -1
110, 166, -1
110, 174, -1
110, 168, -1
110, 175, -1
110, 170, -1
131, 171, -1
131, 163, -1
131, 166, -1
131, 174, -1
131, 168, -1
131, 175, -1
131, 170, -1
102, 171, -1
102, 163, -1
102, 166, -1
102, 174, -1
102, 168, -1
102, 175, -1
102, 170, -1
105, 171, -1
105, 163, -1
105, 166, -1
105, 174, -1
105, 168, -1
105, 175, -1
105, 170, -1
109, 171, -1
109, 163, -1
109, 166, -1
109, 174, -1
109, 168, -1
109, 175, -1
109, 170, -1
84, 171, -1
84, 163, -1
84, 166, -1
84, 174, -1
84, 168, -1
84, 175, -1
84, 170, -1
112, 171, -1
112, 163, -1
112, 166, -1
112, 174, -1
112, 168, -1
112, 175, -1
112, 170, -1
129, 171, -1
129, 163, -1
129, 166, -1
129, 174, -1
129, 168, -1
129, 175, -1
129, 170, -1
70, 171, -1
70, 163, -1
70, 166, -1
70, 174, -1
70, 168, -1
70, 175, -1
70, 170, -1
132, 184, -1
132, 180, -1
132, 178, -1
132, 181, -1
107, 184, -1
107, 180, -1
107, 178, -1
107, 181, -1
108, 184, -1
108, 180, -1
108, 178, -1
108, 181, -1
106, 184, -1
106, 180, -1
106, 178, -1
106, 181, -1
103, 184, -1
103, 180, -1
103, 178, -1
103, 181, -1
110, 184, -1
110, 180, -1
110, 178, -1
110, 181, -1
131, 184, -1
131, 180, -1
131, 178, -1
131, 181, -1
102, 184, -1
102, 180, -1
102, 178, -1
102, 181, -1
105, 184, -1
105, 180, -1
105, 178, -1
105, 181, -1
109, 184, -1
109, 180, -1
109, 178, -1
109, 181, -1
84, 184, -1
84, 180, -1
84, 178, -1
84, 181, -1
112, 184, -1
112, 180, -1
112, 178, -1
112, 181, -1
129, 184, -1
129, 180, -1
129, 178, -1
129, 181, -1
70, 184, -1
70, 180, -1
70, 178, -1
70, 181, -1
132, 201, -1
132, 207, -1
132, 189, -1
132, 202, -1
132, 185, -1
132, 188, -1
132, 186, -1
132, 209, -1
132, 190, -1
132, 205, -1
107, 201, -1
107, 207, -1
107, 189, -1
107, 202, -1
107, 185, -1
107, 188, -1
107, 186, -1
107, 209, -1
107, 190, -1
107, 205, -1
108, 201, -1
108, 207, -1
108, 189, -1
108, 202, -1
108, 185, -1
108, 188, -1
108, 186, -1
108, 209, -1
108, 190, -1
108, 205, -1
106, 201, -1
106, 207, -1
106, 189, -1
106, 202, -1
106, 185, -1
106, 188, -1
106, 186, -1
106, 209, -1
106, 190, -1
106, 205, -1
103, 201, -1
103, 207, -1
103, 189, -1
103, 202, -1
103, 185, -1
103, 188, -1
103, 186, -1
103, 209, -1
103, 190, -1
103, 205, -1
110, 201, -1
110, 207, -1
110, 189, -1
110, 202, -1
110, 185, -1
110, 188, -1
110, 186, -1
110, 209, -1
110, 190, -1
110, 205, -1
131, 201, -1
131, 207, -1
131, 189, -1
131, 202, -1
131, 185, -1
131, 188, -1
131, 186, -1
131, 209, -1
131, 190, -1
131, 205, -1
102, 201, -1
102, 207, -1
102, 189, -1
102, 202, -1
102, 185, -1
102, 188, -1
102, 186, -1
102, 209, -1
102, 190, -1
102, 205, -1
105, 201, -1
105, 207, -1
105, 189, -1
105, 202, -1
105, 185, -1
105, 188, -1
105, 186, -1
105, 209, -1
105, 190, -1
105, 205, -1
109, 201, -1
109, 207, -1
109, 189, -1
109, 202, -1
109, 185, -1
109, 188, -1
109, 186, -1
109, 209, -1
109, 190, -1
109, 205, -1
84, 201, -1
84, 207, -1
84, 189, -1
84, 202, -1
84, 185, -1
84, 188, -1
84, 186, -1
84, 209, -1
84, 190, -1
84, 205, -1
112, 201, -1
112, 207, -1
112, 189, -1
112, 202, -1
112, 185, -1
112, 188, -1
112, 186, -1
112, 209, -1
112, 190, -1
112, 205, -1
129, 201, -1
129, 207, -1
129, 189, -1
129, 202, -1
129, 185, -1
129, 188, -1
129, 186, -1
129, 209, -1
129, 190, -1
129, 205, -1
70, 201, -1
70, 207, -1
70, 189, -1
70, 202, -1
70, 185, -1
70, 188, -1
70, 186, -1
70, 209, -1
70, 190, -1
70, 205, -1
132, 63, -1
132, 67, -1
132, 52, -1
132, 61, -1
107, 63, -1
107, 67, -1
107, 52, -1
107, 61, -1
108, 63, -1
108, 67, -1
108, 52, -1
108, 61, -1
106, 63, -1
106, 67, -1
106, 52, -1
106, 61, -1
103, 63, -1
103, 67, -1
103, 52, -1
103, 61, -1
110, 63, -1
110, 67, -1
110, 52, -1
110, 61, -1
131, 63, -1
131, 67, -1
131, 52, -1
131, 61, -1
102, 63, -1
102, 67, -1
102, 52, -1
102, 61, -1
105, 63, -1
105, 67, -1
105, 52, -1
105, 61, -1
109, 63, -1
109, 67, -1
109, 52, -1
109, 61, -1
84, 63, -1
84, 67, -1
84, 52, -1
84, 61, -1
112, 63, -1
112, 67, -1
112, 52, -1
112, 61, -1
129, 63, -1
129, 67, -1
129, 52, -1
129, 61, -1
70, 63, -1
70, 67, -1
70, 52, -1
70, 61, -1
132, 149, -1
107, 149, -1
108, 149, -1
106, 149, -1
103, 149, -1
110, 149, -1
131, 149, -1
102, 149, -1
105, 149, -1
109, 149, -1
84, 149, -1
112, 149, -1
129, 149, -1
70, 149, -1
171, 132, -1
171, 107, -1
171, 108, -1
171, 106, -1
171, 103, -1
171, 110, -1
171, 131, -1
171, 102, -1
171, 105, -1
171, 109, -1
171, 84, -1
171, 112, -1
171, 129, -1
171, 70, -1
163, 132, -1
163, 107, -1
163, 108, -1
163, 106, -1
163, 103, -1
163, 110, -1
163, 131, -1
163, 102, -1
163, 105, -1
163, 109, -1
163, 84, -1
163, 112, -1
163, 129, -1
163, 70, -1
166, 132, -1
166, 107, -1
166, 108, -1
166, 106, -1
166, 103, -1
166, 110, -1
166, 131, -1
166, 102, -1
166, 105, -1
166, 109, -1
166, 84, -1
166, 112, -1
166, 129, -1
166, 70, -1
174, 132, -1
174, 107, -1
174, 108, -1
174, 106, -1
174, 103, -1
174, 110, -1
174, 131, -1
174, 102, -1
174, 105, -1
174, 109, -1
174, 84, -1
174, 112, -1
174, 129, -1
174, 70, -1
168, 132, -1
168, 107, -1
168, 108, -1
168, 106, -1
168, 103, -1
168, 110, -1
168, 131, -1
168, 102, -1
168, 105, -1
168, 109, -1
168, 84, -1
168, 112, -1
168, 129, -1
168, 70, -1
175, 132, -1
175, 107, -1
175, 108, -1
175, 106, -1
175, 103, -1
175, 110, -1
175, 131, -1
175, 102, -1
175, 105, -1
175, 109, -1
175, 84, -1
175, 112, -1
175, 129, -1
175, 70, -1
170, 132, -1
170, 107, -1
170, 108, -1
170, 106, -1
170, 103, -1
170, 110, -1
170, 131, -1
170, 102, -1
170, 105, -1
170, 109, -1
170, 84, -1
170, 112, -1
170, 129, -1
170, 70, -1
171, 184, -1
171, 180, -1
171, 178, -1
171, 181, -1
163, 184, -1
163, 180, -1
163, 178, -1
163, 181, -1
166, 184, -1
166, 180, -1
166, 178, -1
166, 181, -1
174, 184, -1
174, 180, -1
174, 178, -1
174, 181, -1
168, 184, -1
168, 180, -1
168, 178, -1
168, 181, -1
175, 184, -1
175, 180, -1
175, 178, -1
175, 181, -1
170, 184, -1
170, 180, -1
170, 178, -1
170, 181, -1
171, 201, -1
171, 207, -1
171, 189, -1
171, 202, -1
171, 185, -1
171, 188, -1
171, 186, -1
171, 209, -1
171, 190, -1
171, 205, -1
163, 201, -1
163, 207, -1
163, 189, -1
163, 202, -1
163, 185, -1
163, 188, -1
163, 186, -1
163, 209, -1
163, 190, -1
163, 205, -1
166, 201, -1
166, 207, -1
166, 189, -1
166, 202, -1
166, 185, -1
166, 188, -1
166, 186, -1
166, 209, -1
166, 190, -1
166, 205, -1
174, 201, -1
174, 207, -1
174, 189, -1
174, 202, -1
174, 185, -1
174, 188, -1
174, 186, -1
174, 209, -1
174, 190, -1
174, 205, -1
168, 201, -1
168, 207, -1
168, 189, -1
168, 202, -1
168, 185, -1
168, 188, -1
168, 186, -1
168, 209, -1
168, 190, -1
168, 205, -1
175, 201, -1
175, 207, -1
175, 189, -1
175, 202, -1
175, 185, -1
175, 188, -1
175, 186, -1
175, 209, -1
175, 190, -1
175, 205, -1
170, 201, -1
170, 207, -1
170, 189, -1
170, 202, -1
170, 185, -1
170, 188, -1
170, 186, -1
170, 209, -1
170, 190, -1
170, 205, -1
171, 63, -1
171, 67, -1
171, 52, -1
171, 61, -1
163, 63, -1
163, 67, -1
163, 52, -1
163, 61, -1
166, 63, -1
166, 67, -1
166, 52, -1
166, 61, -1
174, 63, -1
174, 67, -1
174, 52, -1
174, 61, -1
168, 63, -1
168, 67, -1
168, 52, -1
168, 61, -1
175, 63, -1
175, 67, -1
175, 52, -1
175, 61, -1
170, 63, -1
170, 67, -1
170, 52, -1
170, 61, -1
171, 149, -1
163, 149, -1
166, 149, -1
174, 149, -1
168, 149, -1
175, 149, -1
170, 149, -1
184, 132, -1
184, 107, -1
184, 108, -1
184, 106, -1
184, 103, -1
184, 110, -1
184, 131, -1
184, 102, -1
184, 105, -1
184, 109, -1
184, 84, -1
184, 112, -1
184, 129, -1
184, 70, -1
180, 132, -1
180, 107, -1
180, 108, -1
180, 106, -1
180, 103, -1
180, 110, -1
180, 131, -1
180, 102, -1
180, 105, -1
180, 109, -1
180, 84, -1
180, 112, -1
180, 129, -1
180, 70, -1
178, 132, -1
178, 107, -1
178, 108, -1
178, 106, -1
178, 103, -1
178, 110, -1
178, 131, -1
178, 102, -1
178, 105, -1
178, 109, -1
178, 84, -1
178, 112, -1
178, 129, -1
178, 70, -1
181, 132, -1
181, 107, -1
181, 108, -1
181, 106, -1
181, 103, -1
181, 110, -1
181, 131, -1
181, 102, -1
181, 105, -1
181, 109, -1
181, 84, -1
181, 112, -1
181, 129, -1
181, 70, -1
184, 171, -1
184, 163, -1
184, 166, -1
184, 174, -1
184, 168, -1
184, 175, -1
184, 170, -1
180, 171, -1
180, 163, -1
180, 166, -1
180, 174, -1
180, 168, -1
180, 175, -1
180, 170, -1
178, 171, -1
178, 163, -1
178, 166, -1
178, 174, -1
178, 168, -1
178, 175, -1
178, 170, -1
181, 171, -1
181, 163, -1
181, 166, -1
181, 174, -1
181, 168, -1
181, 175, -1
181, 170, -1
184, 201, -1
184, 207, -1
184, 189, -1
184, 202, -1
184, 185, -1
184, 188, -1
184, 186, -1
184, 209, -1
184, 190, -1
184, 205, -1
180, 201, -1
180, 207, -1
180, 189, -1
180, 202, -1
180, 185, -1
180, 188, -1
180, 186, -1
180, 209, -1
180, 190, -1
180, 205, -1
178, 201, -1
178, 207, -1
178, 189, -1
178, 202, -1
178, 185, -1
178, 188, -1
178, 186, -1
178, 209, -1
178, 190, -1
178, 205, -1
181, 201, -1
181, 207, -1
181, 189, -1
181, 202, -1
181, 185, -1
181, 188, -1
181, 186, -1
181, 209, -1
181, 190, -1
181, 205, -1
184, 63, -1
184, 67, -1
184, 52, -1
184, 61, -1
180, 63, -1
180, 67, -1
180, 52, -1
180, 61, -1
178, 63, -1
178, 67, -1
178, 52, -1
178, 61, -1
181, 63, -1
181, 67, -1
181, 52, -1
181, 61, -1
184, 149, -1
180, 149, -1
178, 149, -1
181, 149, -1
201, 132, -1
201, 107, -1
201, 108, -1
201, 106, -1
201, 103, -1
201, 110, -1
201, 131, -1
201, 102, -1
201, 105, -1
201, 109, -1
201, 84, -1
201, 112, -1
201, 129, -1
201, 70, -1
207, 132, -1
207, 107, -1
207, 108, -1
207, 106, -1
207, 103, -1
207, 110, -1
207, 131, -1
207, 102, -1
207, 105, -1
207, 109, -1
207, 84, -1
207, 112, -1
207, 129, -1
207, 70, -1
189, 132, -1
189, 107, -1
189, 108, -1
189, 106, -1
189, 103, -1
189, 110, -1
189, 131, -1
189, 102, -1
189, 105, -1
189, 109, -1
189, 84, -1
189, 112, -1
189, 129, -1
189, 70, -1
202, 132, -1
202, 107, -1
202, 108, -1
202, 106, -1
202, 103, -1
202, 110, -1
202, 131, -1
202, 102, -1
202, 105, -1
202, 109, -1
202, 84, -1
202, 112, -1
202, 129, -1
202, 70, -1
185, 132, -1
185, 107, -1
185, 108, -1
185, 106, -1
185, 103, -1
185, 110, -1
185, 131, -1
185, 102, -1
185, 105, -1
185, 109, -1
185, 84, -1
185, 112, -1
185, 129, -1
185, 70, -1
188, 132, -1
188, 107, -1
188, 108, -1
188, 106, -1
188, 103, -1
188, 110, -1
188, 131, -1
188, 102, -1
188, 105, -1
188, 109, -1
188, 84, -1
188, 112, -1
188, 129, -1
188, 70, -1
186, 132, -1
186, 107, -1
186, 108, -1
186, 106, -1
186, 103, -1
186, 110, -1
186, 131, -1
186, 102, -1
186, 105, -1
186, 109, -1
186, 84, -1
186, 112, -1
186, 129, -1
186, 70, -1
209, 132, -1
209, 107, -1
209, 108, -1
209, 106, -1
209, 103, -1
209, 110, -1
209, 131, -1
209, 102, -1
209, 105, -1
209, 109, -1
209, 84, -1
209, 112, -1
209, 129, -1
209, 70, -1
190, 132, -1
190, 107, -1
190, 108, -1
190, 106, -1
190, 103, -1
190, 110, -1
190, 131, -1
190, 102, -1
190, 105, -1
190, 109, -1
190, 84, -1
190, 112, -1
190, 129, -1
190, 70, -1
205, 132, -1
205, 107, -1
205, 108, -1
205, 106, -1
205, 103, -1
205, 110, -1
205, 131, -1
205, 102, -1
205, 105, -1
205, 109, -1
205, 84, -1
205, 112, -1
205, 129, -1
205, 70, -1
201, 171, -1
201, 163, -1
201, 166, -1
201, 174, -1
201, 168, -1
201, 175, -1
201, 170, -1
207, 171, -1
207, 163, -1
207, 166, -1
207, 174, -1
207, 168, -1
207, 175, -1
207, 170, -1
189, 171, -1
189, 163, -1
189, 166, -1
189, 174, -1
189, 168, -1
189, 175, -1
189, 170, -1
202, 171, -1
202, 163, -1
202, 166, -1
202, 174, -1
202, 168, -1
202, 175, -1
202, 170, -1
185, 171, -1
185, 163, -1
185, 166, -1
185, 174, -1
185, 168, -1
185, 175, -1
185, 170, -1
188, 171, -1
188, 163, -1
188, 166, -1
188, 174, -1
188, 168, -1
188, 175, -1
188, 170, -1
186, 171, -1
186, 163, -1
186, 166, -1
186, 174, -1
186, 168, -1
186, 175, -1
186, 170, -1
209, 171, -1
209, 163, -1
209, 166, -1
209, 174, -1
209, 168, -1
209, 175, -1
209, 170, -1
190, 171, -1
190, 163, -1
190, 166, -1
190, 174, -1
190, 168, -1
190, 175, -1
190, 170, -1
205, 171, -1
205, 163, -1
205, 166, -1
205, 174, -1
205, 168, -1
205, 175, -1
205, 170, -1
201, 184, -1
201, 180, -1
201, 178, -1
201, 181, -1
207, 184, -1
207, 180, -1
207, 178, -1
207, 181, -1
189, 184, -1
189, 180, -1
189, 178, -1
189, 181, -1
202, 184, -1
202, 180, -1
202, 178, -1
202, 181, -1
185, 184, -1
185, 180, -1
185, 178, -1
185, 181, -1
188, 184, -1
188, 180, -1
188, 178, -1
188, 181, -1
186, 184, -1
186, 180, -1
186, 178, -1
186, 181, -1
209, 184, -1
209, 180, -1
209, 178, -1
209, 181, -1
190, 184, -1
190, 180, -1
190, 178, -1
190, 181, -1
205, 184, -1
205, 180, -1
205, 178, -1
205, 181, -1
201, 63, -1
201, 67, -1
201, 52, -1
201, 61, -1
207, 63, -1
207, 67, -1
207, 52, -1
207, 61, -1
189, 63, -1
189, 67, -1
189, 52, -1
189, 61, -1
202, 63, -1
202, 67, -1
202, 52, -1
202, 61, -1
185, 63, -1
185, 67, -1
185, 52, -1
185, 61, -1
188, 63, -1
188, 67, -1
188, 52, -1
188, 61, -1
186, 63, -1
186, 67, -1
186, 52, -1
186, 61, -1
209, 63, -1
209, 67, -1
209, 52, -1
209, 61, -1
190, 63, -1
190, 67, -1
190, 52, -1
190, 61, -1
205, 63, -1
205, 67, -1
205, 52, -1
205, 61, -1
201, 149, -1
207, 149, -1
189, 149, -1
202, 149, -1
185, 149, -1
188, 149, -1
186, 149, -1
209, 149, -1
190, 149, -1
205, 149, -1
63, 132, -1
63, 107, -1
63, 108, -1
63, 106, -1
63, 103, -1
63, 110, -1
63, 131, -1
63, 102, -1
63, 105, -1
63, 109, -1
63, 84, -1
63, 112, -1
63, 129, -1
63, 70, -1
67, 132, -1
67, 107, -1
67, 108, -1
67, 106, -1
67, 103, -1
67, 110, -1
67, 131, -1
67, 102, -1
67, 105, -1
67, 109, -1
67, 84, -1
67, 112, -1
67, 129, -1
67, 70, -1
52, 132, -1
52, 107, -1
52, 108, -1
52, 106, -1
52, 103, -1
52, 110, -1
52, 131, -1
52, 102, -1
52, 105, -1
52, 109, -1
52, 84, -1
52, 112, -1
52, 129, -1
52, 70, -1
61, 132, -1
61, 107, -1
61, 108, -1
61, 106, -1
61, 103, -1
61, 110, -1
61, 131, -1
61, 102, -1
61, 105, -1
61, 109, -1
61, 84, -1
61, 112, -1
61, 129, -1
61, 70, -1
63, 171, -1
63, 163, -1
63, 166, -1
63, 174, -1
63, 168, -1
63, 175, -1
63, 170, -1
67, 171, -1
67, 163, -1
67, 166, -1
67, 174, -1
67, 168, -1
67, 175, -1
67, 170, -1
52, 171, -1
52, 163, -1
52, 166, -1
52, 174, -1
52, 168, -1
52, 175, -1
52, 170, -1
61, 171, -1
61, 163, -1
61, 166, -1
61, 174, -1
61, 168, -1
61, 175, -1
61, 170, -1
63, 184, -1
63, 180, -1
63, 178, -1
63, 181, -1
67, 184, -1
67, 180, -1
67, 178, -1
67, 181, -1
52, 184, -1
52, 180, -1
52, 178, -1
52, 181, -1
61, 184, -1
61, 180, -1
61, 178, -1
61, 181, -1
63, 201, -1
63, 207, -1
63, 189, -1
63, 202, -1
63, 185, -1
63, 188, -1
63, 186, -1
63, 209, -1
63, 190, -1
63, 205, -1
67, 201, -1
67, 207, -1
67, 189, -1
67, 202, -1
67, 185, -1
67, 188, -1
67, 186, -1
67, 209, -1
67, 190, -1
67, 205, -1
52, 201, -1
52, 207, -1
52, 189, -1
52, 202, -1
52, 185, -1
52, 188, -1
52, 186, -1
52, 209, -1
52, 190, -1
52, 205, -1
61, 201, -1
61, 207, -1
61, 189, -1
61, 202, -1
61, 185, -1
61, 188, -1
61, 186, -1
61, 209, -1
61, 190, -1
61, 205, -1
63, 149, -1
67, 149, -1
52, 149, -1
61, 149, -1
149, 132, -1
149, 107, -1
149, 108, -1
149, 106, -1
149, 103, -1
149, 110, -1
149, 131, -1
149, 102, -1
149, 105, -1
149, 109, -1
149, 84, -1
149, 112, -1
149, 129, -1
149, 70, -1
149, 171, -1
149, 163, -1
149, 166, -1
149, 174, -1
149, 168, -1
149, 175, -1
149, 170, -1
149, 184, -1
149, 180, -1
149, 178, -1
149, 181, -1
149, 201, -1
149, 207, -1
149, 189, -1
149, 202, -1
149, 185, -1
149, 188, -1
149, 186, -1
149, 209, -1
149, 190, -1
149, 205, -1
149, 63, -1
149, 67, -1
149, 52, -1
149, 61, -1

