171, 163, 1
163, 171, 1
67, 171, -1
67, 163, -1
67, 107, -1
67, 184, -1
171, 67, -1
163, 67, -1
171, 107, -1
163, 107, -1
171, 184, -1
163, 184, -1
107, 67, -1
107, 171, -1
107, 163, -1
107, 184, -1
184, 67, -1
184, 171, -1
184, 163, -1
184, 107, -1

171, 163, 1
163, 171, 1
107, 106, 1
106, 107, 1
67, 171, -1
67, 163, -1
67, 107, -1
67, 106, -1
67, 184, -1
67, 201, -1
171, 67, -1
163, 67, -1
171, 107, -1
171, 106, -1
163, 107, -1
163, 106, -1
171, 184, -1
163, 184, -1
171, 201, -1
163, 201, -1
107, 67, -1
106, 67, -1
107, 171, -1
107, 163, -1
106, 171, -1
106, 163, -1
107, 184, -1
106, 184, -1
107, 201, -1
106, 201, -1
184, 67, -1
184, 171, -1
184, 163, -1
184, 107, -1
184, 106, -1
184, 201, -1
201, 67, -1
201, 171, -1
201, 163, -1
201, 107, -1
201, 106, -1
201, 184, -1

171, 163, 1
171, 173, 1
163, 171, 1
163, 173, 1
173, 171, 1
173, 163, 1
107, 106, 1
106, 107, 1
201, 193, 1
193, 201, 1
67, 171, -1
67, 163, -1
67, 173, -1
67, 107, -1
67, 106, -1
67, 184, -1
67, 201, -1
67, 193, -1
171, 67, -1
163, 67, -1
173, 67, -1
171, 107, -1
171, 106, -1
163, 107, -1
163, 106, -1
173, 107, -1
173, 106, -1
171, 184, -1
163, 184, -1
173, 184, -1
171, 201, -1
171, 193, -1
163, 201, -1
163, 193, -1
173, 201, -1
173, 193, -1
107, 67, -1
106, 67, -1
107, 171, -1
107, 163, -1
107, 173, -1
106, 171, -1
106, 163, -1
106, 173, -1
107, 184, -1
106, 184, -1
107, 201, -1
107, 193, -1
106, 201, -1
106, 193, -1
184, 67, -1
184, 171, -1
184, 163, -1
184, 173, -1
184, 107, -1
184, 106, -1
184, 201, -1
184, 193, -1
201, 67, -1
193, 67, -1
201, 171, -1
201, 163, -1
201, 173, -1
193, 171, -1
193, 163, -1
193, 173, -1
201, 107, -1
201, 106, -1
193, 107, -1
193, 106, -1
201, 184, -1
193, 184, -1

171, 163, 1
171, 173, 1
163, 171, 1
163, 173, 1
173, 171, 1
173, 163, 1
107, 106, 1
107, 111, 1
106, 107, 1
106, 111, 1
111, 107, 1
111, 106, 1
201, 193, 1
201, 185, 1
193, 201, 1
193, 185, 1
185, 201, 1
185, 193, 1
67, 171, -1
67, 163, -1
67, 173, -1
67, 107, -1
67, 106, -1
67, 111, -1
67, 184, -1
67, 201, -1
67, 193, -1
67, 185, -1
171, 67, -1
163, 67, -1
173, 67, -1
171, 107, -1
171, 106, -1
171, 111, -1
163, 107, -1
163, 106, -1
163, 111, -1
173, 107, -1
173, 106, -1
173, 111, -1
171, 184, -1
163, 184, -1
173, 184, -1
171, 201, -1
171, 193, -1
171, 185, -1
163, 201, -1
163, 193, -1
163, 185, -1
173, 201, -1
173, 193, -1
173, 185, -1
107, 67, -1
106, 67, -1
111, 67, -1
107, 171, -1
107, 163, -1
107, 173, -1
106, 171, -1
106, 163, -1
106, 173, -1
111, 171, -1
111, 163, -1
111, 173, -1
107, 184, -1
106, 184, -1
111, 184, -1
107, 201, -1
107, 193, -1
107, 185, -1
106, 201, -1
106, 193, -1
106, 185, -1
111, 201, -1
111, 193, -1
111, 185, -1
184, 67, -1
184, 171, -1
184, 163, -1
184, 173, -1
184, 107, -1
184, 106, -1
184, 111, -1
184, 201, -1
184, 193, -1
184, 185, -1
201, 67, -1
193, 67, -1
185, 67, -1
201, 171, -1
201, 163, -1
201, 173, -1
193, 171, -1
193, 163, -1
193, 173, -1
185, 171, -1
185, 163, -1
185, 173, -1
201, 107, -1
201, 106, -1
201, 111, -1
193, 107, -1
193, 106, -1
193, 111, -1
185, 107, -1
185, 106, -1
185, 111, -1
201, 184, -1
193, 184, -1
185, 184, -1

171, 163, 1
171, 173, 1
171, 166, 1
163, 171, 1
163, 173, 1
163, 166, 1
173, 171, 1
173, 163, 1
173, 166, 1
166, 171, 1
166, 163, 1
166, 173, 1
107, 106, 1
107, 111, 1
107, 70, 1
106, 107, 1
106, 111, 1
106, 70, 1
111, 107, 1
111, 106, 1
111, 70, 1
70, 107, 1
70, 106, 1
70, 111, 1
201, 193, 1
201, 185, 1
201, 189, 1
193, 201, 1
193, 185, 1
193, 189, 1
185, 201, 1
185, 193, 1
185, 189, 1
189, 201, 1
189, 193, 1
189, 185, 1
67, 171, -1
67, 163, -1
67, 173, -1
67, 166, -1
67, 107, -1
67, 106, -1
67, 111, -1
67, 70, -1
67, 184, -1
67, 201, -1
67, 193, -1
67, 185, -1
67, 189, -1
171, 67, -1
163, 67, -1
173, 67, -1
166, 67, -1
171, 107, -1
171, 106, -1
171, 111, -1
171, 70, -1
163, 107, -1
163, 106, -1
163, 111, -1
163, 70, -1
173, 107, -1
173, 106, -1
173, 111, -1
173, 70, -1
166, 107, -1
166, 106, -1
166, 111, -1
166, 70, -1
171, 184, -1
163, 184, -1
173, 184, -1
166, 184, -1
171, 201, -1
171, 193, -1
171, 185, -1
171, 189, -1
163, 201, -1
163, 193, -1
163, 185, -1
163, 189, -1
173, 201, -1
173, 193, -1
173, 185, -1
173, 189, -1
166, 201, -1
166, 193, -1
166, 185, -1
166, 189, -1
107, 67, -1
106, 67, -1
111, 67, -1
70, 67, -1
107, 171, -1
107, 163, -1
107, 173, -1
107, 166, -1
106, 171, -1
106, 163, -1
106, 173, -1
106, 166, -1
111, 171, -1
111, 163, -1
111, 173, -1
111, 166, -1
70, 171, -1
70, 163, -1
70, 173, -1
70, 166, -1
107, 184, -1
106, 184, -1
111, 184, -1
70, 184, -1
107, 201, -1
107, 193, -1
107, 185, -1
107, 189, -1
106, 201, -1
106, 193, -1
106, 185, -1
106, 189, -1
111, 201, -1
111, 193, -1
111, 185, -1
111, 189, -1
70, 201, -1
70, 193, -1
70, 185, -1
70, 189, -1
184, 67, -1
184, 171, -1
184, 163, -1
184, 173, -1
184, 166, -1
184, 107, -1
184, 106, -1
184, 111, -1
184, 70, -1
184, 201, -1
184, 193, -1
184, 185, -1
184, 189, -1
201, 67, -1
193, 67, -1
185, 67, -1
189, 67, -1
201, 171, -1
201, 163, -1
201, 173, -1
201, 166, -1
193, 171, -1
193, 163, -1
193, 173, -1
193, 166, -1
185, 171, -1
185, 163, -1
185, 173, -1
185, 166, -1
189, 171, -1
189, 163, -1
189, 173, -1
189, 166, -1
201, 107, -1
201, 106, -1
201, 111, -1
201, 70, -1
193, 107, -1
193, 106, -1
193, 111, -1
193, 70, -1
185, 107, -1
185, 106, -1
185, 111, -1
185, 70, -1
189, 107, -1
189, 106, -1
189, 111, -1
189, 70, -1
201, 184, -1
193, 184, -1
185, 184, -1
189, 184, -1

171, 163, 1
171, 173, 1
171, 166, 1
163, 171, 1
163, 173, 1
163, 166, 1
173, 171, 1
173, 163, 1
173, 166, 1
166, 171, 1
166, 163, 1
166, 173, 1
107, 106, 1
107, 111, 1
107, 70, 1
106, 107, 1
106, 111, 1
106, 70, 1
111, 107, 1
111, 106, 1
111, 70, 1
70, 107, 1
70, 106, 1
70, 111, 1
184, 180, 1
180, 184, 1
201, 193, 1
201, 185, 1
201, 189, 1
201, 207, 1
193, 201, 1
193, 185, 1
193, 189, 1
193, 207, 1
185, 201, 1
185, 193, 1
185, 189, 1
185, 207, 1
189, 201, 1
189, 193, 1
189, 185, 1
189, 207, 1
207, 201, 1
207, 193, 1
207, 185, 1
207, 189, 1
67, 171, -1
67, 163, -1
67, 173, -1
67, 166, -1
67, 107, -1
67, 106, -1
67, 111, -1
67, 70, -1
67, 184, -1
67, 180, -1
67, 201, -1
67, 193, -1
67, 185, -1
67, 189, -1
67, 207, -1
171, 67, -1
163, 67, -1
173, 67, -1
166, 67, -1
171, 107, -1
171, 106, -1
171, 111, -1
171, 70, -1
163, 107, -1
163, 106, -1
163, 111, -1
163, 70, -1
173, 107, -1
173, 106, -1
173, 111, -1
173, 70, -1
166, 107, -1
166, 106, -1
166, 111, -1
166, 70, -1
171, 184, -1
171, 180, -1
163, 184, -1
163, 180, -1
173, 184, -1
173, 180, -1
166, 184, -1
166, 180, -1
171, 201, -1
171, 193, -1
171, 185, -1
171, 189, -1
171, 207, -1
163, 201, -1
163, 193, -1
163, 185, -1
163, 189, -1
163, 207, -1
173, 201, -1
173, 193, -1
173, 185, -1
173, 189, -1
173, 207, -1
166, 201, -1
166, 193, -1
166, 185, -1
166, 189, -1
166, 207, -1
107, 67, -1
106, 67, -1
111, 67, -1
70, 67, -1
107, 171, -1
107, 163, -1
107, 173, -1
107, 166, -1
106, 171, -1
106, 163, -1
106, 173, -1
106, 166, -1
111, 171, -1
111, 163, -1
111, 173, -1
111, 166, -1
70, 171, -1
70, 163, -1
70, 173, -1
70, 166, -1
107, 184, -1
107, 180, -1
106, 184, -1
106, 180, -1
111, 184, -1
111, 180, -1
70, 184, -1
70, 180, -1
107, 201, -1
107, 193, -1
107, 185, -1
107, 189, -1
107, 207, -1
106, 201, -1
106, 193, -1
106, 185, -1
106, 189, -1
106, 207, -1
111, 201, -1
111, 193, -1
111, 185, -1
111, 189, -1
111, 207, -1
70, 201, -1
70, 193, -1
70, 185, -1
70, 189, -1
70, 207, -1
184, 67, -1
180, 67, -1
184, 171, -1
184, 163, -1
184, 173, -1
184, 166, -1
180, 171, -1
180, 163, -1
180, 173, -1
180, 166, -1
184, 107, -1
184, 106, -1
184, 111, -1
184, 70, -1
180, 107, -1
180, 106, -1
180, 111, -1
180, 70, -1
184, 201, -1
184, 193, -1
184, 185, -1
184, 189, -1
184, 207, -1
180, 201, -1
180, 193, -1
180, 185, -1
180, 189, -1
180, 207, -1
201, 67, -1
193, 67, -1
185, 67, -1
189, 67, -1
207, 67, -1
201, 171, -1
201, 163, -1
201, 173, -1
201, 166, -1
193, 171, -1
193, 163, -1
193, 173, -1
193, 166, -1
185, 171, -1
185, 163, -1
185, 173, -1
185, 166, -1
189, 171, -1
189, 163, -1
189, 173, -1
189, 166, -1
207, 171, -1
207, 163, -1
207, 173, -1
207, 166, -1
201, 107, -1
201, 106, -1
201, 111, -1
201, 70, -1
193, 107, -1
193, 106, -1
193, 111, -1
193, 70, -1
185, 107, -1
185, 106, -1
185, 111, -1
185, 70, -1
189, 107, -1
189, 106, -1
189, 111, -1
189, 70, -1
207, 107, -1
207, 106, -1
207, 111, -1
207, 70, -1
201, 184, -1
201, 180, -1
193, 184, -1
193, 180, -1
185, 184, -1
185, 180, -1
189, 184, -1
189, 180, -1
207, 184, -1
207, 180, -1

171, 163, 1
171, 173, 1
171, 166, 1
171, 174, 1
163, 171, 1
163, 173, 1
163, 166, 1
163, 174, 1
173, 171, 1
173, 163, 1
173, 166, 1
173, 174, 1
166, 171, 1
166, 163, 1
166, 173, 1
166, 174, 1
174, 171, 1
174, 163, 1
174, 173, 1
174, 166, 1
107, 106, 1
107, 111, 1
107, 70, 1
107, 109, 1
107, 103, 1
106, 107, 1
106, 111, 1
106, 70, 1
106, 109, 1
106, 103, 1
111, 107, 1
111, 106, 1
111, 70, 1
111, 109, 1
111, 103, 1
70, 107, 1
70, 106, 1
70, 111, 1
70, 109, 1
70, 103, 1
109, 107, 1
109, 106, 1
109, 111, 1
109, 70, 1
109, 103, 1
103, 107, 1
103, 106, 1
103, 111, 1
103, 70, 1
103, 109, 1
184, 180, 1
180, 184, 1
201, 193, 1
201, 185, 1
201, 189, 1
201, 207, 1
193, 201, 1
193, 185, 1
193, 189, 1
193, 207, 1
185, 201, 1
185, 193, 1
185, 189, 1
185, 207, 1
189, 201, 1
189, 193, 1
189, 185, 1
189, 207, 1
207, 201, 1
207, 193, 1
207, 185, 1
207, 189, 1
67, 171, -1
67, 163, -1
67, 173, -1
67, 166, -1
67, 174, -1
67, 107, -1
67, 106, -1
67, 111, -1
67, 70, -1
67, 109, -1
67, 103, -1
67, 184, -1
67, 180, -1
67, 201, -1
67, 193, -1
67, 185, -1
67, 189, -1
67, 207, -1
171, 67, -1
163, 67, -1
173, 67, -1
166, 67, -1
174, 67, -1
171, 107, -1
171, 106, -1
171, 111, -1
171, 70, -1
171, 109, -1
171, 103, -1
163, 107, -1
163, 106, -1
163, 111, -1
163, 70, -1
163, 109, -1
163, 103, -1
173, 107, -1
173, 106, -1
173, 111, -1
173, 70, -1
173, 109, -1
173, 103, -1
166, 107, -1
166, 106, -1
166, 111, -1
166, 70, -1
166, 109, -1
166, 103, -1
174, 107, -1
174, 106, -1
174, 111, -1
174, 70, -1
174, 109, -1
174, 103, -1
171, 184, -1
171, 180, -1
163, 184, -1
163, 180, -1
173, 184, -1
173, 180, -1
166, 184, -1
166, 180, -1
174, 184, -1
174, 180, -1
171, 201, -1
171, 193, -1
171, 185, -1
171, 189, -1
171, 207, -1
163, 201, -1
163, 193, -1
163, 185, -1
163, 189, -1
163, 207, -1
173, 201, -1
173, 193, -1
173, 185, -1
173, 189, -1
173, 207, -1
166, 201, -1
166, 193, -1
166, 185, -1
166, 189, -1
166, 207, -1
174, 201, -1
174, 193, -1
174, 185, -1
174, 189, -1
174, 207, -1
107, 67, -1
106, 67, -1
111, 67, -1
70, 67, -1
109, 67, -1
103, 67, -1
107, 171, -1
107, 163, -1
107, 173, -1
107, 166, -1
107, 174, -1
106, 171, -1
106, 163, -1
106, 173, -1
106, 166, -1
106, 174, -1
111, 171, -1
111, 163, -1
111, 173, -1
111, 166, -1
111, 174, -1
70, 171, -1
70, 163, -1
70, 173, -1
70, 166, -1
70, 174, -1
109, 171, -1
109, 163, -1
109, 173, -1
109, 166, -1
109, 174, -1
103, 171, -1
103, 163, -1
103, 173, -1
103, 166, -1
103, 174, -1
107, 184, -1
107, 180, -1
106, 184, -1
106, 180, -1
111, 184, -1
111, 180, -1
70, 184, -1
70, 180, -1
109, 184, -1
109, 180, -1
103, 184, -1
103, 180, -1
107, 201, -1
107, 193, -1
107, 185, -1
107, 189, -1
107, 207, -1
106, 201, -1
106, 193, -1
106, 185, -1
106, 189, -1
106, 207, -1
111, 201, -1
111, 193, -1
111, 185, -1
111, 189, -1
111, 207, -1
70, 201, -1
70, 193, -1
70, 185, -1
70, 189, -1
70, 207, -1
109, 201, -1
109, 193, -1
109, 185, -1
109, 189, -1
109, 207, -1
103, 201, -1
103, 193, -1
103, 185, -1
103, 189, -1
103, 207, -1
184, 67, -1
180, 67, -1
184, 171, -1
184, 163, -1
184, 173, -1
184, 166, -1
184, 174, -1
180, 171, -1
180, 163, -1
180, 173, -1
180, 166, -1
180, 174, -1
184, 107, -1
184, 106, -1
184, 111, -1
184, 70, -1
184, 109, -1
184, 103, -1
180, 107, -1
180, 106, -1
180, 111, -1
180, 70, -1
180, 109, -1
180, 103, -1
184, 201, -1
184, 193, -1
184, 185, -1
184, 189, -1
184, 207, -1
180, 201, -1
180, 193, -1
180, 185, -1
180, 189, -1
180, 207, -1
201, 67, -1
193, 67, -1
185, 67, -1
189, 67, -1
207, 67, -1
201, 171, -1
201, 163, -1
201, 173, -1
201, 166, -1
201, 174, -1
193, 171, -1
193, 163, -1
193, 173, -1
193, 166, -1
193, 174, -1
185, 171, -1
185, 163, -1
185, 173, -1
185, 166, -1
185, 174, -1
189, 171, -1
189, 163, -1
189, 173, -1
189, 166, -1
189, 174, -1
207, 171, -1
207, 163, -1
207, 173, -1
207, 166, -1
207, 174, -1
201, 107, -1
201, 106, -1
201, 111, -1
201, 70, -1
201, 109, -1
201, 103, -1
193, 107, -1
193, 106, -1
193, 111, -1
193, 70, -1
193, 109, -1
193, 103, -1
185, 107, -1
185, 106, -1
185, 111, -1
185, 70, -1
185, 109, -1
185, 103, -1
189, 107, -1
189, 106, -1
189, 111, -1
189, 70, -1
189, 109, -1
189, 103, -1
207, 107, -1
207, 106, -1
207, 111, -1
207, 70, -1
207, 109, -1
207, 103, -1
201, 184, -1
201, 180, -1
193, 184, -1
193, 180, -1
185, 184, -1
185, 180, -1
189, 184, -1
189, 180, -1
207, 184, -1
207, 180, -1

171, 163, 1
171, 173, 1
171, 166, 1
171, 174, 1
163, 171, 1
163, 173, 1
163, 166, 1
163, 174, 1
173, 171, 1
173, 163, 1
173, 166, 1
173, 174, 1
166, 171, 1
166, 163, 1
166, 173, 1
166, 174, 1
174, 171, 1
174, 163, 1
174, 173, 1
174, 166, 1
107, 106, 1
107, 111, 1
107, 70, 1
107, 109, 1
107, 103, 1
107, 138, 1
106, 107, 1
106, 111, 1
106, 70, 1
106, 109, 1
106, 103, 1
106, 138, 1
111, 107, 1
111, 106, 1
111, 70, 1
111, 109, 1
111, 103, 1
111, 138, 1
70, 107, 1
70, 106, 1
70, 111, 1
70, 109, 1
70, 103, 1
70, 138, 1
109, 107, 1
109, 106, 1
109, 111, 1
109, 70, 1
109, 103, 1
109, 138, 1
103, 107, 1
103, 106, 1
103, 111, 1
103, 70, 1
103, 109, 1
103, 138, 1
138, 107, 1
138, 106, 1
138, 111, 1
138, 70, 1
138, 109, 1
138, 103, 1
184, 180, 1
180, 184, 1
201, 193, 1
201, 185, 1
201, 189, 1
201, 207, 1
201, 188, 1
193, 201, 1
193, 185, 1
193, 189, 1
193, 207, 1
193, 188, 1
185, 201, 1
185, 193, 1
185, 189, 1
185, 207, 1
185, 188, 1
189, 201, 1
189, 193, 1
189, 185, 1
189, 207, 1
189, 188, 1
207, 201, 1
207, 193, 1
207, 185, 1
207, 189, 1
207, 188, 1
188, 201, 1
188, 193, 1
188, 185, 1
188, 189, 1
188, 207, 1
67, 171, -1
67, 163, -1
67, 173, -1
67, 166, -1
67, 174, -1
67, 107, -1
67, 106, -1
67, 111, -1
67, 70, -1
67, 109, -1
67, 103, -1
67, 138, -1
67, 184, -1
67, 180, -1
67, 201, -1
67, 193, -1
67, 185, -1
67, 189, -1
67, 207, -1
67, 188, -1
171, 67, -1
163, 67, -1
173, 67, -1
166, 67, -1
174, 67, -1
171, 107, -1
171, 106, -1
171, 111, -1
171, 70, -1
171, 109, -1
171, 103, -1
171, 138, -1
163, 107, -1
163, 106, -1
163, 111, -1
163, 70, -1
163, 109, -1
163, 103, -1
163, 138, -1
173, 107, -1
173, 106, -1
173, 111, -1
173, 70, -1
173, 109, -1
173, 103, -1
173, 138, -1
166, 107, -1
166, 106, -1
166, 111, -1
166, 70, -1
166, 109, -1
166, 103, -1
166, 138, -1
174, 107, -1
174, 106, -1
174, 111, -1
174, 70, -1
174, 109, -1
174, 103, -1
174, 138, -1
171, 184, -1
171, 180, -1
163, 184, -1
163, 180, -1
173, 184, -1
173, 180, -1
166, 184, -1
166, 180, -1
174, 184, -1
174, 180, -1
171, 201, -1
171, 193, -1
171, 185, -1
171, 189, -1
171, 207, -1
171, 188, -1
163, 201, -1
163, 193, -1
163, 185, -1
163, 189, -1
163, 207, -1
163, 188, -1
173, 201, -1
173, 193, -1
173, 185, -1
173, 189, -1
173, 207, -1
173, 188, -1
166, 201, -1
166, 193, -1
166, 185, -1
166, 189, -1
166, 207, -1
166, 188, -1
174, 201, -1
174, 193, -1
174, 185, -1
174, 189, -1
174, 207, -1
174, 188, -1
107, 67, -1
106, 67, -1
111, 67, -1
70, 67, -1
109, 67, -1
103, 67, -1
138, 67, -1
107, 171, -1
107, 163, -1
107, 173, -1
107, 166, -1
107, 174, -1
106, 171, -1
106, 163, -1
106, 173, -1
106, 166, -1
106, 174, -1
111, 171, -1
111, 163, -1
111, 173, -1
111, 166, -1
111, 174, -1
70, 171, -1
70, 163, -1
70, 173, -1
70, 166, -1
70, 174, -1
109, 171, -1
109, 163, -1
109, 173, -1
109, 166, -1
109, 174, -1
103, 171, -1
103, 163, -1
103, 173, -1
103, 166, -1
103, 174, -1
138, 171, -1
138, 163, -1
138, 173, -1
138, 166, -1
138, 174, -1
107, 184, -1
107, 180, -1
106, 184, -1
106, 180, -1
111, 184, -1
111, 180, -1
70, 184, -1
70, 180, -1
109, 184, -1
109, 180, -1
103, 184, -1
103, 180, -1
138, 184, -1
138, 180, -1
107, 201, -1
107, 193, -1
107, 185, -1
107, 189, -1
107, 207, -1
107, 188, -1
106, 201, -1
106, 193, -1
106, 185, -1
106, 189, -1
106, 207, -1
106, 188, -1
111, 201, -1
111, 193, -1
111, 185, -1
111, 189, -1
111, 207, -1
111, 188, -1
70, 201, -1
70, 193, -1
70, 185, -1
70, 189, -1
70, 207, -1
70, 188, -1
109, 201, -1
109, 193, -1
109, 185, -1
109, 189, -1
109, 207, -1
109, 188, -1
103, 201, -1
103, 193, -1
103, 185, -1
103, 189, -1
103, 207, -1
103, 188, -1
138, 201, -1
138, 193, -1
138, 185, -1
138, 189, -1
138, 207, -1
138, 188, -1
184, 67, -1
180, 67, -1
184, 171, -1
184, 163, -1
184, 173, -1
184, 166, -1
184, 174, -1
180, 171, -1
180, 163, -1
180, 173, -1
180, 166, -1
180, 174, -1
184, 107, -1
184, 106, -1
184, 111, -1
184, 70, -1
184, 109, -1
184, 103, -1
184, 138, -1
180, 107, -1
180, 106, -1
180, 111, -1
180, 70, -1
180, 109, -1
180, 103, -1
180, 138, -1
184, 201, -1
184, 193, -1
184, 185, -1
184, 189, -1
184, 207, -1
184, 188, -1
180, 201, -1
180, 193, -1
180, 185, -1
180, 189, -1
180, 207, -1
180, 188, -1
201, 67, -1
193, 67, -1
185, 67, -1
189, 67, -1
207, 67, -1
188, 67, -1
201, 171, -1
201, 163, -1
201, 173, -1
201, 166, -1
201, 174, -1
193, 171, -1
193, 163, -1
193, 173, -1
193, 166, -1
193, 174, -1
185, 171, -1
185, 163, -1
185, 173, -1
185, 166, -1
185, 174, -1
189, 171, -1
189, 163, -1
189, 173, -1
189, 166, -1
189, 174, -1
207, 171, -1
207, 163, -1
207, 173, -1
207, 166, -1
207, 174, -1
188, 171, -1
188, 163, -1
188, 173, -1
188, 166, -1
188, 174, -1
201, 107, -1
201, 106, -1
201, 111, -1
201, 70, -1
201, 109, -1
201, 103, -1
201, 138, -1
193, 107, -1
193, 106, -1
193, 111, -1
193, 70, -1
193, 109, -1
193, 103, -1
193, 138, -1
185, 107, -1
185, 106, -1
185, 111, -1
185, 70, -1
185, 109, -1
185, 103, -1
185, 138, -1
189, 107, -1
189, 106, -1
189, 111, -1
189, 70, -1
189, 109, -1
189, 103, -1
189, 138, -1
207, 107, -1
207, 106, -1
207, 111, -1
207, 70, -1
207, 109, -1
207, 103, -1
207, 138, -1
188, 107, -1
188, 106, -1
188, 111, -1
188, 70, -1
188, 109, -1
188, 103, -1
188, 138, -1
201, 184, -1
201, 180, -1
193, 184, -1
193, 180, -1
185, 184, -1
185, 180, -1
189, 184, -1
189, 180, -1
207, 184, -1
207, 180, -1
188, 184, -1
188, 180, -1

171, 163, 1
171, 173, 1
171, 166, 1
171, 174, 1
171, 168, 1
163, 171, 1
163, 173, 1
163, 166, 1
163, 174, 1
163, 168, 1
173, 171, 1
173, 163, 1
173, 166, 1
173, 174, 1
173, 168, 1
166, 171, 1
166, 163, 1
166, 173, 1
166, 174, 1
166, 168, 1
174, 171, 1
174, 163, 1
174, 173, 1
174, 166, 1
174, 168, 1
168, 171, 1
168, 163, 1
168, 173, 1
168, 166, 1
168, 174, 1
107, 106, 1
107, 111, 1
107, 70, 1
107, 109, 1
107, 103, 1
107, 138, 1
107, 105, 1
106, 107, 1
106, 111, 1
106, 70, 1
106, 109, 1
106, 103, 1
106, 138, 1
106, 105, 1
111, 107, 1
111, 106, 1
111, 70, 1
111, 109, 1
111, 103, 1
111, 138, 1
111, 105, 1
70, 107, 1
70, 106, 1
70, 111, 1
70, 109, 1
70, 103, 1
70, 138, 1
70, 105, 1
109, 107, 1
109, 106, 1
109, 111, 1
109, 70, 1
109, 103, 1
109, 138, 1
109, 105, 1
103, 107, 1
103, 106, 1
103, 111, 1
103, 70, 1
103, 109, 1
103, 138, 1
103, 105, 1
138, 107, 1
138, 106, 1
138, 111, 1
138, 70, 1
138, 109, 1
138, 103, 1
138, 105, 1
105, 107, 1
105, 106, 1
105, 111, 1
105, 70, 1
105, 109, 1
105, 103, 1
105, 138, 1
184, 180, 1
184, 181, 1
180, 184, 1
180, 181, 1
181, 184, 1
181, 180, 1
201, 193, 1
201, 185, 1
201, 189, 1
201, 207, 1
201, 188, 1
193, 201, 1
193, 185, 1
193, 189, 1
193, 207, 1
193, 188, 1
185, 201, 1
185, 193, 1
185, 189, 1
185, 207, 1
185, 188, 1
189, 201, 1
189, 193, 1
189, 185, 1
189, 207, 1
189, 188, 1
207, 201, 1
207, 193, 1
207, 185, 1
207, 189, 1
207, 188, 1
188, 201, 1
188, 193, 1
188, 185, 1
188, 189, 1
188, 207, 1
67, 171, -1
67, 163, -1
67, 173, -1
67, 166, -1
67, 174, -1
67, 168, -1
67, 107, -1
67, 106, -1
67, 111, -1
67, 70, -1
67, 109, -1
67, 103, -1
67, 138, -1
67, 105, -1
67, 184, -1
67, 180, -1
67, 181, -1
67, 201, -1
67, 193, -1
67, 185, -1
67, 189, -1
67, 207, -1
67, 188, -1
171, 67, -1
163, 67, -1
173, 67, -1
166, 67, -1
174, 67, -1
168, 67, -1
171, 107, -1
171, 106, -1
171, 111, -1
171, 70, -1
171, 109, -1
171, 103, -1
171, 138, -1
171, 105, -1
163, 107, -1
163, 106, -1
163, 111, -1
163, 70, -1
163, 109, -1
163, 103, -1
163, 138, -1
163, 105, -1
173, 107, -1
173, 106, -1
173, 111, -1
173, 70, -1
173, 109, -1
173, 103, -1
173, 138, -1
173, 105, -1
166, 107, -1
166, 106, -1
166, 111, -1
166, 70, -1
166, 109, -1
166, 103, -1
166, 138, -1
166, 105, -1
174, 107, -1
174, 106, -1
174, 111, -1
174, 70, -1
174, 109, -1
174, 103, -1
174, 138, -1
174, 105, -1
168, 107, -1
168, 106, -1
168, 111, -1
168, 70, -1
168, 109, -1
168, 103, -1
168, 138, -1
168, 105, -1
171, 184, -1
171, 180, -1
171, 181, -1
163, 184, -1
163, 180, -1
163, 181, -1
173, 184, -1
173, 180, -1
173, 181, -1
166, 184, -1
166, 180, -1
166, 181, -1
174, 184, -1
174, 180, -1
174, 181, -1
168, 184, -1
168, 180, -1
168, 181, -1
171, 201, -1
171, 193, -1
171, 185, -1
171, 189, -1
171, 207, -1
171, 188, -1
163, 201, -1
163, 193, -1
163, 185, -1
163, 189, -1
163, 207, -1
163, 188, -1
173, 201, -1
173, 193, -1
173, 185, -1
173, 189, -1
173, 207, -1
173, 188, -1
166, 201, -1
166, 193, -1
166, 185, -1
166, 189, -1
166, 207, -1
166, 188, -1
174, 201, -1
174, 193, -1
174, 185, -1
174, 189, -1
174, 207, -1
174, 188, -1
168, 201, -1
168, 193, -1
168, 185, -1
168, 189, -1
168, 207, -1
168, 188, -1
107, 67, -1
106, 67, -1
111, 67, -1
70, 67, -1
109, 67, -1
103, 67, -1
138, 67, -1
105, 67, -1
107, 171, -1
107, 163, -1
107, 173, -1
107, 166, -1
107, 174, -1
107, 168, -1
106, 171, -1
106, 163, -1
106, 173, -1
106, 166, -1
106, 174, -1
106, 168, -1
111, 171, -1
111, 163, -1
111, 173, -1
111, 166, -1
111, 174, -1
111, 168, -1
70, 171, -1
70, 163, -1
70, 173, -1
70, 166, -1
70, 174, -1
70, 168, -1
109, 171, -1
109, 163, -1
109, 173, -1
109, 166, -1
109, 174, -1
109, 168, -1
103, 171, -1
103, 163, -1
103, 173, -1
103, 166, -1
103, 174, -1
103, 168, -1
138, 171, -1
138, 163, -1
138, 173, -1
138, 166, -1
138, 174, -1
138, 168, -1
105, 171, -1
105, 163, -1
105, 173, -1
105, 166, -1
105, 174, -1
105, 168, -1
107, 184, -1
107, 180, -1
107, 181, -1
106, 184, -1
106, 180, -1
106, 181, -1
111, 184, -1
111, 180, -1
111, 181, -1
70, 184, -1
70, 180, -1
70, 181, -1
109, 184, -1
109, 180, -1
109, 181, -1
103, 184, -1
103, 180, -1
103, 181, -1
138, 184, -1
138, 180, -1
138, 181, -1
105, 184, -1
105, 180, -1
105, 181, -1
107, 201, -1
107, 193, -1
107, 185, -1
107, 189, -1
107, 207, -1
107, 188, -1
106, 201, -1
106, 193, -1
106, 185, -1
106, 189, -1
106, 207, -1
106, 188, -1
111, 201, -1
111, 193, -1
111, 185, -1
111, 189, -1
111, 207, -1
111, 188, -1
70, 201, -1
70, 193, -1
70, 185, -1
70, 189, -1
70, 207, -1
70, 188, -1
109, 201, -1
109, 193, -1
109, 185, -1
109, 189, -1
109, 207, -1
109, 188, -1
103, 201, -1
103, 193, -1
103, 185, -1
103, 189, -1
103, 207, -1
103, 188, -1
138, 201, -1
138, 193, -1
138, 185, -1
138, 189, -1
138, 207, -1
138, 188, -1
105, 201, -1
105, 193, -1
105, 185, -1
105, 189, -1
105, 207, -1
105, 188, -1
184, 67, -1
180, 67, -1
181, 67, -1
184, 171, -1
184, 163, -1
184, 173, -1
184, 166, -1
184, 174, -1
184, 168, -1
180, 171, -1
180, 163, -1
180, 173, -1
180, 166, -1
180, 174, -1
180, 168, -1
181, 171, -1
181, 163, -1
181, 173, -1
181, 166, -1
181, 174, -1
181, 168, -1
184, 107, -1
184, 106, -1
184, 111, -1
184, 70, -1
184, 109, -1
184, 103, -1
184, 138, -1
184, 105, -1
180, 107, -1
180, 106, -1
180, 111, -1
180, 70, -1
180, 109, -1
180, 103, -1
180, 138, -1
180, 105, -1
181, 107, -1
181, 106, -1
181, 111, -1
181, 70, -1
181, 109, -1
181, 103, -1
181, 138, -1
181, 105, -1
184, 201, -1
184, 193, -1
184, 185, -1
184, 189, -1
184, 207, -1
184, 188, -1
180, 201, -1
180, 193, -1
180, 185, -1
180, 189, -1
180, 207, -1
180, 188, -1
181, 201, -1
181, 193, -1
181, 185, -1
181, 189, -1
181, 207, -1
181, 188, -1
201, 67, -1
193, 67, -1
185, 67, -1
189, 67, -1
207, 67, -1
188, 67, -1
201, 171, -1
201, 163, -1
201, 173, -1
201, 166, -1
201, 174, -1
201, 168, -1
193, 171, -1
193, 163, -1
193, 173, -1
193, 166, -1
193, 174, -1
193, 168, -1
185, 171, -1
185, 163, -1
185, 173, -1
185, 166, -1
185, 174, -1
185, 168, -1
189, 171, -1
189, 163, -1
189, 173, -1
189, 166, -1
189, 174, -1
189, 168, -1
207, 171, -1
207, 163, -1
207, 173, -1
207, 166, -1
207, 174, -1
207, 168, -1
188, 171, -1
188, 163, -1
188, 173, -1
188, 166, -1
188, 174, -1
188, 168, -1
201, 107, -1
201, 106, -1
201, 111, -1
201, 70, -1
201, 109, -1
201, 103, -1
201, 138, -1
201, 105, -1
193, 107, -1
193, 106, -1
193, 111, -1
193, 70, -1
193, 109, -1
193, 103, -1
193, 138, -1
193, 105, -1
185, 107, -1
185, 106, -1
185, 111, -1
185, 70, -1
185, 109, -1
185, 103, -1
185, 138, -1
185, 105, -1
189, 107, -1
189, 106, -1
189, 111, -1
189, 70, -1
189, 109, -1
189, 103, -1
189, 138, -1
189, 105, -1
207, 107, -1
207, 106, -1
207, 111, -1
207, 70, -1
207, 109, -1
207, 103, -1
207, 138, -1
207, 105, -1
188, 107, -1
188, 106, -1
188, 111, -1
188, 70, -1
188, 109, -1
188, 103, -1
188, 138, -1
188, 105, -1
201, 184, -1
201, 180, -1
201, 181, -1
193, 184, -1
193, 180, -1
193, 181, -1
185, 184, -1
185, 180, -1
185, 181, -1
189, 184, -1
189, 180, -1
189, 181, -1
207, 184, -1
207, 180, -1
207, 181, -1
188, 184, -1
188, 180, -1
188, 181, -1

67, 21, 1
21, 67, 1
171, 163, 1
171, 173, 1
171, 166, 1
171, 174, 1
171, 168, 1
163, 171, 1
163, 173, 1
163, 166, 1
163, 174, 1
163, 168, 1
173, 171, 1
173, 163, 1
173, 166, 1
173, 174, 1
173, 168, 1
166, 171, 1
166, 163, 1
166, 173, 1
166, 174, 1
166, 168, 1
174, 171, 1
174, 163, 1
174, 173, 1
174, 166, 1
174, 168, 1
168, 171, 1
168, 163, 1
168, 173, 1
168, 166, 1
168, 174, 1
107, 106, 1
107, 111, 1
107, 70, 1
107, 109, 1
107, 103, 1
107, 138, 1
107, 105, 1
107, 112, 1
106, 107, 1
106, 111, 1
106, 70, 1
106, 109, 1
106, 103, 1
106, 138, 1
106, 105, 1
106, 112, 1
111, 107, 1
111, 106, 1
111, 70, 1
111, 109, 1
111, 103, 1
111, 138, 1
111, 105, 1
111, 112, 1
70, 107, 1
70, 106, 1
70, 111, 1
70, 109, 1
70, 103, 1
70, 138, 1
70, 105, 1
70, 112, 1
109, 107, 1
109, 106, 1
109, 111, 1
109, 70, 1
109, 103, 1
109, 138, 1
109, 105, 1
109, 112, 1
103, 107, 1
103, 106, 1
103, 111, 1
103, 70, 1
103, 109, 1
103, 138, 1
103, 105, 1
103, 112, 1
138, 107, 1
138, 106, 1
138, 111, 1
138, 70, 1
138, 109, 1
138, 103, 1
138, 105, 1
138, 112, 1
105, 107, 1
105, 106, 1
105, 111, 1
105, 70, 1
105, 109, 1
105, 103, 1
105, 138, 1
105, 112, 1
112, 107, 1
112, 106, 1
112, 111, 1
112, 70, 1
112, 109, 1
112, 103, 1
112, 138, 1
112, 105, 1
184, 180, 1
184, 181, 1
180, 184, 1
180, 181, 1
181, 184, 1
181, 180, 1
201, 193, 1
201, 185, 1
201, 189, 1
201, 207, 1
201, 188, 1
201, 190, 1
193, 201, 1
193, 185, 1
193, 189, 1
193, 207, 1
193, 188, 1
193, 190, 1
185, 201, 1
185, 193, 1
185, 189, 1
185, 207, 1
185, 188, 1
185, 190, 1
189, 201, 1
189, 193, 1
189, 185, 1
189, 207, 1
189, 188, 1
189, 190, 1
207, 201, 1
207, 193, 1
207, 185, 1
207, 189, 1
207, 188, 1
207, 190, 1
188, 201, 1
188, 193, 1
188, 185, 1
188, 189, 1
188, 207, 1
188, 190, 1
190, 201, 1
190, 193, 1
190, 185, 1
190, 189, 1
190, 207, 1
190, 188, 1
67, 171, -1
67, 163, -1
67, 173, -1
67, 166, -1
67, 174, -1
67, 168, -1
21, 171, -1
21, 163, -1
21, 173, -1
21, 166, -1
21, 174, -1
21, 168, -1
67, 107, -1
67, 106, -1
67, 111, -1
67, 70, -1
67, 109, -1
67, 103, -1
67, 138, -1
67, 105, -1
67, 112, -1
21, 107, -1
21, 106, -1
21, 111, -1
21, 70, -1
21, 109, -1
21, 103, -1
21, 138, -1
21, 105, -1
21, 112, -1
67, 184, -1
67, 180, -1
67, 181, -1
21, 184, -1
21, 180, -1
21, 181, -1
67, 201, -1
67, 193, -1
67, 185, -1
67, 189, -1
67, 207, -1
67, 188, -1
67, 190, -1
21, 201, -1
21, 193, -1
21, 185, -1
21, 189, -1
21, 207, -1
21, 188, -1
21, 190, -1
171, 67, -1
171, 21, -1
163, 67, -1
163, 21, -1
173, 67, -1
173, 21, -1
166, 67, -1
166, 21, -1
174, 67, -1
174, 21, -1
168, 67, -1
168, 21, -1
171, 107, -1
171, 106, -1
171, 111, -1
171, 70, -1
171, 109, -1
171, 103, -1
171, 138, -1
171, 105, -1
171, 112, -1
163, 107, -1
163, 106, -1
163, 111, -1
163, 70, -1
163, 109, -1
163, 103, -1
163, 138, -1
163, 105, -1
163, 112, -1
173, 107, -1
173, 106, -1
173, 111, -1
173, 70, -1
173, 109, -1
173, 103, -1
173, 138, -1
173, 105, -1
173, 112, -1
166, 107, -1
166, 106, -1
166, 111, -1
166, 70, -1
166, 109, -1
166, 103, -1
166, 138, -1
166, 105, -1
166, 112, -1
174, 107, -1
174, 106, -1
174, 111, -1
174, 70, -1
174, 109, -1
174, 103, -1
174, 138, -1
174, 105, -1
174, 112, -1
168, 107, -1
168, 106, -1
168, 111, -1
168, 70, -1
168, 109, -1
168, 103, -1
168, 138, -1
168, 105, -1
168, 112, -1
171, 184, -1
171, 180, -1
171, 181, -1
163, 184, -1
163, 180, -1
163, 181, -1
173, 184, -1
173, 180, -1
173, 181, -1
166, 184, -1
166, 180, -1
166, 181, -1
174, 184, -1
174, 180, -1
174, 181, -1
168, 184, -1
168, 180, -1
168, 181, -1
171, 201, -1
171, 193, -1
171, 185, -1
171, 189, -1
171, 207, -1
171, 188, -1
171, 190, -1
163, 201, -1
163, 193, -1
163, 185, -1
163, 189, -1
163, 207, -1
163, 188, -1
163, 190, -1
173, 201, -1
173, 193, -1
173, 185, -1
173, 189, -1
173, 207, -1
173, 188, -1
173, 190, -1
166, 201, -1
166, 193, -1
166, 185, -1
166, 189, -1
166, 207, -1
166, 188, -1
166, 190, -1
174, 201, -1
174, 193, -1
174, 185, -1
174, 189, -1
174, 207, -1
174, 188, -1
174, 190, -1
168, 201, -1
168, 193, -1
168, 185, -1
168, 189, -1
168, 207, -1
168, 188, -1
168, 190, -1
107, 67, -1
107, 21, -1
106, 67, -1
106, 21, -1
111, 67, -1
111, 21, -1
70, 67, -1
70, 21, -1
109, 67, -1
109, 21, -1
103, 67, -1
103, 21, -1
138, 67, -1
138, 21, -1
105, 67, -1
105, 21, -1
112, 67, -1
112, 21, -1
107, 171, -1
107, 163, -1
107, 173, -1
107, 166, -1
107, 174, -1
107, 168, -1
106, 171, -1
106, 163, -1
106, 173, -1
106, 166, -1
106, 174, -1
106, 168, -1
111, 171, -1
111, 163, -1
111, 173, -1
111, 166, -1
111, 174, -1
111, 168, -1
70, 171, -1
70, 163, -1
70, 173, -1
70, 166, -1
70, 174, -1
70, 168, -1
109, 171, -1
109, 163, -1
109, 173, -1
109, 166, -1
109, 174, -1
109, 168, -1
103, 171, -1
103, 163, -1
103, 173, -1
103, 166, -1
103, 174, -1
103, 168, -1
138, 171, -1
138, 163, -1
138, 173, -1
138, 166, -1
138, 174, -1
138, 168, -1
105, 171, -1
105, 163, -1
105, 173, -1
105, 166, -1
105, 174, -1
105, 168, -1
112, 171, -1
112, 163, -1
112, 173, -1
112, 166, -1
112, 174, -1
112, 168, -1
107, 184, -1
107, 180, -1
107, 181, -1
106, 184, -1
106, 180, -1
106, 181, -1
111, 184, -1
111, 180, -1
111, 181, -1
70, 184, -1
70, 180, -1
70, 181, -1
109, 184, -1
109, 180, -1
109, 181, -1
103, 184, -1
103, 180, -1
103, 181, -1
138, 184, -1
138, 180, -1
138, 181, -1
105, 184, -1
105, 180, -1
105, 181, -1
112, 184, -1
112, 180, -1
112, 181, -1
107, 201, -1
107, 193, -1
107, 185, -1
107, 189, -1
107, 207, -1
107, 188, -1
107, 190, -1
106, 201, -1
106, 193, -1
106, 185, -1
106, 189, -1
106, 207, -1
106, 188, -1
106, 190, -1
111, 201, -1
111, 193, -1
111, 185, -1
111, 189, -1
111, 207, -1
111, 188, -1
111, 190, -1
70, 201, -1
70, 193, -1
70, 185, -1
70, 189, -1
70, 207, -1
70, 188, -1
70, 190, -1
109, 201, -1
109, 193, -1
109, 185, -1
109, 189, -1
109, 207, -1
109, 188, -1
109, 190, -1
103, 201, -1
103, 193, -1
103, 185, -1
103, 189, -1
103, 207, -1
103, 188, -1
103, 190, -1
138, 201, -1
138, 193, -1
138, 185, -1
138, 189, -1
138, 207, -1
138, 188, -1
138, 190, -1
105, 201, -1
105, 193, -1
105, 185, -1
105, 189, -1
105, 207, -1
105, 188, -1
105, 190, -1
112, 201, -1
112, 193, -1
112, 185, -1
112, 189, -1
112, 207, -1
112, 188, -1
112, 190, -1
184, 67, -1
184, 21, -1
180, 67, -1
180, 21, -1
181, 67, -1
181, 21, -1
184, 171, -1
184, 163, -1
184, 173, -1
184, 166, -1
184, 174, -1
184, 168, -1
180, 171, -1
180, 163, -1
180, 173, -1
180, 166, -1
180, 174, -1
180, 168, -1
181, 171, -1
181, 163, -1
181, 173, -1
181, 166, -1
181, 174, -1
181, 168, -1
184, 107, -1
184, 106, -1
184, 111, -1
184, 70, -1
184, 109, -1
184, 103, -1
184, 138, -1
184, 105, -1
184, 112, -1
180, 107, -1
180, 106, -1
180, 111, -1
180, 70, -1
180, 109, -1
180, 103, -1
180, 138, -1
180, 105, -1
180, 112, -1
181, 107, -1
181, 106, -1
181, 111, -1
181, 70, -1
181, 109, -1
181, 103, -1
181, 138, -1
181, 105, -1
181, 112, -1
184, 201, -1
184, 193, -1
184, 185, -1
184, 189, -1
184, 207, -1
184, 188, -1
184, 190, -1
180, 201, -1
180, 193, -1
180, 185, -1
180, 189, -1
180, 207, -1
180, 188, -1
180, 190, -1
181, 201, -1
181, 193, -1
181, 185, -1
181, 189, -1
181, 207, -1
181, 188, -1
181, 190, -1
201, 67, -1
201, 21, -1
193, 67, -1
193, 21, -1
185, 67, -1
185, 21, -1
189, 67, -1
189, 21, -1
207, 67, -1
207, 21, -1
188, 67, -1
188, 21, -1
190, 67, -1
190, 21, -1
201, 171, -1
201, 163, -1
201, 173, -1
201, 166, -1
201, 174, -1
201, 168, -1
193, 171, -1
193, 163, -1
193, 173, -1
193, 166, -1
193, 174, -1
193, 168, -1
185, 171, -1
185, 163, -1
185, 173, -1
185, 166, -1
185, 174, -1
185, 168, -1
189, 171, -1
189, 163, -1
189, 173, -1
189, 166, -1
189, 174, -1
189, 168, -1
207, 171, -1
207, 163, -1
207, 173, -1
207, 166, -1
207, 174, -1
207, 168, -1
188, 171, -1
188, 163, -1
188, 173, -1
188, 166, -1
188, 174, -1
188, 168, -1
190, 171, -1
190, 163, -1
190, 173, -1
190, 166, -1
190, 174, -1
190, 168, -1
201, 107, -1
201, 106, -1
201, 111, -1
201, 70, -1
201, 109, -1
201, 103, -1
201, 138, -1
201, 105, -1
201, 112, -1
193, 107, -1
193, 106, -1
193, 111, -1
193, 70, -1
193, 109, -1
193, 103, -1
193, 138, -1
193, 105, -1
193, 112, -1
185, 107, -1
185, 106, -1
185, 111, -1
185, 70, -1
185, 109, -1
185, 103, -1
185, 138, -1
185, 105, -1
185, 112, -1
189, 107, -1
189, 106, -1
189, 111, -1
189, 70, -1
189, 109, -1
189, 103, -1
189, 138, -1
189, 105, -1
189, 112, -1
207, 107, -1
207, 106, -1
207, 111, -1
207, 70, -1
207, 109, -1
207, 103, -1
207, 138, -1
207, 105, -1
207, 112, -1
188, 107, -1
188, 106, -1
188, 111, -1
188, 70, -1
188, 109, -1
188, 103, -1
188, 138, -1
188, 105, -1
188, 112, -1
190, 107, -1
190, 106, -1
190, 111, -1
190, 70, -1
190, 109, -1
190, 103, -1
190, 138, -1
190, 105, -1
190, 112, -1
201, 184, -1
201, 180, -1
201, 181, -1
193, 184, -1
193, 180, -1
193, 181, -1
185, 184, -1
185, 180, -1
185, 181, -1
189, 184, -1
189, 180, -1
189, 181, -1
207, 184, -1
207, 180, -1
207, 181, -1
188, 184, -1
188, 180, -1
188, 181, -1
190, 184, -1
190, 180, -1
190, 181, -1

