92, 126, 1
128, 126, 1
128, 92, 1
191, 185, 1
201, 185, 1
201, 191, 1
133, 126, 1
133, 92, 1
133, 128, 1
189, 185, 1
189, 191, 1
189, 201, 1
185, 126, -1
185, 92, -1
185, 128, -1
191, 126, -1
191, 92, -1
191, 128, -1
201, 126, -1
201, 92, -1
201, 128, -1
133, 185, -1
133, 191, -1
133, 201, -1
189, 126, -1
189, 92, -1
189, 128, -1
189, 133, -1

107, 126, 1
107, 92, 1
107, 128, 1
107, 133, 1
107, 116, 1
190, 185, 1
190, 191, 1
190, 201, 1
190, 189, 1
190, 190, 1
53, 50, 1
107, 185, -1
107, 191, -1
107, 201, -1
107, 189, -1
107, 190, -1
50, 126, -1
50, 92, -1
50, 128, -1
50, 133, -1
50, 116, -1
50, 107, -1
50, 185, -1
50, 191, -1
50, 201, -1
50, 189, -1
50, 190, -1
190, 126, -1
190, 92, -1
190, 128, -1
190, 133, -1
190, 116, -1
190, 107, -1
190, 50, -1
53, 126, -1
53, 92, -1
53, 128, -1
53, 133, -1
53, 116, -1
53, 107, -1
53, 185, -1
53, 191, -1
53, 201, -1
53, 189, -1
53, 190, -1
53, 190, -1

112, 126, 1
112, 92, 1
112, 128, 1
112, 133, 1
112, 116, 1
112, 107, 1
112, 124, 1
105, 126, 1
105, 92, 1
105, 128, 1
105, 133, 1
105, 116, 1
105, 107, 1
105, 124, 1
105, 112, 1
124, 126, 1
124, 92, 1
124, 128, 1
124, 133, 1
124, 116, 1
124, 107, 1
124, 124, 1
124, 112, 1
124, 105, 1
61, 50, 1
61, 53, 1
112, 185, -1
112, 191, -1
112, 201, -1
112, 189, -1
112, 190, -1
112, 190, -1
112, 50, -1
112, 53, -1
105, 185, -1
105, 191, -1
105, 201, -1
105, 189, -1
105, 190, -1
105, 190, -1
105, 50, -1
105, 53, -1
124, 185, -1
124, 191, -1
124, 201, -1
124, 189, -1
124, 190, -1
124, 190, -1
124, 50, -1
124, 53, -1
61, 126, -1
61, 92, -1
61, 128, -1
61, 133, -1
61, 116, -1
61, 107, -1
61, 124, -1
61, 112, -1
61, 105, -1
61, 124, -1
61, 185, -1
61, 191, -1
61, 201, -1
61, 189, -1
61, 190, -1
61, 190, -1

186, 185, 1
186, 191, 1
186, 201, 1
186, 189, 1
186, 190, 1
186, 190, 1
109, 126, 1
109, 92, 1
109, 128, 1
109, 133, 1
109, 116, 1
109, 107, 1
109, 124, 1
109, 112, 1
109, 105, 1
109, 124, 1
187, 185, 1
187, 191, 1
187, 201, 1
187, 189, 1
187, 190, 1
187, 190, 1
187, 186, 1
186, 126, -1
186, 92, -1
186, 128, -1
186, 133, -1
186, 116, -1
186, 107, -1
186, 124, -1
186, 112, -1
186, 105, -1
186, 124, -1
186, 50, -1
186, 53, -1
186, 61, -1
109, 185, -1
109, 191, -1
109, 201, -1
109, 189, -1
109, 190, -1
109, 190, -1
109, 186, -1
109, 50, -1
109, 53, -1
109, 61, -1
183, 126, -1
183, 92, -1
183, 128, -1
183, 133, -1
183, 116, -1
183, 107, -1
183, 124, -1
183, 112, -1
183, 105, -1
183, 124, -1
183, 109, -1
183, 185, -1
183, 191, -1
183, 201, -1
183, 189, -1
183, 190, -1
183, 190, -1
183, 186, -1
183, 50, -1
183, 53, -1
183, 61, -1
187, 126, -1
187, 92, -1
187, 128, -1
187, 133, -1
187, 116, -1
187, 107, -1
187, 124, -1
187, 112, -1
187, 105, -1
187, 124, -1
187, 109, -1
187, 50, -1
187, 53, -1
187, 61, -1
187, 183, -1

206, 185, 1
206, 191, 1
206, 201, 1
206, 189, 1
206, 190, 1
206, 190, 1
206, 186, 1
206, 187, 1
206, 206, 1
163, 126, -1
163, 92, -1
163, 128, -1
163, 133, -1
163, 116, -1
163, 107, -1
163, 124, -1
163, 112, -1
163, 105, -1
163, 124, -1
163, 109, -1
163, 115, -1
163, 185, -1
163, 191, -1
163, 201, -1
163, 189, -1
163, 190, -1
163, 190, -1
163, 186, -1
163, 187, -1
163, 206, -1
163, 50, -1
163, 53, -1
163, 61, -1
163, 183, -1
206, 126, -1
206, 92, -1
206, 128, -1
206, 133, -1
206, 116, -1
206, 107, -1
206, 124, -1
206, 112, -1
206, 105, -1
206, 124, -1
206, 109, -1
206, 115, -1
206, 50, -1
206, 53, -1
206, 61, -1
206, 183, -1
206, 163, -1

106, 126, 1
106, 92, 1
106, 128, 1
106, 133, 1
106, 116, 1
106, 107, 1
106, 124, 1
106, 112, 1
106, 105, 1
106, 124, 1
106, 109, 1
106, 115, 1
188, 185, 1
188, 191, 1
188, 201, 1
188, 189, 1
188, 190, 1
188, 190, 1
188, 186, 1
188, 187, 1
188, 206, 1
188, 206, 1
174, 163, 1
106, 185, -1
106, 191, -1
106, 201, -1
106, 189, -1
106, 190, -1
106, 190, -1
106, 186, -1
106, 187, -1
106, 206, -1
106, 206, -1
106, 50, -1
106, 53, -1
106, 61, -1
106, 183, -1
106, 163, -1
188, 126, -1
188, 92, -1
188, 128, -1
188, 133, -1
188, 116, -1
188, 107, -1
188, 124, -1
188, 112, -1
188, 105, -1
188, 124, -1
188, 109, -1
188, 115, -1
188, 106, -1
188, 50, -1
188, 53, -1
188, 61, -1
188, 183, -1
188, 163, -1
174, 126, -1
174, 92, -1
174, 128, -1
174, 133, -1
174, 116, -1
174, 107, -1
174, 124, -1
174, 112, -1
174, 105, -1
174, 124, -1
174, 109, -1
174, 115, -1
174, 106, -1
174, 185, -1
174, 191, -1
174, 201, -1
174, 189, -1
174, 190, -1
174, 190, -1
174, 186, -1
174, 187, -1
174, 206, -1
174, 206, -1
174, 188, -1
174, 50, -1
174, 53, -1
174, 61, -1
174, 183, -1

130, 126, 1
130, 92, 1
130, 128, 1
130, 133, 1
130, 116, 1
130, 107, 1
130, 124, 1
130, 112, 1
130, 105, 1
130, 124, 1
130, 109, 1
130, 115, 1
130, 106, 1
130, 120, 1
164, 163, 1
164, 174, 1
98, 126, 1
98, 92, 1
98, 128, 1
98, 133, 1
98, 116, 1
98, 107, 1
98, 124, 1
98, 112, 1
98, 105, 1
98, 124, 1
98, 109, 1
98, 115, 1
98, 106, 1
98, 120, 1
98, 130, 1
130, 185, -1
130, 191, -1
130, 201, -1
130, 189, -1
130, 190, -1
130, 190, -1
130, 186, -1
130, 187, -1
130, 206, -1
130, 206, -1
130, 188, -1
130, 50, -1
130, 53, -1
130, 61, -1
130, 183, -1
130, 163, -1
130, 174, -1
164, 126, -1
164, 92, -1
164, 128, -1
164, 133, -1
164, 116, -1
164, 107, -1
164, 124, -1
164, 112, -1
164, 105, -1
164, 124, -1
164, 109, -1
164, 115, -1
164, 106, -1
164, 120, -1
164, 130, -1
164, 185, -1
164, 191, -1
164, 201, -1
164, 189, -1
164, 190, -1
164, 190, -1
164, 186, -1
164, 187, -1
164, 206, -1
164, 206, -1
164, 188, -1
164, 50, -1
164, 53, -1
164, 61, -1
164, 183, -1
98, 185, -1
98, 191, -1
98, 201, -1
98, 189, -1
98, 190, -1
98, 190, -1
98, 186, -1
98, 187, -1
98, 206, -1
98, 206, -1
98, 188, -1
98, 50, -1
98, 53, -1
98, 61, -1
98, 183, -1
98, 163, -1
98, 174, -1
98, 164, -1

168, 163, 1
168, 174, 1
168, 164, 1
104, 126, 1
104, 92, 1
104, 128, 1
104, 133, 1
104, 116, 1
104, 107, 1
104, 124, 1
104, 112, 1
104, 105, 1
104, 124, 1
104, 109, 1
104, 115, 1
104, 106, 1
104, 120, 1
104, 130, 1
104, 98, 1
104, 141, 1
168, 126, -1
168, 92, -1
168, 128, -1
168, 133, -1
168, 116, -1
168, 107, -1
168, 124, -1
168, 112, -1
168, 105, -1
168, 124, -1
168, 109, -1
168, 115, -1
168, 106, -1
168, 120, -1
168, 130, -1
168, 98, -1
168, 141, -1
168, 185, -1
168, 191, -1
168, 201, -1
168, 189, -1
168, 190, -1
168, 190, -1
168, 186, -1
168, 187, -1
168, 206, -1
168, 206, -1
168, 188, -1
168, 50, -1
168, 53, -1
168, 61, -1
168, 183, -1
104, 185, -1
104, 191, -1
104, 201, -1
104, 189, -1
104, 190, -1
104, 190, -1
104, 186, -1
104, 187, -1
104, 206, -1
104, 206, -1
104, 188, -1
104, 50, -1
104, 53, -1
104, 61, -1
104, 183, -1
104, 163, -1
104, 174, -1
104, 164, -1
104, 168, -1

103, 126, 1
103, 92, 1
103, 128, 1
103, 133, 1
103, 116, 1
103, 107, 1
103, 124, 1
103, 112, 1
103, 105, 1
103, 124, 1
103, 109, 1
103, 115, 1
103, 106, 1
103, 120, 1
103, 130, 1
103, 98, 1
103, 141, 1
103, 104, 1
103, 113, 1
103, 185, -1
103, 191, -1
103, 201, -1
103, 189, -1
103, 190, -1
103, 190, -1
103, 186, -1
103, 187, -1
103, 206, -1
103, 206, -1
103, 188, -1
103, 50, -1
103, 53, -1
103, 61, -1
103, 183, -1
103, 163, -1
103, 174, -1
103, 164, -1
103, 168, -1
157, 126, -1
157, 92, -1
157, 128, -1
157, 133, -1
157, 116, -1
157, 107, -1
157, 124, -1
157, 112, -1
157, 105, -1
157, 124, -1
157, 109, -1
157, 115, -1
157, 106, -1
157, 120, -1
157, 130, -1
157, 98, -1
157, 141, -1
157, 104, -1
157, 113, -1
157, 103, -1
157, 185, -1
157, 191, -1
157, 201, -1
157, 189, -1
157, 190, -1
157, 190, -1
157, 186, -1
157, 187, -1
157, 206, -1
157, 206, -1
157, 188, -1
157, 50, -1
157, 53, -1
157, 61, -1
157, 183, -1
157, 163, -1
157, 174, -1
157, 164, -1
157, 168, -1

211, 185, 1
211, 191, 1
211, 201, 1
211, 189, 1
211, 190, 1
211, 190, 1
211, 186, 1
211, 187, 1
211, 206, 1
211, 206, 1
211, 188, 1
179, 183, 1
211, 126, -1
211, 92, -1
211, 128, -1
211, 133, -1
211, 116, -1
211, 107, -1
211, 124, -1
211, 112, -1
211, 105, -1
211, 124, -1
211, 109, -1
211, 115, -1
211, 106, -1
211, 120, -1
211, 130, -1
211, 98, -1
211, 141, -1
211, 104, -1
211, 113, -1
211, 103, -1
211, 50, -1
211, 53, -1
211, 61, -1
211, 183, -1
211, 163, -1
211, 174, -1
211, 164, -1
211, 168, -1
211, 157, -1
179, 126, -1
179, 92, -1
179, 128, -1
179, 133, -1
179, 116, -1
179, 107, -1
179, 124, -1
179, 112, -1
179, 105, -1
179, 124, -1
179, 109, -1
179, 115, -1
179, 106, -1
179, 120, -1
179, 130, -1
179, 98, -1
179, 141, -1
179, 104, -1
179, 113, -1
179, 103, -1
179, 185, -1
179, 191, -1
179, 201, -1
179, 189, -1
179, 190, -1
179, 190, -1
179, 186, -1
179, 187, -1
179, 206, -1
179, 206, -1
179, 188, -1
179, 211, -1
179, 50, -1
179, 53, -1
179, 61, -1
179, 163, -1
179, 174, -1
179, 164, -1
179, 168, -1
179, 157, -1

