107, 103, 1
103, 107, 1
171, 163, 1
163, 171, 1
180, 107, -1
180, 103, -1
180, 171, -1
180, 163, -1
107, 180, -1
103, 180, -1
107, 171, -1
107, 163, -1
103, 171, -1
103, 163, -1
171, 180, -1
163, 180, -1
171, 107, -1
171, 103, -1
163, 107, -1
163, 103, -1

107, 103, 1
107, 106, 1
103, 107, 1
103, 106, 1
106, 107, 1
106, 103, 1
171, 163, 1
171, 167, 1
163, 171, 1
163, 167, 1
167, 171, 1
167, 163, 1
180, 107, -1
180, 103, -1
180, 106, -1
180, 171, -1
180, 163, -1
180, 167, -1
180, 189, -1
107, 180, -1
103, 180, -1
106, 180, -1
107, 171, -1
107, 163, -1
107, 167, -1
103, 171, -1
103, 163, -1
103, 167, -1
106, 171, -1
106, 163, -1
106, 167, -1
107, 189, -1
103, 189, -1
106, 189, -1
171, 180, -1
163, 180, -1
167, 180, -1
171, 107, -1
171, 103, -1
171, 106, -1
163, 107, -1
163, 103, -1
163, 106, -1
167, 107, -1
167, 103, -1
167, 106, -1
171, 189, -1
163, 189, -1
167, 189, -1
189, 180, -1
189, 107, -1
189, 103, -1
189, 106, -1
189, 171, -1
189, 163, -1
189, 167, -1

180, 184, 1
184, 180, 1
107, 103, 1
107, 106, 1
103, 107, 1
103, 106, 1
106, 107, 1
106, 103, 1
171, 163, 1
171, 167, 1
163, 171, 1
163, 167, 1
167, 171, 1
167, 163, 1
189, 207, 1
189, 201, 1
207, 189, 1
207, 201, 1
201, 189, 1
201, 207, 1
180, 107, -1
180, 103, -1
180, 106, -1
184, 107, -1
184, 103, -1
184, 106, -1
180, 171, -1
180, 163, -1
180, 167, -1
184, 171, -1
184, 163, -1
184, 167, -1
180, 189, -1
180, 207, -1
180, 201, -1
184, 189, -1
184, 207, -1
184, 201, -1
107, 180, -1
107, 184, -1
103, 180, -1
103, 184, -1
106, 180, -1
106, 184, -1
107, 171, -1
107, 163, -1
107, 167, -1
103, 171, -1
103, 163, -1
103, 167, -1
106, 171, -1
106, 163, -1
106, 167, -1
107, 189, -1
107, 207, -1
107, 201, -1
103, 189, -1
103, 207, -1
103, 201, -1
106, 189, -1
106, 207, -1
106, 201, -1
171, 180, -1
171, 184, -1
163, 180, -1
163, 184, -1
167, 180, -1
167, 184, -1
171, 107, -1
171, 103, -1
171, 106, -1
163, 107, -1
163, 103, -1
163, 106, -1
167, 107, -1
167, 103, -1
167, 106, -1
171, 189, -1
171, 207, -1
171, 201, -1
163, 189, -1
163, 207, -1
163, 201, -1
167, 189, -1
167, 207, -1
167, 201, -1
189, 180, -1
189, 184, -1
207, 180, -1
207, 184, -1
201, 180, -1
201, 184, -1
189, 107, -1
189, 103, -1
189, 106, -1
207, 107, -1
207, 103, -1
207, 106, -1
201, 107, -1
201, 103, -1
201, 106, -1
189, 171, -1
189, 163, -1
189, 167, -1
207, 171, -1
207, 163, -1
207, 167, -1
201, 171, -1
201, 163, -1
201, 167, -1

180, 184, 1
184, 180, 1
107, 103, 1
107, 106, 1
107, 133, 1
107, 110, 1
103, 107, 1
103, 106, 1
103, 133, 1
103, 110, 1
106, 107, 1
106, 103, 1
106, 133, 1
106, 110, 1
133, 107, 1
133, 103, 1
133, 106, 1
133, 110, 1
110, 107, 1
110, 103, 1
110, 106, 1
110, 133, 1
171, 163, 1
171, 167, 1
163, 171, 1
163, 167, 1
167, 171, 1
167, 163, 1
189, 207, 1
189, 201, 1
189, 185, 1
207, 189, 1
207, 201, 1
207, 185, 1
201, 189, 1
201, 207, 1
201, 185, 1
185, 189, 1
185, 207, 1
185, 201, 1
180, 107, -1
180, 103, -1
180, 106, -1
180, 133, -1
180, 110, -1
184, 107, -1
184, 103, -1
184, 106, -1
184, 133, -1
184, 110, -1
180, 171, -1
180, 163, -1
180, 167, -1
184, 171, -1
184, 163, -1
184, 167, -1
180, 189, -1
180, 207, -1
180, 201, -1
180, 185, -1
184, 189, -1
184, 207, -1
184, 201, -1
184, 185, -1
107, 180, -1
107, 184, -1
103, 180, -1
103, 184, -1
106, 180, -1
106, 184, -1
133, 180, -1
133, 184, -1
110, 180, -1
110, 184, -1
107, 171, -1
107, 163, -1
107, 167, -1
103, 171, -1
103, 163, -1
103, 167, -1
106, 171, -1
106, 163, -1
106, 167, -1
133, 171, -1
133, 163, -1
133, 167, -1
110, 171, -1
110, 163, -1
110, 167, -1
107, 189, -1
107, 207, -1
107, 201, -1
107, 185, -1
103, 189, -1
103, 207, -1
103, 201, -1
103, 185, -1
106, 189, -1
106, 207, -1
106, 201, -1
106, 185, -1
133, 189, -1
133, 207, -1
133, 201, -1
133, 185, -1
110, 189, -1
110, 207, -1
110, 201, -1
110, 185, -1
171, 180, -1
171, 184, -1
163, 180, -1
163, 184, -1
167, 180, -1
167, 184, -1
171, 107, -1
171, 103, -1
171, 106, -1
171, 133, -1
171, 110, -1
163, 107, -1
163, 103, -1
163, 106, -1
163, 133, -1
163, 110, -1
167, 107, -1
167, 103, -1
167, 106, -1
167, 133, -1
167, 110, -1
171, 189, -1
171, 207, -1
171, 201, -1
171, 185, -1
163, 189, -1
163, 207, -1
163, 201, -1
163, 185, -1
167, 189, -1
167, 207, -1
167, 201, -1
167, 185, -1
189, 180, -1
189, 184, -1
207, 180, -1
207, 184, -1
201, 180, -1
201, 184, -1
185, 180, -1
185, 184, -1
189, 107, -1
189, 103, -1
189, 106, -1
189, 133, -1
189, 110, -1
207, 107, -1
207, 103, -1
207, 106, -1
207, 133, -1
207, 110, -1
201, 107, -1
201, 103, -1
201, 106, -1
201, 133, -1
201, 110, -1
185, 107, -1
185, 103, -1
185, 106, -1
185, 133, -1
185, 110, -1
189, 171, -1
189, 163, -1
189, 167, -1
207, 171, -1
207, 163, -1
207, 167, -1
201, 171, -1
201, 163, -1
201, 167, -1
185, 171, -1
185, 163, -1
185, 167, -1

180, 184, 1
184, 180, 1
107, 103, 1
107, 106, 1
107, 133, 1
107, 110, 1
107, 131, 1
107, 102, 1
107, 129, 1
103, 107, 1
103, 106, 1
103, 133, 1
103, 110, 1
103, 131, 1
103, 102, 1
103, 129, 1
106, 107, 1
106, 103, 1
106, 133, 1
106, 110, 1
106, 131, 1
106, 102, 1
106, 129, 1
133, 107, 1
133, 103, 1
133, 106, 1
133, 110, 1
133, 131, 1
133, 102, 1
133, 129, 1
110, 107, 1
110, 103, 1
110, 106, 1
110, 133, 1
110, 131, 1
110, 102, 1
110, 129, 1
131, 107, 1
131, 103, 1
131, 106, 1
131, 133, 1
131, 110, 1
131, 102, 1
131, 129, 1
102, 107, 1
102, 103, 1
102, 106, 1
102, 133, 1
102, 110, 1
102, 131, 1
102, 129, 1
129, 107, 1
129, 103, 1
129, 106, 1
129, 133, 1
129, 110, 1
129, 131, 1
129, 102, 1
171, 163, 1
171, 167, 1
163, 171, 1
163, 167, 1
167, 171, 1
167, 163, 1
189, 207, 1
189, 201, 1
189, 185, 1
189, 209, 1
207, 189, 1
207, 201, 1
207, 185, 1
207, 209, 1
201, 189, 1
201, 207, 1
201, 185, 1
201, 209, 1
185, 189, 1
185, 207, 1
185, 201, 1
185, 209, 1
209, 189, 1
209, 207, 1
209, 201, 1
209, 185, 1
180, 107, -1
180, 103, -1
180, 106, -1
180, 133, -1
180, 110, -1
180, 131, -1
180, 102, -1
180, 129, -1
184, 107, -1
184, 103, -1
184, 106, -1
184, 133, -1
184, 110, -1
184, 131, -1
184, 102, -1
184, 129, -1
180, 171, -1
180, 163, -1
180, 167, -1
184, 171, -1
184, 163, -1
184, 167, -1
180, 189, -1
180, 207, -1
180, 201, -1
180, 185, -1
180, 209, -1
184, 189, -1
184, 207, -1
184, 201, -1
184, 185, -1
184, 209, -1
107, 180, -1
107, 184, -1
103, 180, -1
103, 184, -1
106, 180, -1
106, 184, -1
133, 180, -1
133, 184, -1
110, 180, -1
110, 184, -1
131, 180, -1
131, 184, -1
102, 180, -1
102, 184, -1
129, 180, -1
129, 184, -1
107, 171, -1
107, 163, -1
107, 167, -1
103, 171, -1
103, 163, -1
103, 167, -1
106, 171, -1
106, 163, -1
106, 167, -1
133, 171, -1
133, 163, -1
133, 167, -1
110, 171, -1
110, 163, -1
110, 167, -1
131, 171, -1
131, 163, -1
131, 167, -1
102, 171, -1
102, 163, -1
102, 167, -1
129, 171, -1
129, 163, -1
129, 167, -1
107, 189, -1
107, 207, -1
107, 201, -1
107, 185, -1
107, 209, -1
103, 189, -1
103, 207, -1
103, 201, -1
103, 185, -1
103, 209, -1
106, 189, -1
106, 207, -1
106, 201, -1
106, 185, -1
106, 209, -1
133, 189, -1
133, 207, -1
133, 201, -1
133, 185, -1
133, 209, -1
110, 189, -1
110, 207, -1
110, 201, -1
110, 185, -1
110, 209, -1
131, 189, -1
131, 207, -1
131, 201, -1
131, 185, -1
131, 209, -1
102, 189, -1
102, 207, -1
102, 201, -1
102, 185, -1
102, 209, -1
129, 189, -1
129, 207, -1
129, 201, -1
129, 185, -1
129, 209, -1
171, 180, -1
171, 184, -1
163, 180, -1
163, 184, -1
167, 180, -1
167, 184, -1
171, 107, -1
171, 103, -1
171, 106, -1
171, 133, -1
171, 110, -1
171, 131, -1
171, 102, -1
171, 129, -1
163, 107, -1
163, 103, -1
163, 106, -1
163, 133, -1
163, 110, -1
163, 131, -1
163, 102, -1
163, 129, -1
167, 107, -1
167, 103, -1
167, 106, -1
167, 133, -1
167, 110, -1
167, 131, -1
167, 102, -1
167, 129, -1
171, 189, -1
171, 207, -1
171, 201, -1
171, 185, -1
171, 209, -1
163, 189, -1
163, 207, -1
163, 201, -1
163, 185, -1
163, 209, -1
167, 189, -1
167, 207, -1
167, 201, -1
167, 185, -1
167, 209, -1
189, 180, -1
189, 184, -1
207, 180, -1
207, 184, -1
201, 180, -1
201, 184, -1
185, 180, -1
185, 184, -1
209, 180, -1
209, 184, -1
189, 107, -1
189, 103, -1
189, 106, -1
189, 133, -1
189, 110, -1
189, 131, -1
189, 102, -1
189, 129, -1
207, 107, -1
207, 103, -1
207, 106, -1
207, 133, -1
207, 110, -1
207, 131, -1
207, 102, -1
207, 129, -1
201, 107, -1
201, 103, -1
201, 106, -1
201, 133, -1
201, 110, -1
201, 131, -1
201, 102, -1
201, 129, -1
185, 107, -1
185, 103, -1
185, 106, -1
185, 133, -1
185, 110, -1
185, 131, -1
185, 102, -1
185, 129, -1
209, 107, -1
209, 103, -1
209, 106, -1
209, 133, -1
209, 110, -1
209, 131, -1
209, 102, -1
209, 129, -1
189, 171, -1
189, 163, -1
189, 167, -1
207, 171, -1
207, 163, -1
207, 167, -1
201, 171, -1
201, 163, -1
201, 167, -1
185, 171, -1
185, 163, -1
185, 167, -1
209, 171, -1
209, 163, -1
209, 167, -1

180, 184, 1
180, 183, 1
184, 180, 1
184, 183, 1
183, 180, 1
183, 184, 1
107, 103, 1
107, 106, 1
107, 133, 1
107, 110, 1
107, 131, 1
107, 102, 1
107, 129, 1
107, 105, 1
103, 107, 1
103, 106, 1
103, 133, 1
103, 110, 1
103, 131, 1
103, 102, 1
103, 129, 1
103, 105, 1
106, 107, 1
106, 103, 1
106, 133, 1
106, 110, 1
106, 131, 1
106, 102, 1
106, 129, 1
106, 105, 1
133, 107, 1
133, 103, 1
133, 106, 1
133, 110, 1
133, 131, 1
133, 102, 1
133, 129, 1
133, 105, 1
110, 107, 1
110, 103, 1
110, 106, 1
110, 133, 1
110, 131, 1
110, 102, 1
110, 129, 1
110, 105, 1
131, 107, 1
131, 103, 1
131, 106, 1
131, 133, 1
131, 110, 1
131, 102, 1
131, 129, 1
131, 105, 1
102, 107, 1
102, 103, 1
102, 106, 1
102, 133, 1
102, 110, 1
102, 131, 1
102, 129, 1
102, 105, 1
129, 107, 1
129, 103, 1
129, 106, 1
129, 133, 1
129, 110, 1
129, 131, 1
129, 102, 1
129, 105, 1
105, 107, 1
105, 103, 1
105, 106, 1
105, 133, 1
105, 110, 1
105, 131, 1
105, 102, 1
105, 129, 1
171, 163, 1
171, 167, 1
171, 166, 1
163, 171, 1
163, 167, 1
163, 166, 1
167, 171, 1
167, 163, 1
167, 166, 1
166, 171, 1
166, 163, 1
166, 167, 1
189, 207, 1
189, 201, 1
189, 185, 1
189, 209, 1
189, 188, 1
207, 189, 1
207, 201, 1
207, 185, 1
207, 209, 1
207, 188, 1
201, 189, 1
201, 207, 1
201, 185, 1
201, 209, 1
201, 188, 1
185, 189, 1
185, 207, 1
185, 201, 1
185, 209, 1
185, 188, 1
209, 189, 1
209, 207, 1
209, 201, 1
209, 185, 1
209, 188, 1
188, 189, 1
188, 207, 1
188, 201, 1
188, 185, 1
188, 209, 1
180, 107, -1
180, 103, -1
180, 106, -1
180, 133, -1
180, 110, -1
180, 131, -1
180, 102, -1
180, 129, -1
180, 105, -1
184, 107, -1
184, 103, -1
184, 106, -1
184, 133, -1
184, 110, -1
184, 131, -1
184, 102, -1
184, 129, -1
184, 105, -1
183, 107, -1
183, 103, -1
183, 106, -1
183, 133, -1
183, 110, -1
183, 131, -1
183, 102, -1
183, 129, -1
183, 105, -1
180, 171, -1
180, 163, -1
180, 167, -1
180, 166, -1
184, 171, -1
184, 163, -1
184, 167, -1
184, 166, -1
183, 171, -1
183, 163, -1
183, 167, -1
183, 166, -1
180, 189, -1
180, 207, -1
180, 201, -1
180, 185, -1
180, 209, -1
180, 188, -1
184, 189, -1
184, 207, -1
184, 201, -1
184, 185, -1
184, 209, -1
184, 188, -1
183, 189, -1
183, 207, -1
183, 201, -1
183, 185, -1
183, 209, -1
183, 188, -1
107, 180, -1
107, 184, -1
107, 183, -1
103, 180, -1
103, 184, -1
103, 183, -1
106, 180, -1
106, 184, -1
106, 183, -1
133, 180, -1
133, 184, -1
133, 183, -1
110, 180, -1
110, 184, -1
110, 183, -1
131, 180, -1
131, 184, -1
131, 183, -1
102, 180, -1
102, 184, -1
102, 183, -1
129, 180, -1
129, 184, -1
129, 183, -1
105, 180, -1
105, 184, -1
105, 183, -1
107, 171, -1
107, 163, -1
107, 167, -1
107, 166, -1
103, 171, -1
103, 163, -1
103, 167, -1
103, 166, -1
106, 171, -1
106, 163, -1
106, 167, -1
106, 166, -1
133, 171, -1
133, 163, -1
133, 167, -1
133, 166, -1
110, 171, -1
110, 163, -1
110, 167, -1
110, 166, -1
131, 171, -1
131, 163, -1
131, 167, -1
131, 166, -1
102, 171, -1
102, 163, -1
102, 167, -1
102, 166, -1
129, 171, -1
129, 163, -1
129, 167, -1
129, 166, -1
105, 171, -1
105, 163, -1
105, 167, -1
105, 166, -1
107, 189, -1
107, 207, -1
107, 201, -1
107, 185, -1
107, 209, -1
107, 188, -1
103, 189, -1
103, 207, -1
103, 201, -1
103, 185, -1
103, 209, -1
103, 188, -1
106, 189, -1
106, 207, -1
106, 201, -1
106, 185, -1
106, 209, -1
106, 188, -1
133, 189, -1
133, 207, -1
133, 201, -1
133, 185, -1
133, 209, -1
133, 188, -1
110, 189, -1
110, 207, -1
110, 201, -1
110, 185, -1
110, 209, -1
110, 188, -1
131, 189, -1
131, 207, -1
131, 201, -1
131, 185, -1
131, 209, -1
131, 188, -1
102, 189, -1
102, 207, -1
102, 201, -1
102, 185, -1
102, 209, -1
102, 188, -1
129, 189, -1
129, 207, -1
129, 201, -1
129, 185, -1
129, 209, -1
129, 188, -1
105, 189, -1
105, 207, -1
105, 201, -1
105, 185, -1
105, 209, -1
105, 188, -1
171, 180, -1
171, 184, -1
171, 183, -1
163, 180, -1
163, 184, -1
163, 183, -1
167, 180, -1
167, 184, -1
167, 183, -1
166, 180, -1
166, 184, -1
166, 183, -1
171, 107, -1
171, 103, -1
171, 106, -1
171, 133, -1
171, 110, -1
171, 131, -1
171, 102, -1
171, 129, -1
171, 105, -1
163, 107, -1
163, 103, -1
163, 106, -1
163, 133, -1
163, 110, -1
163, 131, -1
163, 102, -1
163, 129, -1
163, 105, -1
167, 107, -1
167, 103, -1
167, 106, -1
167, 133, -1
167, 110, -1
167, 131, -1
167, 102, -1
167, 129, -1
167, 105, -1
166, 107, -1
166, 103, -1
166, 106, -1
166, 133, -1
166, 110, -1
166, 131, -1
166, 102, -1
166, 129, -1
166, 105, -1
171, 189, -1
171, 207, -1
171, 201, -1
171, 185, -1
171, 209, -1
171, 188, -1
163, 189, -1
163, 207, -1
163, 201, -1
163, 185, -1
163, 209, -1
163, 188, -1
167, 189, -1
167, 207, -1
167, 201, -1
167, 185, -1
167, 209, -1
167, 188, -1
166, 189, -1
166, 207, -1
166, 201, -1
166, 185, -1
166, 209, -1
166, 188, -1
189, 180, -1
189, 184, -1
189, 183, -1
207, 180, -1
207, 184, -1
207, 183, -1
201, 180, -1
201, 184, -1
201, 183, -1
185, 180, -1
185, 184, -1
185, 183, -1
209, 180, -1
209, 184, -1
209, 183, -1
188, 180, -1
188, 184, -1
188, 183, -1
189, 107, -1
189, 103, -1
189, 106, -1
189, 133, -1
189, 110, -1
189, 131, -1
189, 102, -1
189, 129, -1
189, 105, -1
207, 107, -1
207, 103, -1
207, 106, -1
207, 133, -1
207, 110, -1
207, 131, -1
207, 102, -1
207, 129, -1
207, 105, -1
201, 107, -1
201, 103, -1
201, 106, -1
201, 133, -1
201, 110, -1
201, 131, -1
201, 102, -1
201, 129, -1
201, 105, -1
185, 107, -1
185, 103, -1
185, 106, -1
185, 133, -1
185, 110, -1
185, 131, -1
185, 102, -1
185, 129, -1
185, 105, -1
209, 107, -1
209, 103, -1
209, 106, -1
209, 133, -1
209, 110, -1
209, 131, -1
209, 102, -1
209, 129, -1
209, 105, -1
188, 107, -1
188, 103, -1
188, 106, -1
188, 133, -1
188, 110, -1
188, 131, -1
188, 102, -1
188, 129, -1
188, 105, -1
189, 171, -1
189, 163, -1
189, 167, -1
189, 166, -1
207, 171, -1
207, 163, -1
207, 167, -1
207, 166, -1
201, 171, -1
201, 163, -1
201, 167, -1
201, 166, -1
185, 171, -1
185, 163, -1
185, 167, -1
185, 166, -1
209, 171, -1
209, 163, -1
209, 167, -1
209, 166, -1
188, 171, -1
188, 163, -1
188, 167, -1
188, 166, -1

180, 184, 1
180, 183, 1
184, 180, 1
184, 183, 1
183, 180, 1
183, 184, 1
107, 103, 1
107, 106, 1
107, 133, 1
107, 110, 1
107, 131, 1
107, 102, 1
107, 129, 1
107, 105, 1
107, 89, 1
103, 107, 1
103, 106, 1
103, 133, 1
103, 110, 1
103, 131, 1
103, 102, 1
103, 129, 1
103, 105, 1
103, 89, 1
106, 107, 1
106, 103, 1
106, 133, 1
106, 110, 1
106, 131, 1
106, 102, 1
106, 129, 1
106, 105, 1
106, 89, 1
133, 107, 1
133, 103, 1
133, 106, 1
133, 110, 1
133, 131, 1
133, 102, 1
133, 129, 1
133, 105, 1
133, 89, 1
110, 107, 1
110, 103, 1
110, 106, 1
110, 133, 1
110, 131, 1
110, 102, 1
110, 129, 1
110, 105, 1
110, 89, 1
131, 107, 1
131, 103, 1
131, 106, 1
131, 133, 1
131, 110, 1
131, 102, 1
131, 129, 1
131, 105, 1
131, 89, 1
102, 107, 1
102, 103, 1
102, 106, 1
102, 133, 1
102, 110, 1
102, 131, 1
102, 129, 1
102, 105, 1
102, 89, 1
129, 107, 1
129, 103, 1
129, 106, 1
129, 133, 1
129, 110, 1
129, 131, 1
129, 102, 1
129, 105, 1
129, 89, 1
105, 107, 1
105, 103, 1
105, 106, 1
105, 133, 1
105, 110, 1
105, 131, 1
105, 102, 1
105, 129, 1
105, 89, 1
89, 107, 1
89, 103, 1
89, 106, 1
89, 133, 1
89, 110, 1
89, 131, 1
89, 102, 1
89, 129, 1
89, 105, 1
171, 163, 1
171, 167, 1
171, 166, 1
163, 171, 1
163, 167, 1
163, 166, 1
167, 171, 1
167, 163, 1
167, 166, 1
166, 171, 1
166, 163, 1
166, 167, 1
189, 207, 1
189, 201, 1
189, 185, 1
189, 209, 1
189, 188, 1
189, 190, 1
207, 189, 1
207, 201, 1
207, 185, 1
207, 209, 1
207, 188, 1
207, 190, 1
201, 189, 1
201, 207, 1
201, 185, 1
201, 209, 1
201, 188, 1
201, 190, 1
185, 189, 1
185, 207, 1
185, 201, 1
185, 209, 1
185, 188, 1
185, 190, 1
209, 189, 1
209, 207, 1
209, 201, 1
209, 185, 1
209, 188, 1
209, 190, 1
188, 189, 1
188, 207, 1
188, 201, 1
188, 185, 1
188, 209, 1
188, 190, 1
190, 189, 1
190, 207, 1
190, 201, 1
190, 185, 1
190, 209, 1
190, 188, 1
180, 107, -1
180, 103, -1
180, 106, -1
180, 133, -1
180, 110, -1
180, 131, -1
180, 102, -1
180, 129, -1
180, 105, -1
180, 89, -1
184, 107, -1
184, 103, -1
184, 106, -1
184, 133, -1
184, 110, -1
184, 131, -1
184, 102, -1
184, 129, -1
184, 105, -1
184, 89, -1
183, 107, -1
183, 103, -1
183, 106, -1
183, 133, -1
183, 110, -1
183, 131, -1
183, 102, -1
183, 129, -1
183, 105, -1
183, 89, -1
180, 171, -1
180, 163, -1
180, 167, -1
180, 166, -1
184, 171, -1
184, 163, -1
184, 167, -1
184, 166, -1
183, 171, -1
183, 163, -1
183, 167, -1
183, 166, -1
180, 189, -1
180, 207, -1
180, 201, -1
180, 185, -1
180, 209, -1
180, 188, -1
180, 190, -1
184, 189, -1
184, 207, -1
184, 201, -1
184, 185, -1
184, 209, -1
184, 188, -1
184, 190, -1
183, 189, -1
183, 207, -1
183, 201, -1
183, 185, -1
183, 209, -1
183, 188, -1
183, 190, -1
180, 69, -1
184, 69, -1
183, 69, -1
107, 180, -1
107, 184, -1
107, 183, -1
103, 180, -1
103, 184, -1
103, 183, -1
106, 180, -1
106, 184, -1
106, 183, -1
133, 180, -1
133, 184, -1
133, 183, -1
110, 180, -1
110, 184, -1
110, 183, -1
131, 180, -1
131, 184, -1
131, 183, -1
102, 180, -1
102, 184, -1
102, 183, -1
129, 180, -1
129, 184, -1
129, 183, -1
105, 180, -1
105, 184, -1
105, 183, -1
89, 180, -1
89, 184, -1
89, 183, -1
107, 171, -1
107, 163, -1
107, 167, -1
107, 166, -1
103, 171, -1
103, 163, -1
103, 167, -1
103, 166, -1
106, 171, -1
106, 163, -1
106, 167, -1
106, 166, -1
133, 171, -1
133, 163, -1
133, 167, -1
133, 166, -1
110, 171, -1
110, 163, -1
110, 167, -1
110, 166, -1
131, 171, -1
131, 163, -1
131, 167, -1
131, 166, -1
102, 171, -1
102, 163, -1
102, 167, -1
102, 166, -1
129, 171, -1
129, 163, -1
129, 167, -1
129, 166, -1
105, 171, -1
105, 163, -1
105, 167, -1
105, 166, -1
89, 171, -1
89, 163, -1
89, 167, -1
89, 166, -1
107, 189, -1
107, 207, -1
107, 201, -1
107, 185, -1
107, 209, -1
107, 188, -1
107, 190, -1
103, 189, -1
103, 207, -1
103, 201, -1
103, 185, -1
103, 209, -1
103, 188, -1
103, 190, -1
106, 189, -1
106, 207, -1
106, 201, -1
106, 185, -1
106, 209, -1
106, 188, -1
106, 190, -1
133, 189, -1
133, 207, -1
133, 201, -1
133, 185, -1
133, 209, -1
133, 188, -1
133, 190, -1
110, 189, -1
110, 207, -1
110, 201, -1
110, 185, -1
110, 209, -1
110, 188, -1
110, 190, -1
131, 189, -1
131, 207, -1
131, 201, -1
131, 185, -1
131, 209, -1
131, 188, -1
131, 190, -1
102, 189, -1
102, 207, -1
102, 201, -1
102, 185, -1
102, 209, -1
102, 188, -1
102, 190, -1
129, 189, -1
129, 207, -1
129, 201, -1
129, 185, -1
129, 209, -1
129, 188, -1
129, 190, -1
105, 189, -1
105, 207, -1
105, 201, -1
105, 185, -1
105, 209, -1
105, 188, -1
105, 190, -1
89, 189, -1
89, 207, -1
89, 201, -1
89, 185, -1
89, 209, -1
89, 188, -1
89, 190, -1
107, 69, -1
103, 69, -1
106, 69, -1
133, 69, -1
110, 69, -1
131, 69, -1
102, 69, -1
129, 69, -1
105, 69, -1
89, 69, -1
171, 180, -1
171, 184, -1
171, 183, -1
163, 180, -1
163, 184, -1
163, 183, -1
167, 180, -1
167, 184, -1
167, 183, -1
166, 180, -1
166, 184, -1
166, 183, -1
171, 107, -1
171, 103, -1
171, 106, -1
171, 133, -1
171, 110, -1
171, 131, -1
171, 102, -1
171, 129, -1
171, 105, -1
171, 89, -1
163, 107, -1
163, 103, -1
163, 106, -1
163, 133, -1
163, 110, -1
163, 131, -1
163, 102, -1
163, 129, -1
163, 105, -1
163, 89, -1
167, 107, -1
167, 103, -1
167, 106, -1
167, 133, -1
167, 110, -1
167, 131, -1
167, 102, -1
167, 129, -1
167, 105, -1
167, 89, -1
166, 107, -1
166, 103, -1
166, 106, -1
166, 133, -1
166, 110, -1
166, 131, -1
166, 102, -1
166, 129, -1
166, 105, -1
166, 89, -1
171, 189, -1
171, 207, -1
171, 201, -1
171, 185, -1
171, 209, -1
171, 188, -1
171, 190, -1
163, 189, -1
163, 207, -1
163, 201, -1
163, 185, -1
163, 209, -1
163, 188, -1
163, 190, -1
167, 189, -1
167, 207, -1
167, 201, -1
167, 185, -1
167, 209, -1
167, 188, -1
167, 190, -1
166, 189, -1
166, 207, -1
166, 201, -1
166, 185, -1
166, 209, -1
166, 188, -1
166, 190, -1
171, 69, -1
163, 69, -1
167, 69, -1
166, 69, -1
189, 180, -1
189, 184, -1
189, 183, -1
207, 180, -1
207, 184, -1
207, 183, -1
201, 180, -1
201, 184, -1
201, 183, -1
185, 180, -1
185, 184, -1
185, 183, -1
209, 180, -1
209, 184, -1
209, 183, -1
188, 180, -1
188, 184, -1
188, 183, -1
190, 180, -1
190, 184, -1
190, 183, -1
189, 107, -1
189, 103, -1
189, 106, -1
189, 133, -1
189, 110, -1
189, 131, -1
189, 102, -1
189, 129, -1
189, 105, -1
189, 89, -1
207, 107, -1
207, 103, -1
207, 106, -1
207, 133, -1
207, 110, -1
207, 131, -1
207, 102, -1
207, 129, -1
207, 105, -1
207, 89, -1
201, 107, -1
201, 103, -1
201, 106, -1
201, 133, -1
201, 110, -1
201, 131, -1
201, 102, -1
201, 129, -1
201, 105, -1
201, 89, -1
185, 107, -1
185, 103, -1
185, 106, -1
185, 133, -1
185, 110, -1
185, 131, -1
185, 102, -1
185, 129, -1
185, 105, -1
185, 89, -1
209, 107, -1
209, 103, -1
209, 106, -1
209, 133, -1
209, 110, -1
209, 131, -1
209, 102, -1
209, 129, -1
209, 105, -1
209, 89, -1
188, 107, -1
188, 103, -1
188, 106, -1
188, 133, -1
188, 110, -1
188, 131, -1
188, 102, -1
188, 129, -1
188, 105, -1
188, 89, -1
190, 107, -1
190, 103, -1
190, 106, -1
190, 133, -1
190, 110, -1
190, 131, -1
190, 102, -1
190, 129, -1
190, 105, -1
190, 89, -1
189, 171, -1
189, 163, -1
189, 167, -1
189, 166, -1
207, 171, -1
207, 163, -1
207, 167, -1
207, 166, -1
201, 171, -1
201, 163, -1
201, 167, -1
201, 166, -1
185, 171, -1
185, 163, -1
185, 167, -1
185, 166, -1
209, 171, -1
209, 163, -1
209, 167, -1
209, 166, -1
188, 171, -1
188, 163, -1
188, 167, -1
188, 166, -1
190, 171, -1
190, 163, -1
190, 167, -1
190, 166, -1
189, 69, -1
207, 69, -1
201, 69, -1
185, 69, -1
209, 69, -1
188, 69, -1
190, 69, -1
69, 180, -1
69, 184, -1
69, 183, -1
69, 107, -1
69, 103, -1
69, 106, -1
69, 133, -1
69, 110, -1
69, 131, -1
69, 102, -1
69, 129, -1
69, 105, -1
69, 89, -1
69, 171, -1
69, 163, -1
69, 167, -1
69, 166, -1
69, 189, -1
69, 207, -1
69, 201, -1
69, 185, -1
69, 209, -1
69, 188, -1
69, 190, -1

180, 184, 1
180, 183, 1
180, 182, 1
184, 180, 1
184, 183, 1
184, 182, 1
183, 180, 1
183, 184, 1
183, 182, 1
182, 180, 1
182, 184, 1
182, 183, 1
107, 103, 1
107, 106, 1
107, 133, 1
107, 110, 1
107, 131, 1
107, 102, 1
107, 129, 1
107, 105, 1
107, 89, 1
103, 107, 1
103, 106, 1
103, 133, 1
103, 110, 1
103, 131, 1
103, 102, 1
103, 129, 1
103, 105, 1
103, 89, 1
106, 107, 1
106, 103, 1
106, 133, 1
106, 110, 1
106, 131, 1
106, 102, 1
106, 129, 1
106, 105, 1
106, 89, 1
133, 107, 1
133, 103, 1
133, 106, 1
133, 110, 1
133, 131, 1
133, 102, 1
133, 129, 1
133, 105, 1
133, 89, 1
110, 107, 1
110, 103, 1
110, 106, 1
110, 133, 1
110, 131, 1
110, 102, 1
110, 129, 1
110, 105, 1
110, 89, 1
131, 107, 1
131, 103, 1
131, 106, 1
131, 133, 1
131, 110, 1
131, 102, 1
131, 129, 1
131, 105, 1
131, 89, 1
102, 107, 1
102, 103, 1
102, 106, 1
102, 133, 1
102, 110, 1
102, 131, 1
102, 129, 1
102, 105, 1
102, 89, 1
129, 107, 1
129, 103, 1
129, 106, 1
129, 133, 1
129, 110, 1
129, 131, 1
129, 102, 1
129, 105, 1
129, 89, 1
105, 107, 1
105, 103, 1
105, 106, 1
105, 133, 1
105, 110, 1
105, 131, 1
105, 102, 1
105, 129, 1
105, 89, 1
89, 107, 1
89, 103, 1
89, 106, 1
89, 133, 1
89, 110, 1
89, 131, 1
89, 102, 1
89, 129, 1
89, 105, 1
171, 163, 1
171, 167, 1
171, 166, 1
163, 171, 1
163, 167, 1
163, 166, 1
167, 171, 1
167, 163, 1
167, 166, 1
166, 171, 1
166, 163, 1
166, 167, 1
189, 207, 1
189, 201, 1
189, 185, 1
189, 209, 1
189, 188, 1
189, 190, 1
189, 186, 1
207, 189, 1
207, 201, 1
207, 185, 1
207, 209, 1
207, 188, 1
207, 190, 1
207, 186, 1
201, 189, 1
201, 207, 1
201, 185, 1
201, 209, 1
201, 188, 1
201, 190, 1
201, 186, 1
185, 189, 1
185, 207, 1
185, 201, 1
185, 209, 1
185, 188, 1
185, 190, 1
185, 186, 1
209, 189, 1
209, 207, 1
209, 201, 1
209, 185, 1
209, 188, 1
209, 190, 1
209, 186, 1
188, 189, 1
188, 207, 1
188, 201, 1
188, 185, 1
188, 209, 1
188, 190, 1
188, 186, 1
190, 189, 1
190, 207, 1
190, 201, 1
190, 185, 1
190, 209, 1
190, 188, 1
190, 186, 1
186, 189, 1
186, 207, 1
186, 201, 1
186, 185, 1
186, 209, 1
186, 188, 1
186, 190, 1
69, 21, 1
21, 69, 1
180, 107, -1
180, 103, -1
180, 106, -1
180, 133, -1
180, 110, -1
180, 131, -1
180, 102, -1
180, 129, -1
180, 105, -1
180, 89, -1
184, 107, -1
184, 103, -1
184, 106, -1
184, 133, -1
184, 110, -1
184, 131, -1
184, 102, -1
184, 129, -1
184, 105, -1
184, 89, -1
183, 107, -1
183, 103, -1
183, 106, -1
183, 133, -1
183, 110, -1
183, 131, -1
183, 102, -1
183, 129, -1
183, 105, -1
183, 89, -1
182, 107, -1
182, 103, -1
182, 106, -1
182, 133, -1
182, 110, -1
182, 131, -1
182, 102, -1
182, 129, -1
182, 105, -1
182, 89, -1
180, 171, -1
180, 163, -1
180, 167, -1
180, 166, -1
184, 171, -1
184, 163, -1
184, 167, -1
184, 166, -1
183, 171, -1
183, 163, -1
183, 167, -1
183, 166, -1
182, 171, -1
182, 163, -1
182, 167, -1
182, 166, -1
180, 189, -1
180, 207, -1
180, 201, -1
180, 185, -1
180, 209, -1
180, 188, -1
180, 190, -1
180, 186, -1
184, 189, -1
184, 207, -1
184, 201, -1
184, 185, -1
184, 209, -1
184, 188, -1
184, 190, -1
184, 186, -1
183, 189, -1
183, 207, -1
183, 201, -1
183, 185, -1
183, 209, -1
183, 188, -1
183, 190, -1
183, 186, -1
182, 189, -1
182, 207, -1
182, 201, -1
182, 185, -1
182, 209, -1
182, 188, -1
182, 190, -1
182, 186, -1
180, 69, -1
180, 21, -1
184, 69, -1
184, 21, -1
183, 69, -1
183, 21, -1
182, 69, -1
182, 21, -1
107, 180, -1
107, 184, -1
107, 183, -1
107, 182, -1
103, 180, -1
103, 184, -1
103, 183, -1
103, 182, -1
106, 180, -1
106, 184, -1
106, 183, -1
106, 182, -1
133, 180, -1
133, 184, -1
133, 183, -1
133, 182, -1
110, 180, -1
110, 184, -1
110, 183, -1
110, 182, -1
131, 180, -1
131, 184, -1
131, 183, -1
131, 182, -1
102, 180, -1
102, 184, -1
102, 183, -1
102, 182, -1
129, 180, -1
129, 184, -1
129, 183, -1
129, 182, -1
105, 180, -1
105, 184, -1
105, 183, -1
105, 182, -1
89, 180, -1
89, 184, -1
89, 183, -1
89, 182, -1
107, 171, -1
107, 163, -1
107, 167, -1
107, 166, -1
103, 171, -1
103, 163, -1
103, 167, -1
103, 166, -1
106, 171, -1
106, 163, -1
106, 167, -1
106, 166, -1
133, 171, -1
133, 163, -1
133, 167, -1
133, 166, -1
110, 171, -1
110, 163, -1
110, 167, -1
110, 166, -1
131, 171, -1
131, 163, -1
131, 167, -1
131, 166, -1
102, 171, -1
102, 163, -1
102, 167, -1
102, 166, -1
129, 171, -1
129, 163, -1
129, 167, -1
129, 166, -1
105, 171, -1
105, 163, -1
105, 167, -1
105, 166, -1
89, 171, -1
89, 163, -1
89, 167, -1
89, 166, -1
107, 189, -1
107, 207, -1
107, 201, -1
107, 185, -1
107, 209, -1
107, 188, -1
107, 190, -1
107, 186, -1
103, 189, -1
103, 207, -1
103, 201, -1
103, 185, -1
103, 209, -1
103, 188, -1
103, 190, -1
103, 186, -1
106, 189, -1
106, 207, -1
106, 201, -1
106, 185, -1
106, 209, -1
106, 188, -1
106, 190, -1
106, 186, -1
133, 189, -1
133, 207, -1
133, 201, -1
133, 185, -1
133, 209, -1
133, 188, -1
133, 190, -1
133, 186, -1
110, 189, -1
110, 207, -1
110, 201, -1
110, 185, -1
110, 209, -1
110, 188, -1
110, 190, -1
110, 186, -1
131, 189, -1
131, 207, -1
131, 201, -1
131, 185, -1
131, 209, -1
131, 188, -1
131, 190, -1
131, 186, -1
102, 189, -1
102, 207, -1
102, 201, -1
102, 185, -1
102, 209, -1
102, 188, -1
102, 190, -1
102, 186, -1
129, 189, -1
129, 207, -1
129, 201, -1
129, 185, -1
129, 209, -1
129, 188, -1
129, 190, -1
129, 186, -1
105, 189, -1
105, 207, -1
105, 201, -1
105, 185, -1
105, 209, -1
105, 188, -1
105, 190, -1
105, 186, -1
89, 189, -1
89, 207, -1
89, 201, -1
89, 185, -1
89, 209, -1
89, 188, -1
89, 190, -1
89, 186, -1
107, 69, -1
107, 21, -1
103, 69, -1
103, 21, -1
106, 69, -1
106, 21, -1
133, 69, -1
133, 21, -1
110, 69, -1
110, 21, -1
131, 69, -1
131, 21, -1
102, 69, -1
102, 21, -1
129, 69, -1
129, 21, -1
105, 69, -1
105, 21, -1
89, 69, -1
89, 21, -1
171, 180, -1
171, 184, -1
171, 183, -1
171, 182, -1
163, 180, -1
163, 184, -1
163, 183, -1
163, 182, -1
167, 180, -1
167, 184, -1
167, 183, -1
167, 182, -1
166, 180, -1
166, 184, -1
166, 183, -1
166, 182, -1
171, 107, -1
171, 103, -1
171, 106, -1
171, 133, -1
171, 110, -1
171, 131, -1
171, 102, -1
171, 129, -1
171, 105, -1
171, 89, -1
163, 107, -1
163, 103, -1
163, 106, -1
163, 133, -1
163, 110, -1
163, 131, -1
163, 102, -1
163, 129, -1
163, 105, -1
163, 89, -1
167, 107, -1
167, 103, -1
167, 106, -1
167, 133, -1
167, 110, -1
167, 131, -1
167, 102, -1
167, 129, -1
167, 105, -1
167, 89, -1
166, 107, -1
166, 103, -1
166, 106, -1
166, 133, -1
166, 110, -1
166, 131, -1
166, 102, -1
166, 129, -1
166, 105, -1
166, 89, -1
171, 189, -1
171, 207, -1
171, 201, -1
171, 185, -1
171, 209, -1
171, 188, -1
171, 190, -1
171, 186, -1
163, 189, -1
163, 207, -1
163, 201, -1
163, 185, -1
163, 209, -1
163, 188, -1
163, 190, -1
163, 186, -1
167, 189, -1
167, 207, -1
167, 201, -1
167, 185, -1
167, 209, -1
167, 188, -1
167, 190, -1
167, 186, -1
166, 189, -1
166, 207, -1
166, 201, -1
166, 185, -1
166, 209, -1
166, 188, -1
166, 190, -1
166, 186, -1
171, 69, -1
171, 21, -1
163, 69, -1
163, 21, -1
167, 69, -1
167, 21, -1
166, 69, -1
166, 21, -1
189, 180, -1
189, 184, -1
189, 183, -1
189, 182, -1
207, 180, -1
207, 184, -1
207, 183, -1
207, 182, -1
201, 180, -1
201, 184, -1
201, 183, -1
201, 182, -1
185, 180, -1
185, 184, -1
185, 183, -1
185, 182, -1
209, 180, -1
209, 184, -1
209, 183, -1
209, 182, -1
188, 180, -1
188, 184, -1
188, 183, -1
188, 182, -1
190, 180, -1
190, 184, -1
190, 183, -1
190, 182, -1
186, 180, -1
186, 184, -1
186, 183, -1
186, 182, -1
189, 107, -1
189, 103, -1
189, 106, -1
189, 133, -1
189, 110, -1
189, 131, -1
189, 102, -1
189, 129, -1
189, 105, -1
189, 89, -1
207, 107, -1
207, 103, -1
207, 106, -1
207, 133, -1
207, 110, -1
207, 131, -1
207, 102, -1
207, 129, -1
207, 105, -1
207, 89, -1
201, 107, -1
201, 103, -1
201, 106, -1
201, 133, -1
201, 110, -1
201, 131, -1
201, 102, -1
201, 129, -1
201, 105, -1
201, 89, -1
185, 107, -1
185, 103, -1
185, 106, -1
185, 133, -1
185, 110, -1
185, 131, -1
185, 102, -1
185, 129, -1
185, 105, -1
185, 89, -1
209, 107, -1
209, 103, -1
209, 106, -1
209, 133, -1
209, 110, -1
209, 131, -1
209, 102, -1
209, 129, -1
209, 105, -1
209, 89, -1
188, 107, -1
188, 103, -1
188, 106, -1
188, 133, -1
188, 110, -1
188, 131, -1
188, 102, -1
188, 129, -1
188, 105, -1
188, 89, -1
190, 107, -1
190, 103, -1
190, 106, -1
190, 133, -1
190, 110, -1
190, 131, -1
190, 102, -1
190, 129, -1
190, 105, -1
190, 89, -1
186, 107, -1
186, 103, -1
186, 106, -1
186, 133, -1
186, 110, -1
186, 131, -1
186, 102, -1
186, 129, -1
186, 105, -1
186, 89, -1
189, 171, -1
189, 163, -1
189, 167, -1
189, 166, -1
207, 171, -1
207, 163, -1
207, 167, -1
207, 166, -1
201, 171, -1
201, 163, -1
201, 167, -1
201, 166, -1
185, 171, -1
185, 163, -1
185, 167, -1
185, 166, -1
209, 171, -1
209, 163, -1
209, 167, -1
209, 166, -1
188, 171, -1
188, 163, -1
188, 167, -1
188, 166, -1
190, 171, -1
190, 163, -1
190, 167, -1
190, 166, -1
186, 171, -1
186, 163, -1
186, 167, -1
186, 166, -1
189, 69, -1
189, 21, -1
207, 69, -1
207, 21, -1
201, 69, -1
201, 21, -1
185, 69, -1
185, 21, -1
209, 69, -1
209, 21, -1
188, 69, -1
188, 21, -1
190, 69, -1
190, 21, -1
186, 69, -1
186, 21, -1
69, 180, -1
69, 184, -1
69, 183, -1
69, 182, -1
21, 180, -1
21, 184, -1
21, 183, -1
21, 182, -1
69, 107, -1
69, 103, -1
69, 106, -1
69, 133, -1
69, 110, -1
69, 131, -1
69, 102, -1
69, 129, -1
69, 105, -1
69, 89, -1
21, 107, -1
21, 103, -1
21, 106, -1
21, 133, -1
21, 110, -1
21, 131, -1
21, 102, -1
21, 129, -1
21, 105, -1
21, 89, -1
69, 171, -1
69, 163, -1
69, 167, -1
69, 166, -1
21, 171, -1
21, 163, -1
21, 167, -1
21, 166, -1
69, 189, -1
69, 207, -1
69, 201, -1
69, 185, -1
69, 209, -1
69, 188, -1
69, 190, -1
69, 186, -1
21, 189, -1
21, 207, -1
21, 201, -1
21, 185, -1
21, 209, -1
21, 188, -1
21, 190, -1
21, 186, -1

180, 184, 1
180, 183, 1
180, 182, 1
184, 180, 1
184, 183, 1
184, 182, 1
183, 180, 1
183, 184, 1
183, 182, 1
182, 180, 1
182, 184, 1
182, 183, 1
107, 103, 1
107, 106, 1
107, 133, 1
107, 110, 1
107, 131, 1
107, 102, 1
107, 129, 1
107, 105, 1
107, 89, 1
107, 112, 1
107, 84, 1
103, 107, 1
103, 106, 1
103, 133, 1
103, 110, 1
103, 131, 1
103, 102, 1
103, 129, 1
103, 105, 1
103, 89, 1
103, 112, 1
103, 84, 1
106, 107, 1
106, 103, 1
106, 133, 1
106, 110, 1
106, 131, 1
106, 102, 1
106, 129, 1
106, 105, 1
106, 89, 1
106, 112, 1
106, 84, 1
133, 107, 1
133, 103, 1
133, 106, 1
133, 110, 1
133, 131, 1
133, 102, 1
133, 129, 1
133, 105, 1
133, 89, 1
133, 112, 1
133, 84, 1
110, 107, 1
110, 103, 1
110, 106, 1
110, 133, 1
110, 131, 1
110, 102, 1
110, 129, 1
110, 105, 1
110, 89, 1
110, 112, 1
110, 84, 1
131, 107, 1
131, 103, 1
131, 106, 1
131, 133, 1
131, 110, 1
131, 102, 1
131, 129, 1
131, 105, 1
131, 89, 1
131, 112, 1
131, 84, 1
102, 107, 1
102, 103, 1
102, 106, 1
102, 133, 1
102, 110, 1
102, 131, 1
102, 129, 1
102, 105, 1
102, 89, 1
102, 112, 1
102, 84, 1
129, 107, 1
129, 103, 1
129, 106, 1
129, 133, 1
129, 110, 1
129, 131, 1
129, 102, 1
129, 105, 1
129, 89, 1
129, 112, 1
129, 84, 1
105, 107, 1
105, 103, 1
105, 106, 1
105, 133, 1
105, 110, 1
105, 131, 1
105, 102, 1
105, 129, 1
105, 89, 1
105, 112, 1
105, 84, 1
89, 107, 1
89, 103, 1
89, 106, 1
89, 133, 1
89, 110, 1
89, 131, 1
89, 102, 1
89, 129, 1
89, 105, 1
89, 112, 1
89, 84, 1
112, 107, 1
112, 103, 1
112, 106, 1
112, 133, 1
112, 110, 1
112, 131, 1
112, 102, 1
112, 129, 1
112, 105, 1
112, 89, 1
112, 84, 1
84, 107, 1
84, 103, 1
84, 106, 1
84, 133, 1
84, 110, 1
84, 131, 1
84, 102, 1
84, 129, 1
84, 105, 1
84, 89, 1
84, 112, 1
171, 163, 1
171, 167, 1
171, 166, 1
163, 171, 1
163, 167, 1
163, 166, 1
167, 171, 1
167, 163, 1
167, 166, 1
166, 171, 1
166, 163, 1
166, 167, 1
189, 207, 1
189, 201, 1
189, 185, 1
189, 209, 1
189, 188, 1
189, 190, 1
189, 186, 1
189, 200, 1
207, 189, 1
207, 201, 1
207, 185, 1
207, 209, 1
207, 188, 1
207, 190, 1
207, 186, 1
207, 200, 1
201, 189, 1
201, 207, 1
201, 185, 1
201, 209, 1
201, 188, 1
201, 190, 1
201, 186, 1
201, 200, 1
185, 189, 1
185, 207, 1
185, 201, 1
185, 209, 1
185, 188, 1
185, 190, 1
185, 186, 1
185, 200, 1
209, 189, 1
209, 207, 1
209, 201, 1
209, 185, 1
209, 188, 1
209, 190, 1
209, 186, 1
209, 200, 1
188, 189, 1
188, 207, 1
188, 201, 1
188, 185, 1
188, 209, 1
188, 190, 1
188, 186, 1
188, 200, 1
190, 189, 1
190, 207, 1
190, 201, 1
190, 185, 1
190, 209, 1
190, 188, 1
190, 186, 1
190, 200, 1
186, 189, 1
186, 207, 1
186, 201, 1
186, 185, 1
186, 209, 1
186, 188, 1
186, 190, 1
186, 200, 1
200, 189, 1
200, 207, 1
200, 201, 1
200, 185, 1
200, 209, 1
200, 188, 1
200, 190, 1
200, 186, 1
69, 21, 1
21, 69, 1
180, 107, -1
180, 103, -1
180, 106, -1
180, 133, -1
180, 110, -1
180, 131, -1
180, 102, -1
180, 129, -1
180, 105, -1
180, 89, -1
180, 112, -1
180, 84, -1
184, 107, -1
184, 103, -1
184, 106, -1
184, 133, -1
184, 110, -1
184, 131, -1
184, 102, -1
184, 129, -1
184, 105, -1
184, 89, -1
184, 112, -1
184, 84, -1
183, 107, -1
183, 103, -1
183, 106, -1
183, 133, -1
183, 110, -1
183, 131, -1
183, 102, -1
183, 129, -1
183, 105, -1
183, 89, -1
183, 112, -1
183, 84, -1
182, 107, -1
182, 103, -1
182, 106, -1
182, 133, -1
182, 110, -1
182, 131, -1
182, 102, -1
182, 129, -1
182, 105, -1
182, 89, -1
182, 112, -1
182, 84, -1
180, 171, -1
180, 163, -1
180, 167, -1
180, 166, -1
184, 171, -1
184, 163, -1
184, 167, -1
184, 166, -1
183, 171, -1
183, 163, -1
183, 167, -1
183, 166, -1
182, 171, -1
182, 163, -1
182, 167, -1
182, 166, -1
180, 189, -1
180, 207, -1
180, 201, -1
180, 185, -1
180, 209, -1
180, 188, -1
180, 190, -1
180, 186, -1
180, 200, -1
184, 189, -1
184, 207, -1
184, 201, -1
184, 185, -1
184, 209, -1
184, 188, -1
184, 190, -1
184, 186, -1
184, 200, -1
183, 189, -1
183, 207, -1
183, 201, -1
183, 185, -1
183, 209, -1
183, 188, -1
183, 190, -1
183, 186, -1
183, 200, -1
182, 189, -1
182, 207, -1
182, 201, -1
182, 185, -1
182, 209, -1
182, 188, -1
182, 190, -1
182, 186, -1
182, 200, -1
180, 69, -1
180, 21, -1
184, 69, -1
184, 21, -1
183, 69, -1
183, 21, -1
182, 69, -1
182, 21, -1
107, 180, -1
107, 184, -1
107, 183, -1
107, 182, -1
103, 180, -1
103, 184, -1
103, 183, -1
103, 182, -1
106, 180, -1
106, 184, -1
106, 183, -1
106, 182, -1
133, 180, -1
133, 184, -1
133, 183, -1
133, 182, -1
110, 180, -1
110, 184, -1
110, 183, -1
110, 182, -1
131, 180, -1
131, 184, -1
131, 183, -1
131, 182, -1
102, 180, -1
102, 184, -1
102, 183, -1
102, 182, -1
129, 180, -1
129, 184, -1
129, 183, -1
129, 182, -1
105, 180, -1
105, 184, -1
105, 183, -1
105, 182, -1
89, 180, -1
89, 184, -1
89, 183, -1
89, 182, -1
112, 180, -1
112, 184, -1
112, 183, -1
112, 182, -1
84, 180, -1
84, 184, -1
84, 183, -1
84, 182, -1
107, 171, -1
107, 163, -1
107, 167, -1
107, 166, -1
103, 171, -1
103, 163, -1
103, 167, -1
103, 166, -1
106, 171, -1
106, 163, -1
106, 167, -1
106, 166, -1
133, 171, -1
133, 163, -1
133, 167, -1
133, 166, -1
110, 171, -1
110, 163, -1
110, 167, -1
110, 166, -1
131, 171, -1
131, 163, -1
131, 167, -1
131, 166, -1
102, 171, -1
102, 163, -1
102, 167, -1
102, 166, -1
129, 171, -1
129, 163, -1
129, 167, -1
129, 166, -1
105, 171, -1
105, 163, -1
105, 167, -1
105, 166, -1
89, 171, -1
89, 163, -1
89, 167, -1
89, 166, -1
112, 171, -1
112, 163, -1
112, 167, -1
112, 166, -1
84, 171, -1
84, 163, -1
84, 167, -1
84, 166, -1
107, 189, -1
107, 207, -1
107, 201, -1
107, 185, -1
107, 209, -1
107, 188, -1
107, 190, -1
107, 186, -1
107, 200, -1
103, 189, -1
103, 207, -1
103, 201, -1
103, 185, -1
103, 209, -1
103, 188, -1
103, 190, -1
103, 186, -1
103, 200, -1
106, 189, -1
106, 207, -1
106, 201, -1
106, 185, -1
106, 209, -1
106, 188, -1
106, 190, -1
106, 186, -1
106, 200, -1
133, 189, -1
133, 207, -1
133, 201, -1
133, 185, -1
133, 209, -1
133, 188, -1
133, 190, -1
133, 186, -1
133, 200, -1
110, 189, -1
110, 207, -1
110, 201, -1
110, 185, -1
110, 209, -1
110, 188, -1
110, 190, -1
110, 186, -1
110, 200, -1
131, 189, -1
131, 207, -1
131, 201, -1
131, 185, -1
131, 209, -1
131, 188, -1
131, 190, -1
131, 186, -1
131, 200, -1
102, 189, -1
102, 207, -1
102, 201, -1
102, 185, -1
102, 209, -1
102, 188, -1
102, 190, -1
102, 186, -1
102, 200, -1
129, 189, -1
129, 207, -1
129, 201, -1
129, 185, -1
129, 209, -1
129, 188, -1
129, 190, -1
129, 186, -1
129, 200, -1
105, 189, -1
105, 207, -1
105, 201, -1
105, 185, -1
105, 209, -1
105, 188, -1
105, 190, -1
105, 186, -1
105, 200, -1
89, 189, -1
89, 207, -1
89, 201, -1
89, 185, -1
89, 209, -1
89, 188, -1
89, 190, -1
89, 186, -1
89, 200, -1
112, 189, -1
112, 207, -1
112, 201, -1
112, 185, -1
112, 209, -1
112, 188, -1
112, 190, -1
112, 186, -1
112, 200, -1
84, 189, -1
84, 207, -1
84, 201, -1
84, 185, -1
84, 209, -1
84, 188, -1
84, 190, -1
84, 186, -1
84, 200, -1
107, 69, -1
107, 21, -1
103, 69, -1
103, 21, -1
106, 69, -1
106, 21, -1
133, 69, -1
133, 21, -1
110, 69, -1
110, 21, -1
131, 69, -1
131, 21, -1
102, 69, -1
102, 21, -1
129, 69, -1
129, 21, -1
105, 69, -1
105, 21, -1
89, 69, -1
89, 21, -1
112, 69, -1
112, 21, -1
84, 69, -1
84, 21, -1
171, 180, -1
171, 184, -1
171, 183, -1
171, 182, -1
163, 180, -1
163, 184, -1
163, 183, -1
163, 182, -1
167, 180, -1
167, 184, -1
167, 183, -1
167, 182, -1
166, 180, -1
166, 184, -1
166, 183, -1
166, 182, -1
171, 107, -1
171, 103, -1
171, 106, -1
171, 133, -1
171, 110, -1
171, 131, -1
171, 102, -1
171, 129, -1
171, 105, -1
171, 89, -1
171, 112, -1
171, 84, -1
163, 107, -1
163, 103, -1
163, 106, -1
163, 133, -1
163, 110, -1
163, 131, -1
163, 102, -1
163, 129, -1
163, 105, -1
163, 89, -1
163, 112, -1
163, 84, -1
167, 107, -1
167, 103, -1
167, 106, -1
167, 133, -1
167, 110, -1
167, 131, -1
167, 102, -1
167, 129, -1
167, 105, -1
167, 89, -1
167, 112, -1
167, 84, -1
166, 107, -1
166, 103, -1
166, 106, -1
166, 133, -1
166, 110, -1
166, 131, -1
166, 102, -1
166, 129, -1
166, 105, -1
166, 89, -1
166, 112, -1
166, 84, -1
171, 189, -1
171, 207, -1
171, 201, -1
171, 185, -1
171, 209, -1
171, 188, -1
171, 190, -1
171, 186, -1
171, 200, -1
163, 189, -1
163, 207, -1
163, 201, -1
163, 185, -1
163, 209, -1
163, 188, -1
163, 190, -1
163, 186, -1
163, 200, -1
167, 189, -1
167, 207, -1
167, 201, -1
167, 185, -1
167, 209, -1
167, 188, -1
167, 190, -1
167, 186, -1
167, 200, -1
166, 189, -1
166, 207, -1
166, 201, -1
166, 185, -1
166, 209, -1
166, 188, -1
166, 190, -1
166, 186, -1
166, 200, -1
171, 69, -1
171, 21, -1
163, 69, -1
163, 21, -1
167, 69, -1
167, 21, -1
166, 69, -1
166, 21, -1
189, 180, -1
189, 184, -1
189, 183, -1
189, 182, -1
207, 180, -1
207, 184, -1
207, 183, -1
207, 182, -1
201, 180, -1
201, 184, -1
201, 183, -1
201, 182, -1
185, 180, -1
185, 184, -1
185, 183, -1
185, 182, -1
209, 180, -1
209, 184, -1
209, 183, -1
209, 182, -1
188, 180, -1
188, 184, -1
188, 183, -1
188, 182, -1
190, 180, -1
190, 184, -1
190, 183, -1
190, 182, -1
186, 180, -1
186, 184, -1
186, 183, -1
186, 182, -1
200, 180, -1
200, 184, -1
200, 183, -1
200, 182, -1
189, 107, -1
189, 103, -1
189, 106, -1
189, 133, -1
189, 110, -1
189, 131, -1
189, 102, -1
189, 129, -1
189, 105, -1
189, 89, -1
189, 112, -1
189, 84, -1
207, 107, -1
207, 103, -1
207, 106, -1
207, 133, -1
207, 110, -1
207, 131, -1
207, 102, -1
207, 129, -1
207, 105, -1
207, 89, -1
207, 112, -1
207, 84, -1
201, 107, -1
201, 103, -1
201, 106, -1
201, 133, -1
201, 110, -1
201, 131, -1
201, 102, -1
201, 129, -1
201, 105, -1
201, 89, -1
201, 112, -1
201, 84, -1
185, 107, -1
185, 103, -1
185, 106, -1
185, 133, -1
185, 110, -1
185, 131, -1
185, 102, -1
185, 129, -1
185, 105, -1
185, 89, -1
185, 112, -1
185, 84, -1
209, 107, -1
209, 103, -1
209, 106, -1
209, 133, -1
209, 110, -1
209, 131, -1
209, 102, -1
209, 129, -1
209, 105, -1
209, 89, -1
209, 112, -1
209, 84, -1
188, 107, -1
188, 103, -1
188, 106, -1
188, 133, -1
188, 110, -1
188, 131, -1
188, 102, -1
188, 129, -1
188, 105, -1
188, 89, -1
188, 112, -1
188, 84, -1
190, 107, -1
190, 103, -1
190, 106, -1
190, 133, -1
190, 110, -1
190, 131, -1
190, 102, -1
190, 129, -1
190, 105, -1
190, 89, -1
190, 112, -1
190, 84, -1
186, 107, -1
186, 103, -1
186, 106, -1
186, 133, -1
186, 110, -1
186, 131, -1
186, 102, -1
186, 129, -1
186, 105, -1
186, 89, -1
186, 112, -1
186, 84, -1
200, 107, -1
200, 103, -1
200, 106, -1
200, 133, -1
200, 110, -1
200, 131, -1
200, 102, -1
200, 129, -1
200, 105, -1
200, 89, -1
200, 112, -1
200, 84, -1
189, 171, -1
189, 163, -1
189, 167, -1
189, 166, -1
207, 171, -1
207, 163, -1
207, 167, -1
207, 166, -1
201, 171, -1
201, 163, -1
201, 167, -1
201, 166, -1
185, 171, -1
185, 163, -1
185, 167, -1
185, 166, -1
209, 171, -1
209, 163, -1
209, 167, -1
209, 166, -1
188, 171, -1
188, 163, -1
188, 167, -1
188, 166, -1
190, 171, -1
190, 163, -1
190, 167, -1
190, 166, -1
186, 171, -1
186, 163, -1
186, 167, -1
186, 166, -1
200, 171, -1
200, 163, -1
200, 167, -1
200, 166, -1
189, 69, -1
189, 21, -1
207, 69, -1
207, 21, -1
201, 69, -1
201, 21, -1
185, 69, -1
185, 21, -1
209, 69, -1
209, 21, -1
188, 69, -1
188, 21, -1
190, 69, -1
190, 21, -1
186, 69, -1
186, 21, -1
200, 69, -1
200, 21, -1
69, 180, -1
69, 184, -1
69, 183, -1
69, 182, -1
21, 180, -1
21, 184, -1
21, 183, -1
21, 182, -1
69, 107, -1
69, 103, -1
69, 106, -1
69, 133, -1
69, 110, -1
69, 131, -1
69, 102, -1
69, 129, -1
69, 105, -1
69, 89, -1
69, 112, -1
69, 84, -1
21, 107, -1
21, 103, -1
21, 106, -1
21, 133, -1
21, 110, -1
21, 131, -1
21, 102, -1
21, 129, -1
21, 105, -1
21, 89, -1
21, 112, -1
21, 84, -1
69, 171, -1
69, 163, -1
69, 167, -1
69, 166, -1
21, 171, -1
21, 163, -1
21, 167, -1
21, 166, -1
69, 189, -1
69, 207, -1
69, 201, -1
69, 185, -1
69, 209, -1
69, 188, -1
69, 190, -1
69, 186, -1
69, 200, -1
21, 189, -1
21, 207, -1
21, 201, -1
21, 185, -1
21, 209, -1
21, 188, -1
21, 190, -1
21, 186, -1
21, 200, -1

180, 184, 1
180, 183, 1
180, 182, 1
184, 180, 1
184, 183, 1
184, 182, 1
183, 180, 1
183, 184, 1
183, 182, 1
182, 180, 1
182, 184, 1
182, 183, 1
107, 103, 1
107, 106, 1
107, 133, 1
107, 110, 1
107, 131, 1
107, 102, 1
107, 129, 1
107, 105, 1
107, 89, 1
107, 112, 1
107, 84, 1
103, 107, 1
103, 106, 1
103, 133, 1
103, 110, 1
103, 131, 1
103, 102, 1
103, 129, 1
103, 105, 1
103, 89, 1
103, 112, 1
103, 84, 1
106, 107, 1
106, 103, 1
106, 133, 1
106, 110, 1
106, 131, 1
106, 102, 1
106, 129, 1
106, 105, 1
106, 89, 1
106, 112, 1
106, 84, 1
133, 107, 1
133, 103, 1
133, 106, 1
133, 110, 1
133, 131, 1
133, 102, 1
133, 129, 1
133, 105, 1
133, 89, 1
133, 112, 1
133, 84, 1
110, 107, 1
110, 103, 1
110, 106, 1
110, 133, 1
110, 131, 1
110, 102, 1
110, 129, 1
110, 105, 1
110, 89, 1
110, 112, 1
110, 84, 1
131, 107, 1
131, 103, 1
131, 106, 1
131, 133, 1
131, 110, 1
131, 102, 1
131, 129, 1
131, 105, 1
131, 89, 1
131, 112, 1
131, 84, 1
102, 107, 1
102, 103, 1
102, 106, 1
102, 133, 1
102, 110, 1
102, 131, 1
102, 129, 1
102, 105, 1
102, 89, 1
102, 112, 1
102, 84, 1
129, 107, 1
129, 103, 1
129, 106, 1
129, 133, 1
129, 110, 1
129, 131, 1
129, 102, 1
129, 105, 1
129, 89, 1
129, 112, 1
129, 84, 1
105, 107, 1
105, 103, 1
105, 106, 1
105, 133, 1
105, 110, 1
105, 131, 1
105, 102, 1
105, 129, 1
105, 89, 1
105, 112, 1
105, 84, 1
89, 107, 1
89, 103, 1
89, 106, 1
89, 133, 1
89, 110, 1
89, 131, 1
89, 102, 1
89, 129, 1
89, 105, 1
89, 112, 1
89, 84, 1
112, 107, 1
112, 103, 1
112, 106, 1
112, 133, 1
112, 110, 1
112, 131, 1
112, 102, 1
112, 129, 1
112, 105, 1
112, 89, 1
112, 84, 1
84, 107, 1
84, 103, 1
84, 106, 1
84, 133, 1
84, 110, 1
84, 131, 1
84, 102, 1
84, 129, 1
84, 105, 1
84, 89, 1
84, 112, 1
171, 163, 1
171, 167, 1
171, 166, 1
171, 164, 1
171, 170, 1
163, 171, 1
163, 167, 1
163, 166, 1
163, 164, 1
163, 170, 1
167, 171, 1
167, 163, 1
167, 166, 1
167, 164, 1
167, 170, 1
166, 171, 1
166, 163, 1
166, 167, 1
166, 164, 1
166, 170, 1
164, 171, 1
164, 163, 1
164, 167, 1
164, 166, 1
164, 170, 1
170, 171, 1
170, 163, 1
170, 167, 1
170, 166, 1
170, 164, 1
189, 207, 1
189, 201, 1
189, 185, 1
189, 209, 1
189, 188, 1
189, 190, 1
189, 186, 1
189, 200, 1
207, 189, 1
207, 201, 1
207, 185, 1
207, 209, 1
207, 188, 1
207, 190, 1
207, 186, 1
207, 200, 1
201, 189, 1
201, 207, 1
201, 185, 1
201, 209, 1
201, 188, 1
201, 190, 1
201, 186, 1
201, 200, 1
185, 189, 1
185, 207, 1
185, 201, 1
185, 209, 1
185, 188, 1
185, 190, 1
185, 186, 1
185, 200, 1
209, 189, 1
209, 207, 1
209, 201, 1
209, 185, 1
209, 188, 1
209, 190, 1
209, 186, 1
209, 200, 1
188, 189, 1
188, 207, 1
188, 201, 1
188, 185, 1
188, 209, 1
188, 190, 1
188, 186, 1
188, 200, 1
190, 189, 1
190, 207, 1
190, 201, 1
190, 185, 1
190, 209, 1
190, 188, 1
190, 186, 1
190, 200, 1
186, 189, 1
186, 207, 1
186, 201, 1
186, 185, 1
186, 209, 1
186, 188, 1
186, 190, 1
186, 200, 1
200, 189, 1
200, 207, 1
200, 201, 1
200, 185, 1
200, 209, 1
200, 188, 1
200, 190, 1
200, 186, 1
69, 21, 1
21, 69, 1
180, 107, -1
180, 103, -1
180, 106, -1
180, 133, -1
180, 110, -1
180, 131, -1
180, 102, -1
180, 129, -1
180, 105, -1
180, 89, -1
180, 112, -1
180, 84, -1
184, 107, -1
184, 103, -1
184, 106, -1
184, 133, -1
184, 110, -1
184, 131, -1
184, 102, -1
184, 129, -1
184, 105, -1
184, 89, -1
184, 112, -1
184, 84, -1
183, 107, -1
183, 103, -1
183, 106, -1
183, 133, -1
183, 110, -1
183, 131, -1
183, 102, -1
183, 129, -1
183, 105, -1
183, 89, -1
183, 112, -1
183, 84, -1
182, 107, -1
182, 103, -1
182, 106, -1
182, 133, -1
182, 110, -1
182, 131, -1
182, 102, -1
182, 129, -1
182, 105, -1
182, 89, -1
182, 112, -1
182, 84, -1
180, 171, -1
180, 163, -1
180, 167, -1
180, 166, -1
180, 164, -1
180, 170, -1
184, 171, -1
184, 163, -1
184, 167, -1
184, 166, -1
184, 164, -1
184, 170, -1
183, 171, -1
183, 163, -1
183, 167, -1
183, 166, -1
183, 164, -1
183, 170, -1
182, 171, -1
182, 163, -1
182, 167, -1
182, 166, -1
182, 164, -1
182, 170, -1
180, 189, -1
180, 207, -1
180, 201, -1
180, 185, -1
180, 209, -1
180, 188, -1
180, 190, -1
180, 186, -1
180, 200, -1
184, 189, -1
184, 207, -1
184, 201, -1
184, 185, -1
184, 209, -1
184, 188, -1
184, 190, -1
184, 186, -1
184, 200, -1
183, 189, -1
183, 207, -1
183, 201, -1
183, 185, -1
183, 209, -1
183, 188, -1
183, 190, -1
183, 186, -1
183, 200, -1
182, 189, -1
182, 207, -1
182, 201, -1
182, 185, -1
182, 209, -1
182, 188, -1
182, 190, -1
182, 186, -1
182, 200, -1
180, 69, -1
180, 21, -1
184, 69, -1
184, 21, -1
183, 69, -1
183, 21, -1
182, 69, -1
182, 21, -1
107, 180, -1
107, 184, -1
107, 183, -1
107, 182, -1
103, 180, -1
103, 184, -1
103, 183, -1
103, 182, -1
106, 180, -1
106, 184, -1
106, 183, -1
106, 182, -1
133, 180, -1
133, 184, -1
133, 183, -1
133, 182, -1
110, 180, -1
110, 184, -1
110, 183, -1
110, 182, -1
131, 180, -1
131, 184, -1
131, 183, -1
131, 182, -1
102, 180, -1
102, 184, -1
102, 183, -1
102, 182, -1
129, 180, -1
129, 184, -1
129, 183, -1
129, 182, -1
105, 180, -1
105, 184, -1
105, 183, -1
105, 182, -1
89, 180, -1
89, 184, -1
89, 183, -1
89, 182, -1
112, 180, -1
112, 184, -1
112, 183, -1
112, 182, -1
84, 180, -1
84, 184, -1
84, 183, -1
84, 182, -1
107, 171, -1
107, 163, -1
107, 167, -1
107, 166, -1
107, 164, -1
107, 170, -1
103, 171, -1
103, 163, -1
103, 167, -1
103, 166, -1
103, 164, -1
103, 170, -1
106, 171, -1
106, 163, -1
106, 167, -1
106, 166, -1
106, 164, -1
106, 170, -1
133, 171, -1
133, 163, -1
133, 167, -1
133, 166, -1
133, 164, -1
133, 170, -1
110, 171, -1
110, 163, -1
110, 167, -1
110, 166, -1
110, 164, -1
110, 170, -1
131, 171, -1
131, 163, -1
131, 167, -1
131, 166, -1
131, 164, -1
131, 170, -1
102, 171, -1
102, 163, -1
102, 167, -1
102, 166, -1
102, 164, -1
102, 170, -1
129, 171, -1
129, 163, -1
129, 167, -1
129, 166, -1
129, 164, -1
129, 170, -1
105, 171, -1
105, 163, -1
105, 167, -1
105, 166, -1
105, 164, -1
105, 170, -1
89, 171, -1
89, 163, -1
89, 167, -1
89, 166, -1
89, 164, -1
89, 170, -1
112, 171, -1
112, 163, -1
112, 167, -1
112, 166, -1
112, 164, -1
112, 170, -1
84, 171, -1
84, 163, -1
84, 167, -1
84, 166, -1
84, 164, -1
84, 170, -1
107, 189, -1
107, 207, -1
107, 201, -1
107, 185, -1
107, 209, -1
107, 188, -1
107, 190, -1
107, 186, -1
107, 200, -1
103, 189, -1
103, 207, -1
103, 201, -1
103, 185, -1
103, 209, -1
103, 188, -1
103, 190, -1
103, 186, -1
103, 200, -1
106, 189, -1
106, 207, -1
106, 201, -1
106, 185, -1
106, 209, -1
106, 188, -1
106, 190, -1
106, 186, -1
106, 200, -1
133, 189, -1
133, 207, -1
133, 201, -1
133, 185, -1
133, 209, -1
133, 188, -1
133, 190, -1
133, 186, -1
133, 200, -1
110, 189, -1
110, 207, -1
110, 201, -1
110, 185, -1
110, 209, -1
110, 188, -1
110, 190, -1
110, 186, -1
110, 200, -1
131, 189, -1
131, 207, -1
131, 201, -1
131, 185, -1
131, 209, -1
131, 188, -1
131, 190, -1
131, 186, -1
131, 200, -1
102, 189, -1
102, 207, -1
102, 201, -1
102, 185, -1
102, 209, -1
102, 188, -1
102, 190, -1
102, 186, -1
102, 200, -1
129, 189, -1
129, 207, -1
129, 201, -1
129, 185, -1
129, 209, -1
129, 188, -1
129, 190, -1
129, 186, -1
129, 200, -1
105, 189, -1
105, 207, -1
105, 201, -1
105, 185, -1
105, 209, -1
105, 188, -1
105, 190, -1
105, 186, -1
105, 200, -1
89, 189, -1
89, 207, -1
89, 201, -1
89, 185, -1
89, 209, -1
89, 188, -1
89, 190, -1
89, 186, -1
89, 200, -1
112, 189, -1
112, 207, -1
112, 201, -1
112, 185, -1
112, 209, -1
112, 188, -1
112, 190, -1
112, 186, -1
112, 200, -1
84, 189, -1
84, 207, -1
84, 201, -1
84, 185, -1
84, 209, -1
84, 188, -1
84, 190, -1
84, 186, -1
84, 200, -1
107, 69, -1
107, 21, -1
103, 69, -1
103, 21, -1
106, 69, -1
106, 21, -1
133, 69, -1
133, 21, -1
110, 69, -1
110, 21, -1
131, 69, -1
131, 21, -1
102, 69, -1
102, 21, -1
129, 69, -1
129, 21, -1
105, 69, -1
105, 21, -1
89, 69, -1
89, 21, -1
112, 69, -1
112, 21, -1
84, 69, -1
84, 21, -1
171, 180, -1
171, 184, -1
171, 183, -1
171, 182, -1
163, 180, -1
163, 184, -1
163, 183, -1
163, 182, -1
167, 180, -1
167, 184, -1
167, 183, -1
167, 182, -1
166, 180, -1
166, 184, -1
166, 183, -1
166, 182, -1
164, 180, -1
164, 184, -1
164, 183, -1
164, 182, -1
170, 180, -1
170, 184, -1
170, 183, -1
170, 182, -1
171, 107, -1
171, 103, -1
171, 106, -1
171, 133, -1
171, 110, -1
171, 131, -1
171, 102, -1
171, 129, -1
171, 105, -1
171, 89, -1
171, 112, -1
171, 84, -1
163, 107, -1
163, 103, -1
163, 106, -1
163, 133, -1
163, 110, -1
163, 131, -1
163, 102, -1
163, 129, -1
163, 105, -1
163, 89, -1
163, 112, -1
163, 84, -1
167, 107, -1
167, 103, -1
167, 106, -1
167, 133, -1
167, 110, -1
167, 131, -1
167, 102, -1
167, 129, -1
167, 105, -1
167, 89, -1
167, 112, -1
167, 84, -1
166, 107, -1
166, 103, -1
166, 106, -1
166, 133, -1
166, 110, -1
166, 131, -1
166, 102, -1
166, 129, -1
166, 105, -1
166, 89, -1
166, 112, -1
166, 84, -1
164, 107, -1
164, 103, -1
164, 106, -1
164, 133, -1
164, 110, -1
164, 131, -1
164, 102, -1
164, 129, -1
164, 105, -1
164, 89, -1
164, 112, -1
164, 84, -1
170, 107, -1
170, 103, -1
170, 106, -1
170, 133, -1
170, 110, -1
170, 131, -1
170, 102, -1
170, 129, -1
170, 105, -1
170, 89, -1
170, 112, -1
170, 84, -1
171, 189, -1
171, 207, -1
171, 201, -1
171, 185, -1
171, 209, -1
171, 188, -1
171, 190, -1
171, 186, -1
171, 200, -1
163, 189, -1
163, 207, -1
163, 201, -1
163, 185, -1
163, 209, -1
163, 188, -1
163, 190, -1
163, 186, -1
163, 200, -1
167, 189, -1
167, 207, -1
167, 201, -1
167, 185, -1
167, 209, -1
167, 188, -1
167, 190, -1
167, 186, -1
167, 200, -1
166, 189, -1
166, 207, -1
166, 201, -1
166, 185, -1
166, 209, -1
166, 188, -1
166, 190, -1
166, 186, -1
166, 200, -1
164, 189, -1
164, 207, -1
164, 201, -1
164, 185, -1
164, 209, -1
164, 188, -1
164, 190, -1
164, 186, -1
164, 200, -1
170, 189, -1
170, 207, -1
170, 201, -1
170, 185, -1
170, 209, -1
170, 188, -1
170, 190, -1
170, 186, -1
170, 200, -1
171, 69, -1
171, 21, -1
163, 69, -1
163, 21, -1
167, 69, -1
167, 21, -1
166, 69, -1
166, 21, -1
164, 69, -1
164, 21, -1
170, 69, -1
170, 21, -1
189, 180, -1
189, 184, -1
189, 183, -1
189, 182, -1
207, 180, -1
207, 184, -1
207, 183, -1
207, 182, -1
201, 180, -1
201, 184, -1
201, 183, -1
201, 182, -1
185, 180, -1
185, 184, -1
185, 183, -1
185, 182, -1
209, 180, -1
209, 184, -1
209, 183, -1
209, 182, -1
188, 180, -1
188, 184, -1
188, 183, -1
188, 182, -1
190, 180, -1
190, 184, -1
190, 183, -1
190, 182, -1
186, 180, -1
186, 184, -1
186, 183, -1
186, 182, -1
200, 180, -1
200, 184, -1
200, 183, -1
200, 182, -1
189, 107, -1
189, 103, -1
189, 106, -1
189, 133, -1
189, 110, -1
189, 131, -1
189, 102, -1
189, 129, -1
189, 105, -1
189, 89, -1
189, 112, -1
189, 84, -1
207, 107, -1
207, 103, -1
207, 106, -1
207, 133, -1
207, 110, -1
207, 131, -1
207, 102, -1
207, 129, -1
207, 105, -1
207, 89, -1
207, 112, -1
207, 84, -1
201, 107, -1
201, 103, -1
201, 106, -1
201, 133, -1
201, 110, -1
201, 131, -1
201, 102, -1
201, 129, -1
201, 105, -1
201, 89, -1
201, 112, -1
201, 84, -1
185, 107, -1
185, 103, -1
185, 106, -1
185, 133, -1
185, 110, -1
185, 131, -1
185, 102, -1
185, 129, -1
185, 105, -1
185, 89, -1
185, 112, -1
185, 84, -1
209, 107, -1
209, 103, -1
209, 106, -1
209, 133, -1
209, 110, -1
209, 131, -1
209, 102, -1
209, 129, -1
209, 105, -1
209, 89, -1
209, 112, -1
209, 84, -1
188, 107, -1
188, 103, -1
188, 106, -1
188, 133, -1
188, 110, -1
188, 131, -1
188, 102, -1
188, 129, -1
188, 105, -1
188, 89, -1
188, 112, -1
188, 84, -1
190, 107, -1
190, 103, -1
190, 106, -1
190, 133, -1
190, 110, -1
190, 131, -1
190, 102, -1
190, 129, -1
190, 105, -1
190, 89, -1
190, 112, -1
190, 84, -1
186, 107, -1
186, 103, -1
186, 106, -1
186, 133, -1
186, 110, -1
186, 131, -1
186, 102, -1
186, 129, -1
186, 105, -1
186, 89, -1
186, 112, -1
186, 84, -1
200, 107, -1
200, 103, -1
200, 106, -1
200, 133, -1
200, 110, -1
200, 131, -1
200, 102, -1
200, 129, -1
200, 105, -1
200, 89, -1
200, 112, -1
200, 84, -1
189, 171, -1
189, 163, -1
189, 167, -1
189, 166, -1
189, 164, -1
189, 170, -1
207, 171, -1
207, 163, -1
207, 167, -1
207, 166, -1
207, 164, -1
207, 170, -1
201, 171, -1
201, 163, -1
201, 167, -1
201, 166, -1
201, 164, -1
201, 170, -1
185, 171, -1
185, 163, -1
185, 167, -1
185, 166, -1
185, 164, -1
185, 170, -1
209, 171, -1
209, 163, -1
209, 167, -1
209, 166, -1
209, 164, -1
209, 170, -1
188, 171, -1
188, 163, -1
188, 167, -1
188, 166, -1
188, 164, -1
188, 170, -1
190, 171, -1
190, 163, -1
190, 167, -1
190, 166, -1
190, 164, -1
190, 170, -1
186, 171, -1
186, 163, -1
186, 167, -1
186, 166, -1
186, 164, -1
186, 170, -1
200, 171, -1
200, 163, -1
200, 167, -1
200, 166, -1
200, 164, -1
200, 170, -1
189, 69, -1
189, 21, -1
207, 69, -1
207, 21, -1
201, 69, -1
201, 21, -1
185, 69, -1
185, 21, -1
209, 69, -1
209, 21, -1
188, 69, -1
188, 21, -1
190, 69, -1
190, 21, -1
186, 69, -1
186, 21, -1
200, 69, -1
200, 21, -1
69, 180, -1
69, 184, -1
69, 183, -1
69, 182, -1
21, 180, -1
21, 184, -1
21, 183, -1
21, 182, -1
69, 107, -1
69, 103, -1
69, 106, -1
69, 133, -1
69, 110, -1
69, 131, -1
69, 102, -1
69, 129, -1
69, 105, -1
69, 89, -1
69, 112, -1
69, 84, -1
21, 107, -1
21, 103, -1
21, 106, -1
21, 133, -1
21, 110, -1
21, 131, -1
21, 102, -1
21, 129, -1
21, 105, -1
21, 89, -1
21, 112, -1
21, 84, -1
69, 171, -1
69, 163, -1
69, 167, -1
69, 166, -1
69, 164, -1
69, 170, -1
21, 171, -1
21, 163, -1
21, 167, -1
21, 166, -1
21, 164, -1
21, 170, -1
69, 189, -1
69, 207, -1
69, 201, -1
69, 185, -1
69, 209, -1
69, 188, -1
69, 190, -1
69, 186, -1
69, 200, -1
21, 189, -1
21, 207, -1
21, 201, -1
21, 185, -1
21, 209, -1
21, 188, -1
21, 190, -1
21, 186, -1
21, 200, -1

