111, 104, 1
111, 106, 1
104, 111, 1
104, 106, 1
106, 111, 1
106, 104, 1
163, 172, 1
172, 163, 1
111, 163, -1
111, 172, -1
104, 163, -1
104, 172, -1
106, 163, -1
106, 172, -1
111, 184, -1
104, 184, -1
106, 184, -1
111, 201, -1
104, 201, -1
106, 201, -1
163, 111, -1
163, 104, -1
163, 106, -1
172, 111, -1
172, 104, -1
172, 106, -1
163, 184, -1
172, 184, -1
163, 201, -1
172, 201, -1
184, 111, -1
184, 104, -1
184, 106, -1
184, 163, -1
184, 172, -1
184, 201, -1
201, 111, -1
201, 104, -1
201, 106, -1
201, 163, -1
201, 172, -1
201, 184, -1

111, 104, 1
111, 106, 1
111, 138, 1
111, 131, 1
111, 109, 1
104, 111, 1
104, 106, 1
104, 138, 1
104, 131, 1
104, 109, 1
106, 111, 1
106, 104, 1
106, 138, 1
106, 131, 1
106, 109, 1
138, 111, 1
138, 104, 1
138, 106, 1
138, 131, 1
138, 109, 1
131, 111, 1
131, 104, 1
131, 106, 1
131, 138, 1
131, 109, 1
109, 111, 1
109, 104, 1
109, 106, 1
109, 138, 1
109, 131, 1
163, 172, 1
163, 166, 1
172, 163, 1
172, 166, 1
166, 163, 1
166, 172, 1
201, 193, 1
193, 201, 1
111, 163, -1
111, 172, -1
111, 166, -1
104, 163, -1
104, 172, -1
104, 166, -1
106, 163, -1
106, 172, -1
106, 166, -1
138, 163, -1
138, 172, -1
138, 166, -1
131, 163, -1
131, 172, -1
131, 166, -1
109, 163, -1
109, 172, -1
109, 166, -1
111, 184, -1
104, 184, -1
106, 184, -1
138, 184, -1
131, 184, -1
109, 184, -1
111, 201, -1
111, 193, -1
104, 201, -1
104, 193, -1
106, 201, -1
106, 193, -1
138, 201, -1
138, 193, -1
131, 201, -1
131, 193, -1
109, 201, -1
109, 193, -1
163, 111, -1
163, 104, -1
163, 106, -1
163, 138, -1
163, 131, -1
163, 109, -1
172, 111, -1
172, 104, -1
172, 106, -1
172, 138, -1
172, 131, -1
172, 109, -1
166, 111, -1
166, 104, -1
166, 106, -1
166, 138, -1
166, 131, -1
166, 109, -1
163, 184, -1
172, 184, -1
166, 184, -1
163, 201, -1
163, 193, -1
172, 201, -1
172, 193, -1
166, 201, -1
166, 193, -1
184, 111, -1
184, 104, -1
184, 106, -1
184, 138, -1
184, 131, -1
184, 109, -1
184, 163, -1
184, 172, -1
184, 166, -1
184, 201, -1
184, 193, -1
201, 111, -1
201, 104, -1
201, 106, -1
201, 138, -1
201, 131, -1
201, 109, -1
193, 111, -1
193, 104, -1
193, 106, -1
193, 138, -1
193, 131, -1
193, 109, -1
201, 163, -1
201, 172, -1
201, 166, -1
193, 163, -1
193, 172, -1
193, 166, -1
201, 184, -1
193, 184, -1

111, 104, 1
111, 106, 1
111, 138, 1
111, 131, 1
111, 109, 1
111, 107, 1
104, 111, 1
104, 106, 1
104, 138, 1
104, 131, 1
104, 109, 1
104, 107, 1
106, 111, 1
106, 104, 1
106, 138, 1
106, 131, 1
106, 109, 1
106, 107, 1
138, 111, 1
138, 104, 1
138, 106, 1
138, 131, 1
138, 109, 1
138, 107, 1
131, 111, 1
131, 104, 1
131, 106, 1
131, 138, 1
131, 109, 1
131, 107, 1
109, 111, 1
109, 104, 1
109, 106, 1
109, 138, 1
109, 131, 1
109, 107, 1
107, 111, 1
107, 104, 1
107, 106, 1
107, 138, 1
107, 131, 1
107, 109, 1
163, 172, 1
163, 166, 1
172, 163, 1
172, 166, 1
166, 163, 1
166, 172, 1
201, 193, 1
201, 189, 1
201, 185, 1
193, 201, 1
193, 189, 1
193, 185, 1
189, 201, 1
189, 193, 1
189, 185, 1
185, 201, 1
185, 193, 1
185, 189, 1
111, 163, -1
111, 172, -1
111, 166, -1
104, 163, -1
104, 172, -1
104, 166, -1
106, 163, -1
106, 172, -1
106, 166, -1
138, 163, -1
138, 172, -1
138, 166, -1
131, 163, -1
131, 172, -1
131, 166, -1
109, 163, -1
109, 172, -1
109, 166, -1
107, 163, -1
107, 172, -1
107, 166, -1
111, 184, -1
104, 184, -1
106, 184, -1
138, 184, -1
131, 184, -1
109, 184, -1
107, 184, -1
111, 201, -1
111, 193, -1
111, 189, -1
111, 185, -1
104, 201, -1
104, 193, -1
104, 189, -1
104, 185, -1
106, 201, -1
106, 193, -1
106, 189, -1
106, 185, -1
138, 201, -1
138, 193, -1
138, 189, -1
138, 185, -1
131, 201, -1
131, 193, -1
131, 189, -1
131, 185, -1
109, 201, -1
109, 193, -1
109, 189, -1
109, 185, -1
107, 201, -1
107, 193, -1
107, 189, -1
107, 185, -1
163, 111, -1
163, 104, -1
163, 106, -1
163, 138, -1
163, 131, -1
163, 109, -1
163, 107, -1
172, 111, -1
172, 104, -1
172, 106, -1
172, 138, -1
172, 131, -1
172, 109, -1
172, 107, -1
166, 111, -1
166, 104, -1
166, 106, -1
166, 138, -1
166, 131, -1
166, 109, -1
166, 107, -1
163, 184, -1
172, 184, -1
166, 184, -1
163, 201, -1
163, 193, -1
163, 189, -1
163, 185, -1
172, 201, -1
172, 193, -1
172, 189, -1
172, 185, -1
166, 201, -1
166, 193, -1
166, 189, -1
166, 185, -1
184, 111, -1
184, 104, -1
184, 106, -1
184, 138, -1
184, 131, -1
184, 109, -1
184, 107, -1
184, 163, -1
184, 172, -1
184, 166, -1
184, 201, -1
184, 193, -1
184, 189, -1
184, 185, -1
201, 111, -1
201, 104, -1
201, 106, -1
201, 138, -1
201, 131, -1
201, 109, -1
201, 107, -1
193, 111, -1
193, 104, -1
193, 106, -1
193, 138, -1
193, 131, -1
193, 109, -1
193, 107, -1
189, 111, -1
189, 104, -1
189, 106, -1
189, 138, -1
189, 131, -1
189, 109, -1
189, 107, -1
185, 111, -1
185, 104, -1
185, 106, -1
185, 138, -1
185, 131, -1
185, 109, -1
185, 107, -1
201, 163, -1
201, 172, -1
201, 166, -1
193, 163, -1
193, 172, -1
193, 166, -1
189, 163, -1
189, 172, -1
189, 166, -1
185, 163, -1
185, 172, -1
185, 166, -1
201, 184, -1
193, 184, -1
189, 184, -1
185, 184, -1

111, 104, 1
111, 106, 1
111, 138, 1
111, 131, 1
111, 109, 1
111, 107, 1
111, 70, 1
104, 111, 1
104, 106, 1
104, 138, 1
104, 131, 1
104, 109, 1
104, 107, 1
104, 70, 1
106, 111, 1
106, 104, 1
106, 138, 1
106, 131, 1
106, 109, 1
106, 107, 1
106, 70, 1
138, 111, 1
138, 104, 1
138, 106, 1
138, 131, 1
138, 109, 1
138, 107, 1
138, 70, 1
131, 111, 1
131, 104, 1
131, 106, 1
131, 138, 1
131, 109, 1
131, 107, 1
131, 70, 1
109, 111, 1
109, 104, 1
109, 106, 1
109, 138, 1
109, 131, 1
109, 107, 1
109, 70, 1
107, 111, 1
107, 104, 1
107, 106, 1
107, 138, 1
107, 131, 1
107, 109, 1
107, 70, 1
70, 111, 1
70, 104, 1
70, 106, 1
70, 138, 1
70, 131, 1
70, 109, 1
70, 107, 1
163, 172, 1
163, 166, 1
163, 174, 1
172, 163, 1
172, 166, 1
172, 174, 1
166, 163, 1
166, 172, 1
166, 174, 1
174, 163, 1
174, 172, 1
174, 166, 1
184, 180, 1
180, 184, 1
201, 193, 1
201, 189, 1
201, 185, 1
201, 207, 1
193, 201, 1
193, 189, 1
193, 185, 1
193, 207, 1
189, 201, 1
189, 193, 1
189, 185, 1
189, 207, 1
185, 201, 1
185, 193, 1
185, 189, 1
185, 207, 1
207, 201, 1
207, 193, 1
207, 189, 1
207, 185, 1
111, 163, -1
111, 172, -1
111, 166, -1
111, 174, -1
104, 163, -1
104, 172, -1
104, 166, -1
104, 174, -1
106, 163, -1
106, 172, -1
106, 166, -1
106, 174, -1
138, 163, -1
138, 172, -1
138, 166, -1
138, 174, -1
131, 163, -1
131, 172, -1
131, 166, -1
131, 174, -1
109, 163, -1
109, 172, -1
109, 166, -1
109, 174, -1
107, 163, -1
107, 172, -1
107, 166, -1
107, 174, -1
70, 163, -1
70, 172, -1
70, 166, -1
70, 174, -1
111, 184, -1
111, 180, -1
104, 184, -1
104, 180, -1
106, 184, -1
106, 180, -1
138, 184, -1
138, 180, -1
131, 184, -1
131, 180, -1
109, 184, -1
109, 180, -1
107, 184, -1
107, 180, -1
70, 184, -1
70, 180, -1
111, 201, -1
111, 193, -1
111, 189, -1
111, 185, -1
111, 207, -1
104, 201, -1
104, 193, -1
104, 189, -1
104, 185, -1
104, 207, -1
106, 201, -1
106, 193, -1
106, 189, -1
106, 185, -1
106, 207, -1
138, 201, -1
138, 193, -1
138, 189, -1
138, 185, -1
138, 207, -1
131, 201, -1
131, 193, -1
131, 189, -1
131, 185, -1
131, 207, -1
109, 201, -1
109, 193, -1
109, 189, -1
109, 185, -1
109, 207, -1
107, 201, -1
107, 193, -1
107, 189, -1
107, 185, -1
107, 207, -1
70, 201, -1
70, 193, -1
70, 189, -1
70, 185, -1
70, 207, -1
163, 111, -1
163, 104, -1
163, 106, -1
163, 138, -1
163, 131, -1
163, 109, -1
163, 107, -1
163, 70, -1
172, 111, -1
172, 104, -1
172, 106, -1
172, 138, -1
172, 131, -1
172, 109, -1
172, 107, -1
172, 70, -1
166, 111, -1
166, 104, -1
166, 106, -1
166, 138, -1
166, 131, -1
166, 109, -1
166, 107, -1
166, 70, -1
174, 111, -1
174, 104, -1
174, 106, -1
174, 138, -1
174, 131, -1
174, 109, -1
174, 107, -1
174, 70, -1
163, 184, -1
163, 180, -1
172, 184, -1
172, 180, -1
166, 184, -1
166, 180, -1
174, 184, -1
174, 180, -1
163, 201, -1
163, 193, -1
163, 189, -1
163, 185, -1
163, 207, -1
172, 201, -1
172, 193, -1
172, 189, -1
172, 185, -1
172, 207, -1
166, 201, -1
166, 193, -1
166, 189, -1
166, 185, -1
166, 207, -1
174, 201, -1
174, 193, -1
174, 189, -1
174, 185, -1
174, 207, -1
184, 111, -1
184, 104, -1
184, 106, -1
184, 138, -1
184, 131, -1
184, 109, -1
184, 107, -1
184, 70, -1
180, 111, -1
180, 104, -1
180, 106, -1
180, 138, -1
180, 131, -1
180, 109, -1
180, 107, -1
180, 70, -1
184, 163, -1
184, 172, -1
184, 166, -1
184, 174, -1
180, 163, -1
180, 172, -1
180, 166, -1
180, 174, -1
184, 201, -1
184, 193, -1
184, 189, -1
184, 185, -1
184, 207, -1
180, 201, -1
180, 193, -1
180, 189, -1
180, 185, -1
180, 207, -1
201, 111, -1
201, 104, -1
201, 106, -1
201, 138, -1
201, 131, -1
201, 109, -1
201, 107, -1
201, 70, -1
193, 111, -1
193, 104, -1
193, 106, -1
193, 138, -1
193, 131, -1
193, 109, -1
193, 107, -1
193, 70, -1
189, 111, -1
189, 104, -1
189, 106, -1
189, 138, -1
189, 131, -1
189, 109, -1
189, 107, -1
189, 70, -1
185, 111, -1
185, 104, -1
185, 106, -1
185, 138, -1
185, 131, -1
185, 109, -1
185, 107, -1
185, 70, -1
207, 111, -1
207, 104, -1
207, 106, -1
207, 138, -1
207, 131, -1
207, 109, -1
207, 107, -1
207, 70, -1
201, 163, -1
201, 172, -1
201, 166, -1
201, 174, -1
193, 163, -1
193, 172, -1
193, 166, -1
193, 174, -1
189, 163, -1
189, 172, -1
189, 166, -1
189, 174, -1
185, 163, -1
185, 172, -1
185, 166, -1
185, 174, -1
207, 163, -1
207, 172, -1
207, 166, -1
207, 174, -1
201, 184, -1
201, 180, -1
193, 184, -1
193, 180, -1
189, 184, -1
189, 180, -1
185, 184, -1
185, 180, -1
207, 184, -1
207, 180, -1

111, 104, 1
111, 106, 1
111, 138, 1
111, 131, 1
111, 109, 1
111, 107, 1
111, 70, 1
111, 105, 1
104, 111, 1
104, 106, 1
104, 138, 1
104, 131, 1
104, 109, 1
104, 107, 1
104, 70, 1
104, 105, 1
106, 111, 1
106, 104, 1
106, 138, 1
106, 131, 1
106, 109, 1
106, 107, 1
106, 70, 1
106, 105, 1
138, 111, 1
138, 104, 1
138, 106, 1
138, 131, 1
138, 109, 1
138, 107, 1
138, 70, 1
138, 105, 1
131, 111, 1
131, 104, 1
131, 106, 1
131, 138, 1
131, 109, 1
131, 107, 1
131, 70, 1
131, 105, 1
109, 111, 1
109, 104, 1
109, 106, 1
109, 138, 1
109, 131, 1
109, 107, 1
109, 70, 1
109, 105, 1
107, 111, 1
107, 104, 1
107, 106, 1
107, 138, 1
107, 131, 1
107, 109, 1
107, 70, 1
107, 105, 1
70, 111, 1
70, 104, 1
70, 106, 1
70, 138, 1
70, 131, 1
70, 109, 1
70, 107, 1
70, 105, 1
105, 111, 1
105, 104, 1
105, 106, 1
105, 138, 1
105, 131, 1
105, 109, 1
105, 107, 1
105, 70, 1
163, 172, 1
163, 166, 1
163, 174, 1
172, 163, 1
172, 166, 1
172, 174, 1
166, 163, 1
166, 172, 1
166, 174, 1
174, 163, 1
174, 172, 1
174, 166, 1
184, 180, 1
184, 181, 1
180, 184, 1
180, 181, 1
181, 184, 1
181, 180, 1
201, 193, 1
201, 189, 1
201, 185, 1
201, 207, 1
193, 201, 1
193, 189, 1
193, 185, 1
193, 207, 1
189, 201, 1
189, 193, 1
189, 185, 1
189, 207, 1
185, 201, 1
185, 193, 1
185, 189, 1
185, 207, 1
207, 201, 1
207, 193, 1
207, 189, 1
207, 185, 1
111, 163, -1
111, 172, -1
111, 166, -1
111, 174, -1
104, 163, -1
104, 172, -1
104, 166, -1
104, 174, -1
106, 163, -1
106, 172, -1
106, 166, -1
106, 174, -1
138, 163, -1
138, 172, -1
138, 166, -1
138, 174, -1
131, 163, -1
131, 172, -1
131, 166, -1
131, 174, -1
109, 163, -1
109, 172, -1
109, 166, -1
109, 174, -1
107, 163, -1
107, 172, -1
107, 166, -1
107, 174, -1
70, 163, -1
70, 172, -1
70, 166, -1
70, 174, -1
105, 163, -1
105, 172, -1
105, 166, -1
105, 174, -1
111, 184, -1
111, 180, -1
111, 181, -1
104, 184, -1
104, 180, -1
104, 181, -1
106, 184, -1
106, 180, -1
106, 181, -1
138, 184, -1
138, 180, -1
138, 181, -1
131, 184, -1
131, 180, -1
131, 181, -1
109, 184, -1
109, 180, -1
109, 181, -1
107, 184, -1
107, 180, -1
107, 181, -1
70, 184, -1
70, 180, -1
70, 181, -1
105, 184, -1
105, 180, -1
105, 181, -1
111, 201, -1
111, 193, -1
111, 189, -1
111, 185, -1
111, 207, -1
104, 201, -1
104, 193, -1
104, 189, -1
104, 185, -1
104, 207, -1
106, 201, -1
106, 193, -1
106, 189, -1
106, 185, -1
106, 207, -1
138, 201, -1
138, 193, -1
138, 189, -1
138, 185, -1
138, 207, -1
131, 201, -1
131, 193, -1
131, 189, -1
131, 185, -1
131, 207, -1
109, 201, -1
109, 193, -1
109, 189, -1
109, 185, -1
109, 207, -1
107, 201, -1
107, 193, -1
107, 189, -1
107, 185, -1
107, 207, -1
70, 201, -1
70, 193, -1
70, 189, -1
70, 185, -1
70, 207, -1
105, 201, -1
105, 193, -1
105, 189, -1
105, 185, -1
105, 207, -1
111, 21, -1
104, 21, -1
106, 21, -1
138, 21, -1
131, 21, -1
109, 21, -1
107, 21, -1
70, 21, -1
105, 21, -1
163, 111, -1
163, 104, -1
163, 106, -1
163, 138, -1
163, 131, -1
163, 109, -1
163, 107, -1
163, 70, -1
163, 105, -1
172, 111, -1
172, 104, -1
172, 106, -1
172, 138, -1
172, 131, -1
172, 109, -1
172, 107, -1
172, 70, -1
172, 105, -1
166, 111, -1
166, 104, -1
166, 106, -1
166, 138, -1
166, 131, -1
166, 109, -1
166, 107, -1
166, 70, -1
166, 105, -1
174, 111, -1
174, 104, -1
174, 106, -1
174, 138, -1
174, 131, -1
174, 109, -1
174, 107, -1
174, 70, -1
174, 105, -1
163, 184, -1
163, 180, -1
163, 181, -1
172, 184, -1
172, 180, -1
172, 181, -1
166, 184, -1
166, 180, -1
166, 181, -1
174, 184, -1
174, 180, -1
174, 181, -1
163, 201, -1
163, 193, -1
163, 189, -1
163, 185, -1
163, 207, -1
172, 201, -1
172, 193, -1
172, 189, -1
172, 185, -1
172, 207, -1
166, 201, -1
166, 193, -1
166, 189, -1
166, 185, -1
166, 207, -1
174, 201, -1
174, 193, -1
174, 189, -1
174, 185, -1
174, 207, -1
163, 21, -1
172, 21, -1
166, 21, -1
174, 21, -1
184, 111, -1
184, 104, -1
184, 106, -1
184, 138, -1
184, 131, -1
184, 109, -1
184, 107, -1
184, 70, -1
184, 105, -1
180, 111, -1
180, 104, -1
180, 106, -1
180, 138, -1
180, 131, -1
180, 109, -1
180, 107, -1
180, 70, -1
180, 105, -1
181, 111, -1
181, 104, -1
181, 106, -1
181, 138, -1
181, 131, -1
181, 109, -1
181, 107, -1
181, 70, -1
181, 105, -1
184, 163, -1
184, 172, -1
184, 166, -1
184, 174, -1
180, 163, -1
180, 172, -1
180, 166, -1
180, 174, -1
181, 163, -1
181, 172, -1
181, 166, -1
181, 174, -1
184, 201, -1
184, 193, -1
184, 189, -1
184, 185, -1
184, 207, -1
180, 201, -1
180, 193, -1
180, 189, -1
180, 185, -1
180, 207, -1
181, 201, -1
181, 193, -1
181, 189, -1
181, 185, -1
181, 207, -1
184, 21, -1
180, 21, -1
181, 21, -1
201, 111, -1
201, 104, -1
201, 106, -1
201, 138, -1
201, 131, -1
201, 109, -1
201, 107, -1
201, 70, -1
201, 105, -1
193, 111, -1
193, 104, -1
193, 106, -1
193, 138, -1
193, 131, -1
193, 109, -1
193, 107, -1
193, 70, -1
193, 105, -1
189, 111, -1
189, 104, -1
189, 106, -1
189, 138, -1
189, 131, -1
189, 109, -1
189, 107, -1
189, 70, -1
189, 105, -1
185, 111, -1
185, 104, -1
185, 106, -1
185, 138, -1
185, 131, -1
185, 109, -1
185, 107, -1
185, 70, -1
185, 105, -1
207, 111, -1
207, 104, -1
207, 106, -1
207, 138, -1
207, 131, -1
207, 109, -1
207, 107, -1
207, 70, -1
207, 105, -1
201, 163, -1
201, 172, -1
201, 166, -1
201, 174, -1
193, 163, -1
193, 172, -1
193, 166, -1
193, 174, -1
189, 163, -1
189, 172, -1
189, 166, -1
189, 174, -1
185, 163, -1
185, 172, -1
185, 166, -1
185, 174, -1
207, 163, -1
207, 172, -1
207, 166, -1
207, 174, -1
201, 184, -1
201, 180, -1
201, 181, -1
193, 184, -1
193, 180, -1
193, 181, -1
189, 184, -1
189, 180, -1
189, 181, -1
185, 184, -1
185, 180, -1
185, 181, -1
207, 184, -1
207, 180, -1
207, 181, -1
201, 21, -1
193, 21, -1
189, 21, -1
185, 21, -1
207, 21, -1
21, 111, -1
21, 104, -1
21, 106, -1
21, 138, -1
21, 131, -1
21, 109, -1
21, 107, -1
21, 70, -1
21, 105, -1
21, 163, -1
21, 172, -1
21, 166, -1
21, 174, -1
21, 184, -1
21, 180, -1
21, 181, -1
21, 201, -1
21, 193, -1
21, 189, -1
21, 185, -1
21, 207, -1

111, 104, 1
111, 106, 1
111, 138, 1
111, 131, 1
111, 109, 1
111, 107, 1
111, 70, 1
111, 105, 1
104, 111, 1
104, 106, 1
104, 138, 1
104, 131, 1
104, 109, 1
104, 107, 1
104, 70, 1
104, 105, 1
106, 111, 1
106, 104, 1
106, 138, 1
106, 131, 1
106, 109, 1
106, 107, 1
106, 70, 1
106, 105, 1
138, 111, 1
138, 104, 1
138, 106, 1
138, 131, 1
138, 109, 1
138, 107, 1
138, 70, 1
138, 105, 1
131, 111, 1
131, 104, 1
131, 106, 1
131, 138, 1
131, 109, 1
131, 107, 1
131, 70, 1
131, 105, 1
109, 111, 1
109, 104, 1
109, 106, 1
109, 138, 1
109, 131, 1
109, 107, 1
109, 70, 1
109, 105, 1
107, 111, 1
107, 104, 1
107, 106, 1
107, 138, 1
107, 131, 1
107, 109, 1
107, 70, 1
107, 105, 1
70, 111, 1
70, 104, 1
70, 106, 1
70, 138, 1
70, 131, 1
70, 109, 1
70, 107, 1
70, 105, 1
105, 111, 1
105, 104, 1
105, 106, 1
105, 138, 1
105, 131, 1
105, 109, 1
105, 107, 1
105, 70, 1
163, 172, 1
163, 166, 1
163, 174, 1
163, 168, 1
172, 163, 1
172, 166, 1
172, 174, 1
172, 168, 1
166, 163, 1
166, 172, 1
166, 174, 1
166, 168, 1
174, 163, 1
174, 172, 1
174, 166, 1
174, 168, 1
168, 163, 1
168, 172, 1
168, 166, 1
168, 174, 1
184, 180, 1
184, 181, 1
180, 184, 1
180, 181, 1
181, 184, 1
181, 180, 1
201, 193, 1
201, 189, 1
201, 185, 1
201, 207, 1
201, 188, 1
201, 190, 1
193, 201, 1
193, 189, 1
193, 185, 1
193, 207, 1
193, 188, 1
193, 190, 1
189, 201, 1
189, 193, 1
189, 185, 1
189, 207, 1
189, 188, 1
189, 190, 1
185, 201, 1
185, 193, 1
185, 189, 1
185, 207, 1
185, 188, 1
185, 190, 1
207, 201, 1
207, 193, 1
207, 189, 1
207, 185, 1
207, 188, 1
207, 190, 1
188, 201, 1
188, 193, 1
188, 189, 1
188, 185, 1
188, 207, 1
188, 190, 1
190, 201, 1
190, 193, 1
190, 189, 1
190, 185, 1
190, 207, 1
190, 188, 1
111, 163, -1
111, 172, -1
111, 166, -1
111, 174, -1
111, 168, -1
104, 163, -1
104, 172, -1
104, 166, -1
104, 174, -1
104, 168, -1
106, 163, -1
106, 172, -1
106, 166, -1
106, 174, -1
106, 168, -1
138, 163, -1
138, 172, -1
138, 166, -1
138, 174, -1
138, 168, -1
131, 163, -1
131, 172, -1
131, 166, -1
131, 174, -1
131, 168, -1
109, 163, -1
109, 172, -1
109, 166, -1
109, 174, -1
109, 168, -1
107, 163, -1
107, 172, -1
107, 166, -1
107, 174, -1
107, 168, -1
70, 163, -1
70, 172, -1
70, 166, -1
70, 174, -1
70, 168, -1
105, 163, -1
105, 172, -1
105, 166, -1
105, 174, -1
105, 168, -1
111, 184, -1
111, 180, -1
111, 181, -1
104, 184, -1
104, 180, -1
104, 181, -1
106, 184, -1
106, 180, -1
106, 181, -1
138, 184, -1
138, 180, -1
138, 181, -1
131, 184, -1
131, 180, -1
131, 181, -1
109, 184, -1
109, 180, -1
109, 181, -1
107, 184, -1
107, 180, -1
107, 181, -1
70, 184, -1
70, 180, -1
70, 181, -1
105, 184, -1
105, 180, -1
105, 181, -1
111, 201, -1
111, 193, -1
111, 189, -1
111, 185, -1
111, 207, -1
111, 188, -1
111, 190, -1
104, 201, -1
104, 193, -1
104, 189, -1
104, 185, -1
104, 207, -1
104, 188, -1
104, 190, -1
106, 201, -1
106, 193, -1
106, 189, -1
106, 185, -1
106, 207, -1
106, 188, -1
106, 190, -1
138, 201, -1
138, 193, -1
138, 189, -1
138, 185, -1
138, 207, -1
138, 188, -1
138, 190, -1
131, 201, -1
131, 193, -1
131, 189, -1
131, 185, -1
131, 207, -1
131, 188, -1
131, 190, -1
109, 201, -1
109, 193, -1
109, 189, -1
109, 185, -1
109, 207, -1
109, 188, -1
109, 190, -1
107, 201, -1
107, 193, -1
107, 189, -1
107, 185, -1
107, 207, -1
107, 188, -1
107, 190, -1
70, 201, -1
70, 193, -1
70, 189, -1
70, 185, -1
70, 207, -1
70, 188, -1
70, 190, -1
105, 201, -1
105, 193, -1
105, 189, -1
105, 185, -1
105, 207, -1
105, 188, -1
105, 190, -1
111, 21, -1
104, 21, -1
106, 21, -1
138, 21, -1
131, 21, -1
109, 21, -1
107, 21, -1
70, 21, -1
105, 21, -1
163, 111, -1
163, 104, -1
163, 106, -1
163, 138, -1
163, 131, -1
163, 109, -1
163, 107, -1
163, 70, -1
163, 105, -1
172, 111, -1
172, 104, -1
172, 106, -1
172, 138, -1
172, 131, -1
172, 109, -1
172, 107, -1
172, 70, -1
172, 105, -1
166, 111, -1
166, 104, -1
166, 106, -1
166, 138, -1
166, 131, -1
166, 109, -1
166, 107, -1
166, 70, -1
166, 105, -1
174, 111, -1
174, 104, -1
174, 106, -1
174, 138, -1
174, 131, -1
174, 109, -1
174, 107, -1
174, 70, -1
174, 105, -1
168, 111, -1
168, 104, -1
168, 106, -1
168, 138, -1
168, 131, -1
168, 109, -1
168, 107, -1
168, 70, -1
168, 105, -1
163, 184, -1
163, 180, -1
163, 181, -1
172, 184, -1
172, 180, -1
172, 181, -1
166, 184, -1
166, 180, -1
166, 181, -1
174, 184, -1
174, 180, -1
174, 181, -1
168, 184, -1
168, 180, -1
168, 181, -1
163, 201, -1
163, 193, -1
163, 189, -1
163, 185, -1
163, 207, -1
163, 188, -1
163, 190, -1
172, 201, -1
172, 193, -1
172, 189, -1
172, 185, -1
172, 207, -1
172, 188, -1
172, 190, -1
166, 201, -1
166, 193, -1
166, 189, -1
166, 185, -1
166, 207, -1
166, 188, -1
166, 190, -1
174, 201, -1
174, 193, -1
174, 189, -1
174, 185, -1
174, 207, -1
174, 188, -1
174, 190, -1
168, 201, -1
168, 193, -1
168, 189, -1
168, 185, -1
168, 207, -1
168, 188, -1
168, 190, -1
163, 21, -1
172, 21, -1
166, 21, -1
174, 21, -1
168, 21, -1
184, 111, -1
184, 104, -1
184, 106, -1
184, 138, -1
184, 131, -1
184, 109, -1
184, 107, -1
184, 70, -1
184, 105, -1
180, 111, -1
180, 104, -1
180, 106, -1
180, 138, -1
180, 131, -1
180, 109, -1
180, 107, -1
180, 70, -1
180, 105, -1
181, 111, -1
181, 104, -1
181, 106, -1
181, 138, -1
181, 131, -1
181, 109, -1
181, 107, -1
181, 70, -1
181, 105, -1
184, 163, -1
184, 172, -1
184, 166, -1
184, 174, -1
184, 168, -1
180, 163, -1
180, 172, -1
180, 166, -1
180, 174, -1
180, 168, -1
181, 163, -1
181, 172, -1
181, 166, -1
181, 174, -1
181, 168, -1
184, 201, -1
184, 193, -1
184, 189, -1
184, 185, -1
184, 207, -1
184, 188, -1
184, 190, -1
180, 201, -1
180, 193, -1
180, 189, -1
180, 185, -1
180, 207, -1
180, 188, -1
180, 190, -1
181, 201, -1
181, 193, -1
181, 189, -1
181, 185, -1
181, 207, -1
181, 188, -1
181, 190, -1
184, 21, -1
180, 21, -1
181, 21, -1
201, 111, -1
201, 104, -1
201, 106, -1
201, 138, -1
201, 131, -1
201, 109, -1
201, 107, -1
201, 70, -1
201, 105, -1
193, 111, -1
193, 104, -1
193, 106, -1
193, 138, -1
193, 131, -1
193, 109, -1
193, 107, -1
193, 70, -1
193, 105, -1
189, 111, -1
189, 104, -1
189, 106, -1
189, 138, -1
189, 131, -1
189, 109, -1
189, 107, -1
189, 70, -1
189, 105, -1
185, 111, -1
185, 104, -1
185, 106, -1
185, 138, -1
185, 131, -1
185, 109, -1
185, 107, -1
185, 70, -1
185, 105, -1
207, 111, -1
207, 104, -1
207, 106, -1
207, 138, -1
207, 131, -1
207, 109, -1
207, 107, -1
207, 70, -1
207, 105, -1
188, 111, -1
188, 104, -1
188, 106, -1
188, 138, -1
188, 131, -1
188, 109, -1
188, 107, -1
188, 70, -1
188, 105, -1
190, 111, -1
190, 104, -1
190, 106, -1
190, 138, -1
190, 131, -1
190, 109, -1
190, 107, -1
190, 70, -1
190, 105, -1
201, 163, -1
201, 172, -1
201, 166, -1
201, 174, -1
201, 168, -1
193, 163, -1
193, 172, -1
193, 166, -1
193, 174, -1
193, 168, -1
189, 163, -1
189, 172, -1
189, 166, -1
189, 174, -1
189, 168, -1
185, 163, -1
185, 172, -1
185, 166, -1
185, 174, -1
185, 168, -1
207, 163, -1
207, 172, -1
207, 166, -1
207, 174, -1
207, 168, -1
188, 163, -1
188, 172, -1
188, 166, -1
188, 174, -1
188, 168, -1
190, 163, -1
190, 172, -1
190, 166, -1
190, 174, -1
190, 168, -1
201, 184, -1
201, 180, -1
201, 181, -1
193, 184, -1
193, 180, -1
193, 181, -1
189, 184, -1
189, 180, -1
189, 181, -1
185, 184, -1
185, 180, -1
185, 181, -1
207, 184, -1
207, 180, -1
207, 181, -1
188, 184, -1
188, 180, -1
188, 181, -1
190, 184, -1
190, 180, -1
190, 181, -1
201, 21, -1
193, 21, -1
189, 21, -1
185, 21, -1
207, 21, -1
188, 21, -1
190, 21, -1
21, 111, -1
21, 104, -1
21, 106, -1
21, 138, -1
21, 131, -1
21, 109, -1
21, 107, -1
21, 70, -1
21, 105, -1
21, 163, -1
21, 172, -1
21, 166, -1
21, 174, -1
21, 168, -1
21, 184, -1
21, 180, -1
21, 181, -1
21, 201, -1
21, 193, -1
21, 189, -1
21, 185, -1
21, 207, -1
21, 188, -1
21, 190, -1

111, 104, 1
111, 106, 1
111, 138, 1
111, 131, 1
111, 109, 1
111, 107, 1
111, 70, 1
111, 105, 1
111, 108, 1
111, 102, 1
104, 111, 1
104, 106, 1
104, 138, 1
104, 131, 1
104, 109, 1
104, 107, 1
104, 70, 1
104, 105, 1
104, 108, 1
104, 102, 1
106, 111, 1
106, 104, 1
106, 138, 1
106, 131, 1
106, 109, 1
106, 107, 1
106, 70, 1
106, 105, 1
106, 108, 1
106, 102, 1
138, 111, 1
138, 104, 1
138, 106, 1
138, 131, 1
138, 109, 1
138, 107, 1
138, 70, 1
138, 105, 1
138, 108, 1
138, 102, 1
131, 111, 1
131, 104, 1
131, 106, 1
131, 138, 1
131, 109, 1
131, 107, 1
131, 70, 1
131, 105, 1
131, 108, 1
131, 102, 1
109, 111, 1
109, 104, 1
109, 106, 1
109, 138, 1
109, 131, 1
109, 107, 1
109, 70, 1
109, 105, 1
109, 108, 1
109, 102, 1
107, 111, 1
107, 104, 1
107, 106, 1
107, 138, 1
107, 131, 1
107, 109, 1
107, 70, 1
107, 105, 1
107, 108, 1
107, 102, 1
70, 111, 1
70, 104, 1
70, 106, 1
70, 138, 1
70, 131, 1
70, 109, 1
70, 107, 1
70, 105, 1
70, 108, 1
70, 102, 1
105, 111, 1
105, 104, 1
105, 106, 1
105, 138, 1
105, 131, 1
105, 109, 1
105, 107, 1
105, 70, 1
105, 108, 1
105, 102, 1
108, 111, 1
108, 104, 1
108, 106, 1
108, 138, 1
108, 131, 1
108, 109, 1
108, 107, 1
108, 70, 1
108, 105, 1
108, 102, 1
102, 111, 1
102, 104, 1
102, 106, 1
102, 138, 1
102, 131, 1
102, 109, 1
102, 107, 1
102, 70, 1
102, 105, 1
102, 108, 1
163, 172, 1
163, 166, 1
163, 174, 1
163, 168, 1
172, 163, 1
172, 166, 1
172, 174, 1
172, 168, 1
166, 163, 1
166, 172, 1
166, 174, 1
166, 168, 1
174, 163, 1
174, 172, 1
174, 166, 1
174, 168, 1
168, 163, 1
168, 172, 1
168, 166, 1
168, 174, 1
184, 180, 1
184, 181, 1
180, 184, 1
180, 181, 1
181, 184, 1
181, 180, 1
201, 193, 1
201, 189, 1
201, 185, 1
201, 207, 1
201, 188, 1
201, 190, 1
201, 186, 1
193, 201, 1
193, 189, 1
193, 185, 1
193, 207, 1
193, 188, 1
193, 190, 1
193, 186, 1
189, 201, 1
189, 193, 1
189, 185, 1
189, 207, 1
189, 188, 1
189, 190, 1
189, 186, 1
185, 201, 1
185, 193, 1
185, 189, 1
185, 207, 1
185, 188, 1
185, 190, 1
185, 186, 1
207, 201, 1
207, 193, 1
207, 189, 1
207, 185, 1
207, 188, 1
207, 190, 1
207, 186, 1
188, 201, 1
188, 193, 1
188, 189, 1
188, 185, 1
188, 207, 1
188, 190, 1
188, 186, 1
190, 201, 1
190, 193, 1
190, 189, 1
190, 185, 1
190, 207, 1
190, 188, 1
190, 186, 1
186, 201, 1
186, 193, 1
186, 189, 1
186, 185, 1
186, 207, 1
186, 188, 1
186, 190, 1
111, 163, -1
111, 172, -1
111, 166, -1
111, 174, -1
111, 168, -1
104, 163, -1
104, 172, -1
104, 166, -1
104, 174, -1
104, 168, -1
106, 163, -1
106, 172, -1
106, 166, -1
106, 174, -1
106, 168, -1
138, 163, -1
138, 172, -1
138, 166, -1
138, 174, -1
138, 168, -1
131, 163, -1
131, 172, -1
131, 166, -1
131, 174, -1
131, 168, -1
109, 163, -1
109, 172, -1
109, 166, -1
109, 174, -1
109, 168, -1
107, 163, -1
107, 172, -1
107, 166, -1
107, 174, -1
107, 168, -1
70, 163, -1
70, 172, -1
70, 166, -1
70, 174, -1
70, 168, -1
105, 163, -1
105, 172, -1
105, 166, -1
105, 174, -1
105, 168, -1
108, 163, -1
108, 172, -1
108, 166, -1
108, 174, -1
108, 168, -1
102, 163, -1
102, 172, -1
102, 166, -1
102, 174, -1
102, 168, -1
111, 184, -1
111, 180, -1
111, 181, -1
104, 184, -1
104, 180, -1
104, 181, -1
106, 184, -1
106, 180, -1
106, 181, -1
138, 184, -1
138, 180, -1
138, 181, -1
131, 184, -1
131, 180, -1
131, 181, -1
109, 184, -1
109, 180, -1
109, 181, -1
107, 184, -1
107, 180, -1
107, 181, -1
70, 184, -1
70, 180, -1
70, 181, -1
105, 184, -1
105, 180, -1
105, 181, -1
108, 184, -1
108, 180, -1
108, 181, -1
102, 184, -1
102, 180, -1
102, 181, -1
111, 201, -1
111, 193, -1
111, 189, -1
111, 185, -1
111, 207, -1
111, 188, -1
111, 190, -1
111, 186, -1
104, 201, -1
104, 193, -1
104, 189, -1
104, 185, -1
104, 207, -1
104, 188, -1
104, 190, -1
104, 186, -1
106, 201, -1
106, 193, -1
106, 189, -1
106, 185, -1
106, 207, -1
106, 188, -1
106, 190, -1
106, 186, -1
138, 201, -1
138, 193, -1
138, 189, -1
138, 185, -1
138, 207, -1
138, 188, -1
138, 190, -1
138, 186, -1
131, 201, -1
131, 193, -1
131, 189, -1
131, 185, -1
131, 207, -1
131, 188, -1
131, 190, -1
131, 186, -1
109, 201, -1
109, 193, -1
109, 189, -1
109, 185, -1
109, 207, -1
109, 188, -1
109, 190, -1
109, 186, -1
107, 201, -1
107, 193, -1
107, 189, -1
107, 185, -1
107, 207, -1
107, 188, -1
107, 190, -1
107, 186, -1
70, 201, -1
70, 193, -1
70, 189, -1
70, 185, -1
70, 207, -1
70, 188, -1
70, 190, -1
70, 186, -1
105, 201, -1
105, 193, -1
105, 189, -1
105, 185, -1
105, 207, -1
105, 188, -1
105, 190, -1
105, 186, -1
108, 201, -1
108, 193, -1
108, 189, -1
108, 185, -1
108, 207, -1
108, 188, -1
108, 190, -1
108, 186, -1
102, 201, -1
102, 193, -1
102, 189, -1
102, 185, -1
102, 207, -1
102, 188, -1
102, 190, -1
102, 186, -1
111, 21, -1
104, 21, -1
106, 21, -1
138, 21, -1
131, 21, -1
109, 21, -1
107, 21, -1
70, 21, -1
105, 21, -1
108, 21, -1
102, 21, -1
163, 111, -1
163, 104, -1
163, 106, -1
163, 138, -1
163, 131, -1
163, 109, -1
163, 107, -1
163, 70, -1
163, 105, -1
163, 108, -1
163, 102, -1
172, 111, -1
172, 104, -1
172, 106, -1
172, 138, -1
172, 131, -1
172, 109, -1
172, 107, -1
172, 70, -1
172, 105, -1
172, 108, -1
172, 102, -1
166, 111, -1
166, 104, -1
166, 106, -1
166, 138, -1
166, 131, -1
166, 109, -1
166, 107, -1
166, 70, -1
166, 105, -1
166, 108, -1
166, 102, -1
174, 111, -1
174, 104, -1
174, 106, -1
174, 138, -1
174, 131, -1
174, 109, -1
174, 107, -1
174, 70, -1
174, 105, -1
174, 108, -1
174, 102, -1
168, 111, -1
168, 104, -1
168, 106, -1
168, 138, -1
168, 131, -1
168, 109, -1
168, 107, -1
168, 70, -1
168, 105, -1
168, 108, -1
168, 102, -1
163, 184, -1
163, 180, -1
163, 181, -1
172, 184, -1
172, 180, -1
172, 181, -1
166, 184, -1
166, 180, -1
166, 181, -1
174, 184, -1
174, 180, -1
174, 181, -1
168, 184, -1
168, 180, -1
168, 181, -1
163, 201, -1
163, 193, -1
163, 189, -1
163, 185, -1
163, 207, -1
163, 188, -1
163, 190, -1
163, 186, -1
172, 201, -1
172, 193, -1
172, 189, -1
172, 185, -1
172, 207, -1
172, 188, -1
172, 190, -1
172, 186, -1
166, 201, -1
166, 193, -1
166, 189, -1
166, 185, -1
166, 207, -1
166, 188, -1
166, 190, -1
166, 186, -1
174, 201, -1
174, 193, -1
174, 189, -1
174, 185, -1
174, 207, -1
174, 188, -1
174, 190, -1
174, 186, -1
168, 201, -1
168, 193, -1
168, 189, -1
168, 185, -1
168, 207, -1
168, 188, -1
168, 190, -1
168, 186, -1
163, 21, -1
172, 21, -1
166, 21, -1
174, 21, -1
168, 21, -1
184, 111, -1
184, 104, -1
184, 106, -1
184, 138, -1
184, 131, -1
184, 109, -1
184, 107, -1
184, 70, -1
184, 105, -1
184, 108, -1
184, 102, -1
180, 111, -1
180, 104, -1
180, 106, -1
180, 138, -1
180, 131, -1
180, 109, -1
180, 107, -1
180, 70, -1
180, 105, -1
180, 108, -1
180, 102, -1
181, 111, -1
181, 104, -1
181, 106, -1
181, 138, -1
181, 131, -1
181, 109, -1
181, 107, -1
181, 70, -1
181, 105, -1
181, 108, -1
181, 102, -1
184, 163, -1
184, 172, -1
184, 166, -1
184, 174, -1
184, 168, -1
180, 163, -1
180, 172, -1
180, 166, -1
180, 174, -1
180, 168, -1
181, 163, -1
181, 172, -1
181, 166, -1
181, 174, -1
181, 168, -1
184, 201, -1
184, 193, -1
184, 189, -1
184, 185, -1
184, 207, -1
184, 188, -1
184, 190, -1
184, 186, -1
180, 201, -1
180, 193, -1
180, 189, -1
180, 185, -1
180, 207, -1
180, 188, -1
180, 190, -1
180, 186, -1
181, 201, -1
181, 193, -1
181, 189, -1
181, 185, -1
181, 207, -1
181, 188, -1
181, 190, -1
181, 186, -1
184, 21, -1
180, 21, -1
181, 21, -1
201, 111, -1
201, 104, -1
201, 106, -1
201, 138, -1
201, 131, -1
201, 109, -1
201, 107, -1
201, 70, -1
201, 105, -1
201, 108, -1
201, 102, -1
193, 111, -1
193, 104, -1
193, 106, -1
193, 138, -1
193, 131, -1
193, 109, -1
193, 107, -1
193, 70, -1
193, 105, -1
193, 108, -1
193, 102, -1
189, 111, -1
189, 104, -1
189, 106, -1
189, 138, -1
189, 131, -1
189, 109, -1
189, 107, -1
189, 70, -1
189, 105, -1
189, 108, -1
189, 102, -1
185, 111, -1
185, 104, -1
185, 106, -1
185, 138, -1
185, 131, -1
185, 109, -1
185, 107, -1
185, 70, -1
185, 105, -1
185, 108, -1
185, 102, -1
207, 111, -1
207, 104, -1
207, 106, -1
207, 138, -1
207, 131, -1
207, 109, -1
207, 107, -1
207, 70, -1
207, 105, -1
207, 108, -1
207, 102, -1
188, 111, -1
188, 104, -1
188, 106, -1
188, 138, -1
188, 131, -1
188, 109, -1
188, 107, -1
188, 70, -1
188, 105, -1
188, 108, -1
188, 102, -1
190, 111, -1
190, 104, -1
190, 106, -1
190, 138, -1
190, 131, -1
190, 109, -1
190, 107, -1
190, 70, -1
190, 105, -1
190, 108, -1
190, 102, -1
186, 111, -1
186, 104, -1
186, 106, -1
186, 138, -1
186, 131, -1
186, 109, -1
186, 107, -1
186, 70, -1
186, 105, -1
186, 108, -1
186, 102, -1
201, 163, -1
201, 172, -1
201, 166, -1
201, 174, -1
201, 168, -1
193, 163, -1
193, 172, -1
193, 166, -1
193, 174, -1
193, 168, -1
189, 163, -1
189, 172, -1
189, 166, -1
189, 174, -1
189, 168, -1
185, 163, -1
185, 172, -1
185, 166, -1
185, 174, -1
185, 168, -1
207, 163, -1
207, 172, -1
207, 166, -1
207, 174, -1
207, 168, -1
188, 163, -1
188, 172, -1
188, 166, -1
188, 174, -1
188, 168, -1
190, 163, -1
190, 172, -1
190, 166, -1
190, 174, -1
190, 168, -1
186, 163, -1
186, 172, -1
186, 166, -1
186, 174, -1
186, 168, -1
201, 184, -1
201, 180, -1
201, 181, -1
193, 184, -1
193, 180, -1
193, 181, -1
189, 184, -1
189, 180, -1
189, 181, -1
185, 184, -1
185, 180, -1
185, 181, -1
207, 184, -1
207, 180, -1
207, 181, -1
188, 184, -1
188, 180, -1
188, 181, -1
190, 184, -1
190, 180, -1
190, 181, -1
186, 184, -1
186, 180, -1
186, 181, -1
201, 21, -1
193, 21, -1
189, 21, -1
185, 21, -1
207, 21, -1
188, 21, -1
190, 21, -1
186, 21, -1
21, 111, -1
21, 104, -1
21, 106, -1
21, 138, -1
21, 131, -1
21, 109, -1
21, 107, -1
21, 70, -1
21, 105, -1
21, 108, -1
21, 102, -1
21, 163, -1
21, 172, -1
21, 166, -1
21, 174, -1
21, 168, -1
21, 184, -1
21, 180, -1
21, 181, -1
21, 201, -1
21, 193, -1
21, 189, -1
21, 185, -1
21, 207, -1
21, 188, -1
21, 190, -1
21, 186, -1

111, 104, 1
111, 106, 1
111, 138, 1
111, 131, 1
111, 109, 1
111, 107, 1
111, 70, 1
111, 105, 1
111, 108, 1
111, 102, 1
111, 112, 1
111, 71, 1
104, 111, 1
104, 106, 1
104, 138, 1
104, 131, 1
104, 109, 1
104, 107, 1
104, 70, 1
104, 105, 1
104, 108, 1
104, 102, 1
104, 112, 1
104, 71, 1
106, 111, 1
106, 104, 1
106, 138, 1
106, 131, 1
106, 109, 1
106, 107, 1
106, 70, 1
106, 105, 1
106, 108, 1
106, 102, 1
106, 112, 1
106, 71, 1
138, 111, 1
138, 104, 1
138, 106, 1
138, 131, 1
138, 109, 1
138, 107, 1
138, 70, 1
138, 105, 1
138, 108, 1
138, 102, 1
138, 112, 1
138, 71, 1
131, 111, 1
131, 104, 1
131, 106, 1
131, 138, 1
131, 109, 1
131, 107, 1
131, 70, 1
131, 105, 1
131, 108, 1
131, 102, 1
131, 112, 1
131, 71, 1
109, 111, 1
109, 104, 1
109, 106, 1
109, 138, 1
109, 131, 1
109, 107, 1
109, 70, 1
109, 105, 1
109, 108, 1
109, 102, 1
109, 112, 1
109, 71, 1
107, 111, 1
107, 104, 1
107, 106, 1
107, 138, 1
107, 131, 1
107, 109, 1
107, 70, 1
107, 105, 1
107, 108, 1
107, 102, 1
107, 112, 1
107, 71, 1
70, 111, 1
70, 104, 1
70, 106, 1
70, 138, 1
70, 131, 1
70, 109, 1
70, 107, 1
70, 105, 1
70, 108, 1
70, 102, 1
70, 112, 1
70, 71, 1
105, 111, 1
105, 104, 1
105, 106, 1
105, 138, 1
105, 131, 1
105, 109, 1
105, 107, 1
105, 70, 1
105, 108, 1
105, 102, 1
105, 112, 1
105, 71, 1
108, 111, 1
108, 104, 1
108, 106, 1
108, 138, 1
108, 131, 1
108, 109, 1
108, 107, 1
108, 70, 1
108, 105, 1
108, 102, 1
108, 112, 1
108, 71, 1
102, 111, 1
102, 104, 1
102, 106, 1
102, 138, 1
102, 131, 1
102, 109, 1
102, 107, 1
102, 70, 1
102, 105, 1
102, 108, 1
102, 112, 1
102, 71, 1
112, 111, 1
112, 104, 1
112, 106, 1
112, 138, 1
112, 131, 1
112, 109, 1
112, 107, 1
112, 70, 1
112, 105, 1
112, 108, 1
112, 102, 1
112, 71, 1
71, 111, 1
71, 104, 1
71, 106, 1
71, 138, 1
71, 131, 1
71, 109, 1
71, 107, 1
71, 70, 1
71, 105, 1
71, 108, 1
71, 102, 1
71, 112, 1
163, 172, 1
163, 166, 1
163, 174, 1
163, 168, 1
172, 163, 1
172, 166, 1
172, 174, 1
172, 168, 1
166, 163, 1
166, 172, 1
166, 174, 1
166, 168, 1
174, 163, 1
174, 172, 1
174, 166, 1
174, 168, 1
168, 163, 1
168, 172, 1
168, 166, 1
168, 174, 1
184, 180, 1
184, 181, 1
180, 184, 1
180, 181, 1
181, 184, 1
181, 180, 1
201, 193, 1
201, 189, 1
201, 185, 1
201, 207, 1
201, 188, 1
201, 190, 1
201, 186, 1
193, 201, 1
193, 189, 1
193, 185, 1
193, 207, 1
193, 188, 1
193, 190, 1
193, 186, 1
189, 201, 1
189, 193, 1
189, 185, 1
189, 207, 1
189, 188, 1
189, 190, 1
189, 186, 1
185, 201, 1
185, 193, 1
185, 189, 1
185, 207, 1
185, 188, 1
185, 190, 1
185, 186, 1
207, 201, 1
207, 193, 1
207, 189, 1
207, 185, 1
207, 188, 1
207, 190, 1
207, 186, 1
188, 201, 1
188, 193, 1
188, 189, 1
188, 185, 1
188, 207, 1
188, 190, 1
188, 186, 1
190, 201, 1
190, 193, 1
190, 189, 1
190, 185, 1
190, 207, 1
190, 188, 1
190, 186, 1
186, 201, 1
186, 193, 1
186, 189, 1
186, 185, 1
186, 207, 1
186, 188, 1
186, 190, 1
21, 67, 1
67, 21, 1
111, 163, -1
111, 172, -1
111, 166, -1
111, 174, -1
111, 168, -1
104, 163, -1
104, 172, -1
104, 166, -1
104, 174, -1
104, 168, -1
106, 163, -1
106, 172, -1
106, 166, -1
106, 174, -1
106, 168, -1
138, 163, -1
138, 172, -1
138, 166, -1
138, 174, -1
138, 168, -1
131, 163, -1
131, 172, -1
131, 166, -1
131, 174, -1
131, 168, -1
109, 163, -1
109, 172, -1
109, 166, -1
109, 174, -1
109, 168, -1
107, 163, -1
107, 172, -1
107, 166, -1
107, 174, -1
107, 168, -1
70, 163, -1
70, 172, -1
70, 166, -1
70, 174, -1
70, 168, -1
105, 163, -1
105, 172, -1
105, 166, -1
105, 174, -1
105, 168, -1
108, 163, -1
108, 172, -1
108, 166, -1
108, 174, -1
108, 168, -1
102, 163, -1
102, 172, -1
102, 166, -1
102, 174, -1
102, 168, -1
112, 163, -1
112, 172, -1
112, 166, -1
112, 174, -1
112, 168, -1
71, 163, -1
71, 172, -1
71, 166, -1
71, 174, -1
71, 168, -1
111, 184, -1
111, 180, -1
111, 181, -1
104, 184, -1
104, 180, -1
104, 181, -1
106, 184, -1
106, 180, -1
106, 181, -1
138, 184, -1
138, 180, -1
138, 181, -1
131, 184, -1
131, 180, -1
131, 181, -1
109, 184, -1
109, 180, -1
109, 181, -1
107, 184, -1
107, 180, -1
107, 181, -1
70, 184, -1
70, 180, -1
70, 181, -1
105, 184, -1
105, 180, -1
105, 181, -1
108, 184, -1
108, 180, -1
108, 181, -1
102, 184, -1
102, 180, -1
102, 181, -1
112, 184, -1
112, 180, -1
112, 181, -1
71, 184, -1
71, 180, -1
71, 181, -1
111, 201, -1
111, 193, -1
111, 189, -1
111, 185, -1
111, 207, -1
111, 188, -1
111, 190, -1
111, 186, -1
104, 201, -1
104, 193, -1
104, 189, -1
104, 185, -1
104, 207, -1
104, 188, -1
104, 190, -1
104, 186, -1
106, 201, -1
106, 193, -1
106, 189, -1
106, 185, -1
106, 207, -1
106, 188, -1
106, 190, -1
106, 186, -1
138, 201, -1
138, 193, -1
138, 189, -1
138, 185, -1
138, 207, -1
138, 188, -1
138, 190, -1
138, 186, -1
131, 201, -1
131, 193, -1
131, 189, -1
131, 185, -1
131, 207, -1
131, 188, -1
131, 190, -1
131, 186, -1
109, 201, -1
109, 193, -1
109, 189, -1
109, 185, -1
109, 207, -1
109, 188, -1
109, 190, -1
109, 186, -1
107, 201, -1
107, 193, -1
107, 189, -1
107, 185, -1
107, 207, -1
107, 188, -1
107, 190, -1
107, 186, -1
70, 201, -1
70, 193, -1
70, 189, -1
70, 185, -1
70, 207, -1
70, 188, -1
70, 190, -1
70, 186, -1
105, 201, -1
105, 193, -1
105, 189, -1
105, 185, -1
105, 207, -1
105, 188, -1
105, 190, -1
105, 186, -1
108, 201, -1
108, 193, -1
108, 189, -1
108, 185, -1
108, 207, -1
108, 188, -1
108, 190, -1
108, 186, -1
102, 201, -1
102, 193, -1
102, 189, -1
102, 185, -1
102, 207, -1
102, 188, -1
102, 190, -1
102, 186, -1
112, 201, -1
112, 193, -1
112, 189, -1
112, 185, -1
112, 207, -1
112, 188, -1
112, 190, -1
112, 186, -1
71, 201, -1
71, 193, -1
71, 189, -1
71, 185, -1
71, 207, -1
71, 188, -1
71, 190, -1
71, 186, -1
111, 21, -1
111, 67, -1
104, 21, -1
104, 67, -1
106, 21, -1
106, 67, -1
138, 21, -1
138, 67, -1
131, 21, -1
131, 67, -1
109, 21, -1
109, 67, -1
107, 21, -1
107, 67, -1
70, 21, -1
70, 67, -1
105, 21, -1
105, 67, -1
108, 21, -1
108, 67, -1
102, 21, -1
102, 67, -1
112, 21, -1
112, 67, -1
71, 21, -1
71, 67, -1
163, 111, -1
163, 104, -1
163, 106, -1
163, 138, -1
163, 131, -1
163, 109, -1
163, 107, -1
163, 70, -1
163, 105, -1
163, 108, -1
163, 102, -1
163, 112, -1
163, 71, -1
172, 111, -1
172, 104, -1
172, 106, -1
172, 138, -1
172, 131, -1
172, 109, -1
172, 107, -1
172, 70, -1
172, 105, -1
172, 108, -1
172, 102, -1
172, 112, -1
172, 71, -1
166, 111, -1
166, 104, -1
166, 106, -1
166, 138, -1
166, 131, -1
166, 109, -1
166, 107, -1
166, 70, -1
166, 105, -1
166, 108, -1
166, 102, -1
166, 112, -1
166, 71, -1
174, 111, -1
174, 104, -1
174, 106, -1
174, 138, -1
174, 131, -1
174, 109, -1
174, 107, -1
174, 70, -1
174, 105, -1
174, 108, -1
174, 102, -1
174, 112, -1
174, 71, -1
168, 111, -1
168, 104, -1
168, 106, -1
168, 138, -1
168, 131, -1
168, 109, -1
168, 107, -1
168, 70, -1
168, 105, -1
168, 108, -1
168, 102, -1
168, 112, -1
168, 71, -1
163, 184, -1
163, 180, -1
163, 181, -1
172, 184, -1
172, 180, -1
172, 181, -1
166, 184, -1
166, 180, -1
166, 181, -1
174, 184, -1
174, 180, -1
174, 181, -1
168, 184, -1
168, 180, -1
168, 181, -1
163, 201, -1
163, 193, -1
163, 189, -1
163, 185, -1
163, 207, -1
163, 188, -1
163, 190, -1
163, 186, -1
172, 201, -1
172, 193, -1
172, 189, -1
172, 185, -1
172, 207, -1
172, 188, -1
172, 190, -1
172, 186, -1
166, 201, -1
166, 193, -1
166, 189, -1
166, 185, -1
166, 207, -1
166, 188, -1
166, 190, -1
166, 186, -1
174, 201, -1
174, 193, -1
174, 189, -1
174, 185, -1
174, 207, -1
174, 188, -1
174, 190, -1
174, 186, -1
168, 201, -1
168, 193, -1
168, 189, -1
168, 185, -1
168, 207, -1
168, 188, -1
168, 190, -1
168, 186, -1
163, 21, -1
163, 67, -1
172, 21, -1
172, 67, -1
166, 21, -1
166, 67, -1
174, 21, -1
174, 67, -1
168, 21, -1
168, 67, -1
184, 111, -1
184, 104, -1
184, 106, -1
184, 138, -1
184, 131, -1
184, 109, -1
184, 107, -1
184, 70, -1
184, 105, -1
184, 108, -1
184, 102, -1
184, 112, -1
184, 71, -1
180, 111, -1
180, 104, -1
180, 106, -1
180, 138, -1
180, 131, -1
180, 109, -1
180, 107, -1
180, 70, -1
180, 105, -1
180, 108, -1
180, 102, -1
180, 112, -1
180, 71, -1
181, 111, -1
181, 104, -1
181, 106, -1
181, 138, -1
181, 131, -1
181, 109, -1
181, 107, -1
181, 70, -1
181, 105, -1
181, 108, -1
181, 102, -1
181, 112, -1
181, 71, -1
184, 163, -1
184, 172, -1
184, 166, -1
184, 174, -1
184, 168, -1
180, 163, -1
180, 172, -1
180, 166, -1
180, 174, -1
180, 168, -1
181, 163, -1
181, 172, -1
181, 166, -1
181, 174, -1
181, 168, -1
184, 201, -1
184, 193, -1
184, 189, -1
184, 185, -1
184, 207, -1
184, 188, -1
184, 190, -1
184, 186, -1
180, 201, -1
180, 193, -1
180, 189, -1
180, 185, -1
180, 207, -1
180, 188, -1
180, 190, -1
180, 186, -1
181, 201, -1
181, 193, -1
181, 189, -1
181, 185, -1
181, 207, -1
181, 188, -1
181, 190, -1
181, 186, -1
184, 21, -1
184, 67, -1
180, 21, -1
180, 67, -1
181, 21, -1
181, 67, -1
201, 111, -1
201, 104, -1
201, 106, -1
201, 138, -1
201, 131, -1
201, 109, -1
201, 107, -1
201, 70, -1
201, 105, -1
201, 108, -1
201, 102, -1
201, 112, -1
201, 71, -1
193, 111, -1
193, 104, -1
193, 106, -1
193, 138, -1
193, 131, -1
193, 109, -1
193, 107, -1
193, 70, -1
193, 105, -1
193, 108, -1
193, 102, -1
193, 112, -1
193, 71, -1
189, 111, -1
189, 104, -1
189, 106, -1
189, 138, -1
189, 131, -1
189, 109, -1
189, 107, -1
189, 70, -1
189, 105, -1
189, 108, -1
189, 102, -1
189, 112, -1
189, 71, -1
185, 111, -1
185, 104, -1
185, 106, -1
185, 138, -1
185, 131, -1
185, 109, -1
185, 107, -1
185, 70, -1
185, 105, -1
185, 108, -1
185, 102, -1
185, 112, -1
185, 71, -1
207, 111, -1
207, 104, -1
207, 106, -1
207, 138, -1
207, 131, -1
207, 109, -1
207, 107, -1
207, 70, -1
207, 105, -1
207, 108, -1
207, 102, -1
207, 112, -1
207, 71, -1
188, 111, -1
188, 104, -1
188, 106, -1
188, 138, -1
188, 131, -1
188, 109, -1
188, 107, -1
188, 70, -1
188, 105, -1
188, 108, -1
188, 102, -1
188, 112, -1
188, 71, -1
190, 111, -1
190, 104, -1
190, 106, -1
190, 138, -1
190, 131, -1
190, 109, -1
190, 107, -1
190, 70, -1
190, 105, -1
190, 108, -1
190, 102, -1
190, 112, -1
190, 71, -1
186, 111, -1
186, 104, -1
186, 106, -1
186, 138, -1
186, 131, -1
186, 109, -1
186, 107, -1
186, 70, -1
186, 105, -1
186, 108, -1
186, 102, -1
186, 112, -1
186, 71, -1
201, 163, -1
201, 172, -1
201, 166, -1
201, 174, -1
201, 168, -1
193, 163, -1
193, 172, -1
193, 166, -1
193, 174, -1
193, 168, -1
189, 163, -1
189, 172, -1
189, 166, -1
189, 174, -1
189, 168, -1
185, 163, -1
185, 172, -1
185, 166, -1
185, 174, -1
185, 168, -1
207, 163, -1
207, 172, -1
207, 166, -1
207, 174, -1
207, 168, -1
188, 163, -1
188, 172, -1
188, 166, -1
188, 174, -1
188, 168, -1
190, 163, -1
190, 172, -1
190, 166, -1
190, 174, -1
190, 168, -1
186, 163, -1
186, 172, -1
186, 166, -1
186, 174, -1
186, 168, -1
201, 184, -1
201, 180, -1
201, 181, -1
193, 184, -1
193, 180, -1
193, 181, -1
189, 184, -1
189, 180, -1
189, 181, -1
185, 184, -1
185, 180, -1
185, 181, -1
207, 184, -1
207, 180, -1
207, 181, -1
188, 184, -1
188, 180, -1
188, 181, -1
190, 184, -1
190, 180, -1
190, 181, -1
186, 184, -1
186, 180, -1
186, 181, -1
201, 21, -1
201, 67, -1
193, 21, -1
193, 67, -1
189, 21, -1
189, 67, -1
185, 21, -1
185, 67, -1
207, 21, -1
207, 67, -1
188, 21, -1
188, 67, -1
190, 21, -1
190, 67, -1
186, 21, -1
186, 67, -1
21, 111, -1
21, 104, -1
21, 106, -1
21, 138, -1
21, 131, -1
21, 109, -1
21, 107, -1
21, 70, -1
21, 105, -1
21, 108, -1
21, 102, -1
21, 112, -1
21, 71, -1
67, 111, -1
67, 104, -1
67, 106, -1
67, 138, -1
67, 131, -1
67, 109, -1
67, 107, -1
67, 70, -1
67, 105, -1
67, 108, -1
67, 102, -1
67, 112, -1
67, 71, -1
21, 163, -1
21, 172, -1
21, 166, -1
21, 174, -1
21, 168, -1
67, 163, -1
67, 172, -1
67, 166, -1
67, 174, -1
67, 168, -1
21, 184, -1
21, 180, -1
21, 181, -1
67, 184, -1
67, 180, -1
67, 181, -1
21, 201, -1
21, 193, -1
21, 189, -1
21, 185, -1
21, 207, -1
21, 188, -1
21, 190, -1
21, 186, -1
67, 201, -1
67, 193, -1
67, 189, -1
67, 185, -1
67, 207, -1
67, 188, -1
67, 190, -1
67, 186, -1

111, 104, 1
111, 106, 1
111, 138, 1
111, 131, 1
111, 109, 1
111, 107, 1
111, 70, 1
111, 105, 1
111, 108, 1
111, 102, 1
111, 112, 1
111, 71, 1
111, 129, 1
104, 111, 1
104, 106, 1
104, 138, 1
104, 131, 1
104, 109, 1
104, 107, 1
104, 70, 1
104, 105, 1
104, 108, 1
104, 102, 1
104, 112, 1
104, 71, 1
104, 129, 1
106, 111, 1
106, 104, 1
106, 138, 1
106, 131, 1
106, 109, 1
106, 107, 1
106, 70, 1
106, 105, 1
106, 108, 1
106, 102, 1
106, 112, 1
106, 71, 1
106, 129, 1
138, 111, 1
138, 104, 1
138, 106, 1
138, 131, 1
138, 109, 1
138, 107, 1
138, 70, 1
138, 105, 1
138, 108, 1
138, 102, 1
138, 112, 1
138, 71, 1
138, 129, 1
131, 111, 1
131, 104, 1
131, 106, 1
131, 138, 1
131, 109, 1
131, 107, 1
131, 70, 1
131, 105, 1
131, 108, 1
131, 102, 1
131, 112, 1
131, 71, 1
131, 129, 1
109, 111, 1
109, 104, 1
109, 106, 1
109, 138, 1
109, 131, 1
109, 107, 1
109, 70, 1
109, 105, 1
109, 108, 1
109, 102, 1
109, 112, 1
109, 71, 1
109, 129, 1
107, 111, 1
107, 104, 1
107, 106, 1
107, 138, 1
107, 131, 1
107, 109, 1
107, 70, 1
107, 105, 1
107, 108, 1
107, 102, 1
107, 112, 1
107, 71, 1
107, 129, 1
70, 111, 1
70, 104, 1
70, 106, 1
70, 138, 1
70, 131, 1
70, 109, 1
70, 107, 1
70, 105, 1
70, 108, 1
70, 102, 1
70, 112, 1
70, 71, 1
70, 129, 1
105, 111, 1
105, 104, 1
105, 106, 1
105, 138, 1
105, 131, 1
105, 109, 1
105, 107, 1
105, 70, 1
105, 108, 1
105, 102, 1
105, 112, 1
105, 71, 1
105, 129, 1
108, 111, 1
108, 104, 1
108, 106, 1
108, 138, 1
108, 131, 1
108, 109, 1
108, 107, 1
108, 70, 1
108, 105, 1
108, 102, 1
108, 112, 1
108, 71, 1
108, 129, 1
102, 111, 1
102, 104, 1
102, 106, 1
102, 138, 1
102, 131, 1
102, 109, 1
102, 107, 1
102, 70, 1
102, 105, 1
102, 108, 1
102, 112, 1
102, 71, 1
102, 129, 1
112, 111, 1
112, 104, 1
112, 106, 1
112, 138, 1
112, 131, 1
112, 109, 1
112, 107, 1
112, 70, 1
112, 105, 1
112, 108, 1
112, 102, 1
112, 71, 1
112, 129, 1
71, 111, 1
71, 104, 1
71, 106, 1
71, 138, 1
71, 131, 1
71, 109, 1
71, 107, 1
71, 70, 1
71, 105, 1
71, 108, 1
71, 102, 1
71, 112, 1
71, 129, 1
129, 111, 1
129, 104, 1
129, 106, 1
129, 138, 1
129, 131, 1
129, 109, 1
129, 107, 1
129, 70, 1
129, 105, 1
129, 108, 1
129, 102, 1
129, 112, 1
129, 71, 1
163, 172, 1
163, 166, 1
163, 174, 1
163, 168, 1
163, 175, 1
172, 163, 1
172, 166, 1
172, 174, 1
172, 168, 1
172, 175, 1
166, 163, 1
166, 172, 1
166, 174, 1
166, 168, 1
166, 175, 1
174, 163, 1
174, 172, 1
174, 166, 1
174, 168, 1
174, 175, 1
168, 163, 1
168, 172, 1
168, 166, 1
168, 174, 1
168, 175, 1
175, 163, 1
175, 172, 1
175, 166, 1
175, 174, 1
175, 168, 1
184, 180, 1
184, 181, 1
184, 177, 1
180, 184, 1
180, 181, 1
180, 177, 1
181, 184, 1
181, 180, 1
181, 177, 1
177, 184, 1
177, 180, 1
177, 181, 1
201, 193, 1
201, 189, 1
201, 185, 1
201, 207, 1
201, 188, 1
201, 190, 1
201, 186, 1
201, 192, 1
193, 201, 1
193, 189, 1
193, 185, 1
193, 207, 1
193, 188, 1
193, 190, 1
193, 186, 1
193, 192, 1
189, 201, 1
189, 193, 1
189, 185, 1
189, 207, 1
189, 188, 1
189, 190, 1
189, 186, 1
189, 192, 1
185, 201, 1
185, 193, 1
185, 189, 1
185, 207, 1
185, 188, 1
185, 190, 1
185, 186, 1
185, 192, 1
207, 201, 1
207, 193, 1
207, 189, 1
207, 185, 1
207, 188, 1
207, 190, 1
207, 186, 1
207, 192, 1
188, 201, 1
188, 193, 1
188, 189, 1
188, 185, 1
188, 207, 1
188, 190, 1
188, 186, 1
188, 192, 1
190, 201, 1
190, 193, 1
190, 189, 1
190, 185, 1
190, 207, 1
190, 188, 1
190, 186, 1
190, 192, 1
186, 201, 1
186, 193, 1
186, 189, 1
186, 185, 1
186, 207, 1
186, 188, 1
186, 190, 1
186, 192, 1
192, 201, 1
192, 193, 1
192, 189, 1
192, 185, 1
192, 207, 1
192, 188, 1
192, 190, 1
192, 186, 1
21, 67, 1
67, 21, 1
111, 163, -1
111, 172, -1
111, 166, -1
111, 174, -1
111, 168, -1
111, 175, -1
104, 163, -1
104, 172, -1
104, 166, -1
104, 174, -1
104, 168, -1
104, 175, -1
106, 163, -1
106, 172, -1
106, 166, -1
106, 174, -1
106, 168, -1
106, 175, -1
138, 163, -1
138, 172, -1
138, 166, -1
138, 174, -1
138, 168, -1
138, 175, -1
131, 163, -1
131, 172, -1
131, 166, -1
131, 174, -1
131, 168, -1
131, 175, -1
109, 163, -1
109, 172, -1
109, 166, -1
109, 174, -1
109, 168, -1
109, 175, -1
107, 163, -1
107, 172, -1
107, 166, -1
107, 174, -1
107, 168, -1
107, 175, -1
70, 163, -1
70, 172, -1
70, 166, -1
70, 174, -1
70, 168, -1
70, 175, -1
105, 163, -1
105, 172, -1
105, 166, -1
105, 174, -1
105, 168, -1
105, 175, -1
108, 163, -1
108, 172, -1
108, 166, -1
108, 174, -1
108, 168, -1
108, 175, -1
102, 163, -1
102, 172, -1
102, 166, -1
102, 174, -1
102, 168, -1
102, 175, -1
112, 163, -1
112, 172, -1
112, 166, -1
112, 174, -1
112, 168, -1
112, 175, -1
71, 163, -1
71, 172, -1
71, 166, -1
71, 174, -1
71, 168, -1
71, 175, -1
129, 163, -1
129, 172, -1
129, 166, -1
129, 174, -1
129, 168, -1
129, 175, -1
111, 184, -1
111, 180, -1
111, 181, -1
111, 177, -1
104, 184, -1
104, 180, -1
104, 181, -1
104, 177, -1
106, 184, -1
106, 180, -1
106, 181, -1
106, 177, -1
138, 184, -1
138, 180, -1
138, 181, -1
138, 177, -1
131, 184, -1
131, 180, -1
131, 181, -1
131, 177, -1
109, 184, -1
109, 180, -1
109, 181, -1
109, 177, -1
107, 184, -1
107, 180, -1
107, 181, -1
107, 177, -1
70, 184, -1
70, 180, -1
70, 181, -1
70, 177, -1
105, 184, -1
105, 180, -1
105, 181, -1
105, 177, -1
108, 184, -1
108, 180, -1
108, 181, -1
108, 177, -1
102, 184, -1
102, 180, -1
102, 181, -1
102, 177, -1
112, 184, -1
112, 180, -1
112, 181, -1
112, 177, -1
71, 184, -1
71, 180, -1
71, 181, -1
71, 177, -1
129, 184, -1
129, 180, -1
129, 181, -1
129, 177, -1
111, 201, -1
111, 193, -1
111, 189, -1
111, 185, -1
111, 207, -1
111, 188, -1
111, 190, -1
111, 186, -1
111, 192, -1
104, 201, -1
104, 193, -1
104, 189, -1
104, 185, -1
104, 207, -1
104, 188, -1
104, 190, -1
104, 186, -1
104, 192, -1
106, 201, -1
106, 193, -1
106, 189, -1
106, 185, -1
106, 207, -1
106, 188, -1
106, 190, -1
106, 186, -1
106, 192, -1
138, 201, -1
138, 193, -1
138, 189, -1
138, 185, -1
138, 207, -1
138, 188, -1
138, 190, -1
138, 186, -1
138, 192, -1
131, 201, -1
131, 193, -1
131, 189, -1
131, 185, -1
131, 207, -1
131, 188, -1
131, 190, -1
131, 186, -1
131, 192, -1
109, 201, -1
109, 193, -1
109, 189, -1
109, 185, -1
109, 207, -1
109, 188, -1
109, 190, -1
109, 186, -1
109, 192, -1
107, 201, -1
107, 193, -1
107, 189, -1
107, 185, -1
107, 207, -1
107, 188, -1
107, 190, -1
107, 186, -1
107, 192, -1
70, 201, -1
70, 193, -1
70, 189, -1
70, 185, -1
70, 207, -1
70, 188, -1
70, 190, -1
70, 186, -1
70, 192, -1
105, 201, -1
105, 193, -1
105, 189, -1
105, 185, -1
105, 207, -1
105, 188, -1
105, 190, -1
105, 186, -1
105, 192, -1
108, 201, -1
108, 193, -1
108, 189, -1
108, 185, -1
108, 207, -1
108, 188, -1
108, 190, -1
108, 186, -1
108, 192, -1
102, 201, -1
102, 193, -1
102, 189, -1
102, 185, -1
102, 207, -1
102, 188, -1
102, 190, -1
102, 186, -1
102, 192, -1
112, 201, -1
112, 193, -1
112, 189, -1
112, 185, -1
112, 207, -1
112, 188, -1
112, 190, -1
112, 186, -1
112, 192, -1
71, 201, -1
71, 193, -1
71, 189, -1
71, 185, -1
71, 207, -1
71, 188, -1
71, 190, -1
71, 186, -1
71, 192, -1
129, 201, -1
129, 193, -1
129, 189, -1
129, 185, -1
129, 207, -1
129, 188, -1
129, 190, -1
129, 186, -1
129, 192, -1
111, 21, -1
111, 67, -1
104, 21, -1
104, 67, -1
106, 21, -1
106, 67, -1
138, 21, -1
138, 67, -1
131, 21, -1
131, 67, -1
109, 21, -1
109, 67, -1
107, 21, -1
107, 67, -1
70, 21, -1
70, 67, -1
105, 21, -1
105, 67, -1
108, 21, -1
108, 67, -1
102, 21, -1
102, 67, -1
112, 21, -1
112, 67, -1
71, 21, -1
71, 67, -1
129, 21, -1
129, 67, -1
163, 111, -1
163, 104, -1
163, 106, -1
163, 138, -1
163, 131, -1
163, 109, -1
163, 107, -1
163, 70, -1
163, 105, -1
163, 108, -1
163, 102, -1
163, 112, -1
163, 71, -1
163, 129, -1
172, 111, -1
172, 104, -1
172, 106, -1
172, 138, -1
172, 131, -1
172, 109, -1
172, 107, -1
172, 70, -1
172, 105, -1
172, 108, -1
172, 102, -1
172, 112, -1
172, 71, -1
172, 129, -1
166, 111, -1
166, 104, -1
166, 106, -1
166, 138, -1
166, 131, -1
166, 109, -1
166, 107, -1
166, 70, -1
166, 105, -1
166, 108, -1
166, 102, -1
166, 112, -1
166, 71, -1
166, 129, -1
174, 111, -1
174, 104, -1
174, 106, -1
174, 138, -1
174, 131, -1
174, 109, -1
174, 107, -1
174, 70, -1
174, 105, -1
174, 108, -1
174, 102, -1
174, 112, -1
174, 71, -1
174, 129, -1
168, 111, -1
168, 104, -1
168, 106, -1
168, 138, -1
168, 131, -1
168, 109, -1
168, 107, -1
168, 70, -1
168, 105, -1
168, 108, -1
168, 102, -1
168, 112, -1
168, 71, -1
168, 129, -1
175, 111, -1
175, 104, -1
175, 106, -1
175, 138, -1
175, 131, -1
175, 109, -1
175, 107, -1
175, 70, -1
175, 105, -1
175, 108, -1
175, 102, -1
175, 112, -1
175, 71, -1
175, 129, -1
163, 184, -1
163, 180, -1
163, 181, -1
163, 177, -1
172, 184, -1
172, 180, -1
172, 181, -1
172, 177, -1
166, 184, -1
166, 180, -1
166, 181, -1
166, 177, -1
174, 184, -1
174, 180, -1
174, 181, -1
174, 177, -1
168, 184, -1
168, 180, -1
168, 181, -1
168, 177, -1
175, 184, -1
175, 180, -1
175, 181, -1
175, 177, -1
163, 201, -1
163, 193, -1
163, 189, -1
163, 185, -1
163, 207, -1
163, 188, -1
163, 190, -1
163, 186, -1
163, 192, -1
172, 201, -1
172, 193, -1
172, 189, -1
172, 185, -1
172, 207, -1
172, 188, -1
172, 190, -1
172, 186, -1
172, 192, -1
166, 201, -1
166, 193, -1
166, 189, -1
166, 185, -1
166, 207, -1
166, 188, -1
166, 190, -1
166, 186, -1
166, 192, -1
174, 201, -1
174, 193, -1
174, 189, -1
174, 185, -1
174, 207, -1
174, 188, -1
174, 190, -1
174, 186, -1
174, 192, -1
168, 201, -1
168, 193, -1
168, 189, -1
168, 185, -1
168, 207, -1
168, 188, -1
168, 190, -1
168, 186, -1
168, 192, -1
175, 201, -1
175, 193, -1
175, 189, -1
175, 185, -1
175, 207, -1
175, 188, -1
175, 190, -1
175, 186, -1
175, 192, -1
163, 21, -1
163, 67, -1
172, 21, -1
172, 67, -1
166, 21, -1
166, 67, -1
174, 21, -1
174, 67, -1
168, 21, -1
168, 67, -1
175, 21, -1
175, 67, -1
184, 111, -1
184, 104, -1
184, 106, -1
184, 138, -1
184, 131, -1
184, 109, -1
184, 107, -1
184, 70, -1
184, 105, -1
184, 108, -1
184, 102, -1
184, 112, -1
184, 71, -1
184, 129, -1
180, 111, -1
180, 104, -1
180, 106, -1
180, 138, -1
180, 131, -1
180, 109, -1
180, 107, -1
180, 70, -1
180, 105, -1
180, 108, -1
180, 102, -1
180, 112, -1
180, 71, -1
180, 129, -1
181, 111, -1
181, 104, -1
181, 106, -1
181, 138, -1
181, 131, -1
181, 109, -1
181, 107, -1
181, 70, -1
181, 105, -1
181, 108, -1
181, 102, -1
181, 112, -1
181, 71, -1
181, 129, -1
177, 111, -1
177, 104, -1
177, 106, -1
177, 138, -1
177, 131, -1
177, 109, -1
177, 107, -1
177, 70, -1
177, 105, -1
177, 108, -1
177, 102, -1
177, 112, -1
177, 71, -1
177, 129, -1
184, 163, -1
184, 172, -1
184, 166, -1
184, 174, -1
184, 168, -1
184, 175, -1
180, 163, -1
180, 172, -1
180, 166, -1
180, 174, -1
180, 168, -1
180, 175, -1
181, 163, -1
181, 172, -1
181, 166, -1
181, 174, -1
181, 168, -1
181, 175, -1
177, 163, -1
177, 172, -1
177, 166, -1
177, 174, -1
177, 168, -1
177, 175, -1
184, 201, -1
184, 193, -1
184, 189, -1
184, 185, -1
184, 207, -1
184, 188, -1
184, 190, -1
184, 186, -1
184, 192, -1
180, 201, -1
180, 193, -1
180, 189, -1
180, 185, -1
180, 207, -1
180, 188, -1
180, 190, -1
180, 186, -1
180, 192, -1
181, 201, -1
181, 193, -1
181, 189, -1
181, 185, -1
181, 207, -1
181, 188, -1
181, 190, -1
181, 186, -1
181, 192, -1
177, 201, -1
177, 193, -1
177, 189, -1
177, 185, -1
177, 207, -1
177, 188, -1
177, 190, -1
177, 186, -1
177, 192, -1
184, 21, -1
184, 67, -1
180, 21, -1
180, 67, -1
181, 21, -1
181, 67, -1
177, 21, -1
177, 67, -1
201, 111, -1
201, 104, -1
201, 106, -1
201, 138, -1
201, 131, -1
201, 109, -1
201, 107, -1
201, 70, -1
201, 105, -1
201, 108, -1
201, 102, -1
201, 112, -1
201, 71, -1
201, 129, -1
193, 111, -1
193, 104, -1
193, 106, -1
193, 138, -1
193, 131, -1
193, 109, -1
193, 107, -1
193, 70, -1
193, 105, -1
193, 108, -1
193, 102, -1
193, 112, -1
193, 71, -1
193, 129, -1
189, 111, -1
189, 104, -1
189, 106, -1
189, 138, -1
189, 131, -1
189, 109, -1
189, 107, -1
189, 70, -1
189, 105, -1
189, 108, -1
189, 102, -1
189, 112, -1
189, 71, -1
189, 129, -1
185, 111, -1
185, 104, -1
185, 106, -1
185, 138, -1
185, 131, -1
185, 109, -1
185, 107, -1
185, 70, -1
185, 105, -1
185, 108, -1
185, 102, -1
185, 112, -1
185, 71, -1
185, 129, -1
207, 111, -1
207, 104, -1
207, 106, -1
207, 138, -1
207, 131, -1
207, 109, -1
207, 107, -1
207, 70, -1
207, 105, -1
207, 108, -1
207, 102, -1
207, 112, -1
207, 71, -1
207, 129, -1
188, 111, -1
188, 104, -1
188, 106, -1
188, 138, -1
188, 131, -1
188, 109, -1
188, 107, -1
188, 70, -1
188, 105, -1
188, 108, -1
188, 102, -1
188, 112, -1
188, 71, -1
188, 129, -1
190, 111, -1
190, 104, -1
190, 106, -1
190, 138, -1
190, 131, -1
190, 109, -1
190, 107, -1
190, 70, -1
190, 105, -1
190, 108, -1
190, 102, -1
190, 112, -1
190, 71, -1
190, 129, -1
186, 111, -1
186, 104, -1
186, 106, -1
186, 138, -1
186, 131, -1
186, 109, -1
186, 107, -1
186, 70, -1
186, 105, -1
186, 108, -1
186, 102, -1
186, 112, -1
186, 71, -1
186, 129, -1
192, 111, -1
192, 104, -1
192, 106, -1
192, 138, -1
192, 131, -1
192, 109, -1
192, 107, -1
192, 70, -1
192, 105, -1
192, 108, -1
192, 102, -1
192, 112, -1
192, 71, -1
192, 129, -1
201, 163, -1
201, 172, -1
201, 166, -1
201, 174, -1
201, 168, -1
201, 175, -1
193, 163, -1
193, 172, -1
193, 166, -1
193, 174, -1
193, 168, -1
193, 175, -1
189, 163, -1
189, 172, -1
189, 166, -1
189, 174, -1
189, 168, -1
189, 175, -1
185, 163, -1
185, 172, -1
185, 166, -1
185, 174, -1
185, 168, -1
185, 175, -1
207, 163, -1
207, 172, -1
207, 166, -1
207, 174, -1
207, 168, -1
207, 175, -1
188, 163, -1
188, 172, -1
188, 166, -1
188, 174, -1
188, 168, -1
188, 175, -1
190, 163, -1
190, 172, -1
190, 166, -1
190, 174, -1
190, 168, -1
190, 175, -1
186, 163, -1
186, 172, -1
186, 166, -1
186, 174, -1
186, 168, -1
186, 175, -1
192, 163, -1
192, 172, -1
192, 166, -1
192, 174, -1
192, 168, -1
192, 175, -1
201, 184, -1
201, 180, -1
201, 181, -1
201, 177, -1
193, 184, -1
193, 180, -1
193, 181, -1
193, 177, -1
189, 184, -1
189, 180, -1
189, 181, -1
189, 177, -1
185, 184, -1
185, 180, -1
185, 181, -1
185, 177, -1
207, 184, -1
207, 180, -1
207, 181, -1
207, 177, -1
188, 184, -1
188, 180, -1
188, 181, -1
188, 177, -1
190, 184, -1
190, 180, -1
190, 181, -1
190, 177, -1
186, 184, -1
186, 180, -1
186, 181, -1
186, 177, -1
192, 184, -1
192, 180, -1
192, 181, -1
192, 177, -1
201, 21, -1
201, 67, -1
193, 21, -1
193, 67, -1
189, 21, -1
189, 67, -1
185, 21, -1
185, 67, -1
207, 21, -1
207, 67, -1
188, 21, -1
188, 67, -1
190, 21, -1
190, 67, -1
186, 21, -1
186, 67, -1
192, 21, -1
192, 67, -1
21, 111, -1
21, 104, -1
21, 106, -1
21, 138, -1
21, 131, -1
21, 109, -1
21, 107, -1
21, 70, -1
21, 105, -1
21, 108, -1
21, 102, -1
21, 112, -1
21, 71, -1
21, 129, -1
67, 111, -1
67, 104, -1
67, 106, -1
67, 138, -1
67, 131, -1
67, 109, -1
67, 107, -1
67, 70, -1
67, 105, -1
67, 108, -1
67, 102, -1
67, 112, -1
67, 71, -1
67, 129, -1
21, 163, -1
21, 172, -1
21, 166, -1
21, 174, -1
21, 168, -1
21, 175, -1
67, 163, -1
67, 172, -1
67, 166, -1
67, 174, -1
67, 168, -1
67, 175, -1
21, 184, -1
21, 180, -1
21, 181, -1
21, 177, -1
67, 184, -1
67, 180, -1
67, 181, -1
67, 177, -1
21, 201, -1
21, 193, -1
21, 189, -1
21, 185, -1
21, 207, -1
21, 188, -1
21, 190, -1
21, 186, -1
21, 192, -1
67, 201, -1
67, 193, -1
67, 189, -1
67, 185, -1
67, 207, -1
67, 188, -1
67, 190, -1
67, 186, -1
67, 192, -1

111, 104, 1
111, 106, 1
111, 138, 1
111, 131, 1
111, 109, 1
111, 107, 1
111, 70, 1
111, 105, 1
111, 108, 1
111, 102, 1
111, 112, 1
111, 71, 1
111, 129, 1
111, 84, 1
111, 101, 1
104, 111, 1
104, 106, 1
104, 138, 1
104, 131, 1
104, 109, 1
104, 107, 1
104, 70, 1
104, 105, 1
104, 108, 1
104, 102, 1
104, 112, 1
104, 71, 1
104, 129, 1
104, 84, 1
104, 101, 1
106, 111, 1
106, 104, 1
106, 138, 1
106, 131, 1
106, 109, 1
106, 107, 1
106, 70, 1
106, 105, 1
106, 108, 1
106, 102, 1
106, 112, 1
106, 71, 1
106, 129, 1
106, 84, 1
106, 101, 1
138, 111, 1
138, 104, 1
138, 106, 1
138, 131, 1
138, 109, 1
138, 107, 1
138, 70, 1
138, 105, 1
138, 108, 1
138, 102, 1
138, 112, 1
138, 71, 1
138, 129, 1
138, 84, 1
138, 101, 1
131, 111, 1
131, 104, 1
131, 106, 1
131, 138, 1
131, 109, 1
131, 107, 1
131, 70, 1
131, 105, 1
131, 108, 1
131, 102, 1
131, 112, 1
131, 71, 1
131, 129, 1
131, 84, 1
131, 101, 1
109, 111, 1
109, 104, 1
109, 106, 1
109, 138, 1
109, 131, 1
109, 107, 1
109, 70, 1
109, 105, 1
109, 108, 1
109, 102, 1
109, 112, 1
109, 71, 1
109, 129, 1
109, 84, 1
109, 101, 1
107, 111, 1
107, 104, 1
107, 106, 1
107, 138, 1
107, 131, 1
107, 109, 1
107, 70, 1
107, 105, 1
107, 108, 1
107, 102, 1
107, 112, 1
107, 71, 1
107, 129, 1
107, 84, 1
107, 101, 1
70, 111, 1
70, 104, 1
70, 106, 1
70, 138, 1
70, 131, 1
70, 109, 1
70, 107, 1
70, 105, 1
70, 108, 1
70, 102, 1
70, 112, 1
70, 71, 1
70, 129, 1
70, 84, 1
70, 101, 1
105, 111, 1
105, 104, 1
105, 106, 1
105, 138, 1
105, 131, 1
105, 109, 1
105, 107, 1
105, 70, 1
105, 108, 1
105, 102, 1
105, 112, 1
105, 71, 1
105, 129, 1
105, 84, 1
105, 101, 1
108, 111, 1
108, 104, 1
108, 106, 1
108, 138, 1
108, 131, 1
108, 109, 1
108, 107, 1
108, 70, 1
108, 105, 1
108, 102, 1
108, 112, 1
108, 71, 1
108, 129, 1
108, 84, 1
108, 101, 1
102, 111, 1
102, 104, 1
102, 106, 1
102, 138, 1
102, 131, 1
102, 109, 1
102, 107, 1
102, 70, 1
102, 105, 1
102, 108, 1
102, 112, 1
102, 71, 1
102, 129, 1
102, 84, 1
102, 101, 1
112, 111, 1
112, 104, 1
112, 106, 1
112, 138, 1
112, 131, 1
112, 109, 1
112, 107, 1
112, 70, 1
112, 105, 1
112, 108, 1
112, 102, 1
112, 71, 1
112, 129, 1
112, 84, 1
112, 101, 1
71, 111, 1
71, 104, 1
71, 106, 1
71, 138, 1
71, 131, 1
71, 109, 1
71, 107, 1
71, 70, 1
71, 105, 1
71, 108, 1
71, 102, 1
71, 112, 1
71, 129, 1
71, 84, 1
71, 101, 1
129, 111, 1
129, 104, 1
129, 106, 1
129, 138, 1
129, 131, 1
129, 109, 1
129, 107, 1
129, 70, 1
129, 105, 1
129, 108, 1
129, 102, 1
129, 112, 1
129, 71, 1
129, 84, 1
129, 101, 1
84, 111, 1
84, 104, 1
84, 106, 1
84, 138, 1
84, 131, 1
84, 109, 1
84, 107, 1
84, 70, 1
84, 105, 1
84, 108, 1
84, 102, 1
84, 112, 1
84, 71, 1
84, 129, 1
84, 101, 1
101, 111, 1
101, 104, 1
101, 106, 1
101, 138, 1
101, 131, 1
101, 109, 1
101, 107, 1
101, 70, 1
101, 105, 1
101, 108, 1
101, 102, 1
101, 112, 1
101, 71, 1
101, 129, 1
101, 84, 1
163, 172, 1
163, 166, 1
163, 174, 1
163, 168, 1
163, 175, 1
163, 170, 1
172, 163, 1
172, 166, 1
172, 174, 1
172, 168, 1
172, 175, 1
172, 170, 1
166, 163, 1
166, 172, 1
166, 174, 1
166, 168, 1
166, 175, 1
166, 170, 1
174, 163, 1
174, 172, 1
174, 166, 1
174, 168, 1
174, 175, 1
174, 170, 1
168, 163, 1
168, 172, 1
168, 166, 1
168, 174, 1
168, 175, 1
168, 170, 1
175, 163, 1
175, 172, 1
175, 166, 1
175, 174, 1
175, 168, 1
175, 170, 1
170, 163, 1
170, 172, 1
170, 166, 1
170, 174, 1
170, 168, 1
170, 175, 1
184, 180, 1
184, 181, 1
184, 177, 1
180, 184, 1
180, 181, 1
180, 177, 1
181, 184, 1
181, 180, 1
181, 177, 1
177, 184, 1
177, 180, 1
177, 181, 1
201, 193, 1
201, 189, 1
201, 185, 1
201, 207, 1
201, 188, 1
201, 190, 1
201, 186, 1
201, 192, 1
193, 201, 1
193, 189, 1
193, 185, 1
193, 207, 1
193, 188, 1
193, 190, 1
193, 186, 1
193, 192, 1
189, 201, 1
189, 193, 1
189, 185, 1
189, 207, 1
189, 188, 1
189, 190, 1
189, 186, 1
189, 192, 1
185, 201, 1
185, 193, 1
185, 189, 1
185, 207, 1
185, 188, 1
185, 190, 1
185, 186, 1
185, 192, 1
207, 201, 1
207, 193, 1
207, 189, 1
207, 185, 1
207, 188, 1
207, 190, 1
207, 186, 1
207, 192, 1
188, 201, 1
188, 193, 1
188, 189, 1
188, 185, 1
188, 207, 1
188, 190, 1
188, 186, 1
188, 192, 1
190, 201, 1
190, 193, 1
190, 189, 1
190, 185, 1
190, 207, 1
190, 188, 1
190, 186, 1
190, 192, 1
186, 201, 1
186, 193, 1
186, 189, 1
186, 185, 1
186, 207, 1
186, 188, 1
186, 190, 1
186, 192, 1
192, 201, 1
192, 193, 1
192, 189, 1
192, 185, 1
192, 207, 1
192, 188, 1
192, 190, 1
192, 186, 1
21, 67, 1
67, 21, 1
111, 163, -1
111, 172, -1
111, 166, -1
111, 174, -1
111, 168, -1
111, 175, -1
111, 170, -1
104, 163, -1
104, 172, -1
104, 166, -1
104, 174, -1
104, 168, -1
104, 175, -1
104, 170, -1
106, 163, -1
106, 172, -1
106, 166, -1
106, 174, -1
106, 168, -1
106, 175, -1
106, 170, -1
138, 163, -1
138, 172, -1
138, 166, -1
138, 174, -1
138, 168, -1
138, 175, -1
138, 170, -1
131, 163, -1
131, 172, -1
131, 166, -1
131, 174, -1
131, 168, -1
131, 175, -1
131, 170, -1
109, 163, -1
109, 172, -1
109, 166, -1
109, 174, -1
109, 168, -1
109, 175, -1
109, 170, -1
107, 163, -1
107, 172, -1
107, 166, -1
107, 174, -1
107, 168, -1
107, 175, -1
107, 170, -1
70, 163, -1
70, 172, -1
70, 166, -1
70, 174, -1
70, 168, -1
70, 175, -1
70, 170, -1
105, 163, -1
105, 172, -1
105, 166, -1
105, 174, -1
105, 168, -1
105, 175, -1
105, 170, -1
108, 163, -1
108, 172, -1
108, 166, -1
108, 174, -1
108, 168, -1
108, 175, -1
108, 170, -1
102, 163, -1
102, 172, -1
102, 166, -1
102, 174, -1
102, 168, -1
102, 175, -1
102, 170, -1
112, 163, -1
112, 172, -1
112, 166, -1
112, 174, -1
112, 168, -1
112, 175, -1
112, 170, -1
71, 163, -1
71, 172, -1
71, 166, -1
71, 174, -1
71, 168, -1
71, 175, -1
71, 170, -1
129, 163, -1
129, 172, -1
129, 166, -1
129, 174, -1
129, 168, -1
129, 175, -1
129, 170, -1
84, 163, -1
84, 172, -1
84, 166, -1
84, 174, -1
84, 168, -1
84, 175, -1
84, 170, -1
101, 163, -1
101, 172, -1
101, 166, -1
101, 174, -1
101, 168, -1
101, 175, -1
101, 170, -1
111, 184, -1
111, 180, -1
111, 181, -1
111, 177, -1
104, 184, -1
104, 180, -1
104, 181, -1
104, 177, -1
106, 184, -1
106, 180, -1
106, 181, -1
106, 177, -1
138, 184, -1
138, 180, -1
138, 181, -1
138, 177, -1
131, 184, -1
131, 180, -1
131, 181, -1
131, 177, -1
109, 184, -1
109, 180, -1
109, 181, -1
109, 177, -1
107, 184, -1
107, 180, -1
107, 181, -1
107, 177, -1
70, 184, -1
70, 180, -1
70, 181, -1
70, 177, -1
105, 184, -1
105, 180, -1
105, 181, -1
105, 177, -1
108, 184, -1
108, 180, -1
108, 181, -1
108, 177, -1
102, 184, -1
102, 180, -1
102, 181, -1
102, 177, -1
112, 184, -1
112, 180, -1
112, 181, -1
112, 177, -1
71, 184, -1
71, 180, -1
71, 181, -1
71, 177, -1
129, 184, -1
129, 180, -1
129, 181, -1
129, 177, -1
84, 184, -1
84, 180, -1
84, 181, -1
84, 177, -1
101, 184, -1
101, 180, -1
101, 181, -1
101, 177, -1
111, 201, -1
111, 193, -1
111, 189, -1
111, 185, -1
111, 207, -1
111, 188, -1
111, 190, -1
111, 186, -1
111, 192, -1
104, 201, -1
104, 193, -1
104, 189, -1
104, 185, -1
104, 207, -1
104, 188, -1
104, 190, -1
104, 186, -1
104, 192, -1
106, 201, -1
106, 193, -1
106, 189, -1
106, 185, -1
106, 207, -1
106, 188, -1
106, 190, -1
106, 186, -1
106, 192, -1
138, 201, -1
138, 193, -1
138, 189, -1
138, 185, -1
138, 207, -1
138, 188, -1
138, 190, -1
138, 186, -1
138, 192, -1
131, 201, -1
131, 193, -1
131, 189, -1
131, 185, -1
131, 207, -1
131, 188, -1
131, 190, -1
131, 186, -1
131, 192, -1
109, 201, -1
109, 193, -1
109, 189, -1
109, 185, -1
109, 207, -1
109, 188, -1
109, 190, -1
109, 186, -1
109, 192, -1
107, 201, -1
107, 193, -1
107, 189, -1
107, 185, -1
107, 207, -1
107, 188, -1
107, 190, -1
107, 186, -1
107, 192, -1
70, 201, -1
70, 193, -1
70, 189, -1
70, 185, -1
70, 207, -1
70, 188, -1
70, 190, -1
70, 186, -1
70, 192, -1
105, 201, -1
105, 193, -1
105, 189, -1
105, 185, -1
105, 207, -1
105, 188, -1
105, 190, -1
105, 186, -1
105, 192, -1
108, 201, -1
108, 193, -1
108, 189, -1
108, 185, -1
108, 207, -1
108, 188, -1
108, 190, -1
108, 186, -1
108, 192, -1
102, 201, -1
102, 193, -1
102, 189, -1
102, 185, -1
102, 207, -1
102, 188, -1
102, 190, -1
102, 186, -1
102, 192, -1
112, 201, -1
112, 193, -1
112, 189, -1
112, 185, -1
112, 207, -1
112, 188, -1
112, 190, -1
112, 186, -1
112, 192, -1
71, 201, -1
71, 193, -1
71, 189, -1
71, 185, -1
71, 207, -1
71, 188, -1
71, 190, -1
71, 186, -1
71, 192, -1
129, 201, -1
129, 193, -1
129, 189, -1
129, 185, -1
129, 207, -1
129, 188, -1
129, 190, -1
129, 186, -1
129, 192, -1
84, 201, -1
84, 193, -1
84, 189, -1
84, 185, -1
84, 207, -1
84, 188, -1
84, 190, -1
84, 186, -1
84, 192, -1
101, 201, -1
101, 193, -1
101, 189, -1
101, 185, -1
101, 207, -1
101, 188, -1
101, 190, -1
101, 186, -1
101, 192, -1
111, 21, -1
111, 67, -1
104, 21, -1
104, 67, -1
106, 21, -1
106, 67, -1
138, 21, -1
138, 67, -1
131, 21, -1
131, 67, -1
109, 21, -1
109, 67, -1
107, 21, -1
107, 67, -1
70, 21, -1
70, 67, -1
105, 21, -1
105, 67, -1
108, 21, -1
108, 67, -1
102, 21, -1
102, 67, -1
112, 21, -1
112, 67, -1
71, 21, -1
71, 67, -1
129, 21, -1
129, 67, -1
84, 21, -1
84, 67, -1
101, 21, -1
101, 67, -1
111, 152, -1
104, 152, -1
106, 152, -1
138, 152, -1
131, 152, -1
109, 152, -1
107, 152, -1
70, 152, -1
105, 152, -1
108, 152, -1
102, 152, -1
112, 152, -1
71, 152, -1
129, 152, -1
84, 152, -1
101, 152, -1
163, 111, -1
163, 104, -1
163, 106, -1
163, 138, -1
163, 131, -1
163, 109, -1
163, 107, -1
163, 70, -1
163, 105, -1
163, 108, -1
163, 102, -1
163, 112, -1
163, 71, -1
163, 129, -1
163, 84, -1
163, 101, -1
172, 111, -1
172, 104, -1
172, 106, -1
172, 138, -1
172, 131, -1
172, 109, -1
172, 107, -1
172, 70, -1
172, 105, -1
172, 108, -1
172, 102, -1
172, 112, -1
172, 71, -1
172, 129, -1
172, 84, -1
172, 101, -1
166, 111, -1
166, 104, -1
166, 106, -1
166, 138, -1
166, 131, -1
166, 109, -1
166, 107, -1
166, 70, -1
166, 105, -1
166, 108, -1
166, 102, -1
166, 112, -1
166, 71, -1
166, 129, -1
166, 84, -1
166, 101, -1
174, 111, -1
174, 104, -1
174, 106, -1
174, 138, -1
174, 131, -1
174, 109, -1
174, 107, -1
174, 70, -1
174, 105, -1
174, 108, -1
174, 102, -1
174, 112, -1
174, 71, -1
174, 129, -1
174, 84, -1
174, 101, -1
168, 111, -1
168, 104, -1
168, 106, -1
168, 138, -1
168, 131, -1
168, 109, -1
168, 107, -1
168, 70, -1
168, 105, -1
168, 108, -1
168, 102, -1
168, 112, -1
168, 71, -1
168, 129, -1
168, 84, -1
168, 101, -1
175, 111, -1
175, 104, -1
175, 106, -1
175, 138, -1
175, 131, -1
175, 109, -1
175, 107, -1
175, 70, -1
175, 105, -1
175, 108, -1
175, 102, -1
175, 112, -1
175, 71, -1
175, 129, -1
175, 84, -1
175, 101, -1
170, 111, -1
170, 104, -1
170, 106, -1
170, 138, -1
170, 131, -1
170, 109, -1
170, 107, -1
170, 70, -1
170, 105, -1
170, 108, -1
170, 102, -1
170, 112, -1
170, 71, -1
170, 129, -1
170, 84, -1
170, 101, -1
163, 184, -1
163, 180, -1
163, 181, -1
163, 177, -1
172, 184, -1
172, 180, -1
172, 181, -1
172, 177, -1
166, 184, -1
166, 180, -1
166, 181, -1
166, 177, -1
174, 184, -1
174, 180, -1
174, 181, -1
174, 177, -1
168, 184, -1
168, 180, -1
168, 181, -1
168, 177, -1
175, 184, -1
175, 180, -1
175, 181, -1
175, 177, -1
170, 184, -1
170, 180, -1
170, 181, -1
170, 177, -1
163, 201, -1
163, 193, -1
163, 189, -1
163, 185, -1
163, 207, -1
163, 188, -1
163, 190, -1
163, 186, -1
163, 192, -1
172, 201, -1
172, 193, -1
172, 189, -1
172, 185, -1
172, 207, -1
172, 188, -1
172, 190, -1
172, 186, -1
172, 192, -1
166, 201, -1
166, 193, -1
166, 189, -1
166, 185, -1
166, 207, -1
166, 188, -1
166, 190, -1
166, 186, -1
166, 192, -1
174, 201, -1
174, 193, -1
174, 189, -1
174, 185, -1
174, 207, -1
174, 188, -1
174, 190, -1
174, 186, -1
174, 192, -1
168, 201, -1
168, 193, -1
168, 189, -1
168, 185, -1
168, 207, -1
168, 188, -1
168, 190, -1
168, 186, -1
168, 192, -1
175, 201, -1
175, 193, -1
175, 189, -1
175, 185, -1
175, 207, -1
175, 188, -1
175, 190, -1
175, 186, -1
175, 192, -1
170, 201, -1
170, 193, -1
170, 189, -1
170, 185, -1
170, 207, -1
170, 188, -1
170, 190, -1
170, 186, -1
170, 192, -1
163, 21, -1
163, 67, -1
172, 21, -1
172, 67, -1
166, 21, -1
166, 67, -1
174, 21, -1
174, 67, -1
168, 21, -1
168, 67, -1
175, 21, -1
175, 67, -1
170, 21, -1
170, 67, -1
163, 152, -1
172, 152, -1
166, 152, -1
174, 152, -1
168, 152, -1
175, 152, -1
170, 152, -1
184, 111, -1
184, 104, -1
184, 106, -1
184, 138, -1
184, 131, -1
184, 109, -1
184, 107, -1
184, 70, -1
184, 105, -1
184, 108, -1
184, 102, -1
184, 112, -1
184, 71, -1
184, 129, -1
184, 84, -1
184, 101, -1
180, 111, -1
180, 104, -1
180, 106, -1
180, 138, -1
180, 131, -1
180, 109, -1
180, 107, -1
180, 70, -1
180, 105, -1
180, 108, -1
180, 102, -1
180, 112, -1
180, 71, -1
180, 129, -1
180, 84, -1
180, 101, -1
181, 111, -1
181, 104, -1
181, 106, -1
181, 138, -1
181, 131, -1
181, 109, -1
181, 107, -1
181, 70, -1
181, 105, -1
181, 108, -1
181, 102, -1
181, 112, -1
181, 71, -1
181, 129, -1
181, 84, -1
181, 101, -1
177, 111, -1
177, 104, -1
177, 106, -1
177, 138, -1
177, 131, -1
177, 109, -1
177, 107, -1
177, 70, -1
177, 105, -1
177, 108, -1
177, 102, -1
177, 112, -1
177, 71, -1
177, 129, -1
177, 84, -1
177, 101, -1
184, 163, -1
184, 172, -1
184, 166, -1
184, 174, -1
184, 168, -1
184, 175, -1
184, 170, -1
180, 163, -1
180, 172, -1
180, 166, -1
180, 174, -1
180, 168, -1
180, 175, -1
180, 170, -1
181, 163, -1
181, 172, -1
181, 166, -1
181, 174, -1
181, 168, -1
181, 175, -1
181, 170, -1
177, 163, -1
177, 172, -1
177, 166, -1
177, 174, -1
177, 168, -1
177, 175, -1
177, 170, -1
184, 201, -1
184, 193, -1
184, 189, -1
184, 185, -1
184, 207, -1
184, 188, -1
184, 190, -1
184, 186, -1
184, 192, -1
180, 201, -1
180, 193, -1
180, 189, -1
180, 185, -1
180, 207, -1
180, 188, -1
180, 190, -1
180, 186, -1
180, 192, -1
181, 201, -1
181, 193, -1
181, 189, -1
181, 185, -1
181, 207, -1
181, 188, -1
181, 190, -1
181, 186, -1
181, 192, -1
177, 201, -1
177, 193, -1
177, 189, -1
177, 185, -1
177, 207, -1
177, 188, -1
177, 190, -1
177, 186, -1
177, 192, -1
184, 21, -1
184, 67, -1
180, 21, -1
180, 67, -1
181, 21, -1
181, 67, -1
177, 21, -1
177, 67, -1
184, 152, -1
180, 152, -1
181, 152, -1
177, 152, -1
201, 111, -1
201, 104, -1
201, 106, -1
201, 138, -1
201, 131, -1
201, 109, -1
201, 107, -1
201, 70, -1
201, 105, -1
201, 108, -1
201, 102, -1
201, 112, -1
201, 71, -1
201, 129, -1
201, 84, -1
201, 101, -1
193, 111, -1
193, 104, -1
193, 106, -1
193, 138, -1
193, 131, -1
193, 109, -1
193, 107, -1
193, 70, -1
193, 105, -1
193, 108, -1
193, 102, -1
193, 112, -1
193, 71, -1
193, 129, -1
193, 84, -1
193, 101, -1
189, 111, -1
189, 104, -1
189, 106, -1
189, 138, -1
189, 131, -1
189, 109, -1
189, 107, -1
189, 70, -1
189, 105, -1
189, 108, -1
189, 102, -1
189, 112, -1
189, 71, -1
189, 129, -1
189, 84, -1
189, 101, -1
185, 111, -1
185, 104, -1
185, 106, -1
185, 138, -1
185, 131, -1
185, 109, -1
185, 107, -1
185, 70, -1
185, 105, -1
185, 108, -1
185, 102, -1
185, 112, -1
185, 71, -1
185, 129, -1
185, 84, -1
185, 101, -1
207, 111, -1
207, 104, -1
207, 106, -1
207, 138, -1
207, 131, -1
207, 109, -1
207, 107, -1
207, 70, -1
207, 105, -1
207, 108, -1
207, 102, -1
207, 112, -1
207, 71, -1
207, 129, -1
207, 84, -1
207, 101, -1
188, 111, -1
188, 104, -1
188, 106, -1
188, 138, -1
188, 131, -1
188, 109, -1
188, 107, -1
188, 70, -1
188, 105, -1
188, 108, -1
188, 102, -1
188, 112, -1
188, 71, -1
188, 129, -1
188, 84, -1
188, 101, -1
190, 111, -1
190, 104, -1
190, 106, -1
190, 138, -1
190, 131, -1
190, 109, -1
190, 107, -1
190, 70, -1
190, 105, -1
190, 108, -1
190, 102, -1
190, 112, -1
190, 71, -1
190, 129, -1
190, 84, -1
190, 101, -1
186, 111, -1
186, 104, -1
186, 106, -1
186, 138, -1
186, 131, -1
186, 109, -1
186, 107, -1
186, 70, -1
186, 105, -1
186, 108, -1
186, 102, -1
186, 112, -1
186, 71, -1
186, 129, -1
186, 84, -1
186, 101, -1
192, 111, -1
192, 104, -1
192, 106, -1
192, 138, -1
192, 131, -1
192, 109, -1
192, 107, -1
192, 70, -1
192, 105, -1
192, 108, -1
192, 102, -1
192, 112, -1
192, 71, -1
192, 129, -1
192, 84, -1
192, 101, -1
201, 163, -1
201, 172, -1
201, 166, -1
201, 174, -1
201, 168, -1
201, 175, -1
201, 170, -1
193, 163, -1
193, 172, -1
193, 166, -1
193, 174, -1
193, 168, -1
193, 175, -1
193, 170, -1
189, 163, -1
189, 172, -1
189, 166, -1
189, 174, -1
189, 168, -1
189, 175, -1
189, 170, -1
185, 163, -1
185, 172, -1
185, 166, -1
185, 174, -1
185, 168, -1
185, 175, -1
185, 170, -1
207, 163, -1
207, 172, -1
207, 166, -1
207, 174, -1
207, 168, -1
207, 175, -1
207, 170, -1
188, 163, -1
188, 172, -1
188, 166, -1
188, 174, -1
188, 168, -1
188, 175, -1
188, 170, -1
190, 163, -1
190, 172, -1
190, 166, -1
190, 174, -1
190, 168, -1
190, 175, -1
190, 170, -1
186, 163, -1
186, 172, -1
186, 166, -1
186, 174, -1
186, 168, -1
186, 175, -1
186, 170, -1
192, 163, -1
192, 172, -1
192, 166, -1
192, 174, -1
192, 168, -1
192, 175, -1
192, 170, -1
201, 184, -1
201, 180, -1
201, 181, -1
201, 177, -1
193, 184, -1
193, 180, -1
193, 181, -1
193, 177, -1
189, 184, -1
189, 180, -1
189, 181, -1
189, 177, -1
185, 184, -1
185, 180, -1
185, 181, -1
185, 177, -1
207, 184, -1
207, 180, -1
207, 181, -1
207, 177, -1
188, 184, -1
188, 180, -1
188, 181, -1
188, 177, -1
190, 184, -1
190, 180, -1
190, 181, -1
190, 177, -1
186, 184, -1
186, 180, -1
186, 181, -1
186, 177, -1
192, 184, -1
192, 180, -1
192, 181, -1
192, 177, -1
201, 21, -1
201, 67, -1
193, 21, -1
193, 67, -1
189, 21, -1
189, 67, -1
185, 21, -1
185, 67, -1
207, 21, -1
207, 67, -1
188, 21, -1
188, 67, -1
190, 21, -1
190, 67, -1
186, 21, -1
186, 67, -1
192, 21, -1
192, 67, -1
201, 152, -1
193, 152, -1
189, 152, -1
185, 152, -1
207, 152, -1
188, 152, -1
190, 152, -1
186, 152, -1
192, 152, -1
21, 111, -1
21, 104, -1
21, 106, -1
21, 138, -1
21, 131, -1
21, 109, -1
21, 107, -1
21, 70, -1
21, 105, -1
21, 108, -1
21, 102, -1
21, 112, -1
21, 71, -1
21, 129, -1
21, 84, -1
21, 101, -1
67, 111, -1
67, 104, -1
67, 106, -1
67, 138, -1
67, 131, -1
67, 109, -1
67, 107, -1
67, 70, -1
67, 105, -1
67, 108, -1
67, 102, -1
67, 112, -1
67, 71, -1
67, 129, -1
67, 84, -1
67, 101, -1
21, 163, -1
21, 172, -1
21, 166, -1
21, 174, -1
21, 168, -1
21, 175, -1
21, 170, -1
67, 163, -1
67, 172, -1
67, 166, -1
67, 174, -1
67, 168, -1
67, 175, -1
67, 170, -1
21, 184, -1
21, 180, -1
21, 181, -1
21, 177, -1
67, 184, -1
67, 180, -1
67, 181, -1
67, 177, -1
21, 201, -1
21, 193, -1
21, 189, -1
21, 185, -1
21, 207, -1
21, 188, -1
21, 190, -1
21, 186, -1
21, 192, -1
67, 201, -1
67, 193, -1
67, 189, -1
67, 185, -1
67, 207, -1
67, 188, -1
67, 190, -1
67, 186, -1
67, 192, -1
21, 152, -1
67, 152, -1
152, 111, -1
152, 104, -1
152, 106, -1
152, 138, -1
152, 131, -1
152, 109, -1
152, 107, -1
152, 70, -1
152, 105, -1
152, 108, -1
152, 102, -1
152, 112, -1
152, 71, -1
152, 129, -1
152, 84, -1
152, 101, -1
152, 163, -1
152, 172, -1
152, 166, -1
152, 174, -1
152, 168, -1
152, 175, -1
152, 170, -1
152, 184, -1
152, 180, -1
152, 181, -1
152, 177, -1
152, 201, -1
152, 193, -1
152, 189, -1
152, 185, -1
152, 207, -1
152, 188, -1
152, 190, -1
152, 186, -1
152, 192, -1
152, 21, -1
152, 67, -1

