77, 107, 1
77, 108, 1
107, 77, 1
107, 108, 1
108, 77, 1
108, 107, 1
77, 171, -1
107, 171, -1
108, 171, -1
77, 184, -1
107, 184, -1
108, 184, -1
77, 207, -1
107, 207, -1
108, 207, -1
171, 77, -1
171, 107, -1
171, 108, -1
171, 184, -1
171, 207, -1
184, 77, -1
184, 107, -1
184, 108, -1
184, 171, -1
184, 207, -1
207, 77, -1
207, 107, -1
207, 108, -1
207, 171, -1
207, 184, -1

77, 107, 1
77, 108, 1
77, 106, 1
107, 77, 1
107, 108, 1
107, 106, 1
108, 77, 1
108, 107, 1
108, 106, 1
106, 77, 1
106, 107, 1
106, 108, 1
171, 163, 1
163, 171, 1
207, 201, 1
201, 207, 1
77, 171, -1
77, 163, -1
107, 171, -1
107, 163, -1
108, 171, -1
108, 163, -1
106, 171, -1
106, 163, -1
77, 184, -1
107, 184, -1
108, 184, -1
106, 184, -1
77, 207, -1
77, 201, -1
107, 207, -1
107, 201, -1
108, 207, -1
108, 201, -1
106, 207, -1
106, 201, -1
171, 77, -1
171, 107, -1
171, 108, -1
171, 106, -1
163, 77, -1
163, 107, -1
163, 108, -1
163, 106, -1
171, 184, -1
163, 184, -1
171, 207, -1
171, 201, -1
163, 207, -1
163, 201, -1
184, 77, -1
184, 107, -1
184, 108, -1
184, 106, -1
184, 171, -1
184, 163, -1
184, 207, -1
184, 201, -1
207, 77, -1
207, 107, -1
207, 108, -1
207, 106, -1
201, 77, -1
201, 107, -1
201, 108, -1
201, 106, -1
207, 171, -1
207, 163, -1
201, 171, -1
201, 163, -1
207, 184, -1
201, 184, -1

77, 107, 1
77, 108, 1
77, 106, 1
77, 103, 1
77, 110, 1
107, 77, 1
107, 108, 1
107, 106, 1
107, 103, 1
107, 110, 1
108, 77, 1
108, 107, 1
108, 106, 1
108, 103, 1
108, 110, 1
106, 77, 1
106, 107, 1
106, 108, 1
106, 103, 1
106, 110, 1
103, 77, 1
103, 107, 1
103, 108, 1
103, 106, 1
103, 110, 1
110, 77, 1
110, 107, 1
110, 108, 1
110, 106, 1
110, 103, 1
171, 163, 1
171, 166, 1
163, 171, 1
163, 166, 1
166, 171, 1
166, 163, 1
207, 201, 1
207, 189, 1
201, 207, 1
201, 189, 1
189, 207, 1
189, 201, 1
77, 171, -1
77, 163, -1
77, 166, -1
107, 171, -1
107, 163, -1
107, 166, -1
108, 171, -1
108, 163, -1
108, 166, -1
106, 171, -1
106, 163, -1
106, 166, -1
103, 171, -1
103, 163, -1
103, 166, -1
110, 171, -1
110, 163, -1
110, 166, -1
77, 184, -1
107, 184, -1
108, 184, -1
106, 184, -1
103, 184, -1
110, 184, -1
77, 207, -1
77, 201, -1
77, 189, -1
107, 207, -1
107, 201, -1
107, 189, -1
108, 207, -1
108, 201, -1
108, 189, -1
106, 207, -1
106, 201, -1
106, 189, -1
103, 207, -1
103, 201, -1
103, 189, -1
110, 207, -1
110, 201, -1
110, 189, -1
171, 77, -1
171, 107, -1
171, 108, -1
171, 106, -1
171, 103, -1
171, 110, -1
163, 77, -1
163, 107, -1
163, 108, -1
163, 106, -1
163, 103, -1
163, 110, -1
166, 77, -1
166, 107, -1
166, 108, -1
166, 106, -1
166, 103, -1
166, 110, -1
171, 184, -1
163, 184, -1
166, 184, -1
171, 207, -1
171, 201, -1
171, 189, -1
163, 207, -1
163, 201, -1
163, 189, -1
166, 207, -1
166, 201, -1
166, 189, -1
184, 77, -1
184, 107, -1
184, 108, -1
184, 106, -1
184, 103, -1
184, 110, -1
184, 171, -1
184, 163, -1
184, 166, -1
184, 207, -1
184, 201, -1
184, 189, -1
207, 77, -1
207, 107, -1
207, 108, -1
207, 106, -1
207, 103, -1
207, 110, -1
201, 77, -1
201, 107, -1
201, 108, -1
201, 106, -1
201, 103, -1
201, 110, -1
189, 77, -1
189, 107, -1
189, 108, -1
189, 106, -1
189, 103, -1
189, 110, -1
207, 171, -1
207, 163, -1
207, 166, -1
201, 171, -1
201, 163, -1
201, 166, -1
189, 171, -1
189, 163, -1
189, 166, -1
207, 184, -1
201, 184, -1
189, 184, -1

77, 107, 1
77, 108, 1
77, 106, 1
77, 103, 1
77, 110, 1
107, 77, 1
107, 108, 1
107, 106, 1
107, 103, 1
107, 110, 1
108, 77, 1
108, 107, 1
108, 106, 1
108, 103, 1
108, 110, 1
106, 77, 1
106, 107, 1
106, 108, 1
106, 103, 1
106, 110, 1
103, 77, 1
103, 107, 1
103, 108, 1
103, 106, 1
103, 110, 1
110, 77, 1
110, 107, 1
110, 108, 1
110, 106, 1
110, 103, 1
171, 163, 1
171, 166, 1
171, 174, 1
163, 171, 1
163, 166, 1
163, 174, 1
166, 171, 1
166, 163, 1
166, 174, 1
174, 171, 1
174, 163, 1
174, 166, 1
207, 201, 1
207, 189, 1
207, 202, 1
207, 185, 1
201, 207, 1
201, 189, 1
201, 202, 1
201, 185, 1
189, 207, 1
189, 201, 1
189, 202, 1
189, 185, 1
202, 207, 1
202, 201, 1
202, 189, 1
202, 185, 1
185, 207, 1
185, 201, 1
185, 189, 1
185, 202, 1
77, 171, -1
77, 163, -1
77, 166, -1
77, 174, -1
107, 171, -1
107, 163, -1
107, 166, -1
107, 174, -1
108, 171, -1
108, 163, -1
108, 166, -1
108, 174, -1
106, 171, -1
106, 163, -1
106, 166, -1
106, 174, -1
103, 171, -1
103, 163, -1
103, 166, -1
103, 174, -1
110, 171, -1
110, 163, -1
110, 166, -1
110, 174, -1
77, 184, -1
107, 184, -1
108, 184, -1
106, 184, -1
103, 184, -1
110, 184, -1
77, 207, -1
77, 201, -1
77, 189, -1
77, 202, -1
77, 185, -1
107, 207, -1
107, 201, -1
107, 189, -1
107, 202, -1
107, 185, -1
108, 207, -1
108, 201, -1
108, 189, -1
108, 202, -1
108, 185, -1
106, 207, -1
106, 201, -1
106, 189, -1
106, 202, -1
106, 185, -1
103, 207, -1
103, 201, -1
103, 189, -1
103, 202, -1
103, 185, -1
110, 207, -1
110, 201, -1
110, 189, -1
110, 202, -1
110, 185, -1
171, 77, -1
171, 107, -1
171, 108, -1
171, 106, -1
171, 103, -1
171, 110, -1
163, 77, -1
163, 107, -1
163, 108, -1
163, 106, -1
163, 103, -1
163, 110, -1
166, 77, -1
166, 107, -1
166, 108, -1
166, 106, -1
166, 103, -1
166, 110, -1
174, 77, -1
174, 107, -1
174, 108, -1
174, 106, -1
174, 103, -1
174, 110, -1
171, 184, -1
163, 184, -1
166, 184, -1
174, 184, -1
171, 207, -1
171, 201, -1
171, 189, -1
171, 202, -1
171, 185, -1
163, 207, -1
163, 201, -1
163, 189, -1
163, 202, -1
163, 185, -1
166, 207, -1
166, 201, -1
166, 189, -1
166, 202, -1
166, 185, -1
174, 207, -1
174, 201, -1
174, 189, -1
174, 202, -1
174, 185, -1
184, 77, -1
184, 107, -1
184, 108, -1
184, 106, -1
184, 103, -1
184, 110, -1
184, 171, -1
184, 163, -1
184, 166, -1
184, 174, -1
184, 207, -1
184, 201, -1
184, 189, -1
184, 202, -1
184, 185, -1
207, 77, -1
207, 107, -1
207, 108, -1
207, 106, -1
207, 103, -1
207, 110, -1
201, 77, -1
201, 107, -1
201, 108, -1
201, 106, -1
201, 103, -1
201, 110, -1
189, 77, -1
189, 107, -1
189, 108, -1
189, 106, -1
189, 103, -1
189, 110, -1
202, 77, -1
202, 107, -1
202, 108, -1
202, 106, -1
202, 103, -1
202, 110, -1
185, 77, -1
185, 107, -1
185, 108, -1
185, 106, -1
185, 103, -1
185, 110, -1
207, 171, -1
207, 163, -1
207, 166, -1
207, 174, -1
201, 171, -1
201, 163, -1
201, 166, -1
201, 174, -1
189, 171, -1
189, 163, -1
189, 166, -1
189, 174, -1
202, 171, -1
202, 163, -1
202, 166, -1
202, 174, -1
185, 171, -1
185, 163, -1
185, 166, -1
185, 174, -1
207, 184, -1
201, 184, -1
189, 184, -1
202, 184, -1
185, 184, -1

77, 107, 1
77, 108, 1
77, 106, 1
77, 103, 1
77, 110, 1
77, 131, 1
107, 77, 1
107, 108, 1
107, 106, 1
107, 103, 1
107, 110, 1
107, 131, 1
108, 77, 1
108, 107, 1
108, 106, 1
108, 103, 1
108, 110, 1
108, 131, 1
106, 77, 1
106, 107, 1
106, 108, 1
106, 103, 1
106, 110, 1
106, 131, 1
103, 77, 1
103, 107, 1
103, 108, 1
103, 106, 1
103, 110, 1
103, 131, 1
110, 77, 1
110, 107, 1
110, 108, 1
110, 106, 1
110, 103, 1
110, 131, 1
131, 77, 1
131, 107, 1
131, 108, 1
131, 106, 1
131, 103, 1
131, 110, 1
171, 163, 1
171, 166, 1
171, 174, 1
171, 168, 1
163, 171, 1
163, 166, 1
163, 174, 1
163, 168, 1
166, 171, 1
166, 163, 1
166, 174, 1
166, 168, 1
174, 171, 1
174, 163, 1
174, 166, 1
174, 168, 1
168, 171, 1
168, 163, 1
168, 166, 1
168, 174, 1
207, 201, 1
207, 189, 1
207, 202, 1
207, 185, 1
201, 207, 1
201, 189, 1
201, 202, 1
201, 185, 1
189, 207, 1
189, 201, 1
189, 202, 1
189, 185, 1
202, 207, 1
202, 201, 1
202, 189, 1
202, 185, 1
185, 207, 1
185, 201, 1
185, 189, 1
185, 202, 1
77, 171, -1
77, 163, -1
77, 166, -1
77, 174, -1
77, 168, -1
107, 171, -1
107, 163, -1
107, 166, -1
107, 174, -1
107, 168, -1
108, 171, -1
108, 163, -1
108, 166, -1
108, 174, -1
108, 168, -1
106, 171, -1
106, 163, -1
106, 166, -1
106, 174, -1
106, 168, -1
103, 171, -1
103, 163, -1
103, 166, -1
103, 174, -1
103, 168, -1
110, 171, -1
110, 163, -1
110, 166, -1
110, 174, -1
110, 168, -1
131, 171, -1
131, 163, -1
131, 166, -1
131, 174, -1
131, 168, -1
77, 184, -1
107, 184, -1
108, 184, -1
106, 184, -1
103, 184, -1
110, 184, -1
131, 184, -1
77, 207, -1
77, 201, -1
77, 189, -1
77, 202, -1
77, 185, -1
107, 207, -1
107, 201, -1
107, 189, -1
107, 202, -1
107, 185, -1
108, 207, -1
108, 201, -1
108, 189, -1
108, 202, -1
108, 185, -1
106, 207, -1
106, 201, -1
106, 189, -1
106, 202, -1
106, 185, -1
103, 207, -1
103, 201, -1
103, 189, -1
103, 202, -1
103, 185, -1
110, 207, -1
110, 201, -1
110, 189, -1
110, 202, -1
110, 185, -1
131, 207, -1
131, 201, -1
131, 189, -1
131, 202, -1
131, 185, -1
77, 21, -1
107, 21, -1
108, 21, -1
106, 21, -1
103, 21, -1
110, 21, -1
131, 21, -1
171, 77, -1
171, 107, -1
171, 108, -1
171, 106, -1
171, 103, -1
171, 110, -1
171, 131, -1
163, 77, -1
163, 107, -1
163, 108, -1
163, 106, -1
163, 103, -1
163, 110, -1
163, 131, -1
166, 77, -1
166, 107, -1
166, 108, -1
166, 106, -1
166, 103, -1
166, 110, -1
166, 131, -1
174, 77, -1
174, 107, -1
174, 108, -1
174, 106, -1
174, 103, -1
174, 110, -1
174, 131, -1
168, 77, -1
168, 107, -1
168, 108, -1
168, 106, -1
168, 103, -1
168, 110, -1
168, 131, -1
171, 184, -1
163, 184, -1
166, 184, -1
174, 184, -1
168, 184, -1
171, 207, -1
171, 201, -1
171, 189, -1
171, 202, -1
171, 185, -1
163, 207, -1
163, 201, -1
163, 189, -1
163, 202, -1
163, 185, -1
166, 207, -1
166, 201, -1
166, 189, -1
166, 202, -1
166, 185, -1
174, 207, -1
174, 201, -1
174, 189, -1
174, 202, -1
174, 185, -1
168, 207, -1
168, 201, -1
168, 189, -1
168, 202, -1
168, 185, -1
171, 21, -1
163, 21, -1
166, 21, -1
174, 21, -1
168, 21, -1
184, 77, -1
184, 107, -1
184, 108, -1
184, 106, -1
184, 103, -1
184, 110, -1
184, 131, -1
184, 171, -1
184, 163, -1
184, 166, -1
184, 174, -1
184, 168, -1
184, 207, -1
184, 201, -1
184, 189, -1
184, 202, -1
184, 185, -1
184, 21, -1
207, 77, -1
207, 107, -1
207, 108, -1
207, 106, -1
207, 103, -1
207, 110, -1
207, 131, -1
201, 77, -1
201, 107, -1
201, 108, -1
201, 106, -1
201, 103, -1
201, 110, -1
201, 131, -1
189, 77, -1
189, 107, -1
189, 108, -1
189, 106, -1
189, 103, -1
189, 110, -1
189, 131, -1
202, 77, -1
202, 107, -1
202, 108, -1
202, 106, -1
202, 103, -1
202, 110, -1
202, 131, -1
185, 77, -1
185, 107, -1
185, 108, -1
185, 106, -1
185, 103, -1
185, 110, -1
185, 131, -1
207, 171, -1
207, 163, -1
207, 166, -1
207, 174, -1
207, 168, -1
201, 171, -1
201, 163, -1
201, 166, -1
201, 174, -1
201, 168, -1
189, 171, -1
189, 163, -1
189, 166, -1
189, 174, -1
189, 168, -1
202, 171, -1
202, 163, -1
202, 166, -1
202, 174, -1
202, 168, -1
185, 171, -1
185, 163, -1
185, 166, -1
185, 174, -1
185, 168, -1
207, 184, -1
201, 184, -1
189, 184, -1
202, 184, -1
185, 184, -1
207, 21, -1
201, 21, -1
189, 21, -1
202, 21, -1
185, 21, -1
21, 77, -1
21, 107, -1
21, 108, -1
21, 106, -1
21, 103, -1
21, 110, -1
21, 131, -1
21, 171, -1
21, 163, -1
21, 166, -1
21, 174, -1
21, 168, -1
21, 184, -1
21, 207, -1
21, 201, -1
21, 189, -1
21, 202, -1
21, 185, -1

77, 107, 1
77, 108, 1
77, 106, 1
77, 103, 1
77, 110, 1
77, 131, 1
77, 105, 1
77, 70, 1
107, 77, 1
107, 108, 1
107, 106, 1
107, 103, 1
107, 110, 1
107, 131, 1
107, 105, 1
107, 70, 1
108, 77, 1
108, 107, 1
108, 106, 1
108, 103, 1
108, 110, 1
108, 131, 1
108, 105, 1
108, 70, 1
106, 77, 1
106, 107, 1
106, 108, 1
106, 103, 1
106, 110, 1
106, 131, 1
106, 105, 1
106, 70, 1
103, 77, 1
103, 107, 1
103, 108, 1
103, 106, 1
103, 110, 1
103, 131, 1
103, 105, 1
103, 70, 1
110, 77, 1
110, 107, 1
110, 108, 1
110, 106, 1
110, 103, 1
110, 131, 1
110, 105, 1
110, 70, 1
131, 77, 1
131, 107, 1
131, 108, 1
131, 106, 1
131, 103, 1
131, 110, 1
131, 105, 1
131, 70, 1
105, 77, 1
105, 107, 1
105, 108, 1
105, 106, 1
105, 103, 1
105, 110, 1
105, 131, 1
105, 70, 1
70, 77, 1
70, 107, 1
70, 108, 1
70, 106, 1
70, 103, 1
70, 110, 1
70, 131, 1
70, 105, 1
171, 163, 1
171, 166, 1
171, 174, 1
171, 168, 1
163, 171, 1
163, 166, 1
163, 174, 1
163, 168, 1
166, 171, 1
166, 163, 1
166, 174, 1
166, 168, 1
174, 171, 1
174, 163, 1
174, 166, 1
174, 168, 1
168, 171, 1
168, 163, 1
168, 166, 1
168, 174, 1
184, 180, 1
180, 184, 1
207, 201, 1
207, 189, 1
207, 202, 1
207, 185, 1
207, 188, 1
201, 207, 1
201, 189, 1
201, 202, 1
201, 185, 1
201, 188, 1
189, 207, 1
189, 201, 1
189, 202, 1
189, 185, 1
189, 188, 1
202, 207, 1
202, 201, 1
202, 189, 1
202, 185, 1
202, 188, 1
185, 207, 1
185, 201, 1
185, 189, 1
185, 202, 1
185, 188, 1
188, 207, 1
188, 201, 1
188, 189, 1
188, 202, 1
188, 185, 1
77, 171, -1
77, 163, -1
77, 166, -1
77, 174, -1
77, 168, -1
107, 171, -1
107, 163, -1
107, 166, -1
107, 174, -1
107, 168, -1
108, 171, -1
108, 163, -1
108, 166, -1
108, 174, -1
108, 168, -1
106, 171, -1
106, 163, -1
106, 166, -1
106, 174, -1
106, 168, -1
103, 171, -1
103, 163, -1
103, 166, -1
103, 174, -1
103, 168, -1
110, 171, -1
110, 163, -1
110, 166, -1
110, 174, -1
110, 168, -1
131, 171, -1
131, 163, -1
131, 166, -1
131, 174, -1
131, 168, -1
105, 171, -1
105, 163, -1
105, 166, -1
105, 174, -1
105, 168, -1
70, 171, -1
70, 163, -1
70, 166, -1
70, 174, -1
70, 168, -1
77, 184, -1
77, 180, -1
107, 184, -1
107, 180, -1
108, 184, -1
108, 180, -1
106, 184, -1
106, 180, -1
103, 184, -1
103, 180, -1
110, 184, -1
110, 180, -1
131, 184, -1
131, 180, -1
105, 184, -1
105, 180, -1
70, 184, -1
70, 180, -1
77, 207, -1
77, 201, -1
77, 189, -1
77, 202, -1
77, 185, -1
77, 188, -1
107, 207, -1
107, 201, -1
107, 189, -1
107, 202, -1
107, 185, -1
107, 188, -1
108, 207, -1
108, 201, -1
108, 189, -1
108, 202, -1
108, 185, -1
108, 188, -1
106, 207, -1
106, 201, -1
106, 189, -1
106, 202, -1
106, 185, -1
106, 188, -1
103, 207, -1
103, 201, -1
103, 189, -1
103, 202, -1
103, 185, -1
103, 188, -1
110, 207, -1
110, 201, -1
110, 189, -1
110, 202, -1
110, 185, -1
110, 188, -1
131, 207, -1
131, 201, -1
131, 189, -1
131, 202, -1
131, 185, -1
131, 188, -1
105, 207, -1
105, 201, -1
105, 189, -1
105, 202, -1
105, 185, -1
105, 188, -1
70, 207, -1
70, 201, -1
70, 189, -1
70, 202, -1
70, 185, -1
70, 188, -1
77, 21, -1
107, 21, -1
108, 21, -1
106, 21, -1
103, 21, -1
110, 21, -1
131, 21, -1
105, 21, -1
70, 21, -1
171, 77, -1
171, 107, -1
171, 108, -1
171, 106, -1
171, 103, -1
171, 110, -1
171, 131, -1
171, 105, -1
171, 70, -1
163, 77, -1
163, 107, -1
163, 108, -1
163, 106, -1
163, 103, -1
163, 110, -1
163, 131, -1
163, 105, -1
163, 70, -1
166, 77, -1
166, 107, -1
166, 108, -1
166, 106, -1
166, 103, -1
166, 110, -1
166, 131, -1
166, 105, -1
166, 70, -1
174, 77, -1
174, 107, -1
174, 108, -1
174, 106, -1
174, 103, -1
174, 110, -1
174, 131, -1
174, 105, -1
174, 70, -1
168, 77, -1
168, 107, -1
168, 108, -1
168, 106, -1
168, 103, -1
168, 110, -1
168, 131, -1
168, 105, -1
168, 70, -1
171, 184, -1
171, 180, -1
163, 184, -1
163, 180, -1
166, 184, -1
166, 180, -1
174, 184, -1
174, 180, -1
168, 184, -1
168, 180, -1
171, 207, -1
171, 201, -1
171, 189, -1
171, 202, -1
171, 185, -1
171, 188, -1
163, 207, -1
163, 201, -1
163, 189, -1
163, 202, -1
163, 185, -1
163, 188, -1
166, 207, -1
166, 201, -1
166, 189, -1
166, 202, -1
166, 185, -1
166, 188, -1
174, 207, -1
174, 201, -1
174, 189, -1
174, 202, -1
174, 185, -1
174, 188, -1
168, 207, -1
168, 201, -1
168, 189, -1
168, 202, -1
168, 185, -1
168, 188, -1
171, 21, -1
163, 21, -1
166, 21, -1
174, 21, -1
168, 21, -1
184, 77, -1
184, 107, -1
184, 108, -1
184, 106, -1
184, 103, -1
184, 110, -1
184, 131, -1
184, 105, -1
184, 70, -1
180, 77, -1
180, 107, -1
180, 108, -1
180, 106, -1
180, 103, -1
180, 110, -1
180, 131, -1
180, 105, -1
180, 70, -1
184, 171, -1
184, 163, -1
184, 166, -1
184, 174, -1
184, 168, -1
180, 171, -1
180, 163, -1
180, 166, -1
180, 174, -1
180, 168, -1
184, 207, -1
184, 201, -1
184, 189, -1
184, 202, -1
184, 185, -1
184, 188, -1
180, 207, -1
180, 201, -1
180, 189, -1
180, 202, -1
180, 185, -1
180, 188, -1
184, 21, -1
180, 21, -1
207, 77, -1
207, 107, -1
207, 108, -1
207, 106, -1
207, 103, -1
207, 110, -1
207, 131, -1
207, 105, -1
207, 70, -1
201, 77, -1
201, 107, -1
201, 108, -1
201, 106, -1
201, 103, -1
201, 110, -1
201, 131, -1
201, 105, -1
201, 70, -1
189, 77, -1
189, 107, -1
189, 108, -1
189, 106, -1
189, 103, -1
189, 110, -1
189, 131, -1
189, 105, -1
189, 70, -1
202, 77, -1
202, 107, -1
202, 108, -1
202, 106, -1
202, 103, -1
202, 110, -1
202, 131, -1
202, 105, -1
202, 70, -1
185, 77, -1
185, 107, -1
185, 108, -1
185, 106, -1
185, 103, -1
185, 110, -1
185, 131, -1
185, 105, -1
185, 70, -1
188, 77, -1
188, 107, -1
188, 108, -1
188, 106, -1
188, 103, -1
188, 110, -1
188, 131, -1
188, 105, -1
188, 70, -1
207, 171, -1
207, 163, -1
207, 166, -1
207, 174, -1
207, 168, -1
201, 171, -1
201, 163, -1
201, 166, -1
201, 174, -1
201, 168, -1
189, 171, -1
189, 163, -1
189, 166, -1
189, 174, -1
189, 168, -1
202, 171, -1
202, 163, -1
202, 166, -1
202, 174, -1
202, 168, -1
185, 171, -1
185, 163, -1
185, 166, -1
185, 174, -1
185, 168, -1
188, 171, -1
188, 163, -1
188, 166, -1
188, 174, -1
188, 168, -1
207, 184, -1
207, 180, -1
201, 184, -1
201, 180, -1
189, 184, -1
189, 180, -1
202, 184, -1
202, 180, -1
185, 184, -1
185, 180, -1
188, 184, -1
188, 180, -1
207, 21, -1
201, 21, -1
189, 21, -1
202, 21, -1
185, 21, -1
188, 21, -1
21, 77, -1
21, 107, -1
21, 108, -1
21, 106, -1
21, 103, -1
21, 110, -1
21, 131, -1
21, 105, -1
21, 70, -1
21, 171, -1
21, 163, -1
21, 166, -1
21, 174, -1
21, 168, -1
21, 184, -1
21, 180, -1
21, 207, -1
21, 201, -1
21, 189, -1
21, 202, -1
21, 185, -1
21, 188, -1

77, 107, 1
77, 108, 1
77, 106, 1
77, 103, 1
77, 110, 1
77, 131, 1
77, 105, 1
77, 70, 1
77, 102, 1
77, 109, 1
107, 77, 1
107, 108, 1
107, 106, 1
107, 103, 1
107, 110, 1
107, 131, 1
107, 105, 1
107, 70, 1
107, 102, 1
107, 109, 1
108, 77, 1
108, 107, 1
108, 106, 1
108, 103, 1
108, 110, 1
108, 131, 1
108, 105, 1
108, 70, 1
108, 102, 1
108, 109, 1
106, 77, 1
106, 107, 1
106, 108, 1
106, 103, 1
106, 110, 1
106, 131, 1
106, 105, 1
106, 70, 1
106, 102, 1
106, 109, 1
103, 77, 1
103, 107, 1
103, 108, 1
103, 106, 1
103, 110, 1
103, 131, 1
103, 105, 1
103, 70, 1
103, 102, 1
103, 109, 1
110, 77, 1
110, 107, 1
110, 108, 1
110, 106, 1
110, 103, 1
110, 131, 1
110, 105, 1
110, 70, 1
110, 102, 1
110, 109, 1
131, 77, 1
131, 107, 1
131, 108, 1
131, 106, 1
131, 103, 1
131, 110, 1
131, 105, 1
131, 70, 1
131, 102, 1
131, 109, 1
105, 77, 1
105, 107, 1
105, 108, 1
105, 106, 1
105, 103, 1
105, 110, 1
105, 131, 1
105, 70, 1
105, 102, 1
105, 109, 1
70, 77, 1
70, 107, 1
70, 108, 1
70, 106, 1
70, 103, 1
70, 110, 1
70, 131, 1
70, 105, 1
70, 102, 1
70, 109, 1
102, 77, 1
102, 107, 1
102, 108, 1
102, 106, 1
102, 103, 1
102, 110, 1
102, 131, 1
102, 105, 1
102, 70, 1
102, 109, 1
109, 77, 1
109, 107, 1
109, 108, 1
109, 106, 1
109, 103, 1
109, 110, 1
109, 131, 1
109, 105, 1
109, 70, 1
109, 102, 1
171, 163, 1
171, 166, 1
171, 174, 1
171, 168, 1
163, 171, 1
163, 166, 1
163, 174, 1
163, 168, 1
166, 171, 1
166, 163, 1
166, 174, 1
166, 168, 1
174, 171, 1
174, 163, 1
174, 166, 1
174, 168, 1
168, 171, 1
168, 163, 1
168, 166, 1
168, 174, 1
184, 180, 1
184, 178, 1
180, 184, 1
180, 178, 1
178, 184, 1
178, 180, 1
207, 201, 1
207, 189, 1
207, 202, 1
207, 185, 1
207, 188, 1
201, 207, 1
201, 189, 1
201, 202, 1
201, 185, 1
201, 188, 1
189, 207, 1
189, 201, 1
189, 202, 1
189, 185, 1
189, 188, 1
202, 207, 1
202, 201, 1
202, 189, 1
202, 185, 1
202, 188, 1
185, 207, 1
185, 201, 1
185, 189, 1
185, 202, 1
185, 188, 1
188, 207, 1
188, 201, 1
188, 189, 1
188, 202, 1
188, 185, 1
21, 69, 1
69, 21, 1
77, 171, -1
77, 163, -1
77, 166, -1
77, 174, -1
77, 168, -1
107, 171, -1
107, 163, -1
107, 166, -1
107, 174, -1
107, 168, -1
108, 171, -1
108, 163, -1
108, 166, -1
108, 174, -1
108, 168, -1
106, 171, -1
106, 163, -1
106, 166, -1
106, 174, -1
106, 168, -1
103, 171, -1
103, 163, -1
103, 166, -1
103, 174, -1
103, 168, -1
110, 171, -1
110, 163, -1
110, 166, -1
110, 174, -1
110, 168, -1
131, 171, -1
131, 163, -1
131, 166, -1
131, 174, -1
131, 168, -1
105, 171, -1
105, 163, -1
105, 166, -1
105, 174, -1
105, 168, -1
70, 171, -1
70, 163, -1
70, 166, -1
70, 174, -1
70, 168, -1
102, 171, -1
102, 163, -1
102, 166, -1
102, 174, -1
102, 168, -1
109, 171, -1
109, 163, -1
109, 166, -1
109, 174, -1
109, 168, -1
77, 184, -1
77, 180, -1
77, 178, -1
107, 184, -1
107, 180, -1
107, 178, -1
108, 184, -1
108, 180, -1
108, 178, -1
106, 184, -1
106, 180, -1
106, 178, -1
103, 184, -1
103, 180, -1
103, 178, -1
110, 184, -1
110, 180, -1
110, 178, -1
131, 184, -1
131, 180, -1
131, 178, -1
105, 184, -1
105, 180, -1
105, 178, -1
70, 184, -1
70, 180, -1
70, 178, -1
102, 184, -1
102, 180, -1
102, 178, -1
109, 184, -1
109, 180, -1
109, 178, -1
77, 207, -1
77, 201, -1
77, 189, -1
77, 202, -1
77, 185, -1
77, 188, -1
107, 207, -1
107, 201, -1
107, 189, -1
107, 202, -1
107, 185, -1
107, 188, -1
108, 207, -1
108, 201, -1
108, 189, -1
108, 202, -1
108, 185, -1
108, 188, -1
106, 207, -1
106, 201, -1
106, 189, -1
106, 202, -1
106, 185, -1
106, 188, -1
103, 207, -1
103, 201, -1
103, 189, -1
103, 202, -1
103, 185, -1
103, 188, -1
110, 207, -1
110, 201, -1
110, 189, -1
110, 202, -1
110, 185, -1
110, 188, -1
131, 207, -1
131, 201, -1
131, 189, -1
131, 202, -1
131, 185, -1
131, 188, -1
105, 207, -1
105, 201, -1
105, 189, -1
105, 202, -1
105, 185, -1
105, 188, -1
70, 207, -1
70, 201, -1
70, 189, -1
70, 202, -1
70, 185, -1
70, 188, -1
102, 207, -1
102, 201, -1
102, 189, -1
102, 202, -1
102, 185, -1
102, 188, -1
109, 207, -1
109, 201, -1
109, 189, -1
109, 202, -1
109, 185, -1
109, 188, -1
77, 21, -1
77, 69, -1
107, 21, -1
107, 69, -1
108, 21, -1
108, 69, -1
106, 21, -1
106, 69, -1
103, 21, -1
103, 69, -1
110, 21, -1
110, 69, -1
131, 21, -1
131, 69, -1
105, 21, -1
105, 69, -1
70, 21, -1
70, 69, -1
102, 21, -1
102, 69, -1
109, 21, -1
109, 69, -1
171, 77, -1
171, 107, -1
171, 108, -1
171, 106, -1
171, 103, -1
171, 110, -1
171, 131, -1
171, 105, -1
171, 70, -1
171, 102, -1
171, 109, -1
163, 77, -1
163, 107, -1
163, 108, -1
163, 106, -1
163, 103, -1
163, 110, -1
163, 131, -1
163, 105, -1
163, 70, -1
163, 102, -1
163, 109, -1
166, 77, -1
166, 107, -1
166, 108, -1
166, 106, -1
166, 103, -1
166, 110, -1
166, 131, -1
166, 105, -1
166, 70, -1
166, 102, -1
166, 109, -1
174, 77, -1
174, 107, -1
174, 108, -1
174, 106, -1
174, 103, -1
174, 110, -1
174, 131, -1
174, 105, -1
174, 70, -1
174, 102, -1
174, 109, -1
168, 77, -1
168, 107, -1
168, 108, -1
168, 106, -1
168, 103, -1
168, 110, -1
168, 131, -1
168, 105, -1
168, 70, -1
168, 102, -1
168, 109, -1
171, 184, -1
171, 180, -1
171, 178, -1
163, 184, -1
163, 180, -1
163, 178, -1
166, 184, -1
166, 180, -1
166, 178, -1
174, 184, -1
174, 180, -1
174, 178, -1
168, 184, -1
168, 180, -1
168, 178, -1
171, 207, -1
171, 201, -1
171, 189, -1
171, 202, -1
171, 185, -1
171, 188, -1
163, 207, -1
163, 201, -1
163, 189, -1
163, 202, -1
163, 185, -1
163, 188, -1
166, 207, -1
166, 201, -1
166, 189, -1
166, 202, -1
166, 185, -1
166, 188, -1
174, 207, -1
174, 201, -1
174, 189, -1
174, 202, -1
174, 185, -1
174, 188, -1
168, 207, -1
168, 201, -1
168, 189, -1
168, 202, -1
168, 185, -1
168, 188, -1
171, 21, -1
171, 69, -1
163, 21, -1
163, 69, -1
166, 21, -1
166, 69, -1
174, 21, -1
174, 69, -1
168, 21, -1
168, 69, -1
184, 77, -1
184, 107, -1
184, 108, -1
184, 106, -1
184, 103, -1
184, 110, -1
184, 131, -1
184, 105, -1
184, 70, -1
184, 102, -1
184, 109, -1
180, 77, -1
180, 107, -1
180, 108, -1
180, 106, -1
180, 103, -1
180, 110, -1
180, 131, -1
180, 105, -1
180, 70, -1
180, 102, -1
180, 109, -1
178, 77, -1
178, 107, -1
178, 108, -1
178, 106, -1
178, 103, -1
178, 110, -1
178, 131, -1
178, 105, -1
178, 70, -1
178, 102, -1
178, 109, -1
184, 171, -1
184, 163, -1
184, 166, -1
184, 174, -1
184, 168, -1
180, 171, -1
180, 163, -1
180, 166, -1
180, 174, -1
180, 168, -1
178, 171, -1
178, 163, -1
178, 166, -1
178, 174, -1
178, 168, -1
184, 207, -1
184, 201, -1
184, 189, -1
184, 202, -1
184, 185, -1
184, 188, -1
180, 207, -1
180, 201, -1
180, 189, -1
180, 202, -1
180, 185, -1
180, 188, -1
178, 207, -1
178, 201, -1
178, 189, -1
178, 202, -1
178, 185, -1
178, 188, -1
184, 21, -1
184, 69, -1
180, 21, -1
180, 69, -1
178, 21, -1
178, 69, -1
207, 77, -1
207, 107, -1
207, 108, -1
207, 106, -1
207, 103, -1
207, 110, -1
207, 131, -1
207, 105, -1
207, 70, -1
207, 102, -1
207, 109, -1
201, 77, -1
201, 107, -1
201, 108, -1
201, 106, -1
201, 103, -1
201, 110, -1
201, 131, -1
201, 105, -1
201, 70, -1
201, 102, -1
201, 109, -1
189, 77, -1
189, 107, -1
189, 108, -1
189, 106, -1
189, 103, -1
189, 110, -1
189, 131, -1
189, 105, -1
189, 70, -1
189, 102, -1
189, 109, -1
202, 77, -1
202, 107, -1
202, 108, -1
202, 106, -1
202, 103, -1
202, 110, -1
202, 131, -1
202, 105, -1
202, 70, -1
202, 102, -1
202, 109, -1
185, 77, -1
185, 107, -1
185, 108, -1
185, 106, -1
185, 103, -1
185, 110, -1
185, 131, -1
185, 105, -1
185, 70, -1
185, 102, -1
185, 109, -1
188, 77, -1
188, 107, -1
188, 108, -1
188, 106, -1
188, 103, -1
188, 110, -1
188, 131, -1
188, 105, -1
188, 70, -1
188, 102, -1
188, 109, -1
207, 171, -1
207, 163, -1
207, 166, -1
207, 174, -1
207, 168, -1
201, 171, -1
201, 163, -1
201, 166, -1
201, 174, -1
201, 168, -1
189, 171, -1
189, 163, -1
189, 166, -1
189, 174, -1
189, 168, -1
202, 171, -1
202, 163, -1
202, 166, -1
202, 174, -1
202, 168, -1
185, 171, -1
185, 163, -1
185, 166, -1
185, 174, -1
185, 168, -1
188, 171, -1
188, 163, -1
188, 166, -1
188, 174, -1
188, 168, -1
207, 184, -1
207, 180, -1
207, 178, -1
201, 184, -1
201, 180, -1
201, 178, -1
189, 184, -1
189, 180, -1
189, 178, -1
202, 184, -1
202, 180, -1
202, 178, -1
185, 184, -1
185, 180, -1
185, 178, -1
188, 184, -1
188, 180, -1
188, 178, -1
207, 21, -1
207, 69, -1
201, 21, -1
201, 69, -1
189, 21, -1
189, 69, -1
202, 21, -1
202, 69, -1
185, 21, -1
185, 69, -1
188, 21, -1
188, 69, -1
21, 77, -1
21, 107, -1
21, 108, -1
21, 106, -1
21, 103, -1
21, 110, -1
21, 131, -1
21, 105, -1
21, 70, -1
21, 102, -1
21, 109, -1
69, 77, -1
69, 107, -1
69, 108, -1
69, 106, -1
69, 103, -1
69, 110, -1
69, 131, -1
69, 105, -1
69, 70, -1
69, 102, -1
69, 109, -1
21, 171, -1
21, 163, -1
21, 166, -1
21, 174, -1
21, 168, -1
69, 171, -1
69, 163, -1
69, 166, -1
69, 174, -1
69, 168, -1
21, 184, -1
21, 180, -1
21, 178, -1
69, 184, -1
69, 180, -1
69, 178, -1
21, 207, -1
21, 201, -1
21, 189, -1
21, 202, -1
21, 185, -1
21, 188, -1
69, 207, -1
69, 201, -1
69, 189, -1
69, 202, -1
69, 185, -1
69, 188, -1

77, 107, 1
77, 108, 1
77, 106, 1
77, 103, 1
77, 110, 1
77, 131, 1
77, 105, 1
77, 70, 1
77, 102, 1
77, 109, 1
77, 112, 1
107, 77, 1
107, 108, 1
107, 106, 1
107, 103, 1
107, 110, 1
107, 131, 1
107, 105, 1
107, 70, 1
107, 102, 1
107, 109, 1
107, 112, 1
108, 77, 1
108, 107, 1
108, 106, 1
108, 103, 1
108, 110, 1
108, 131, 1
108, 105, 1
108, 70, 1
108, 102, 1
108, 109, 1
108, 112, 1
106, 77, 1
106, 107, 1
106, 108, 1
106, 103, 1
106, 110, 1
106, 131, 1
106, 105, 1
106, 70, 1
106, 102, 1
106, 109, 1
106, 112, 1
103, 77, 1
103, 107, 1
103, 108, 1
103, 106, 1
103, 110, 1
103, 131, 1
103, 105, 1
103, 70, 1
103, 102, 1
103, 109, 1
103, 112, 1
110, 77, 1
110, 107, 1
110, 108, 1
110, 106, 1
110, 103, 1
110, 131, 1
110, 105, 1
110, 70, 1
110, 102, 1
110, 109, 1
110, 112, 1
131, 77, 1
131, 107, 1
131, 108, 1
131, 106, 1
131, 103, 1
131, 110, 1
131, 105, 1
131, 70, 1
131, 102, 1
131, 109, 1
131, 112, 1
105, 77, 1
105, 107, 1
105, 108, 1
105, 106, 1
105, 103, 1
105, 110, 1
105, 131, 1
105, 70, 1
105, 102, 1
105, 109, 1
105, 112, 1
70, 77, 1
70, 107, 1
70, 108, 1
70, 106, 1
70, 103, 1
70, 110, 1
70, 131, 1
70, 105, 1
70, 102, 1
70, 109, 1
70, 112, 1
102, 77, 1
102, 107, 1
102, 108, 1
102, 106, 1
102, 103, 1
102, 110, 1
102, 131, 1
102, 105, 1
102, 70, 1
102, 109, 1
102, 112, 1
109, 77, 1
109, 107, 1
109, 108, 1
109, 106, 1
109, 103, 1
109, 110, 1
109, 131, 1
109, 105, 1
109, 70, 1
109, 102, 1
109, 112, 1
112, 77, 1
112, 107, 1
112, 108, 1
112, 106, 1
112, 103, 1
112, 110, 1
112, 131, 1
112, 105, 1
112, 70, 1
112, 102, 1
112, 109, 1
171, 163, 1
171, 166, 1
171, 174, 1
171, 168, 1
163, 171, 1
163, 166, 1
163, 174, 1
163, 168, 1
166, 171, 1
166, 163, 1
166, 174, 1
166, 168, 1
174, 171, 1
174, 163, 1
174, 166, 1
174, 168, 1
168, 171, 1
168, 163, 1
168, 166, 1
168, 174, 1
184, 180, 1
184, 178, 1
184, 181, 1
180, 184, 1
180, 178, 1
180, 181, 1
178, 184, 1
178, 180, 1
178, 181, 1
181, 184, 1
181, 180, 1
181, 178, 1
207, 201, 1
207, 189, 1
207, 202, 1
207, 185, 1
207, 188, 1
207, 186, 1
201, 207, 1
201, 189, 1
201, 202, 1
201, 185, 1
201, 188, 1
201, 186, 1
189, 207, 1
189, 201, 1
189, 202, 1
189, 185, 1
189, 188, 1
189, 186, 1
202, 207, 1
202, 201, 1
202, 189, 1
202, 185, 1
202, 188, 1
202, 186, 1
185, 207, 1
185, 201, 1
185, 189, 1
185, 202, 1
185, 188, 1
185, 186, 1
188, 207, 1
188, 201, 1
188, 189, 1
188, 202, 1
188, 185, 1
188, 186, 1
186, 207, 1
186, 201, 1
186, 189, 1
186, 202, 1
186, 185, 1
186, 188, 1
21, 69, 1
69, 21, 1
77, 171, -1
77, 163, -1
77, 166, -1
77, 174, -1
77, 168, -1
107, 171, -1
107, 163, -1
107, 166, -1
107, 174, -1
107, 168, -1
108, 171, -1
108, 163, -1
108, 166, -1
108, 174, -1
108, 168, -1
106, 171, -1
106, 163, -1
106, 166, -1
106, 174, -1
106, 168, -1
103, 171, -1
103, 163, -1
103, 166, -1
103, 174, -1
103, 168, -1
110, 171, -1
110, 163, -1
110, 166, -1
110, 174, -1
110, 168, -1
131, 171, -1
131, 163, -1
131, 166, -1
131, 174, -1
131, 168, -1
105, 171, -1
105, 163, -1
105, 166, -1
105, 174, -1
105, 168, -1
70, 171, -1
70, 163, -1
70, 166, -1
70, 174, -1
70, 168, -1
102, 171, -1
102, 163, -1
102, 166, -1
102, 174, -1
102, 168, -1
109, 171, -1
109, 163, -1
109, 166, -1
109, 174, -1
109, 168, -1
112, 171, -1
112, 163, -1
112, 166, -1
112, 174, -1
112, 168, -1
77, 184, -1
77, 180, -1
77, 178, -1
77, 181, -1
107, 184, -1
107, 180, -1
107, 178, -1
107, 181, -1
108, 184, -1
108, 180, -1
108, 178, -1
108, 181, -1
106, 184, -1
106, 180, -1
106, 178, -1
106, 181, -1
103, 184, -1
103, 180, -1
103, 178, -1
103, 181, -1
110, 184, -1
110, 180, -1
110, 178, -1
110, 181, -1
131, 184, -1
131, 180, -1
131, 178, -1
131, 181, -1
105, 184, -1
105, 180, -1
105, 178, -1
105, 181, -1
70, 184, -1
70, 180, -1
70, 178, -1
70, 181, -1
102, 184, -1
102, 180, -1
102, 178, -1
102, 181, -1
109, 184, -1
109, 180, -1
109, 178, -1
109, 181, -1
112, 184, -1
112, 180, -1
112, 178, -1
112, 181, -1
77, 207, -1
77, 201, -1
77, 189, -1
77, 202, -1
77, 185, -1
77, 188, -1
77, 186, -1
107, 207, -1
107, 201, -1
107, 189, -1
107, 202, -1
107, 185, -1
107, 188, -1
107, 186, -1
108, 207, -1
108, 201, -1
108, 189, -1
108, 202, -1
108, 185, -1
108, 188, -1
108, 186, -1
106, 207, -1
106, 201, -1
106, 189, -1
106, 202, -1
106, 185, -1
106, 188, -1
106, 186, -1
103, 207, -1
103, 201, -1
103, 189, -1
103, 202, -1
103, 185, -1
103, 188, -1
103, 186, -1
110, 207, -1
110, 201, -1
110, 189, -1
110, 202, -1
110, 185, -1
110, 188, -1
110, 186, -1
131, 207, -1
131, 201, -1
131, 189, -1
131, 202, -1
131, 185, -1
131, 188, -1
131, 186, -1
105, 207, -1
105, 201, -1
105, 189, -1
105, 202, -1
105, 185, -1
105, 188, -1
105, 186, -1
70, 207, -1
70, 201, -1
70, 189, -1
70, 202, -1
70, 185, -1
70, 188, -1
70, 186, -1
102, 207, -1
102, 201, -1
102, 189, -1
102, 202, -1
102, 185, -1
102, 188, -1
102, 186, -1
109, 207, -1
109, 201, -1
109, 189, -1
109, 202, -1
109, 185, -1
109, 188, -1
109, 186, -1
112, 207, -1
112, 201, -1
112, 189, -1
112, 202, -1
112, 185, -1
112, 188, -1
112, 186, -1
77, 21, -1
77, 69, -1
107, 21, -1
107, 69, -1
108, 21, -1
108, 69, -1
106, 21, -1
106, 69, -1
103, 21, -1
103, 69, -1
110, 21, -1
110, 69, -1
131, 21, -1
131, 69, -1
105, 21, -1
105, 69, -1
70, 21, -1
70, 69, -1
102, 21, -1
102, 69, -1
109, 21, -1
109, 69, -1
112, 21, -1
112, 69, -1
171, 77, -1
171, 107, -1
171, 108, -1
171, 106, -1
171, 103, -1
171, 110, -1
171, 131, -1
171, 105, -1
171, 70, -1
171, 102, -1
171, 109, -1
171, 112, -1
163, 77, -1
163, 107, -1
163, 108, -1
163, 106, -1
163, 103, -1
163, 110, -1
163, 131, -1
163, 105, -1
163, 70, -1
163, 102, -1
163, 109, -1
163, 112, -1
166, 77, -1
166, 107, -1
166, 108, -1
166, 106, -1
166, 103, -1
166, 110, -1
166, 131, -1
166, 105, -1
166, 70, -1
166, 102, -1
166, 109, -1
166, 112, -1
174, 77, -1
174, 107, -1
174, 108, -1
174, 106, -1
174, 103, -1
174, 110, -1
174, 131, -1
174, 105, -1
174, 70, -1
174, 102, -1
174, 109, -1
174, 112, -1
168, 77, -1
168, 107, -1
168, 108, -1
168, 106, -1
168, 103, -1
168, 110, -1
168, 131, -1
168, 105, -1
168, 70, -1
168, 102, -1
168, 109, -1
168, 112, -1
171, 184, -1
171, 180, -1
171, 178, -1
171, 181, -1
163, 184, -1
163, 180, -1
163, 178, -1
163, 181, -1
166, 184, -1
166, 180, -1
166, 178, -1
166, 181, -1
174, 184, -1
174, 180, -1
174, 178, -1
174, 181, -1
168, 184, -1
168, 180, -1
168, 178, -1
168, 181, -1
171, 207, -1
171, 201, -1
171, 189, -1
171, 202, -1
171, 185, -1
171, 188, -1
171, 186, -1
163, 207, -1
163, 201, -1
163, 189, -1
163, 202, -1
163, 185, -1
163, 188, -1
163, 186, -1
166, 207, -1
166, 201, -1
166, 189, -1
166, 202, -1
166, 185, -1
166, 188, -1
166, 186, -1
174, 207, -1
174, 201, -1
174, 189, -1
174, 202, -1
174, 185, -1
174, 188, -1
174, 186, -1
168, 207, -1
168, 201, -1
168, 189, -1
168, 202, -1
168, 185, -1
168, 188, -1
168, 186, -1
171, 21, -1
171, 69, -1
163, 21, -1
163, 69, -1
166, 21, -1
166, 69, -1
174, 21, -1
174, 69, -1
168, 21, -1
168, 69, -1
184, 77, -1
184, 107, -1
184, 108, -1
184, 106, -1
184, 103, -1
184, 110, -1
184, 131, -1
184, 105, -1
184, 70, -1
184, 102, -1
184, 109, -1
184, 112, -1
180, 77, -1
180, 107, -1
180, 108, -1
180, 106, -1
180, 103, -1
180, 110, -1
180, 131, -1
180, 105, -1
180, 70, -1
180, 102, -1
180, 109, -1
180, 112, -1
178, 77, -1
178, 107, -1
178, 108, -1
178, 106, -1
178, 103, -1
178, 110, -1
178, 131, -1
178, 105, -1
178, 70, -1
178, 102, -1
178, 109, -1
178, 112, -1
181, 77, -1
181, 107, -1
181, 108, -1
181, 106, -1
181, 103, -1
181, 110, -1
181, 131, -1
181, 105, -1
181, 70, -1
181, 102, -1
181, 109, -1
181, 112, -1
184, 171, -1
184, 163, -1
184, 166, -1
184, 174, -1
184, 168, -1
180, 171, -1
180, 163, -1
180, 166, -1
180, 174, -1
180, 168, -1
178, 171, -1
178, 163, -1
178, 166, -1
178, 174, -1
178, 168, -1
181, 171, -1
181, 163, -1
181, 166, -1
181, 174, -1
181, 168, -1
184, 207, -1
184, 201, -1
184, 189, -1
184, 202, -1
184, 185, -1
184, 188, -1
184, 186, -1
180, 207, -1
180, 201, -1
180, 189, -1
180, 202, -1
180, 185, -1
180, 188, -1
180, 186, -1
178, 207, -1
178, 201, -1
178, 189, -1
178, 202, -1
178, 185, -1
178, 188, -1
178, 186, -1
181, 207, -1
181, 201, -1
181, 189, -1
181, 202, -1
181, 185, -1
181, 188, -1
181, 186, -1
184, 21, -1
184, 69, -1
180, 21, -1
180, 69, -1
178, 21, -1
178, 69, -1
181, 21, -1
181, 69, -1
207, 77, -1
207, 107, -1
207, 108, -1
207, 106, -1
207, 103, -1
207, 110, -1
207, 131, -1
207, 105, -1
207, 70, -1
207, 102, -1
207, 109, -1
207, 112, -1
201, 77, -1
201, 107, -1
201, 108, -1
201, 106, -1
201, 103, -1
201, 110, -1
201, 131, -1
201, 105, -1
201, 70, -1
201, 102, -1
201, 109, -1
201, 112, -1
189, 77, -1
189, 107, -1
189, 108, -1
189, 106, -1
189, 103, -1
189, 110, -1
189, 131, -1
189, 105, -1
189, 70, -1
189, 102, -1
189, 109, -1
189, 112, -1
202, 77, -1
202, 107, -1
202, 108, -1
202, 106, -1
202, 103, -1
202, 110, -1
202, 131, -1
202, 105, -1
202, 70, -1
202, 102, -1
202, 109, -1
202, 112, -1
185, 77, -1
185, 107, -1
185, 108, -1
185, 106, -1
185, 103, -1
185, 110, -1
185, 131, -1
185, 105, -1
185, 70, -1
185, 102, -1
185, 109, -1
185, 112, -1
188, 77, -1
188, 107, -1
188, 108, -1
188, 106, -1
188, 103, -1
188, 110, -1
188, 131, -1
188, 105, -1
188, 70, -1
188, 102, -1
188, 109, -1
188, 112, -1
186, 77, -1
186, 107, -1
186, 108, -1
186, 106, -1
186, 103, -1
186, 110, -1
186, 131, -1
186, 105, -1
186, 70, -1
186, 102, -1
186, 109, -1
186, 112, -1
207, 171, -1
207, 163, -1
207, 166, -1
207, 174, -1
207, 168, -1
201, 171, -1
201, 163, -1
201, 166, -1
201, 174, -1
201, 168, -1
189, 171, -1
189, 163, -1
189, 166, -1
189, 174, -1
189, 168, -1
202, 171, -1
202, 163, -1
202, 166, -1
202, 174, -1
202, 168, -1
185, 171, -1
185, 163, -1
185, 166, -1
185, 174, -1
185, 168, -1
188, 171, -1
188, 163, -1
188, 166, -1
188, 174, -1
188, 168, -1
186, 171, -1
186, 163, -1
186, 166, -1
186, 174, -1
186, 168, -1
207, 184, -1
207, 180, -1
207, 178, -1
207, 181, -1
201, 184, -1
201, 180, -1
201, 178, -1
201, 181, -1
189, 184, -1
189, 180, -1
189, 178, -1
189, 181, -1
202, 184, -1
202, 180, -1
202, 178, -1
202, 181, -1
185, 184, -1
185, 180, -1
185, 178, -1
185, 181, -1
188, 184, -1
188, 180, -1
188, 178, -1
188, 181, -1
186, 184, -1
186, 180, -1
186, 178, -1
186, 181, -1
207, 21, -1
207, 69, -1
201, 21, -1
201, 69, -1
189, 21, -1
189, 69, -1
202, 21, -1
202, 69, -1
185, 21, -1
185, 69, -1
188, 21, -1
188, 69, -1
186, 21, -1
186, 69, -1
21, 77, -1
21, 107, -1
21, 108, -1
21, 106, -1
21, 103, -1
21, 110, -1
21, 131, -1
21, 105, -1
21, 70, -1
21, 102, -1
21, 109, -1
21, 112, -1
69, 77, -1
69, 107, -1
69, 108, -1
69, 106, -1
69, 103, -1
69, 110, -1
69, 131, -1
69, 105, -1
69, 70, -1
69, 102, -1
69, 109, -1
69, 112, -1
21, 171, -1
21, 163, -1
21, 166, -1
21, 174, -1
21, 168, -1
69, 171, -1
69, 163, -1
69, 166, -1
69, 174, -1
69, 168, -1
21, 184, -1
21, 180, -1
21, 178, -1
21, 181, -1
69, 184, -1
69, 180, -1
69, 178, -1
69, 181, -1
21, 207, -1
21, 201, -1
21, 189, -1
21, 202, -1
21, 185, -1
21, 188, -1
21, 186, -1
69, 207, -1
69, 201, -1
69, 189, -1
69, 202, -1
69, 185, -1
69, 188, -1
69, 186, -1

77, 107, 1
77, 108, 1
77, 106, 1
77, 103, 1
77, 110, 1
77, 131, 1
77, 105, 1
77, 70, 1
77, 102, 1
77, 109, 1
77, 112, 1
77, 129, 1
107, 77, 1
107, 108, 1
107, 106, 1
107, 103, 1
107, 110, 1
107, 131, 1
107, 105, 1
107, 70, 1
107, 102, 1
107, 109, 1
107, 112, 1
107, 129, 1
108, 77, 1
108, 107, 1
108, 106, 1
108, 103, 1
108, 110, 1
108, 131, 1
108, 105, 1
108, 70, 1
108, 102, 1
108, 109, 1
108, 112, 1
108, 129, 1
106, 77, 1
106, 107, 1
106, 108, 1
106, 103, 1
106, 110, 1
106, 131, 1
106, 105, 1
106, 70, 1
106, 102, 1
106, 109, 1
106, 112, 1
106, 129, 1
103, 77, 1
103, 107, 1
103, 108, 1
103, 106, 1
103, 110, 1
103, 131, 1
103, 105, 1
103, 70, 1
103, 102, 1
103, 109, 1
103, 112, 1
103, 129, 1
110, 77, 1
110, 107, 1
110, 108, 1
110, 106, 1
110, 103, 1
110, 131, 1
110, 105, 1
110, 70, 1
110, 102, 1
110, 109, 1
110, 112, 1
110, 129, 1
131, 77, 1
131, 107, 1
131, 108, 1
131, 106, 1
131, 103, 1
131, 110, 1
131, 105, 1
131, 70, 1
131, 102, 1
131, 109, 1
131, 112, 1
131, 129, 1
105, 77, 1
105, 107, 1
105, 108, 1
105, 106, 1
105, 103, 1
105, 110, 1
105, 131, 1
105, 70, 1
105, 102, 1
105, 109, 1
105, 112, 1
105, 129, 1
70, 77, 1
70, 107, 1
70, 108, 1
70, 106, 1
70, 103, 1
70, 110, 1
70, 131, 1
70, 105, 1
70, 102, 1
70, 109, 1
70, 112, 1
70, 129, 1
102, 77, 1
102, 107, 1
102, 108, 1
102, 106, 1
102, 103, 1
102, 110, 1
102, 131, 1
102, 105, 1
102, 70, 1
102, 109, 1
102, 112, 1
102, 129, 1
109, 77, 1
109, 107, 1
109, 108, 1
109, 106, 1
109, 103, 1
109, 110, 1
109, 131, 1
109, 105, 1
109, 70, 1
109, 102, 1
109, 112, 1
109, 129, 1
112, 77, 1
112, 107, 1
112, 108, 1
112, 106, 1
112, 103, 1
112, 110, 1
112, 131, 1
112, 105, 1
112, 70, 1
112, 102, 1
112, 109, 1
112, 129, 1
129, 77, 1
129, 107, 1
129, 108, 1
129, 106, 1
129, 103, 1
129, 110, 1
129, 131, 1
129, 105, 1
129, 70, 1
129, 102, 1
129, 109, 1
129, 112, 1
171, 163, 1
171, 166, 1
171, 174, 1
171, 168, 1
163, 171, 1
163, 166, 1
163, 174, 1
163, 168, 1
166, 171, 1
166, 163, 1
166, 174, 1
166, 168, 1
174, 171, 1
174, 163, 1
174, 166, 1
174, 168, 1
168, 171, 1
168, 163, 1
168, 166, 1
168, 174, 1
184, 180, 1
184, 178, 1
184, 181, 1
180, 184, 1
180, 178, 1
180, 181, 1
178, 184, 1
178, 180, 1
178, 181, 1
181, 184, 1
181, 180, 1
181, 178, 1
207, 201, 1
207, 189, 1
207, 202, 1
207, 185, 1
207, 188, 1
207, 186, 1
207, 209, 1
201, 207, 1
201, 189, 1
201, 202, 1
201, 185, 1
201, 188, 1
201, 186, 1
201, 209, 1
189, 207, 1
189, 201, 1
189, 202, 1
189, 185, 1
189, 188, 1
189, 186, 1
189, 209, 1
202, 207, 1
202, 201, 1
202, 189, 1
202, 185, 1
202, 188, 1
202, 186, 1
202, 209, 1
185, 207, 1
185, 201, 1
185, 189, 1
185, 202, 1
185, 188, 1
185, 186, 1
185, 209, 1
188, 207, 1
188, 201, 1
188, 189, 1
188, 202, 1
188, 185, 1
188, 186, 1
188, 209, 1
186, 207, 1
186, 201, 1
186, 189, 1
186, 202, 1
186, 185, 1
186, 188, 1
186, 209, 1
209, 207, 1
209, 201, 1
209, 189, 1
209, 202, 1
209, 185, 1
209, 188, 1
209, 186, 1
21, 69, 1
21, 61, 1
69, 21, 1
69, 61, 1
61, 21, 1
61, 69, 1
77, 171, -1
77, 163, -1
77, 166, -1
77, 174, -1
77, 168, -1
107, 171, -1
107, 163, -1
107, 166, -1
107, 174, -1
107, 168, -1
108, 171, -1
108, 163, -1
108, 166, -1
108, 174, -1
108, 168, -1
106, 171, -1
106, 163, -1
106, 166, -1
106, 174, -1
106, 168, -1
103, 171, -1
103, 163, -1
103, 166, -1
103, 174, -1
103, 168, -1
110, 171, -1
110, 163, -1
110, 166, -1
110, 174, -1
110, 168, -1
131, 171, -1
131, 163, -1
131, 166, -1
131, 174, -1
131, 168, -1
105, 171, -1
105, 163, -1
105, 166, -1
105, 174, -1
105, 168, -1
70, 171, -1
70, 163, -1
70, 166, -1
70, 174, -1
70, 168, -1
102, 171, -1
102, 163, -1
102, 166, -1
102, 174, -1
102, 168, -1
109, 171, -1
109, 163, -1
109, 166, -1
109, 174, -1
109, 168, -1
112, 171, -1
112, 163, -1
112, 166, -1
112, 174, -1
112, 168, -1
129, 171, -1
129, 163, -1
129, 166, -1
129, 174, -1
129, 168, -1
77, 184, -1
77, 180, -1
77, 178, -1
77, 181, -1
107, 184, -1
107, 180, -1
107, 178, -1
107, 181, -1
108, 184, -1
108, 180, -1
108, 178, -1
108, 181, -1
106, 184, -1
106, 180, -1
106, 178, -1
106, 181, -1
103, 184, -1
103, 180, -1
103, 178, -1
103, 181, -1
110, 184, -1
110, 180, -1
110, 178, -1
110, 181, -1
131, 184, -1
131, 180, -1
131, 178, -1
131, 181, -1
105, 184, -1
105, 180, -1
105, 178, -1
105, 181, -1
70, 184, -1
70, 180, -1
70, 178, -1
70, 181, -1
102, 184, -1
102, 180, -1
102, 178, -1
102, 181, -1
109, 184, -1
109, 180, -1
109, 178, -1
109, 181, -1
112, 184, -1
112, 180, -1
112, 178, -1
112, 181, -1
129, 184, -1
129, 180, -1
129, 178, -1
129, 181, -1
77, 207, -1
77, 201, -1
77, 189, -1
77, 202, -1
77, 185, -1
77, 188, -1
77, 186, -1
77, 209, -1
107, 207, -1
107, 201, -1
107, 189, -1
107, 202, -1
107, 185, -1
107, 188, -1
107, 186, -1
107, 209, -1
108, 207, -1
108, 201, -1
108, 189, -1
108, 202, -1
108, 185, -1
108, 188, -1
108, 186, -1
108, 209, -1
106, 207, -1
106, 201, -1
106, 189, -1
106, 202, -1
106, 185, -1
106, 188, -1
106, 186, -1
106, 209, -1
103, 207, -1
103, 201, -1
103, 189, -1
103, 202, -1
103, 185, -1
103, 188, -1
103, 186, -1
103, 209, -1
110, 207, -1
110, 201, -1
110, 189, -1
110, 202, -1
110, 185, -1
110, 188, -1
110, 186, -1
110, 209, -1
131, 207, -1
131, 201, -1
131, 189, -1
131, 202, -1
131, 185, -1
131, 188, -1
131, 186, -1
131, 209, -1
105, 207, -1
105, 201, -1
105, 189, -1
105, 202, -1
105, 185, -1
105, 188, -1
105, 186, -1
105, 209, -1
70, 207, -1
70, 201, -1
70, 189, -1
70, 202, -1
70, 185, -1
70, 188, -1
70, 186, -1
70, 209, -1
102, 207, -1
102, 201, -1
102, 189, -1
102, 202, -1
102, 185, -1
102, 188, -1
102, 186, -1
102, 209, -1
109, 207, -1
109, 201, -1
109, 189, -1
109, 202, -1
109, 185, -1
109, 188, -1
109, 186, -1
109, 209, -1
112, 207, -1
112, 201, -1
112, 189, -1
112, 202, -1
112, 185, -1
112, 188, -1
112, 186, -1
112, 209, -1
129, 207, -1
129, 201, -1
129, 189, -1
129, 202, -1
129, 185, -1
129, 188, -1
129, 186, -1
129, 209, -1
77, 21, -1
77, 69, -1
77, 61, -1
107, 21, -1
107, 69, -1
107, 61, -1
108, 21, -1
108, 69, -1
108, 61, -1
106, 21, -1
106, 69, -1
106, 61, -1
103, 21, -1
103, 69, -1
103, 61, -1
110, 21, -1
110, 69, -1
110, 61, -1
131, 21, -1
131, 69, -1
131, 61, -1
105, 21, -1
105, 69, -1
105, 61, -1
70, 21, -1
70, 69, -1
70, 61, -1
102, 21, -1
102, 69, -1
102, 61, -1
109, 21, -1
109, 69, -1
109, 61, -1
112, 21, -1
112, 69, -1
112, 61, -1
129, 21, -1
129, 69, -1
129, 61, -1
171, 77, -1
171, 107, -1
171, 108, -1
171, 106, -1
171, 103, -1
171, 110, -1
171, 131, -1
171, 105, -1
171, 70, -1
171, 102, -1
171, 109, -1
171, 112, -1
171, 129, -1
163, 77, -1
163, 107, -1
163, 108, -1
163, 106, -1
163, 103, -1
163, 110, -1
163, 131, -1
163, 105, -1
163, 70, -1
163, 102, -1
163, 109, -1
163, 112, -1
163, 129, -1
166, 77, -1
166, 107, -1
166, 108, -1
166, 106, -1
166, 103, -1
166, 110, -1
166, 131, -1
166, 105, -1
166, 70, -1
166, 102, -1
166, 109, -1
166, 112, -1
166, 129, -1
174, 77, -1
174, 107, -1
174, 108, -1
174, 106, -1
174, 103, -1
174, 110, -1
174, 131, -1
174, 105, -1
174, 70, -1
174, 102, -1
174, 109, -1
174, 112, -1
174, 129, -1
168, 77, -1
168, 107, -1
168, 108, -1
168, 106, -1
168, 103, -1
168, 110, -1
168, 131, -1
168, 105, -1
168, 70, -1
168, 102, -1
168, 109, -1
168, 112, -1
168, 129, -1
171, 184, -1
171, 180, -1
171, 178, -1
171, 181, -1
163, 184, -1
163, 180, -1
163, 178, -1
163, 181, -1
166, 184, -1
166, 180, -1
166, 178, -1
166, 181, -1
174, 184, -1
174, 180, -1
174, 178, -1
174, 181, -1
168, 184, -1
168, 180, -1
168, 178, -1
168, 181, -1
171, 207, -1
171, 201, -1
171, 189, -1
171, 202, -1
171, 185, -1
171, 188, -1
171, 186, -1
171, 209, -1
163, 207, -1
163, 201, -1
163, 189, -1
163, 202, -1
163, 185, -1
163, 188, -1
163, 186, -1
163, 209, -1
166, 207, -1
166, 201, -1
166, 189, -1
166, 202, -1
166, 185, -1
166, 188, -1
166, 186, -1
166, 209, -1
174, 207, -1
174, 201, -1
174, 189, -1
174, 202, -1
174, 185, -1
174, 188, -1
174, 186, -1
174, 209, -1
168, 207, -1
168, 201, -1
168, 189, -1
168, 202, -1
168, 185, -1
168, 188, -1
168, 186, -1
168, 209, -1
171, 21, -1
171, 69, -1
171, 61, -1
163, 21, -1
163, 69, -1
163, 61, -1
166, 21, -1
166, 69, -1
166, 61, -1
174, 21, -1
174, 69, -1
174, 61, -1
168, 21, -1
168, 69, -1
168, 61, -1
184, 77, -1
184, 107, -1
184, 108, -1
184, 106, -1
184, 103, -1
184, 110, -1
184, 131, -1
184, 105, -1
184, 70, -1
184, 102, -1
184, 109, -1
184, 112, -1
184, 129, -1
180, 77, -1
180, 107, -1
180, 108, -1
180, 106, -1
180, 103, -1
180, 110, -1
180, 131, -1
180, 105, -1
180, 70, -1
180, 102, -1
180, 109, -1
180, 112, -1
180, 129, -1
178, 77, -1
178, 107, -1
178, 108, -1
178, 106, -1
178, 103, -1
178, 110, -1
178, 131, -1
178, 105, -1
178, 70, -1
178, 102, -1
178, 109, -1
178, 112, -1
178, 129, -1
181, 77, -1
181, 107, -1
181, 108, -1
181, 106, -1
181, 103, -1
181, 110, -1
181, 131, -1
181, 105, -1
181, 70, -1
181, 102, -1
181, 109, -1
181, 112, -1
181, 129, -1
184, 171, -1
184, 163, -1
184, 166, -1
184, 174, -1
184, 168, -1
180, 171, -1
180, 163, -1
180, 166, -1
180, 174, -1
180, 168, -1
178, 171, -1
178, 163, -1
178, 166, -1
178, 174, -1
178, 168, -1
181, 171, -1
181, 163, -1
181, 166, -1
181, 174, -1
181, 168, -1
184, 207, -1
184, 201, -1
184, 189, -1
184, 202, -1
184, 185, -1
184, 188, -1
184, 186, -1
184, 209, -1
180, 207, -1
180, 201, -1
180, 189, -1
180, 202, -1
180, 185, -1
180, 188, -1
180, 186, -1
180, 209, -1
178, 207, -1
178, 201, -1
178, 189, -1
178, 202, -1
178, 185, -1
178, 188, -1
178, 186, -1
178, 209, -1
181, 207, -1
181, 201, -1
181, 189, -1
181, 202, -1
181, 185, -1
181, 188, -1
181, 186, -1
181, 209, -1
184, 21, -1
184, 69, -1
184, 61, -1
180, 21, -1
180, 69, -1
180, 61, -1
178, 21, -1
178, 69, -1
178, 61, -1
181, 21, -1
181, 69, -1
181, 61, -1
207, 77, -1
207, 107, -1
207, 108, -1
207, 106, -1
207, 103, -1
207, 110, -1
207, 131, -1
207, 105, -1
207, 70, -1
207, 102, -1
207, 109, -1
207, 112, -1
207, 129, -1
201, 77, -1
201, 107, -1
201, 108, -1
201, 106, -1
201, 103, -1
201, 110, -1
201, 131, -1
201, 105, -1
201, 70, -1
201, 102, -1
201, 109, -1
201, 112, -1
201, 129, -1
189, 77, -1
189, 107, -1
189, 108, -1
189, 106, -1
189, 103, -1
189, 110, -1
189, 131, -1
189, 105, -1
189, 70, -1
189, 102, -1
189, 109, -1
189, 112, -1
189, 129, -1
202, 77, -1
202, 107, -1
202, 108, -1
202, 106, -1
202, 103, -1
202, 110, -1
202, 131, -1
202, 105, -1
202, 70, -1
202, 102, -1
202, 109, -1
202, 112, -1
202, 129, -1
185, 77, -1
185, 107, -1
185, 108, -1
185, 106, -1
185, 103, -1
185, 110, -1
185, 131, -1
185, 105, -1
185, 70, -1
185, 102, -1
185, 109, -1
185, 112, -1
185, 129, -1
188, 77, -1
188, 107, -1
188, 108, -1
188, 106, -1
188, 103, -1
188, 110, -1
188, 131, -1
188, 105, -1
188, 70, -1
188, 102, -1
188, 109, -1
188, 112, -1
188, 129, -1
186, 77, -1
186, 107, -1
186, 108, -1
186, 106, -1
186, 103, -1
186, 110, -1
186, 131, -1
186, 105, -1
186, 70, -1
186, 102, -1
186, 109, -1
186, 112, -1
186, 129, -1
209, 77, -1
209, 107, -1
209, 108, -1
209, 106, -1
209, 103, -1
209, 110, -1
209, 131, -1
209, 105, -1
209, 70, -1
209, 102, -1
209, 109, -1
209, 112, -1
209, 129, -1
207, 171, -1
207, 163, -1
207, 166, -1
207, 174, -1
207, 168, -1
201, 171, -1
201, 163, -1
201, 166, -1
201, 174, -1
201, 168, -1
189, 171, -1
189, 163, -1
189, 166, -1
189, 174, -1
189, 168, -1
202, 171, -1
202, 163, -1
202, 166, -1
202, 174, -1
202, 168, -1
185, 171, -1
185, 163, -1
185, 166, -1
185, 174, -1
185, 168, -1
188, 171, -1
188, 163, -1
188, 166, -1
188, 174, -1
188, 168, -1
186, 171, -1
186, 163, -1
186, 166, -1
186, 174, -1
186, 168, -1
209, 171, -1
209, 163, -1
209, 166, -1
209, 174, -1
209, 168, -1
207, 184, -1
207, 180, -1
207, 178, -1
207, 181, -1
201, 184, -1
201, 180, -1
201, 178, -1
201, 181, -1
189, 184, -1
189, 180, -1
189, 178, -1
189, 181, -1
202, 184, -1
202, 180, -1
202, 178, -1
202, 181, -1
185, 184, -1
185, 180, -1
185, 178, -1
185, 181, -1
188, 184, -1
188, 180, -1
188, 178, -1
188, 181, -1
186, 184, -1
186, 180, -1
186, 178, -1
186, 181, -1
209, 184, -1
209, 180, -1
209, 178, -1
209, 181, -1
207, 21, -1
207, 69, -1
207, 61, -1
201, 21, -1
201, 69, -1
201, 61, -1
189, 21, -1
189, 69, -1
189, 61, -1
202, 21, -1
202, 69, -1
202, 61, -1
185, 21, -1
185, 69, -1
185, 61, -1
188, 21, -1
188, 69, -1
188, 61, -1
186, 21, -1
186, 69, -1
186, 61, -1
209, 21, -1
209, 69, -1
209, 61, -1
21, 77, -1
21, 107, -1
21, 108, -1
21, 106, -1
21, 103, -1
21, 110, -1
21, 131, -1
21, 105, -1
21, 70, -1
21, 102, -1
21, 109, -1
21, 112, -1
21, 129, -1
69, 77, -1
69, 107, -1
69, 108, -1
69, 106, -1
69, 103, -1
69, 110, -1
69, 131, -1
69, 105, -1
69, 70, -1
69, 102, -1
69, 109, -1
69, 112, -1
69, 129, -1
61, 77, -1
61, 107, -1
61, 108, -1
61, 106, -1
61, 103, -1
61, 110, -1
61, 131, -1
61, 105, -1
61, 70, -1
61, 102, -1
61, 109, -1
61, 112, -1
61, 129, -1
21, 171, -1
21, 163, -1
21, 166, -1
21, 174, -1
21, 168, -1
69, 171, -1
69, 163, -1
69, 166, -1
69, 174, -1
69, 168, -1
61, 171, -1
61, 163, -1
61, 166, -1
61, 174, -1
61, 168, -1
21, 184, -1
21, 180, -1
21, 178, -1
21, 181, -1
69, 184, -1
69, 180, -1
69, 178, -1
69, 181, -1
61, 184, -1
61, 180, -1
61, 178, -1
61, 181, -1
21, 207, -1
21, 201, -1
21, 189, -1
21, 202, -1
21, 185, -1
21, 188, -1
21, 186, -1
21, 209, -1
69, 207, -1
69, 201, -1
69, 189, -1
69, 202, -1
69, 185, -1
69, 188, -1
69, 186, -1
69, 209, -1
61, 207, -1
61, 201, -1
61, 189, -1
61, 202, -1
61, 185, -1
61, 188, -1
61, 186, -1
61, 209, -1

77, 107, 1
77, 108, 1
77, 106, 1
77, 103, 1
77, 110, 1
77, 131, 1
77, 105, 1
77, 70, 1
77, 102, 1
77, 109, 1
77, 112, 1
77, 129, 1
107, 77, 1
107, 108, 1
107, 106, 1
107, 103, 1
107, 110, 1
107, 131, 1
107, 105, 1
107, 70, 1
107, 102, 1
107, 109, 1
107, 112, 1
107, 129, 1
108, 77, 1
108, 107, 1
108, 106, 1
108, 103, 1
108, 110, 1
108, 131, 1
108, 105, 1
108, 70, 1
108, 102, 1
108, 109, 1
108, 112, 1
108, 129, 1
106, 77, 1
106, 107, 1
106, 108, 1
106, 103, 1
106, 110, 1
106, 131, 1
106, 105, 1
106, 70, 1
106, 102, 1
106, 109, 1
106, 112, 1
106, 129, 1
103, 77, 1
103, 107, 1
103, 108, 1
103, 106, 1
103, 110, 1
103, 131, 1
103, 105, 1
103, 70, 1
103, 102, 1
103, 109, 1
103, 112, 1
103, 129, 1
110, 77, 1
110, 107, 1
110, 108, 1
110, 106, 1
110, 103, 1
110, 131, 1
110, 105, 1
110, 70, 1
110, 102, 1
110, 109, 1
110, 112, 1
110, 129, 1
131, 77, 1
131, 107, 1
131, 108, 1
131, 106, 1
131, 103, 1
131, 110, 1
131, 105, 1
131, 70, 1
131, 102, 1
131, 109, 1
131, 112, 1
131, 129, 1
105, 77, 1
105, 107, 1
105, 108, 1
105, 106, 1
105, 103, 1
105, 110, 1
105, 131, 1
105, 70, 1
105, 102, 1
105, 109, 1
105, 112, 1
105, 129, 1
70, 77, 1
70, 107, 1
70, 108, 1
70, 106, 1
70, 103, 1
70, 110, 1
70, 131, 1
70, 105, 1
70, 102, 1
70, 109, 1
70, 112, 1
70, 129, 1
102, 77, 1
102, 107, 1
102, 108, 1
102, 106, 1
102, 103, 1
102, 110, 1
102, 131, 1
102, 105, 1
102, 70, 1
102, 109, 1
102, 112, 1
102, 129, 1
109, 77, 1
109, 107, 1
109, 108, 1
109, 106, 1
109, 103, 1
109, 110, 1
109, 131, 1
109, 105, 1
109, 70, 1
109, 102, 1
109, 112, 1
109, 129, 1
112, 77, 1
112, 107, 1
112, 108, 1
112, 106, 1
112, 103, 1
112, 110, 1
112, 131, 1
112, 105, 1
112, 70, 1
112, 102, 1
112, 109, 1
112, 129, 1
129, 77, 1
129, 107, 1
129, 108, 1
129, 106, 1
129, 103, 1
129, 110, 1
129, 131, 1
129, 105, 1
129, 70, 1
129, 102, 1
129, 109, 1
129, 112, 1
171, 163, 1
171, 166, 1
171, 174, 1
171, 168, 1
171, 175, 1
163, 171, 1
163, 166, 1
163, 174, 1
163, 168, 1
163, 175, 1
166, 171, 1
166, 163, 1
166, 174, 1
166, 168, 1
166, 175, 1
174, 171, 1
174, 163, 1
174, 166, 1
174, 168, 1
174, 175, 1
168, 171, 1
168, 163, 1
168, 166, 1
168, 174, 1
168, 175, 1
175, 171, 1
175, 163, 1
175, 166, 1
175, 174, 1
175, 168, 1
184, 180, 1
184, 178, 1
184, 181, 1
180, 184, 1
180, 178, 1
180, 181, 1
178, 184, 1
178, 180, 1
178, 181, 1
181, 184, 1
181, 180, 1
181, 178, 1
207, 201, 1
207, 189, 1
207, 202, 1
207, 185, 1
207, 188, 1
207, 186, 1
207, 209, 1
201, 207, 1
201, 189, 1
201, 202, 1
201, 185, 1
201, 188, 1
201, 186, 1
201, 209, 1
189, 207, 1
189, 201, 1
189, 202, 1
189, 185, 1
189, 188, 1
189, 186, 1
189, 209, 1
202, 207, 1
202, 201, 1
202, 189, 1
202, 185, 1
202, 188, 1
202, 186, 1
202, 209, 1
185, 207, 1
185, 201, 1
185, 189, 1
185, 202, 1
185, 188, 1
185, 186, 1
185, 209, 1
188, 207, 1
188, 201, 1
188, 189, 1
188, 202, 1
188, 185, 1
188, 186, 1
188, 209, 1
186, 207, 1
186, 201, 1
186, 189, 1
186, 202, 1
186, 185, 1
186, 188, 1
186, 209, 1
209, 207, 1
209, 201, 1
209, 189, 1
209, 202, 1
209, 185, 1
209, 188, 1
209, 186, 1
21, 69, 1
21, 61, 1
69, 21, 1
69, 61, 1
61, 21, 1
61, 69, 1
152, 150, 1
150, 152, 1
77, 171, -1
77, 163, -1
77, 166, -1
77, 174, -1
77, 168, -1
77, 175, -1
107, 171, -1
107, 163, -1
107, 166, -1
107, 174, -1
107, 168, -1
107, 175, -1
108, 171, -1
108, 163, -1
108, 166, -1
108, 174, -1
108, 168, -1
108, 175, -1
106, 171, -1
106, 163, -1
106, 166, -1
106, 174, -1
106, 168, -1
106, 175, -1
103, 171, -1
103, 163, -1
103, 166, -1
103, 174, -1
103, 168, -1
103, 175, -1
110, 171, -1
110, 163, -1
110, 166, -1
110, 174, -1
110, 168, -1
110, 175, -1
131, 171, -1
131, 163, -1
131, 166, -1
131, 174, -1
131, 168, -1
131, 175, -1
105, 171, -1
105, 163, -1
105, 166, -1
105, 174, -1
105, 168, -1
105, 175, -1
70, 171, -1
70, 163, -1
70, 166, -1
70, 174, -1
70, 168, -1
70, 175, -1
102, 171, -1
102, 163, -1
102, 166, -1
102, 174, -1
102, 168, -1
102, 175, -1
109, 171, -1
109, 163, -1
109, 166, -1
109, 174, -1
109, 168, -1
109, 175, -1
112, 171, -1
112, 163, -1
112, 166, -1
112, 174, -1
112, 168, -1
112, 175, -1
129, 171, -1
129, 163, -1
129, 166, -1
129, 174, -1
129, 168, -1
129, 175, -1
77, 184, -1
77, 180, -1
77, 178, -1
77, 181, -1
107, 184, -1
107, 180, -1
107, 178, -1
107, 181, -1
108, 184, -1
108, 180, -1
108, 178, -1
108, 181, -1
106, 184, -1
106, 180, -1
106, 178, -1
106, 181, -1
103, 184, -1
103, 180, -1
103, 178, -1
103, 181, -1
110, 184, -1
110, 180, -1
110, 178, -1
110, 181, -1
131, 184, -1
131, 180, -1
131, 178, -1
131, 181, -1
105, 184, -1
105, 180, -1
105, 178, -1
105, 181, -1
70, 184, -1
70, 180, -1
70, 178, -1
70, 181, -1
102, 184, -1
102, 180, -1
102, 178, -1
102, 181, -1
109, 184, -1
109, 180, -1
109, 178, -1
109, 181, -1
112, 184, -1
112, 180, -1
112, 178, -1
112, 181, -1
129, 184, -1
129, 180, -1
129, 178, -1
129, 181, -1
77, 207, -1
77, 201, -1
77, 189, -1
77, 202, -1
77, 185, -1
77, 188, -1
77, 186, -1
77, 209, -1
107, 207, -1
107, 201, -1
107, 189, -1
107, 202, -1
107, 185, -1
107, 188, -1
107, 186, -1
107, 209, -1
108, 207, -1
108, 201, -1
108, 189, -1
108, 202, -1
108, 185, -1
108, 188, -1
108, 186, -1
108, 209, -1
106, 207, -1
106, 201, -1
106, 189, -1
106, 202, -1
106, 185, -1
106, 188, -1
106, 186, -1
106, 209, -1
103, 207, -1
103, 201, -1
103, 189, -1
103, 202, -1
103, 185, -1
103, 188, -1
103, 186, -1
103, 209, -1
110, 207, -1
110, 201, -1
110, 189, -1
110, 202, -1
110, 185, -1
110, 188, -1
110, 186, -1
110, 209, -1
131, 207, -1
131, 201, -1
131, 189, -1
131, 202, -1
131, 185, -1
131, 188, -1
131, 186, -1
131, 209, -1
105, 207, -1
105, 201, -1
105, 189, -1
105, 202, -1
105, 185, -1
105, 188, -1
105, 186, -1
105, 209, -1
70, 207, -1
70, 201, -1
70, 189, -1
70, 202, -1
70, 185, -1
70, 188, -1
70, 186, -1
70, 209, -1
102, 207, -1
102, 201, -1
102, 189, -1
102, 202, -1
102, 185, -1
102, 188, -1
102, 186, -1
102, 209, -1
109, 207, -1
109, 201, -1
109, 189, -1
109, 202, -1
109, 185, -1
109, 188, -1
109, 186, -1
109, 209, -1
112, 207, -1
112, 201, -1
112, 189, -1
112, 202, -1
112, 185, -1
112, 188, -1
112, 186, -1
112, 209, -1
129, 207, -1
129, 201, -1
129, 189, -1
129, 202, -1
129, 185, -1
129, 188, -1
129, 186, -1
129, 209, -1
77, 21, -1
77, 69, -1
77, 61, -1
107, 21, -1
107, 69, -1
107, 61, -1
108, 21, -1
108, 69, -1
108, 61, -1
106, 21, -1
106, 69, -1
106, 61, -1
103, 21, -1
103, 69, -1
103, 61, -1
110, 21, -1
110, 69, -1
110, 61, -1
131, 21, -1
131, 69, -1
131, 61, -1
105, 21, -1
105, 69, -1
105, 61, -1
70, 21, -1
70, 69, -1
70, 61, -1
102, 21, -1
102, 69, -1
102, 61, -1
109, 21, -1
109, 69, -1
109, 61, -1
112, 21, -1
112, 69, -1
112, 61, -1
129, 21, -1
129, 69, -1
129, 61, -1
77, 152, -1
77, 150, -1
107, 152, -1
107, 150, -1
108, 152, -1
108, 150, -1
106, 152, -1
106, 150, -1
103, 152, -1
103, 150, -1
110, 152, -1
110, 150, -1
131, 152, -1
131, 150, -1
105, 152, -1
105, 150, -1
70, 152, -1
70, 150, -1
102, 152, -1
102, 150, -1
109, 152, -1
109, 150, -1
112, 152, -1
112, 150, -1
129, 152, -1
129, 150, -1
171, 77, -1
171, 107, -1
171, 108, -1
171, 106, -1
171, 103, -1
171, 110, -1
171, 131, -1
171, 105, -1
171, 70, -1
171, 102, -1
171, 109, -1
171, 112, -1
171, 129, -1
163, 77, -1
163, 107, -1
163, 108, -1
163, 106, -1
163, 103, -1
163, 110, -1
163, 131, -1
163, 105, -1
163, 70, -1
163, 102, -1
163, 109, -1
163, 112, -1
163, 129, -1
166, 77, -1
166, 107, -1
166, 108, -1
166, 106, -1
166, 103, -1
166, 110, -1
166, 131, -1
166, 105, -1
166, 70, -1
166, 102, -1
166, 109, -1
166, 112, -1
166, 129, -1
174, 77, -1
174, 107, -1
174, 108, -1
174, 106, -1
174, 103, -1
174, 110, -1
174, 131, -1
174, 105, -1
174, 70, -1
174, 102, -1
174, 109, -1
174, 112, -1
174, 129, -1
168, 77, -1
168, 107, -1
168, 108, -1
168, 106, -1
168, 103, -1
168, 110, -1
168, 131, -1
168, 105, -1
168, 70, -1
168, 102, -1
168, 109, -1
168, 112, -1
168, 129, -1
175, 77, -1
175, 107, -1
175, 108, -1
175, 106, -1
175, 103, -1
175, 110, -1
175, 131, -1
175, 105, -1
175, 70, -1
175, 102, -1
175, 109, -1
175, 112, -1
175, 129, -1
171, 184, -1
171, 180, -1
171, 178, -1
171, 181, -1
163, 184, -1
163, 180, -1
163, 178, -1
163, 181, -1
166, 184, -1
166, 180, -1
166, 178, -1
166, 181, -1
174, 184, -1
174, 180, -1
174, 178, -1
174, 181, -1
168, 184, -1
168, 180, -1
168, 178, -1
168, 181, -1
175, 184, -1
175, 180, -1
175, 178, -1
175, 181, -1
171, 207, -1
171, 201, -1
171, 189, -1
171, 202, -1
171, 185, -1
171, 188, -1
171, 186, -1
171, 209, -1
163, 207, -1
163, 201, -1
163, 189, -1
163, 202, -1
163, 185, -1
163, 188, -1
163, 186, -1
163, 209, -1
166, 207, -1
166, 201, -1
166, 189, -1
166, 202, -1
166, 185, -1
166, 188, -1
166, 186, -1
166, 209, -1
174, 207, -1
174, 201, -1
174, 189, -1
174, 202, -1
174, 185, -1
174, 188, -1
174, 186, -1
174, 209, -1
168, 207, -1
168, 201, -1
168, 189, -1
168, 202, -1
168, 185, -1
168, 188, -1
168, 186, -1
168, 209, -1
175, 207, -1
175, 201, -1
175, 189, -1
175, 202, -1
175, 185, -1
175, 188, -1
175, 186, -1
175, 209, -1
171, 21, -1
171, 69, -1
171, 61, -1
163, 21, -1
163, 69, -1
163, 61, -1
166, 21, -1
166, 69, -1
166, 61, -1
174, 21, -1
174, 69, -1
174, 61, -1
168, 21, -1
168, 69, -1
168, 61, -1
175, 21, -1
175, 69, -1
175, 61, -1
171, 152, -1
171, 150, -1
163, 152, -1
163, 150, -1
166, 152, -1
166, 150, -1
174, 152, -1
174, 150, -1
168, 152, -1
168, 150, -1
175, 152, -1
175, 150, -1
184, 77, -1
184, 107, -1
184, 108, -1
184, 106, -1
184, 103, -1
184, 110, -1
184, 131, -1
184, 105, -1
184, 70, -1
184, 102, -1
184, 109, -1
184, 112, -1
184, 129, -1
180, 77, -1
180, 107, -1
180, 108, -1
180, 106, -1
180, 103, -1
180, 110, -1
180, 131, -1
180, 105, -1
180, 70, -1
180, 102, -1
180, 109, -1
180, 112, -1
180, 129, -1
178, 77, -1
178, 107, -1
178, 108, -1
178, 106, -1
178, 103, -1
178, 110, -1
178, 131, -1
178, 105, -1
178, 70, -1
178, 102, -1
178, 109, -1
178, 112, -1
178, 129, -1
181, 77, -1
181, 107, -1
181, 108, -1
181, 106, -1
181, 103, -1
181, 110, -1
181, 131, -1
181, 105, -1
181, 70, -1
181, 102, -1
181, 109, -1
181, 112, -1
181, 129, -1
184, 171, -1
184, 163, -1
184, 166, -1
184, 174, -1
184, 168, -1
184, 175, -1
180, 171, -1
180, 163, -1
180, 166, -1
180, 174, -1
180, 168, -1
180, 175, -1
178, 171, -1
178, 163, -1
178, 166, -1
178, 174, -1
178, 168, -1
178, 175, -1
181, 171, -1
181, 163, -1
181, 166, -1
181, 174, -1
181, 168, -1
181, 175, -1
184, 207, -1
184, 201, -1
184, 189, -1
184, 202, -1
184, 185, -1
184, 188, -1
184, 186, -1
184, 209, -1
180, 207, -1
180, 201, -1
180, 189, -1
180, 202, -1
180, 185, -1
180, 188, -1
180, 186, -1
180, 209, -1
178, 207, -1
178, 201, -1
178, 189, -1
178, 202, -1
178, 185, -1
178, 188, -1
178, 186, -1
178, 209, -1
181, 207, -1
181, 201, -1
181, 189, -1
181, 202, -1
181, 185, -1
181, 188, -1
181, 186, -1
181, 209, -1
184, 21, -1
184, 69, -1
184, 61, -1
180, 21, -1
180, 69, -1
180, 61, -1
178, 21, -1
178, 69, -1
178, 61, -1
181, 21, -1
181, 69, -1
181, 61, -1
184, 152, -1
184, 150, -1
180, 152, -1
180, 150, -1
178, 152, -1
178, 150, -1
181, 152, -1
181, 150, -1
207, 77, -1
207, 107, -1
207, 108, -1
207, 106, -1
207, 103, -1
207, 110, -1
207, 131, -1
207, 105, -1
207, 70, -1
207, 102, -1
207, 109, -1
207, 112, -1
207, 129, -1
201, 77, -1
201, 107, -1
201, 108, -1
201, 106, -1
201, 103, -1
201, 110, -1
201, 131, -1
201, 105, -1
201, 70, -1
201, 102, -1
201, 109, -1
201, 112, -1
201, 129, -1
189, 77, -1
189, 107, -1
189, 108, -1
189, 106, -1
189, 103, -1
189, 110, -1
189, 131, -1
189, 105, -1
189, 70, -1
189, 102, -1
189, 109, -1
189, 112, -1
189, 129, -1
202, 77, -1
202, 107, -1
202, 108, -1
202, 106, -1
202, 103, -1
202, 110, -1
202, 131, -1
202, 105, -1
202, 70, -1
202, 102, -1
202, 109, -1
202, 112, -1
202, 129, -1
185, 77, -1
185, 107, -1
185, 108, -1
185, 106, -1
185, 103, -1
185, 110, -1
185, 131, -1
185, 105, -1
185, 70, -1
185, 102, -1
185, 109, -1
185, 112, -1
185, 129, -1
188, 77, -1
188, 107, -1
188, 108, -1
188, 106, -1
188, 103, -1
188, 110, -1
188, 131, -1
188, 105, -1
188, 70, -1
188, 102, -1
188, 109, -1
188, 112, -1
188, 129, -1
186, 77, -1
186, 107, -1
186, 108, -1
186, 106, -1
186, 103, -1
186, 110, -1
186, 131, -1
186, 105, -1
186, 70, -1
186, 102, -1
186, 109, -1
186, 112, -1
186, 129, -1
209, 77, -1
209, 107, -1
209, 108, -1
209, 106, -1
209, 103, -1
209, 110, -1
209, 131, -1
209, 105, -1
209, 70, -1
209, 102, -1
209, 109, -1
209, 112, -1
209, 129, -1
207, 171, -1
207, 163, -1
207, 166, -1
207, 174, -1
207, 168, -1
207, 175, -1
201, 171, -1
201, 163, -1
201, 166, -1
201, 174, -1
201, 168, -1
201, 175, -1
189, 171, -1
189, 163, -1
189, 166, -1
189, 174, -1
189, 168, -1
189, 175, -1
202, 171, -1
202, 163, -1
202, 166, -1
202, 174, -1
202, 168, -1
202, 175, -1
185, 171, -1
185, 163, -1
185, 166, -1
185, 174, -1
185, 168, -1
185, 175, -1
188, 171, -1
188, 163, -1
188, 166, -1
188, 174, -1
188, 168, -1
188, 175, -1
186, 171, -1
186, 163, -1
186, 166, -1
186, 174, -1
186, 168, -1
186, 175, -1
209, 171, -1
209, 163, -1
209, 166, -1
209, 174, -1
209, 168, -1
209, 175, -1
207, 184, -1
207, 180, -1
207, 178, -1
207, 181, -1
201, 184, -1
201, 180, -1
201, 178, -1
201, 181, -1
189, 184, -1
189, 180, -1
189, 178, -1
189, 181, -1
202, 184, -1
202, 180, -1
202, 178, -1
202, 181, -1
185, 184, -1
185, 180, -1
185, 178, -1
185, 181, -1
188, 184, -1
188, 180, -1
188, 178, -1
188, 181, -1
186, 184, -1
186, 180, -1
186, 178, -1
186, 181, -1
209, 184, -1
209, 180, -1
209, 178, -1
209, 181, -1
207, 21, -1
207, 69, -1
207, 61, -1
201, 21, -1
201, 69, -1
201, 61, -1
189, 21, -1
189, 69, -1
189, 61, -1
202, 21, -1
202, 69, -1
202, 61, -1
185, 21, -1
185, 69, -1
185, 61, -1
188, 21, -1
188, 69, -1
188, 61, -1
186, 21, -1
186, 69, -1
186, 61, -1
209, 21, -1
209, 69, -1
209, 61, -1
207, 152, -1
207, 150, -1
201, 152, -1
201, 150, -1
189, 152, -1
189, 150, -1
202, 152, -1
202, 150, -1
185, 152, -1
185, 150, -1
188, 152, -1
188, 150, -1
186, 152, -1
186, 150, -1
209, 152, -1
209, 150, -1
21, 77, -1
21, 107, -1
21, 108, -1
21, 106, -1
21, 103, -1
21, 110, -1
21, 131, -1
21, 105, -1
21, 70, -1
21, 102, -1
21, 109, -1
21, 112, -1
21, 129, -1
69, 77, -1
69, 107, -1
69, 108, -1
69, 106, -1
69, 103, -1
69, 110, -1
69, 131, -1
69, 105, -1
69, 70, -1
69, 102, -1
69, 109, -1
69, 112, -1
69, 129, -1
61, 77, -1
61, 107, -1
61, 108, -1
61, 106, -1
61, 103, -1
61, 110, -1
61, 131, -1
61, 105, -1
61, 70, -1
61, 102, -1
61, 109, -1
61, 112, -1
61, 129, -1
21, 171, -1
21, 163, -1
21, 166, -1
21, 174, -1
21, 168, -1
21, 175, -1
69, 171, -1
69, 163, -1
69, 166, -1
69, 174, -1
69, 168, -1
69, 175, -1
61, 171, -1
61, 163, -1
61, 166, -1
61, 174, -1
61, 168, -1
61, 175, -1
21, 184, -1
21, 180, -1
21, 178, -1
21, 181, -1
69, 184, -1
69, 180, -1
69, 178, -1
69, 181, -1
61, 184, -1
61, 180, -1
61, 178, -1
61, 181, -1
21, 207, -1
21, 201, -1
21, 189, -1
21, 202, -1
21, 185, -1
21, 188, -1
21, 186, -1
21, 209, -1
69, 207, -1
69, 201, -1
69, 189, -1
69, 202, -1
69, 185, -1
69, 188, -1
69, 186, -1
69, 209, -1
61, 207, -1
61, 201, -1
61, 189, -1
61, 202, -1
61, 185, -1
61, 188, -1
61, 186, -1
61, 209, -1
21, 152, -1
21, 150, -1
69, 152, -1
69, 150, -1
61, 152, -1
61, 150, -1
152, 77, -1
152, 107, -1
152, 108, -1
152, 106, -1
152, 103, -1
152, 110, -1
152, 131, -1
152, 105, -1
152, 70, -1
152, 102, -1
152, 109, -1
152, 112, -1
152, 129, -1
150, 77, -1
150, 107, -1
150, 108, -1
150, 106, -1
150, 103, -1
150, 110, -1
150, 131, -1
150, 105, -1
150, 70, -1
150, 102, -1
150, 109, -1
150, 112, -1
150, 129, -1
152, 171, -1
152, 163, -1
152, 166, -1
152, 174, -1
152, 168, -1
152, 175, -1
150, 171, -1
150, 163, -1
150, 166, -1
150, 174, -1
150, 168, -1
150, 175, -1
152, 184, -1
152, 180, -1
152, 178, -1
152, 181, -1
150, 184, -1
150, 180, -1
150, 178, -1
150, 181, -1
152, 207, -1
152, 201, -1
152, 189, -1
152, 202, -1
152, 185, -1
152, 188, -1
152, 186, -1
152, 209, -1
150, 207, -1
150, 201, -1
150, 189, -1
150, 202, -1
150, 185, -1
150, 188, -1
150, 186, -1
150, 209, -1
152, 21, -1
152, 69, -1
152, 61, -1
150, 21, -1
150, 69, -1
150, 61, -1

