71, 107, 1
107, 71, 1
71, 171, -1
107, 171, -1
71, 184, -1
107, 184, -1
71, 201, -1
107, 201, -1
171, 71, -1
171, 107, -1
171, 184, -1
171, 201, -1
184, 71, -1
184, 107, -1
184, 171, -1
184, 201, -1
201, 71, -1
201, 107, -1
201, 171, -1
201, 184, -1

71, 107, 1
71, 108, 1
71, 106, 1
107, 71, 1
107, 108, 1
107, 106, 1
108, 71, 1
108, 107, 1
108, 106, 1
106, 71, 1
106, 107, 1
106, 108, 1
171, 163, 1
171, 166, 1
163, 171, 1
163, 166, 1
166, 171, 1
166, 163, 1
201, 207, 1
207, 201, 1
71, 171, -1
71, 163, -1
71, 166, -1
107, 171, -1
107, 163, -1
107, 166, -1
108, 171, -1
108, 163, -1
108, 166, -1
106, 171, -1
106, 163, -1
106, 166, -1
71, 184, -1
107, 184, -1
108, 184, -1
106, 184, -1
71, 201, -1
71, 207, -1
107, 201, -1
107, 207, -1
108, 201, -1
108, 207, -1
106, 201, -1
106, 207, -1
171, 71, -1
171, 107, -1
171, 108, -1
171, 106, -1
163, 71, -1
163, 107, -1
163, 108, -1
163, 106, -1
166, 71, -1
166, 107, -1
166, 108, -1
166, 106, -1
171, 184, -1
163, 184, -1
166, 184, -1
171, 201, -1
171, 207, -1
163, 201, -1
163, 207, -1
166, 201, -1
166, 207, -1
184, 71, -1
184, 107, -1
184, 108, -1
184, 106, -1
184, 171, -1
184, 163, -1
184, 166, -1
184, 201, -1
184, 207, -1
201, 71, -1
201, 107, -1
201, 108, -1
201, 106, -1
207, 71, -1
207, 107, -1
207, 108, -1
207, 106, -1
201, 171, -1
201, 163, -1
201, 166, -1
207, 171, -1
207, 163, -1
207, 166, -1
201, 184, -1
207, 184, -1

71, 107, 1
71, 108, 1
71, 106, 1
71, 103, 1
71, 110, 1
107, 71, 1
107, 108, 1
107, 106, 1
107, 103, 1
107, 110, 1
108, 71, 1
108, 107, 1
108, 106, 1
108, 103, 1
108, 110, 1
106, 71, 1
106, 107, 1
106, 108, 1
106, 103, 1
106, 110, 1
103, 71, 1
103, 107, 1
103, 108, 1
103, 106, 1
103, 110, 1
110, 71, 1
110, 107, 1
110, 108, 1
110, 106, 1
110, 103, 1
171, 163, 1
171, 166, 1
163, 171, 1
163, 166, 1
166, 171, 1
166, 163, 1
201, 207, 1
201, 189, 1
201, 185, 1
207, 201, 1
207, 189, 1
207, 185, 1
189, 201, 1
189, 207, 1
189, 185, 1
185, 201, 1
185, 207, 1
185, 189, 1
71, 171, -1
71, 163, -1
71, 166, -1
107, 171, -1
107, 163, -1
107, 166, -1
108, 171, -1
108, 163, -1
108, 166, -1
106, 171, -1
106, 163, -1
106, 166, -1
103, 171, -1
103, 163, -1
103, 166, -1
110, 171, -1
110, 163, -1
110, 166, -1
71, 184, -1
107, 184, -1
108, 184, -1
106, 184, -1
103, 184, -1
110, 184, -1
71, 201, -1
71, 207, -1
71, 189, -1
71, 185, -1
107, 201, -1
107, 207, -1
107, 189, -1
107, 185, -1
108, 201, -1
108, 207, -1
108, 189, -1
108, 185, -1
106, 201, -1
106, 207, -1
106, 189, -1
106, 185, -1
103, 201, -1
103, 207, -1
103, 189, -1
103, 185, -1
110, 201, -1
110, 207, -1
110, 189, -1
110, 185, -1
171, 71, -1
171, 107, -1
171, 108, -1
171, 106, -1
171, 103, -1
171, 110, -1
163, 71, -1
163, 107, -1
163, 108, -1
163, 106, -1
163, 103, -1
163, 110, -1
166, 71, -1
166, 107, -1
166, 108, -1
166, 106, -1
166, 103, -1
166, 110, -1
171, 184, -1
163, 184, -1
166, 184, -1
171, 201, -1
171, 207, -1
171, 189, -1
171, 185, -1
163, 201, -1
163, 207, -1
163, 189, -1
163, 185, -1
166, 201, -1
166, 207, -1
166, 189, -1
166, 185, -1
184, 71, -1
184, 107, -1
184, 108, -1
184, 106, -1
184, 103, -1
184, 110, -1
184, 171, -1
184, 163, -1
184, 166, -1
184, 201, -1
184, 207, -1
184, 189, -1
184, 185, -1
201, 71, -1
201, 107, -1
201, 108, -1
201, 106, -1
201, 103, -1
201, 110, -1
207, 71, -1
207, 107, -1
207, 108, -1
207, 106, -1
207, 103, -1
207, 110, -1
189, 71, -1
189, 107, -1
189, 108, -1
189, 106, -1
189, 103, -1
189, 110, -1
185, 71, -1
185, 107, -1
185, 108, -1
185, 106, -1
185, 103, -1
185, 110, -1
201, 171, -1
201, 163, -1
201, 166, -1
207, 171, -1
207, 163, -1
207, 166, -1
189, 171, -1
189, 163, -1
189, 166, -1
185, 171, -1
185, 163, -1
185, 166, -1
201, 184, -1
207, 184, -1
189, 184, -1
185, 184, -1

71, 107, 1
71, 108, 1
71, 106, 1
71, 103, 1
71, 110, 1
71, 102, 1
107, 71, 1
107, 108, 1
107, 106, 1
107, 103, 1
107, 110, 1
107, 102, 1
108, 71, 1
108, 107, 1
108, 106, 1
108, 103, 1
108, 110, 1
108, 102, 1
106, 71, 1
106, 107, 1
106, 108, 1
106, 103, 1
106, 110, 1
106, 102, 1
103, 71, 1
103, 107, 1
103, 108, 1
103, 106, 1
103, 110, 1
103, 102, 1
110, 71, 1
110, 107, 1
110, 108, 1
110, 106, 1
110, 103, 1
110, 102, 1
102, 71, 1
102, 107, 1
102, 108, 1
102, 106, 1
102, 103, 1
102, 110, 1
171, 163, 1
171, 166, 1
171, 168, 1
163, 171, 1
163, 166, 1
163, 168, 1
166, 171, 1
166, 163, 1
166, 168, 1
168, 171, 1
168, 163, 1
168, 166, 1
184, 180, 1
180, 184, 1
201, 207, 1
201, 189, 1
201, 185, 1
201, 209, 1
207, 201, 1
207, 189, 1
207, 185, 1
207, 209, 1
189, 201, 1
189, 207, 1
189, 185, 1
189, 209, 1
185, 201, 1
185, 207, 1
185, 189, 1
185, 209, 1
209, 201, 1
209, 207, 1
209, 189, 1
209, 185, 1
71, 171, -1
71, 163, -1
71, 166, -1
71, 168, -1
107, 171, -1
107, 163, -1
107, 166, -1
107, 168, -1
108, 171, -1
108, 163, -1
108, 166, -1
108, 168, -1
106, 171, -1
106, 163, -1
106, 166, -1
106, 168, -1
103, 171, -1
103, 163, -1
103, 166, -1
103, 168, -1
110, 171, -1
110, 163, -1
110, 166, -1
110, 168, -1
102, 171, -1
102, 163, -1
102, 166, -1
102, 168, -1
71, 184, -1
71, 180, -1
107, 184, -1
107, 180, -1
108, 184, -1
108, 180, -1
106, 184, -1
106, 180, -1
103, 184, -1
103, 180, -1
110, 184, -1
110, 180, -1
102, 184, -1
102, 180, -1
71, 201, -1
71, 207, -1
71, 189, -1
71, 185, -1
71, 209, -1
107, 201, -1
107, 207, -1
107, 189, -1
107, 185, -1
107, 209, -1
108, 201, -1
108, 207, -1
108, 189, -1
108, 185, -1
108, 209, -1
106, 201, -1
106, 207, -1
106, 189, -1
106, 185, -1
106, 209, -1
103, 201, -1
103, 207, -1
103, 189, -1
103, 185, -1
103, 209, -1
110, 201, -1
110, 207, -1
110, 189, -1
110, 185, -1
110, 209, -1
102, 201, -1
102, 207, -1
102, 189, -1
102, 185, -1
102, 209, -1
171, 71, -1
171, 107, -1
171, 108, -1
171, 106, -1
171, 103, -1
171, 110, -1
171, 102, -1
163, 71, -1
163, 107, -1
163, 108, -1
163, 106, -1
163, 103, -1
163, 110, -1
163, 102, -1
166, 71, -1
166, 107, -1
166, 108, -1
166, 106, -1
166, 103, -1
166, 110, -1
166, 102, -1
168, 71, -1
168, 107, -1
168, 108, -1
168, 106, -1
168, 103, -1
168, 110, -1
168, 102, -1
171, 184, -1
171, 180, -1
163, 184, -1
163, 180, -1
166, 184, -1
166, 180, -1
168, 184, -1
168, 180, -1
171, 201, -1
171, 207, -1
171, 189, -1
171, 185, -1
171, 209, -1
163, 201, -1
163, 207, -1
163, 189, -1
163, 185, -1
163, 209, -1
166, 201, -1
166, 207, -1
166, 189, -1
166, 185, -1
166, 209, -1
168, 201, -1
168, 207, -1
168, 189, -1
168, 185, -1
168, 209, -1
184, 71, -1
184, 107, -1
184, 108, -1
184, 106, -1
184, 103, -1
184, 110, -1
184, 102, -1
180, 71, -1
180, 107, -1
180, 108, -1
180, 106, -1
180, 103, -1
180, 110, -1
180, 102, -1
184, 171, -1
184, 163, -1
184, 166, -1
184, 168, -1
180, 171, -1
180, 163, -1
180, 166, -1
180, 168, -1
184, 201, -1
184, 207, -1
184, 189, -1
184, 185, -1
184, 209, -1
180, 201, -1
180, 207, -1
180, 189, -1
180, 185, -1
180, 209, -1
201, 71, -1
201, 107, -1
201, 108, -1
201, 106, -1
201, 103, -1
201, 110, -1
201, 102, -1
207, 71, -1
207, 107, -1
207, 108, -1
207, 106, -1
207, 103, -1
207, 110, -1
207, 102, -1
189, 71, -1
189, 107, -1
189, 108, -1
189, 106, -1
189, 103, -1
189, 110, -1
189, 102, -1
185, 71, -1
185, 107, -1
185, 108, -1
185, 106, -1
185, 103, -1
185, 110, -1
185, 102, -1
209, 71, -1
209, 107, -1
209, 108, -1
209, 106, -1
209, 103, -1
209, 110, -1
209, 102, -1
201, 171, -1
201, 163, -1
201, 166, -1
201, 168, -1
207, 171, -1
207, 163, -1
207, 166, -1
207, 168, -1
189, 171, -1
189, 163, -1
189, 166, -1
189, 168, -1
185, 171, -1
185, 163, -1
185, 166, -1
185, 168, -1
209, 171, -1
209, 163, -1
209, 166, -1
209, 168, -1
201, 184, -1
201, 180, -1
207, 184, -1
207, 180, -1
189, 184, -1
189, 180, -1
185, 184, -1
185, 180, -1
209, 184, -1
209, 180, -1

71, 107, 1
71, 108, 1
71, 106, 1
71, 103, 1
71, 110, 1
71, 102, 1
71, 131, 1
71, 105, 1
107, 71, 1
107, 108, 1
107, 106, 1
107, 103, 1
107, 110, 1
107, 102, 1
107, 131, 1
107, 105, 1
108, 71, 1
108, 107, 1
108, 106, 1
108, 103, 1
108, 110, 1
108, 102, 1
108, 131, 1
108, 105, 1
106, 71, 1
106, 107, 1
106, 108, 1
106, 103, 1
106, 110, 1
106, 102, 1
106, 131, 1
106, 105, 1
103, 71, 1
103, 107, 1
103, 108, 1
103, 106, 1
103, 110, 1
103, 102, 1
103, 131, 1
103, 105, 1
110, 71, 1
110, 107, 1
110, 108, 1
110, 106, 1
110, 103, 1
110, 102, 1
110, 131, 1
110, 105, 1
102, 71, 1
102, 107, 1
102, 108, 1
102, 106, 1
102, 103, 1
102, 110, 1
102, 131, 1
102, 105, 1
131, 71, 1
131, 107, 1
131, 108, 1
131, 106, 1
131, 103, 1
131, 110, 1
131, 102, 1
131, 105, 1
105, 71, 1
105, 107, 1
105, 108, 1
105, 106, 1
105, 103, 1
105, 110, 1
105, 102, 1
105, 131, 1
171, 163, 1
171, 166, 1
171, 168, 1
171, 174, 1
163, 171, 1
163, 166, 1
163, 168, 1
163, 174, 1
166, 171, 1
166, 163, 1
166, 168, 1
166, 174, 1
168, 171, 1
168, 163, 1
168, 166, 1
168, 174, 1
174, 171, 1
174, 163, 1
174, 166, 1
174, 168, 1
184, 180, 1
180, 184, 1
201, 207, 1
201, 189, 1
201, 185, 1
201, 209, 1
201, 188, 1
207, 201, 1
207, 189, 1
207, 185, 1
207, 209, 1
207, 188, 1
189, 201, 1
189, 207, 1
189, 185, 1
189, 209, 1
189, 188, 1
185, 201, 1
185, 207, 1
185, 189, 1
185, 209, 1
185, 188, 1
209, 201, 1
209, 207, 1
209, 189, 1
209, 185, 1
209, 188, 1
188, 201, 1
188, 207, 1
188, 189, 1
188, 185, 1
188, 209, 1
71, 171, -1
71, 163, -1
71, 166, -1
71, 168, -1
71, 174, -1
107, 171, -1
107, 163, -1
107, 166, -1
107, 168, -1
107, 174, -1
108, 171, -1
108, 163, -1
108, 166, -1
108, 168, -1
108, 174, -1
106, 171, -1
106, 163, -1
106, 166, -1
106, 168, -1
106, 174, -1
103, 171, -1
103, 163, -1
103, 166, -1
103, 168, -1
103, 174, -1
110, 171, -1
110, 163, -1
110, 166, -1
110, 168, -1
110, 174, -1
102, 171, -1
102, 163, -1
102, 166, -1
102, 168, -1
102, 174, -1
131, 171, -1
131, 163, -1
131, 166, -1
131, 168, -1
131, 174, -1
105, 171, -1
105, 163, -1
105, 166, -1
105, 168, -1
105, 174, -1
71, 184, -1
71, 180, -1
107, 184, -1
107, 180, -1
108, 184, -1
108, 180, -1
106, 184, -1
106, 180, -1
103, 184, -1
103, 180, -1
110, 184, -1
110, 180, -1
102, 184, -1
102, 180, -1
131, 184, -1
131, 180, -1
105, 184, -1
105, 180, -1
71, 201, -1
71, 207, -1
71, 189, -1
71, 185, -1
71, 209, -1
71, 188, -1
107, 201, -1
107, 207, -1
107, 189, -1
107, 185, -1
107, 209, -1
107, 188, -1
108, 201, -1
108, 207, -1
108, 189, -1
108, 185, -1
108, 209, -1
108, 188, -1
106, 201, -1
106, 207, -1
106, 189, -1
106, 185, -1
106, 209, -1
106, 188, -1
103, 201, -1
103, 207, -1
103, 189, -1
103, 185, -1
103, 209, -1
103, 188, -1
110, 201, -1
110, 207, -1
110, 189, -1
110, 185, -1
110, 209, -1
110, 188, -1
102, 201, -1
102, 207, -1
102, 189, -1
102, 185, -1
102, 209, -1
102, 188, -1
131, 201, -1
131, 207, -1
131, 189, -1
131, 185, -1
131, 209, -1
131, 188, -1
105, 201, -1
105, 207, -1
105, 189, -1
105, 185, -1
105, 209, -1
105, 188, -1
171, 71, -1
171, 107, -1
171, 108, -1
171, 106, -1
171, 103, -1
171, 110, -1
171, 102, -1
171, 131, -1
171, 105, -1
163, 71, -1
163, 107, -1
163, 108, -1
163, 106, -1
163, 103, -1
163, 110, -1
163, 102, -1
163, 131, -1
163, 105, -1
166, 71, -1
166, 107, -1
166, 108, -1
166, 106, -1
166, 103, -1
166, 110, -1
166, 102, -1
166, 131, -1
166, 105, -1
168, 71, -1
168, 107, -1
168, 108, -1
168, 106, -1
168, 103, -1
168, 110, -1
168, 102, -1
168, 131, -1
168, 105, -1
174, 71, -1
174, 107, -1
174, 108, -1
174, 106, -1
174, 103, -1
174, 110, -1
174, 102, -1
174, 131, -1
174, 105, -1
171, 184, -1
171, 180, -1
163, 184, -1
163, 180, -1
166, 184, -1
166, 180, -1
168, 184, -1
168, 180, -1
174, 184, -1
174, 180, -1
171, 201, -1
171, 207, -1
171, 189, -1
171, 185, -1
171, 209, -1
171, 188, -1
163, 201, -1
163, 207, -1
163, 189, -1
163, 185, -1
163, 209, -1
163, 188, -1
166, 201, -1
166, 207, -1
166, 189, -1
166, 185, -1
166, 209, -1
166, 188, -1
168, 201, -1
168, 207, -1
168, 189, -1
168, 185, -1
168, 209, -1
168, 188, -1
174, 201, -1
174, 207, -1
174, 189, -1
174, 185, -1
174, 209, -1
174, 188, -1
184, 71, -1
184, 107, -1
184, 108, -1
184, 106, -1
184, 103, -1
184, 110, -1
184, 102, -1
184, 131, -1
184, 105, -1
180, 71, -1
180, 107, -1
180, 108, -1
180, 106, -1
180, 103, -1
180, 110, -1
180, 102, -1
180, 131, -1
180, 105, -1
184, 171, -1
184, 163, -1
184, 166, -1
184, 168, -1
184, 174, -1
180, 171, -1
180, 163, -1
180, 166, -1
180, 168, -1
180, 174, -1
184, 201, -1
184, 207, -1
184, 189, -1
184, 185, -1
184, 209, -1
184, 188, -1
180, 201, -1
180, 207, -1
180, 189, -1
180, 185, -1
180, 209, -1
180, 188, -1
201, 71, -1
201, 107, -1
201, 108, -1
201, 106, -1
201, 103, -1
201, 110, -1
201, 102, -1
201, 131, -1
201, 105, -1
207, 71, -1
207, 107, -1
207, 108, -1
207, 106, -1
207, 103, -1
207, 110, -1
207, 102, -1
207, 131, -1
207, 105, -1
189, 71, -1
189, 107, -1
189, 108, -1
189, 106, -1
189, 103, -1
189, 110, -1
189, 102, -1
189, 131, -1
189, 105, -1
185, 71, -1
185, 107, -1
185, 108, -1
185, 106, -1
185, 103, -1
185, 110, -1
185, 102, -1
185, 131, -1
185, 105, -1
209, 71, -1
209, 107, -1
209, 108, -1
209, 106, -1
209, 103, -1
209, 110, -1
209, 102, -1
209, 131, -1
209, 105, -1
188, 71, -1
188, 107, -1
188, 108, -1
188, 106, -1
188, 103, -1
188, 110, -1
188, 102, -1
188, 131, -1
188, 105, -1
201, 171, -1
201, 163, -1
201, 166, -1
201, 168, -1
201, 174, -1
207, 171, -1
207, 163, -1
207, 166, -1
207, 168, -1
207, 174, -1
189, 171, -1
189, 163, -1
189, 166, -1
189, 168, -1
189, 174, -1
185, 171, -1
185, 163, -1
185, 166, -1
185, 168, -1
185, 174, -1
209, 171, -1
209, 163, -1
209, 166, -1
209, 168, -1
209, 174, -1
188, 171, -1
188, 163, -1
188, 166, -1
188, 168, -1
188, 174, -1
201, 184, -1
201, 180, -1
207, 184, -1
207, 180, -1
189, 184, -1
189, 180, -1
185, 184, -1
185, 180, -1
209, 184, -1
209, 180, -1
188, 184, -1
188, 180, -1

71, 107, 1
71, 108, 1
71, 106, 1
71, 103, 1
71, 110, 1
71, 102, 1
71, 131, 1
71, 105, 1
71, 109, 1
71, 84, 1
71, 89, 1
107, 71, 1
107, 108, 1
107, 106, 1
107, 103, 1
107, 110, 1
107, 102, 1
107, 131, 1
107, 105, 1
107, 109, 1
107, 84, 1
107, 89, 1
108, 71, 1
108, 107, 1
108, 106, 1
108, 103, 1
108, 110, 1
108, 102, 1
108, 131, 1
108, 105, 1
108, 109, 1
108, 84, 1
108, 89, 1
106, 71, 1
106, 107, 1
106, 108, 1
106, 103, 1
106, 110, 1
106, 102, 1
106, 131, 1
106, 105, 1
106, 109, 1
106, 84, 1
106, 89, 1
103, 71, 1
103, 107, 1
103, 108, 1
103, 106, 1
103, 110, 1
103, 102, 1
103, 131, 1
103, 105, 1
103, 109, 1
103, 84, 1
103, 89, 1
110, 71, 1
110, 107, 1
110, 108, 1
110, 106, 1
110, 103, 1
110, 102, 1
110, 131, 1
110, 105, 1
110, 109, 1
110, 84, 1
110, 89, 1
102, 71, 1
102, 107, 1
102, 108, 1
102, 106, 1
102, 103, 1
102, 110, 1
102, 131, 1
102, 105, 1
102, 109, 1
102, 84, 1
102, 89, 1
131, 71, 1
131, 107, 1
131, 108, 1
131, 106, 1
131, 103, 1
131, 110, 1
131, 102, 1
131, 105, 1
131, 109, 1
131, 84, 1
131, 89, 1
105, 71, 1
105, 107, 1
105, 108, 1
105, 106, 1
105, 103, 1
105, 110, 1
105, 102, 1
105, 131, 1
105, 109, 1
105, 84, 1
105, 89, 1
109, 71, 1
109, 107, 1
109, 108, 1
109, 106, 1
109, 103, 1
109, 110, 1
109, 102, 1
109, 131, 1
109, 105, 1
109, 84, 1
109, 89, 1
84, 71, 1
84, 107, 1
84, 108, 1
84, 106, 1
84, 103, 1
84, 110, 1
84, 102, 1
84, 131, 1
84, 105, 1
84, 109, 1
84, 89, 1
89, 71, 1
89, 107, 1
89, 108, 1
89, 106, 1
89, 103, 1
89, 110, 1
89, 102, 1
89, 131, 1
89, 105, 1
89, 109, 1
89, 84, 1
171, 163, 1
171, 166, 1
171, 168, 1
171, 174, 1
163, 171, 1
163, 166, 1
163, 168, 1
163, 174, 1
166, 171, 1
166, 163, 1
166, 168, 1
166, 174, 1
168, 171, 1
168, 163, 1
168, 166, 1
168, 174, 1
174, 171, 1
174, 163, 1
174, 166, 1
174, 168, 1
184, 180, 1
184, 178, 1
180, 184, 1
180, 178, 1
178, 184, 1
178, 180, 1
201, 207, 1
201, 189, 1
201, 185, 1
201, 209, 1
201, 188, 1
207, 201, 1
207, 189, 1
207, 185, 1
207, 209, 1
207, 188, 1
189, 201, 1
189, 207, 1
189, 185, 1
189, 209, 1
189, 188, 1
185, 201, 1
185, 207, 1
185, 189, 1
185, 209, 1
185, 188, 1
209, 201, 1
209, 207, 1
209, 189, 1
209, 185, 1
209, 188, 1
188, 201, 1
188, 207, 1
188, 189, 1
188, 185, 1
188, 209, 1
71, 171, -1
71, 163, -1
71, 166, -1
71, 168, -1
71, 174, -1
107, 171, -1
107, 163, -1
107, 166, -1
107, 168, -1
107, 174, -1
108, 171, -1
108, 163, -1
108, 166, -1
108, 168, -1
108, 174, -1
106, 171, -1
106, 163, -1
106, 166, -1
106, 168, -1
106, 174, -1
103, 171, -1
103, 163, -1
103, 166, -1
103, 168, -1
103, 174, -1
110, 171, -1
110, 163, -1
110, 166, -1
110, 168, -1
110, 174, -1
102, 171, -1
102, 163, -1
102, 166, -1
102, 168, -1
102, 174, -1
131, 171, -1
131, 163, -1
131, 166, -1
131, 168, -1
131, 174, -1
105, 171, -1
105, 163, -1
105, 166, -1
105, 168, -1
105, 174, -1
109, 171, -1
109, 163, -1
109, 166, -1
109, 168, -1
109, 174, -1
84, 171, -1
84, 163, -1
84, 166, -1
84, 168, -1
84, 174, -1
89, 171, -1
89, 163, -1
89, 166, -1
89, 168, -1
89, 174, -1
71, 184, -1
71, 180, -1
71, 178, -1
107, 184, -1
107, 180, -1
107, 178, -1
108, 184, -1
108, 180, -1
108, 178, -1
106, 184, -1
106, 180, -1
106, 178, -1
103, 184, -1
103, 180, -1
103, 178, -1
110, 184, -1
110, 180, -1
110, 178, -1
102, 184, -1
102, 180, -1
102, 178, -1
131, 184, -1
131, 180, -1
131, 178, -1
105, 184, -1
105, 180, -1
105, 178, -1
109, 184, -1
109, 180, -1
109, 178, -1
84, 184, -1
84, 180, -1
84, 178, -1
89, 184, -1
89, 180, -1
89, 178, -1
71, 201, -1
71, 207, -1
71, 189, -1
71, 185, -1
71, 209, -1
71, 188, -1
107, 201, -1
107, 207, -1
107, 189, -1
107, 185, -1
107, 209, -1
107, 188, -1
108, 201, -1
108, 207, -1
108, 189, -1
108, 185, -1
108, 209, -1
108, 188, -1
106, 201, -1
106, 207, -1
106, 189, -1
106, 185, -1
106, 209, -1
106, 188, -1
103, 201, -1
103, 207, -1
103, 189, -1
103, 185, -1
103, 209, -1
103, 188, -1
110, 201, -1
110, 207, -1
110, 189, -1
110, 185, -1
110, 209, -1
110, 188, -1
102, 201, -1
102, 207, -1
102, 189, -1
102, 185, -1
102, 209, -1
102, 188, -1
131, 201, -1
131, 207, -1
131, 189, -1
131, 185, -1
131, 209, -1
131, 188, -1
105, 201, -1
105, 207, -1
105, 189, -1
105, 185, -1
105, 209, -1
105, 188, -1
109, 201, -1
109, 207, -1
109, 189, -1
109, 185, -1
109, 209, -1
109, 188, -1
84, 201, -1
84, 207, -1
84, 189, -1
84, 185, -1
84, 209, -1
84, 188, -1
89, 201, -1
89, 207, -1
89, 189, -1
89, 185, -1
89, 209, -1
89, 188, -1
71, 69, -1
107, 69, -1
108, 69, -1
106, 69, -1
103, 69, -1
110, 69, -1
102, 69, -1
131, 69, -1
105, 69, -1
109, 69, -1
84, 69, -1
89, 69, -1
171, 71, -1
171, 107, -1
171, 108, -1
171, 106, -1
171, 103, -1
171, 110, -1
171, 102, -1
171, 131, -1
171, 105, -1
171, 109, -1
171, 84, -1
171, 89, -1
163, 71, -1
163, 107, -1
163, 108, -1
163, 106, -1
163, 103, -1
163, 110, -1
163, 102, -1
163, 131, -1
163, 105, -1
163, 109, -1
163, 84, -1
163, 89, -1
166, 71, -1
166, 107, -1
166, 108, -1
166, 106, -1
166, 103, -1
166, 110, -1
166, 102, -1
166, 131, -1
166, 105, -1
166, 109, -1
166, 84, -1
166, 89, -1
168, 71, -1
168, 107, -1
168, 108, -1
168, 106, -1
168, 103, -1
168, 110, -1
168, 102, -1
168, 131, -1
168, 105, -1
168, 109, -1
168, 84, -1
168, 89, -1
174, 71, -1
174, 107, -1
174, 108, -1
174, 106, -1
174, 103, -1
174, 110, -1
174, 102, -1
174, 131, -1
174, 105, -1
174, 109, -1
174, 84, -1
174, 89, -1
171, 184, -1
171, 180, -1
171, 178, -1
163, 184, -1
163, 180, -1
163, 178, -1
166, 184, -1
166, 180, -1
166, 178, -1
168, 184, -1
168, 180, -1
168, 178, -1
174, 184, -1
174, 180, -1
174, 178, -1
171, 201, -1
171, 207, -1
171, 189, -1
171, 185, -1
171, 209, -1
171, 188, -1
163, 201, -1
163, 207, -1
163, 189, -1
163, 185, -1
163, 209, -1
163, 188, -1
166, 201, -1
166, 207, -1
166, 189, -1
166, 185, -1
166, 209, -1
166, 188, -1
168, 201, -1
168, 207, -1
168, 189, -1
168, 185, -1
168, 209, -1
168, 188, -1
174, 201, -1
174, 207, -1
174, 189, -1
174, 185, -1
174, 209, -1
174, 188, -1
171, 69, -1
163, 69, -1
166, 69, -1
168, 69, -1
174, 69, -1
184, 71, -1
184, 107, -1
184, 108, -1
184, 106, -1
184, 103, -1
184, 110, -1
184, 102, -1
184, 131, -1
184, 105, -1
184, 109, -1
184, 84, -1
184, 89, -1
180, 71, -1
180, 107, -1
180, 108, -1
180, 106, -1
180, 103, -1
180, 110, -1
180, 102, -1
180, 131, -1
180, 105, -1
180, 109, -1
180, 84, -1
180, 89, -1
178, 71, -1
178, 107, -1
178, 108, -1
178, 106, -1
178, 103, -1
178, 110, -1
178, 102, -1
178, 131, -1
178, 105, -1
178, 109, -1
178, 84, -1
178, 89, -1
184, 171, -1
184, 163, -1
184, 166, -1
184, 168, -1
184, 174, -1
180, 171, -1
180, 163, -1
180, 166, -1
180, 168, -1
180, 174, -1
178, 171, -1
178, 163, -1
178, 166, -1
178, 168, -1
178, 174, -1
184, 201, -1
184, 207, -1
184, 189, -1
184, 185, -1
184, 209, -1
184, 188, -1
180, 201, -1
180, 207, -1
180, 189, -1
180, 185, -1
180, 209, -1
180, 188, -1
178, 201, -1
178, 207, -1
178, 189, -1
178, 185, -1
178, 209, -1
178, 188, -1
184, 69, -1
180, 69, -1
178, 69, -1
201, 71, -1
201, 107, -1
201, 108, -1
201, 106, -1
201, 103, -1
201, 110, -1
201, 102, -1
201, 131, -1
201, 105, -1
201, 109, -1
201, 84, -1
201, 89, -1
207, 71, -1
207, 107, -1
207, 108, -1
207, 106, -1
207, 103, -1
207, 110, -1
207, 102, -1
207, 131, -1
207, 105, -1
207, 109, -1
207, 84, -1
207, 89, -1
189, 71, -1
189, 107, -1
189, 108, -1
189, 106, -1
189, 103, -1
189, 110, -1
189, 102, -1
189, 131, -1
189, 105, -1
189, 109, -1
189, 84, -1
189, 89, -1
185, 71, -1
185, 107, -1
185, 108, -1
185, 106, -1
185, 103, -1
185, 110, -1
185, 102, -1
185, 131, -1
185, 105, -1
185, 109, -1
185, 84, -1
185, 89, -1
209, 71, -1
209, 107, -1
209, 108, -1
209, 106, -1
209, 103, -1
209, 110, -1
209, 102, -1
209, 131, -1
209, 105, -1
209, 109, -1
209, 84, -1
209, 89, -1
188, 71, -1
188, 107, -1
188, 108, -1
188, 106, -1
188, 103, -1
188, 110, -1
188, 102, -1
188, 131, -1
188, 105, -1
188, 109, -1
188, 84, -1
188, 89, -1
201, 171, -1
201, 163, -1
201, 166, -1
201, 168, -1
201, 174, -1
207, 171, -1
207, 163, -1
207, 166, -1
207, 168, -1
207, 174, -1
189, 171, -1
189, 163, -1
189, 166, -1
189, 168, -1
189, 174, -1
185, 171, -1
185, 163, -1
185, 166, -1
185, 168, -1
185, 174, -1
209, 171, -1
209, 163, -1
209, 166, -1
209, 168, -1
209, 174, -1
188, 171, -1
188, 163, -1
188, 166, -1
188, 168, -1
188, 174, -1
201, 184, -1
201, 180, -1
201, 178, -1
207, 184, -1
207, 180, -1
207, 178, -1
189, 184, -1
189, 180, -1
189, 178, -1
185, 184, -1
185, 180, -1
185, 178, -1
209, 184, -1
209, 180, -1
209, 178, -1
188, 184, -1
188, 180, -1
188, 178, -1
201, 69, -1
207, 69, -1
189, 69, -1
185, 69, -1
209, 69, -1
188, 69, -1
69, 71, -1
69, 107, -1
69, 108, -1
69, 106, -1
69, 103, -1
69, 110, -1
69, 102, -1
69, 131, -1
69, 105, -1
69, 109, -1
69, 84, -1
69, 89, -1
69, 171, -1
69, 163, -1
69, 166, -1
69, 168, -1
69, 174, -1
69, 184, -1
69, 180, -1
69, 178, -1
69, 201, -1
69, 207, -1
69, 189, -1
69, 185, -1
69, 209, -1
69, 188, -1

71, 107, 1
71, 108, 1
71, 106, 1
71, 103, 1
71, 110, 1
71, 102, 1
71, 131, 1
71, 105, 1
71, 109, 1
71, 84, 1
71, 89, 1
71, 112, 1
107, 71, 1
107, 108, 1
107, 106, 1
107, 103, 1
107, 110, 1
107, 102, 1
107, 131, 1
107, 105, 1
107, 109, 1
107, 84, 1
107, 89, 1
107, 112, 1
108, 71, 1
108, 107, 1
108, 106, 1
108, 103, 1
108, 110, 1
108, 102, 1
108, 131, 1
108, 105, 1
108, 109, 1
108, 84, 1
108, 89, 1
108, 112, 1
106, 71, 1
106, 107, 1
106, 108, 1
106, 103, 1
106, 110, 1
106, 102, 1
106, 131, 1
106, 105, 1
106, 109, 1
106, 84, 1
106, 89, 1
106, 112, 1
103, 71, 1
103, 107, 1
103, 108, 1
103, 106, 1
103, 110, 1
103, 102, 1
103, 131, 1
103, 105, 1
103, 109, 1
103, 84, 1
103, 89, 1
103, 112, 1
110, 71, 1
110, 107, 1
110, 108, 1
110, 106, 1
110, 103, 1
110, 102, 1
110, 131, 1
110, 105, 1
110, 109, 1
110, 84, 1
110, 89, 1
110, 112, 1
102, 71, 1
102, 107, 1
102, 108, 1
102, 106, 1
102, 103, 1
102, 110, 1
102, 131, 1
102, 105, 1
102, 109, 1
102, 84, 1
102, 89, 1
102, 112, 1
131, 71, 1
131, 107, 1
131, 108, 1
131, 106, 1
131, 103, 1
131, 110, 1
131, 102, 1
131, 105, 1
131, 109, 1
131, 84, 1
131, 89, 1
131, 112, 1
105, 71, 1
105, 107, 1
105, 108, 1
105, 106, 1
105, 103, 1
105, 110, 1
105, 102, 1
105, 131, 1
105, 109, 1
105, 84, 1
105, 89, 1
105, 112, 1
109, 71, 1
109, 107, 1
109, 108, 1
109, 106, 1
109, 103, 1
109, 110, 1
109, 102, 1
109, 131, 1
109, 105, 1
109, 84, 1
109, 89, 1
109, 112, 1
84, 71, 1
84, 107, 1
84, 108, 1
84, 106, 1
84, 103, 1
84, 110, 1
84, 102, 1
84, 131, 1
84, 105, 1
84, 109, 1
84, 89, 1
84, 112, 1
89, 71, 1
89, 107, 1
89, 108, 1
89, 106, 1
89, 103, 1
89, 110, 1
89, 102, 1
89, 131, 1
89, 105, 1
89, 109, 1
89, 84, 1
89, 112, 1
112, 71, 1
112, 107, 1
112, 108, 1
112, 106, 1
112, 103, 1
112, 110, 1
112, 102, 1
112, 131, 1
112, 105, 1
112, 109, 1
112, 84, 1
112, 89, 1
171, 163, 1
171, 166, 1
171, 168, 1
171, 174, 1
163, 171, 1
163, 166, 1
163, 168, 1
163, 174, 1
166, 171, 1
166, 163, 1
166, 168, 1
166, 174, 1
168, 171, 1
168, 163, 1
168, 166, 1
168, 174, 1
174, 171, 1
174, 163, 1
174, 166, 1
174, 168, 1
184, 180, 1
184, 178, 1
180, 184, 1
180, 178, 1
178, 184, 1
178, 180, 1
201, 207, 1
201, 189, 1
201, 185, 1
201, 209, 1
201, 188, 1
201, 186, 1
201, 200, 1
207, 201, 1
207, 189, 1
207, 185, 1
207, 209, 1
207, 188, 1
207, 186, 1
207, 200, 1
189, 201, 1
189, 207, 1
189, 185, 1
189, 209, 1
189, 188, 1
189, 186, 1
189, 200, 1
185, 201, 1
185, 207, 1
185, 189, 1
185, 209, 1
185, 188, 1
185, 186, 1
185, 200, 1
209, 201, 1
209, 207, 1
209, 189, 1
209, 185, 1
209, 188, 1
209, 186, 1
209, 200, 1
188, 201, 1
188, 207, 1
188, 189, 1
188, 185, 1
188, 209, 1
188, 186, 1
188, 200, 1
186, 201, 1
186, 207, 1
186, 189, 1
186, 185, 1
186, 209, 1
186, 188, 1
186, 200, 1
200, 201, 1
200, 207, 1
200, 189, 1
200, 185, 1
200, 209, 1
200, 188, 1
200, 186, 1
71, 171, -1
71, 163, -1
71, 166, -1
71, 168, -1
71, 174, -1
107, 171, -1
107, 163, -1
107, 166, -1
107, 168, -1
107, 174, -1
108, 171, -1
108, 163, -1
108, 166, -1
108, 168, -1
108, 174, -1
106, 171, -1
106, 163, -1
106, 166, -1
106, 168, -1
106, 174, -1
103, 171, -1
103, 163, -1
103, 166, -1
103, 168, -1
103, 174, -1
110, 171, -1
110, 163, -1
110, 166, -1
110, 168, -1
110, 174, -1
102, 171, -1
102, 163, -1
102, 166, -1
102, 168, -1
102, 174, -1
131, 171, -1
131, 163, -1
131, 166, -1
131, 168, -1
131, 174, -1
105, 171, -1
105, 163, -1
105, 166, -1
105, 168, -1
105, 174, -1
109, 171, -1
109, 163, -1
109, 166, -1
109, 168, -1
109, 174, -1
84, 171, -1
84, 163, -1
84, 166, -1
84, 168, -1
84, 174, -1
89, 171, -1
89, 163, -1
89, 166, -1
89, 168, -1
89, 174, -1
112, 171, -1
112, 163, -1
112, 166, -1
112, 168, -1
112, 174, -1
71, 184, -1
71, 180, -1
71, 178, -1
107, 184, -1
107, 180, -1
107, 178, -1
108, 184, -1
108, 180, -1
108, 178, -1
106, 184, -1
106, 180, -1
106, 178, -1
103, 184, -1
103, 180, -1
103, 178, -1
110, 184, -1
110, 180, -1
110, 178, -1
102, 184, -1
102, 180, -1
102, 178, -1
131, 184, -1
131, 180, -1
131, 178, -1
105, 184, -1
105, 180, -1
105, 178, -1
109, 184, -1
109, 180, -1
109, 178, -1
84, 184, -1
84, 180, -1
84, 178, -1
89, 184, -1
89, 180, -1
89, 178, -1
112, 184, -1
112, 180, -1
112, 178, -1
71, 201, -1
71, 207, -1
71, 189, -1
71, 185, -1
71, 209, -1
71, 188, -1
71, 186, -1
71, 200, -1
107, 201, -1
107, 207, -1
107, 189, -1
107, 185, -1
107, 209, -1
107, 188, -1
107, 186, -1
107, 200, -1
108, 201, -1
108, 207, -1
108, 189, -1
108, 185, -1
108, 209, -1
108, 188, -1
108, 186, -1
108, 200, -1
106, 201, -1
106, 207, -1
106, 189, -1
106, 185, -1
106, 209, -1
106, 188, -1
106, 186, -1
106, 200, -1
103, 201, -1
103, 207, -1
103, 189, -1
103, 185, -1
103, 209, -1
103, 188, -1
103, 186, -1
103, 200, -1
110, 201, -1
110, 207, -1
110, 189, -1
110, 185, -1
110, 209, -1
110, 188, -1
110, 186, -1
110, 200, -1
102, 201, -1
102, 207, -1
102, 189, -1
102, 185, -1
102, 209, -1
102, 188, -1
102, 186, -1
102, 200, -1
131, 201, -1
131, 207, -1
131, 189, -1
131, 185, -1
131, 209, -1
131, 188, -1
131, 186, -1
131, 200, -1
105, 201, -1
105, 207, -1
105, 189, -1
105, 185, -1
105, 209, -1
105, 188, -1
105, 186, -1
105, 200, -1
109, 201, -1
109, 207, -1
109, 189, -1
109, 185, -1
109, 209, -1
109, 188, -1
109, 186, -1
109, 200, -1
84, 201, -1
84, 207, -1
84, 189, -1
84, 185, -1
84, 209, -1
84, 188, -1
84, 186, -1
84, 200, -1
89, 201, -1
89, 207, -1
89, 189, -1
89, 185, -1
89, 209, -1
89, 188, -1
89, 186, -1
89, 200, -1
112, 201, -1
112, 207, -1
112, 189, -1
112, 185, -1
112, 209, -1
112, 188, -1
112, 186, -1
112, 200, -1
71, 69, -1
107, 69, -1
108, 69, -1
106, 69, -1
103, 69, -1
110, 69, -1
102, 69, -1
131, 69, -1
105, 69, -1
109, 69, -1
84, 69, -1
89, 69, -1
112, 69, -1
171, 71, -1
171, 107, -1
171, 108, -1
171, 106, -1
171, 103, -1
171, 110, -1
171, 102, -1
171, 131, -1
171, 105, -1
171, 109, -1
171, 84, -1
171, 89, -1
171, 112, -1
163, 71, -1
163, 107, -1
163, 108, -1
163, 106, -1
163, 103, -1
163, 110, -1
163, 102, -1
163, 131, -1
163, 105, -1
163, 109, -1
163, 84, -1
163, 89, -1
163, 112, -1
166, 71, -1
166, 107, -1
166, 108, -1
166, 106, -1
166, 103, -1
166, 110, -1
166, 102, -1
166, 131, -1
166, 105, -1
166, 109, -1
166, 84, -1
166, 89, -1
166, 112, -1
168, 71, -1
168, 107, -1
168, 108, -1
168, 106, -1
168, 103, -1
168, 110, -1
168, 102, -1
168, 131, -1
168, 105, -1
168, 109, -1
168, 84, -1
168, 89, -1
168, 112, -1
174, 71, -1
174, 107, -1
174, 108, -1
174, 106, -1
174, 103, -1
174, 110, -1
174, 102, -1
174, 131, -1
174, 105, -1
174, 109, -1
174, 84, -1
174, 89, -1
174, 112, -1
171, 184, -1
171, 180, -1
171, 178, -1
163, 184, -1
163, 180, -1
163, 178, -1
166, 184, -1
166, 180, -1
166, 178, -1
168, 184, -1
168, 180, -1
168, 178, -1
174, 184, -1
174, 180, -1
174, 178, -1
171, 201, -1
171, 207, -1
171, 189, -1
171, 185, -1
171, 209, -1
171, 188, -1
171, 186, -1
171, 200, -1
163, 201, -1
163, 207, -1
163, 189, -1
163, 185, -1
163, 209, -1
163, 188, -1
163, 186, -1
163, 200, -1
166, 201, -1
166, 207, -1
166, 189, -1
166, 185, -1
166, 209, -1
166, 188, -1
166, 186, -1
166, 200, -1
168, 201, -1
168, 207, -1
168, 189, -1
168, 185, -1
168, 209, -1
168, 188, -1
168, 186, -1
168, 200, -1
174, 201, -1
174, 207, -1
174, 189, -1
174, 185, -1
174, 209, -1
174, 188, -1
174, 186, -1
174, 200, -1
171, 69, -1
163, 69, -1
166, 69, -1
168, 69, -1
174, 69, -1
184, 71, -1
184, 107, -1
184, 108, -1
184, 106, -1
184, 103, -1
184, 110, -1
184, 102, -1
184, 131, -1
184, 105, -1
184, 109, -1
184, 84, -1
184, 89, -1
184, 112, -1
180, 71, -1
180, 107, -1
180, 108, -1
180, 106, -1
180, 103, -1
180, 110, -1
180, 102, -1
180, 131, -1
180, 105, -1
180, 109, -1
180, 84, -1
180, 89, -1
180, 112, -1
178, 71, -1
178, 107, -1
178, 108, -1
178, 106, -1
178, 103, -1
178, 110, -1
178, 102, -1
178, 131, -1
178, 105, -1
178, 109, -1
178, 84, -1
178, 89, -1
178, 112, -1
184, 171, -1
184, 163, -1
184, 166, -1
184, 168, -1
184, 174, -1
180, 171, -1
180, 163, -1
180, 166, -1
180, 168, -1
180, 174, -1
178, 171, -1
178, 163, -1
178, 166, -1
178, 168, -1
178, 174, -1
184, 201, -1
184, 207, -1
184, 189, -1
184, 185, -1
184, 209, -1
184, 188, -1
184, 186, -1
184, 200, -1
180, 201, -1
180, 207, -1
180, 189, -1
180, 185, -1
180, 209, -1
180, 188, -1
180, 186, -1
180, 200, -1
178, 201, -1
178, 207, -1
178, 189, -1
178, 185, -1
178, 209, -1
178, 188, -1
178, 186, -1
178, 200, -1
184, 69, -1
180, 69, -1
178, 69, -1
201, 71, -1
201, 107, -1
201, 108, -1
201, 106, -1
201, 103, -1
201, 110, -1
201, 102, -1
201, 131, -1
201, 105, -1
201, 109, -1
201, 84, -1
201, 89, -1
201, 112, -1
207, 71, -1
207, 107, -1
207, 108, -1
207, 106, -1
207, 103, -1
207, 110, -1
207, 102, -1
207, 131, -1
207, 105, -1
207, 109, -1
207, 84, -1
207, 89, -1
207, 112, -1
189, 71, -1
189, 107, -1
189, 108, -1
189, 106, -1
189, 103, -1
189, 110, -1
189, 102, -1
189, 131, -1
189, 105, -1
189, 109, -1
189, 84, -1
189, 89, -1
189, 112, -1
185, 71, -1
185, 107, -1
185, 108, -1
185, 106, -1
185, 103, -1
185, 110, -1
185, 102, -1
185, 131, -1
185, 105, -1
185, 109, -1
185, 84, -1
185, 89, -1
185, 112, -1
209, 71, -1
209, 107, -1
209, 108, -1
209, 106, -1
209, 103, -1
209, 110, -1
209, 102, -1
209, 131, -1
209, 105, -1
209, 109, -1
209, 84, -1
209, 89, -1
209, 112, -1
188, 71, -1
188, 107, -1
188, 108, -1
188, 106, -1
188, 103, -1
188, 110, -1
188, 102, -1
188, 131, -1
188, 105, -1
188, 109, -1
188, 84, -1
188, 89, -1
188, 112, -1
186, 71, -1
186, 107, -1
186, 108, -1
186, 106, -1
186, 103, -1
186, 110, -1
186, 102, -1
186, 131, -1
186, 105, -1
186, 109, -1
186, 84, -1
186, 89, -1
186, 112, -1
200, 71, -1
200, 107, -1
200, 108, -1
200, 106, -1
200, 103, -1
200, 110, -1
200, 102, -1
200, 131, -1
200, 105, -1
200, 109, -1
200, 84, -1
200, 89, -1
200, 112, -1
201, 171, -1
201, 163, -1
201, 166, -1
201, 168, -1
201, 174, -1
207, 171, -1
207, 163, -1
207, 166, -1
207, 168, -1
207, 174, -1
189, 171, -1
189, 163, -1
189, 166, -1
189, 168, -1
189, 174, -1
185, 171, -1
185, 163, -1
185, 166, -1
185, 168, -1
185, 174, -1
209, 171, -1
209, 163, -1
209, 166, -1
209, 168, -1
209, 174, -1
188, 171, -1
188, 163, -1
188, 166, -1
188, 168, -1
188, 174, -1
186, 171, -1
186, 163, -1
186, 166, -1
186, 168, -1
186, 174, -1
200, 171, -1
200, 163, -1
200, 166, -1
200, 168, -1
200, 174, -1
201, 184, -1
201, 180, -1
201, 178, -1
207, 184, -1
207, 180, -1
207, 178, -1
189, 184, -1
189, 180, -1
189, 178, -1
185, 184, -1
185, 180, -1
185, 178, -1
209, 184, -1
209, 180, -1
209, 178, -1
188, 184, -1
188, 180, -1
188, 178, -1
186, 184, -1
186, 180, -1
186, 178, -1
200, 184, -1
200, 180, -1
200, 178, -1
201, 69, -1
207, 69, -1
189, 69, -1
185, 69, -1
209, 69, -1
188, 69, -1
186, 69, -1
200, 69, -1
69, 71, -1
69, 107, -1
69, 108, -1
69, 106, -1
69, 103, -1
69, 110, -1
69, 102, -1
69, 131, -1
69, 105, -1
69, 109, -1
69, 84, -1
69, 89, -1
69, 112, -1
69, 171, -1
69, 163, -1
69, 166, -1
69, 168, -1
69, 174, -1
69, 184, -1
69, 180, -1
69, 178, -1
69, 201, -1
69, 207, -1
69, 189, -1
69, 185, -1
69, 209, -1
69, 188, -1
69, 186, -1
69, 200, -1

71, 107, 1
71, 108, 1
71, 106, 1
71, 103, 1
71, 110, 1
71, 102, 1
71, 131, 1
71, 105, 1
71, 109, 1
71, 84, 1
71, 89, 1
71, 112, 1
71, 129, 1
107, 71, 1
107, 108, 1
107, 106, 1
107, 103, 1
107, 110, 1
107, 102, 1
107, 131, 1
107, 105, 1
107, 109, 1
107, 84, 1
107, 89, 1
107, 112, 1
107, 129, 1
108, 71, 1
108, 107, 1
108, 106, 1
108, 103, 1
108, 110, 1
108, 102, 1
108, 131, 1
108, 105, 1
108, 109, 1
108, 84, 1
108, 89, 1
108, 112, 1
108, 129, 1
106, 71, 1
106, 107, 1
106, 108, 1
106, 103, 1
106, 110, 1
106, 102, 1
106, 131, 1
106, 105, 1
106, 109, 1
106, 84, 1
106, 89, 1
106, 112, 1
106, 129, 1
103, 71, 1
103, 107, 1
103, 108, 1
103, 106, 1
103, 110, 1
103, 102, 1
103, 131, 1
103, 105, 1
103, 109, 1
103, 84, 1
103, 89, 1
103, 112, 1
103, 129, 1
110, 71, 1
110, 107, 1
110, 108, 1
110, 106, 1
110, 103, 1
110, 102, 1
110, 131, 1
110, 105, 1
110, 109, 1
110, 84, 1
110, 89, 1
110, 112, 1
110, 129, 1
102, 71, 1
102, 107, 1
102, 108, 1
102, 106, 1
102, 103, 1
102, 110, 1
102, 131, 1
102, 105, 1
102, 109, 1
102, 84, 1
102, 89, 1
102, 112, 1
102, 129, 1
131, 71, 1
131, 107, 1
131, 108, 1
131, 106, 1
131, 103, 1
131, 110, 1
131, 102, 1
131, 105, 1
131, 109, 1
131, 84, 1
131, 89, 1
131, 112, 1
131, 129, 1
105, 71, 1
105, 107, 1
105, 108, 1
105, 106, 1
105, 103, 1
105, 110, 1
105, 102, 1
105, 131, 1
105, 109, 1
105, 84, 1
105, 89, 1
105, 112, 1
105, 129, 1
109, 71, 1
109, 107, 1
109, 108, 1
109, 106, 1
109, 103, 1
109, 110, 1
109, 102, 1
109, 131, 1
109, 105, 1
109, 84, 1
109, 89, 1
109, 112, 1
109, 129, 1
84, 71, 1
84, 107, 1
84, 108, 1
84, 106, 1
84, 103, 1
84, 110, 1
84, 102, 1
84, 131, 1
84, 105, 1
84, 109, 1
84, 89, 1
84, 112, 1
84, 129, 1
89, 71, 1
89, 107, 1
89, 108, 1
89, 106, 1
89, 103, 1
89, 110, 1
89, 102, 1
89, 131, 1
89, 105, 1
89, 109, 1
89, 84, 1
89, 112, 1
89, 129, 1
112, 71, 1
112, 107, 1
112, 108, 1
112, 106, 1
112, 103, 1
112, 110, 1
112, 102, 1
112, 131, 1
112, 105, 1
112, 109, 1
112, 84, 1
112, 89, 1
112, 129, 1
129, 71, 1
129, 107, 1
129, 108, 1
129, 106, 1
129, 103, 1
129, 110, 1
129, 102, 1
129, 131, 1
129, 105, 1
129, 109, 1
129, 84, 1
129, 89, 1
129, 112, 1
171, 163, 1
171, 166, 1
171, 168, 1
171, 174, 1
163, 171, 1
163, 166, 1
163, 168, 1
163, 174, 1
166, 171, 1
166, 163, 1
166, 168, 1
166, 174, 1
168, 171, 1
168, 163, 1
168, 166, 1
168, 174, 1
174, 171, 1
174, 163, 1
174, 166, 1
174, 168, 1
184, 180, 1
184, 178, 1
184, 181, 1
180, 184, 1
180, 178, 1
180, 181, 1
178, 184, 1
178, 180, 1
178, 181, 1
181, 184, 1
181, 180, 1
181, 178, 1
201, 207, 1
201, 189, 1
201, 185, 1
201, 209, 1
201, 188, 1
201, 186, 1
201, 200, 1
207, 201, 1
207, 189, 1
207, 185, 1
207, 209, 1
207, 188, 1
207, 186, 1
207, 200, 1
189, 201, 1
189, 207, 1
189, 185, 1
189, 209, 1
189, 188, 1
189, 186, 1
189, 200, 1
185, 201, 1
185, 207, 1
185, 189, 1
185, 209, 1
185, 188, 1
185, 186, 1
185, 200, 1
209, 201, 1
209, 207, 1
209, 189, 1
209, 185, 1
209, 188, 1
209, 186, 1
209, 200, 1
188, 201, 1
188, 207, 1
188, 189, 1
188, 185, 1
188, 209, 1
188, 186, 1
188, 200, 1
186, 201, 1
186, 207, 1
186, 189, 1
186, 185, 1
186, 209, 1
186, 188, 1
186, 200, 1
200, 201, 1
200, 207, 1
200, 189, 1
200, 185, 1
200, 209, 1
200, 188, 1
200, 186, 1
69, 21, 1
21, 69, 1
71, 171, -1
71, 163, -1
71, 166, -1
71, 168, -1
71, 174, -1
107, 171, -1
107, 163, -1
107, 166, -1
107, 168, -1
107, 174, -1
108, 171, -1
108, 163, -1
108, 166, -1
108, 168, -1
108, 174, -1
106, 171, -1
106, 163, -1
106, 166, -1
106, 168, -1
106, 174, -1
103, 171, -1
103, 163, -1
103, 166, -1
103, 168, -1
103, 174, -1
110, 171, -1
110, 163, -1
110, 166, -1
110, 168, -1
110, 174, -1
102, 171, -1
102, 163, -1
102, 166, -1
102, 168, -1
102, 174, -1
131, 171, -1
131, 163, -1
131, 166, -1
131, 168, -1
131, 174, -1
105, 171, -1
105, 163, -1
105, 166, -1
105, 168, -1
105, 174, -1
109, 171, -1
109, 163, -1
109, 166, -1
109, 168, -1
109, 174, -1
84, 171, -1
84, 163, -1
84, 166, -1
84, 168, -1
84, 174, -1
89, 171, -1
89, 163, -1
89, 166, -1
89, 168, -1
89, 174, -1
112, 171, -1
112, 163, -1
112, 166, -1
112, 168, -1
112, 174, -1
129, 171, -1
129, 163, -1
129, 166, -1
129, 168, -1
129, 174, -1
71, 184, -1
71, 180, -1
71, 178, -1
71, 181, -1
107, 184, -1
107, 180, -1
107, 178, -1
107, 181, -1
108, 184, -1
108, 180, -1
108, 178, -1
108, 181, -1
106, 184, -1
106, 180, -1
106, 178, -1
106, 181, -1
103, 184, -1
103, 180, -1
103, 178, -1
103, 181, -1
110, 184, -1
110, 180, -1
110, 178, -1
110, 181, -1
102, 184, -1
102, 180, -1
102, 178, -1
102, 181, -1
131, 184, -1
131, 180, -1
131, 178, -1
131, 181, -1
105, 184, -1
105, 180, -1
105, 178, -1
105, 181, -1
109, 184, -1
109, 180, -1
109, 178, -1
109, 181, -1
84, 184, -1
84, 180, -1
84, 178, -1
84, 181, -1
89, 184, -1
89, 180, -1
89, 178, -1
89, 181, -1
112, 184, -1
112, 180, -1
112, 178, -1
112, 181, -1
129, 184, -1
129, 180, -1
129, 178, -1
129, 181, -1
71, 201, -1
71, 207, -1
71, 189, -1
71, 185, -1
71, 209, -1
71, 188, -1
71, 186, -1
71, 200, -1
107, 201, -1
107, 207, -1
107, 189, -1
107, 185, -1
107, 209, -1
107, 188, -1
107, 186, -1
107, 200, -1
108, 201, -1
108, 207, -1
108, 189, -1
108, 185, -1
108, 209, -1
108, 188, -1
108, 186, -1
108, 200, -1
106, 201, -1
106, 207, -1
106, 189, -1
106, 185, -1
106, 209, -1
106, 188, -1
106, 186, -1
106, 200, -1
103, 201, -1
103, 207, -1
103, 189, -1
103, 185, -1
103, 209, -1
103, 188, -1
103, 186, -1
103, 200, -1
110, 201, -1
110, 207, -1
110, 189, -1
110, 185, -1
110, 209, -1
110, 188, -1
110, 186, -1
110, 200, -1
102, 201, -1
102, 207, -1
102, 189, -1
102, 185, -1
102, 209, -1
102, 188, -1
102, 186, -1
102, 200, -1
131, 201, -1
131, 207, -1
131, 189, -1
131, 185, -1
131, 209, -1
131, 188, -1
131, 186, -1
131, 200, -1
105, 201, -1
105, 207, -1
105, 189, -1
105, 185, -1
105, 209, -1
105, 188, -1
105, 186, -1
105, 200, -1
109, 201, -1
109, 207, -1
109, 189, -1
109, 185, -1
109, 209, -1
109, 188, -1
109, 186, -1
109, 200, -1
84, 201, -1
84, 207, -1
84, 189, -1
84, 185, -1
84, 209, -1
84, 188, -1
84, 186, -1
84, 200, -1
89, 201, -1
89, 207, -1
89, 189, -1
89, 185, -1
89, 209, -1
89, 188, -1
89, 186, -1
89, 200, -1
112, 201, -1
112, 207, -1
112, 189, -1
112, 185, -1
112, 209, -1
112, 188, -1
112, 186, -1
112, 200, -1
129, 201, -1
129, 207, -1
129, 189, -1
129, 185, -1
129, 209, -1
129, 188, -1
129, 186, -1
129, 200, -1
71, 69, -1
71, 21, -1
107, 69, -1
107, 21, -1
108, 69, -1
108, 21, -1
106, 69, -1
106, 21, -1
103, 69, -1
103, 21, -1
110, 69, -1
110, 21, -1
102, 69, -1
102, 21, -1
131, 69, -1
131, 21, -1
105, 69, -1
105, 21, -1
109, 69, -1
109, 21, -1
84, 69, -1
84, 21, -1
89, 69, -1
89, 21, -1
112, 69, -1
112, 21, -1
129, 69, -1
129, 21, -1
171, 71, -1
171, 107, -1
171, 108, -1
171, 106, -1
171, 103, -1
171, 110, -1
171, 102, -1
171, 131, -1
171, 105, -1
171, 109, -1
171, 84, -1
171, 89, -1
171, 112, -1
171, 129, -1
163, 71, -1
163, 107, -1
163, 108, -1
163, 106, -1
163, 103, -1
163, 110, -1
163, 102, -1
163, 131, -1
163, 105, -1
163, 109, -1
163, 84, -1
163, 89, -1
163, 112, -1
163, 129, -1
166, 71, -1
166, 107, -1
166, 108, -1
166, 106, -1
166, 103, -1
166, 110, -1
166, 102, -1
166, 131, -1
166, 105, -1
166, 109, -1
166, 84, -1
166, 89, -1
166, 112, -1
166, 129, -1
168, 71, -1
168, 107, -1
168, 108, -1
168, 106, -1
168, 103, -1
168, 110, -1
168, 102, -1
168, 131, -1
168, 105, -1
168, 109, -1
168, 84, -1
168, 89, -1
168, 112, -1
168, 129, -1
174, 71, -1
174, 107, -1
174, 108, -1
174, 106, -1
174, 103, -1
174, 110, -1
174, 102, -1
174, 131, -1
174, 105, -1
174, 109, -1
174, 84, -1
174, 89, -1
174, 112, -1
174, 129, -1
171, 184, -1
171, 180, -1
171, 178, -1
171, 181, -1
163, 184, -1
163, 180, -1
163, 178, -1
163, 181, -1
166, 184, -1
166, 180, -1
166, 178, -1
166, 181, -1
168, 184, -1
168, 180, -1
168, 178, -1
168, 181, -1
174, 184, -1
174, 180, -1
174, 178, -1
174, 181, -1
171, 201, -1
171, 207, -1
171, 189, -1
171, 185, -1
171, 209, -1
171, 188, -1
171, 186, -1
171, 200, -1
163, 201, -1
163, 207, -1
163, 189, -1
163, 185, -1
163, 209, -1
163, 188, -1
163, 186, -1
163, 200, -1
166, 201, -1
166, 207, -1
166, 189, -1
166, 185, -1
166, 209, -1
166, 188, -1
166, 186, -1
166, 200, -1
168, 201, -1
168, 207, -1
168, 189, -1
168, 185, -1
168, 209, -1
168, 188, -1
168, 186, -1
168, 200, -1
174, 201, -1
174, 207, -1
174, 189, -1
174, 185, -1
174, 209, -1
174, 188, -1
174, 186, -1
174, 200, -1
171, 69, -1
171, 21, -1
163, 69, -1
163, 21, -1
166, 69, -1
166, 21, -1
168, 69, -1
168, 21, -1
174, 69, -1
174, 21, -1
184, 71, -1
184, 107, -1
184, 108, -1
184, 106, -1
184, 103, -1
184, 110, -1
184, 102, -1
184, 131, -1
184, 105, -1
184, 109, -1
184, 84, -1
184, 89, -1
184, 112, -1
184, 129, -1
180, 71, -1
180, 107, -1
180, 108, -1
180, 106, -1
180, 103, -1
180, 110, -1
180, 102, -1
180, 131, -1
180, 105, -1
180, 109, -1
180, 84, -1
180, 89, -1
180, 112, -1
180, 129, -1
178, 71, -1
178, 107, -1
178, 108, -1
178, 106, -1
178, 103, -1
178, 110, -1
178, 102, -1
178, 131, -1
178, 105, -1
178, 109, -1
178, 84, -1
178, 89, -1
178, 112, -1
178, 129, -1
181, 71, -1
181, 107, -1
181, 108, -1
181, 106, -1
181, 103, -1
181, 110, -1
181, 102, -1
181, 131, -1
181, 105, -1
181, 109, -1
181, 84, -1
181, 89, -1
181, 112, -1
181, 129, -1
184, 171, -1
184, 163, -1
184, 166, -1
184, 168, -1
184, 174, -1
180, 171, -1
180, 163, -1
180, 166, -1
180, 168, -1
180, 174, -1
178, 171, -1
178, 163, -1
178, 166, -1
178, 168, -1
178, 174, -1
181, 171, -1
181, 163, -1
181, 166, -1
181, 168, -1
181, 174, -1
184, 201, -1
184, 207, -1
184, 189, -1
184, 185, -1
184, 209, -1
184, 188, -1
184, 186, -1
184, 200, -1
180, 201, -1
180, 207, -1
180, 189, -1
180, 185, -1
180, 209, -1
180, 188, -1
180, 186, -1
180, 200, -1
178, 201, -1
178, 207, -1
178, 189, -1
178, 185, -1
178, 209, -1
178, 188, -1
178, 186, -1
178, 200, -1
181, 201, -1
181, 207, -1
181, 189, -1
181, 185, -1
181, 209, -1
181, 188, -1
181, 186, -1
181, 200, -1
184, 69, -1
184, 21, -1
180, 69, -1
180, 21, -1
178, 69, -1
178, 21, -1
181, 69, -1
181, 21, -1
201, 71, -1
201, 107, -1
201, 108, -1
201, 106, -1
201, 103, -1
201, 110, -1
201, 102, -1
201, 131, -1
201, 105, -1
201, 109, -1
201, 84, -1
201, 89, -1
201, 112, -1
201, 129, -1
207, 71, -1
207, 107, -1
207, 108, -1
207, 106, -1
207, 103, -1
207, 110, -1
207, 102, -1
207, 131, -1
207, 105, -1
207, 109, -1
207, 84, -1
207, 89, -1
207, 112, -1
207, 129, -1
189, 71, -1
189, 107, -1
189, 108, -1
189, 106, -1
189, 103, -1
189, 110, -1
189, 102, -1
189, 131, -1
189, 105, -1
189, 109, -1
189, 84, -1
189, 89, -1
189, 112, -1
189, 129, -1
185, 71, -1
185, 107, -1
185, 108, -1
185, 106, -1
185, 103, -1
185, 110, -1
185, 102, -1
185, 131, -1
185, 105, -1
185, 109, -1
185, 84, -1
185, 89, -1
185, 112, -1
185, 129, -1
209, 71, -1
209, 107, -1
209, 108, -1
209, 106, -1
209, 103, -1
209, 110, -1
209, 102, -1
209, 131, -1
209, 105, -1
209, 109, -1
209, 84, -1
209, 89, -1
209, 112, -1
209, 129, -1
188, 71, -1
188, 107, -1
188, 108, -1
188, 106, -1
188, 103, -1
188, 110, -1
188, 102, -1
188, 131, -1
188, 105, -1
188, 109, -1
188, 84, -1
188, 89, -1
188, 112, -1
188, 129, -1
186, 71, -1
186, 107, -1
186, 108, -1
186, 106, -1
186, 103, -1
186, 110, -1
186, 102, -1
186, 131, -1
186, 105, -1
186, 109, -1
186, 84, -1
186, 89, -1
186, 112, -1
186, 129, -1
200, 71, -1
200, 107, -1
200, 108, -1
200, 106, -1
200, 103, -1
200, 110, -1
200, 102, -1
200, 131, -1
200, 105, -1
200, 109, -1
200, 84, -1
200, 89, -1
200, 112, -1
200, 129, -1
201, 171, -1
201, 163, -1
201, 166, -1
201, 168, -1
201, 174, -1
207, 171, -1
207, 163, -1
207, 166, -1
207, 168, -1
207, 174, -1
189, 171, -1
189, 163, -1
189, 166, -1
189, 168, -1
189, 174, -1
185, 171, -1
185, 163, -1
185, 166, -1
185, 168, -1
185, 174, -1
209, 171, -1
209, 163, -1
209, 166, -1
209, 168, -1
209, 174, -1
188, 171, -1
188, 163, -1
188, 166, -1
188, 168, -1
188, 174, -1
186, 171, -1
186, 163, -1
186, 166, -1
186, 168, -1
186, 174, -1
200, 171, -1
200, 163, -1
200, 166, -1
200, 168, -1
200, 174, -1
201, 184, -1
201, 180, -1
201, 178, -1
201, 181, -1
207, 184, -1
207, 180, -1
207, 178, -1
207, 181, -1
189, 184, -1
189, 180, -1
189, 178, -1
189, 181, -1
185, 184, -1
185, 180, -1
185, 178, -1
185, 181, -1
209, 184, -1
209, 180, -1
209, 178, -1
209, 181, -1
188, 184, -1
188, 180, -1
188, 178, -1
188, 181, -1
186, 184, -1
186, 180, -1
186, 178, -1
186, 181, -1
200, 184, -1
200, 180, -1
200, 178, -1
200, 181, -1
201, 69, -1
201, 21, -1
207, 69, -1
207, 21, -1
189, 69, -1
189, 21, -1
185, 69, -1
185, 21, -1
209, 69, -1
209, 21, -1
188, 69, -1
188, 21, -1
186, 69, -1
186, 21, -1
200, 69, -1
200, 21, -1
69, 71, -1
69, 107, -1
69, 108, -1
69, 106, -1
69, 103, -1
69, 110, -1
69, 102, -1
69, 131, -1
69, 105, -1
69, 109, -1
69, 84, -1
69, 89, -1
69, 112, -1
69, 129, -1
21, 71, -1
21, 107, -1
21, 108, -1
21, 106, -1
21, 103, -1
21, 110, -1
21, 102, -1
21, 131, -1
21, 105, -1
21, 109, -1
21, 84, -1
21, 89, -1
21, 112, -1
21, 129, -1
69, 171, -1
69, 163, -1
69, 166, -1
69, 168, -1
69, 174, -1
21, 171, -1
21, 163, -1
21, 166, -1
21, 168, -1
21, 174, -1
69, 184, -1
69, 180, -1
69, 178, -1
69, 181, -1
21, 184, -1
21, 180, -1
21, 178, -1
21, 181, -1
69, 201, -1
69, 207, -1
69, 189, -1
69, 185, -1
69, 209, -1
69, 188, -1
69, 186, -1
69, 200, -1
21, 201, -1
21, 207, -1
21, 189, -1
21, 185, -1
21, 209, -1
21, 188, -1
21, 186, -1
21, 200, -1

71, 107, 1
71, 108, 1
71, 106, 1
71, 103, 1
71, 110, 1
71, 102, 1
71, 131, 1
71, 105, 1
71, 109, 1
71, 84, 1
71, 89, 1
71, 112, 1
71, 129, 1
107, 71, 1
107, 108, 1
107, 106, 1
107, 103, 1
107, 110, 1
107, 102, 1
107, 131, 1
107, 105, 1
107, 109, 1
107, 84, 1
107, 89, 1
107, 112, 1
107, 129, 1
108, 71, 1
108, 107, 1
108, 106, 1
108, 103, 1
108, 110, 1
108, 102, 1
108, 131, 1
108, 105, 1
108, 109, 1
108, 84, 1
108, 89, 1
108, 112, 1
108, 129, 1
106, 71, 1
106, 107, 1
106, 108, 1
106, 103, 1
106, 110, 1
106, 102, 1
106, 131, 1
106, 105, 1
106, 109, 1
106, 84, 1
106, 89, 1
106, 112, 1
106, 129, 1
103, 71, 1
103, 107, 1
103, 108, 1
103, 106, 1
103, 110, 1
103, 102, 1
103, 131, 1
103, 105, 1
103, 109, 1
103, 84, 1
103, 89, 1
103, 112, 1
103, 129, 1
110, 71, 1
110, 107, 1
110, 108, 1
110, 106, 1
110, 103, 1
110, 102, 1
110, 131, 1
110, 105, 1
110, 109, 1
110, 84, 1
110, 89, 1
110, 112, 1
110, 129, 1
102, 71, 1
102, 107, 1
102, 108, 1
102, 106, 1
102, 103, 1
102, 110, 1
102, 131, 1
102, 105, 1
102, 109, 1
102, 84, 1
102, 89, 1
102, 112, 1
102, 129, 1
131, 71, 1
131, 107, 1
131, 108, 1
131, 106, 1
131, 103, 1
131, 110, 1
131, 102, 1
131, 105, 1
131, 109, 1
131, 84, 1
131, 89, 1
131, 112, 1
131, 129, 1
105, 71, 1
105, 107, 1
105, 108, 1
105, 106, 1
105, 103, 1
105, 110, 1
105, 102, 1
105, 131, 1
105, 109, 1
105, 84, 1
105, 89, 1
105, 112, 1
105, 129, 1
109, 71, 1
109, 107, 1
109, 108, 1
109, 106, 1
109, 103, 1
109, 110, 1
109, 102, 1
109, 131, 1
109, 105, 1
109, 84, 1
109, 89, 1
109, 112, 1
109, 129, 1
84, 71, 1
84, 107, 1
84, 108, 1
84, 106, 1
84, 103, 1
84, 110, 1
84, 102, 1
84, 131, 1
84, 105, 1
84, 109, 1
84, 89, 1
84, 112, 1
84, 129, 1
89, 71, 1
89, 107, 1
89, 108, 1
89, 106, 1
89, 103, 1
89, 110, 1
89, 102, 1
89, 131, 1
89, 105, 1
89, 109, 1
89, 84, 1
89, 112, 1
89, 129, 1
112, 71, 1
112, 107, 1
112, 108, 1
112, 106, 1
112, 103, 1
112, 110, 1
112, 102, 1
112, 131, 1
112, 105, 1
112, 109, 1
112, 84, 1
112, 89, 1
112, 129, 1
129, 71, 1
129, 107, 1
129, 108, 1
129, 106, 1
129, 103, 1
129, 110, 1
129, 102, 1
129, 131, 1
129, 105, 1
129, 109, 1
129, 84, 1
129, 89, 1
129, 112, 1
171, 163, 1
171, 166, 1
171, 168, 1
171, 174, 1
171, 175, 1
171, 170, 1
163, 171, 1
163, 166, 1
163, 168, 1
163, 174, 1
163, 175, 1
163, 170, 1
166, 171, 1
166, 163, 1
166, 168, 1
166, 174, 1
166, 175, 1
166, 170, 1
168, 171, 1
168, 163, 1
168, 166, 1
168, 174, 1
168, 175, 1
168, 170, 1
174, 171, 1
174, 163, 1
174, 166, 1
174, 168, 1
174, 175, 1
174, 170, 1
175, 171, 1
175, 163, 1
175, 166, 1
175, 168, 1
175, 174, 1
175, 170, 1
170, 171, 1
170, 163, 1
170, 166, 1
170, 168, 1
170, 174, 1
170, 175, 1
184, 180, 1
184, 178, 1
184, 181, 1
180, 184, 1
180, 178, 1
180, 181, 1
178, 184, 1
178, 180, 1
178, 181, 1
181, 184, 1
181, 180, 1
181, 178, 1
201, 207, 1
201, 189, 1
201, 185, 1
201, 209, 1
201, 188, 1
201, 186, 1
201, 200, 1
207, 201, 1
207, 189, 1
207, 185, 1
207, 209, 1
207, 188, 1
207, 186, 1
207, 200, 1
189, 201, 1
189, 207, 1
189, 185, 1
189, 209, 1
189, 188, 1
189, 186, 1
189, 200, 1
185, 201, 1
185, 207, 1
185, 189, 1
185, 209, 1
185, 188, 1
185, 186, 1
185, 200, 1
209, 201, 1
209, 207, 1
209, 189, 1
209, 185, 1
209, 188, 1
209, 186, 1
209, 200, 1
188, 201, 1
188, 207, 1
188, 189, 1
188, 185, 1
188, 209, 1
188, 186, 1
188, 200, 1
186, 201, 1
186, 207, 1
186, 189, 1
186, 185, 1
186, 209, 1
186, 188, 1
186, 200, 1
200, 201, 1
200, 207, 1
200, 189, 1
200, 185, 1
200, 209, 1
200, 188, 1
200, 186, 1
69, 21, 1
21, 69, 1
71, 171, -1
71, 163, -1
71, 166, -1
71, 168, -1
71, 174, -1
71, 175, -1
71, 170, -1
107, 171, -1
107, 163, -1
107, 166, -1
107, 168, -1
107, 174, -1
107, 175, -1
107, 170, -1
108, 171, -1
108, 163, -1
108, 166, -1
108, 168, -1
108, 174, -1
108, 175, -1
108, 170, -1
106, 171, -1
106, 163, -1
106, 166, -1
106, 168, -1
106, 174, -1
106, 175, -1
106, 170, -1
103, 171, -1
103, 163, -1
103, 166, -1
103, 168, -1
103, 174, -1
103, 175, -1
103, 170, -1
110, 171, -1
110, 163, -1
110, 166, -1
110, 168, -1
110, 174, -1
110, 175, -1
110, 170, -1
102, 171, -1
102, 163, -1
102, 166, -1
102, 168, -1
102, 174, -1
102, 175, -1
102, 170, -1
131, 171, -1
131, 163, -1
131, 166, -1
131, 168, -1
131, 174, -1
131, 175, -1
131, 170, -1
105, 171, -1
105, 163, -1
105, 166, -1
105, 168, -1
105, 174, -1
105, 175, -1
105, 170, -1
109, 171, -1
109, 163, -1
109, 166, -1
109, 168, -1
109, 174, -1
109, 175, -1
109, 170, -1
84, 171, -1
84, 163, -1
84, 166, -1
84, 168, -1
84, 174, -1
84, 175, -1
84, 170, -1
89, 171, -1
89, 163, -1
89, 166, -1
89, 168, -1
89, 174, -1
89, 175, -1
89, 170, -1
112, 171, -1
112, 163, -1
112, 166, -1
112, 168, -1
112, 174, -1
112, 175, -1
112, 170, -1
129, 171, -1
129, 163, -1
129, 166, -1
129, 168, -1
129, 174, -1
129, 175, -1
129, 170, -1
71, 184, -1
71, 180, -1
71, 178, -1
71, 181, -1
107, 184, -1
107, 180, -1
107, 178, -1
107, 181, -1
108, 184, -1
108, 180, -1
108, 178, -1
108, 181, -1
106, 184, -1
106, 180, -1
106, 178, -1
106, 181, -1
103, 184, -1
103, 180, -1
103, 178, -1
103, 181, -1
110, 184, -1
110, 180, -1
110, 178, -1
110, 181, -1
102, 184, -1
102, 180, -1
102, 178, -1
102, 181, -1
131, 184, -1
131, 180, -1
131, 178, -1
131, 181, -1
105, 184, -1
105, 180, -1
105, 178, -1
105, 181, -1
109, 184, -1
109, 180, -1
109, 178, -1
109, 181, -1
84, 184, -1
84, 180, -1
84, 178, -1
84, 181, -1
89, 184, -1
89, 180, -1
89, 178, -1
89, 181, -1
112, 184, -1
112, 180, -1
112, 178, -1
112, 181, -1
129, 184, -1
129, 180, -1
129, 178, -1
129, 181, -1
71, 201, -1
71, 207, -1
71, 189, -1
71, 185, -1
71, 209, -1
71, 188, -1
71, 186, -1
71, 200, -1
107, 201, -1
107, 207, -1
107, 189, -1
107, 185, -1
107, 209, -1
107, 188, -1
107, 186, -1
107, 200, -1
108, 201, -1
108, 207, -1
108, 189, -1
108, 185, -1
108, 209, -1
108, 188, -1
108, 186, -1
108, 200, -1
106, 201, -1
106, 207, -1
106, 189, -1
106, 185, -1
106, 209, -1
106, 188, -1
106, 186, -1
106, 200, -1
103, 201, -1
103, 207, -1
103, 189, -1
103, 185, -1
103, 209, -1
103, 188, -1
103, 186, -1
103, 200, -1
110, 201, -1
110, 207, -1
110, 189, -1
110, 185, -1
110, 209, -1
110, 188, -1
110, 186, -1
110, 200, -1
102, 201, -1
102, 207, -1
102, 189, -1
102, 185, -1
102, 209, -1
102, 188, -1
102, 186, -1
102, 200, -1
131, 201, -1
131, 207, -1
131, 189, -1
131, 185, -1
131, 209, -1
131, 188, -1
131, 186, -1
131, 200, -1
105, 201, -1
105, 207, -1
105, 189, -1
105, 185, -1
105, 209, -1
105, 188, -1
105, 186, -1
105, 200, -1
109, 201, -1
109, 207, -1
109, 189, -1
109, 185, -1
109, 209, -1
109, 188, -1
109, 186, -1
109, 200, -1
84, 201, -1
84, 207, -1
84, 189, -1
84, 185, -1
84, 209, -1
84, 188, -1
84, 186, -1
84, 200, -1
89, 201, -1
89, 207, -1
89, 189, -1
89, 185, -1
89, 209, -1
89, 188, -1
89, 186, -1
89, 200, -1
112, 201, -1
112, 207, -1
112, 189, -1
112, 185, -1
112, 209, -1
112, 188, -1
112, 186, -1
112, 200, -1
129, 201, -1
129, 207, -1
129, 189, -1
129, 185, -1
129, 209, -1
129, 188, -1
129, 186, -1
129, 200, -1
71, 69, -1
71, 21, -1
107, 69, -1
107, 21, -1
108, 69, -1
108, 21, -1
106, 69, -1
106, 21, -1
103, 69, -1
103, 21, -1
110, 69, -1
110, 21, -1
102, 69, -1
102, 21, -1
131, 69, -1
131, 21, -1
105, 69, -1
105, 21, -1
109, 69, -1
109, 21, -1
84, 69, -1
84, 21, -1
89, 69, -1
89, 21, -1
112, 69, -1
112, 21, -1
129, 69, -1
129, 21, -1
71, 152, -1
107, 152, -1
108, 152, -1
106, 152, -1
103, 152, -1
110, 152, -1
102, 152, -1
131, 152, -1
105, 152, -1
109, 152, -1
84, 152, -1
89, 152, -1
112, 152, -1
129, 152, -1
171, 71, -1
171, 107, -1
171, 108, -1
171, 106, -1
171, 103, -1
171, 110, -1
171, 102, -1
171, 131, -1
171, 105, -1
171, 109, -1
171, 84, -1
171, 89, -1
171, 112, -1
171, 129, -1
163, 71, -1
163, 107, -1
163, 108, -1
163, 106, -1
163, 103, -1
163, 110, -1
163, 102, -1
163, 131, -1
163, 105, -1
163, 109, -1
163, 84, -1
163, 89, -1
163, 112, -1
163, 129, -1
166, 71, -1
166, 107, -1
166, 108, -1
166, 106, -1
166, 103, -1
166, 110, -1
166, 102, -1
166, 131, -1
166, 105, -1
166, 109, -1
166, 84, -1
166, 89, -1
166, 112, -1
166, 129, -1
168, 71, -1
168, 107, -1
168, 108, -1
168, 106, -1
168, 103, -1
168, 110, -1
168, 102, -1
168, 131, -1
168, 105, -1
168, 109, -1
168, 84, -1
168, 89, -1
168, 112, -1
168, 129, -1
174, 71, -1
174, 107, -1
174, 108, -1
174, 106, -1
174, 103, -1
174, 110, -1
174, 102, -1
174, 131, -1
174, 105, -1
174, 109, -1
174, 84, -1
174, 89, -1
174, 112, -1
174, 129, -1
175, 71, -1
175, 107, -1
175, 108, -1
175, 106, -1
175, 103, -1
175, 110, -1
175, 102, -1
175, 131, -1
175, 105, -1
175, 109, -1
175, 84, -1
175, 89, -1
175, 112, -1
175, 129, -1
170, 71, -1
170, 107, -1
170, 108, -1
170, 106, -1
170, 103, -1
170, 110, -1
170, 102, -1
170, 131, -1
170, 105, -1
170, 109, -1
170, 84, -1
170, 89, -1
170, 112, -1
170, 129, -1
171, 184, -1
171, 180, -1
171, 178, -1
171, 181, -1
163, 184, -1
163, 180, -1
163, 178, -1
163, 181, -1
166, 184, -1
166, 180, -1
166, 178, -1
166, 181, -1
168, 184, -1
168, 180, -1
168, 178, -1
168, 181, -1
174, 184, -1
174, 180, -1
174, 178, -1
174, 181, -1
175, 184, -1
175, 180, -1
175, 178, -1
175, 181, -1
170, 184, -1
170, 180, -1
170, 178, -1
170, 181, -1
171, 201, -1
171, 207, -1
171, 189, -1
171, 185, -1
171, 209, -1
171, 188, -1
171, 186, -1
171, 200, -1
163, 201, -1
163, 207, -1
163, 189, -1
163, 185, -1
163, 209, -1
163, 188, -1
163, 186, -1
163, 200, -1
166, 201, -1
166, 207, -1
166, 189, -1
166, 185, -1
166, 209, -1
166, 188, -1
166, 186, -1
166, 200, -1
168, 201, -1
168, 207, -1
168, 189, -1
168, 185, -1
168, 209, -1
168, 188, -1
168, 186, -1
168, 200, -1
174, 201, -1
174, 207, -1
174, 189, -1
174, 185, -1
174, 209, -1
174, 188, -1
174, 186, -1
174, 200, -1
175, 201, -1
175, 207, -1
175, 189, -1
175, 185, -1
175, 209, -1
175, 188, -1
175, 186, -1
175, 200, -1
170, 201, -1
170, 207, -1
170, 189, -1
170, 185, -1
170, 209, -1
170, 188, -1
170, 186, -1
170, 200, -1
171, 69, -1
171, 21, -1
163, 69, -1
163, 21, -1
166, 69, -1
166, 21, -1
168, 69, -1
168, 21, -1
174, 69, -1
174, 21, -1
175, 69, -1
175, 21, -1
170, 69, -1
170, 21, -1
171, 152, -1
163, 152, -1
166, 152, -1
168, 152, -1
174, 152, -1
175, 152, -1
170, 152, -1
184, 71, -1
184, 107, -1
184, 108, -1
184, 106, -1
184, 103, -1
184, 110, -1
184, 102, -1
184, 131, -1
184, 105, -1
184, 109, -1
184, 84, -1
184, 89, -1
184, 112, -1
184, 129, -1
180, 71, -1
180, 107, -1
180, 108, -1
180, 106, -1
180, 103, -1
180, 110, -1
180, 102, -1
180, 131, -1
180, 105, -1
180, 109, -1
180, 84, -1
180, 89, -1
180, 112, -1
180, 129, -1
178, 71, -1
178, 107, -1
178, 108, -1
178, 106, -1
178, 103, -1
178, 110, -1
178, 102, -1
178, 131, -1
178, 105, -1
178, 109, -1
178, 84, -1
178, 89, -1
178, 112, -1
178, 129, -1
181, 71, -1
181, 107, -1
181, 108, -1
181, 106, -1
181, 103, -1
181, 110, -1
181, 102, -1
181, 131, -1
181, 105, -1
181, 109, -1
181, 84, -1
181, 89, -1
181, 112, -1
181, 129, -1
184, 171, -1
184, 163, -1
184, 166, -1
184, 168, -1
184, 174, -1
184, 175, -1
184, 170, -1
180, 171, -1
180, 163, -1
180, 166, -1
180, 168, -1
180, 174, -1
180, 175, -1
180, 170, -1
178, 171, -1
178, 163, -1
178, 166, -1
178, 168, -1
178, 174, -1
178, 175, -1
178, 170, -1
181, 171, -1
181, 163, -1
181, 166, -1
181, 168, -1
181, 174, -1
181, 175, -1
181, 170, -1
184, 201, -1
184, 207, -1
184, 189, -1
184, 185, -1
184, 209, -1
184, 188, -1
184, 186, -1
184, 200, -1
180, 201, -1
180, 207, -1
180, 189, -1
180, 185, -1
180, 209, -1
180, 188, -1
180, 186, -1
180, 200, -1
178, 201, -1
178, 207, -1
178, 189, -1
178, 185, -1
178, 209, -1
178, 188, -1
178, 186, -1
178, 200, -1
181, 201, -1
181, 207, -1
181, 189, -1
181, 185, -1
181, 209, -1
181, 188, -1
181, 186, -1
181, 200, -1
184, 69, -1
184, 21, -1
180, 69, -1
180, 21, -1
178, 69, -1
178, 21, -1
181, 69, -1
181, 21, -1
184, 152, -1
180, 152, -1
178, 152, -1
181, 152, -1
201, 71, -1
201, 107, -1
201, 108, -1
201, 106, -1
201, 103, -1
201, 110, -1
201, 102, -1
201, 131, -1
201, 105, -1
201, 109, -1
201, 84, -1
201, 89, -1
201, 112, -1
201, 129, -1
207, 71, -1
207, 107, -1
207, 108, -1
207, 106, -1
207, 103, -1
207, 110, -1
207, 102, -1
207, 131, -1
207, 105, -1
207, 109, -1
207, 84, -1
207, 89, -1
207, 112, -1
207, 129, -1
189, 71, -1
189, 107, -1
189, 108, -1
189, 106, -1
189, 103, -1
189, 110, -1
189, 102, -1
189, 131, -1
189, 105, -1
189, 109, -1
189, 84, -1
189, 89, -1
189, 112, -1
189, 129, -1
185, 71, -1
185, 107, -1
185, 108, -1
185, 106, -1
185, 103, -1
185, 110, -1
185, 102, -1
185, 131, -1
185, 105, -1
185, 109, -1
185, 84, -1
185, 89, -1
185, 112, -1
185, 129, -1
209, 71, -1
209, 107, -1
209, 108, -1
209, 106, -1
209, 103, -1
209, 110, -1
209, 102, -1
209, 131, -1
209, 105, -1
209, 109, -1
209, 84, -1
209, 89, -1
209, 112, -1
209, 129, -1
188, 71, -1
188, 107, -1
188, 108, -1
188, 106, -1
188, 103, -1
188, 110, -1
188, 102, -1
188, 131, -1
188, 105, -1
188, 109, -1
188, 84, -1
188, 89, -1
188, 112, -1
188, 129, -1
186, 71, -1
186, 107, -1
186, 108, -1
186, 106, -1
186, 103, -1
186, 110, -1
186, 102, -1
186, 131, -1
186, 105, -1
186, 109, -1
186, 84, -1
186, 89, -1
186, 112, -1
186, 129, -1
200, 71, -1
200, 107, -1
200, 108, -1
200, 106, -1
200, 103, -1
200, 110, -1
200, 102, -1
200, 131, -1
200, 105, -1
200, 109, -1
200, 84, -1
200, 89, -1
200, 112, -1
200, 129, -1
201, 171, -1
201, 163, -1
201, 166, -1
201, 168, -1
201, 174, -1
201, 175, -1
201, 170, -1
207, 171, -1
207, 163, -1
207, 166, -1
207, 168, -1
207, 174, -1
207, 175, -1
207, 170, -1
189, 171, -1
189, 163, -1
189, 166, -1
189, 168, -1
189, 174, -1
189, 175, -1
189, 170, -1
185, 171, -1
185, 163, -1
185, 166, -1
185, 168, -1
185, 174, -1
185, 175, -1
185, 170, -1
209, 171, -1
209, 163, -1
209, 166, -1
209, 168, -1
209, 174, -1
209, 175, -1
209, 170, -1
188, 171, -1
188, 163, -1
188, 166, -1
188, 168, -1
188, 174, -1
188, 175, -1
188, 170, -1
186, 171, -1
186, 163, -1
186, 166, -1
186, 168, -1
186, 174, -1
186, 175, -1
186, 170, -1
200, 171, -1
200, 163, -1
200, 166, -1
200, 168, -1
200, 174, -1
200, 175, -1
200, 170, -1
201, 184, -1
201, 180, -1
201, 178, -1
201, 181, -1
207, 184, -1
207, 180, -1
207, 178, -1
207, 181, -1
189, 184, -1
189, 180, -1
189, 178, -1
189, 181, -1
185, 184, -1
185, 180, -1
185, 178, -1
185, 181, -1
209, 184, -1
209, 180, -1
209, 178, -1
209, 181, -1
188, 184, -1
188, 180, -1
188, 178, -1
188, 181, -1
186, 184, -1
186, 180, -1
186, 178, -1
186, 181, -1
200, 184, -1
200, 180, -1
200, 178, -1
200, 181, -1
201, 69, -1
201, 21, -1
207, 69, -1
207, 21, -1
189, 69, -1
189, 21, -1
185, 69, -1
185, 21, -1
209, 69, -1
209, 21, -1
188, 69, -1
188, 21, -1
186, 69, -1
186, 21, -1
200, 69, -1
200, 21, -1
201, 152, -1
207, 152, -1
189, 152, -1
185, 152, -1
209, 152, -1
188, 152, -1
186, 152, -1
200, 152, -1
69, 71, -1
69, 107, -1
69, 108, -1
69, 106, -1
69, 103, -1
69, 110, -1
69, 102, -1
69, 131, -1
69, 105, -1
69, 109, -1
69, 84, -1
69, 89, -1
69, 112, -1
69, 129, -1
21, 71, -1
21, 107, -1
21, 108, -1
21, 106, -1
21, 103, -1
21, 110, -1
21, 102, -1
21, 131, -1
21, 105, -1
21, 109, -1
21, 84, -1
21, 89, -1
21, 112, -1
21, 129, -1
69, 171, -1
69, 163, -1
69, 166, -1
69, 168, -1
69, 174, -1
69, 175, -1
69, 170, -1
21, 171, -1
21, 163, -1
21, 166, -1
21, 168, -1
21, 174, -1
21, 175, -1
21, 170, -1
69, 184, -1
69, 180, -1
69, 178, -1
69, 181, -1
21, 184, -1
21, 180, -1
21, 178, -1
21, 181, -1
69, 201, -1
69, 207, -1
69, 189, -1
69, 185, -1
69, 209, -1
69, 188, -1
69, 186, -1
69, 200, -1
21, 201, -1
21, 207, -1
21, 189, -1
21, 185, -1
21, 209, -1
21, 188, -1
21, 186, -1
21, 200, -1
69, 152, -1
21, 152, -1
152, 71, -1
152, 107, -1
152, 108, -1
152, 106, -1
152, 103, -1
152, 110, -1
152, 102, -1
152, 131, -1
152, 105, -1
152, 109, -1
152, 84, -1
152, 89, -1
152, 112, -1
152, 129, -1
152, 171, -1
152, 163, -1
152, 166, -1
152, 168, -1
152, 174, -1
152, 175, -1
152, 170, -1
152, 184, -1
152, 180, -1
152, 178, -1
152, 181, -1
152, 201, -1
152, 207, -1
152, 189, -1
152, 185, -1
152, 209, -1
152, 188, -1
152, 186, -1
152, 200, -1
152, 69, -1
152, 21, -1

71, 107, 1
71, 108, 1
71, 106, 1
71, 103, 1
71, 110, 1
71, 102, 1
71, 131, 1
71, 105, 1
71, 109, 1
71, 84, 1
71, 89, 1
71, 112, 1
71, 129, 1
71, 70, 1
71, 101, 1
71, 104, 1
107, 71, 1
107, 108, 1
107, 106, 1
107, 103, 1
107, 110, 1
107, 102, 1
107, 131, 1
107, 105, 1
107, 109, 1
107, 84, 1
107, 89, 1
107, 112, 1
107, 129, 1
107, 70, 1
107, 101, 1
107, 104, 1
108, 71, 1
108, 107, 1
108, 106, 1
108, 103, 1
108, 110, 1
108, 102, 1
108, 131, 1
108, 105, 1
108, 109, 1
108, 84, 1
108, 89, 1
108, 112, 1
108, 129, 1
108, 70, 1
108, 101, 1
108, 104, 1
106, 71, 1
106, 107, 1
106, 108, 1
106, 103, 1
106, 110, 1
106, 102, 1
106, 131, 1
106, 105, 1
106, 109, 1
106, 84, 1
106, 89, 1
106, 112, 1
106, 129, 1
106, 70, 1
106, 101, 1
106, 104, 1
103, 71, 1
103, 107, 1
103, 108, 1
103, 106, 1
103, 110, 1
103, 102, 1
103, 131, 1
103, 105, 1
103, 109, 1
103, 84, 1
103, 89, 1
103, 112, 1
103, 129, 1
103, 70, 1
103, 101, 1
103, 104, 1
110, 71, 1
110, 107, 1
110, 108, 1
110, 106, 1
110, 103, 1
110, 102, 1
110, 131, 1
110, 105, 1
110, 109, 1
110, 84, 1
110, 89, 1
110, 112, 1
110, 129, 1
110, 70, 1
110, 101, 1
110, 104, 1
102, 71, 1
102, 107, 1
102, 108, 1
102, 106, 1
102, 103, 1
102, 110, 1
102, 131, 1
102, 105, 1
102, 109, 1
102, 84, 1
102, 89, 1
102, 112, 1
102, 129, 1
102, 70, 1
102, 101, 1
102, 104, 1
131, 71, 1
131, 107, 1
131, 108, 1
131, 106, 1
131, 103, 1
131, 110, 1
131, 102, 1
131, 105, 1
131, 109, 1
131, 84, 1
131, 89, 1
131, 112, 1
131, 129, 1
131, 70, 1
131, 101, 1
131, 104, 1
105, 71, 1
105, 107, 1
105, 108, 1
105, 106, 1
105, 103, 1
105, 110, 1
105, 102, 1
105, 131, 1
105, 109, 1
105, 84, 1
105, 89, 1
105, 112, 1
105, 129, 1
105, 70, 1
105, 101, 1
105, 104, 1
109, 71, 1
109, 107, 1
109, 108, 1
109, 106, 1
109, 103, 1
109, 110, 1
109, 102, 1
109, 131, 1
109, 105, 1
109, 84, 1
109, 89, 1
109, 112, 1
109, 129, 1
109, 70, 1
109, 101, 1
109, 104, 1
84, 71, 1
84, 107, 1
84, 108, 1
84, 106, 1
84, 103, 1
84, 110, 1
84, 102, 1
84, 131, 1
84, 105, 1
84, 109, 1
84, 89, 1
84, 112, 1
84, 129, 1
84, 70, 1
84, 101, 1
84, 104, 1
89, 71, 1
89, 107, 1
89, 108, 1
89, 106, 1
89, 103, 1
89, 110, 1
89, 102, 1
89, 131, 1
89, 105, 1
89, 109, 1
89, 84, 1
89, 112, 1
89, 129, 1
89, 70, 1
89, 101, 1
89, 104, 1
112, 71, 1
112, 107, 1
112, 108, 1
112, 106, 1
112, 103, 1
112, 110, 1
112, 102, 1
112, 131, 1
112, 105, 1
112, 109, 1
112, 84, 1
112, 89, 1
112, 129, 1
112, 70, 1
112, 101, 1
112, 104, 1
129, 71, 1
129, 107, 1
129, 108, 1
129, 106, 1
129, 103, 1
129, 110, 1
129, 102, 1
129, 131, 1
129, 105, 1
129, 109, 1
129, 84, 1
129, 89, 1
129, 112, 1
129, 70, 1
129, 101, 1
129, 104, 1
70, 71, 1
70, 107, 1
70, 108, 1
70, 106, 1
70, 103, 1
70, 110, 1
70, 102, 1
70, 131, 1
70, 105, 1
70, 109, 1
70, 84, 1
70, 89, 1
70, 112, 1
70, 129, 1
70, 101, 1
70, 104, 1
101, 71, 1
101, 107, 1
101, 108, 1
101, 106, 1
101, 103, 1
101, 110, 1
101, 102, 1
101, 131, 1
101, 105, 1
101, 109, 1
101, 84, 1
101, 89, 1
101, 112, 1
101, 129, 1
101, 70, 1
101, 104, 1
104, 71, 1
104, 107, 1
104, 108, 1
104, 106, 1
104, 103, 1
104, 110, 1
104, 102, 1
104, 131, 1
104, 105, 1
104, 109, 1
104, 84, 1
104, 89, 1
104, 112, 1
104, 129, 1
104, 70, 1
104, 101, 1
171, 163, 1
171, 166, 1
171, 168, 1
171, 174, 1
171, 175, 1
171, 170, 1
163, 171, 1
163, 166, 1
163, 168, 1
163, 174, 1
163, 175, 1
163, 170, 1
166, 171, 1
166, 163, 1
166, 168, 1
166, 174, 1
166, 175, 1
166, 170, 1
168, 171, 1
168, 163, 1
168, 166, 1
168, 174, 1
168, 175, 1
168, 170, 1
174, 171, 1
174, 163, 1
174, 166, 1
174, 168, 1
174, 175, 1
174, 170, 1
175, 171, 1
175, 163, 1
175, 166, 1
175, 168, 1
175, 174, 1
175, 170, 1
170, 171, 1
170, 163, 1
170, 166, 1
170, 168, 1
170, 174, 1
170, 175, 1
184, 180, 1
184, 178, 1
184, 181, 1
184, 182, 1
180, 184, 1
180, 178, 1
180, 181, 1
180, 182, 1
178, 184, 1
178, 180, 1
178, 181, 1
178, 182, 1
181, 184, 1
181, 180, 1
181, 178, 1
181, 182, 1
182, 184, 1
182, 180, 1
182, 178, 1
182, 181, 1
201, 207, 1
201, 189, 1
201, 185, 1
201, 209, 1
201, 188, 1
201, 186, 1
201, 200, 1
201, 190, 1
201, 213, 1
207, 201, 1
207, 189, 1
207, 185, 1
207, 209, 1
207, 188, 1
207, 186, 1
207, 200, 1
207, 190, 1
207, 213, 1
189, 201, 1
189, 207, 1
189, 185, 1
189, 209, 1
189, 188, 1
189, 186, 1
189, 200, 1
189, 190, 1
189, 213, 1
185, 201, 1
185, 207, 1
185, 189, 1
185, 209, 1
185, 188, 1
185, 186, 1
185, 200, 1
185, 190, 1
185, 213, 1
209, 201, 1
209, 207, 1
209, 189, 1
209, 185, 1
209, 188, 1
209, 186, 1
209, 200, 1
209, 190, 1
209, 213, 1
188, 201, 1
188, 207, 1
188, 189, 1
188, 185, 1
188, 209, 1
188, 186, 1
188, 200, 1
188, 190, 1
188, 213, 1
186, 201, 1
186, 207, 1
186, 189, 1
186, 185, 1
186, 209, 1
186, 188, 1
186, 200, 1
186, 190, 1
186, 213, 1
200, 201, 1
200, 207, 1
200, 189, 1
200, 185, 1
200, 209, 1
200, 188, 1
200, 186, 1
200, 190, 1
200, 213, 1
190, 201, 1
190, 207, 1
190, 189, 1
190, 185, 1
190, 209, 1
190, 188, 1
190, 186, 1
190, 200, 1
190, 213, 1
213, 201, 1
213, 207, 1
213, 189, 1
213, 185, 1
213, 209, 1
213, 188, 1
213, 186, 1
213, 200, 1
213, 190, 1
69, 21, 1
69, 63, 1
21, 69, 1
21, 63, 1
63, 69, 1
63, 21, 1
71, 171, -1
71, 163, -1
71, 166, -1
71, 168, -1
71, 174, -1
71, 175, -1
71, 170, -1
107, 171, -1
107, 163, -1
107, 166, -1
107, 168, -1
107, 174, -1
107, 175, -1
107, 170, -1
108, 171, -1
108, 163, -1
108, 166, -1
108, 168, -1
108, 174, -1
108, 175, -1
108, 170, -1
106, 171, -1
106, 163, -1
106, 166, -1
106, 168, -1
106, 174, -1
106, 175, -1
106, 170, -1
103, 171, -1
103, 163, -1
103, 166, -1
103, 168, -1
103, 174, -1
103, 175, -1
103, 170, -1
110, 171, -1
110, 163, -1
110, 166, -1
110, 168, -1
110, 174, -1
110, 175, -1
110, 170, -1
102, 171, -1
102, 163, -1
102, 166, -1
102, 168, -1
102, 174, -1
102, 175, -1
102, 170, -1
131, 171, -1
131, 163, -1
131, 166, -1
131, 168, -1
131, 174, -1
131, 175, -1
131, 170, -1
105, 171, -1
105, 163, -1
105, 166, -1
105, 168, -1
105, 174, -1
105, 175, -1
105, 170, -1
109, 171, -1
109, 163, -1
109, 166, -1
109, 168, -1
109, 174, -1
109, 175, -1
109, 170, -1
84, 171, -1
84, 163, -1
84, 166, -1
84, 168, -1
84, 174, -1
84, 175, -1
84, 170, -1
89, 171, -1
89, 163, -1
89, 166, -1
89, 168, -1
89, 174, -1
89, 175, -1
89, 170, -1
112, 171, -1
112, 163, -1
112, 166, -1
112, 168, -1
112, 174, -1
112, 175, -1
112, 170, -1
129, 171, -1
129, 163, -1
129, 166, -1
129, 168, -1
129, 174, -1
129, 175, -1
129, 170, -1
70, 171, -1
70, 163, -1
70, 166, -1
70, 168, -1
70, 174, -1
70, 175, -1
70, 170, -1
101, 171, -1
101, 163, -1
101, 166, -1
101, 168, -1
101, 174, -1
101, 175, -1
101, 170, -1
104, 171, -1
104, 163, -1
104, 166, -1
104, 168, -1
104, 174, -1
104, 175, -1
104, 170, -1
71, 184, -1
71, 180, -1
71, 178, -1
71, 181, -1
71, 182, -1
107, 184, -1
107, 180, -1
107, 178, -1
107, 181, -1
107, 182, -1
108, 184, -1
108, 180, -1
108, 178, -1
108, 181, -1
108, 182, -1
106, 184, -1
106, 180, -1
106, 178, -1
106, 181, -1
106, 182, -1
103, 184, -1
103, 180, -1
103, 178, -1
103, 181, -1
103, 182, -1
110, 184, -1
110, 180, -1
110, 178, -1
110, 181, -1
110, 182, -1
102, 184, -1
102, 180, -1
102, 178, -1
102, 181, -1
102, 182, -1
131, 184, -1
131, 180, -1
131, 178, -1
131, 181, -1
131, 182, -1
105, 184, -1
105, 180, -1
105, 178, -1
105, 181, -1
105, 182, -1
109, 184, -1
109, 180, -1
109, 178, -1
109, 181, -1
109, 182, -1
84, 184, -1
84, 180, -1
84, 178, -1
84, 181, -1
84, 182, -1
89, 184, -1
89, 180, -1
89, 178, -1
89, 181, -1
89, 182, -1
112, 184, -1
112, 180, -1
112, 178, -1
112, 181, -1
112, 182, -1
129, 184, -1
129, 180, -1
129, 178, -1
129, 181, -1
129, 182, -1
70, 184, -1
70, 180, -1
70, 178, -1
70, 181, -1
70, 182, -1
101, 184, -1
101, 180, -1
101, 178, -1
101, 181, -1
101, 182, -1
104, 184, -1
104, 180, -1
104, 178, -1
104, 181, -1
104, 182, -1
71, 201, -1
71, 207, -1
71, 189, -1
71, 185, -1
71, 209, -1
71, 188, -1
71, 186, -1
71, 200, -1
71, 190, -1
71, 213, -1
107, 201, -1
107, 207, -1
107, 189, -1
107, 185, -1
107, 209, -1
107, 188, -1
107, 186, -1
107, 200, -1
107, 190, -1
107, 213, -1
108, 201, -1
108, 207, -1
108, 189, -1
108, 185, -1
108, 209, -1
108, 188, -1
108, 186, -1
108, 200, -1
108, 190, -1
108, 213, -1
106, 201, -1
106, 207, -1
106, 189, -1
106, 185, -1
106, 209, -1
106, 188, -1
106, 186, -1
106, 200, -1
106, 190, -1
106, 213, -1
103, 201, -1
103, 207, -1
103, 189, -1
103, 185, -1
103, 209, -1
103, 188, -1
103, 186, -1
103, 200, -1
103, 190, -1
103, 213, -1
110, 201, -1
110, 207, -1
110, 189, -1
110, 185, -1
110, 209, -1
110, 188, -1
110, 186, -1
110, 200, -1
110, 190, -1
110, 213, -1
102, 201, -1
102, 207, -1
102, 189, -1
102, 185, -1
102, 209, -1
102, 188, -1
102, 186, -1
102, 200, -1
102, 190, -1
102, 213, -1
131, 201, -1
131, 207, -1
131, 189, -1
131, 185, -1
131, 209, -1
131, 188, -1
131, 186, -1
131, 200, -1
131, 190, -1
131, 213, -1
105, 201, -1
105, 207, -1
105, 189, -1
105, 185, -1
105, 209, -1
105, 188, -1
105, 186, -1
105, 200, -1
105, 190, -1
105, 213, -1
109, 201, -1
109, 207, -1
109, 189, -1
109, 185, -1
109, 209, -1
109, 188, -1
109, 186, -1
109, 200, -1
109, 190, -1
109, 213, -1
84, 201, -1
84, 207, -1
84, 189, -1
84, 185, -1
84, 209, -1
84, 188, -1
84, 186, -1
84, 200, -1
84, 190, -1
84, 213, -1
89, 201, -1
89, 207, -1
89, 189, -1
89, 185, -1
89, 209, -1
89, 188, -1
89, 186, -1
89, 200, -1
89, 190, -1
89, 213, -1
112, 201, -1
112, 207, -1
112, 189, -1
112, 185, -1
112, 209, -1
112, 188, -1
112, 186, -1
112, 200, -1
112, 190, -1
112, 213, -1
129, 201, -1
129, 207, -1
129, 189, -1
129, 185, -1
129, 209, -1
129, 188, -1
129, 186, -1
129, 200, -1
129, 190, -1
129, 213, -1
70, 201, -1
70, 207, -1
70, 189, -1
70, 185, -1
70, 209, -1
70, 188, -1
70, 186, -1
70, 200, -1
70, 190, -1
70, 213, -1
101, 201, -1
101, 207, -1
101, 189, -1
101, 185, -1
101, 209, -1
101, 188, -1
101, 186, -1
101, 200, -1
101, 190, -1
101, 213, -1
104, 201, -1
104, 207, -1
104, 189, -1
104, 185, -1
104, 209, -1
104, 188, -1
104, 186, -1
104, 200, -1
104, 190, -1
104, 213, -1
71, 69, -1
71, 21, -1
71, 63, -1
107, 69, -1
107, 21, -1
107, 63, -1
108, 69, -1
108, 21, -1
108, 63, -1
106, 69, -1
106, 21, -1
106, 63, -1
103, 69, -1
103, 21, -1
103, 63, -1
110, 69, -1
110, 21, -1
110, 63, -1
102, 69, -1
102, 21, -1
102, 63, -1
131, 69, -1
131, 21, -1
131, 63, -1
105, 69, -1
105, 21, -1
105, 63, -1
109, 69, -1
109, 21, -1
109, 63, -1
84, 69, -1
84, 21, -1
84, 63, -1
89, 69, -1
89, 21, -1
89, 63, -1
112, 69, -1
112, 21, -1
112, 63, -1
129, 69, -1
129, 21, -1
129, 63, -1
70, 69, -1
70, 21, -1
70, 63, -1
101, 69, -1
101, 21, -1
101, 63, -1
104, 69, -1
104, 21, -1
104, 63, -1
71, 152, -1
107, 152, -1
108, 152, -1
106, 152, -1
103, 152, -1
110, 152, -1
102, 152, -1
131, 152, -1
105, 152, -1
109, 152, -1
84, 152, -1
89, 152, -1
112, 152, -1
129, 152, -1
70, 152, -1
101, 152, -1
104, 152, -1
171, 71, -1
171, 107, -1
171, 108, -1
171, 106, -1
171, 103, -1
171, 110, -1
171, 102, -1
171, 131, -1
171, 105, -1
171, 109, -1
171, 84, -1
171, 89, -1
171, 112, -1
171, 129, -1
171, 70, -1
171, 101, -1
171, 104, -1
163, 71, -1
163, 107, -1
163, 108, -1
163, 106, -1
163, 103, -1
163, 110, -1
163, 102, -1
163, 131, -1
163, 105, -1
163, 109, -1
163, 84, -1
163, 89, -1
163, 112, -1
163, 129, -1
163, 70, -1
163, 101, -1
163, 104, -1
166, 71, -1
166, 107, -1
166, 108, -1
166, 106, -1
166, 103, -1
166, 110, -1
166, 102, -1
166, 131, -1
166, 105, -1
166, 109, -1
166, 84, -1
166, 89, -1
166, 112, -1
166, 129, -1
166, 70, -1
166, 101, -1
166, 104, -1
168, 71, -1
168, 107, -1
168, 108, -1
168, 106, -1
168, 103, -1
168, 110, -1
168, 102, -1
168, 131, -1
168, 105, -1
168, 109, -1
168, 84, -1
168, 89, -1
168, 112, -1
168, 129, -1
168, 70, -1
168, 101, -1
168, 104, -1
174, 71, -1
174, 107, -1
174, 108, -1
174, 106, -1
174, 103, -1
174, 110, -1
174, 102, -1
174, 131, -1
174, 105, -1
174, 109, -1
174, 84, -1
174, 89, -1
174, 112, -1
174, 129, -1
174, 70, -1
174, 101, -1
174, 104, -1
175, 71, -1
175, 107, -1
175, 108, -1
175, 106, -1
175, 103, -1
175, 110, -1
175, 102, -1
175, 131, -1
175, 105, -1
175, 109, -1
175, 84, -1
175, 89, -1
175, 112, -1
175, 129, -1
175, 70, -1
175, 101, -1
175, 104, -1
170, 71, -1
170, 107, -1
170, 108, -1
170, 106, -1
170, 103, -1
170, 110, -1
170, 102, -1
170, 131, -1
170, 105, -1
170, 109, -1
170, 84, -1
170, 89, -1
170, 112, -1
170, 129, -1
170, 70, -1
170, 101, -1
170, 104, -1
171, 184, -1
171, 180, -1
171, 178, -1
171, 181, -1
171, 182, -1
163, 184, -1
163, 180, -1
163, 178, -1
163, 181, -1
163, 182, -1
166, 184, -1
166, 180, -1
166, 178, -1
166, 181, -1
166, 182, -1
168, 184, -1
168, 180, -1
168, 178, -1
168, 181, -1
168, 182, -1
174, 184, -1
174, 180, -1
174, 178, -1
174, 181, -1
174, 182, -1
175, 184, -1
175, 180, -1
175, 178, -1
175, 181, -1
175, 182, -1
170, 184, -1
170, 180, -1
170, 178, -1
170, 181, -1
170, 182, -1
171, 201, -1
171, 207, -1
171, 189, -1
171, 185, -1
171, 209, -1
171, 188, -1
171, 186, -1
171, 200, -1
171, 190, -1
171, 213, -1
163, 201, -1
163, 207, -1
163, 189, -1
163, 185, -1
163, 209, -1
163, 188, -1
163, 186, -1
163, 200, -1
163, 190, -1
163, 213, -1
166, 201, -1
166, 207, -1
166, 189, -1
166, 185, -1
166, 209, -1
166, 188, -1
166, 186, -1
166, 200, -1
166, 190, -1
166, 213, -1
168, 201, -1
168, 207, -1
168, 189, -1
168, 185, -1
168, 209, -1
168, 188, -1
168, 186, -1
168, 200, -1
168, 190, -1
168, 213, -1
174, 201, -1
174, 207, -1
174, 189, -1
174, 185, -1
174, 209, -1
174, 188, -1
174, 186, -1
174, 200, -1
174, 190, -1
174, 213, -1
175, 201, -1
175, 207, -1
175, 189, -1
175, 185, -1
175, 209, -1
175, 188, -1
175, 186, -1
175, 200, -1
175, 190, -1
175, 213, -1
170, 201, -1
170, 207, -1
170, 189, -1
170, 185, -1
170, 209, -1
170, 188, -1
170, 186, -1
170, 200, -1
170, 190, -1
170, 213, -1
171, 69, -1
171, 21, -1
171, 63, -1
163, 69, -1
163, 21, -1
163, 63, -1
166, 69, -1
166, 21, -1
166, 63, -1
168, 69, -1
168, 21, -1
168, 63, -1
174, 69, -1
174, 21, -1
174, 63, -1
175, 69, -1
175, 21, -1
175, 63, -1
170, 69, -1
170, 21, -1
170, 63, -1
171, 152, -1
163, 152, -1
166, 152, -1
168, 152, -1
174, 152, -1
175, 152, -1
170, 152, -1
184, 71, -1
184, 107, -1
184, 108, -1
184, 106, -1
184, 103, -1
184, 110, -1
184, 102, -1
184, 131, -1
184, 105, -1
184, 109, -1
184, 84, -1
184, 89, -1
184, 112, -1
184, 129, -1
184, 70, -1
184, 101, -1
184, 104, -1
180, 71, -1
180, 107, -1
180, 108, -1
180, 106, -1
180, 103, -1
180, 110, -1
180, 102, -1
180, 131, -1
180, 105, -1
180, 109, -1
180, 84, -1
180, 89, -1
180, 112, -1
180, 129, -1
180, 70, -1
180, 101, -1
180, 104, -1
178, 71, -1
178, 107, -1
178, 108, -1
178, 106, -1
178, 103, -1
178, 110, -1
178, 102, -1
178, 131, -1
178, 105, -1
178, 109, -1
178, 84, -1
178, 89, -1
178, 112, -1
178, 129, -1
178, 70, -1
178, 101, -1
178, 104, -1
181, 71, -1
181, 107, -1
181, 108, -1
181, 106, -1
181, 103, -1
181, 110, -1
181, 102, -1
181, 131, -1
181, 105, -1
181, 109, -1
181, 84, -1
181, 89, -1
181, 112, -1
181, 129, -1
181, 70, -1
181, 101, -1
181, 104, -1
182, 71, -1
182, 107, -1
182, 108, -1
182, 106, -1
182, 103, -1
182, 110, -1
182, 102, -1
182, 131, -1
182, 105, -1
182, 109, -1
182, 84, -1
182, 89, -1
182, 112, -1
182, 129, -1
182, 70, -1
182, 101, -1
182, 104, -1
184, 171, -1
184, 163, -1
184, 166, -1
184, 168, -1
184, 174, -1
184, 175, -1
184, 170, -1
180, 171, -1
180, 163, -1
180, 166, -1
180, 168, -1
180, 174, -1
180, 175, -1
180, 170, -1
178, 171, -1
178, 163, -1
178, 166, -1
178, 168, -1
178, 174, -1
178, 175, -1
178, 170, -1
181, 171, -1
181, 163, -1
181, 166, -1
181, 168, -1
181, 174, -1
181, 175, -1
181, 170, -1
182, 171, -1
182, 163, -1
182, 166, -1
182, 168, -1
182, 174, -1
182, 175, -1
182, 170, -1
184, 201, -1
184, 207, -1
184, 189, -1
184, 185, -1
184, 209, -1
184, 188, -1
184, 186, -1
184, 200, -1
184, 190, -1
184, 213, -1
180, 201, -1
180, 207, -1
180, 189, -1
180, 185, -1
180, 209, -1
180, 188, -1
180, 186, -1
180, 200, -1
180, 190, -1
180, 213, -1
178, 201, -1
178, 207, -1
178, 189, -1
178, 185, -1
178, 209, -1
178, 188, -1
178, 186, -1
178, 200, -1
178, 190, -1
178, 213, -1
181, 201, -1
181, 207, -1
181, 189, -1
181, 185, -1
181, 209, -1
181, 188, -1
181, 186, -1
181, 200, -1
181, 190, -1
181, 213, -1
182, 201, -1
182, 207, -1
182, 189, -1
182, 185, -1
182, 209, -1
182, 188, -1
182, 186, -1
182, 200, -1
182, 190, -1
182, 213, -1
184, 69, -1
184, 21, -1
184, 63, -1
180, 69, -1
180, 21, -1
180, 63, -1
178, 69, -1
178, 21, -1
178, 63, -1
181, 69, -1
181, 21, -1
181, 63, -1
182, 69, -1
182, 21, -1
182, 63, -1
184, 152, -1
180, 152, -1
178, 152, -1
181, 152, -1
182, 152, -1
201, 71, -1
201, 107, -1
201, 108, -1
201, 106, -1
201, 103, -1
201, 110, -1
201, 102, -1
201, 131, -1
201, 105, -1
201, 109, -1
201, 84, -1
201, 89, -1
201, 112, -1
201, 129, -1
201, 70, -1
201, 101, -1
201, 104, -1
207, 71, -1
207, 107, -1
207, 108, -1
207, 106, -1
207, 103, -1
207, 110, -1
207, 102, -1
207, 131, -1
207, 105, -1
207, 109, -1
207, 84, -1
207, 89, -1
207, 112, -1
207, 129, -1
207, 70, -1
207, 101, -1
207, 104, -1
189, 71, -1
189, 107, -1
189, 108, -1
189, 106, -1
189, 103, -1
189, 110, -1
189, 102, -1
189, 131, -1
189, 105, -1
189, 109, -1
189, 84, -1
189, 89, -1
189, 112, -1
189, 129, -1
189, 70, -1
189, 101, -1
189, 104, -1
185, 71, -1
185, 107, -1
185, 108, -1
185, 106, -1
185, 103, -1
185, 110, -1
185, 102, -1
185, 131, -1
185, 105, -1
185, 109, -1
185, 84, -1
185, 89, -1
185, 112, -1
185, 129, -1
185, 70, -1
185, 101, -1
185, 104, -1
209, 71, -1
209, 107, -1
209, 108, -1
209, 106, -1
209, 103, -1
209, 110, -1
209, 102, -1
209, 131, -1
209, 105, -1
209, 109, -1
209, 84, -1
209, 89, -1
209, 112, -1
209, 129, -1
209, 70, -1
209, 101, -1
209, 104, -1
188, 71, -1
188, 107, -1
188, 108, -1
188, 106, -1
188, 103, -1
188, 110, -1
188, 102, -1
188, 131, -1
188, 105, -1
188, 109, -1
188, 84, -1
188, 89, -1
188, 112, -1
188, 129, -1
188, 70, -1
188, 101, -1
188, 104, -1
186, 71, -1
186, 107, -1
186, 108, -1
186, 106, -1
186, 103, -1
186, 110, -1
186, 102, -1
186, 131, -1
186, 105, -1
186, 109, -1
186, 84, -1
186, 89, -1
186, 112, -1
186, 129, -1
186, 70, -1
186, 101, -1
186, 104, -1
200, 71, -1
200, 107, -1
200, 108, -1
200, 106, -1
200, 103, -1
200, 110, -1
200, 102, -1
200, 131, -1
200, 105, -1
200, 109, -1
200, 84, -1
200, 89, -1
200, 112, -1
200, 129, -1
200, 70, -1
200, 101, -1
200, 104, -1
190, 71, -1
190, 107, -1
190, 108, -1
190, 106, -1
190, 103, -1
190, 110, -1
190, 102, -1
190, 131, -1
190, 105, -1
190, 109, -1
190, 84, -1
190, 89, -1
190, 112, -1
190, 129, -1
190, 70, -1
190, 101, -1
190, 104, -1
213, 71, -1
213, 107, -1
213, 108, -1
213, 106, -1
213, 103, -1
213, 110, -1
213, 102, -1
213, 131, -1
213, 105, -1
213, 109, -1
213, 84, -1
213, 89, -1
213, 112, -1
213, 129, -1
213, 70, -1
213, 101, -1
213, 104, -1
201, 171, -1
201, 163, -1
201, 166, -1
201, 168, -1
201, 174, -1
201, 175, -1
201, 170, -1
207, 171, -1
207, 163, -1
207, 166, -1
207, 168, -1
207, 174, -1
207, 175, -1
207, 170, -1
189, 171, -1
189, 163, -1
189, 166, -1
189, 168, -1
189, 174, -1
189, 175, -1
189, 170, -1
185, 171, -1
185, 163, -1
185, 166, -1
185, 168, -1
185, 174, -1
185, 175, -1
185, 170, -1
209, 171, -1
209, 163, -1
209, 166, -1
209, 168, -1
209, 174, -1
209, 175, -1
209, 170, -1
188, 171, -1
188, 163, -1
188, 166, -1
188, 168, -1
188, 174, -1
188, 175, -1
188, 170, -1
186, 171, -1
186, 163, -1
186, 166, -1
186, 168, -1
186, 174, -1
186, 175, -1
186, 170, -1
200, 171, -1
200, 163, -1
200, 166, -1
200, 168, -1
200, 174, -1
200, 175, -1
200, 170, -1
190, 171, -1
190, 163, -1
190, 166, -1
190, 168, -1
190, 174, -1
190, 175, -1
190, 170, -1
213, 171, -1
213, 163, -1
213, 166, -1
213, 168, -1
213, 174, -1
213, 175, -1
213, 170, -1
201, 184, -1
201, 180, -1
201, 178, -1
201, 181, -1
201, 182, -1
207, 184, -1
207, 180, -1
207, 178, -1
207, 181, -1
207, 182, -1
189, 184, -1
189, 180, -1
189, 178, -1
189, 181, -1
189, 182, -1
185, 184, -1
185, 180, -1
185, 178, -1
185, 181, -1
185, 182, -1
209, 184, -1
209, 180, -1
209, 178, -1
209, 181, -1
209, 182, -1
188, 184, -1
188, 180, -1
188, 178, -1
188, 181, -1
188, 182, -1
186, 184, -1
186, 180, -1
186, 178, -1
186, 181, -1
186, 182, -1
200, 184, -1
200, 180, -1
200, 178, -1
200, 181, -1
200, 182, -1
190, 184, -1
190, 180, -1
190, 178, -1
190, 181, -1
190, 182, -1
213, 184, -1
213, 180, -1
213, 178, -1
213, 181, -1
213, 182, -1
201, 69, -1
201, 21, -1
201, 63, -1
207, 69, -1
207, 21, -1
207, 63, -1
189, 69, -1
189, 21, -1
189, 63, -1
185, 69, -1
185, 21, -1
185, 63, -1
209, 69, -1
209, 21, -1
209, 63, -1
188, 69, -1
188, 21, -1
188, 63, -1
186, 69, -1
186, 21, -1
186, 63, -1
200, 69, -1
200, 21, -1
200, 63, -1
190, 69, -1
190, 21, -1
190, 63, -1
213, 69, -1
213, 21, -1
213, 63, -1
201, 152, -1
207, 152, -1
189, 152, -1
185, 152, -1
209, 152, -1
188, 152, -1
186, 152, -1
200, 152, -1
190, 152, -1
213, 152, -1
69, 71, -1
69, 107, -1
69, 108, -1
69, 106, -1
69, 103, -1
69, 110, -1
69, 102, -1
69, 131, -1
69, 105, -1
69, 109, -1
69, 84, -1
69, 89, -1
69, 112, -1
69, 129, -1
69, 70, -1
69, 101, -1
69, 104, -1
21, 71, -1
21, 107, -1
21, 108, -1
21, 106, -1
21, 103, -1
21, 110, -1
21, 102, -1
21, 131, -1
21, 105, -1
21, 109, -1
21, 84, -1
21, 89, -1
21, 112, -1
21, 129, -1
21, 70, -1
21, 101, -1
21, 104, -1
63, 71, -1
63, 107, -1
63, 108, -1
63, 106, -1
63, 103, -1
63, 110, -1
63, 102, -1
63, 131, -1
63, 105, -1
63, 109, -1
63, 84, -1
63, 89, -1
63, 112, -1
63, 129, -1
63, 70, -1
63, 101, -1
63, 104, -1
69, 171, -1
69, 163, -1
69, 166, -1
69, 168, -1
69, 174, -1
69, 175, -1
69, 170, -1
21, 171, -1
21, 163, -1
21, 166, -1
21, 168, -1
21, 174, -1
21, 175, -1
21, 170, -1
63, 171, -1
63, 163, -1
63, 166, -1
63, 168, -1
63, 174, -1
63, 175, -1
63, 170, -1
69, 184, -1
69, 180, -1
69, 178, -1
69, 181, -1
69, 182, -1
21, 184, -1
21, 180, -1
21, 178, -1
21, 181, -1
21, 182, -1
63, 184, -1
63, 180, -1
63, 178, -1
63, 181, -1
63, 182, -1
69, 201, -1
69, 207, -1
69, 189, -1
69, 185, -1
69, 209, -1
69, 188, -1
69, 186, -1
69, 200, -1
69, 190, -1
69, 213, -1
21, 201, -1
21, 207, -1
21, 189, -1
21, 185, -1
21, 209, -1
21, 188, -1
21, 186, -1
21, 200, -1
21, 190, -1
21, 213, -1
63, 201, -1
63, 207, -1
63, 189, -1
63, 185, -1
63, 209, -1
63, 188, -1
63, 186, -1
63, 200, -1
63, 190, -1
63, 213, -1
69, 152, -1
21, 152, -1
63, 152, -1
152, 71, -1
152, 107, -1
152, 108, -1
152, 106, -1
152, 103, -1
152, 110, -1
152, 102, -1
152, 131, -1
152, 105, -1
152, 109, -1
152, 84, -1
152, 89, -1
152, 112, -1
152, 129, -1
152, 70, -1
152, 101, -1
152, 104, -1
152, 171, -1
152, 163, -1
152, 166, -1
152, 168, -1
152, 174, -1
152, 175, -1
152, 170, -1
152, 184, -1
152, 180, -1
152, 178, -1
152, 181, -1
152, 182, -1
152, 201, -1
152, 207, -1
152, 189, -1
152, 185, -1
152, 209, -1
152, 188, -1
152, 186, -1
152, 200, -1
152, 190, -1
152, 213, -1
152, 69, -1
152, 21, -1
152, 63, -1

