171, 163, 1
163, 171, 1
22, 107, -1
22, 171, -1
22, 163, -1
22, 184, -1
107, 22, -1
107, 171, -1
107, 163, -1
107, 184, -1
171, 22, -1
163, 22, -1
171, 107, -1
163, 107, -1
171, 184, -1
163, 184, -1
184, 22, -1
184, 107, -1
184, 171, -1
184, 163, -1

107, 108, 1
107, 106, 1
108, 107, 1
108, 106, 1
106, 107, 1
106, 108, 1
171, 163, 1
163, 171, 1
22, 107, -1
22, 108, -1
22, 106, -1
22, 171, -1
22, 163, -1
22, 184, -1
22, 201, -1
107, 22, -1
108, 22, -1
106, 22, -1
107, 171, -1
107, 163, -1
108, 171, -1
108, 163, -1
106, 171, -1
106, 163, -1
107, 184, -1
108, 184, -1
106, 184, -1
107, 201, -1
108, 201, -1
106, 201, -1
171, 22, -1
163, 22, -1
171, 107, -1
171, 108, -1
171, 106, -1
163, 107, -1
163, 108, -1
163, 106, -1
171, 184, -1
163, 184, -1
171, 201, -1
163, 201, -1
184, 22, -1
184, 107, -1
184, 108, -1
184, 106, -1
184, 171, -1
184, 163, -1
184, 201, -1
201, 22, -1
201, 107, -1
201, 108, -1
201, 106, -1
201, 171, -1
201, 163, -1
201, 184, -1

107, 108, 1
107, 106, 1
108, 107, 1
108, 106, 1
106, 107, 1
106, 108, 1
171, 163, 1
163, 171, 1
201, 207, 1
201, 189, 1
207, 201, 1
207, 189, 1
189, 201, 1
189, 207, 1
22, 107, -1
22, 108, -1
22, 106, -1
22, 171, -1
22, 163, -1
22, 184, -1
22, 201, -1
22, 207, -1
22, 189, -1
107, 22, -1
108, 22, -1
106, 22, -1
107, 171, -1
107, 163, -1
108, 171, -1
108, 163, -1
106, 171, -1
106, 163, -1
107, 184, -1
108, 184, -1
106, 184, -1
107, 201, -1
107, 207, -1
107, 189, -1
108, 201, -1
108, 207, -1
108, 189, -1
106, 201, -1
106, 207, -1
106, 189, -1
171, 22, -1
163, 22, -1
171, 107, -1
171, 108, -1
171, 106, -1
163, 107, -1
163, 108, -1
163, 106, -1
171, 184, -1
163, 184, -1
171, 201, -1
171, 207, -1
171, 189, -1
163, 201, -1
163, 207, -1
163, 189, -1
184, 22, -1
184, 107, -1
184, 108, -1
184, 106, -1
184, 171, -1
184, 163, -1
184, 201, -1
184, 207, -1
184, 189, -1
201, 22, -1
207, 22, -1
189, 22, -1
201, 107, -1
201, 108, -1
201, 106, -1
207, 107, -1
207, 108, -1
207, 106, -1
189, 107, -1
189, 108, -1
189, 106, -1
201, 171, -1
201, 163, -1
207, 171, -1
207, 163, -1
189, 171, -1
189, 163, -1
201, 184, -1
207, 184, -1
189, 184, -1

107, 108, 1
107, 106, 1
107, 103, 1
108, 107, 1
108, 106, 1
108, 103, 1
106, 107, 1
106, 108, 1
106, 103, 1
103, 107, 1
103, 108, 1
103, 106, 1
171, 163, 1
171, 166, 1
163, 171, 1
163, 166, 1
166, 171, 1
166, 163, 1
201, 207, 1
201, 189, 1
201, 185, 1
207, 201, 1
207, 189, 1
207, 185, 1
189, 201, 1
189, 207, 1
189, 185, 1
185, 201, 1
185, 207, 1
185, 189, 1
22, 107, -1
22, 108, -1
22, 106, -1
22, 103, -1
22, 171, -1
22, 163, -1
22, 166, -1
22, 184, -1
22, 201, -1
22, 207, -1
22, 189, -1
22, 185, -1
107, 22, -1
108, 22, -1
106, 22, -1
103, 22, -1
107, 171, -1
107, 163, -1
107, 166, -1
108, 171, -1
108, 163, -1
108, 166, -1
106, 171, -1
106, 163, -1
106, 166, -1
103, 171, -1
103, 163, -1
103, 166, -1
107, 184, -1
108, 184, -1
106, 184, -1
103, 184, -1
107, 201, -1
107, 207, -1
107, 189, -1
107, 185, -1
108, 201, -1
108, 207, -1
108, 189, -1
108, 185, -1
106, 201, -1
106, 207, -1
106, 189, -1
106, 185, -1
103, 201, -1
103, 207, -1
103, 189, -1
103, 185, -1
171, 22, -1
163, 22, -1
166, 22, -1
171, 107, -1
171, 108, -1
171, 106, -1
171, 103, -1
163, 107, -1
163, 108, -1
163, 106, -1
163, 103, -1
166, 107, -1
166, 108, -1
166, 106, -1
166, 103, -1
171, 184, -1
163, 184, -1
166, 184, -1
171, 201, -1
171, 207, -1
171, 189, -1
171, 185, -1
163, 201, -1
163, 207, -1
163, 189, -1
163, 185, -1
166, 201, -1
166, 207, -1
166, 189, -1
166, 185, -1
184, 22, -1
184, 107, -1
184, 108, -1
184, 106, -1
184, 103, -1
184, 171, -1
184, 163, -1
184, 166, -1
184, 201, -1
184, 207, -1
184, 189, -1
184, 185, -1
201, 22, -1
207, 22, -1
189, 22, -1
185, 22, -1
201, 107, -1
201, 108, -1
201, 106, -1
201, 103, -1
207, 107, -1
207, 108, -1
207, 106, -1
207, 103, -1
189, 107, -1
189, 108, -1
189, 106, -1
189, 103, -1
185, 107, -1
185, 108, -1
185, 106, -1
185, 103, -1
201, 171, -1
201, 163, -1
201, 166, -1
207, 171, -1
207, 163, -1
207, 166, -1
189, 171, -1
189, 163, -1
189, 166, -1
185, 171, -1
185, 163, -1
185, 166, -1
201, 184, -1
207, 184, -1
189, 184, -1
185, 184, -1

107, 108, 1
107, 106, 1
107, 103, 1
107, 110, 1
107, 70, 1
108, 107, 1
108, 106, 1
108, 103, 1
108, 110, 1
108, 70, 1
106, 107, 1
106, 108, 1
106, 103, 1
106, 110, 1
106, 70, 1
103, 107, 1
103, 108, 1
103, 106, 1
103, 110, 1
103, 70, 1
110, 107, 1
110, 108, 1
110, 106, 1
110, 103, 1
110, 70, 1
70, 107, 1
70, 108, 1
70, 106, 1
70, 103, 1
70, 110, 1
171, 163, 1
171, 166, 1
163, 171, 1
163, 166, 1
166, 171, 1
166, 163, 1
201, 207, 1
201, 189, 1
201, 185, 1
201, 202, 1
207, 201, 1
207, 189, 1
207, 185, 1
207, 202, 1
189, 201, 1
189, 207, 1
189, 185, 1
189, 202, 1
185, 201, 1
185, 207, 1
185, 189, 1
185, 202, 1
202, 201, 1
202, 207, 1
202, 189, 1
202, 185, 1
22, 107, -1
22, 108, -1
22, 106, -1
22, 103, -1
22, 110, -1
22, 70, -1
22, 171, -1
22, 163, -1
22, 166, -1
22, 184, -1
22, 201, -1
22, 207, -1
22, 189, -1
22, 185, -1
22, 202, -1
107, 22, -1
108, 22, -1
106, 22, -1
103, 22, -1
110, 22, -1
70, 22, -1
107, 171, -1
107, 163, -1
107, 166, -1
108, 171, -1
108, 163, -1
108, 166, -1
106, 171, -1
106, 163, -1
106, 166, -1
103, 171, -1
103, 163, -1
103, 166, -1
110, 171, -1
110, 163, -1
110, 166, -1
70, 171, -1
70, 163, -1
70, 166, -1
107, 184, -1
108, 184, -1
106, 184, -1
103, 184, -1
110, 184, -1
70, 184, -1
107, 201, -1
107, 207, -1
107, 189, -1
107, 185, -1
107, 202, -1
108, 201, -1
108, 207, -1
108, 189, -1
108, 185, -1
108, 202, -1
106, 201, -1
106, 207, -1
106, 189, -1
106, 185, -1
106, 202, -1
103, 201, -1
103, 207, -1
103, 189, -1
103, 185, -1
103, 202, -1
110, 201, -1
110, 207, -1
110, 189, -1
110, 185, -1
110, 202, -1
70, 201, -1
70, 207, -1
70, 189, -1
70, 185, -1
70, 202, -1
171, 22, -1
163, 22, -1
166, 22, -1
171, 107, -1
171, 108, -1
171, 106, -1
171, 103, -1
171, 110, -1
171, 70, -1
163, 107, -1
163, 108, -1
163, 106, -1
163, 103, -1
163, 110, -1
163, 70, -1
166, 107, -1
166, 108, -1
166, 106, -1
166, 103, -1
166, 110, -1
166, 70, -1
171, 184, -1
163, 184, -1
166, 184, -1
171, 201, -1
171, 207, -1
171, 189, -1
171, 185, -1
171, 202, -1
163, 201, -1
163, 207, -1
163, 189, -1
163, 185, -1
163, 202, -1
166, 201, -1
166, 207, -1
166, 189, -1
166, 185, -1
166, 202, -1
184, 22, -1
184, 107, -1
184, 108, -1
184, 106, -1
184, 103, -1
184, 110, -1
184, 70, -1
184, 171, -1
184, 163, -1
184, 166, -1
184, 201, -1
184, 207, -1
184, 189, -1
184, 185, -1
184, 202, -1
201, 22, -1
207, 22, -1
189, 22, -1
185, 22, -1
202, 22, -1
201, 107, -1
201, 108, -1
201, 106, -1
201, 103, -1
201, 110, -1
201, 70, -1
207, 107, -1
207, 108, -1
207, 106, -1
207, 103, -1
207, 110, -1
207, 70, -1
189, 107, -1
189, 108, -1
189, 106, -1
189, 103, -1
189, 110, -1
189, 70, -1
185, 107, -1
185, 108, -1
185, 106, -1
185, 103, -1
185, 110, -1
185, 70, -1
202, 107, -1
202, 108, -1
202, 106, -1
202, 103, -1
202, 110, -1
202, 70, -1
201, 171, -1
201, 163, -1
201, 166, -1
207, 171, -1
207, 163, -1
207, 166, -1
189, 171, -1
189, 163, -1
189, 166, -1
185, 171, -1
185, 163, -1
185, 166, -1
202, 171, -1
202, 163, -1
202, 166, -1
201, 184, -1
207, 184, -1
189, 184, -1
185, 184, -1
202, 184, -1

107, 108, 1
107, 106, 1
107, 103, 1
107, 110, 1
107, 70, 1
107, 131, 1
108, 107, 1
108, 106, 1
108, 103, 1
108, 110, 1
108, 70, 1
108, 131, 1
106, 107, 1
106, 108, 1
106, 103, 1
106, 110, 1
106, 70, 1
106, 131, 1
103, 107, 1
103, 108, 1
103, 106, 1
103, 110, 1
103, 70, 1
103, 131, 1
110, 107, 1
110, 108, 1
110, 106, 1
110, 103, 1
110, 70, 1
110, 131, 1
70, 107, 1
70, 108, 1
70, 106, 1
70, 103, 1
70, 110, 1
70, 131, 1
131, 107, 1
131, 108, 1
131, 106, 1
131, 103, 1
131, 110, 1
131, 70, 1
171, 163, 1
171, 166, 1
171, 168, 1
171, 174, 1
163, 171, 1
163, 166, 1
163, 168, 1
163, 174, 1
166, 171, 1
166, 163, 1
166, 168, 1
166, 174, 1
168, 171, 1
168, 163, 1
168, 166, 1
168, 174, 1
174, 171, 1
174, 163, 1
174, 166, 1
174, 168, 1
201, 207, 1
201, 189, 1
201, 185, 1
201, 202, 1
207, 201, 1
207, 189, 1
207, 185, 1
207, 202, 1
189, 201, 1
189, 207, 1
189, 185, 1
189, 202, 1
185, 201, 1
185, 207, 1
185, 189, 1
185, 202, 1
202, 201, 1
202, 207, 1
202, 189, 1
202, 185, 1
22, 107, -1
22, 108, -1
22, 106, -1
22, 103, -1
22, 110, -1
22, 70, -1
22, 131, -1
22, 171, -1
22, 163, -1
22, 166, -1
22, 168, -1
22, 174, -1
22, 184, -1
22, 201, -1
22, 207, -1
22, 189, -1
22, 185, -1
22, 202, -1
107, 22, -1
108, 22, -1
106, 22, -1
103, 22, -1
110, 22, -1
70, 22, -1
131, 22, -1
107, 171, -1
107, 163, -1
107, 166, -1
107, 168, -1
107, 174, -1
108, 171, -1
108, 163, -1
108, 166, -1
108, 168, -1
108, 174, -1
106, 171, -1
106, 163, -1
106, 166, -1
106, 168, -1
106, 174, -1
103, 171, -1
103, 163, -1
103, 166, -1
103, 168, -1
103, 174, -1
110, 171, -1
110, 163, -1
110, 166, -1
110, 168, -1
110, 174, -1
70, 171, -1
70, 163, -1
70, 166, -1
70, 168, -1
70, 174, -1
131, 171, -1
131, 163, -1
131, 166, -1
131, 168, -1
131, 174, -1
107, 184, -1
108, 184, -1
106, 184, -1
103, 184, -1
110, 184, -1
70, 184, -1
131, 184, -1
107, 201, -1
107, 207, -1
107, 189, -1
107, 185, -1
107, 202, -1
108, 201, -1
108, 207, -1
108, 189, -1
108, 185, -1
108, 202, -1
106, 201, -1
106, 207, -1
106, 189, -1
106, 185, -1
106, 202, -1
103, 201, -1
103, 207, -1
103, 189, -1
103, 185, -1
103, 202, -1
110, 201, -1
110, 207, -1
110, 189, -1
110, 185, -1
110, 202, -1
70, 201, -1
70, 207, -1
70, 189, -1
70, 185, -1
70, 202, -1
131, 201, -1
131, 207, -1
131, 189, -1
131, 185, -1
131, 202, -1
171, 22, -1
163, 22, -1
166, 22, -1
168, 22, -1
174, 22, -1
171, 107, -1
171, 108, -1
171, 106, -1
171, 103, -1
171, 110, -1
171, 70, -1
171, 131, -1
163, 107, -1
163, 108, -1
163, 106, -1
163, 103, -1
163, 110, -1
163, 70, -1
163, 131, -1
166, 107, -1
166, 108, -1
166, 106, -1
166, 103, -1
166, 110, -1
166, 70, -1
166, 131, -1
168, 107, -1
168, 108, -1
168, 106, -1
168, 103, -1
168, 110, -1
168, 70, -1
168, 131, -1
174, 107, -1
174, 108, -1
174, 106, -1
174, 103, -1
174, 110, -1
174, 70, -1
174, 131, -1
171, 184, -1
163, 184, -1
166, 184, -1
168, 184, -1
174, 184, -1
171, 201, -1
171, 207, -1
171, 189, -1
171, 185, -1
171, 202, -1
163, 201, -1
163, 207, -1
163, 189, -1
163, 185, -1
163, 202, -1
166, 201, -1
166, 207, -1
166, 189, -1
166, 185, -1
166, 202, -1
168, 201, -1
168, 207, -1
168, 189, -1
168, 185, -1
168, 202, -1
174, 201, -1
174, 207, -1
174, 189, -1
174, 185, -1
174, 202, -1
184, 22, -1
184, 107, -1
184, 108, -1
184, 106, -1
184, 103, -1
184, 110, -1
184, 70, -1
184, 131, -1
184, 171, -1
184, 163, -1
184, 166, -1
184, 168, -1
184, 174, -1
184, 201, -1
184, 207, -1
184, 189, -1
184, 185, -1
184, 202, -1
201, 22, -1
207, 22, -1
189, 22, -1
185, 22, -1
202, 22, -1
201, 107, -1
201, 108, -1
201, 106, -1
201, 103, -1
201, 110, -1
201, 70, -1
201, 131, -1
207, 107, -1
207, 108, -1
207, 106, -1
207, 103, -1
207, 110, -1
207, 70, -1
207, 131, -1
189, 107, -1
189, 108, -1
189, 106, -1
189, 103, -1
189, 110, -1
189, 70, -1
189, 131, -1
185, 107, -1
185, 108, -1
185, 106, -1
185, 103, -1
185, 110, -1
185, 70, -1
185, 131, -1
202, 107, -1
202, 108, -1
202, 106, -1
202, 103, -1
202, 110, -1
202, 70, -1
202, 131, -1
201, 171, -1
201, 163, -1
201, 166, -1
201, 168, -1
201, 174, -1
207, 171, -1
207, 163, -1
207, 166, -1
207, 168, -1
207, 174, -1
189, 171, -1
189, 163, -1
189, 166, -1
189, 168, -1
189, 174, -1
185, 171, -1
185, 163, -1
185, 166, -1
185, 168, -1
185, 174, -1
202, 171, -1
202, 163, -1
202, 166, -1
202, 168, -1
202, 174, -1
201, 184, -1
207, 184, -1
189, 184, -1
185, 184, -1
202, 184, -1

107, 108, 1
107, 106, 1
107, 103, 1
107, 110, 1
107, 70, 1
107, 131, 1
108, 107, 1
108, 106, 1
108, 103, 1
108, 110, 1
108, 70, 1
108, 131, 1
106, 107, 1
106, 108, 1
106, 103, 1
106, 110, 1
106, 70, 1
106, 131, 1
103, 107, 1
103, 108, 1
103, 106, 1
103, 110, 1
103, 70, 1
103, 131, 1
110, 107, 1
110, 108, 1
110, 106, 1
110, 103, 1
110, 70, 1
110, 131, 1
70, 107, 1
70, 108, 1
70, 106, 1
70, 103, 1
70, 110, 1
70, 131, 1
131, 107, 1
131, 108, 1
131, 106, 1
131, 103, 1
131, 110, 1
131, 70, 1
171, 163, 1
171, 166, 1
171, 168, 1
171, 174, 1
163, 171, 1
163, 166, 1
163, 168, 1
163, 174, 1
166, 171, 1
166, 163, 1
166, 168, 1
166, 174, 1
168, 171, 1
168, 163, 1
168, 166, 1
168, 174, 1
174, 171, 1
174, 163, 1
174, 166, 1
174, 168, 1
184, 180, 1
180, 184, 1
201, 207, 1
201, 189, 1
201, 185, 1
201, 202, 1
201, 188, 1
207, 201, 1
207, 189, 1
207, 185, 1
207, 202, 1
207, 188, 1
189, 201, 1
189, 207, 1
189, 185, 1
189, 202, 1
189, 188, 1
185, 201, 1
185, 207, 1
185, 189, 1
185, 202, 1
185, 188, 1
202, 201, 1
202, 207, 1
202, 189, 1
202, 185, 1
202, 188, 1
188, 201, 1
188, 207, 1
188, 189, 1
188, 185, 1
188, 202, 1
22, 107, -1
22, 108, -1
22, 106, -1
22, 103, -1
22, 110, -1
22, 70, -1
22, 131, -1
22, 171, -1
22, 163, -1
22, 166, -1
22, 168, -1
22, 174, -1
22, 184, -1
22, 180, -1
22, 201, -1
22, 207, -1
22, 189, -1
22, 185, -1
22, 202, -1
22, 188, -1
107, 22, -1
108, 22, -1
106, 22, -1
103, 22, -1
110, 22, -1
70, 22, -1
131, 22, -1
107, 171, -1
107, 163, -1
107, 166, -1
107, 168, -1
107, 174, -1
108, 171, -1
108, 163, -1
108, 166, -1
108, 168, -1
108, 174, -1
106, 171, -1
106, 163, -1
106, 166, -1
106, 168, -1
106, 174, -1
103, 171, -1
103, 163, -1
103, 166, -1
103, 168, -1
103, 174, -1
110, 171, -1
110, 163, -1
110, 166, -1
110, 168, -1
110, 174, -1
70, 171, -1
70, 163, -1
70, 166, -1
70, 168, -1
70, 174, -1
131, 171, -1
131, 163, -1
131, 166, -1
131, 168, -1
131, 174, -1
107, 184, -1
107, 180, -1
108, 184, -1
108, 180, -1
106, 184, -1
106, 180, -1
103, 184, -1
103, 180, -1
110, 184, -1
110, 180, -1
70, 184, -1
70, 180, -1
131, 184, -1
131, 180, -1
107, 201, -1
107, 207, -1
107, 189, -1
107, 185, -1
107, 202, -1
107, 188, -1
108, 201, -1
108, 207, -1
108, 189, -1
108, 185, -1
108, 202, -1
108, 188, -1
106, 201, -1
106, 207, -1
106, 189, -1
106, 185, -1
106, 202, -1
106, 188, -1
103, 201, -1
103, 207, -1
103, 189, -1
103, 185, -1
103, 202, -1
103, 188, -1
110, 201, -1
110, 207, -1
110, 189, -1
110, 185, -1
110, 202, -1
110, 188, -1
70, 201, -1
70, 207, -1
70, 189, -1
70, 185, -1
70, 202, -1
70, 188, -1
131, 201, -1
131, 207, -1
131, 189, -1
131, 185, -1
131, 202, -1
131, 188, -1
171, 22, -1
163, 22, -1
166, 22, -1
168, 22, -1
174, 22, -1
171, 107, -1
171, 108, -1
171, 106, -1
171, 103, -1
171, 110, -1
171, 70, -1
171, 131, -1
163, 107, -1
163, 108, -1
163, 106, -1
163, 103, -1
163, 110, -1
163, 70, -1
163, 131, -1
166, 107, -1
166, 108, -1
166, 106, -1
166, 103, -1
166, 110, -1
166, 70, -1
166, 131, -1
168, 107, -1
168, 108, -1
168, 106, -1
168, 103, -1
168, 110, -1
168, 70, -1
168, 131, -1
174, 107, -1
174, 108, -1
174, 106, -1
174, 103, -1
174, 110, -1
174, 70, -1
174, 131, -1
171, 184, -1
171, 180, -1
163, 184, -1
163, 180, -1
166, 184, -1
166, 180, -1
168, 184, -1
168, 180, -1
174, 184, -1
174, 180, -1
171, 201, -1
171, 207, -1
171, 189, -1
171, 185, -1
171, 202, -1
171, 188, -1
163, 201, -1
163, 207, -1
163, 189, -1
163, 185, -1
163, 202, -1
163, 188, -1
166, 201, -1
166, 207, -1
166, 189, -1
166, 185, -1
166, 202, -1
166, 188, -1
168, 201, -1
168, 207, -1
168, 189, -1
168, 185, -1
168, 202, -1
168, 188, -1
174, 201, -1
174, 207, -1
174, 189, -1
174, 185, -1
174, 202, -1
174, 188, -1
184, 22, -1
180, 22, -1
184, 107, -1
184, 108, -1
184, 106, -1
184, 103, -1
184, 110, -1
184, 70, -1
184, 131, -1
180, 107, -1
180, 108, -1
180, 106, -1
180, 103, -1
180, 110, -1
180, 70, -1
180, 131, -1
184, 171, -1
184, 163, -1
184, 166, -1
184, 168, -1
184, 174, -1
180, 171, -1
180, 163, -1
180, 166, -1
180, 168, -1
180, 174, -1
184, 201, -1
184, 207, -1
184, 189, -1
184, 185, -1
184, 202, -1
184, 188, -1
180, 201, -1
180, 207, -1
180, 189, -1
180, 185, -1
180, 202, -1
180, 188, -1
201, 22, -1
207, 22, -1
189, 22, -1
185, 22, -1
202, 22, -1
188, 22, -1
201, 107, -1
201, 108, -1
201, 106, -1
201, 103, -1
201, 110, -1
201, 70, -1
201, 131, -1
207, 107, -1
207, 108, -1
207, 106, -1
207, 103, -1
207, 110, -1
207, 70, -1
207, 131, -1
189, 107, -1
189, 108, -1
189, 106, -1
189, 103, -1
189, 110, -1
189, 70, -1
189, 131, -1
185, 107, -1
185, 108, -1
185, 106, -1
185, 103, -1
185, 110, -1
185, 70, -1
185, 131, -1
202, 107, -1
202, 108, -1
202, 106, -1
202, 103, -1
202, 110, -1
202, 70, -1
202, 131, -1
188, 107, -1
188, 108, -1
188, 106, -1
188, 103, -1
188, 110, -1
188, 70, -1
188, 131, -1
201, 171, -1
201, 163, -1
201, 166, -1
201, 168, -1
201, 174, -1
207, 171, -1
207, 163, -1
207, 166, -1
207, 168, -1
207, 174, -1
189, 171, -1
189, 163, -1
189, 166, -1
189, 168, -1
189, 174, -1
185, 171, -1
185, 163, -1
185, 166, -1
185, 168, -1
185, 174, -1
202, 171, -1
202, 163, -1
202, 166, -1
202, 168, -1
202, 174, -1
188, 171, -1
188, 163, -1
188, 166, -1
188, 168, -1
188, 174, -1
201, 184, -1
201, 180, -1
207, 184, -1
207, 180, -1
189, 184, -1
189, 180, -1
185, 184, -1
185, 180, -1
202, 184, -1
202, 180, -1
188, 184, -1
188, 180, -1

107, 108, 1
107, 106, 1
107, 103, 1
107, 110, 1
107, 70, 1
107, 131, 1
107, 144, 1
108, 107, 1
108, 106, 1
108, 103, 1
108, 110, 1
108, 70, 1
108, 131, 1
108, 144, 1
106, 107, 1
106, 108, 1
106, 103, 1
106, 110, 1
106, 70, 1
106, 131, 1
106, 144, 1
103, 107, 1
103, 108, 1
103, 106, 1
103, 110, 1
103, 70, 1
103, 131, 1
103, 144, 1
110, 107, 1
110, 108, 1
110, 106, 1
110, 103, 1
110, 70, 1
110, 131, 1
110, 144, 1
70, 107, 1
70, 108, 1
70, 106, 1
70, 103, 1
70, 110, 1
70, 131, 1
70, 144, 1
131, 107, 1
131, 108, 1
131, 106, 1
131, 103, 1
131, 110, 1
131, 70, 1
131, 144, 1
144, 107, 1
144, 108, 1
144, 106, 1
144, 103, 1
144, 110, 1
144, 70, 1
144, 131, 1
171, 163, 1
171, 166, 1
171, 168, 1
171, 174, 1
163, 171, 1
163, 166, 1
163, 168, 1
163, 174, 1
166, 171, 1
166, 163, 1
166, 168, 1
166, 174, 1
168, 171, 1
168, 163, 1
168, 166, 1
168, 174, 1
174, 171, 1
174, 163, 1
174, 166, 1
174, 168, 1
184, 180, 1
180, 184, 1
201, 207, 1
201, 189, 1
201, 185, 1
201, 202, 1
201, 188, 1
207, 201, 1
207, 189, 1
207, 185, 1
207, 202, 1
207, 188, 1
189, 201, 1
189, 207, 1
189, 185, 1
189, 202, 1
189, 188, 1
185, 201, 1
185, 207, 1
185, 189, 1
185, 202, 1
185, 188, 1
202, 201, 1
202, 207, 1
202, 189, 1
202, 185, 1
202, 188, 1
188, 201, 1
188, 207, 1
188, 189, 1
188, 185, 1
188, 202, 1
22, 107, -1
22, 108, -1
22, 106, -1
22, 103, -1
22, 110, -1
22, 70, -1
22, 131, -1
22, 144, -1
22, 171, -1
22, 163, -1
22, 166, -1
22, 168, -1
22, 174, -1
22, 184, -1
22, 180, -1
22, 201, -1
22, 207, -1
22, 189, -1
22, 185, -1
22, 202, -1
22, 188, -1
22, 151, -1
107, 22, -1
108, 22, -1
106, 22, -1
103, 22, -1
110, 22, -1
70, 22, -1
131, 22, -1
144, 22, -1
107, 171, -1
107, 163, -1
107, 166, -1
107, 168, -1
107, 174, -1
108, 171, -1
108, 163, -1
108, 166, -1
108, 168, -1
108, 174, -1
106, 171, -1
106, 163, -1
106, 166, -1
106, 168, -1
106, 174, -1
103, 171, -1
103, 163, -1
103, 166, -1
103, 168, -1
103, 174, -1
110, 171, -1
110, 163, -1
110, 166, -1
110, 168, -1
110, 174, -1
70, 171, -1
70, 163, -1
70, 166, -1
70, 168, -1
70, 174, -1
131, 171, -1
131, 163, -1
131, 166, -1
131, 168, -1
131, 174, -1
144, 171, -1
144, 163, -1
144, 166, -1
144, 168, -1
144, 174, -1
107, 184, -1
107, 180, -1
108, 184, -1
108, 180, -1
106, 184, -1
106, 180, -1
103, 184, -1
103, 180, -1
110, 184, -1
110, 180, -1
70, 184, -1
70, 180, -1
131, 184, -1
131, 180, -1
144, 184, -1
144, 180, -1
107, 201, -1
107, 207, -1
107, 189, -1
107, 185, -1
107, 202, -1
107, 188, -1
108, 201, -1
108, 207, -1
108, 189, -1
108, 185, -1
108, 202, -1
108, 188, -1
106, 201, -1
106, 207, -1
106, 189, -1
106, 185, -1
106, 202, -1
106, 188, -1
103, 201, -1
103, 207, -1
103, 189, -1
103, 185, -1
103, 202, -1
103, 188, -1
110, 201, -1
110, 207, -1
110, 189, -1
110, 185, -1
110, 202, -1
110, 188, -1
70, 201, -1
70, 207, -1
70, 189, -1
70, 185, -1
70, 202, -1
70, 188, -1
131, 201, -1
131, 207, -1
131, 189, -1
131, 185, -1
131, 202, -1
131, 188, -1
144, 201, -1
144, 207, -1
144, 189, -1
144, 185, -1
144, 202, -1
144, 188, -1
107, 151, -1
108, 151, -1
106, 151, -1
103, 151, -1
110, 151, -1
70, 151, -1
131, 151, -1
144, 151, -1
171, 22, -1
163, 22, -1
166, 22, -1
168, 22, -1
174, 22, -1
171, 107, -1
171, 108, -1
171, 106, -1
171, 103, -1
171, 110, -1
171, 70, -1
171, 131, -1
171, 144, -1
163, 107, -1
163, 108, -1
163, 106, -1
163, 103, -1
163, 110, -1
163, 70, -1
163, 131, -1
163, 144, -1
166, 107, -1
166, 108, -1
166, 106, -1
166, 103, -1
166, 110, -1
166, 70, -1
166, 131, -1
166, 144, -1
168, 107, -1
168, 108, -1
168, 106, -1
168, 103, -1
168, 110, -1
168, 70, -1
168, 131, -1
168, 144, -1
174, 107, -1
174, 108, -1
174, 106, -1
174, 103, -1
174, 110, -1
174, 70, -1
174, 131, -1
174, 144, -1
171, 184, -1
171, 180, -1
163, 184, -1
163, 180, -1
166, 184, -1
166, 180, -1
168, 184, -1
168, 180, -1
174, 184, -1
174, 180, -1
171, 201, -1
171, 207, -1
171, 189, -1
171, 185, -1
171, 202, -1
171, 188, -1
163, 201, -1
163, 207, -1
163, 189, -1
163, 185, -1
163, 202, -1
163, 188, -1
166, 201, -1
166, 207, -1
166, 189, -1
166, 185, -1
166, 202, -1
166, 188, -1
168, 201, -1
168, 207, -1
168, 189, -1
168, 185, -1
168, 202, -1
168, 188, -1
174, 201, -1
174, 207, -1
174, 189, -1
174, 185, -1
174, 202, -1
174, 188, -1
171, 151, -1
163, 151, -1
166, 151, -1
168, 151, -1
174, 151, -1
184, 22, -1
180, 22, -1
184, 107, -1
184, 108, -1
184, 106, -1
184, 103, -1
184, 110, -1
184, 70, -1
184, 131, -1
184, 144, -1
180, 107, -1
180, 108, -1
180, 106, -1
180, 103, -1
180, 110, -1
180, 70, -1
180, 131, -1
180, 144, -1
184, 171, -1
184, 163, -1
184, 166, -1
184, 168, -1
184, 174, -1
180, 171, -1
180, 163, -1
180, 166, -1
180, 168, -1
180, 174, -1
184, 201, -1
184, 207, -1
184, 189, -1
184, 185, -1
184, 202, -1
184, 188, -1
180, 201, -1
180, 207, -1
180, 189, -1
180, 185, -1
180, 202, -1
180, 188, -1
184, 151, -1
180, 151, -1
201, 22, -1
207, 22, -1
189, 22, -1
185, 22, -1
202, 22, -1
188, 22, -1
201, 107, -1
201, 108, -1
201, 106, -1
201, 103, -1
201, 110, -1
201, 70, -1
201, 131, -1
201, 144, -1
207, 107, -1
207, 108, -1
207, 106, -1
207, 103, -1
207, 110, -1
207, 70, -1
207, 131, -1
207, 144, -1
189, 107, -1
189, 108, -1
189, 106, -1
189, 103, -1
189, 110, -1
189, 70, -1
189, 131, -1
189, 144, -1
185, 107, -1
185, 108, -1
185, 106, -1
185, 103, -1
185, 110, -1
185, 70, -1
185, 131, -1
185, 144, -1
202, 107, -1
202, 108, -1
202, 106, -1
202, 103, -1
202, 110, -1
202, 70, -1
202, 131, -1
202, 144, -1
188, 107, -1
188, 108, -1
188, 106, -1
188, 103, -1
188, 110, -1
188, 70, -1
188, 131, -1
188, 144, -1
201, 171, -1
201, 163, -1
201, 166, -1
201, 168, -1
201, 174, -1
207, 171, -1
207, 163, -1
207, 166, -1
207, 168, -1
207, 174, -1
189, 171, -1
189, 163, -1
189, 166, -1
189, 168, -1
189, 174, -1
185, 171, -1
185, 163, -1
185, 166, -1
185, 168, -1
185, 174, -1
202, 171, -1
202, 163, -1
202, 166, -1
202, 168, -1
202, 174, -1
188, 171, -1
188, 163, -1
188, 166, -1
188, 168, -1
188, 174, -1
201, 184, -1
201, 180, -1
207, 184, -1
207, 180, -1
189, 184, -1
189, 180, -1
185, 184, -1
185, 180, -1
202, 184, -1
202, 180, -1
188, 184, -1
188, 180, -1
201, 151, -1
207, 151, -1
189, 151, -1
185, 151, -1
202, 151, -1
188, 151, -1
151, 22, -1
151, 107, -1
151, 108, -1
151, 106, -1
151, 103, -1
151, 110, -1
151, 70, -1
151, 131, -1
151, 144, -1
151, 171, -1
151, 163, -1
151, 166, -1
151, 168, -1
151, 174, -1
151, 184, -1
151, 180, -1
151, 201, -1
151, 207, -1
151, 189, -1
151, 185, -1
151, 202, -1
151, 188, -1

22, 7, 1
7, 22, 1
107, 108, 1
107, 106, 1
107, 103, 1
107, 110, 1
107, 70, 1
107, 131, 1
107, 144, 1
107, 134, 1
108, 107, 1
108, 106, 1
108, 103, 1
108, 110, 1
108, 70, 1
108, 131, 1
108, 144, 1
108, 134, 1
106, 107, 1
106, 108, 1
106, 103, 1
106, 110, 1
106, 70, 1
106, 131, 1
106, 144, 1
106, 134, 1
103, 107, 1
103, 108, 1
103, 106, 1
103, 110, 1
103, 70, 1
103, 131, 1
103, 144, 1
103, 134, 1
110, 107, 1
110, 108, 1
110, 106, 1
110, 103, 1
110, 70, 1
110, 131, 1
110, 144, 1
110, 134, 1
70, 107, 1
70, 108, 1
70, 106, 1
70, 103, 1
70, 110, 1
70, 131, 1
70, 144, 1
70, 134, 1
131, 107, 1
131, 108, 1
131, 106, 1
131, 103, 1
131, 110, 1
131, 70, 1
131, 144, 1
131, 134, 1
144, 107, 1
144, 108, 1
144, 106, 1
144, 103, 1
144, 110, 1
144, 70, 1
144, 131, 1
144, 134, 1
134, 107, 1
134, 108, 1
134, 106, 1
134, 103, 1
134, 110, 1
134, 70, 1
134, 131, 1
134, 144, 1
171, 163, 1
171, 166, 1
171, 168, 1
171, 174, 1
171, 172, 1
163, 171, 1
163, 166, 1
163, 168, 1
163, 174, 1
163, 172, 1
166, 171, 1
166, 163, 1
166, 168, 1
166, 174, 1
166, 172, 1
168, 171, 1
168, 163, 1
168, 166, 1
168, 174, 1
168, 172, 1
174, 171, 1
174, 163, 1
174, 166, 1
174, 168, 1
174, 172, 1
172, 171, 1
172, 163, 1
172, 166, 1
172, 168, 1
172, 174, 1
184, 180, 1
180, 184, 1
201, 207, 1
201, 189, 1
201, 185, 1
201, 202, 1
201, 188, 1
201, 198, 1
201, 194, 1
207, 201, 1
207, 189, 1
207, 185, 1
207, 202, 1
207, 188, 1
207, 198, 1
207, 194, 1
189, 201, 1
189, 207, 1
189, 185, 1
189, 202, 1
189, 188, 1
189, 198, 1
189, 194, 1
185, 201, 1
185, 207, 1
185, 189, 1
185, 202, 1
185, 188, 1
185, 198, 1
185, 194, 1
202, 201, 1
202, 207, 1
202, 189, 1
202, 185, 1
202, 188, 1
202, 198, 1
202, 194, 1
188, 201, 1
188, 207, 1
188, 189, 1
188, 185, 1
188, 202, 1
188, 198, 1
188, 194, 1
198, 201, 1
198, 207, 1
198, 189, 1
198, 185, 1
198, 202, 1
198, 188, 1
198, 194, 1
194, 201, 1
194, 207, 1
194, 189, 1
194, 185, 1
194, 202, 1
194, 188, 1
194, 198, 1
22, 107, -1
22, 108, -1
22, 106, -1
22, 103, -1
22, 110, -1
22, 70, -1
22, 131, -1
22, 144, -1
22, 134, -1
7, 107, -1
7, 108, -1
7, 106, -1
7, 103, -1
7, 110, -1
7, 70, -1
7, 131, -1
7, 144, -1
7, 134, -1
22, 171, -1
22, 163, -1
22, 166, -1
22, 168, -1
22, 174, -1
22, 172, -1
7, 171, -1
7, 163, -1
7, 166, -1
7, 168, -1
7, 174, -1
7, 172, -1
22, 184, -1
22, 180, -1
7, 184, -1
7, 180, -1
22, 201, -1
22, 207, -1
22, 189, -1
22, 185, -1
22, 202, -1
22, 188, -1
22, 198, -1
22, 194, -1
7, 201, -1
7, 207, -1
7, 189, -1
7, 185, -1
7, 202, -1
7, 188, -1
7, 198, -1
7, 194, -1
22, 151, -1
7, 151, -1
107, 22, -1
107, 7, -1
108, 22, -1
108, 7, -1
106, 22, -1
106, 7, -1
103, 22, -1
103, 7, -1
110, 22, -1
110, 7, -1
70, 22, -1
70, 7, -1
131, 22, -1
131, 7, -1
144, 22, -1
144, 7, -1
134, 22, -1
134, 7, -1
107, 171, -1
107, 163, -1
107, 166, -1
107, 168, -1
107, 174, -1
107, 172, -1
108, 171, -1
108, 163, -1
108, 166, -1
108, 168, -1
108, 174, -1
108, 172, -1
106, 171, -1
106, 163, -1
106, 166, -1
106, 168, -1
106, 174, -1
106, 172, -1
103, 171, -1
103, 163, -1
103, 166, -1
103, 168, -1
103, 174, -1
103, 172, -1
110, 171, -1
110, 163, -1
110, 166, -1
110, 168, -1
110, 174, -1
110, 172, -1
70, 171, -1
70, 163, -1
70, 166, -1
70, 168, -1
70, 174, -1
70, 172, -1
131, 171, -1
131, 163, -1
131, 166, -1
131, 168, -1
131, 174, -1
131, 172, -1
144, 171, -1
144, 163, -1
144, 166, -1
144, 168, -1
144, 174, -1
144, 172, -1
134, 171, -1
134, 163, -1
134, 166, -1
134, 168, -1
134, 174, -1
134, 172, -1
107, 184, -1
107, 180, -1
108, 184, -1
108, 180, -1
106, 184, -1
106, 180, -1
103, 184, -1
103, 180, -1
110, 184, -1
110, 180, -1
70, 184, -1
70, 180, -1
131, 184, -1
131, 180, -1
144, 184, -1
144, 180, -1
134, 184, -1
134, 180, -1
107, 201, -1
107, 207, -1
107, 189, -1
107, 185, -1
107, 202, -1
107, 188, -1
107, 198, -1
107, 194, -1
108, 201, -1
108, 207, -1
108, 189, -1
108, 185, -1
108, 202, -1
108, 188, -1
108, 198, -1
108, 194, -1
106, 201, -1
106, 207, -1
106, 189, -1
106, 185, -1
106, 202, -1
106, 188, -1
106, 198, -1
106, 194, -1
103, 201, -1
103, 207, -1
103, 189, -1
103, 185, -1
103, 202, -1
103, 188, -1
103, 198, -1
103, 194, -1
110, 201, -1
110, 207, -1
110, 189, -1
110, 185, -1
110, 202, -1
110, 188, -1
110, 198, -1
110, 194, -1
70, 201, -1
70, 207, -1
70, 189, -1
70, 185, -1
70, 202, -1
70, 188, -1
70, 198, -1
70, 194, -1
131, 201, -1
131, 207, -1
131, 189, -1
131, 185, -1
131, 202, -1
131, 188, -1
131, 198, -1
131, 194, -1
144, 201, -1
144, 207, -1
144, 189, -1
144, 185, -1
144, 202, -1
144, 188, -1
144, 198, -1
144, 194, -1
134, 201, -1
134, 207, -1
134, 189, -1
134, 185, -1
134, 202, -1
134, 188, -1
134, 198, -1
134, 194, -1
107, 151, -1
108, 151, -1
106, 151, -1
103, 151, -1
110, 151, -1
70, 151, -1
131, 151, -1
144, 151, -1
134, 151, -1
171, 22, -1
171, 7, -1
163, 22, -1
163, 7, -1
166, 22, -1
166, 7, -1
168, 22, -1
168, 7, -1
174, 22, -1
174, 7, -1
172, 22, -1
172, 7, -1
171, 107, -1
171, 108, -1
171, 106, -1
171, 103, -1
171, 110, -1
171, 70, -1
171, 131, -1
171, 144, -1
171, 134, -1
163, 107, -1
163, 108, -1
163, 106, -1
163, 103, -1
163, 110, -1
163, 70, -1
163, 131, -1
163, 144, -1
163, 134, -1
166, 107, -1
166, 108, -1
166, 106, -1
166, 103, -1
166, 110, -1
166, 70, -1
166, 131, -1
166, 144, -1
166, 134, -1
168, 107, -1
168, 108, -1
168, 106, -1
168, 103, -1
168, 110, -1
168, 70, -1
168, 131, -1
168, 144, -1
168, 134, -1
174, 107, -1
174, 108, -1
174, 106, -1
174, 103, -1
174, 110, -1
174, 70, -1
174, 131, -1
174, 144, -1
174, 134, -1
172, 107, -1
172, 108, -1
172, 106, -1
172, 103, -1
172, 110, -1
172, 70, -1
172, 131, -1
172, 144, -1
172, 134, -1
171, 184, -1
171, 180, -1
163, 184, -1
163, 180, -1
166, 184, -1
166, 180, -1
168, 184, -1
168, 180, -1
174, 184, -1
174, 180, -1
172, 184, -1
172, 180, -1
171, 201, -1
171, 207, -1
171, 189, -1
171, 185, -1
171, 202, -1
171, 188, -1
171, 198, -1
171, 194, -1
163, 201, -1
163, 207, -1
163, 189, -1
163, 185, -1
163, 202, -1
163, 188, -1
163, 198, -1
163, 194, -1
166, 201, -1
166, 207, -1
166, 189, -1
166, 185, -1
166, 202, -1
166, 188, -1
166, 198, -1
166, 194, -1
168, 201, -1
168, 207, -1
168, 189, -1
168, 185, -1
168, 202, -1
168, 188, -1
168, 198, -1
168, 194, -1
174, 201, -1
174, 207, -1
174, 189, -1
174, 185, -1
174, 202, -1
174, 188, -1
174, 198, -1
174, 194, -1
172, 201, -1
172, 207, -1
172, 189, -1
172, 185, -1
172, 202, -1
172, 188, -1
172, 198, -1
172, 194, -1
171, 151, -1
163, 151, -1
166, 151, -1
168, 151, -1
174, 151, -1
172, 151, -1
184, 22, -1
184, 7, -1
180, 22, -1
180, 7, -1
184, 107, -1
184, 108, -1
184, 106, -1
184, 103, -1
184, 110, -1
184, 70, -1
184, 131, -1
184, 144, -1
184, 134, -1
180, 107, -1
180, 108, -1
180, 106, -1
180, 103, -1
180, 110, -1
180, 70, -1
180, 131, -1
180, 144, -1
180, 134, -1
184, 171, -1
184, 163, -1
184, 166, -1
184, 168, -1
184, 174, -1
184, 172, -1
180, 171, -1
180, 163, -1
180, 166, -1
180, 168, -1
180, 174, -1
180, 172, -1
184, 201, -1
184, 207, -1
184, 189, -1
184, 185, -1
184, 202, -1
184, 188, -1
184, 198, -1
184, 194, -1
180, 201, -1
180, 207, -1
180, 189, -1
180, 185, -1
180, 202, -1
180, 188, -1
180, 198, -1
180, 194, -1
184, 151, -1
180, 151, -1
201, 22, -1
201, 7, -1
207, 22, -1
207, 7, -1
189, 22, -1
189, 7, -1
185, 22, -1
185, 7, -1
202, 22, -1
202, 7, -1
188, 22, -1
188, 7, -1
198, 22, -1
198, 7, -1
194, 22, -1
194, 7, -1
201, 107, -1
201, 108, -1
201, 106, -1
201, 103, -1
201, 110, -1
201, 70, -1
201, 131, -1
201, 144, -1
201, 134, -1
207, 107, -1
207, 108, -1
207, 106, -1
207, 103, -1
207, 110, -1
207, 70, -1
207, 131, -1
207, 144, -1
207, 134, -1
189, 107, -1
189, 108, -1
189, 106, -1
189, 103, -1
189, 110, -1
189, 70, -1
189, 131, -1
189, 144, -1
189, 134, -1
185, 107, -1
185, 108, -1
185, 106, -1
185, 103, -1
185, 110, -1
185, 70, -1
185, 131, -1
185, 144, -1
185, 134, -1
202, 107, -1
202, 108, -1
202, 106, -1
202, 103, -1
202, 110, -1
202, 70, -1
202, 131, -1
202, 144, -1
202, 134, -1
188, 107, -1
188, 108, -1
188, 106, -1
188, 103, -1
188, 110, -1
188, 70, -1
188, 131, -1
188, 144, -1
188, 134, -1
198, 107, -1
198, 108, -1
198, 106, -1
198, 103, -1
198, 110, -1
198, 70, -1
198, 131, -1
198, 144, -1
198, 134, -1
194, 107, -1
194, 108, -1
194, 106, -1
194, 103, -1
194, 110, -1
194, 70, -1
194, 131, -1
194, 144, -1
194, 134, -1
201, 171, -1
201, 163, -1
201, 166, -1
201, 168, -1
201, 174, -1
201, 172, -1
207, 171, -1
207, 163, -1
207, 166, -1
207, 168, -1
207, 174, -1
207, 172, -1
189, 171, -1
189, 163, -1
189, 166, -1
189, 168, -1
189, 174, -1
189, 172, -1
185, 171, -1
185, 163, -1
185, 166, -1
185, 168, -1
185, 174, -1
185, 172, -1
202, 171, -1
202, 163, -1
202, 166, -1
202, 168, -1
202, 174, -1
202, 172, -1
188, 171, -1
188, 163, -1
188, 166, -1
188, 168, -1
188, 174, -1
188, 172, -1
198, 171, -1
198, 163, -1
198, 166, -1
198, 168, -1
198, 174, -1
198, 172, -1
194, 171, -1
194, 163, -1
194, 166, -1
194, 168, -1
194, 174, -1
194, 172, -1
201, 184, -1
201, 180, -1
207, 184, -1
207, 180, -1
189, 184, -1
189, 180, -1
185, 184, -1
185, 180, -1
202, 184, -1
202, 180, -1
188, 184, -1
188, 180, -1
198, 184, -1
198, 180, -1
194, 184, -1
194, 180, -1
201, 151, -1
207, 151, -1
189, 151, -1
185, 151, -1
202, 151, -1
188, 151, -1
198, 151, -1
194, 151, -1
151, 22, -1
151, 7, -1
151, 107, -1
151, 108, -1
151, 106, -1
151, 103, -1
151, 110, -1
151, 70, -1
151, 131, -1
151, 144, -1
151, 134, -1
151, 171, -1
151, 163, -1
151, 166, -1
151, 168, -1
151, 174, -1
151, 172, -1
151, 184, -1
151, 180, -1
151, 201, -1
151, 207, -1
151, 189, -1
151, 185, -1
151, 202, -1
151, 188, -1
151, 198, -1
151, 194, -1

22, 7, 1
22, 29, 1
22, 62, 1
22, 1, 1
7, 22, 1
7, 29, 1
7, 62, 1
7, 1, 1
29, 22, 1
29, 7, 1
29, 62, 1
29, 1, 1
62, 22, 1
62, 7, 1
62, 29, 1
62, 1, 1
1, 22, 1
1, 7, 1
1, 29, 1
1, 62, 1
107, 108, 1
107, 106, 1
107, 103, 1
107, 110, 1
107, 70, 1
107, 131, 1
107, 144, 1
107, 134, 1
107, 136, 1
107, 76, 1
107, 77, 1
108, 107, 1
108, 106, 1
108, 103, 1
108, 110, 1
108, 70, 1
108, 131, 1
108, 144, 1
108, 134, 1
108, 136, 1
108, 76, 1
108, 77, 1
106, 107, 1
106, 108, 1
106, 103, 1
106, 110, 1
106, 70, 1
106, 131, 1
106, 144, 1
106, 134, 1
106, 136, 1
106, 76, 1
106, 77, 1
103, 107, 1
103, 108, 1
103, 106, 1
103, 110, 1
103, 70, 1
103, 131, 1
103, 144, 1
103, 134, 1
103, 136, 1
103, 76, 1
103, 77, 1
110, 107, 1
110, 108, 1
110, 106, 1
110, 103, 1
110, 70, 1
110, 131, 1
110, 144, 1
110, 134, 1
110, 136, 1
110, 76, 1
110, 77, 1
70, 107, 1
70, 108, 1
70, 106, 1
70, 103, 1
70, 110, 1
70, 131, 1
70, 144, 1
70, 134, 1
70, 136, 1
70, 76, 1
70, 77, 1
131, 107, 1
131, 108, 1
131, 106, 1
131, 103, 1
131, 110, 1
131, 70, 1
131, 144, 1
131, 134, 1
131, 136, 1
131, 76, 1
131, 77, 1
144, 107, 1
144, 108, 1
144, 106, 1
144, 103, 1
144, 110, 1
144, 70, 1
144, 131, 1
144, 134, 1
144, 136, 1
144, 76, 1
144, 77, 1
134, 107, 1
134, 108, 1
134, 106, 1
134, 103, 1
134, 110, 1
134, 70, 1
134, 131, 1
134, 144, 1
134, 136, 1
134, 76, 1
134, 77, 1
136, 107, 1
136, 108, 1
136, 106, 1
136, 103, 1
136, 110, 1
136, 70, 1
136, 131, 1
136, 144, 1
136, 134, 1
136, 76, 1
136, 77, 1
76, 107, 1
76, 108, 1
76, 106, 1
76, 103, 1
76, 110, 1
76, 70, 1
76, 131, 1
76, 144, 1
76, 134, 1
76, 136, 1
76, 77, 1
77, 107, 1
77, 108, 1
77, 106, 1
77, 103, 1
77, 110, 1
77, 70, 1
77, 131, 1
77, 144, 1
77, 134, 1
77, 136, 1
77, 76, 1
171, 163, 1
171, 166, 1
171, 168, 1
171, 174, 1
171, 172, 1
163, 171, 1
163, 166, 1
163, 168, 1
163, 174, 1
163, 172, 1
166, 171, 1
166, 163, 1
166, 168, 1
166, 174, 1
166, 172, 1
168, 171, 1
168, 163, 1
168, 166, 1
168, 174, 1
168, 172, 1
174, 171, 1
174, 163, 1
174, 166, 1
174, 168, 1
174, 172, 1
172, 171, 1
172, 163, 1
172, 166, 1
172, 168, 1
172, 174, 1
184, 180, 1
180, 184, 1
201, 207, 1
201, 189, 1
201, 185, 1
201, 202, 1
201, 188, 1
201, 198, 1
201, 194, 1
207, 201, 1
207, 189, 1
207, 185, 1
207, 202, 1
207, 188, 1
207, 198, 1
207, 194, 1
189, 201, 1
189, 207, 1
189, 185, 1
189, 202, 1
189, 188, 1
189, 198, 1
189, 194, 1
185, 201, 1
185, 207, 1
185, 189, 1
185, 202, 1
185, 188, 1
185, 198, 1
185, 194, 1
202, 201, 1
202, 207, 1
202, 189, 1
202, 185, 1
202, 188, 1
202, 198, 1
202, 194, 1
188, 201, 1
188, 207, 1
188, 189, 1
188, 185, 1
188, 202, 1
188, 198, 1
188, 194, 1
198, 201, 1
198, 207, 1
198, 189, 1
198, 185, 1
198, 202, 1
198, 188, 1
198, 194, 1
194, 201, 1
194, 207, 1
194, 189, 1
194, 185, 1
194, 202, 1
194, 188, 1
194, 198, 1
22, 107, -1
22, 108, -1
22, 106, -1
22, 103, -1
22, 110, -1
22, 70, -1
22, 131, -1
22, 144, -1
22, 134, -1
22, 136, -1
22, 76, -1
22, 77, -1
7, 107, -1
7, 108, -1
7, 106, -1
7, 103, -1
7, 110, -1
7, 70, -1
7, 131, -1
7, 144, -1
7, 134, -1
7, 136, -1
7, 76, -1
7, 77, -1
29, 107, -1
29, 108, -1
29, 106, -1
29, 103, -1
29, 110, -1
29, 70, -1
29, 131, -1
29, 144, -1
29, 134, -1
29, 136, -1
29, 76, -1
29, 77, -1
62, 107, -1
62, 108, -1
62, 106, -1
62, 103, -1
62, 110, -1
62, 70, -1
62, 131, -1
62, 144, -1
62, 134, -1
62, 136, -1
62, 76, -1
62, 77, -1
1, 107, -1
1, 108, -1
1, 106, -1
1, 103, -1
1, 110, -1
1, 70, -1
1, 131, -1
1, 144, -1
1, 134, -1
1, 136, -1
1, 76, -1
1, 77, -1
22, 171, -1
22, 163, -1
22, 166, -1
22, 168, -1
22, 174, -1
22, 172, -1
7, 171, -1
7, 163, -1
7, 166, -1
7, 168, -1
7, 174, -1
7, 172, -1
29, 171, -1
29, 163, -1
29, 166, -1
29, 168, -1
29, 174, -1
29, 172, -1
62, 171, -1
62, 163, -1
62, 166, -1
62, 168, -1
62, 174, -1
62, 172, -1
1, 171, -1
1, 163, -1
1, 166, -1
1, 168, -1
1, 174, -1
1, 172, -1
22, 184, -1
22, 180, -1
7, 184, -1
7, 180, -1
29, 184, -1
29, 180, -1
62, 184, -1
62, 180, -1
1, 184, -1
1, 180, -1
22, 201, -1
22, 207, -1
22, 189, -1
22, 185, -1
22, 202, -1
22, 188, -1
22, 198, -1
22, 194, -1
7, 201, -1
7, 207, -1
7, 189, -1
7, 185, -1
7, 202, -1
7, 188, -1
7, 198, -1
7, 194, -1
29, 201, -1
29, 207, -1
29, 189, -1
29, 185, -1
29, 202, -1
29, 188, -1
29, 198, -1
29, 194, -1
62, 201, -1
62, 207, -1
62, 189, -1
62, 185, -1
62, 202, -1
62, 188, -1
62, 198, -1
62, 194, -1
1, 201, -1
1, 207, -1
1, 189, -1
1, 185, -1
1, 202, -1
1, 188, -1
1, 198, -1
1, 194, -1
22, 151, -1
7, 151, -1
29, 151, -1
62, 151, -1
1, 151, -1
107, 22, -1
107, 7, -1
107, 29, -1
107, 62, -1
107, 1, -1
108, 22, -1
108, 7, -1
108, 29, -1
108, 62, -1
108, 1, -1
106, 22, -1
106, 7, -1
106, 29, -1
106, 62, -1
106, 1, -1
103, 22, -1
103, 7, -1
103, 29, -1
103, 62, -1
103, 1, -1
110, 22, -1
110, 7, -1
110, 29, -1
110, 62, -1
110, 1, -1
70, 22, -1
70, 7, -1
70, 29, -1
70, 62, -1
70, 1, -1
131, 22, -1
131, 7, -1
131, 29, -1
131, 62, -1
131, 1, -1
144, 22, -1
144, 7, -1
144, 29, -1
144, 62, -1
144, 1, -1
134, 22, -1
134, 7, -1
134, 29, -1
134, 62, -1
134, 1, -1
136, 22, -1
136, 7, -1
136, 29, -1
136, 62, -1
136, 1, -1
76, 22, -1
76, 7, -1
76, 29, -1
76, 62, -1
76, 1, -1
77, 22, -1
77, 7, -1
77, 29, -1
77, 62, -1
77, 1, -1
107, 171, -1
107, 163, -1
107, 166, -1
107, 168, -1
107, 174, -1
107, 172, -1
108, 171, -1
108, 163, -1
108, 166, -1
108, 168, -1
108, 174, -1
108, 172, -1
106, 171, -1
106, 163, -1
106, 166, -1
106, 168, -1
106, 174, -1
106, 172, -1
103, 171, -1
103, 163, -1
103, 166, -1
103, 168, -1
103, 174, -1
103, 172, -1
110, 171, -1
110, 163, -1
110, 166, -1
110, 168, -1
110, 174, -1
110, 172, -1
70, 171, -1
70, 163, -1
70, 166, -1
70, 168, -1
70, 174, -1
70, 172, -1
131, 171, -1
131, 163, -1
131, 166, -1
131, 168, -1
131, 174, -1
131, 172, -1
144, 171, -1
144, 163, -1
144, 166, -1
144, 168, -1
144, 174, -1
144, 172, -1
134, 171, -1
134, 163, -1
134, 166, -1
134, 168, -1
134, 174, -1
134, 172, -1
136, 171, -1
136, 163, -1
136, 166, -1
136, 168, -1
136, 174, -1
136, 172, -1
76, 171, -1
76, 163, -1
76, 166, -1
76, 168, -1
76, 174, -1
76, 172, -1
77, 171, -1
77, 163, -1
77, 166, -1
77, 168, -1
77, 174, -1
77, 172, -1
107, 184, -1
107, 180, -1
108, 184, -1
108, 180, -1
106, 184, -1
106, 180, -1
103, 184, -1
103, 180, -1
110, 184, -1
110, 180, -1
70, 184, -1
70, 180, -1
131, 184, -1
131, 180, -1
144, 184, -1
144, 180, -1
134, 184, -1
134, 180, -1
136, 184, -1
136, 180, -1
76, 184, -1
76, 180, -1
77, 184, -1
77, 180, -1
107, 201, -1
107, 207, -1
107, 189, -1
107, 185, -1
107, 202, -1
107, 188, -1
107, 198, -1
107, 194, -1
108, 201, -1
108, 207, -1
108, 189, -1
108, 185, -1
108, 202, -1
108, 188, -1
108, 198, -1
108, 194, -1
106, 201, -1
106, 207, -1
106, 189, -1
106, 185, -1
106, 202, -1
106, 188, -1
106, 198, -1
106, 194, -1
103, 201, -1
103, 207, -1
103, 189, -1
103, 185, -1
103, 202, -1
103, 188, -1
103, 198, -1
103, 194, -1
110, 201, -1
110, 207, -1
110, 189, -1
110, 185, -1
110, 202, -1
110, 188, -1
110, 198, -1
110, 194, -1
70, 201, -1
70, 207, -1
70, 189, -1
70, 185, -1
70, 202, -1
70, 188, -1
70, 198, -1
70, 194, -1
131, 201, -1
131, 207, -1
131, 189, -1
131, 185, -1
131, 202, -1
131, 188, -1
131, 198, -1
131, 194, -1
144, 201, -1
144, 207, -1
144, 189, -1
144, 185, -1
144, 202, -1
144, 188, -1
144, 198, -1
144, 194, -1
134, 201, -1
134, 207, -1
134, 189, -1
134, 185, -1
134, 202, -1
134, 188, -1
134, 198, -1
134, 194, -1
136, 201, -1
136, 207, -1
136, 189, -1
136, 185, -1
136, 202, -1
136, 188, -1
136, 198, -1
136, 194, -1
76, 201, -1
76, 207, -1
76, 189, -1
76, 185, -1
76, 202, -1
76, 188, -1
76, 198, -1
76, 194, -1
77, 201, -1
77, 207, -1
77, 189, -1
77, 185, -1
77, 202, -1
77, 188, -1
77, 198, -1
77, 194, -1
107, 151, -1
108, 151, -1
106, 151, -1
103, 151, -1
110, 151, -1
70, 151, -1
131, 151, -1
144, 151, -1
134, 151, -1
136, 151, -1
76, 151, -1
77, 151, -1
171, 22, -1
171, 7, -1
171, 29, -1
171, 62, -1
171, 1, -1
163, 22, -1
163, 7, -1
163, 29, -1
163, 62, -1
163, 1, -1
166, 22, -1
166, 7, -1
166, 29, -1
166, 62, -1
166, 1, -1
168, 22, -1
168, 7, -1
168, 29, -1
168, 62, -1
168, 1, -1
174, 22, -1
174, 7, -1
174, 29, -1
174, 62, -1
174, 1, -1
172, 22, -1
172, 7, -1
172, 29, -1
172, 62, -1
172, 1, -1
171, 107, -1
171, 108, -1
171, 106, -1
171, 103, -1
171, 110, -1
171, 70, -1
171, 131, -1
171, 144, -1
171, 134, -1
171, 136, -1
171, 76, -1
171, 77, -1
163, 107, -1
163, 108, -1
163, 106, -1
163, 103, -1
163, 110, -1
163, 70, -1
163, 131, -1
163, 144, -1
163, 134, -1
163, 136, -1
163, 76, -1
163, 77, -1
166, 107, -1
166, 108, -1
166, 106, -1
166, 103, -1
166, 110, -1
166, 70, -1
166, 131, -1
166, 144, -1
166, 134, -1
166, 136, -1
166, 76, -1
166, 77, -1
168, 107, -1
168, 108, -1
168, 106, -1
168, 103, -1
168, 110, -1
168, 70, -1
168, 131, -1
168, 144, -1
168, 134, -1
168, 136, -1
168, 76, -1
168, 77, -1
174, 107, -1
174, 108, -1
174, 106, -1
174, 103, -1
174, 110, -1
174, 70, -1
174, 131, -1
174, 144, -1
174, 134, -1
174, 136, -1
174, 76, -1
174, 77, -1
172, 107, -1
172, 108, -1
172, 106, -1
172, 103, -1
172, 110, -1
172, 70, -1
172, 131, -1
172, 144, -1
172, 134, -1
172, 136, -1
172, 76, -1
172, 77, -1
171, 184, -1
171, 180, -1
163, 184, -1
163, 180, -1
166, 184, -1
166, 180, -1
168, 184, -1
168, 180, -1
174, 184, -1
174, 180, -1
172, 184, -1
172, 180, -1
171, 201, -1
171, 207, -1
171, 189, -1
171, 185, -1
171, 202, -1
171, 188, -1
171, 198, -1
171, 194, -1
163, 201, -1
163, 207, -1
163, 189, -1
163, 185, -1
163, 202, -1
163, 188, -1
163, 198, -1
163, 194, -1
166, 201, -1
166, 207, -1
166, 189, -1
166, 185, -1
166, 202, -1
166, 188, -1
166, 198, -1
166, 194, -1
168, 201, -1
168, 207, -1
168, 189, -1
168, 185, -1
168, 202, -1
168, 188, -1
168, 198, -1
168, 194, -1
174, 201, -1
174, 207, -1
174, 189, -1
174, 185, -1
174, 202, -1
174, 188, -1
174, 198, -1
174, 194, -1
172, 201, -1
172, 207, -1
172, 189, -1
172, 185, -1
172, 202, -1
172, 188, -1
172, 198, -1
172, 194, -1
171, 151, -1
163, 151, -1
166, 151, -1
168, 151, -1
174, 151, -1
172, 151, -1
184, 22, -1
184, 7, -1
184, 29, -1
184, 62, -1
184, 1, -1
180, 22, -1
180, 7, -1
180, 29, -1
180, 62, -1
180, 1, -1
184, 107, -1
184, 108, -1
184, 106, -1
184, 103, -1
184, 110, -1
184, 70, -1
184, 131, -1
184, 144, -1
184, 134, -1
184, 136, -1
184, 76, -1
184, 77, -1
180, 107, -1
180, 108, -1
180, 106, -1
180, 103, -1
180, 110, -1
180, 70, -1
180, 131, -1
180, 144, -1
180, 134, -1
180, 136, -1
180, 76, -1
180, 77, -1
184, 171, -1
184, 163, -1
184, 166, -1
184, 168, -1
184, 174, -1
184, 172, -1
180, 171, -1
180, 163, -1
180, 166, -1
180, 168, -1
180, 174, -1
180, 172, -1
184, 201, -1
184, 207, -1
184, 189, -1
184, 185, -1
184, 202, -1
184, 188, -1
184, 198, -1
184, 194, -1
180, 201, -1
180, 207, -1
180, 189, -1
180, 185, -1
180, 202, -1
180, 188, -1
180, 198, -1
180, 194, -1
184, 151, -1
180, 151, -1
201, 22, -1
201, 7, -1
201, 29, -1
201, 62, -1
201, 1, -1
207, 22, -1
207, 7, -1
207, 29, -1
207, 62, -1
207, 1, -1
189, 22, -1
189, 7, -1
189, 29, -1
189, 62, -1
189, 1, -1
185, 22, -1
185, 7, -1
185, 29, -1
185, 62, -1
185, 1, -1
202, 22, -1
202, 7, -1
202, 29, -1
202, 62, -1
202, 1, -1
188, 22, -1
188, 7, -1
188, 29, -1
188, 62, -1
188, 1, -1
198, 22, -1
198, 7, -1
198, 29, -1
198, 62, -1
198, 1, -1
194, 22, -1
194, 7, -1
194, 29, -1
194, 62, -1
194, 1, -1
201, 107, -1
201, 108, -1
201, 106, -1
201, 103, -1
201, 110, -1
201, 70, -1
201, 131, -1
201, 144, -1
201, 134, -1
201, 136, -1
201, 76, -1
201, 77, -1
207, 107, -1
207, 108, -1
207, 106, -1
207, 103, -1
207, 110, -1
207, 70, -1
207, 131, -1
207, 144, -1
207, 134, -1
207, 136, -1
207, 76, -1
207, 77, -1
189, 107, -1
189, 108, -1
189, 106, -1
189, 103, -1
189, 110, -1
189, 70, -1
189, 131, -1
189, 144, -1
189, 134, -1
189, 136, -1
189, 76, -1
189, 77, -1
185, 107, -1
185, 108, -1
185, 106, -1
185, 103, -1
185, 110, -1
185, 70, -1
185, 131, -1
185, 144, -1
185, 134, -1
185, 136, -1
185, 76, -1
185, 77, -1
202, 107, -1
202, 108, -1
202, 106, -1
202, 103, -1
202, 110, -1
202, 70, -1
202, 131, -1
202, 144, -1
202, 134, -1
202, 136, -1
202, 76, -1
202, 77, -1
188, 107, -1
188, 108, -1
188, 106, -1
188, 103, -1
188, 110, -1
188, 70, -1
188, 131, -1
188, 144, -1
188, 134, -1
188, 136, -1
188, 76, -1
188, 77, -1
198, 107, -1
198, 108, -1
198, 106, -1
198, 103, -1
198, 110, -1
198, 70, -1
198, 131, -1
198, 144, -1
198, 134, -1
198, 136, -1
198, 76, -1
198, 77, -1
194, 107, -1
194, 108, -1
194, 106, -1
194, 103, -1
194, 110, -1
194, 70, -1
194, 131, -1
194, 144, -1
194, 134, -1
194, 136, -1
194, 76, -1
194, 77, -1
201, 171, -1
201, 163, -1
201, 166, -1
201, 168, -1
201, 174, -1
201, 172, -1
207, 171, -1
207, 163, -1
207, 166, -1
207, 168, -1
207, 174, -1
207, 172, -1
189, 171, -1
189, 163, -1
189, 166, -1
189, 168, -1
189, 174, -1
189, 172, -1
185, 171, -1
185, 163, -1
185, 166, -1
185, 168, -1
185, 174, -1
185, 172, -1
202, 171, -1
202, 163, -1
202, 166, -1
202, 168, -1
202, 174, -1
202, 172, -1
188, 171, -1
188, 163, -1
188, 166, -1
188, 168, -1
188, 174, -1
188, 172, -1
198, 171, -1
198, 163, -1
198, 166, -1
198, 168, -1
198, 174, -1
198, 172, -1
194, 171, -1
194, 163, -1
194, 166, -1
194, 168, -1
194, 174, -1
194, 172, -1
201, 184, -1
201, 180, -1
207, 184, -1
207, 180, -1
189, 184, -1
189, 180, -1
185, 184, -1
185, 180, -1
202, 184, -1
202, 180, -1
188, 184, -1
188, 180, -1
198, 184, -1
198, 180, -1
194, 184, -1
194, 180, -1
201, 151, -1
207, 151, -1
189, 151, -1
185, 151, -1
202, 151, -1
188, 151, -1
198, 151, -1
194, 151, -1
151, 22, -1
151, 7, -1
151, 29, -1
151, 62, -1
151, 1, -1
151, 107, -1
151, 108, -1
151, 106, -1
151, 103, -1
151, 110, -1
151, 70, -1
151, 131, -1
151, 144, -1
151, 134, -1
151, 136, -1
151, 76, -1
151, 77, -1
151, 171, -1
151, 163, -1
151, 166, -1
151, 168, -1
151, 174, -1
151, 172, -1
151, 184, -1
151, 180, -1
151, 201, -1
151, 207, -1
151, 189, -1
151, 185, -1
151, 202, -1
151, 188, -1
151, 198, -1
151, 194, -1

