171, 163, 1
163, 171, 1
184, 107, -1
184, 171, -1
184, 163, -1
184, 48, -1
107, 184, -1
107, 171, -1
107, 163, -1
107, 48, -1
171, 184, -1
163, 184, -1
171, 107, -1
163, 107, -1
171, 48, -1
163, 48, -1
48, 184, -1
48, 107, -1
48, 171, -1
48, 163, -1

107, 106, 1
106, 107, 1
171, 163, 1
163, 171, 1
184, 107, -1
184, 106, -1
184, 171, -1
184, 163, -1
184, 48, -1
184, 201, -1
107, 184, -1
106, 184, -1
107, 171, -1
107, 163, -1
106, 171, -1
106, 163, -1
107, 48, -1
106, 48, -1
107, 201, -1
106, 201, -1
171, 184, -1
163, 184, -1
171, 107, -1
171, 106, -1
163, 107, -1
163, 106, -1
171, 48, -1
163, 48, -1
171, 201, -1
163, 201, -1
48, 184, -1
48, 107, -1
48, 106, -1
48, 171, -1
48, 163, -1
48, 201, -1
201, 184, -1
201, 107, -1
201, 106, -1
201, 171, -1
201, 163, -1
201, 48, -1

107, 106, 1
106, 107, 1
171, 163, 1
171, 173, 1
163, 171, 1
163, 173, 1
173, 171, 1
173, 163, 1
201, 209, 1
209, 201, 1
184, 107, -1
184, 106, -1
184, 171, -1
184, 163, -1
184, 173, -1
184, 48, -1
184, 201, -1
184, 209, -1
107, 184, -1
106, 184, -1
107, 171, -1
107, 163, -1
107, 173, -1
106, 171, -1
106, 163, -1
106, 173, -1
107, 48, -1
106, 48, -1
107, 201, -1
107, 209, -1
106, 201, -1
106, 209, -1
171, 184, -1
163, 184, -1
173, 184, -1
171, 107, -1
171, 106, -1
163, 107, -1
163, 106, -1
173, 107, -1
173, 106, -1
171, 48, -1
163, 48, -1
173, 48, -1
171, 201, -1
171, 209, -1
163, 201, -1
163, 209, -1
173, 201, -1
173, 209, -1
48, 184, -1
48, 107, -1
48, 106, -1
48, 171, -1
48, 163, -1
48, 173, -1
48, 201, -1
48, 209, -1
201, 184, -1
209, 184, -1
201, 107, -1
201, 106, -1
209, 107, -1
209, 106, -1
201, 171, -1
201, 163, -1
201, 173, -1
209, 171, -1
209, 163, -1
209, 173, -1
201, 48, -1
209, 48, -1

107, 106, 1
106, 107, 1
171, 163, 1
171, 173, 1
163, 171, 1
163, 173, 1
173, 171, 1
173, 163, 1
201, 209, 1
201, 189, 1
201, 207, 1
209, 201, 1
209, 189, 1
209, 207, 1
189, 201, 1
189, 209, 1
189, 207, 1
207, 201, 1
207, 209, 1
207, 189, 1
184, 107, -1
184, 106, -1
184, 171, -1
184, 163, -1
184, 173, -1
184, 48, -1
184, 201, -1
184, 209, -1
184, 189, -1
184, 207, -1
107, 184, -1
106, 184, -1
107, 171, -1
107, 163, -1
107, 173, -1
106, 171, -1
106, 163, -1
106, 173, -1
107, 48, -1
106, 48, -1
107, 201, -1
107, 209, -1
107, 189, -1
107, 207, -1
106, 201, -1
106, 209, -1
106, 189, -1
106, 207, -1
171, 184, -1
163, 184, -1
173, 184, -1
171, 107, -1
171, 106, -1
163, 107, -1
163, 106, -1
173, 107, -1
173, 106, -1
171, 48, -1
163, 48, -1
173, 48, -1
171, 201, -1
171, 209, -1
171, 189, -1
171, 207, -1
163, 201, -1
163, 209, -1
163, 189, -1
163, 207, -1
173, 201, -1
173, 209, -1
173, 189, -1
173, 207, -1
48, 184, -1
48, 107, -1
48, 106, -1
48, 171, -1
48, 163, -1
48, 173, -1
48, 201, -1
48, 209, -1
48, 189, -1
48, 207, -1
201, 184, -1
209, 184, -1
189, 184, -1
207, 184, -1
201, 107, -1
201, 106, -1
209, 107, -1
209, 106, -1
189, 107, -1
189, 106, -1
207, 107, -1
207, 106, -1
201, 171, -1
201, 163, -1
201, 173, -1
209, 171, -1
209, 163, -1
209, 173, -1
189, 171, -1
189, 163, -1
189, 173, -1
207, 171, -1
207, 163, -1
207, 173, -1
201, 48, -1
209, 48, -1
189, 48, -1
207, 48, -1

184, 180, 1
180, 184, 1
107, 106, 1
107, 111, 1
106, 107, 1
106, 111, 1
111, 107, 1
111, 106, 1
171, 163, 1
171, 173, 1
163, 171, 1
163, 173, 1
173, 171, 1
173, 163, 1
201, 209, 1
201, 189, 1
201, 207, 1
201, 185, 1
209, 201, 1
209, 189, 1
209, 207, 1
209, 185, 1
189, 201, 1
189, 209, 1
189, 207, 1
189, 185, 1
207, 201, 1
207, 209, 1
207, 189, 1
207, 185, 1
185, 201, 1
185, 209, 1
185, 189, 1
185, 207, 1
184, 107, -1
184, 106, -1
184, 111, -1
180, 107, -1
180, 106, -1
180, 111, -1
184, 171, -1
184, 163, -1
184, 173, -1
180, 171, -1
180, 163, -1
180, 173, -1
184, 48, -1
180, 48, -1
184, 201, -1
184, 209, -1
184, 189, -1
184, 207, -1
184, 185, -1
180, 201, -1
180, 209, -1
180, 189, -1
180, 207, -1
180, 185, -1
107, 184, -1
107, 180, -1
106, 184, -1
106, 180, -1
111, 184, -1
111, 180, -1
107, 171, -1
107, 163, -1
107, 173, -1
106, 171, -1
106, 163, -1
106, 173, -1
111, 171, -1
111, 163, -1
111, 173, -1
107, 48, -1
106, 48, -1
111, 48, -1
107, 201, -1
107, 209, -1
107, 189, -1
107, 207, -1
107, 185, -1
106, 201, -1
106, 209, -1
106, 189, -1
106, 207, -1
106, 185, -1
111, 201, -1
111, 209, -1
111, 189, -1
111, 207, -1
111, 185, -1
171, 184, -1
171, 180, -1
163, 184, -1
163, 180, -1
173, 184, -1
173, 180, -1
171, 107, -1
171, 106, -1
171, 111, -1
163, 107, -1
163, 106, -1
163, 111, -1
173, 107, -1
173, 106, -1
173, 111, -1
171, 48, -1
163, 48, -1
173, 48, -1
171, 201, -1
171, 209, -1
171, 189, -1
171, 207, -1
171, 185, -1
163, 201, -1
163, 209, -1
163, 189, -1
163, 207, -1
163, 185, -1
173, 201, -1
173, 209, -1
173, 189, -1
173, 207, -1
173, 185, -1
48, 184, -1
48, 180, -1
48, 107, -1
48, 106, -1
48, 111, -1
48, 171, -1
48, 163, -1
48, 173, -1
48, 201, -1
48, 209, -1
48, 189, -1
48, 207, -1
48, 185, -1
201, 184, -1
201, 180, -1
209, 184, -1
209, 180, -1
189, 184, -1
189, 180, -1
207, 184, -1
207, 180, -1
185, 184, -1
185, 180, -1
201, 107, -1
201, 106, -1
201, 111, -1
209, 107, -1
209, 106, -1
209, 111, -1
189, 107, -1
189, 106, -1
189, 111, -1
207, 107, -1
207, 106, -1
207, 111, -1
185, 107, -1
185, 106, -1
185, 111, -1
201, 171, -1
201, 163, -1
201, 173, -1
209, 171, -1
209, 163, -1
209, 173, -1
189, 171, -1
189, 163, -1
189, 173, -1
207, 171, -1
207, 163, -1
207, 173, -1
185, 171, -1
185, 163, -1
185, 173, -1
201, 48, -1
209, 48, -1
189, 48, -1
207, 48, -1
185, 48, -1

184, 180, 1
180, 184, 1
107, 106, 1
107, 111, 1
107, 70, 1
107, 109, 1
107, 89, 1
106, 107, 1
106, 111, 1
106, 70, 1
106, 109, 1
106, 89, 1
111, 107, 1
111, 106, 1
111, 70, 1
111, 109, 1
111, 89, 1
70, 107, 1
70, 106, 1
70, 111, 1
70, 109, 1
70, 89, 1
109, 107, 1
109, 106, 1
109, 111, 1
109, 70, 1
109, 89, 1
89, 107, 1
89, 106, 1
89, 111, 1
89, 70, 1
89, 109, 1
171, 163, 1
171, 173, 1
171, 166, 1
163, 171, 1
163, 173, 1
163, 166, 1
173, 171, 1
173, 163, 1
173, 166, 1
166, 171, 1
166, 163, 1
166, 173, 1
201, 209, 1
201, 189, 1
201, 207, 1
201, 185, 1
209, 201, 1
209, 189, 1
209, 207, 1
209, 185, 1
189, 201, 1
189, 209, 1
189, 207, 1
189, 185, 1
207, 201, 1
207, 209, 1
207, 189, 1
207, 185, 1
185, 201, 1
185, 209, 1
185, 189, 1
185, 207, 1
184, 107, -1
184, 106, -1
184, 111, -1
184, 70, -1
184, 109, -1
184, 89, -1
180, 107, -1
180, 106, -1
180, 111, -1
180, 70, -1
180, 109, -1
180, 89, -1
184, 171, -1
184, 163, -1
184, 173, -1
184, 166, -1
180, 171, -1
180, 163, -1
180, 173, -1
180, 166, -1
184, 48, -1
180, 48, -1
184, 201, -1
184, 209, -1
184, 189, -1
184, 207, -1
184, 185, -1
180, 201, -1
180, 209, -1
180, 189, -1
180, 207, -1
180, 185, -1
107, 184, -1
107, 180, -1
106, 184, -1
106, 180, -1
111, 184, -1
111, 180, -1
70, 184, -1
70, 180, -1
109, 184, -1
109, 180, -1
89, 184, -1
89, 180, -1
107, 171, -1
107, 163, -1
107, 173, -1
107, 166, -1
106, 171, -1
106, 163, -1
106, 173, -1
106, 166, -1
111, 171, -1
111, 163, -1
111, 173, -1
111, 166, -1
70, 171, -1
70, 163, -1
70, 173, -1
70, 166, -1
109, 171, -1
109, 163, -1
109, 173, -1
109, 166, -1
89, 171, -1
89, 163, -1
89, 173, -1
89, 166, -1
107, 48, -1
106, 48, -1
111, 48, -1
70, 48, -1
109, 48, -1
89, 48, -1
107, 201, -1
107, 209, -1
107, 189, -1
107, 207, -1
107, 185, -1
106, 201, -1
106, 209, -1
106, 189, -1
106, 207, -1
106, 185, -1
111, 201, -1
111, 209, -1
111, 189, -1
111, 207, -1
111, 185, -1
70, 201, -1
70, 209, -1
70, 189, -1
70, 207, -1
70, 185, -1
109, 201, -1
109, 209, -1
109, 189, -1
109, 207, -1
109, 185, -1
89, 201, -1
89, 209, -1
89, 189, -1
89, 207, -1
89, 185, -1
171, 184, -1
171, 180, -1
163, 184, -1
163, 180, -1
173, 184, -1
173, 180, -1
166, 184, -1
166, 180, -1
171, 107, -1
171, 106, -1
171, 111, -1
171, 70, -1
171, 109, -1
171, 89, -1
163, 107, -1
163, 106, -1
163, 111, -1
163, 70, -1
163, 109, -1
163, 89, -1
173, 107, -1
173, 106, -1
173, 111, -1
173, 70, -1
173, 109, -1
173, 89, -1
166, 107, -1
166, 106, -1
166, 111, -1
166, 70, -1
166, 109, -1
166, 89, -1
171, 48, -1
163, 48, -1
173, 48, -1
166, 48, -1
171, 201, -1
171, 209, -1
171, 189, -1
171, 207, -1
171, 185, -1
163, 201, -1
163, 209, -1
163, 189, -1
163, 207, -1
163, 185, -1
173, 201, -1
173, 209, -1
173, 189, -1
173, 207, -1
173, 185, -1
166, 201, -1
166, 209, -1
166, 189, -1
166, 207, -1
166, 185, -1
48, 184, -1
48, 180, -1
48, 107, -1
48, 106, -1
48, 111, -1
48, 70, -1
48, 109, -1
48, 89, -1
48, 171, -1
48, 163, -1
48, 173, -1
48, 166, -1
48, 201, -1
48, 209, -1
48, 189, -1
48, 207, -1
48, 185, -1
201, 184, -1
201, 180, -1
209, 184, -1
209, 180, -1
189, 184, -1
189, 180, -1
207, 184, -1
207, 180, -1
185, 184, -1
185, 180, -1
201, 107, -1
201, 106, -1
201, 111, -1
201, 70, -1
201, 109, -1
201, 89, -1
209, 107, -1
209, 106, -1
209, 111, -1
209, 70, -1
209, 109, -1
209, 89, -1
189, 107, -1
189, 106, -1
189, 111, -1
189, 70, -1
189, 109, -1
189, 89, -1
207, 107, -1
207, 106, -1
207, 111, -1
207, 70, -1
207, 109, -1
207, 89, -1
185, 107, -1
185, 106, -1
185, 111, -1
185, 70, -1
185, 109, -1
185, 89, -1
201, 171, -1
201, 163, -1
201, 173, -1
201, 166, -1
209, 171, -1
209, 163, -1
209, 173, -1
209, 166, -1
189, 171, -1
189, 163, -1
189, 173, -1
189, 166, -1
207, 171, -1
207, 163, -1
207, 173, -1
207, 166, -1
185, 171, -1
185, 163, -1
185, 173, -1
185, 166, -1
201, 48, -1
209, 48, -1
189, 48, -1
207, 48, -1
185, 48, -1

184, 180, 1
180, 184, 1
107, 106, 1
107, 111, 1
107, 70, 1
107, 109, 1
107, 89, 1
107, 103, 1
106, 107, 1
106, 111, 1
106, 70, 1
106, 109, 1
106, 89, 1
106, 103, 1
111, 107, 1
111, 106, 1
111, 70, 1
111, 109, 1
111, 89, 1
111, 103, 1
70, 107, 1
70, 106, 1
70, 111, 1
70, 109, 1
70, 89, 1
70, 103, 1
109, 107, 1
109, 106, 1
109, 111, 1
109, 70, 1
109, 89, 1
109, 103, 1
89, 107, 1
89, 106, 1
89, 111, 1
89, 70, 1
89, 109, 1
89, 103, 1
103, 107, 1
103, 106, 1
103, 111, 1
103, 70, 1
103, 109, 1
103, 89, 1
171, 163, 1
171, 173, 1
171, 166, 1
171, 174, 1
163, 171, 1
163, 173, 1
163, 166, 1
163, 174, 1
173, 171, 1
173, 163, 1
173, 166, 1
173, 174, 1
166, 171, 1
166, 163, 1
166, 173, 1
166, 174, 1
174, 171, 1
174, 163, 1
174, 173, 1
174, 166, 1
201, 209, 1
201, 189, 1
201, 207, 1
201, 185, 1
201, 188, 1
209, 201, 1
209, 189, 1
209, 207, 1
209, 185, 1
209, 188, 1
189, 201, 1
189, 209, 1
189, 207, 1
189, 185, 1
189, 188, 1
207, 201, 1
207, 209, 1
207, 189, 1
207, 185, 1
207, 188, 1
185, 201, 1
185, 209, 1
185, 189, 1
185, 207, 1
185, 188, 1
188, 201, 1
188, 209, 1
188, 189, 1
188, 207, 1
188, 185, 1
184, 107, -1
184, 106, -1
184, 111, -1
184, 70, -1
184, 109, -1
184, 89, -1
184, 103, -1
180, 107, -1
180, 106, -1
180, 111, -1
180, 70, -1
180, 109, -1
180, 89, -1
180, 103, -1
184, 171, -1
184, 163, -1
184, 173, -1
184, 166, -1
184, 174, -1
180, 171, -1
180, 163, -1
180, 173, -1
180, 166, -1
180, 174, -1
184, 48, -1
180, 48, -1
184, 201, -1
184, 209, -1
184, 189, -1
184, 207, -1
184, 185, -1
184, 188, -1
180, 201, -1
180, 209, -1
180, 189, -1
180, 207, -1
180, 185, -1
180, 188, -1
107, 184, -1
107, 180, -1
106, 184, -1
106, 180, -1
111, 184, -1
111, 180, -1
70, 184, -1
70, 180, -1
109, 184, -1
109, 180, -1
89, 184, -1
89, 180, -1
103, 184, -1
103, 180, -1
107, 171, -1
107, 163, -1
107, 173, -1
107, 166, -1
107, 174, -1
106, 171, -1
106, 163, -1
106, 173, -1
106, 166, -1
106, 174, -1
111, 171, -1
111, 163, -1
111, 173, -1
111, 166, -1
111, 174, -1
70, 171, -1
70, 163, -1
70, 173, -1
70, 166, -1
70, 174, -1
109, 171, -1
109, 163, -1
109, 173, -1
109, 166, -1
109, 174, -1
89, 171, -1
89, 163, -1
89, 173, -1
89, 166, -1
89, 174, -1
103, 171, -1
103, 163, -1
103, 173, -1
103, 166, -1
103, 174, -1
107, 48, -1
106, 48, -1
111, 48, -1
70, 48, -1
109, 48, -1
89, 48, -1
103, 48, -1
107, 201, -1
107, 209, -1
107, 189, -1
107, 207, -1
107, 185, -1
107, 188, -1
106, 201, -1
106, 209, -1
106, 189, -1
106, 207, -1
106, 185, -1
106, 188, -1
111, 201, -1
111, 209, -1
111, 189, -1
111, 207, -1
111, 185, -1
111, 188, -1
70, 201, -1
70, 209, -1
70, 189, -1
70, 207, -1
70, 185, -1
70, 188, -1
109, 201, -1
109, 209, -1
109, 189, -1
109, 207, -1
109, 185, -1
109, 188, -1
89, 201, -1
89, 209, -1
89, 189, -1
89, 207, -1
89, 185, -1
89, 188, -1
103, 201, -1
103, 209, -1
103, 189, -1
103, 207, -1
103, 185, -1
103, 188, -1
171, 184, -1
171, 180, -1
163, 184, -1
163, 180, -1
173, 184, -1
173, 180, -1
166, 184, -1
166, 180, -1
174, 184, -1
174, 180, -1
171, 107, -1
171, 106, -1
171, 111, -1
171, 70, -1
171, 109, -1
171, 89, -1
171, 103, -1
163, 107, -1
163, 106, -1
163, 111, -1
163, 70, -1
163, 109, -1
163, 89, -1
163, 103, -1
173, 107, -1
173, 106, -1
173, 111, -1
173, 70, -1
173, 109, -1
173, 89, -1
173, 103, -1
166, 107, -1
166, 106, -1
166, 111, -1
166, 70, -1
166, 109, -1
166, 89, -1
166, 103, -1
174, 107, -1
174, 106, -1
174, 111, -1
174, 70, -1
174, 109, -1
174, 89, -1
174, 103, -1
171, 48, -1
163, 48, -1
173, 48, -1
166, 48, -1
174, 48, -1
171, 201, -1
171, 209, -1
171, 189, -1
171, 207, -1
171, 185, -1
171, 188, -1
163, 201, -1
163, 209, -1
163, 189, -1
163, 207, -1
163, 185, -1
163, 188, -1
173, 201, -1
173, 209, -1
173, 189, -1
173, 207, -1
173, 185, -1
173, 188, -1
166, 201, -1
166, 209, -1
166, 189, -1
166, 207, -1
166, 185, -1
166, 188, -1
174, 201, -1
174, 209, -1
174, 189, -1
174, 207, -1
174, 185, -1
174, 188, -1
48, 184, -1
48, 180, -1
48, 107, -1
48, 106, -1
48, 111, -1
48, 70, -1
48, 109, -1
48, 89, -1
48, 103, -1
48, 171, -1
48, 163, -1
48, 173, -1
48, 166, -1
48, 174, -1
48, 201, -1
48, 209, -1
48, 189, -1
48, 207, -1
48, 185, -1
48, 188, -1
201, 184, -1
201, 180, -1
209, 184, -1
209, 180, -1
189, 184, -1
189, 180, -1
207, 184, -1
207, 180, -1
185, 184, -1
185, 180, -1
188, 184, -1
188, 180, -1
201, 107, -1
201, 106, -1
201, 111, -1
201, 70, -1
201, 109, -1
201, 89, -1
201, 103, -1
209, 107, -1
209, 106, -1
209, 111, -1
209, 70, -1
209, 109, -1
209, 89, -1
209, 103, -1
189, 107, -1
189, 106, -1
189, 111, -1
189, 70, -1
189, 109, -1
189, 89, -1
189, 103, -1
207, 107, -1
207, 106, -1
207, 111, -1
207, 70, -1
207, 109, -1
207, 89, -1
207, 103, -1
185, 107, -1
185, 106, -1
185, 111, -1
185, 70, -1
185, 109, -1
185, 89, -1
185, 103, -1
188, 107, -1
188, 106, -1
188, 111, -1
188, 70, -1
188, 109, -1
188, 89, -1
188, 103, -1
201, 171, -1
201, 163, -1
201, 173, -1
201, 166, -1
201, 174, -1
209, 171, -1
209, 163, -1
209, 173, -1
209, 166, -1
209, 174, -1
189, 171, -1
189, 163, -1
189, 173, -1
189, 166, -1
189, 174, -1
207, 171, -1
207, 163, -1
207, 173, -1
207, 166, -1
207, 174, -1
185, 171, -1
185, 163, -1
185, 173, -1
185, 166, -1
185, 174, -1
188, 171, -1
188, 163, -1
188, 173, -1
188, 166, -1
188, 174, -1
201, 48, -1
209, 48, -1
189, 48, -1
207, 48, -1
185, 48, -1
188, 48, -1

184, 180, 1
184, 178, 1
184, 182, 1
180, 184, 1
180, 178, 1
180, 182, 1
178, 184, 1
178, 180, 1
178, 182, 1
182, 184, 1
182, 180, 1
182, 178, 1
107, 106, 1
107, 111, 1
107, 70, 1
107, 109, 1
107, 89, 1
107, 103, 1
107, 105, 1
107, 112, 1
106, 107, 1
106, 111, 1
106, 70, 1
106, 109, 1
106, 89, 1
106, 103, 1
106, 105, 1
106, 112, 1
111, 107, 1
111, 106, 1
111, 70, 1
111, 109, 1
111, 89, 1
111, 103, 1
111, 105, 1
111, 112, 1
70, 107, 1
70, 106, 1
70, 111, 1
70, 109, 1
70, 89, 1
70, 103, 1
70, 105, 1
70, 112, 1
109, 107, 1
109, 106, 1
109, 111, 1
109, 70, 1
109, 89, 1
109, 103, 1
109, 105, 1
109, 112, 1
89, 107, 1
89, 106, 1
89, 111, 1
89, 70, 1
89, 109, 1
89, 103, 1
89, 105, 1
89, 112, 1
103, 107, 1
103, 106, 1
103, 111, 1
103, 70, 1
103, 109, 1
103, 89, 1
103, 105, 1
103, 112, 1
105, 107, 1
105, 106, 1
105, 111, 1
105, 70, 1
105, 109, 1
105, 89, 1
105, 103, 1
105, 112, 1
112, 107, 1
112, 106, 1
112, 111, 1
112, 70, 1
112, 109, 1
112, 89, 1
112, 103, 1
112, 105, 1
171, 163, 1
171, 173, 1
171, 166, 1
171, 174, 1
171, 168, 1
163, 171, 1
163, 173, 1
163, 166, 1
163, 174, 1
163, 168, 1
173, 171, 1
173, 163, 1
173, 166, 1
173, 174, 1
173, 168, 1
166, 171, 1
166, 163, 1
166, 173, 1
166, 174, 1
166, 168, 1
174, 171, 1
174, 163, 1
174, 173, 1
174, 166, 1
174, 168, 1
168, 171, 1
168, 163, 1
168, 173, 1
168, 166, 1
168, 174, 1
201, 209, 1
201, 189, 1
201, 207, 1
201, 185, 1
201, 188, 1
209, 201, 1
209, 189, 1
209, 207, 1
209, 185, 1
209, 188, 1
189, 201, 1
189, 209, 1
189, 207, 1
189, 185, 1
189, 188, 1
207, 201, 1
207, 209, 1
207, 189, 1
207, 185, 1
207, 188, 1
185, 201, 1
185, 209, 1
185, 189, 1
185, 207, 1
185, 188, 1
188, 201, 1
188, 209, 1
188, 189, 1
188, 207, 1
188, 185, 1
184, 107, -1
184, 106, -1
184, 111, -1
184, 70, -1
184, 109, -1
184, 89, -1
184, 103, -1
184, 105, -1
184, 112, -1
180, 107, -1
180, 106, -1
180, 111, -1
180, 70, -1
180, 109, -1
180, 89, -1
180, 103, -1
180, 105, -1
180, 112, -1
178, 107, -1
178, 106, -1
178, 111, -1
178, 70, -1
178, 109, -1
178, 89, -1
178, 103, -1
178, 105, -1
178, 112, -1
182, 107, -1
182, 106, -1
182, 111, -1
182, 70, -1
182, 109, -1
182, 89, -1
182, 103, -1
182, 105, -1
182, 112, -1
184, 171, -1
184, 163, -1
184, 173, -1
184, 166, -1
184, 174, -1
184, 168, -1
180, 171, -1
180, 163, -1
180, 173, -1
180, 166, -1
180, 174, -1
180, 168, -1
178, 171, -1
178, 163, -1
178, 173, -1
178, 166, -1
178, 174, -1
178, 168, -1
182, 171, -1
182, 163, -1
182, 173, -1
182, 166, -1
182, 174, -1
182, 168, -1
184, 48, -1
180, 48, -1
178, 48, -1
182, 48, -1
184, 201, -1
184, 209, -1
184, 189, -1
184, 207, -1
184, 185, -1
184, 188, -1
180, 201, -1
180, 209, -1
180, 189, -1
180, 207, -1
180, 185, -1
180, 188, -1
178, 201, -1
178, 209, -1
178, 189, -1
178, 207, -1
178, 185, -1
178, 188, -1
182, 201, -1
182, 209, -1
182, 189, -1
182, 207, -1
182, 185, -1
182, 188, -1
107, 184, -1
107, 180, -1
107, 178, -1
107, 182, -1
106, 184, -1
106, 180, -1
106, 178, -1
106, 182, -1
111, 184, -1
111, 180, -1
111, 178, -1
111, 182, -1
70, 184, -1
70, 180, -1
70, 178, -1
70, 182, -1
109, 184, -1
109, 180, -1
109, 178, -1
109, 182, -1
89, 184, -1
89, 180, -1
89, 178, -1
89, 182, -1
103, 184, -1
103, 180, -1
103, 178, -1
103, 182, -1
105, 184, -1
105, 180, -1
105, 178, -1
105, 182, -1
112, 184, -1
112, 180, -1
112, 178, -1
112, 182, -1
107, 171, -1
107, 163, -1
107, 173, -1
107, 166, -1
107, 174, -1
107, 168, -1
106, 171, -1
106, 163, -1
106, 173, -1
106, 166, -1
106, 174, -1
106, 168, -1
111, 171, -1
111, 163, -1
111, 173, -1
111, 166, -1
111, 174, -1
111, 168, -1
70, 171, -1
70, 163, -1
70, 173, -1
70, 166, -1
70, 174, -1
70, 168, -1
109, 171, -1
109, 163, -1
109, 173, -1
109, 166, -1
109, 174, -1
109, 168, -1
89, 171, -1
89, 163, -1
89, 173, -1
89, 166, -1
89, 174, -1
89, 168, -1
103, 171, -1
103, 163, -1
103, 173, -1
103, 166, -1
103, 174, -1
103, 168, -1
105, 171, -1
105, 163, -1
105, 173, -1
105, 166, -1
105, 174, -1
105, 168, -1
112, 171, -1
112, 163, -1
112, 173, -1
112, 166, -1
112, 174, -1
112, 168, -1
107, 48, -1
106, 48, -1
111, 48, -1
70, 48, -1
109, 48, -1
89, 48, -1
103, 48, -1
105, 48, -1
112, 48, -1
107, 201, -1
107, 209, -1
107, 189, -1
107, 207, -1
107, 185, -1
107, 188, -1
106, 201, -1
106, 209, -1
106, 189, -1
106, 207, -1
106, 185, -1
106, 188, -1
111, 201, -1
111, 209, -1
111, 189, -1
111, 207, -1
111, 185, -1
111, 188, -1
70, 201, -1
70, 209, -1
70, 189, -1
70, 207, -1
70, 185, -1
70, 188, -1
109, 201, -1
109, 209, -1
109, 189, -1
109, 207, -1
109, 185, -1
109, 188, -1
89, 201, -1
89, 209, -1
89, 189, -1
89, 207, -1
89, 185, -1
89, 188, -1
103, 201, -1
103, 209, -1
103, 189, -1
103, 207, -1
103, 185, -1
103, 188, -1
105, 201, -1
105, 209, -1
105, 189, -1
105, 207, -1
105, 185, -1
105, 188, -1
112, 201, -1
112, 209, -1
112, 189, -1
112, 207, -1
112, 185, -1
112, 188, -1
171, 184, -1
171, 180, -1
171, 178, -1
171, 182, -1
163, 184, -1
163, 180, -1
163, 178, -1
163, 182, -1
173, 184, -1
173, 180, -1
173, 178, -1
173, 182, -1
166, 184, -1
166, 180, -1
166, 178, -1
166, 182, -1
174, 184, -1
174, 180, -1
174, 178, -1
174, 182, -1
168, 184, -1
168, 180, -1
168, 178, -1
168, 182, -1
171, 107, -1
171, 106, -1
171, 111, -1
171, 70, -1
171, 109, -1
171, 89, -1
171, 103, -1
171, 105, -1
171, 112, -1
163, 107, -1
163, 106, -1
163, 111, -1
163, 70, -1
163, 109, -1
163, 89, -1
163, 103, -1
163, 105, -1
163, 112, -1
173, 107, -1
173, 106, -1
173, 111, -1
173, 70, -1
173, 109, -1
173, 89, -1
173, 103, -1
173, 105, -1
173, 112, -1
166, 107, -1
166, 106, -1
166, 111, -1
166, 70, -1
166, 109, -1
166, 89, -1
166, 103, -1
166, 105, -1
166, 112, -1
174, 107, -1
174, 106, -1
174, 111, -1
174, 70, -1
174, 109, -1
174, 89, -1
174, 103, -1
174, 105, -1
174, 112, -1
168, 107, -1
168, 106, -1
168, 111, -1
168, 70, -1
168, 109, -1
168, 89, -1
168, 103, -1
168, 105, -1
168, 112, -1
171, 48, -1
163, 48, -1
173, 48, -1
166, 48, -1
174, 48, -1
168, 48, -1
171, 201, -1
171, 209, -1
171, 189, -1
171, 207, -1
171, 185, -1
171, 188, -1
163, 201, -1
163, 209, -1
163, 189, -1
163, 207, -1
163, 185, -1
163, 188, -1
173, 201, -1
173, 209, -1
173, 189, -1
173, 207, -1
173, 185, -1
173, 188, -1
166, 201, -1
166, 209, -1
166, 189, -1
166, 207, -1
166, 185, -1
166, 188, -1
174, 201, -1
174, 209, -1
174, 189, -1
174, 207, -1
174, 185, -1
174, 188, -1
168, 201, -1
168, 209, -1
168, 189, -1
168, 207, -1
168, 185, -1
168, 188, -1
48, 184, -1
48, 180, -1
48, 178, -1
48, 182, -1
48, 107, -1
48, 106, -1
48, 111, -1
48, 70, -1
48, 109, -1
48, 89, -1
48, 103, -1
48, 105, -1
48, 112, -1
48, 171, -1
48, 163, -1
48, 173, -1
48, 166, -1
48, 174, -1
48, 168, -1
48, 201, -1
48, 209, -1
48, 189, -1
48, 207, -1
48, 185, -1
48, 188, -1
201, 184, -1
201, 180, -1
201, 178, -1
201, 182, -1
209, 184, -1
209, 180, -1
209, 178, -1
209, 182, -1
189, 184, -1
189, 180, -1
189, 178, -1
189, 182, -1
207, 184, -1
207, 180, -1
207, 178, -1
207, 182, -1
185, 184, -1
185, 180, -1
185, 178, -1
185, 182, -1
188, 184, -1
188, 180, -1
188, 178, -1
188, 182, -1
201, 107, -1
201, 106, -1
201, 111, -1
201, 70, -1
201, 109, -1
201, 89, -1
201, 103, -1
201, 105, -1
201, 112, -1
209, 107, -1
209, 106, -1
209, 111, -1
209, 70, -1
209, 109, -1
209, 89, -1
209, 103, -1
209, 105, -1
209, 112, -1
189, 107, -1
189, 106, -1
189, 111, -1
189, 70, -1
189, 109, -1
189, 89, -1
189, 103, -1
189, 105, -1
189, 112, -1
207, 107, -1
207, 106, -1
207, 111, -1
207, 70, -1
207, 109, -1
207, 89, -1
207, 103, -1
207, 105, -1
207, 112, -1
185, 107, -1
185, 106, -1
185, 111, -1
185, 70, -1
185, 109, -1
185, 89, -1
185, 103, -1
185, 105, -1
185, 112, -1
188, 107, -1
188, 106, -1
188, 111, -1
188, 70, -1
188, 109, -1
188, 89, -1
188, 103, -1
188, 105, -1
188, 112, -1
201, 171, -1
201, 163, -1
201, 173, -1
201, 166, -1
201, 174, -1
201, 168, -1
209, 171, -1
209, 163, -1
209, 173, -1
209, 166, -1
209, 174, -1
209, 168, -1
189, 171, -1
189, 163, -1
189, 173, -1
189, 166, -1
189, 174, -1
189, 168, -1
207, 171, -1
207, 163, -1
207, 173, -1
207, 166, -1
207, 174, -1
207, 168, -1
185, 171, -1
185, 163, -1
185, 173, -1
185, 166, -1
185, 174, -1
185, 168, -1
188, 171, -1
188, 163, -1
188, 173, -1
188, 166, -1
188, 174, -1
188, 168, -1
201, 48, -1
209, 48, -1
189, 48, -1
207, 48, -1
185, 48, -1
188, 48, -1

184, 180, 1
184, 178, 1
184, 182, 1
180, 184, 1
180, 178, 1
180, 182, 1
178, 184, 1
178, 180, 1
178, 182, 1
182, 184, 1
182, 180, 1
182, 178, 1
107, 106, 1
107, 111, 1
107, 70, 1
107, 109, 1
107, 89, 1
107, 103, 1
107, 105, 1
107, 112, 1
107, 102, 1
106, 107, 1
106, 111, 1
106, 70, 1
106, 109, 1
106, 89, 1
106, 103, 1
106, 105, 1
106, 112, 1
106, 102, 1
111, 107, 1
111, 106, 1
111, 70, 1
111, 109, 1
111, 89, 1
111, 103, 1
111, 105, 1
111, 112, 1
111, 102, 1
70, 107, 1
70, 106, 1
70, 111, 1
70, 109, 1
70, 89, 1
70, 103, 1
70, 105, 1
70, 112, 1
70, 102, 1
109, 107, 1
109, 106, 1
109, 111, 1
109, 70, 1
109, 89, 1
109, 103, 1
109, 105, 1
109, 112, 1
109, 102, 1
89, 107, 1
89, 106, 1
89, 111, 1
89, 70, 1
89, 109, 1
89, 103, 1
89, 105, 1
89, 112, 1
89, 102, 1
103, 107, 1
103, 106, 1
103, 111, 1
103, 70, 1
103, 109, 1
103, 89, 1
103, 105, 1
103, 112, 1
103, 102, 1
105, 107, 1
105, 106, 1
105, 111, 1
105, 70, 1
105, 109, 1
105, 89, 1
105, 103, 1
105, 112, 1
105, 102, 1
112, 107, 1
112, 106, 1
112, 111, 1
112, 70, 1
112, 109, 1
112, 89, 1
112, 103, 1
112, 105, 1
112, 102, 1
102, 107, 1
102, 106, 1
102, 111, 1
102, 70, 1
102, 109, 1
102, 89, 1
102, 103, 1
102, 105, 1
102, 112, 1
171, 163, 1
171, 173, 1
171, 166, 1
171, 174, 1
171, 168, 1
163, 171, 1
163, 173, 1
163, 166, 1
163, 174, 1
163, 168, 1
173, 171, 1
173, 163, 1
173, 166, 1
173, 174, 1
173, 168, 1
166, 171, 1
166, 163, 1
166, 173, 1
166, 174, 1
166, 168, 1
174, 171, 1
174, 163, 1
174, 173, 1
174, 166, 1
174, 168, 1
168, 171, 1
168, 163, 1
168, 173, 1
168, 166, 1
168, 174, 1
48, 21, 1
21, 48, 1
201, 209, 1
201, 189, 1
201, 207, 1
201, 185, 1
201, 188, 1
209, 201, 1
209, 189, 1
209, 207, 1
209, 185, 1
209, 188, 1
189, 201, 1
189, 209, 1
189, 207, 1
189, 185, 1
189, 188, 1
207, 201, 1
207, 209, 1
207, 189, 1
207, 185, 1
207, 188, 1
185, 201, 1
185, 209, 1
185, 189, 1
185, 207, 1
185, 188, 1
188, 201, 1
188, 209, 1
188, 189, 1
188, 207, 1
188, 185, 1
184, 107, -1
184, 106, -1
184, 111, -1
184, 70, -1
184, 109, -1
184, 89, -1
184, 103, -1
184, 105, -1
184, 112, -1
184, 102, -1
180, 107, -1
180, 106, -1
180, 111, -1
180, 70, -1
180, 109, -1
180, 89, -1
180, 103, -1
180, 105, -1
180, 112, -1
180, 102, -1
178, 107, -1
178, 106, -1
178, 111, -1
178, 70, -1
178, 109, -1
178, 89, -1
178, 103, -1
178, 105, -1
178, 112, -1
178, 102, -1
182, 107, -1
182, 106, -1
182, 111, -1
182, 70, -1
182, 109, -1
182, 89, -1
182, 103, -1
182, 105, -1
182, 112, -1
182, 102, -1
184, 171, -1
184, 163, -1
184, 173, -1
184, 166, -1
184, 174, -1
184, 168, -1
180, 171, -1
180, 163, -1
180, 173, -1
180, 166, -1
180, 174, -1
180, 168, -1
178, 171, -1
178, 163, -1
178, 173, -1
178, 166, -1
178, 174, -1
178, 168, -1
182, 171, -1
182, 163, -1
182, 173, -1
182, 166, -1
182, 174, -1
182, 168, -1
184, 48, -1
184, 21, -1
180, 48, -1
180, 21, -1
178, 48, -1
178, 21, -1
182, 48, -1
182, 21, -1
184, 201, -1
184, 209, -1
184, 189, -1
184, 207, -1
184, 185, -1
184, 188, -1
180, 201, -1
180, 209, -1
180, 189, -1
180, 207, -1
180, 185, -1
180, 188, -1
178, 201, -1
178, 209, -1
178, 189, -1
178, 207, -1
178, 185, -1
178, 188, -1
182, 201, -1
182, 209, -1
182, 189, -1
182, 207, -1
182, 185, -1
182, 188, -1
107, 184, -1
107, 180, -1
107, 178, -1
107, 182, -1
106, 184, -1
106, 180, -1
106, 178, -1
106, 182, -1
111, 184, -1
111, 180, -1
111, 178, -1
111, 182, -1
70, 184, -1
70, 180, -1
70, 178, -1
70, 182, -1
109, 184, -1
109, 180, -1
109, 178, -1
109, 182, -1
89, 184, -1
89, 180, -1
89, 178, -1
89, 182, -1
103, 184, -1
103, 180, -1
103, 178, -1
103, 182, -1
105, 184, -1
105, 180, -1
105, 178, -1
105, 182, -1
112, 184, -1
112, 180, -1
112, 178, -1
112, 182, -1
102, 184, -1
102, 180, -1
102, 178, -1
102, 182, -1
107, 171, -1
107, 163, -1
107, 173, -1
107, 166, -1
107, 174, -1
107, 168, -1
106, 171, -1
106, 163, -1
106, 173, -1
106, 166, -1
106, 174, -1
106, 168, -1
111, 171, -1
111, 163, -1
111, 173, -1
111, 166, -1
111, 174, -1
111, 168, -1
70, 171, -1
70, 163, -1
70, 173, -1
70, 166, -1
70, 174, -1
70, 168, -1
109, 171, -1
109, 163, -1
109, 173, -1
109, 166, -1
109, 174, -1
109, 168, -1
89, 171, -1
89, 163, -1
89, 173, -1
89, 166, -1
89, 174, -1
89, 168, -1
103, 171, -1
103, 163, -1
103, 173, -1
103, 166, -1
103, 174, -1
103, 168, -1
105, 171, -1
105, 163, -1
105, 173, -1
105, 166, -1
105, 174, -1
105, 168, -1
112, 171, -1
112, 163, -1
112, 173, -1
112, 166, -1
112, 174, -1
112, 168, -1
102, 171, -1
102, 163, -1
102, 173, -1
102, 166, -1
102, 174, -1
102, 168, -1
107, 48, -1
107, 21, -1
106, 48, -1
106, 21, -1
111, 48, -1
111, 21, -1
70, 48, -1
70, 21, -1
109, 48, -1
109, 21, -1
89, 48, -1
89, 21, -1
103, 48, -1
103, 21, -1
105, 48, -1
105, 21, -1
112, 48, -1
112, 21, -1
102, 48, -1
102, 21, -1
107, 201, -1
107, 209, -1
107, 189, -1
107, 207, -1
107, 185, -1
107, 188, -1
106, 201, -1
106, 209, -1
106, 189, -1
106, 207, -1
106, 185, -1
106, 188, -1
111, 201, -1
111, 209, -1
111, 189, -1
111, 207, -1
111, 185, -1
111, 188, -1
70, 201, -1
70, 209, -1
70, 189, -1
70, 207, -1
70, 185, -1
70, 188, -1
109, 201, -1
109, 209, -1
109, 189, -1
109, 207, -1
109, 185, -1
109, 188, -1
89, 201, -1
89, 209, -1
89, 189, -1
89, 207, -1
89, 185, -1
89, 188, -1
103, 201, -1
103, 209, -1
103, 189, -1
103, 207, -1
103, 185, -1
103, 188, -1
105, 201, -1
105, 209, -1
105, 189, -1
105, 207, -1
105, 185, -1
105, 188, -1
112, 201, -1
112, 209, -1
112, 189, -1
112, 207, -1
112, 185, -1
112, 188, -1
102, 201, -1
102, 209, -1
102, 189, -1
102, 207, -1
102, 185, -1
102, 188, -1
171, 184, -1
171, 180, -1
171, 178, -1
171, 182, -1
163, 184, -1
163, 180, -1
163, 178, -1
163, 182, -1
173, 184, -1
173, 180, -1
173, 178, -1
173, 182, -1
166, 184, -1
166, 180, -1
166, 178, -1
166, 182, -1
174, 184, -1
174, 180, -1
174, 178, -1
174, 182, -1
168, 184, -1
168, 180, -1
168, 178, -1
168, 182, -1
171, 107, -1
171, 106, -1
171, 111, -1
171, 70, -1
171, 109, -1
171, 89, -1
171, 103, -1
171, 105, -1
171, 112, -1
171, 102, -1
163, 107, -1
163, 106, -1
163, 111, -1
163, 70, -1
163, 109, -1
163, 89, -1
163, 103, -1
163, 105, -1
163, 112, -1
163, 102, -1
173, 107, -1
173, 106, -1
173, 111, -1
173, 70, -1
173, 109, -1
173, 89, -1
173, 103, -1
173, 105, -1
173, 112, -1
173, 102, -1
166, 107, -1
166, 106, -1
166, 111, -1
166, 70, -1
166, 109, -1
166, 89, -1
166, 103, -1
166, 105, -1
166, 112, -1
166, 102, -1
174, 107, -1
174, 106, -1
174, 111, -1
174, 70, -1
174, 109, -1
174, 89, -1
174, 103, -1
174, 105, -1
174, 112, -1
174, 102, -1
168, 107, -1
168, 106, -1
168, 111, -1
168, 70, -1
168, 109, -1
168, 89, -1
168, 103, -1
168, 105, -1
168, 112, -1
168, 102, -1
171, 48, -1
171, 21, -1
163, 48, -1
163, 21, -1
173, 48, -1
173, 21, -1
166, 48, -1
166, 21, -1
174, 48, -1
174, 21, -1
168, 48, -1
168, 21, -1
171, 201, -1
171, 209, -1
171, 189, -1
171, 207, -1
171, 185, -1
171, 188, -1
163, 201, -1
163, 209, -1
163, 189, -1
163, 207, -1
163, 185, -1
163, 188, -1
173, 201, -1
173, 209, -1
173, 189, -1
173, 207, -1
173, 185, -1
173, 188, -1
166, 201, -1
166, 209, -1
166, 189, -1
166, 207, -1
166, 185, -1
166, 188, -1
174, 201, -1
174, 209, -1
174, 189, -1
174, 207, -1
174, 185, -1
174, 188, -1
168, 201, -1
168, 209, -1
168, 189, -1
168, 207, -1
168, 185, -1
168, 188, -1
48, 184, -1
48, 180, -1
48, 178, -1
48, 182, -1
21, 184, -1
21, 180, -1
21, 178, -1
21, 182, -1
48, 107, -1
48, 106, -1
48, 111, -1
48, 70, -1
48, 109, -1
48, 89, -1
48, 103, -1
48, 105, -1
48, 112, -1
48, 102, -1
21, 107, -1
21, 106, -1
21, 111, -1
21, 70, -1
21, 109, -1
21, 89, -1
21, 103, -1
21, 105, -1
21, 112, -1
21, 102, -1
48, 171, -1
48, 163, -1
48, 173, -1
48, 166, -1
48, 174, -1
48, 168, -1
21, 171, -1
21, 163, -1
21, 173, -1
21, 166, -1
21, 174, -1
21, 168, -1
48, 201, -1
48, 209, -1
48, 189, -1
48, 207, -1
48, 185, -1
48, 188, -1
21, 201, -1
21, 209, -1
21, 189, -1
21, 207, -1
21, 185, -1
21, 188, -1
201, 184, -1
201, 180, -1
201, 178, -1
201, 182, -1
209, 184, -1
209, 180, -1
209, 178, -1
209, 182, -1
189, 184, -1
189, 180, -1
189, 178, -1
189, 182, -1
207, 184, -1
207, 180, -1
207, 178, -1
207, 182, -1
185, 184, -1
185, 180, -1
185, 178, -1
185, 182, -1
188, 184, -1
188, 180, -1
188, 178, -1
188, 182, -1
201, 107, -1
201, 106, -1
201, 111, -1
201, 70, -1
201, 109, -1
201, 89, -1
201, 103, -1
201, 105, -1
201, 112, -1
201, 102, -1
209, 107, -1
209, 106, -1
209, 111, -1
209, 70, -1
209, 109, -1
209, 89, -1
209, 103, -1
209, 105, -1
209, 112, -1
209, 102, -1
189, 107, -1
189, 106, -1
189, 111, -1
189, 70, -1
189, 109, -1
189, 89, -1
189, 103, -1
189, 105, -1
189, 112, -1
189, 102, -1
207, 107, -1
207, 106, -1
207, 111, -1
207, 70, -1
207, 109, -1
207, 89, -1
207, 103, -1
207, 105, -1
207, 112, -1
207, 102, -1
185, 107, -1
185, 106, -1
185, 111, -1
185, 70, -1
185, 109, -1
185, 89, -1
185, 103, -1
185, 105, -1
185, 112, -1
185, 102, -1
188, 107, -1
188, 106, -1
188, 111, -1
188, 70, -1
188, 109, -1
188, 89, -1
188, 103, -1
188, 105, -1
188, 112, -1
188, 102, -1
201, 171, -1
201, 163, -1
201, 173, -1
201, 166, -1
201, 174, -1
201, 168, -1
209, 171, -1
209, 163, -1
209, 173, -1
209, 166, -1
209, 174, -1
209, 168, -1
189, 171, -1
189, 163, -1
189, 173, -1
189, 166, -1
189, 174, -1
189, 168, -1
207, 171, -1
207, 163, -1
207, 173, -1
207, 166, -1
207, 174, -1
207, 168, -1
185, 171, -1
185, 163, -1
185, 173, -1
185, 166, -1
185, 174, -1
185, 168, -1
188, 171, -1
188, 163, -1
188, 173, -1
188, 166, -1
188, 174, -1
188, 168, -1
201, 48, -1
201, 21, -1
209, 48, -1
209, 21, -1
189, 48, -1
189, 21, -1
207, 48, -1
207, 21, -1
185, 48, -1
185, 21, -1
188, 48, -1
188, 21, -1

184, 180, 1
184, 178, 1
184, 182, 1
180, 184, 1
180, 178, 1
180, 182, 1
178, 184, 1
178, 180, 1
178, 182, 1
182, 184, 1
182, 180, 1
182, 178, 1
107, 106, 1
107, 111, 1
107, 70, 1
107, 109, 1
107, 89, 1
107, 103, 1
107, 105, 1
107, 112, 1
107, 102, 1
106, 107, 1
106, 111, 1
106, 70, 1
106, 109, 1
106, 89, 1
106, 103, 1
106, 105, 1
106, 112, 1
106, 102, 1
111, 107, 1
111, 106, 1
111, 70, 1
111, 109, 1
111, 89, 1
111, 103, 1
111, 105, 1
111, 112, 1
111, 102, 1
70, 107, 1
70, 106, 1
70, 111, 1
70, 109, 1
70, 89, 1
70, 103, 1
70, 105, 1
70, 112, 1
70, 102, 1
109, 107, 1
109, 106, 1
109, 111, 1
109, 70, 1
109, 89, 1
109, 103, 1
109, 105, 1
109, 112, 1
109, 102, 1
89, 107, 1
89, 106, 1
89, 111, 1
89, 70, 1
89, 109, 1
89, 103, 1
89, 105, 1
89, 112, 1
89, 102, 1
103, 107, 1
103, 106, 1
103, 111, 1
103, 70, 1
103, 109, 1
103, 89, 1
103, 105, 1
103, 112, 1
103, 102, 1
105, 107, 1
105, 106, 1
105, 111, 1
105, 70, 1
105, 109, 1
105, 89, 1
105, 103, 1
105, 112, 1
105, 102, 1
112, 107, 1
112, 106, 1
112, 111, 1
112, 70, 1
112, 109, 1
112, 89, 1
112, 103, 1
112, 105, 1
112, 102, 1
102, 107, 1
102, 106, 1
102, 111, 1
102, 70, 1
102, 109, 1
102, 89, 1
102, 103, 1
102, 105, 1
102, 112, 1
171, 163, 1
171, 173, 1
171, 166, 1
171, 174, 1
171, 168, 1
163, 171, 1
163, 173, 1
163, 166, 1
163, 174, 1
163, 168, 1
173, 171, 1
173, 163, 1
173, 166, 1
173, 174, 1
173, 168, 1
166, 171, 1
166, 163, 1
166, 173, 1
166, 174, 1
166, 168, 1
174, 171, 1
174, 163, 1
174, 173, 1
174, 166, 1
174, 168, 1
168, 171, 1
168, 163, 1
168, 173, 1
168, 166, 1
168, 174, 1
48, 21, 1
21, 48, 1
201, 209, 1
201, 189, 1
201, 207, 1
201, 185, 1
201, 188, 1
201, 186, 1
201, 200, 1
209, 201, 1
209, 189, 1
209, 207, 1
209, 185, 1
209, 188, 1
209, 186, 1
209, 200, 1
189, 201, 1
189, 209, 1
189, 207, 1
189, 185, 1
189, 188, 1
189, 186, 1
189, 200, 1
207, 201, 1
207, 209, 1
207, 189, 1
207, 185, 1
207, 188, 1
207, 186, 1
207, 200, 1
185, 201, 1
185, 209, 1
185, 189, 1
185, 207, 1
185, 188, 1
185, 186, 1
185, 200, 1
188, 201, 1
188, 209, 1
188, 189, 1
188, 207, 1
188, 185, 1
188, 186, 1
188, 200, 1
186, 201, 1
186, 209, 1
186, 189, 1
186, 207, 1
186, 185, 1
186, 188, 1
186, 200, 1
200, 201, 1
200, 209, 1
200, 189, 1
200, 207, 1
200, 185, 1
200, 188, 1
200, 186, 1
184, 107, -1
184, 106, -1
184, 111, -1
184, 70, -1
184, 109, -1
184, 89, -1
184, 103, -1
184, 105, -1
184, 112, -1
184, 102, -1
180, 107, -1
180, 106, -1
180, 111, -1
180, 70, -1
180, 109, -1
180, 89, -1
180, 103, -1
180, 105, -1
180, 112, -1
180, 102, -1
178, 107, -1
178, 106, -1
178, 111, -1
178, 70, -1
178, 109, -1
178, 89, -1
178, 103, -1
178, 105, -1
178, 112, -1
178, 102, -1
182, 107, -1
182, 106, -1
182, 111, -1
182, 70, -1
182, 109, -1
182, 89, -1
182, 103, -1
182, 105, -1
182, 112, -1
182, 102, -1
184, 171, -1
184, 163, -1
184, 173, -1
184, 166, -1
184, 174, -1
184, 168, -1
180, 171, -1
180, 163, -1
180, 173, -1
180, 166, -1
180, 174, -1
180, 168, -1
178, 171, -1
178, 163, -1
178, 173, -1
178, 166, -1
178, 174, -1
178, 168, -1
182, 171, -1
182, 163, -1
182, 173, -1
182, 166, -1
182, 174, -1
182, 168, -1
184, 48, -1
184, 21, -1
180, 48, -1
180, 21, -1
178, 48, -1
178, 21, -1
182, 48, -1
182, 21, -1
184, 201, -1
184, 209, -1
184, 189, -1
184, 207, -1
184, 185, -1
184, 188, -1
184, 186, -1
184, 200, -1
180, 201, -1
180, 209, -1
180, 189, -1
180, 207, -1
180, 185, -1
180, 188, -1
180, 186, -1
180, 200, -1
178, 201, -1
178, 209, -1
178, 189, -1
178, 207, -1
178, 185, -1
178, 188, -1
178, 186, -1
178, 200, -1
182, 201, -1
182, 209, -1
182, 189, -1
182, 207, -1
182, 185, -1
182, 188, -1
182, 186, -1
182, 200, -1
107, 184, -1
107, 180, -1
107, 178, -1
107, 182, -1
106, 184, -1
106, 180, -1
106, 178, -1
106, 182, -1
111, 184, -1
111, 180, -1
111, 178, -1
111, 182, -1
70, 184, -1
70, 180, -1
70, 178, -1
70, 182, -1
109, 184, -1
109, 180, -1
109, 178, -1
109, 182, -1
89, 184, -1
89, 180, -1
89, 178, -1
89, 182, -1
103, 184, -1
103, 180, -1
103, 178, -1
103, 182, -1
105, 184, -1
105, 180, -1
105, 178, -1
105, 182, -1
112, 184, -1
112, 180, -1
112, 178, -1
112, 182, -1
102, 184, -1
102, 180, -1
102, 178, -1
102, 182, -1
107, 171, -1
107, 163, -1
107, 173, -1
107, 166, -1
107, 174, -1
107, 168, -1
106, 171, -1
106, 163, -1
106, 173, -1
106, 166, -1
106, 174, -1
106, 168, -1
111, 171, -1
111, 163, -1
111, 173, -1
111, 166, -1
111, 174, -1
111, 168, -1
70, 171, -1
70, 163, -1
70, 173, -1
70, 166, -1
70, 174, -1
70, 168, -1
109, 171, -1
109, 163, -1
109, 173, -1
109, 166, -1
109, 174, -1
109, 168, -1
89, 171, -1
89, 163, -1
89, 173, -1
89, 166, -1
89, 174, -1
89, 168, -1
103, 171, -1
103, 163, -1
103, 173, -1
103, 166, -1
103, 174, -1
103, 168, -1
105, 171, -1
105, 163, -1
105, 173, -1
105, 166, -1
105, 174, -1
105, 168, -1
112, 171, -1
112, 163, -1
112, 173, -1
112, 166, -1
112, 174, -1
112, 168, -1
102, 171, -1
102, 163, -1
102, 173, -1
102, 166, -1
102, 174, -1
102, 168, -1
107, 48, -1
107, 21, -1
106, 48, -1
106, 21, -1
111, 48, -1
111, 21, -1
70, 48, -1
70, 21, -1
109, 48, -1
109, 21, -1
89, 48, -1
89, 21, -1
103, 48, -1
103, 21, -1
105, 48, -1
105, 21, -1
112, 48, -1
112, 21, -1
102, 48, -1
102, 21, -1
107, 201, -1
107, 209, -1
107, 189, -1
107, 207, -1
107, 185, -1
107, 188, -1
107, 186, -1
107, 200, -1
106, 201, -1
106, 209, -1
106, 189, -1
106, 207, -1
106, 185, -1
106, 188, -1
106, 186, -1
106, 200, -1
111, 201, -1
111, 209, -1
111, 189, -1
111, 207, -1
111, 185, -1
111, 188, -1
111, 186, -1
111, 200, -1
70, 201, -1
70, 209, -1
70, 189, -1
70, 207, -1
70, 185, -1
70, 188, -1
70, 186, -1
70, 200, -1
109, 201, -1
109, 209, -1
109, 189, -1
109, 207, -1
109, 185, -1
109, 188, -1
109, 186, -1
109, 200, -1
89, 201, -1
89, 209, -1
89, 189, -1
89, 207, -1
89, 185, -1
89, 188, -1
89, 186, -1
89, 200, -1
103, 201, -1
103, 209, -1
103, 189, -1
103, 207, -1
103, 185, -1
103, 188, -1
103, 186, -1
103, 200, -1
105, 201, -1
105, 209, -1
105, 189, -1
105, 207, -1
105, 185, -1
105, 188, -1
105, 186, -1
105, 200, -1
112, 201, -1
112, 209, -1
112, 189, -1
112, 207, -1
112, 185, -1
112, 188, -1
112, 186, -1
112, 200, -1
102, 201, -1
102, 209, -1
102, 189, -1
102, 207, -1
102, 185, -1
102, 188, -1
102, 186, -1
102, 200, -1
171, 184, -1
171, 180, -1
171, 178, -1
171, 182, -1
163, 184, -1
163, 180, -1
163, 178, -1
163, 182, -1
173, 184, -1
173, 180, -1
173, 178, -1
173, 182, -1
166, 184, -1
166, 180, -1
166, 178, -1
166, 182, -1
174, 184, -1
174, 180, -1
174, 178, -1
174, 182, -1
168, 184, -1
168, 180, -1
168, 178, -1
168, 182, -1
171, 107, -1
171, 106, -1
171, 111, -1
171, 70, -1
171, 109, -1
171, 89, -1
171, 103, -1
171, 105, -1
171, 112, -1
171, 102, -1
163, 107, -1
163, 106, -1
163, 111, -1
163, 70, -1
163, 109, -1
163, 89, -1
163, 103, -1
163, 105, -1
163, 112, -1
163, 102, -1
173, 107, -1
173, 106, -1
173, 111, -1
173, 70, -1
173, 109, -1
173, 89, -1
173, 103, -1
173, 105, -1
173, 112, -1
173, 102, -1
166, 107, -1
166, 106, -1
166, 111, -1
166, 70, -1
166, 109, -1
166, 89, -1
166, 103, -1
166, 105, -1
166, 112, -1
166, 102, -1
174, 107, -1
174, 106, -1
174, 111, -1
174, 70, -1
174, 109, -1
174, 89, -1
174, 103, -1
174, 105, -1
174, 112, -1
174, 102, -1
168, 107, -1
168, 106, -1
168, 111, -1
168, 70, -1
168, 109, -1
168, 89, -1
168, 103, -1
168, 105, -1
168, 112, -1
168, 102, -1
171, 48, -1
171, 21, -1
163, 48, -1
163, 21, -1
173, 48, -1
173, 21, -1
166, 48, -1
166, 21, -1
174, 48, -1
174, 21, -1
168, 48, -1
168, 21, -1
171, 201, -1
171, 209, -1
171, 189, -1
171, 207, -1
171, 185, -1
171, 188, -1
171, 186, -1
171, 200, -1
163, 201, -1
163, 209, -1
163, 189, -1
163, 207, -1
163, 185, -1
163, 188, -1
163, 186, -1
163, 200, -1
173, 201, -1
173, 209, -1
173, 189, -1
173, 207, -1
173, 185, -1
173, 188, -1
173, 186, -1
173, 200, -1
166, 201, -1
166, 209, -1
166, 189, -1
166, 207, -1
166, 185, -1
166, 188, -1
166, 186, -1
166, 200, -1
174, 201, -1
174, 209, -1
174, 189, -1
174, 207, -1
174, 185, -1
174, 188, -1
174, 186, -1
174, 200, -1
168, 201, -1
168, 209, -1
168, 189, -1
168, 207, -1
168, 185, -1
168, 188, -1
168, 186, -1
168, 200, -1
48, 184, -1
48, 180, -1
48, 178, -1
48, 182, -1
21, 184, -1
21, 180, -1
21, 178, -1
21, 182, -1
48, 107, -1
48, 106, -1
48, 111, -1
48, 70, -1
48, 109, -1
48, 89, -1
48, 103, -1
48, 105, -1
48, 112, -1
48, 102, -1
21, 107, -1
21, 106, -1
21, 111, -1
21, 70, -1
21, 109, -1
21, 89, -1
21, 103, -1
21, 105, -1
21, 112, -1
21, 102, -1
48, 171, -1
48, 163, -1
48, 173, -1
48, 166, -1
48, 174, -1
48, 168, -1
21, 171, -1
21, 163, -1
21, 173, -1
21, 166, -1
21, 174, -1
21, 168, -1
48, 201, -1
48, 209, -1
48, 189, -1
48, 207, -1
48, 185, -1
48, 188, -1
48, 186, -1
48, 200, -1
21, 201, -1
21, 209, -1
21, 189, -1
21, 207, -1
21, 185, -1
21, 188, -1
21, 186, -1
21, 200, -1
201, 184, -1
201, 180, -1
201, 178, -1
201, 182, -1
209, 184, -1
209, 180, -1
209, 178, -1
209, 182, -1
189, 184, -1
189, 180, -1
189, 178, -1
189, 182, -1
207, 184, -1
207, 180, -1
207, 178, -1
207, 182, -1
185, 184, -1
185, 180, -1
185, 178, -1
185, 182, -1
188, 184, -1
188, 180, -1
188, 178, -1
188, 182, -1
186, 184, -1
186, 180, -1
186, 178, -1
186, 182, -1
200, 184, -1
200, 180, -1
200, 178, -1
200, 182, -1
201, 107, -1
201, 106, -1
201, 111, -1
201, 70, -1
201, 109, -1
201, 89, -1
201, 103, -1
201, 105, -1
201, 112, -1
201, 102, -1
209, 107, -1
209, 106, -1
209, 111, -1
209, 70, -1
209, 109, -1
209, 89, -1
209, 103, -1
209, 105, -1
209, 112, -1
209, 102, -1
189, 107, -1
189, 106, -1
189, 111, -1
189, 70, -1
189, 109, -1
189, 89, -1
189, 103, -1
189, 105, -1
189, 112, -1
189, 102, -1
207, 107, -1
207, 106, -1
207, 111, -1
207, 70, -1
207, 109, -1
207, 89, -1
207, 103, -1
207, 105, -1
207, 112, -1
207, 102, -1
185, 107, -1
185, 106, -1
185, 111, -1
185, 70, -1
185, 109, -1
185, 89, -1
185, 103, -1
185, 105, -1
185, 112, -1
185, 102, -1
188, 107, -1
188, 106, -1
188, 111, -1
188, 70, -1
188, 109, -1
188, 89, -1
188, 103, -1
188, 105, -1
188, 112, -1
188, 102, -1
186, 107, -1
186, 106, -1
186, 111, -1
186, 70, -1
186, 109, -1
186, 89, -1
186, 103, -1
186, 105, -1
186, 112, -1
186, 102, -1
200, 107, -1
200, 106, -1
200, 111, -1
200, 70, -1
200, 109, -1
200, 89, -1
200, 103, -1
200, 105, -1
200, 112, -1
200, 102, -1
201, 171, -1
201, 163, -1
201, 173, -1
201, 166, -1
201, 174, -1
201, 168, -1
209, 171, -1
209, 163, -1
209, 173, -1
209, 166, -1
209, 174, -1
209, 168, -1
189, 171, -1
189, 163, -1
189, 173, -1
189, 166, -1
189, 174, -1
189, 168, -1
207, 171, -1
207, 163, -1
207, 173, -1
207, 166, -1
207, 174, -1
207, 168, -1
185, 171, -1
185, 163, -1
185, 173, -1
185, 166, -1
185, 174, -1
185, 168, -1
188, 171, -1
188, 163, -1
188, 173, -1
188, 166, -1
188, 174, -1
188, 168, -1
186, 171, -1
186, 163, -1
186, 173, -1
186, 166, -1
186, 174, -1
186, 168, -1
200, 171, -1
200, 163, -1
200, 173, -1
200, 166, -1
200, 174, -1
200, 168, -1
201, 48, -1
201, 21, -1
209, 48, -1
209, 21, -1
189, 48, -1
189, 21, -1
207, 48, -1
207, 21, -1
185, 48, -1
185, 21, -1
188, 48, -1
188, 21, -1
186, 48, -1
186, 21, -1
200, 48, -1
200, 21, -1

