107, 103, 1
103, 107, 1
171, 163, 1
163, 171, 1
195, 107, -1
195, 103, -1
195, 171, -1
195, 163, -1
107, 195, -1
103, 195, -1
107, 171, -1
107, 163, -1
103, 171, -1
103, 163, -1
171, 195, -1
163, 195, -1
171, 107, -1
171, 103, -1
163, 107, -1
163, 103, -1

107, 103, 1
107, 106, 1
103, 107, 1
103, 106, 1
106, 107, 1
106, 103, 1
171, 163, 1
171, 166, 1
163, 171, 1
163, 166, 1
166, 171, 1
166, 163, 1
195, 107, -1
195, 103, -1
195, 106, -1
195, 171, -1
195, 163, -1
195, 166, -1
195, 184, -1
107, 195, -1
103, 195, -1
106, 195, -1
107, 171, -1
107, 163, -1
107, 166, -1
103, 171, -1
103, 163, -1
103, 166, -1
106, 171, -1
106, 163, -1
106, 166, -1
107, 184, -1
103, 184, -1
106, 184, -1
171, 195, -1
163, 195, -1
166, 195, -1
171, 107, -1
171, 103, -1
171, 106, -1
163, 107, -1
163, 103, -1
163, 106, -1
166, 107, -1
166, 103, -1
166, 106, -1
171, 184, -1
163, 184, -1
166, 184, -1
184, 195, -1
184, 107, -1
184, 103, -1
184, 106, -1
184, 171, -1
184, 163, -1
184, 166, -1

195, 189, 1
195, 201, 1
195, 207, 1
189, 195, 1
189, 201, 1
189, 207, 1
201, 195, 1
201, 189, 1
201, 207, 1
207, 195, 1
207, 189, 1
207, 201, 1
107, 103, 1
107, 106, 1
107, 110, 1
103, 107, 1
103, 106, 1
103, 110, 1
106, 107, 1
106, 103, 1
106, 110, 1
110, 107, 1
110, 103, 1
110, 106, 1
171, 163, 1
171, 166, 1
163, 171, 1
163, 166, 1
166, 171, 1
166, 163, 1
195, 107, -1
195, 103, -1
195, 106, -1
195, 110, -1
189, 107, -1
189, 103, -1
189, 106, -1
189, 110, -1
201, 107, -1
201, 103, -1
201, 106, -1
201, 110, -1
207, 107, -1
207, 103, -1
207, 106, -1
207, 110, -1
195, 171, -1
195, 163, -1
195, 166, -1
189, 171, -1
189, 163, -1
189, 166, -1
201, 171, -1
201, 163, -1
201, 166, -1
207, 171, -1
207, 163, -1
207, 166, -1
195, 184, -1
189, 184, -1
201, 184, -1
207, 184, -1
195, 58, -1
189, 58, -1
201, 58, -1
207, 58, -1
107, 195, -1
107, 189, -1
107, 201, -1
107, 207, -1
103, 195, -1
103, 189, -1
103, 201, -1
103, 207, -1
106, 195, -1
106, 189, -1
106, 201, -1
106, 207, -1
110, 195, -1
110, 189, -1
110, 201, -1
110, 207, -1
107, 171, -1
107, 163, -1
107, 166, -1
103, 171, -1
103, 163, -1
103, 166, -1
106, 171, -1
106, 163, -1
106, 166, -1
110, 171, -1
110, 163, -1
110, 166, -1
107, 184, -1
103, 184, -1
106, 184, -1
110, 184, -1
107, 58, -1
103, 58, -1
106, 58, -1
110, 58, -1
171, 195, -1
171, 189, -1
171, 201, -1
171, 207, -1
163, 195, -1
163, 189, -1
163, 201, -1
163, 207, -1
166, 195, -1
166, 189, -1
166, 201, -1
166, 207, -1
171, 107, -1
171, 103, -1
171, 106, -1
171, 110, -1
163, 107, -1
163, 103, -1
163, 106, -1
163, 110, -1
166, 107, -1
166, 103, -1
166, 106, -1
166, 110, -1
171, 184, -1
163, 184, -1
166, 184, -1
171, 58, -1
163, 58, -1
166, 58, -1
184, 195, -1
184, 189, -1
184, 201, -1
184, 207, -1
184, 107, -1
184, 103, -1
184, 106, -1
184, 110, -1
184, 171, -1
184, 163, -1
184, 166, -1
184, 58, -1
58, 195, -1
58, 189, -1
58, 201, -1
58, 207, -1
58, 107, -1
58, 103, -1
58, 106, -1
58, 110, -1
58, 171, -1
58, 163, -1
58, 166, -1
58, 184, -1

195, 189, 1
195, 201, 1
195, 207, 1
195, 185, 1
189, 195, 1
189, 201, 1
189, 207, 1
189, 185, 1
201, 195, 1
201, 189, 1
201, 207, 1
201, 185, 1
207, 195, 1
207, 189, 1
207, 201, 1
207, 185, 1
185, 195, 1
185, 189, 1
185, 201, 1
185, 207, 1
107, 103, 1
107, 106, 1
107, 110, 1
107, 131, 1
107, 109, 1
103, 107, 1
103, 106, 1
103, 110, 1
103, 131, 1
103, 109, 1
106, 107, 1
106, 103, 1
106, 110, 1
106, 131, 1
106, 109, 1
110, 107, 1
110, 103, 1
110, 106, 1
110, 131, 1
110, 109, 1
131, 107, 1
131, 103, 1
131, 106, 1
131, 110, 1
131, 109, 1
109, 107, 1
109, 103, 1
109, 106, 1
109, 110, 1
109, 131, 1
171, 163, 1
171, 166, 1
163, 171, 1
163, 166, 1
166, 171, 1
166, 163, 1
184, 180, 1
180, 184, 1
195, 107, -1
195, 103, -1
195, 106, -1
195, 110, -1
195, 131, -1
195, 109, -1
189, 107, -1
189, 103, -1
189, 106, -1
189, 110, -1
189, 131, -1
189, 109, -1
201, 107, -1
201, 103, -1
201, 106, -1
201, 110, -1
201, 131, -1
201, 109, -1
207, 107, -1
207, 103, -1
207, 106, -1
207, 110, -1
207, 131, -1
207, 109, -1
185, 107, -1
185, 103, -1
185, 106, -1
185, 110, -1
185, 131, -1
185, 109, -1
195, 171, -1
195, 163, -1
195, 166, -1
189, 171, -1
189, 163, -1
189, 166, -1
201, 171, -1
201, 163, -1
201, 166, -1
207, 171, -1
207, 163, -1
207, 166, -1
185, 171, -1
185, 163, -1
185, 166, -1
195, 184, -1
195, 180, -1
189, 184, -1
189, 180, -1
201, 184, -1
201, 180, -1
207, 184, -1
207, 180, -1
185, 184, -1
185, 180, -1
195, 58, -1
189, 58, -1
201, 58, -1
207, 58, -1
185, 58, -1
107, 195, -1
107, 189, -1
107, 201, -1
107, 207, -1
107, 185, -1
103, 195, -1
103, 189, -1
103, 201, -1
103, 207, -1
103, 185, -1
106, 195, -1
106, 189, -1
106, 201, -1
106, 207, -1
106, 185, -1
110, 195, -1
110, 189, -1
110, 201, -1
110, 207, -1
110, 185, -1
131, 195, -1
131, 189, -1
131, 201, -1
131, 207, -1
131, 185, -1
109, 195, -1
109, 189, -1
109, 201, -1
109, 207, -1
109, 185, -1
107, 171, -1
107, 163, -1
107, 166, -1
103, 171, -1
103, 163, -1
103, 166, -1
106, 171, -1
106, 163, -1
106, 166, -1
110, 171, -1
110, 163, -1
110, 166, -1
131, 171, -1
131, 163, -1
131, 166, -1
109, 171, -1
109, 163, -1
109, 166, -1
107, 184, -1
107, 180, -1
103, 184, -1
103, 180, -1
106, 184, -1
106, 180, -1
110, 184, -1
110, 180, -1
131, 184, -1
131, 180, -1
109, 184, -1
109, 180, -1
107, 58, -1
103, 58, -1
106, 58, -1
110, 58, -1
131, 58, -1
109, 58, -1
171, 195, -1
171, 189, -1
171, 201, -1
171, 207, -1
171, 185, -1
163, 195, -1
163, 189, -1
163, 201, -1
163, 207, -1
163, 185, -1
166, 195, -1
166, 189, -1
166, 201, -1
166, 207, -1
166, 185, -1
171, 107, -1
171, 103, -1
171, 106, -1
171, 110, -1
171, 131, -1
171, 109, -1
163, 107, -1
163, 103, -1
163, 106, -1
163, 110, -1
163, 131, -1
163, 109, -1
166, 107, -1
166, 103, -1
166, 106, -1
166, 110, -1
166, 131, -1
166, 109, -1
171, 184, -1
171, 180, -1
163, 184, -1
163, 180, -1
166, 184, -1
166, 180, -1
171, 58, -1
163, 58, -1
166, 58, -1
184, 195, -1
184, 189, -1
184, 201, -1
184, 207, -1
184, 185, -1
180, 195, -1
180, 189, -1
180, 201, -1
180, 207, -1
180, 185, -1
184, 107, -1
184, 103, -1
184, 106, -1
184, 110, -1
184, 131, -1
184, 109, -1
180, 107, -1
180, 103, -1
180, 106, -1
180, 110, -1
180, 131, -1
180, 109, -1
184, 171, -1
184, 163, -1
184, 166, -1
180, 171, -1
180, 163, -1
180, 166, -1
184, 58, -1
180, 58, -1
58, 195, -1
58, 189, -1
58, 201, -1
58, 207, -1
58, 185, -1
58, 107, -1
58, 103, -1
58, 106, -1
58, 110, -1
58, 131, -1
58, 109, -1
58, 171, -1
58, 163, -1
58, 166, -1
58, 184, -1
58, 180, -1

195, 189, 1
195, 201, 1
195, 207, 1
195, 185, 1
195, 188, 1
189, 195, 1
189, 201, 1
189, 207, 1
189, 185, 1
189, 188, 1
201, 195, 1
201, 189, 1
201, 207, 1
201, 185, 1
201, 188, 1
207, 195, 1
207, 189, 1
207, 201, 1
207, 185, 1
207, 188, 1
185, 195, 1
185, 189, 1
185, 201, 1
185, 207, 1
185, 188, 1
188, 195, 1
188, 189, 1
188, 201, 1
188, 207, 1
188, 185, 1
107, 103, 1
107, 106, 1
107, 110, 1
107, 131, 1
107, 109, 1
107, 105, 1
103, 107, 1
103, 106, 1
103, 110, 1
103, 131, 1
103, 109, 1
103, 105, 1
106, 107, 1
106, 103, 1
106, 110, 1
106, 131, 1
106, 109, 1
106, 105, 1
110, 107, 1
110, 103, 1
110, 106, 1
110, 131, 1
110, 109, 1
110, 105, 1
131, 107, 1
131, 103, 1
131, 106, 1
131, 110, 1
131, 109, 1
131, 105, 1
109, 107, 1
109, 103, 1
109, 106, 1
109, 110, 1
109, 131, 1
109, 105, 1
105, 107, 1
105, 103, 1
105, 106, 1
105, 110, 1
105, 131, 1
105, 109, 1
171, 163, 1
171, 166, 1
171, 174, 1
163, 171, 1
163, 166, 1
163, 174, 1
166, 171, 1
166, 163, 1
166, 174, 1
174, 171, 1
174, 163, 1
174, 166, 1
184, 180, 1
180, 184, 1
195, 107, -1
195, 103, -1
195, 106, -1
195, 110, -1
195, 131, -1
195, 109, -1
195, 105, -1
189, 107, -1
189, 103, -1
189, 106, -1
189, 110, -1
189, 131, -1
189, 109, -1
189, 105, -1
201, 107, -1
201, 103, -1
201, 106, -1
201, 110, -1
201, 131, -1
201, 109, -1
201, 105, -1
207, 107, -1
207, 103, -1
207, 106, -1
207, 110, -1
207, 131, -1
207, 109, -1
207, 105, -1
185, 107, -1
185, 103, -1
185, 106, -1
185, 110, -1
185, 131, -1
185, 109, -1
185, 105, -1
188, 107, -1
188, 103, -1
188, 106, -1
188, 110, -1
188, 131, -1
188, 109, -1
188, 105, -1
195, 171, -1
195, 163, -1
195, 166, -1
195, 174, -1
189, 171, -1
189, 163, -1
189, 166, -1
189, 174, -1
201, 171, -1
201, 163, -1
201, 166, -1
201, 174, -1
207, 171, -1
207, 163, -1
207, 166, -1
207, 174, -1
185, 171, -1
185, 163, -1
185, 166, -1
185, 174, -1
188, 171, -1
188, 163, -1
188, 166, -1
188, 174, -1
195, 184, -1
195, 180, -1
189, 184, -1
189, 180, -1
201, 184, -1
201, 180, -1
207, 184, -1
207, 180, -1
185, 184, -1
185, 180, -1
188, 184, -1
188, 180, -1
195, 58, -1
189, 58, -1
201, 58, -1
207, 58, -1
185, 58, -1
188, 58, -1
195, 151, -1
189, 151, -1
201, 151, -1
207, 151, -1
185, 151, -1
188, 151, -1
107, 195, -1
107, 189, -1
107, 201, -1
107, 207, -1
107, 185, -1
107, 188, -1
103, 195, -1
103, 189, -1
103, 201, -1
103, 207, -1
103, 185, -1
103, 188, -1
106, 195, -1
106, 189, -1
106, 201, -1
106, 207, -1
106, 185, -1
106, 188, -1
110, 195, -1
110, 189, -1
110, 201, -1
110, 207, -1
110, 185, -1
110, 188, -1
131, 195, -1
131, 189, -1
131, 201, -1
131, 207, -1
131, 185, -1
131, 188, -1
109, 195, -1
109, 189, -1
109, 201, -1
109, 207, -1
109, 185, -1
109, 188, -1
105, 195, -1
105, 189, -1
105, 201, -1
105, 207, -1
105, 185, -1
105, 188, -1
107, 171, -1
107, 163, -1
107, 166, -1
107, 174, -1
103, 171, -1
103, 163, -1
103, 166, -1
103, 174, -1
106, 171, -1
106, 163, -1
106, 166, -1
106, 174, -1
110, 171, -1
110, 163, -1
110, 166, -1
110, 174, -1
131, 171, -1
131, 163, -1
131, 166, -1
131, 174, -1
109, 171, -1
109, 163, -1
109, 166, -1
109, 174, -1
105, 171, -1
105, 163, -1
105, 166, -1
105, 174, -1
107, 184, -1
107, 180, -1
103, 184, -1
103, 180, -1
106, 184, -1
106, 180, -1
110, 184, -1
110, 180, -1
131, 184, -1
131, 180, -1
109, 184, -1
109, 180, -1
105, 184, -1
105, 180, -1
107, 58, -1
103, 58, -1
106, 58, -1
110, 58, -1
131, 58, -1
109, 58, -1
105, 58, -1
107, 151, -1
103, 151, -1
106, 151, -1
110, 151, -1
131, 151, -1
109, 151, -1
105, 151, -1
171, 195, -1
171, 189, -1
171, 201, -1
171, 207, -1
171, 185, -1
171, 188, -1
163, 195, -1
163, 189, -1
163, 201, -1
163, 207, -1
163, 185, -1
163, 188, -1
166, 195, -1
166, 189, -1
166, 201, -1
166, 207, -1
166, 185, -1
166, 188, -1
174, 195, -1
174, 189, -1
174, 201, -1
174, 207, -1
174, 185, -1
174, 188, -1
171, 107, -1
171, 103, -1
171, 106, -1
171, 110, -1
171, 131, -1
171, 109, -1
171, 105, -1
163, 107, -1
163, 103, -1
163, 106, -1
163, 110, -1
163, 131, -1
163, 109, -1
163, 105, -1
166, 107, -1
166, 103, -1
166, 106, -1
166, 110, -1
166, 131, -1
166, 109, -1
166, 105, -1
174, 107, -1
174, 103, -1
174, 106, -1
174, 110, -1
174, 131, -1
174, 109, -1
174, 105, -1
171, 184, -1
171, 180, -1
163, 184, -1
163, 180, -1
166, 184, -1
166, 180, -1
174, 184, -1
174, 180, -1
171, 58, -1
163, 58, -1
166, 58, -1
174, 58, -1
171, 151, -1
163, 151, -1
166, 151, -1
174, 151, -1
184, 195, -1
184, 189, -1
184, 201, -1
184, 207, -1
184, 185, -1
184, 188, -1
180, 195, -1
180, 189, -1
180, 201, -1
180, 207, -1
180, 185, -1
180, 188, -1
184, 107, -1
184, 103, -1
184, 106, -1
184, 110, -1
184, 131, -1
184, 109, -1
184, 105, -1
180, 107, -1
180, 103, -1
180, 106, -1
180, 110, -1
180, 131, -1
180, 109, -1
180, 105, -1
184, 171, -1
184, 163, -1
184, 166, -1
184, 174, -1
180, 171, -1
180, 163, -1
180, 166, -1
180, 174, -1
184, 58, -1
180, 58, -1
184, 151, -1
180, 151, -1
58, 195, -1
58, 189, -1
58, 201, -1
58, 207, -1
58, 185, -1
58, 188, -1
58, 107, -1
58, 103, -1
58, 106, -1
58, 110, -1
58, 131, -1
58, 109, -1
58, 105, -1
58, 171, -1
58, 163, -1
58, 166, -1
58, 174, -1
58, 184, -1
58, 180, -1
58, 151, -1
151, 195, -1
151, 189, -1
151, 201, -1
151, 207, -1
151, 185, -1
151, 188, -1
151, 107, -1
151, 103, -1
151, 106, -1
151, 110, -1
151, 131, -1
151, 109, -1
151, 105, -1
151, 171, -1
151, 163, -1
151, 166, -1
151, 174, -1
151, 184, -1
151, 180, -1
151, 58, -1

195, 189, 1
195, 201, 1
195, 207, 1
195, 185, 1
195, 188, 1
189, 195, 1
189, 201, 1
189, 207, 1
189, 185, 1
189, 188, 1
201, 195, 1
201, 189, 1
201, 207, 1
201, 185, 1
201, 188, 1
207, 195, 1
207, 189, 1
207, 201, 1
207, 185, 1
207, 188, 1
185, 195, 1
185, 189, 1
185, 201, 1
185, 207, 1
185, 188, 1
188, 195, 1
188, 189, 1
188, 201, 1
188, 207, 1
188, 185, 1
107, 103, 1
107, 106, 1
107, 110, 1
107, 131, 1
107, 109, 1
107, 105, 1
107, 102, 1
103, 107, 1
103, 106, 1
103, 110, 1
103, 131, 1
103, 109, 1
103, 105, 1
103, 102, 1
106, 107, 1
106, 103, 1
106, 110, 1
106, 131, 1
106, 109, 1
106, 105, 1
106, 102, 1
110, 107, 1
110, 103, 1
110, 106, 1
110, 131, 1
110, 109, 1
110, 105, 1
110, 102, 1
131, 107, 1
131, 103, 1
131, 106, 1
131, 110, 1
131, 109, 1
131, 105, 1
131, 102, 1
109, 107, 1
109, 103, 1
109, 106, 1
109, 110, 1
109, 131, 1
109, 105, 1
109, 102, 1
105, 107, 1
105, 103, 1
105, 106, 1
105, 110, 1
105, 131, 1
105, 109, 1
105, 102, 1
102, 107, 1
102, 103, 1
102, 106, 1
102, 110, 1
102, 131, 1
102, 109, 1
102, 105, 1
171, 163, 1
171, 166, 1
171, 174, 1
163, 171, 1
163, 166, 1
163, 174, 1
166, 171, 1
166, 163, 1
166, 174, 1
174, 171, 1
174, 163, 1
174, 166, 1
184, 180, 1
184, 182, 1
180, 184, 1
180, 182, 1
182, 184, 1
182, 180, 1
195, 107, -1
195, 103, -1
195, 106, -1
195, 110, -1
195, 131, -1
195, 109, -1
195, 105, -1
195, 102, -1
189, 107, -1
189, 103, -1
189, 106, -1
189, 110, -1
189, 131, -1
189, 109, -1
189, 105, -1
189, 102, -1
201, 107, -1
201, 103, -1
201, 106, -1
201, 110, -1
201, 131, -1
201, 109, -1
201, 105, -1
201, 102, -1
207, 107, -1
207, 103, -1
207, 106, -1
207, 110, -1
207, 131, -1
207, 109, -1
207, 105, -1
207, 102, -1
185, 107, -1
185, 103, -1
185, 106, -1
185, 110, -1
185, 131, -1
185, 109, -1
185, 105, -1
185, 102, -1
188, 107, -1
188, 103, -1
188, 106, -1
188, 110, -1
188, 131, -1
188, 109, -1
188, 105, -1
188, 102, -1
195, 171, -1
195, 163, -1
195, 166, -1
195, 174, -1
189, 171, -1
189, 163, -1
189, 166, -1
189, 174, -1
201, 171, -1
201, 163, -1
201, 166, -1
201, 174, -1
207, 171, -1
207, 163, -1
207, 166, -1
207, 174, -1
185, 171, -1
185, 163, -1
185, 166, -1
185, 174, -1
188, 171, -1
188, 163, -1
188, 166, -1
188, 174, -1
195, 184, -1
195, 180, -1
195, 182, -1
189, 184, -1
189, 180, -1
189, 182, -1
201, 184, -1
201, 180, -1
201, 182, -1
207, 184, -1
207, 180, -1
207, 182, -1
185, 184, -1
185, 180, -1
185, 182, -1
188, 184, -1
188, 180, -1
188, 182, -1
195, 58, -1
189, 58, -1
201, 58, -1
207, 58, -1
185, 58, -1
188, 58, -1
195, 151, -1
189, 151, -1
201, 151, -1
207, 151, -1
185, 151, -1
188, 151, -1
107, 195, -1
107, 189, -1
107, 201, -1
107, 207, -1
107, 185, -1
107, 188, -1
103, 195, -1
103, 189, -1
103, 201, -1
103, 207, -1
103, 185, -1
103, 188, -1
106, 195, -1
106, 189, -1
106, 201, -1
106, 207, -1
106, 185, -1
106, 188, -1
110, 195, -1
110, 189, -1
110, 201, -1
110, 207, -1
110, 185, -1
110, 188, -1
131, 195, -1
131, 189, -1
131, 201, -1
131, 207, -1
131, 185, -1
131, 188, -1
109, 195, -1
109, 189, -1
109, 201, -1
109, 207, -1
109, 185, -1
109, 188, -1
105, 195, -1
105, 189, -1
105, 201, -1
105, 207, -1
105, 185, -1
105, 188, -1
102, 195, -1
102, 189, -1
102, 201, -1
102, 207, -1
102, 185, -1
102, 188, -1
107, 171, -1
107, 163, -1
107, 166, -1
107, 174, -1
103, 171, -1
103, 163, -1
103, 166, -1
103, 174, -1
106, 171, -1
106, 163, -1
106, 166, -1
106, 174, -1
110, 171, -1
110, 163, -1
110, 166, -1
110, 174, -1
131, 171, -1
131, 163, -1
131, 166, -1
131, 174, -1
109, 171, -1
109, 163, -1
109, 166, -1
109, 174, -1
105, 171, -1
105, 163, -1
105, 166, -1
105, 174, -1
102, 171, -1
102, 163, -1
102, 166, -1
102, 174, -1
107, 184, -1
107, 180, -1
107, 182, -1
103, 184, -1
103, 180, -1
103, 182, -1
106, 184, -1
106, 180, -1
106, 182, -1
110, 184, -1
110, 180, -1
110, 182, -1
131, 184, -1
131, 180, -1
131, 182, -1
109, 184, -1
109, 180, -1
109, 182, -1
105, 184, -1
105, 180, -1
105, 182, -1
102, 184, -1
102, 180, -1
102, 182, -1
107, 58, -1
103, 58, -1
106, 58, -1
110, 58, -1
131, 58, -1
109, 58, -1
105, 58, -1
102, 58, -1
107, 151, -1
103, 151, -1
106, 151, -1
110, 151, -1
131, 151, -1
109, 151, -1
105, 151, -1
102, 151, -1
171, 195, -1
171, 189, -1
171, 201, -1
171, 207, -1
171, 185, -1
171, 188, -1
163, 195, -1
163, 189, -1
163, 201, -1
163, 207, -1
163, 185, -1
163, 188, -1
166, 195, -1
166, 189, -1
166, 201, -1
166, 207, -1
166, 185, -1
166, 188, -1
174, 195, -1
174, 189, -1
174, 201, -1
174, 207, -1
174, 185, -1
174, 188, -1
171, 107, -1
171, 103, -1
171, 106, -1
171, 110, -1
171, 131, -1
171, 109, -1
171, 105, -1
171, 102, -1
163, 107, -1
163, 103, -1
163, 106, -1
163, 110, -1
163, 131, -1
163, 109, -1
163, 105, -1
163, 102, -1
166, 107, -1
166, 103, -1
166, 106, -1
166, 110, -1
166, 131, -1
166, 109, -1
166, 105, -1
166, 102, -1
174, 107, -1
174, 103, -1
174, 106, -1
174, 110, -1
174, 131, -1
174, 109, -1
174, 105, -1
174, 102, -1
171, 184, -1
171, 180, -1
171, 182, -1
163, 184, -1
163, 180, -1
163, 182, -1
166, 184, -1
166, 180, -1
166, 182, -1
174, 184, -1
174, 180, -1
174, 182, -1
171, 58, -1
163, 58, -1
166, 58, -1
174, 58, -1
171, 151, -1
163, 151, -1
166, 151, -1
174, 151, -1
184, 195, -1
184, 189, -1
184, 201, -1
184, 207, -1
184, 185, -1
184, 188, -1
180, 195, -1
180, 189, -1
180, 201, -1
180, 207, -1
180, 185, -1
180, 188, -1
182, 195, -1
182, 189, -1
182, 201, -1
182, 207, -1
182, 185, -1
182, 188, -1
184, 107, -1
184, 103, -1
184, 106, -1
184, 110, -1
184, 131, -1
184, 109, -1
184, 105, -1
184, 102, -1
180, 107, -1
180, 103, -1
180, 106, -1
180, 110, -1
180, 131, -1
180, 109, -1
180, 105, -1
180, 102, -1
182, 107, -1
182, 103, -1
182, 106, -1
182, 110, -1
182, 131, -1
182, 109, -1
182, 105, -1
182, 102, -1
184, 171, -1
184, 163, -1
184, 166, -1
184, 174, -1
180, 171, -1
180, 163, -1
180, 166, -1
180, 174, -1
182, 171, -1
182, 163, -1
182, 166, -1
182, 174, -1
184, 58, -1
180, 58, -1
182, 58, -1
184, 151, -1
180, 151, -1
182, 151, -1
58, 195, -1
58, 189, -1
58, 201, -1
58, 207, -1
58, 185, -1
58, 188, -1
58, 107, -1
58, 103, -1
58, 106, -1
58, 110, -1
58, 131, -1
58, 109, -1
58, 105, -1
58, 102, -1
58, 171, -1
58, 163, -1
58, 166, -1
58, 174, -1
58, 184, -1
58, 180, -1
58, 182, -1
58, 151, -1
151, 195, -1
151, 189, -1
151, 201, -1
151, 207, -1
151, 185, -1
151, 188, -1
151, 107, -1
151, 103, -1
151, 106, -1
151, 110, -1
151, 131, -1
151, 109, -1
151, 105, -1
151, 102, -1
151, 171, -1
151, 163, -1
151, 166, -1
151, 174, -1
151, 184, -1
151, 180, -1
151, 182, -1
151, 58, -1

195, 189, 1
195, 201, 1
195, 207, 1
195, 185, 1
195, 188, 1
189, 195, 1
189, 201, 1
189, 207, 1
189, 185, 1
189, 188, 1
201, 195, 1
201, 189, 1
201, 207, 1
201, 185, 1
201, 188, 1
207, 195, 1
207, 189, 1
207, 201, 1
207, 185, 1
207, 188, 1
185, 195, 1
185, 189, 1
185, 201, 1
185, 207, 1
185, 188, 1
188, 195, 1
188, 189, 1
188, 201, 1
188, 207, 1
188, 185, 1
107, 103, 1
107, 106, 1
107, 110, 1
107, 131, 1
107, 109, 1
107, 105, 1
107, 102, 1
103, 107, 1
103, 106, 1
103, 110, 1
103, 131, 1
103, 109, 1
103, 105, 1
103, 102, 1
106, 107, 1
106, 103, 1
106, 110, 1
106, 131, 1
106, 109, 1
106, 105, 1
106, 102, 1
110, 107, 1
110, 103, 1
110, 106, 1
110, 131, 1
110, 109, 1
110, 105, 1
110, 102, 1
131, 107, 1
131, 103, 1
131, 106, 1
131, 110, 1
131, 109, 1
131, 105, 1
131, 102, 1
109, 107, 1
109, 103, 1
109, 106, 1
109, 110, 1
109, 131, 1
109, 105, 1
109, 102, 1
105, 107, 1
105, 103, 1
105, 106, 1
105, 110, 1
105, 131, 1
105, 109, 1
105, 102, 1
102, 107, 1
102, 103, 1
102, 106, 1
102, 110, 1
102, 131, 1
102, 109, 1
102, 105, 1
171, 163, 1
171, 166, 1
171, 174, 1
171, 168, 1
163, 171, 1
163, 166, 1
163, 174, 1
163, 168, 1
166, 171, 1
166, 163, 1
166, 174, 1
166, 168, 1
174, 171, 1
174, 163, 1
174, 166, 1
174, 168, 1
168, 171, 1
168, 163, 1
168, 166, 1
168, 174, 1
184, 180, 1
184, 182, 1
184, 178, 1
180, 184, 1
180, 182, 1
180, 178, 1
182, 184, 1
182, 180, 1
182, 178, 1
178, 184, 1
178, 180, 1
178, 182, 1
195, 107, -1
195, 103, -1
195, 106, -1
195, 110, -1
195, 131, -1
195, 109, -1
195, 105, -1
195, 102, -1
189, 107, -1
189, 103, -1
189, 106, -1
189, 110, -1
189, 131, -1
189, 109, -1
189, 105, -1
189, 102, -1
201, 107, -1
201, 103, -1
201, 106, -1
201, 110, -1
201, 131, -1
201, 109, -1
201, 105, -1
201, 102, -1
207, 107, -1
207, 103, -1
207, 106, -1
207, 110, -1
207, 131, -1
207, 109, -1
207, 105, -1
207, 102, -1
185, 107, -1
185, 103, -1
185, 106, -1
185, 110, -1
185, 131, -1
185, 109, -1
185, 105, -1
185, 102, -1
188, 107, -1
188, 103, -1
188, 106, -1
188, 110, -1
188, 131, -1
188, 109, -1
188, 105, -1
188, 102, -1
195, 171, -1
195, 163, -1
195, 166, -1
195, 174, -1
195, 168, -1
189, 171, -1
189, 163, -1
189, 166, -1
189, 174, -1
189, 168, -1
201, 171, -1
201, 163, -1
201, 166, -1
201, 174, -1
201, 168, -1
207, 171, -1
207, 163, -1
207, 166, -1
207, 174, -1
207, 168, -1
185, 171, -1
185, 163, -1
185, 166, -1
185, 174, -1
185, 168, -1
188, 171, -1
188, 163, -1
188, 166, -1
188, 174, -1
188, 168, -1
195, 184, -1
195, 180, -1
195, 182, -1
195, 178, -1
189, 184, -1
189, 180, -1
189, 182, -1
189, 178, -1
201, 184, -1
201, 180, -1
201, 182, -1
201, 178, -1
207, 184, -1
207, 180, -1
207, 182, -1
207, 178, -1
185, 184, -1
185, 180, -1
185, 182, -1
185, 178, -1
188, 184, -1
188, 180, -1
188, 182, -1
188, 178, -1
195, 58, -1
189, 58, -1
201, 58, -1
207, 58, -1
185, 58, -1
188, 58, -1
195, 151, -1
189, 151, -1
201, 151, -1
207, 151, -1
185, 151, -1
188, 151, -1
107, 195, -1
107, 189, -1
107, 201, -1
107, 207, -1
107, 185, -1
107, 188, -1
103, 195, -1
103, 189, -1
103, 201, -1
103, 207, -1
103, 185, -1
103, 188, -1
106, 195, -1
106, 189, -1
106, 201, -1
106, 207, -1
106, 185, -1
106, 188, -1
110, 195, -1
110, 189, -1
110, 201, -1
110, 207, -1
110, 185, -1
110, 188, -1
131, 195, -1
131, 189, -1
131, 201, -1
131, 207, -1
131, 185, -1
131, 188, -1
109, 195, -1
109, 189, -1
109, 201, -1
109, 207, -1
109, 185, -1
109, 188, -1
105, 195, -1
105, 189, -1
105, 201, -1
105, 207, -1
105, 185, -1
105, 188, -1
102, 195, -1
102, 189, -1
102, 201, -1
102, 207, -1
102, 185, -1
102, 188, -1
107, 171, -1
107, 163, -1
107, 166, -1
107, 174, -1
107, 168, -1
103, 171, -1
103, 163, -1
103, 166, -1
103, 174, -1
103, 168, -1
106, 171, -1
106, 163, -1
106, 166, -1
106, 174, -1
106, 168, -1
110, 171, -1
110, 163, -1
110, 166, -1
110, 174, -1
110, 168, -1
131, 171, -1
131, 163, -1
131, 166, -1
131, 174, -1
131, 168, -1
109, 171, -1
109, 163, -1
109, 166, -1
109, 174, -1
109, 168, -1
105, 171, -1
105, 163, -1
105, 166, -1
105, 174, -1
105, 168, -1
102, 171, -1
102, 163, -1
102, 166, -1
102, 174, -1
102, 168, -1
107, 184, -1
107, 180, -1
107, 182, -1
107, 178, -1
103, 184, -1
103, 180, -1
103, 182, -1
103, 178, -1
106, 184, -1
106, 180, -1
106, 182, -1
106, 178, -1
110, 184, -1
110, 180, -1
110, 182, -1
110, 178, -1
131, 184, -1
131, 180, -1
131, 182, -1
131, 178, -1
109, 184, -1
109, 180, -1
109, 182, -1
109, 178, -1
105, 184, -1
105, 180, -1
105, 182, -1
105, 178, -1
102, 184, -1
102, 180, -1
102, 182, -1
102, 178, -1
107, 58, -1
103, 58, -1
106, 58, -1
110, 58, -1
131, 58, -1
109, 58, -1
105, 58, -1
102, 58, -1
107, 151, -1
103, 151, -1
106, 151, -1
110, 151, -1
131, 151, -1
109, 151, -1
105, 151, -1
102, 151, -1
171, 195, -1
171, 189, -1
171, 201, -1
171, 207, -1
171, 185, -1
171, 188, -1
163, 195, -1
163, 189, -1
163, 201, -1
163, 207, -1
163, 185, -1
163, 188, -1
166, 195, -1
166, 189, -1
166, 201, -1
166, 207, -1
166, 185, -1
166, 188, -1
174, 195, -1
174, 189, -1
174, 201, -1
174, 207, -1
174, 185, -1
174, 188, -1
168, 195, -1
168, 189, -1
168, 201, -1
168, 207, -1
168, 185, -1
168, 188, -1
171, 107, -1
171, 103, -1
171, 106, -1
171, 110, -1
171, 131, -1
171, 109, -1
171, 105, -1
171, 102, -1
163, 107, -1
163, 103, -1
163, 106, -1
163, 110, -1
163, 131, -1
163, 109, -1
163, 105, -1
163, 102, -1
166, 107, -1
166, 103, -1
166, 106, -1
166, 110, -1
166, 131, -1
166, 109, -1
166, 105, -1
166, 102, -1
174, 107, -1
174, 103, -1
174, 106, -1
174, 110, -1
174, 131, -1
174, 109, -1
174, 105, -1
174, 102, -1
168, 107, -1
168, 103, -1
168, 106, -1
168, 110, -1
168, 131, -1
168, 109, -1
168, 105, -1
168, 102, -1
171, 184, -1
171, 180, -1
171, 182, -1
171, 178, -1
163, 184, -1
163, 180, -1
163, 182, -1
163, 178, -1
166, 184, -1
166, 180, -1
166, 182, -1
166, 178, -1
174, 184, -1
174, 180, -1
174, 182, -1
174, 178, -1
168, 184, -1
168, 180, -1
168, 182, -1
168, 178, -1
171, 58, -1
163, 58, -1
166, 58, -1
174, 58, -1
168, 58, -1
171, 151, -1
163, 151, -1
166, 151, -1
174, 151, -1
168, 151, -1
184, 195, -1
184, 189, -1
184, 201, -1
184, 207, -1
184, 185, -1
184, 188, -1
180, 195, -1
180, 189, -1
180, 201, -1
180, 207, -1
180, 185, -1
180, 188, -1
182, 195, -1
182, 189, -1
182, 201, -1
182, 207, -1
182, 185, -1
182, 188, -1
178, 195, -1
178, 189, -1
178, 201, -1
178, 207, -1
178, 185, -1
178, 188, -1
184, 107, -1
184, 103, -1
184, 106, -1
184, 110, -1
184, 131, -1
184, 109, -1
184, 105, -1
184, 102, -1
180, 107, -1
180, 103, -1
180, 106, -1
180, 110, -1
180, 131, -1
180, 109, -1
180, 105, -1
180, 102, -1
182, 107, -1
182, 103, -1
182, 106, -1
182, 110, -1
182, 131, -1
182, 109, -1
182, 105, -1
182, 102, -1
178, 107, -1
178, 103, -1
178, 106, -1
178, 110, -1
178, 131, -1
178, 109, -1
178, 105, -1
178, 102, -1
184, 171, -1
184, 163, -1
184, 166, -1
184, 174, -1
184, 168, -1
180, 171, -1
180, 163, -1
180, 166, -1
180, 174, -1
180, 168, -1
182, 171, -1
182, 163, -1
182, 166, -1
182, 174, -1
182, 168, -1
178, 171, -1
178, 163, -1
178, 166, -1
178, 174, -1
178, 168, -1
184, 58, -1
180, 58, -1
182, 58, -1
178, 58, -1
184, 151, -1
180, 151, -1
182, 151, -1
178, 151, -1
58, 195, -1
58, 189, -1
58, 201, -1
58, 207, -1
58, 185, -1
58, 188, -1
58, 107, -1
58, 103, -1
58, 106, -1
58, 110, -1
58, 131, -1
58, 109, -1
58, 105, -1
58, 102, -1
58, 171, -1
58, 163, -1
58, 166, -1
58, 174, -1
58, 168, -1
58, 184, -1
58, 180, -1
58, 182, -1
58, 178, -1
58, 151, -1
151, 195, -1
151, 189, -1
151, 201, -1
151, 207, -1
151, 185, -1
151, 188, -1
151, 107, -1
151, 103, -1
151, 106, -1
151, 110, -1
151, 131, -1
151, 109, -1
151, 105, -1
151, 102, -1
151, 171, -1
151, 163, -1
151, 166, -1
151, 174, -1
151, 168, -1
151, 184, -1
151, 180, -1
151, 182, -1
151, 178, -1
151, 58, -1

195, 189, 1
195, 201, 1
195, 207, 1
195, 185, 1
195, 188, 1
195, 186, 1
189, 195, 1
189, 201, 1
189, 207, 1
189, 185, 1
189, 188, 1
189, 186, 1
201, 195, 1
201, 189, 1
201, 207, 1
201, 185, 1
201, 188, 1
201, 186, 1
207, 195, 1
207, 189, 1
207, 201, 1
207, 185, 1
207, 188, 1
207, 186, 1
185, 195, 1
185, 189, 1
185, 201, 1
185, 207, 1
185, 188, 1
185, 186, 1
188, 195, 1
188, 189, 1
188, 201, 1
188, 207, 1
188, 185, 1
188, 186, 1
186, 195, 1
186, 189, 1
186, 201, 1
186, 207, 1
186, 185, 1
186, 188, 1
107, 103, 1
107, 106, 1
107, 110, 1
107, 131, 1
107, 109, 1
107, 105, 1
107, 102, 1
107, 70, 1
107, 112, 1
103, 107, 1
103, 106, 1
103, 110, 1
103, 131, 1
103, 109, 1
103, 105, 1
103, 102, 1
103, 70, 1
103, 112, 1
106, 107, 1
106, 103, 1
106, 110, 1
106, 131, 1
106, 109, 1
106, 105, 1
106, 102, 1
106, 70, 1
106, 112, 1
110, 107, 1
110, 103, 1
110, 106, 1
110, 131, 1
110, 109, 1
110, 105, 1
110, 102, 1
110, 70, 1
110, 112, 1
131, 107, 1
131, 103, 1
131, 106, 1
131, 110, 1
131, 109, 1
131, 105, 1
131, 102, 1
131, 70, 1
131, 112, 1
109, 107, 1
109, 103, 1
109, 106, 1
109, 110, 1
109, 131, 1
109, 105, 1
109, 102, 1
109, 70, 1
109, 112, 1
105, 107, 1
105, 103, 1
105, 106, 1
105, 110, 1
105, 131, 1
105, 109, 1
105, 102, 1
105, 70, 1
105, 112, 1
102, 107, 1
102, 103, 1
102, 106, 1
102, 110, 1
102, 131, 1
102, 109, 1
102, 105, 1
102, 70, 1
102, 112, 1
70, 107, 1
70, 103, 1
70, 106, 1
70, 110, 1
70, 131, 1
70, 109, 1
70, 105, 1
70, 102, 1
70, 112, 1
112, 107, 1
112, 103, 1
112, 106, 1
112, 110, 1
112, 131, 1
112, 109, 1
112, 105, 1
112, 102, 1
112, 70, 1
171, 163, 1
171, 166, 1
171, 174, 1
171, 168, 1
163, 171, 1
163, 166, 1
163, 174, 1
163, 168, 1
166, 171, 1
166, 163, 1
166, 174, 1
166, 168, 1
174, 171, 1
174, 163, 1
174, 166, 1
174, 168, 1
168, 171, 1
168, 163, 1
168, 166, 1
168, 174, 1
184, 180, 1
184, 182, 1
184, 178, 1
180, 184, 1
180, 182, 1
180, 178, 1
182, 184, 1
182, 180, 1
182, 178, 1
178, 184, 1
178, 180, 1
178, 182, 1
195, 107, -1
195, 103, -1
195, 106, -1
195, 110, -1
195, 131, -1
195, 109, -1
195, 105, -1
195, 102, -1
195, 70, -1
195, 112, -1
189, 107, -1
189, 103, -1
189, 106, -1
189, 110, -1
189, 131, -1
189, 109, -1
189, 105, -1
189, 102, -1
189, 70, -1
189, 112, -1
201, 107, -1
201, 103, -1
201, 106, -1
201, 110, -1
201, 131, -1
201, 109, -1
201, 105, -1
201, 102, -1
201, 70, -1
201, 112, -1
207, 107, -1
207, 103, -1
207, 106, -1
207, 110, -1
207, 131, -1
207, 109, -1
207, 105, -1
207, 102, -1
207, 70, -1
207, 112, -1
185, 107, -1
185, 103, -1
185, 106, -1
185, 110, -1
185, 131, -1
185, 109, -1
185, 105, -1
185, 102, -1
185, 70, -1
185, 112, -1
188, 107, -1
188, 103, -1
188, 106, -1
188, 110, -1
188, 131, -1
188, 109, -1
188, 105, -1
188, 102, -1
188, 70, -1
188, 112, -1
186, 107, -1
186, 103, -1
186, 106, -1
186, 110, -1
186, 131, -1
186, 109, -1
186, 105, -1
186, 102, -1
186, 70, -1
186, 112, -1
195, 171, -1
195, 163, -1
195, 166, -1
195, 174, -1
195, 168, -1
189, 171, -1
189, 163, -1
189, 166, -1
189, 174, -1
189, 168, -1
201, 171, -1
201, 163, -1
201, 166, -1
201, 174, -1
201, 168, -1
207, 171, -1
207, 163, -1
207, 166, -1
207, 174, -1
207, 168, -1
185, 171, -1
185, 163, -1
185, 166, -1
185, 174, -1
185, 168, -1
188, 171, -1
188, 163, -1
188, 166, -1
188, 174, -1
188, 168, -1
186, 171, -1
186, 163, -1
186, 166, -1
186, 174, -1
186, 168, -1
195, 184, -1
195, 180, -1
195, 182, -1
195, 178, -1
189, 184, -1
189, 180, -1
189, 182, -1
189, 178, -1
201, 184, -1
201, 180, -1
201, 182, -1
201, 178, -1
207, 184, -1
207, 180, -1
207, 182, -1
207, 178, -1
185, 184, -1
185, 180, -1
185, 182, -1
185, 178, -1
188, 184, -1
188, 180, -1
188, 182, -1
188, 178, -1
186, 184, -1
186, 180, -1
186, 182, -1
186, 178, -1
195, 58, -1
189, 58, -1
201, 58, -1
207, 58, -1
185, 58, -1
188, 58, -1
186, 58, -1
195, 151, -1
189, 151, -1
201, 151, -1
207, 151, -1
185, 151, -1
188, 151, -1
186, 151, -1
107, 195, -1
107, 189, -1
107, 201, -1
107, 207, -1
107, 185, -1
107, 188, -1
107, 186, -1
103, 195, -1
103, 189, -1
103, 201, -1
103, 207, -1
103, 185, -1
103, 188, -1
103, 186, -1
106, 195, -1
106, 189, -1
106, 201, -1
106, 207, -1
106, 185, -1
106, 188, -1
106, 186, -1
110, 195, -1
110, 189, -1
110, 201, -1
110, 207, -1
110, 185, -1
110, 188, -1
110, 186, -1
131, 195, -1
131, 189, -1
131, 201, -1
131, 207, -1
131, 185, -1
131, 188, -1
131, 186, -1
109, 195, -1
109, 189, -1
109, 201, -1
109, 207, -1
109, 185, -1
109, 188, -1
109, 186, -1
105, 195, -1
105, 189, -1
105, 201, -1
105, 207, -1
105, 185, -1
105, 188, -1
105, 186, -1
102, 195, -1
102, 189, -1
102, 201, -1
102, 207, -1
102, 185, -1
102, 188, -1
102, 186, -1
70, 195, -1
70, 189, -1
70, 201, -1
70, 207, -1
70, 185, -1
70, 188, -1
70, 186, -1
112, 195, -1
112, 189, -1
112, 201, -1
112, 207, -1
112, 185, -1
112, 188, -1
112, 186, -1
107, 171, -1
107, 163, -1
107, 166, -1
107, 174, -1
107, 168, -1
103, 171, -1
103, 163, -1
103, 166, -1
103, 174, -1
103, 168, -1
106, 171, -1
106, 163, -1
106, 166, -1
106, 174, -1
106, 168, -1
110, 171, -1
110, 163, -1
110, 166, -1
110, 174, -1
110, 168, -1
131, 171, -1
131, 163, -1
131, 166, -1
131, 174, -1
131, 168, -1
109, 171, -1
109, 163, -1
109, 166, -1
109, 174, -1
109, 168, -1
105, 171, -1
105, 163, -1
105, 166, -1
105, 174, -1
105, 168, -1
102, 171, -1
102, 163, -1
102, 166, -1
102, 174, -1
102, 168, -1
70, 171, -1
70, 163, -1
70, 166, -1
70, 174, -1
70, 168, -1
112, 171, -1
112, 163, -1
112, 166, -1
112, 174, -1
112, 168, -1
107, 184, -1
107, 180, -1
107, 182, -1
107, 178, -1
103, 184, -1
103, 180, -1
103, 182, -1
103, 178, -1
106, 184, -1
106, 180, -1
106, 182, -1
106, 178, -1
110, 184, -1
110, 180, -1
110, 182, -1
110, 178, -1
131, 184, -1
131, 180, -1
131, 182, -1
131, 178, -1
109, 184, -1
109, 180, -1
109, 182, -1
109, 178, -1
105, 184, -1
105, 180, -1
105, 182, -1
105, 178, -1
102, 184, -1
102, 180, -1
102, 182, -1
102, 178, -1
70, 184, -1
70, 180, -1
70, 182, -1
70, 178, -1
112, 184, -1
112, 180, -1
112, 182, -1
112, 178, -1
107, 58, -1
103, 58, -1
106, 58, -1
110, 58, -1
131, 58, -1
109, 58, -1
105, 58, -1
102, 58, -1
70, 58, -1
112, 58, -1
107, 151, -1
103, 151, -1
106, 151, -1
110, 151, -1
131, 151, -1
109, 151, -1
105, 151, -1
102, 151, -1
70, 151, -1
112, 151, -1
171, 195, -1
171, 189, -1
171, 201, -1
171, 207, -1
171, 185, -1
171, 188, -1
171, 186, -1
163, 195, -1
163, 189, -1
163, 201, -1
163, 207, -1
163, 185, -1
163, 188, -1
163, 186, -1
166, 195, -1
166, 189, -1
166, 201, -1
166, 207, -1
166, 185, -1
166, 188, -1
166, 186, -1
174, 195, -1
174, 189, -1
174, 201, -1
174, 207, -1
174, 185, -1
174, 188, -1
174, 186, -1
168, 195, -1
168, 189, -1
168, 201, -1
168, 207, -1
168, 185, -1
168, 188, -1
168, 186, -1
171, 107, -1
171, 103, -1
171, 106, -1
171, 110, -1
171, 131, -1
171, 109, -1
171, 105, -1
171, 102, -1
171, 70, -1
171, 112, -1
163, 107, -1
163, 103, -1
163, 106, -1
163, 110, -1
163, 131, -1
163, 109, -1
163, 105, -1
163, 102, -1
163, 70, -1
163, 112, -1
166, 107, -1
166, 103, -1
166, 106, -1
166, 110, -1
166, 131, -1
166, 109, -1
166, 105, -1
166, 102, -1
166, 70, -1
166, 112, -1
174, 107, -1
174, 103, -1
174, 106, -1
174, 110, -1
174, 131, -1
174, 109, -1
174, 105, -1
174, 102, -1
174, 70, -1
174, 112, -1
168, 107, -1
168, 103, -1
168, 106, -1
168, 110, -1
168, 131, -1
168, 109, -1
168, 105, -1
168, 102, -1
168, 70, -1
168, 112, -1
171, 184, -1
171, 180, -1
171, 182, -1
171, 178, -1
163, 184, -1
163, 180, -1
163, 182, -1
163, 178, -1
166, 184, -1
166, 180, -1
166, 182, -1
166, 178, -1
174, 184, -1
174, 180, -1
174, 182, -1
174, 178, -1
168, 184, -1
168, 180, -1
168, 182, -1
168, 178, -1
171, 58, -1
163, 58, -1
166, 58, -1
174, 58, -1
168, 58, -1
171, 151, -1
163, 151, -1
166, 151, -1
174, 151, -1
168, 151, -1
184, 195, -1
184, 189, -1
184, 201, -1
184, 207, -1
184, 185, -1
184, 188, -1
184, 186, -1
180, 195, -1
180, 189, -1
180, 201, -1
180, 207, -1
180, 185, -1
180, 188, -1
180, 186, -1
182, 195, -1
182, 189, -1
182, 201, -1
182, 207, -1
182, 185, -1
182, 188, -1
182, 186, -1
178, 195, -1
178, 189, -1
178, 201, -1
178, 207, -1
178, 185, -1
178, 188, -1
178, 186, -1
184, 107, -1
184, 103, -1
184, 106, -1
184, 110, -1
184, 131, -1
184, 109, -1
184, 105, -1
184, 102, -1
184, 70, -1
184, 112, -1
180, 107, -1
180, 103, -1
180, 106, -1
180, 110, -1
180, 131, -1
180, 109, -1
180, 105, -1
180, 102, -1
180, 70, -1
180, 112, -1
182, 107, -1
182, 103, -1
182, 106, -1
182, 110, -1
182, 131, -1
182, 109, -1
182, 105, -1
182, 102, -1
182, 70, -1
182, 112, -1
178, 107, -1
178, 103, -1
178, 106, -1
178, 110, -1
178, 131, -1
178, 109, -1
178, 105, -1
178, 102, -1
178, 70, -1
178, 112, -1
184, 171, -1
184, 163, -1
184, 166, -1
184, 174, -1
184, 168, -1
180, 171, -1
180, 163, -1
180, 166, -1
180, 174, -1
180, 168, -1
182, 171, -1
182, 163, -1
182, 166, -1
182, 174, -1
182, 168, -1
178, 171, -1
178, 163, -1
178, 166, -1
178, 174, -1
178, 168, -1
184, 58, -1
180, 58, -1
182, 58, -1
178, 58, -1
184, 151, -1
180, 151, -1
182, 151, -1
178, 151, -1
58, 195, -1
58, 189, -1
58, 201, -1
58, 207, -1
58, 185, -1
58, 188, -1
58, 186, -1
58, 107, -1
58, 103, -1
58, 106, -1
58, 110, -1
58, 131, -1
58, 109, -1
58, 105, -1
58, 102, -1
58, 70, -1
58, 112, -1
58, 171, -1
58, 163, -1
58, 166, -1
58, 174, -1
58, 168, -1
58, 184, -1
58, 180, -1
58, 182, -1
58, 178, -1
58, 151, -1
151, 195, -1
151, 189, -1
151, 201, -1
151, 207, -1
151, 185, -1
151, 188, -1
151, 186, -1
151, 107, -1
151, 103, -1
151, 106, -1
151, 110, -1
151, 131, -1
151, 109, -1
151, 105, -1
151, 102, -1
151, 70, -1
151, 112, -1
151, 171, -1
151, 163, -1
151, 166, -1
151, 174, -1
151, 168, -1
151, 184, -1
151, 180, -1
151, 182, -1
151, 178, -1
151, 58, -1

195, 189, 1
195, 201, 1
195, 207, 1
195, 185, 1
195, 188, 1
195, 186, 1
195, 203, 1
189, 195, 1
189, 201, 1
189, 207, 1
189, 185, 1
189, 188, 1
189, 186, 1
189, 203, 1
201, 195, 1
201, 189, 1
201, 207, 1
201, 185, 1
201, 188, 1
201, 186, 1
201, 203, 1
207, 195, 1
207, 189, 1
207, 201, 1
207, 185, 1
207, 188, 1
207, 186, 1
207, 203, 1
185, 195, 1
185, 189, 1
185, 201, 1
185, 207, 1
185, 188, 1
185, 186, 1
185, 203, 1
188, 195, 1
188, 189, 1
188, 201, 1
188, 207, 1
188, 185, 1
188, 186, 1
188, 203, 1
186, 195, 1
186, 189, 1
186, 201, 1
186, 207, 1
186, 185, 1
186, 188, 1
186, 203, 1
203, 195, 1
203, 189, 1
203, 201, 1
203, 207, 1
203, 185, 1
203, 188, 1
203, 186, 1
107, 103, 1
107, 106, 1
107, 110, 1
107, 131, 1
107, 109, 1
107, 105, 1
107, 102, 1
107, 70, 1
107, 112, 1
107, 129, 1
103, 107, 1
103, 106, 1
103, 110, 1
103, 131, 1
103, 109, 1
103, 105, 1
103, 102, 1
103, 70, 1
103, 112, 1
103, 129, 1
106, 107, 1
106, 103, 1
106, 110, 1
106, 131, 1
106, 109, 1
106, 105, 1
106, 102, 1
106, 70, 1
106, 112, 1
106, 129, 1
110, 107, 1
110, 103, 1
110, 106, 1
110, 131, 1
110, 109, 1
110, 105, 1
110, 102, 1
110, 70, 1
110, 112, 1
110, 129, 1
131, 107, 1
131, 103, 1
131, 106, 1
131, 110, 1
131, 109, 1
131, 105, 1
131, 102, 1
131, 70, 1
131, 112, 1
131, 129, 1
109, 107, 1
109, 103, 1
109, 106, 1
109, 110, 1
109, 131, 1
109, 105, 1
109, 102, 1
109, 70, 1
109, 112, 1
109, 129, 1
105, 107, 1
105, 103, 1
105, 106, 1
105, 110, 1
105, 131, 1
105, 109, 1
105, 102, 1
105, 70, 1
105, 112, 1
105, 129, 1
102, 107, 1
102, 103, 1
102, 106, 1
102, 110, 1
102, 131, 1
102, 109, 1
102, 105, 1
102, 70, 1
102, 112, 1
102, 129, 1
70, 107, 1
70, 103, 1
70, 106, 1
70, 110, 1
70, 131, 1
70, 109, 1
70, 105, 1
70, 102, 1
70, 112, 1
70, 129, 1
112, 107, 1
112, 103, 1
112, 106, 1
112, 110, 1
112, 131, 1
112, 109, 1
112, 105, 1
112, 102, 1
112, 70, 1
112, 129, 1
129, 107, 1
129, 103, 1
129, 106, 1
129, 110, 1
129, 131, 1
129, 109, 1
129, 105, 1
129, 102, 1
129, 70, 1
129, 112, 1
171, 163, 1
171, 166, 1
171, 174, 1
171, 168, 1
163, 171, 1
163, 166, 1
163, 174, 1
163, 168, 1
166, 171, 1
166, 163, 1
166, 174, 1
166, 168, 1
174, 171, 1
174, 163, 1
174, 166, 1
174, 168, 1
168, 171, 1
168, 163, 1
168, 166, 1
168, 174, 1
184, 180, 1
184, 182, 1
184, 178, 1
180, 184, 1
180, 182, 1
180, 178, 1
182, 184, 1
182, 180, 1
182, 178, 1
178, 184, 1
178, 180, 1
178, 182, 1
58, 67, 1
67, 58, 1
195, 107, -1
195, 103, -1
195, 106, -1
195, 110, -1
195, 131, -1
195, 109, -1
195, 105, -1
195, 102, -1
195, 70, -1
195, 112, -1
195, 129, -1
189, 107, -1
189, 103, -1
189, 106, -1
189, 110, -1
189, 131, -1
189, 109, -1
189, 105, -1
189, 102, -1
189, 70, -1
189, 112, -1
189, 129, -1
201, 107, -1
201, 103, -1
201, 106, -1
201, 110, -1
201, 131, -1
201, 109, -1
201, 105, -1
201, 102, -1
201, 70, -1
201, 112, -1
201, 129, -1
207, 107, -1
207, 103, -1
207, 106, -1
207, 110, -1
207, 131, -1
207, 109, -1
207, 105, -1
207, 102, -1
207, 70, -1
207, 112, -1
207, 129, -1
185, 107, -1
185, 103, -1
185, 106, -1
185, 110, -1
185, 131, -1
185, 109, -1
185, 105, -1
185, 102, -1
185, 70, -1
185, 112, -1
185, 129, -1
188, 107, -1
188, 103, -1
188, 106, -1
188, 110, -1
188, 131, -1
188, 109, -1
188, 105, -1
188, 102, -1
188, 70, -1
188, 112, -1
188, 129, -1
186, 107, -1
186, 103, -1
186, 106, -1
186, 110, -1
186, 131, -1
186, 109, -1
186, 105, -1
186, 102, -1
186, 70, -1
186, 112, -1
186, 129, -1
203, 107, -1
203, 103, -1
203, 106, -1
203, 110, -1
203, 131, -1
203, 109, -1
203, 105, -1
203, 102, -1
203, 70, -1
203, 112, -1
203, 129, -1
195, 171, -1
195, 163, -1
195, 166, -1
195, 174, -1
195, 168, -1
189, 171, -1
189, 163, -1
189, 166, -1
189, 174, -1
189, 168, -1
201, 171, -1
201, 163, -1
201, 166, -1
201, 174, -1
201, 168, -1
207, 171, -1
207, 163, -1
207, 166, -1
207, 174, -1
207, 168, -1
185, 171, -1
185, 163, -1
185, 166, -1
185, 174, -1
185, 168, -1
188, 171, -1
188, 163, -1
188, 166, -1
188, 174, -1
188, 168, -1
186, 171, -1
186, 163, -1
186, 166, -1
186, 174, -1
186, 168, -1
203, 171, -1
203, 163, -1
203, 166, -1
203, 174, -1
203, 168, -1
195, 184, -1
195, 180, -1
195, 182, -1
195, 178, -1
189, 184, -1
189, 180, -1
189, 182, -1
189, 178, -1
201, 184, -1
201, 180, -1
201, 182, -1
201, 178, -1
207, 184, -1
207, 180, -1
207, 182, -1
207, 178, -1
185, 184, -1
185, 180, -1
185, 182, -1
185, 178, -1
188, 184, -1
188, 180, -1
188, 182, -1
188, 178, -1
186, 184, -1
186, 180, -1
186, 182, -1
186, 178, -1
203, 184, -1
203, 180, -1
203, 182, -1
203, 178, -1
195, 58, -1
195, 67, -1
189, 58, -1
189, 67, -1
201, 58, -1
201, 67, -1
207, 58, -1
207, 67, -1
185, 58, -1
185, 67, -1
188, 58, -1
188, 67, -1
186, 58, -1
186, 67, -1
203, 58, -1
203, 67, -1
195, 151, -1
189, 151, -1
201, 151, -1
207, 151, -1
185, 151, -1
188, 151, -1
186, 151, -1
203, 151, -1
107, 195, -1
107, 189, -1
107, 201, -1
107, 207, -1
107, 185, -1
107, 188, -1
107, 186, -1
107, 203, -1
103, 195, -1
103, 189, -1
103, 201, -1
103, 207, -1
103, 185, -1
103, 188, -1
103, 186, -1
103, 203, -1
106, 195, -1
106, 189, -1
106, 201, -1
106, 207, -1
106, 185, -1
106, 188, -1
106, 186, -1
106, 203, -1
110, 195, -1
110, 189, -1
110, 201, -1
110, 207, -1
110, 185, -1
110, 188, -1
110, 186, -1
110, 203, -1
131, 195, -1
131, 189, -1
131, 201, -1
131, 207, -1
131, 185, -1
131, 188, -1
131, 186, -1
131, 203, -1
109, 195, -1
109, 189, -1
109, 201, -1
109, 207, -1
109, 185, -1
109, 188, -1
109, 186, -1
109, 203, -1
105, 195, -1
105, 189, -1
105, 201, -1
105, 207, -1
105, 185, -1
105, 188, -1
105, 186, -1
105, 203, -1
102, 195, -1
102, 189, -1
102, 201, -1
102, 207, -1
102, 185, -1
102, 188, -1
102, 186, -1
102, 203, -1
70, 195, -1
70, 189, -1
70, 201, -1
70, 207, -1
70, 185, -1
70, 188, -1
70, 186, -1
70, 203, -1
112, 195, -1
112, 189, -1
112, 201, -1
112, 207, -1
112, 185, -1
112, 188, -1
112, 186, -1
112, 203, -1
129, 195, -1
129, 189, -1
129, 201, -1
129, 207, -1
129, 185, -1
129, 188, -1
129, 186, -1
129, 203, -1
107, 171, -1
107, 163, -1
107, 166, -1
107, 174, -1
107, 168, -1
103, 171, -1
103, 163, -1
103, 166, -1
103, 174, -1
103, 168, -1
106, 171, -1
106, 163, -1
106, 166, -1
106, 174, -1
106, 168, -1
110, 171, -1
110, 163, -1
110, 166, -1
110, 174, -1
110, 168, -1
131, 171, -1
131, 163, -1
131, 166, -1
131, 174, -1
131, 168, -1
109, 171, -1
109, 163, -1
109, 166, -1
109, 174, -1
109, 168, -1
105, 171, -1
105, 163, -1
105, 166, -1
105, 174, -1
105, 168, -1
102, 171, -1
102, 163, -1
102, 166, -1
102, 174, -1
102, 168, -1
70, 171, -1
70, 163, -1
70, 166, -1
70, 174, -1
70, 168, -1
112, 171, -1
112, 163, -1
112, 166, -1
112, 174, -1
112, 168, -1
129, 171, -1
129, 163, -1
129, 166, -1
129, 174, -1
129, 168, -1
107, 184, -1
107, 180, -1
107, 182, -1
107, 178, -1
103, 184, -1
103, 180, -1
103, 182, -1
103, 178, -1
106, 184, -1
106, 180, -1
106, 182, -1
106, 178, -1
110, 184, -1
110, 180, -1
110, 182, -1
110, 178, -1
131, 184, -1
131, 180, -1
131, 182, -1
131, 178, -1
109, 184, -1
109, 180, -1
109, 182, -1
109, 178, -1
105, 184, -1
105, 180, -1
105, 182, -1
105, 178, -1
102, 184, -1
102, 180, -1
102, 182, -1
102, 178, -1
70, 184, -1
70, 180, -1
70, 182, -1
70, 178, -1
112, 184, -1
112, 180, -1
112, 182, -1
112, 178, -1
129, 184, -1
129, 180, -1
129, 182, -1
129, 178, -1
107, 58, -1
107, 67, -1
103, 58, -1
103, 67, -1
106, 58, -1
106, 67, -1
110, 58, -1
110, 67, -1
131, 58, -1
131, 67, -1
109, 58, -1
109, 67, -1
105, 58, -1
105, 67, -1
102, 58, -1
102, 67, -1
70, 58, -1
70, 67, -1
112, 58, -1
112, 67, -1
129, 58, -1
129, 67, -1
107, 151, -1
103, 151, -1
106, 151, -1
110, 151, -1
131, 151, -1
109, 151, -1
105, 151, -1
102, 151, -1
70, 151, -1
112, 151, -1
129, 151, -1
171, 195, -1
171, 189, -1
171, 201, -1
171, 207, -1
171, 185, -1
171, 188, -1
171, 186, -1
171, 203, -1
163, 195, -1
163, 189, -1
163, 201, -1
163, 207, -1
163, 185, -1
163, 188, -1
163, 186, -1
163, 203, -1
166, 195, -1
166, 189, -1
166, 201, -1
166, 207, -1
166, 185, -1
166, 188, -1
166, 186, -1
166, 203, -1
174, 195, -1
174, 189, -1
174, 201, -1
174, 207, -1
174, 185, -1
174, 188, -1
174, 186, -1
174, 203, -1
168, 195, -1
168, 189, -1
168, 201, -1
168, 207, -1
168, 185, -1
168, 188, -1
168, 186, -1
168, 203, -1
171, 107, -1
171, 103, -1
171, 106, -1
171, 110, -1
171, 131, -1
171, 109, -1
171, 105, -1
171, 102, -1
171, 70, -1
171, 112, -1
171, 129, -1
163, 107, -1
163, 103, -1
163, 106, -1
163, 110, -1
163, 131, -1
163, 109, -1
163, 105, -1
163, 102, -1
163, 70, -1
163, 112, -1
163, 129, -1
166, 107, -1
166, 103, -1
166, 106, -1
166, 110, -1
166, 131, -1
166, 109, -1
166, 105, -1
166, 102, -1
166, 70, -1
166, 112, -1
166, 129, -1
174, 107, -1
174, 103, -1
174, 106, -1
174, 110, -1
174, 131, -1
174, 109, -1
174, 105, -1
174, 102, -1
174, 70, -1
174, 112, -1
174, 129, -1
168, 107, -1
168, 103, -1
168, 106, -1
168, 110, -1
168, 131, -1
168, 109, -1
168, 105, -1
168, 102, -1
168, 70, -1
168, 112, -1
168, 129, -1
171, 184, -1
171, 180, -1
171, 182, -1
171, 178, -1
163, 184, -1
163, 180, -1
163, 182, -1
163, 178, -1
166, 184, -1
166, 180, -1
166, 182, -1
166, 178, -1
174, 184, -1
174, 180, -1
174, 182, -1
174, 178, -1
168, 184, -1
168, 180, -1
168, 182, -1
168, 178, -1
171, 58, -1
171, 67, -1
163, 58, -1
163, 67, -1
166, 58, -1
166, 67, -1
174, 58, -1
174, 67, -1
168, 58, -1
168, 67, -1
171, 151, -1
163, 151, -1
166, 151, -1
174, 151, -1
168, 151, -1
184, 195, -1
184, 189, -1
184, 201, -1
184, 207, -1
184, 185, -1
184, 188, -1
184, 186, -1
184, 203, -1
180, 195, -1
180, 189, -1
180, 201, -1
180, 207, -1
180, 185, -1
180, 188, -1
180, 186, -1
180, 203, -1
182, 195, -1
182, 189, -1
182, 201, -1
182, 207, -1
182, 185, -1
182, 188, -1
182, 186, -1
182, 203, -1
178, 195, -1
178, 189, -1
178, 201, -1
178, 207, -1
178, 185, -1
178, 188, -1
178, 186, -1
178, 203, -1
184, 107, -1
184, 103, -1
184, 106, -1
184, 110, -1
184, 131, -1
184, 109, -1
184, 105, -1
184, 102, -1
184, 70, -1
184, 112, -1
184, 129, -1
180, 107, -1
180, 103, -1
180, 106, -1
180, 110, -1
180, 131, -1
180, 109, -1
180, 105, -1
180, 102, -1
180, 70, -1
180, 112, -1
180, 129, -1
182, 107, -1
182, 103, -1
182, 106, -1
182, 110, -1
182, 131, -1
182, 109, -1
182, 105, -1
182, 102, -1
182, 70, -1
182, 112, -1
182, 129, -1
178, 107, -1
178, 103, -1
178, 106, -1
178, 110, -1
178, 131, -1
178, 109, -1
178, 105, -1
178, 102, -1
178, 70, -1
178, 112, -1
178, 129, -1
184, 171, -1
184, 163, -1
184, 166, -1
184, 174, -1
184, 168, -1
180, 171, -1
180, 163, -1
180, 166, -1
180, 174, -1
180, 168, -1
182, 171, -1
182, 163, -1
182, 166, -1
182, 174, -1
182, 168, -1
178, 171, -1
178, 163, -1
178, 166, -1
178, 174, -1
178, 168, -1
184, 58, -1
184, 67, -1
180, 58, -1
180, 67, -1
182, 58, -1
182, 67, -1
178, 58, -1
178, 67, -1
184, 151, -1
180, 151, -1
182, 151, -1
178, 151, -1
58, 195, -1
58, 189, -1
58, 201, -1
58, 207, -1
58, 185, -1
58, 188, -1
58, 186, -1
58, 203, -1
67, 195, -1
67, 189, -1
67, 201, -1
67, 207, -1
67, 185, -1
67, 188, -1
67, 186, -1
67, 203, -1
58, 107, -1
58, 103, -1
58, 106, -1
58, 110, -1
58, 131, -1
58, 109, -1
58, 105, -1
58, 102, -1
58, 70, -1
58, 112, -1
58, 129, -1
67, 107, -1
67, 103, -1
67, 106, -1
67, 110, -1
67, 131, -1
67, 109, -1
67, 105, -1
67, 102, -1
67, 70, -1
67, 112, -1
67, 129, -1
58, 171, -1
58, 163, -1
58, 166, -1
58, 174, -1
58, 168, -1
67, 171, -1
67, 163, -1
67, 166, -1
67, 174, -1
67, 168, -1
58, 184, -1
58, 180, -1
58, 182, -1
58, 178, -1
67, 184, -1
67, 180, -1
67, 182, -1
67, 178, -1
58, 151, -1
67, 151, -1
151, 195, -1
151, 189, -1
151, 201, -1
151, 207, -1
151, 185, -1
151, 188, -1
151, 186, -1
151, 203, -1
151, 107, -1
151, 103, -1
151, 106, -1
151, 110, -1
151, 131, -1
151, 109, -1
151, 105, -1
151, 102, -1
151, 70, -1
151, 112, -1
151, 129, -1
151, 171, -1
151, 163, -1
151, 166, -1
151, 174, -1
151, 168, -1
151, 184, -1
151, 180, -1
151, 182, -1
151, 178, -1
151, 58, -1
151, 67, -1

195, 189, 1
195, 201, 1
195, 207, 1
195, 185, 1
195, 188, 1
195, 186, 1
195, 203, 1
189, 195, 1
189, 201, 1
189, 207, 1
189, 185, 1
189, 188, 1
189, 186, 1
189, 203, 1
201, 195, 1
201, 189, 1
201, 207, 1
201, 185, 1
201, 188, 1
201, 186, 1
201, 203, 1
207, 195, 1
207, 189, 1
207, 201, 1
207, 185, 1
207, 188, 1
207, 186, 1
207, 203, 1
185, 195, 1
185, 189, 1
185, 201, 1
185, 207, 1
185, 188, 1
185, 186, 1
185, 203, 1
188, 195, 1
188, 189, 1
188, 201, 1
188, 207, 1
188, 185, 1
188, 186, 1
188, 203, 1
186, 195, 1
186, 189, 1
186, 201, 1
186, 207, 1
186, 185, 1
186, 188, 1
186, 203, 1
203, 195, 1
203, 189, 1
203, 201, 1
203, 207, 1
203, 185, 1
203, 188, 1
203, 186, 1
107, 103, 1
107, 106, 1
107, 110, 1
107, 131, 1
107, 109, 1
107, 105, 1
107, 102, 1
107, 70, 1
107, 112, 1
107, 129, 1
103, 107, 1
103, 106, 1
103, 110, 1
103, 131, 1
103, 109, 1
103, 105, 1
103, 102, 1
103, 70, 1
103, 112, 1
103, 129, 1
106, 107, 1
106, 103, 1
106, 110, 1
106, 131, 1
106, 109, 1
106, 105, 1
106, 102, 1
106, 70, 1
106, 112, 1
106, 129, 1
110, 107, 1
110, 103, 1
110, 106, 1
110, 131, 1
110, 109, 1
110, 105, 1
110, 102, 1
110, 70, 1
110, 112, 1
110, 129, 1
131, 107, 1
131, 103, 1
131, 106, 1
131, 110, 1
131, 109, 1
131, 105, 1
131, 102, 1
131, 70, 1
131, 112, 1
131, 129, 1
109, 107, 1
109, 103, 1
109, 106, 1
109, 110, 1
109, 131, 1
109, 105, 1
109, 102, 1
109, 70, 1
109, 112, 1
109, 129, 1
105, 107, 1
105, 103, 1
105, 106, 1
105, 110, 1
105, 131, 1
105, 109, 1
105, 102, 1
105, 70, 1
105, 112, 1
105, 129, 1
102, 107, 1
102, 103, 1
102, 106, 1
102, 110, 1
102, 131, 1
102, 109, 1
102, 105, 1
102, 70, 1
102, 112, 1
102, 129, 1
70, 107, 1
70, 103, 1
70, 106, 1
70, 110, 1
70, 131, 1
70, 109, 1
70, 105, 1
70, 102, 1
70, 112, 1
70, 129, 1
112, 107, 1
112, 103, 1
112, 106, 1
112, 110, 1
112, 131, 1
112, 109, 1
112, 105, 1
112, 102, 1
112, 70, 1
112, 129, 1
129, 107, 1
129, 103, 1
129, 106, 1
129, 110, 1
129, 131, 1
129, 109, 1
129, 105, 1
129, 102, 1
129, 70, 1
129, 112, 1
171, 163, 1
171, 166, 1
171, 174, 1
171, 168, 1
171, 170, 1
171, 175, 1
163, 171, 1
163, 166, 1
163, 174, 1
163, 168, 1
163, 170, 1
163, 175, 1
166, 171, 1
166, 163, 1
166, 174, 1
166, 168, 1
166, 170, 1
166, 175, 1
174, 171, 1
174, 163, 1
174, 166, 1
174, 168, 1
174, 170, 1
174, 175, 1
168, 171, 1
168, 163, 1
168, 166, 1
168, 174, 1
168, 170, 1
168, 175, 1
170, 171, 1
170, 163, 1
170, 166, 1
170, 174, 1
170, 168, 1
170, 175, 1
175, 171, 1
175, 163, 1
175, 166, 1
175, 174, 1
175, 168, 1
175, 170, 1
184, 180, 1
184, 182, 1
184, 178, 1
184, 181, 1
180, 184, 1
180, 182, 1
180, 178, 1
180, 181, 1
182, 184, 1
182, 180, 1
182, 178, 1
182, 181, 1
178, 184, 1
178, 180, 1
178, 182, 1
178, 181, 1
181, 184, 1
181, 180, 1
181, 182, 1
181, 178, 1
58, 67, 1
67, 58, 1
151, 149, 1
149, 151, 1
195, 107, -1
195, 103, -1
195, 106, -1
195, 110, -1
195, 131, -1
195, 109, -1
195, 105, -1
195, 102, -1
195, 70, -1
195, 112, -1
195, 129, -1
189, 107, -1
189, 103, -1
189, 106, -1
189, 110, -1
189, 131, -1
189, 109, -1
189, 105, -1
189, 102, -1
189, 70, -1
189, 112, -1
189, 129, -1
201, 107, -1
201, 103, -1
201, 106, -1
201, 110, -1
201, 131, -1
201, 109, -1
201, 105, -1
201, 102, -1
201, 70, -1
201, 112, -1
201, 129, -1
207, 107, -1
207, 103, -1
207, 106, -1
207, 110, -1
207, 131, -1
207, 109, -1
207, 105, -1
207, 102, -1
207, 70, -1
207, 112, -1
207, 129, -1
185, 107, -1
185, 103, -1
185, 106, -1
185, 110, -1
185, 131, -1
185, 109, -1
185, 105, -1
185, 102, -1
185, 70, -1
185, 112, -1
185, 129, -1
188, 107, -1
188, 103, -1
188, 106, -1
188, 110, -1
188, 131, -1
188, 109, -1
188, 105, -1
188, 102, -1
188, 70, -1
188, 112, -1
188, 129, -1
186, 107, -1
186, 103, -1
186, 106, -1
186, 110, -1
186, 131, -1
186, 109, -1
186, 105, -1
186, 102, -1
186, 70, -1
186, 112, -1
186, 129, -1
203, 107, -1
203, 103, -1
203, 106, -1
203, 110, -1
203, 131, -1
203, 109, -1
203, 105, -1
203, 102, -1
203, 70, -1
203, 112, -1
203, 129, -1
195, 171, -1
195, 163, -1
195, 166, -1
195, 174, -1
195, 168, -1
195, 170, -1
195, 175, -1
189, 171, -1
189, 163, -1
189, 166, -1
189, 174, -1
189, 168, -1
189, 170, -1
189, 175, -1
201, 171, -1
201, 163, -1
201, 166, -1
201, 174, -1
201, 168, -1
201, 170, -1
201, 175, -1
207, 171, -1
207, 163, -1
207, 166, -1
207, 174, -1
207, 168, -1
207, 170, -1
207, 175, -1
185, 171, -1
185, 163, -1
185, 166, -1
185, 174, -1
185, 168, -1
185, 170, -1
185, 175, -1
188, 171, -1
188, 163, -1
188, 166, -1
188, 174, -1
188, 168, -1
188, 170, -1
188, 175, -1
186, 171, -1
186, 163, -1
186, 166, -1
186, 174, -1
186, 168, -1
186, 170, -1
186, 175, -1
203, 171, -1
203, 163, -1
203, 166, -1
203, 174, -1
203, 168, -1
203, 170, -1
203, 175, -1
195, 184, -1
195, 180, -1
195, 182, -1
195, 178, -1
195, 181, -1
189, 184, -1
189, 180, -1
189, 182, -1
189, 178, -1
189, 181, -1
201, 184, -1
201, 180, -1
201, 182, -1
201, 178, -1
201, 181, -1
207, 184, -1
207, 180, -1
207, 182, -1
207, 178, -1
207, 181, -1
185, 184, -1
185, 180, -1
185, 182, -1
185, 178, -1
185, 181, -1
188, 184, -1
188, 180, -1
188, 182, -1
188, 178, -1
188, 181, -1
186, 184, -1
186, 180, -1
186, 182, -1
186, 178, -1
186, 181, -1
203, 184, -1
203, 180, -1
203, 182, -1
203, 178, -1
203, 181, -1
195, 58, -1
195, 67, -1
189, 58, -1
189, 67, -1
201, 58, -1
201, 67, -1
207, 58, -1
207, 67, -1
185, 58, -1
185, 67, -1
188, 58, -1
188, 67, -1
186, 58, -1
186, 67, -1
203, 58, -1
203, 67, -1
195, 151, -1
195, 149, -1
189, 151, -1
189, 149, -1
201, 151, -1
201, 149, -1
207, 151, -1
207, 149, -1
185, 151, -1
185, 149, -1
188, 151, -1
188, 149, -1
186, 151, -1
186, 149, -1
203, 151, -1
203, 149, -1
107, 195, -1
107, 189, -1
107, 201, -1
107, 207, -1
107, 185, -1
107, 188, -1
107, 186, -1
107, 203, -1
103, 195, -1
103, 189, -1
103, 201, -1
103, 207, -1
103, 185, -1
103, 188, -1
103, 186, -1
103, 203, -1
106, 195, -1
106, 189, -1
106, 201, -1
106, 207, -1
106, 185, -1
106, 188, -1
106, 186, -1
106, 203, -1
110, 195, -1
110, 189, -1
110, 201, -1
110, 207, -1
110, 185, -1
110, 188, -1
110, 186, -1
110, 203, -1
131, 195, -1
131, 189, -1
131, 201, -1
131, 207, -1
131, 185, -1
131, 188, -1
131, 186, -1
131, 203, -1
109, 195, -1
109, 189, -1
109, 201, -1
109, 207, -1
109, 185, -1
109, 188, -1
109, 186, -1
109, 203, -1
105, 195, -1
105, 189, -1
105, 201, -1
105, 207, -1
105, 185, -1
105, 188, -1
105, 186, -1
105, 203, -1
102, 195, -1
102, 189, -1
102, 201, -1
102, 207, -1
102, 185, -1
102, 188, -1
102, 186, -1
102, 203, -1
70, 195, -1
70, 189, -1
70, 201, -1
70, 207, -1
70, 185, -1
70, 188, -1
70, 186, -1
70, 203, -1
112, 195, -1
112, 189, -1
112, 201, -1
112, 207, -1
112, 185, -1
112, 188, -1
112, 186, -1
112, 203, -1
129, 195, -1
129, 189, -1
129, 201, -1
129, 207, -1
129, 185, -1
129, 188, -1
129, 186, -1
129, 203, -1
107, 171, -1
107, 163, -1
107, 166, -1
107, 174, -1
107, 168, -1
107, 170, -1
107, 175, -1
103, 171, -1
103, 163, -1
103, 166, -1
103, 174, -1
103, 168, -1
103, 170, -1
103, 175, -1
106, 171, -1
106, 163, -1
106, 166, -1
106, 174, -1
106, 168, -1
106, 170, -1
106, 175, -1
110, 171, -1
110, 163, -1
110, 166, -1
110, 174, -1
110, 168, -1
110, 170, -1
110, 175, -1
131, 171, -1
131, 163, -1
131, 166, -1
131, 174, -1
131, 168, -1
131, 170, -1
131, 175, -1
109, 171, -1
109, 163, -1
109, 166, -1
109, 174, -1
109, 168, -1
109, 170, -1
109, 175, -1
105, 171, -1
105, 163, -1
105, 166, -1
105, 174, -1
105, 168, -1
105, 170, -1
105, 175, -1
102, 171, -1
102, 163, -1
102, 166, -1
102, 174, -1
102, 168, -1
102, 170, -1
102, 175, -1
70, 171, -1
70, 163, -1
70, 166, -1
70, 174, -1
70, 168, -1
70, 170, -1
70, 175, -1
112, 171, -1
112, 163, -1
112, 166, -1
112, 174, -1
112, 168, -1
112, 170, -1
112, 175, -1
129, 171, -1
129, 163, -1
129, 166, -1
129, 174, -1
129, 168, -1
129, 170, -1
129, 175, -1
107, 184, -1
107, 180, -1
107, 182, -1
107, 178, -1
107, 181, -1
103, 184, -1
103, 180, -1
103, 182, -1
103, 178, -1
103, 181, -1
106, 184, -1
106, 180, -1
106, 182, -1
106, 178, -1
106, 181, -1
110, 184, -1
110, 180, -1
110, 182, -1
110, 178, -1
110, 181, -1
131, 184, -1
131, 180, -1
131, 182, -1
131, 178, -1
131, 181, -1
109, 184, -1
109, 180, -1
109, 182, -1
109, 178, -1
109, 181, -1
105, 184, -1
105, 180, -1
105, 182, -1
105, 178, -1
105, 181, -1
102, 184, -1
102, 180, -1
102, 182, -1
102, 178, -1
102, 181, -1
70, 184, -1
70, 180, -1
70, 182, -1
70, 178, -1
70, 181, -1
112, 184, -1
112, 180, -1
112, 182, -1
112, 178, -1
112, 181, -1
129, 184, -1
129, 180, -1
129, 182, -1
129, 178, -1
129, 181, -1
107, 58, -1
107, 67, -1
103, 58, -1
103, 67, -1
106, 58, -1
106, 67, -1
110, 58, -1
110, 67, -1
131, 58, -1
131, 67, -1
109, 58, -1
109, 67, -1
105, 58, -1
105, 67, -1
102, 58, -1
102, 67, -1
70, 58, -1
70, 67, -1
112, 58, -1
112, 67, -1
129, 58, -1
129, 67, -1
107, 151, -1
107, 149, -1
103, 151, -1
103, 149, -1
106, 151, -1
106, 149, -1
110, 151, -1
110, 149, -1
131, 151, -1
131, 149, -1
109, 151, -1
109, 149, -1
105, 151, -1
105, 149, -1
102, 151, -1
102, 149, -1
70, 151, -1
70, 149, -1
112, 151, -1
112, 149, -1
129, 151, -1
129, 149, -1
171, 195, -1
171, 189, -1
171, 201, -1
171, 207, -1
171, 185, -1
171, 188, -1
171, 186, -1
171, 203, -1
163, 195, -1
163, 189, -1
163, 201, -1
163, 207, -1
163, 185, -1
163, 188, -1
163, 186, -1
163, 203, -1
166, 195, -1
166, 189, -1
166, 201, -1
166, 207, -1
166, 185, -1
166, 188, -1
166, 186, -1
166, 203, -1
174, 195, -1
174, 189, -1
174, 201, -1
174, 207, -1
174, 185, -1
174, 188, -1
174, 186, -1
174, 203, -1
168, 195, -1
168, 189, -1
168, 201, -1
168, 207, -1
168, 185, -1
168, 188, -1
168, 186, -1
168, 203, -1
170, 195, -1
170, 189, -1
170, 201, -1
170, 207, -1
170, 185, -1
170, 188, -1
170, 186, -1
170, 203, -1
175, 195, -1
175, 189, -1
175, 201, -1
175, 207, -1
175, 185, -1
175, 188, -1
175, 186, -1
175, 203, -1
171, 107, -1
171, 103, -1
171, 106, -1
171, 110, -1
171, 131, -1
171, 109, -1
171, 105, -1
171, 102, -1
171, 70, -1
171, 112, -1
171, 129, -1
163, 107, -1
163, 103, -1
163, 106, -1
163, 110, -1
163, 131, -1
163, 109, -1
163, 105, -1
163, 102, -1
163, 70, -1
163, 112, -1
163, 129, -1
166, 107, -1
166, 103, -1
166, 106, -1
166, 110, -1
166, 131, -1
166, 109, -1
166, 105, -1
166, 102, -1
166, 70, -1
166, 112, -1
166, 129, -1
174, 107, -1
174, 103, -1
174, 106, -1
174, 110, -1
174, 131, -1
174, 109, -1
174, 105, -1
174, 102, -1
174, 70, -1
174, 112, -1
174, 129, -1
168, 107, -1
168, 103, -1
168, 106, -1
168, 110, -1
168, 131, -1
168, 109, -1
168, 105, -1
168, 102, -1
168, 70, -1
168, 112, -1
168, 129, -1
170, 107, -1
170, 103, -1
170, 106, -1
170, 110, -1
170, 131, -1
170, 109, -1
170, 105, -1
170, 102, -1
170, 70, -1
170, 112, -1
170, 129, -1
175, 107, -1
175, 103, -1
175, 106, -1
175, 110, -1
175, 131, -1
175, 109, -1
175, 105, -1
175, 102, -1
175, 70, -1
175, 112, -1
175, 129, -1
171, 184, -1
171, 180, -1
171, 182, -1
171, 178, -1
171, 181, -1
163, 184, -1
163, 180, -1
163, 182, -1
163, 178, -1
163, 181, -1
166, 184, -1
166, 180, -1
166, 182, -1
166, 178, -1
166, 181, -1
174, 184, -1
174, 180, -1
174, 182, -1
174, 178, -1
174, 181, -1
168, 184, -1
168, 180, -1
168, 182, -1
168, 178, -1
168, 181, -1
170, 184, -1
170, 180, -1
170, 182, -1
170, 178, -1
170, 181, -1
175, 184, -1
175, 180, -1
175, 182, -1
175, 178, -1
175, 181, -1
171, 58, -1
171, 67, -1
163, 58, -1
163, 67, -1
166, 58, -1
166, 67, -1
174, 58, -1
174, 67, -1
168, 58, -1
168, 67, -1
170, 58, -1
170, 67, -1
175, 58, -1
175, 67, -1
171, 151, -1
171, 149, -1
163, 151, -1
163, 149, -1
166, 151, -1
166, 149, -1
174, 151, -1
174, 149, -1
168, 151, -1
168, 149, -1
170, 151, -1
170, 149, -1
175, 151, -1
175, 149, -1
184, 195, -1
184, 189, -1
184, 201, -1
184, 207, -1
184, 185, -1
184, 188, -1
184, 186, -1
184, 203, -1
180, 195, -1
180, 189, -1
180, 201, -1
180, 207, -1
180, 185, -1
180, 188, -1
180, 186, -1
180, 203, -1
182, 195, -1
182, 189, -1
182, 201, -1
182, 207, -1
182, 185, -1
182, 188, -1
182, 186, -1
182, 203, -1
178, 195, -1
178, 189, -1
178, 201, -1
178, 207, -1
178, 185, -1
178, 188, -1
178, 186, -1
178, 203, -1
181, 195, -1
181, 189, -1
181, 201, -1
181, 207, -1
181, 185, -1
181, 188, -1
181, 186, -1
181, 203, -1
184, 107, -1
184, 103, -1
184, 106, -1
184, 110, -1
184, 131, -1
184, 109, -1
184, 105, -1
184, 102, -1
184, 70, -1
184, 112, -1
184, 129, -1
180, 107, -1
180, 103, -1
180, 106, -1
180, 110, -1
180, 131, -1
180, 109, -1
180, 105, -1
180, 102, -1
180, 70, -1
180, 112, -1
180, 129, -1
182, 107, -1
182, 103, -1
182, 106, -1
182, 110, -1
182, 131, -1
182, 109, -1
182, 105, -1
182, 102, -1
182, 70, -1
182, 112, -1
182, 129, -1
178, 107, -1
178, 103, -1
178, 106, -1
178, 110, -1
178, 131, -1
178, 109, -1
178, 105, -1
178, 102, -1
178, 70, -1
178, 112, -1
178, 129, -1
181, 107, -1
181, 103, -1
181, 106, -1
181, 110, -1
181, 131, -1
181, 109, -1
181, 105, -1
181, 102, -1
181, 70, -1
181, 112, -1
181, 129, -1
184, 171, -1
184, 163, -1
184, 166, -1
184, 174, -1
184, 168, -1
184, 170, -1
184, 175, -1
180, 171, -1
180, 163, -1
180, 166, -1
180, 174, -1
180, 168, -1
180, 170, -1
180, 175, -1
182, 171, -1
182, 163, -1
182, 166, -1
182, 174, -1
182, 168, -1
182, 170, -1
182, 175, -1
178, 171, -1
178, 163, -1
178, 166, -1
178, 174, -1
178, 168, -1
178, 170, -1
178, 175, -1
181, 171, -1
181, 163, -1
181, 166, -1
181, 174, -1
181, 168, -1
181, 170, -1
181, 175, -1
184, 58, -1
184, 67, -1
180, 58, -1
180, 67, -1
182, 58, -1
182, 67, -1
178, 58, -1
178, 67, -1
181, 58, -1
181, 67, -1
184, 151, -1
184, 149, -1
180, 151, -1
180, 149, -1
182, 151, -1
182, 149, -1
178, 151, -1
178, 149, -1
181, 151, -1
181, 149, -1
58, 195, -1
58, 189, -1
58, 201, -1
58, 207, -1
58, 185, -1
58, 188, -1
58, 186, -1
58, 203, -1
67, 195, -1
67, 189, -1
67, 201, -1
67, 207, -1
67, 185, -1
67, 188, -1
67, 186, -1
67, 203, -1
58, 107, -1
58, 103, -1
58, 106, -1
58, 110, -1
58, 131, -1
58, 109, -1
58, 105, -1
58, 102, -1
58, 70, -1
58, 112, -1
58, 129, -1
67, 107, -1
67, 103, -1
67, 106, -1
67, 110, -1
67, 131, -1
67, 109, -1
67, 105, -1
67, 102, -1
67, 70, -1
67, 112, -1
67, 129, -1
58, 171, -1
58, 163, -1
58, 166, -1
58, 174, -1
58, 168, -1
58, 170, -1
58, 175, -1
67, 171, -1
67, 163, -1
67, 166, -1
67, 174, -1
67, 168, -1
67, 170, -1
67, 175, -1
58, 184, -1
58, 180, -1
58, 182, -1
58, 178, -1
58, 181, -1
67, 184, -1
67, 180, -1
67, 182, -1
67, 178, -1
67, 181, -1
58, 151, -1
58, 149, -1
67, 151, -1
67, 149, -1
151, 195, -1
151, 189, -1
151, 201, -1
151, 207, -1
151, 185, -1
151, 188, -1
151, 186, -1
151, 203, -1
149, 195, -1
149, 189, -1
149, 201, -1
149, 207, -1
149, 185, -1
149, 188, -1
149, 186, -1
149, 203, -1
151, 107, -1
151, 103, -1
151, 106, -1
151, 110, -1
151, 131, -1
151, 109, -1
151, 105, -1
151, 102, -1
151, 70, -1
151, 112, -1
151, 129, -1
149, 107, -1
149, 103, -1
149, 106, -1
149, 110, -1
149, 131, -1
149, 109, -1
149, 105, -1
149, 102, -1
149, 70, -1
149, 112, -1
149, 129, -1
151, 171, -1
151, 163, -1
151, 166, -1
151, 174, -1
151, 168, -1
151, 170, -1
151, 175, -1
149, 171, -1
149, 163, -1
149, 166, -1
149, 174, -1
149, 168, -1
149, 170, -1
149, 175, -1
151, 184, -1
151, 180, -1
151, 182, -1
151, 178, -1
151, 181, -1
149, 184, -1
149, 180, -1
149, 182, -1
149, 178, -1
149, 181, -1
151, 58, -1
151, 67, -1
149, 58, -1
149, 67, -1

