107, 103, 1
107, 106, 1
103, 107, 1
103, 106, 1
106, 107, 1
106, 103, 1
171, 163, 1
163, 171, 1
191, 107, -1
191, 103, -1
191, 106, -1
191, 171, -1
191, 163, -1
107, 191, -1
103, 191, -1
106, 191, -1
107, 171, -1
107, 163, -1
103, 171, -1
103, 163, -1
106, 171, -1
106, 163, -1
171, 191, -1
163, 191, -1
171, 107, -1
171, 103, -1
171, 106, -1
163, 107, -1
163, 103, -1
163, 106, -1

191, 201, 1
201, 191, 1
107, 103, 1
107, 106, 1
103, 107, 1
103, 106, 1
106, 107, 1
106, 103, 1
171, 163, 1
163, 171, 1
191, 107, -1
191, 103, -1
191, 106, -1
201, 107, -1
201, 103, -1
201, 106, -1
191, 171, -1
191, 163, -1
201, 171, -1
201, 163, -1
191, 184, -1
201, 184, -1
191, 14, -1
201, 14, -1
107, 191, -1
107, 201, -1
103, 191, -1
103, 201, -1
106, 191, -1
106, 201, -1
107, 171, -1
107, 163, -1
103, 171, -1
103, 163, -1
106, 171, -1
106, 163, -1
107, 184, -1
103, 184, -1
106, 184, -1
107, 14, -1
103, 14, -1
106, 14, -1
171, 191, -1
171, 201, -1
163, 191, -1
163, 201, -1
171, 107, -1
171, 103, -1
171, 106, -1
163, 107, -1
163, 103, -1
163, 106, -1
171, 184, -1
163, 184, -1
171, 14, -1
163, 14, -1
184, 191, -1
184, 201, -1
184, 107, -1
184, 103, -1
184, 106, -1
184, 171, -1
184, 163, -1
184, 14, -1
14, 191, -1
14, 201, -1
14, 107, -1
14, 103, -1
14, 106, -1
14, 171, -1
14, 163, -1
14, 184, -1

191, 201, 1
191, 189, 1
191, 185, 1
191, 207, 1
201, 191, 1
201, 189, 1
201, 185, 1
201, 207, 1
189, 191, 1
189, 201, 1
189, 185, 1
189, 207, 1
185, 191, 1
185, 201, 1
185, 189, 1
185, 207, 1
207, 191, 1
207, 201, 1
207, 189, 1
207, 185, 1
107, 103, 1
107, 106, 1
107, 110, 1
107, 109, 1
103, 107, 1
103, 106, 1
103, 110, 1
103, 109, 1
106, 107, 1
106, 103, 1
106, 110, 1
106, 109, 1
110, 107, 1
110, 103, 1
110, 106, 1
110, 109, 1
109, 107, 1
109, 103, 1
109, 106, 1
109, 110, 1
171, 163, 1
171, 166, 1
163, 171, 1
163, 166, 1
166, 171, 1
166, 163, 1
191, 107, -1
191, 103, -1
191, 106, -1
191, 110, -1
191, 109, -1
201, 107, -1
201, 103, -1
201, 106, -1
201, 110, -1
201, 109, -1
189, 107, -1
189, 103, -1
189, 106, -1
189, 110, -1
189, 109, -1
185, 107, -1
185, 103, -1
185, 106, -1
185, 110, -1
185, 109, -1
207, 107, -1
207, 103, -1
207, 106, -1
207, 110, -1
207, 109, -1
191, 171, -1
191, 163, -1
191, 166, -1
201, 171, -1
201, 163, -1
201, 166, -1
189, 171, -1
189, 163, -1
189, 166, -1
185, 171, -1
185, 163, -1
185, 166, -1
207, 171, -1
207, 163, -1
207, 166, -1
191, 184, -1
201, 184, -1
189, 184, -1
185, 184, -1
207, 184, -1
191, 14, -1
201, 14, -1
189, 14, -1
185, 14, -1
207, 14, -1
107, 191, -1
107, 201, -1
107, 189, -1
107, 185, -1
107, 207, -1
103, 191, -1
103, 201, -1
103, 189, -1
103, 185, -1
103, 207, -1
106, 191, -1
106, 201, -1
106, 189, -1
106, 185, -1
106, 207, -1
110, 191, -1
110, 201, -1
110, 189, -1
110, 185, -1
110, 207, -1
109, 191, -1
109, 201, -1
109, 189, -1
109, 185, -1
109, 207, -1
107, 171, -1
107, 163, -1
107, 166, -1
103, 171, -1
103, 163, -1
103, 166, -1
106, 171, -1
106, 163, -1
106, 166, -1
110, 171, -1
110, 163, -1
110, 166, -1
109, 171, -1
109, 163, -1
109, 166, -1
107, 184, -1
103, 184, -1
106, 184, -1
110, 184, -1
109, 184, -1
107, 14, -1
103, 14, -1
106, 14, -1
110, 14, -1
109, 14, -1
171, 191, -1
171, 201, -1
171, 189, -1
171, 185, -1
171, 207, -1
163, 191, -1
163, 201, -1
163, 189, -1
163, 185, -1
163, 207, -1
166, 191, -1
166, 201, -1
166, 189, -1
166, 185, -1
166, 207, -1
171, 107, -1
171, 103, -1
171, 106, -1
171, 110, -1
171, 109, -1
163, 107, -1
163, 103, -1
163, 106, -1
163, 110, -1
163, 109, -1
166, 107, -1
166, 103, -1
166, 106, -1
166, 110, -1
166, 109, -1
171, 184, -1
163, 184, -1
166, 184, -1
171, 14, -1
163, 14, -1
166, 14, -1
184, 191, -1
184, 201, -1
184, 189, -1
184, 185, -1
184, 207, -1
184, 107, -1
184, 103, -1
184, 106, -1
184, 110, -1
184, 109, -1
184, 171, -1
184, 163, -1
184, 166, -1
184, 14, -1
14, 191, -1
14, 201, -1
14, 189, -1
14, 185, -1
14, 207, -1
14, 107, -1
14, 103, -1
14, 106, -1
14, 110, -1
14, 109, -1
14, 171, -1
14, 163, -1
14, 166, -1
14, 184, -1

191, 201, 1
191, 189, 1
191, 185, 1
191, 207, 1
201, 191, 1
201, 189, 1
201, 185, 1
201, 207, 1
189, 191, 1
189, 201, 1
189, 185, 1
189, 207, 1
185, 191, 1
185, 201, 1
185, 189, 1
185, 207, 1
207, 191, 1
207, 201, 1
207, 189, 1
207, 185, 1
107, 103, 1
107, 106, 1
107, 110, 1
107, 109, 1
107, 131, 1
107, 70, 1
103, 107, 1
103, 106, 1
103, 110, 1
103, 109, 1
103, 131, 1
103, 70, 1
106, 107, 1
106, 103, 1
106, 110, 1
106, 109, 1
106, 131, 1
106, 70, 1
110, 107, 1
110, 103, 1
110, 106, 1
110, 109, 1
110, 131, 1
110, 70, 1
109, 107, 1
109, 103, 1
109, 106, 1
109, 110, 1
109, 131, 1
109, 70, 1
131, 107, 1
131, 103, 1
131, 106, 1
131, 110, 1
131, 109, 1
131, 70, 1
70, 107, 1
70, 103, 1
70, 106, 1
70, 110, 1
70, 109, 1
70, 131, 1
171, 163, 1
171, 166, 1
171, 174, 1
163, 171, 1
163, 166, 1
163, 174, 1
166, 171, 1
166, 163, 1
166, 174, 1
174, 171, 1
174, 163, 1
174, 166, 1
191, 107, -1
191, 103, -1
191, 106, -1
191, 110, -1
191, 109, -1
191, 131, -1
191, 70, -1
201, 107, -1
201, 103, -1
201, 106, -1
201, 110, -1
201, 109, -1
201, 131, -1
201, 70, -1
189, 107, -1
189, 103, -1
189, 106, -1
189, 110, -1
189, 109, -1
189, 131, -1
189, 70, -1
185, 107, -1
185, 103, -1
185, 106, -1
185, 110, -1
185, 109, -1
185, 131, -1
185, 70, -1
207, 107, -1
207, 103, -1
207, 106, -1
207, 110, -1
207, 109, -1
207, 131, -1
207, 70, -1
191, 171, -1
191, 163, -1
191, 166, -1
191, 174, -1
201, 171, -1
201, 163, -1
201, 166, -1
201, 174, -1
189, 171, -1
189, 163, -1
189, 166, -1
189, 174, -1
185, 171, -1
185, 163, -1
185, 166, -1
185, 174, -1
207, 171, -1
207, 163, -1
207, 166, -1
207, 174, -1
191, 184, -1
201, 184, -1
189, 184, -1
185, 184, -1
207, 184, -1
191, 14, -1
201, 14, -1
189, 14, -1
185, 14, -1
207, 14, -1
107, 191, -1
107, 201, -1
107, 189, -1
107, 185, -1
107, 207, -1
103, 191, -1
103, 201, -1
103, 189, -1
103, 185, -1
103, 207, -1
106, 191, -1
106, 201, -1
106, 189, -1
106, 185, -1
106, 207, -1
110, 191, -1
110, 201, -1
110, 189, -1
110, 185, -1
110, 207, -1
109, 191, -1
109, 201, -1
109, 189, -1
109, 185, -1
109, 207, -1
131, 191, -1
131, 201, -1
131, 189, -1
131, 185, -1
131, 207, -1
70, 191, -1
70, 201, -1
70, 189, -1
70, 185, -1
70, 207, -1
107, 171, -1
107, 163, -1
107, 166, -1
107, 174, -1
103, 171, -1
103, 163, -1
103, 166, -1
103, 174, -1
106, 171, -1
106, 163, -1
106, 166, -1
106, 174, -1
110, 171, -1
110, 163, -1
110, 166, -1
110, 174, -1
109, 171, -1
109, 163, -1
109, 166, -1
109, 174, -1
131, 171, -1
131, 163, -1
131, 166, -1
131, 174, -1
70, 171, -1
70, 163, -1
70, 166, -1
70, 174, -1
107, 184, -1
103, 184, -1
106, 184, -1
110, 184, -1
109, 184, -1
131, 184, -1
70, 184, -1
107, 14, -1
103, 14, -1
106, 14, -1
110, 14, -1
109, 14, -1
131, 14, -1
70, 14, -1
171, 191, -1
171, 201, -1
171, 189, -1
171, 185, -1
171, 207, -1
163, 191, -1
163, 201, -1
163, 189, -1
163, 185, -1
163, 207, -1
166, 191, -1
166, 201, -1
166, 189, -1
166, 185, -1
166, 207, -1
174, 191, -1
174, 201, -1
174, 189, -1
174, 185, -1
174, 207, -1
171, 107, -1
171, 103, -1
171, 106, -1
171, 110, -1
171, 109, -1
171, 131, -1
171, 70, -1
163, 107, -1
163, 103, -1
163, 106, -1
163, 110, -1
163, 109, -1
163, 131, -1
163, 70, -1
166, 107, -1
166, 103, -1
166, 106, -1
166, 110, -1
166, 109, -1
166, 131, -1
166, 70, -1
174, 107, -1
174, 103, -1
174, 106, -1
174, 110, -1
174, 109, -1
174, 131, -1
174, 70, -1
171, 184, -1
163, 184, -1
166, 184, -1
174, 184, -1
171, 14, -1
163, 14, -1
166, 14, -1
174, 14, -1
184, 191, -1
184, 201, -1
184, 189, -1
184, 185, -1
184, 207, -1
184, 107, -1
184, 103, -1
184, 106, -1
184, 110, -1
184, 109, -1
184, 131, -1
184, 70, -1
184, 171, -1
184, 163, -1
184, 166, -1
184, 174, -1
184, 14, -1
14, 191, -1
14, 201, -1
14, 189, -1
14, 185, -1
14, 207, -1
14, 107, -1
14, 103, -1
14, 106, -1
14, 110, -1
14, 109, -1
14, 131, -1
14, 70, -1
14, 171, -1
14, 163, -1
14, 166, -1
14, 174, -1
14, 184, -1

191, 201, 1
191, 189, 1
191, 185, 1
191, 207, 1
191, 188, 1
201, 191, 1
201, 189, 1
201, 185, 1
201, 207, 1
201, 188, 1
189, 191, 1
189, 201, 1
189, 185, 1
189, 207, 1
189, 188, 1
185, 191, 1
185, 201, 1
185, 189, 1
185, 207, 1
185, 188, 1
207, 191, 1
207, 201, 1
207, 189, 1
207, 185, 1
207, 188, 1
188, 191, 1
188, 201, 1
188, 189, 1
188, 185, 1
188, 207, 1
107, 103, 1
107, 106, 1
107, 110, 1
107, 109, 1
107, 131, 1
107, 70, 1
103, 107, 1
103, 106, 1
103, 110, 1
103, 109, 1
103, 131, 1
103, 70, 1
106, 107, 1
106, 103, 1
106, 110, 1
106, 109, 1
106, 131, 1
106, 70, 1
110, 107, 1
110, 103, 1
110, 106, 1
110, 109, 1
110, 131, 1
110, 70, 1
109, 107, 1
109, 103, 1
109, 106, 1
109, 110, 1
109, 131, 1
109, 70, 1
131, 107, 1
131, 103, 1
131, 106, 1
131, 110, 1
131, 109, 1
131, 70, 1
70, 107, 1
70, 103, 1
70, 106, 1
70, 110, 1
70, 109, 1
70, 131, 1
171, 163, 1
171, 166, 1
171, 174, 1
163, 171, 1
163, 166, 1
163, 174, 1
166, 171, 1
166, 163, 1
166, 174, 1
174, 171, 1
174, 163, 1
174, 166, 1
184, 180, 1
180, 184, 1
14, 38, 1
38, 14, 1
191, 107, -1
191, 103, -1
191, 106, -1
191, 110, -1
191, 109, -1
191, 131, -1
191, 70, -1
201, 107, -1
201, 103, -1
201, 106, -1
201, 110, -1
201, 109, -1
201, 131, -1
201, 70, -1
189, 107, -1
189, 103, -1
189, 106, -1
189, 110, -1
189, 109, -1
189, 131, -1
189, 70, -1
185, 107, -1
185, 103, -1
185, 106, -1
185, 110, -1
185, 109, -1
185, 131, -1
185, 70, -1
207, 107, -1
207, 103, -1
207, 106, -1
207, 110, -1
207, 109, -1
207, 131, -1
207, 70, -1
188, 107, -1
188, 103, -1
188, 106, -1
188, 110, -1
188, 109, -1
188, 131, -1
188, 70, -1
191, 171, -1
191, 163, -1
191, 166, -1
191, 174, -1
201, 171, -1
201, 163, -1
201, 166, -1
201, 174, -1
189, 171, -1
189, 163, -1
189, 166, -1
189, 174, -1
185, 171, -1
185, 163, -1
185, 166, -1
185, 174, -1
207, 171, -1
207, 163, -1
207, 166, -1
207, 174, -1
188, 171, -1
188, 163, -1
188, 166, -1
188, 174, -1
191, 184, -1
191, 180, -1
201, 184, -1
201, 180, -1
189, 184, -1
189, 180, -1
185, 184, -1
185, 180, -1
207, 184, -1
207, 180, -1
188, 184, -1
188, 180, -1
191, 14, -1
191, 38, -1
201, 14, -1
201, 38, -1
189, 14, -1
189, 38, -1
185, 14, -1
185, 38, -1
207, 14, -1
207, 38, -1
188, 14, -1
188, 38, -1
107, 191, -1
107, 201, -1
107, 189, -1
107, 185, -1
107, 207, -1
107, 188, -1
103, 191, -1
103, 201, -1
103, 189, -1
103, 185, -1
103, 207, -1
103, 188, -1
106, 191, -1
106, 201, -1
106, 189, -1
106, 185, -1
106, 207, -1
106, 188, -1
110, 191, -1
110, 201, -1
110, 189, -1
110, 185, -1
110, 207, -1
110, 188, -1
109, 191, -1
109, 201, -1
109, 189, -1
109, 185, -1
109, 207, -1
109, 188, -1
131, 191, -1
131, 201, -1
131, 189, -1
131, 185, -1
131, 207, -1
131, 188, -1
70, 191, -1
70, 201, -1
70, 189, -1
70, 185, -1
70, 207, -1
70, 188, -1
107, 171, -1
107, 163, -1
107, 166, -1
107, 174, -1
103, 171, -1
103, 163, -1
103, 166, -1
103, 174, -1
106, 171, -1
106, 163, -1
106, 166, -1
106, 174, -1
110, 171, -1
110, 163, -1
110, 166, -1
110, 174, -1
109, 171, -1
109, 163, -1
109, 166, -1
109, 174, -1
131, 171, -1
131, 163, -1
131, 166, -1
131, 174, -1
70, 171, -1
70, 163, -1
70, 166, -1
70, 174, -1
107, 184, -1
107, 180, -1
103, 184, -1
103, 180, -1
106, 184, -1
106, 180, -1
110, 184, -1
110, 180, -1
109, 184, -1
109, 180, -1
131, 184, -1
131, 180, -1
70, 184, -1
70, 180, -1
107, 14, -1
107, 38, -1
103, 14, -1
103, 38, -1
106, 14, -1
106, 38, -1
110, 14, -1
110, 38, -1
109, 14, -1
109, 38, -1
131, 14, -1
131, 38, -1
70, 14, -1
70, 38, -1
171, 191, -1
171, 201, -1
171, 189, -1
171, 185, -1
171, 207, -1
171, 188, -1
163, 191, -1
163, 201, -1
163, 189, -1
163, 185, -1
163, 207, -1
163, 188, -1
166, 191, -1
166, 201, -1
166, 189, -1
166, 185, -1
166, 207, -1
166, 188, -1
174, 191, -1
174, 201, -1
174, 189, -1
174, 185, -1
174, 207, -1
174, 188, -1
171, 107, -1
171, 103, -1
171, 106, -1
171, 110, -1
171, 109, -1
171, 131, -1
171, 70, -1
163, 107, -1
163, 103, -1
163, 106, -1
163, 110, -1
163, 109, -1
163, 131, -1
163, 70, -1
166, 107, -1
166, 103, -1
166, 106, -1
166, 110, -1
166, 109, -1
166, 131, -1
166, 70, -1
174, 107, -1
174, 103, -1
174, 106, -1
174, 110, -1
174, 109, -1
174, 131, -1
174, 70, -1
171, 184, -1
171, 180, -1
163, 184, -1
163, 180, -1
166, 184, -1
166, 180, -1
174, 184, -1
174, 180, -1
171, 14, -1
171, 38, -1
163, 14, -1
163, 38, -1
166, 14, -1
166, 38, -1
174, 14, -1
174, 38, -1
184, 191, -1
184, 201, -1
184, 189, -1
184, 185, -1
184, 207, -1
184, 188, -1
180, 191, -1
180, 201, -1
180, 189, -1
180, 185, -1
180, 207, -1
180, 188, -1
184, 107, -1
184, 103, -1
184, 106, -1
184, 110, -1
184, 109, -1
184, 131, -1
184, 70, -1
180, 107, -1
180, 103, -1
180, 106, -1
180, 110, -1
180, 109, -1
180, 131, -1
180, 70, -1
184, 171, -1
184, 163, -1
184, 166, -1
184, 174, -1
180, 171, -1
180, 163, -1
180, 166, -1
180, 174, -1
184, 14, -1
184, 38, -1
180, 14, -1
180, 38, -1
14, 191, -1
14, 201, -1
14, 189, -1
14, 185, -1
14, 207, -1
14, 188, -1
38, 191, -1
38, 201, -1
38, 189, -1
38, 185, -1
38, 207, -1
38, 188, -1
14, 107, -1
14, 103, -1
14, 106, -1
14, 110, -1
14, 109, -1
14, 131, -1
14, 70, -1
38, 107, -1
38, 103, -1
38, 106, -1
38, 110, -1
38, 109, -1
38, 131, -1
38, 70, -1
14, 171, -1
14, 163, -1
14, 166, -1
14, 174, -1
38, 171, -1
38, 163, -1
38, 166, -1
38, 174, -1
14, 184, -1
14, 180, -1
38, 184, -1
38, 180, -1

191, 201, 1
191, 189, 1
191, 185, 1
191, 207, 1
191, 188, 1
201, 191, 1
201, 189, 1
201, 185, 1
201, 207, 1
201, 188, 1
189, 191, 1
189, 201, 1
189, 185, 1
189, 207, 1
189, 188, 1
185, 191, 1
185, 201, 1
185, 189, 1
185, 207, 1
185, 188, 1
207, 191, 1
207, 201, 1
207, 189, 1
207, 185, 1
207, 188, 1
188, 191, 1
188, 201, 1
188, 189, 1
188, 185, 1
188, 207, 1
107, 103, 1
107, 106, 1
107, 110, 1
107, 109, 1
107, 131, 1
107, 70, 1
107, 105, 1
103, 107, 1
103, 106, 1
103, 110, 1
103, 109, 1
103, 131, 1
103, 70, 1
103, 105, 1
106, 107, 1
106, 103, 1
106, 110, 1
106, 109, 1
106, 131, 1
106, 70, 1
106, 105, 1
110, 107, 1
110, 103, 1
110, 106, 1
110, 109, 1
110, 131, 1
110, 70, 1
110, 105, 1
109, 107, 1
109, 103, 1
109, 106, 1
109, 110, 1
109, 131, 1
109, 70, 1
109, 105, 1
131, 107, 1
131, 103, 1
131, 106, 1
131, 110, 1
131, 109, 1
131, 70, 1
131, 105, 1
70, 107, 1
70, 103, 1
70, 106, 1
70, 110, 1
70, 109, 1
70, 131, 1
70, 105, 1
105, 107, 1
105, 103, 1
105, 106, 1
105, 110, 1
105, 109, 1
105, 131, 1
105, 70, 1
171, 163, 1
171, 166, 1
171, 174, 1
163, 171, 1
163, 166, 1
163, 174, 1
166, 171, 1
166, 163, 1
166, 174, 1
174, 171, 1
174, 163, 1
174, 166, 1
184, 180, 1
184, 182, 1
184, 178, 1
180, 184, 1
180, 182, 1
180, 178, 1
182, 184, 1
182, 180, 1
182, 178, 1
178, 184, 1
178, 180, 1
178, 182, 1
14, 38, 1
38, 14, 1
191, 107, -1
191, 103, -1
191, 106, -1
191, 110, -1
191, 109, -1
191, 131, -1
191, 70, -1
191, 105, -1
201, 107, -1
201, 103, -1
201, 106, -1
201, 110, -1
201, 109, -1
201, 131, -1
201, 70, -1
201, 105, -1
189, 107, -1
189, 103, -1
189, 106, -1
189, 110, -1
189, 109, -1
189, 131, -1
189, 70, -1
189, 105, -1
185, 107, -1
185, 103, -1
185, 106, -1
185, 110, -1
185, 109, -1
185, 131, -1
185, 70, -1
185, 105, -1
207, 107, -1
207, 103, -1
207, 106, -1
207, 110, -1
207, 109, -1
207, 131, -1
207, 70, -1
207, 105, -1
188, 107, -1
188, 103, -1
188, 106, -1
188, 110, -1
188, 109, -1
188, 131, -1
188, 70, -1
188, 105, -1
191, 171, -1
191, 163, -1
191, 166, -1
191, 174, -1
201, 171, -1
201, 163, -1
201, 166, -1
201, 174, -1
189, 171, -1
189, 163, -1
189, 166, -1
189, 174, -1
185, 171, -1
185, 163, -1
185, 166, -1
185, 174, -1
207, 171, -1
207, 163, -1
207, 166, -1
207, 174, -1
188, 171, -1
188, 163, -1
188, 166, -1
188, 174, -1
191, 184, -1
191, 180, -1
191, 182, -1
191, 178, -1
201, 184, -1
201, 180, -1
201, 182, -1
201, 178, -1
189, 184, -1
189, 180, -1
189, 182, -1
189, 178, -1
185, 184, -1
185, 180, -1
185, 182, -1
185, 178, -1
207, 184, -1
207, 180, -1
207, 182, -1
207, 178, -1
188, 184, -1
188, 180, -1
188, 182, -1
188, 178, -1
191, 14, -1
191, 38, -1
201, 14, -1
201, 38, -1
189, 14, -1
189, 38, -1
185, 14, -1
185, 38, -1
207, 14, -1
207, 38, -1
188, 14, -1
188, 38, -1
107, 191, -1
107, 201, -1
107, 189, -1
107, 185, -1
107, 207, -1
107, 188, -1
103, 191, -1
103, 201, -1
103, 189, -1
103, 185, -1
103, 207, -1
103, 188, -1
106, 191, -1
106, 201, -1
106, 189, -1
106, 185, -1
106, 207, -1
106, 188, -1
110, 191, -1
110, 201, -1
110, 189, -1
110, 185, -1
110, 207, -1
110, 188, -1
109, 191, -1
109, 201, -1
109, 189, -1
109, 185, -1
109, 207, -1
109, 188, -1
131, 191, -1
131, 201, -1
131, 189, -1
131, 185, -1
131, 207, -1
131, 188, -1
70, 191, -1
70, 201, -1
70, 189, -1
70, 185, -1
70, 207, -1
70, 188, -1
105, 191, -1
105, 201, -1
105, 189, -1
105, 185, -1
105, 207, -1
105, 188, -1
107, 171, -1
107, 163, -1
107, 166, -1
107, 174, -1
103, 171, -1
103, 163, -1
103, 166, -1
103, 174, -1
106, 171, -1
106, 163, -1
106, 166, -1
106, 174, -1
110, 171, -1
110, 163, -1
110, 166, -1
110, 174, -1
109, 171, -1
109, 163, -1
109, 166, -1
109, 174, -1
131, 171, -1
131, 163, -1
131, 166, -1
131, 174, -1
70, 171, -1
70, 163, -1
70, 166, -1
70, 174, -1
105, 171, -1
105, 163, -1
105, 166, -1
105, 174, -1
107, 184, -1
107, 180, -1
107, 182, -1
107, 178, -1
103, 184, -1
103, 180, -1
103, 182, -1
103, 178, -1
106, 184, -1
106, 180, -1
106, 182, -1
106, 178, -1
110, 184, -1
110, 180, -1
110, 182, -1
110, 178, -1
109, 184, -1
109, 180, -1
109, 182, -1
109, 178, -1
131, 184, -1
131, 180, -1
131, 182, -1
131, 178, -1
70, 184, -1
70, 180, -1
70, 182, -1
70, 178, -1
105, 184, -1
105, 180, -1
105, 182, -1
105, 178, -1
107, 14, -1
107, 38, -1
103, 14, -1
103, 38, -1
106, 14, -1
106, 38, -1
110, 14, -1
110, 38, -1
109, 14, -1
109, 38, -1
131, 14, -1
131, 38, -1
70, 14, -1
70, 38, -1
105, 14, -1
105, 38, -1
171, 191, -1
171, 201, -1
171, 189, -1
171, 185, -1
171, 207, -1
171, 188, -1
163, 191, -1
163, 201, -1
163, 189, -1
163, 185, -1
163, 207, -1
163, 188, -1
166, 191, -1
166, 201, -1
166, 189, -1
166, 185, -1
166, 207, -1
166, 188, -1
174, 191, -1
174, 201, -1
174, 189, -1
174, 185, -1
174, 207, -1
174, 188, -1
171, 107, -1
171, 103, -1
171, 106, -1
171, 110, -1
171, 109, -1
171, 131, -1
171, 70, -1
171, 105, -1
163, 107, -1
163, 103, -1
163, 106, -1
163, 110, -1
163, 109, -1
163, 131, -1
163, 70, -1
163, 105, -1
166, 107, -1
166, 103, -1
166, 106, -1
166, 110, -1
166, 109, -1
166, 131, -1
166, 70, -1
166, 105, -1
174, 107, -1
174, 103, -1
174, 106, -1
174, 110, -1
174, 109, -1
174, 131, -1
174, 70, -1
174, 105, -1
171, 184, -1
171, 180, -1
171, 182, -1
171, 178, -1
163, 184, -1
163, 180, -1
163, 182, -1
163, 178, -1
166, 184, -1
166, 180, -1
166, 182, -1
166, 178, -1
174, 184, -1
174, 180, -1
174, 182, -1
174, 178, -1
171, 14, -1
171, 38, -1
163, 14, -1
163, 38, -1
166, 14, -1
166, 38, -1
174, 14, -1
174, 38, -1
184, 191, -1
184, 201, -1
184, 189, -1
184, 185, -1
184, 207, -1
184, 188, -1
180, 191, -1
180, 201, -1
180, 189, -1
180, 185, -1
180, 207, -1
180, 188, -1
182, 191, -1
182, 201, -1
182, 189, -1
182, 185, -1
182, 207, -1
182, 188, -1
178, 191, -1
178, 201, -1
178, 189, -1
178, 185, -1
178, 207, -1
178, 188, -1
184, 107, -1
184, 103, -1
184, 106, -1
184, 110, -1
184, 109, -1
184, 131, -1
184, 70, -1
184, 105, -1
180, 107, -1
180, 103, -1
180, 106, -1
180, 110, -1
180, 109, -1
180, 131, -1
180, 70, -1
180, 105, -1
182, 107, -1
182, 103, -1
182, 106, -1
182, 110, -1
182, 109, -1
182, 131, -1
182, 70, -1
182, 105, -1
178, 107, -1
178, 103, -1
178, 106, -1
178, 110, -1
178, 109, -1
178, 131, -1
178, 70, -1
178, 105, -1
184, 171, -1
184, 163, -1
184, 166, -1
184, 174, -1
180, 171, -1
180, 163, -1
180, 166, -1
180, 174, -1
182, 171, -1
182, 163, -1
182, 166, -1
182, 174, -1
178, 171, -1
178, 163, -1
178, 166, -1
178, 174, -1
184, 14, -1
184, 38, -1
180, 14, -1
180, 38, -1
182, 14, -1
182, 38, -1
178, 14, -1
178, 38, -1
14, 191, -1
14, 201, -1
14, 189, -1
14, 185, -1
14, 207, -1
14, 188, -1
38, 191, -1
38, 201, -1
38, 189, -1
38, 185, -1
38, 207, -1
38, 188, -1
14, 107, -1
14, 103, -1
14, 106, -1
14, 110, -1
14, 109, -1
14, 131, -1
14, 70, -1
14, 105, -1
38, 107, -1
38, 103, -1
38, 106, -1
38, 110, -1
38, 109, -1
38, 131, -1
38, 70, -1
38, 105, -1
14, 171, -1
14, 163, -1
14, 166, -1
14, 174, -1
38, 171, -1
38, 163, -1
38, 166, -1
38, 174, -1
14, 184, -1
14, 180, -1
14, 182, -1
14, 178, -1
38, 184, -1
38, 180, -1
38, 182, -1
38, 178, -1

191, 201, 1
191, 189, 1
191, 185, 1
191, 207, 1
191, 188, 1
191, 186, 1
201, 191, 1
201, 189, 1
201, 185, 1
201, 207, 1
201, 188, 1
201, 186, 1
189, 191, 1
189, 201, 1
189, 185, 1
189, 207, 1
189, 188, 1
189, 186, 1
185, 191, 1
185, 201, 1
185, 189, 1
185, 207, 1
185, 188, 1
185, 186, 1
207, 191, 1
207, 201, 1
207, 189, 1
207, 185, 1
207, 188, 1
207, 186, 1
188, 191, 1
188, 201, 1
188, 189, 1
188, 185, 1
188, 207, 1
188, 186, 1
186, 191, 1
186, 201, 1
186, 189, 1
186, 185, 1
186, 207, 1
186, 188, 1
107, 103, 1
107, 106, 1
107, 110, 1
107, 109, 1
107, 131, 1
107, 70, 1
107, 105, 1
107, 112, 1
103, 107, 1
103, 106, 1
103, 110, 1
103, 109, 1
103, 131, 1
103, 70, 1
103, 105, 1
103, 112, 1
106, 107, 1
106, 103, 1
106, 110, 1
106, 109, 1
106, 131, 1
106, 70, 1
106, 105, 1
106, 112, 1
110, 107, 1
110, 103, 1
110, 106, 1
110, 109, 1
110, 131, 1
110, 70, 1
110, 105, 1
110, 112, 1
109, 107, 1
109, 103, 1
109, 106, 1
109, 110, 1
109, 131, 1
109, 70, 1
109, 105, 1
109, 112, 1
131, 107, 1
131, 103, 1
131, 106, 1
131, 110, 1
131, 109, 1
131, 70, 1
131, 105, 1
131, 112, 1
70, 107, 1
70, 103, 1
70, 106, 1
70, 110, 1
70, 109, 1
70, 131, 1
70, 105, 1
70, 112, 1
105, 107, 1
105, 103, 1
105, 106, 1
105, 110, 1
105, 109, 1
105, 131, 1
105, 70, 1
105, 112, 1
112, 107, 1
112, 103, 1
112, 106, 1
112, 110, 1
112, 109, 1
112, 131, 1
112, 70, 1
112, 105, 1
171, 163, 1
171, 166, 1
171, 174, 1
171, 168, 1
163, 171, 1
163, 166, 1
163, 174, 1
163, 168, 1
166, 171, 1
166, 163, 1
166, 174, 1
166, 168, 1
174, 171, 1
174, 163, 1
174, 166, 1
174, 168, 1
168, 171, 1
168, 163, 1
168, 166, 1
168, 174, 1
184, 180, 1
184, 182, 1
184, 178, 1
180, 184, 1
180, 182, 1
180, 178, 1
182, 184, 1
182, 180, 1
182, 178, 1
178, 184, 1
178, 180, 1
178, 182, 1
14, 38, 1
38, 14, 1
191, 107, -1
191, 103, -1
191, 106, -1
191, 110, -1
191, 109, -1
191, 131, -1
191, 70, -1
191, 105, -1
191, 112, -1
201, 107, -1
201, 103, -1
201, 106, -1
201, 110, -1
201, 109, -1
201, 131, -1
201, 70, -1
201, 105, -1
201, 112, -1
189, 107, -1
189, 103, -1
189, 106, -1
189, 110, -1
189, 109, -1
189, 131, -1
189, 70, -1
189, 105, -1
189, 112, -1
185, 107, -1
185, 103, -1
185, 106, -1
185, 110, -1
185, 109, -1
185, 131, -1
185, 70, -1
185, 105, -1
185, 112, -1
207, 107, -1
207, 103, -1
207, 106, -1
207, 110, -1
207, 109, -1
207, 131, -1
207, 70, -1
207, 105, -1
207, 112, -1
188, 107, -1
188, 103, -1
188, 106, -1
188, 110, -1
188, 109, -1
188, 131, -1
188, 70, -1
188, 105, -1
188, 112, -1
186, 107, -1
186, 103, -1
186, 106, -1
186, 110, -1
186, 109, -1
186, 131, -1
186, 70, -1
186, 105, -1
186, 112, -1
191, 171, -1
191, 163, -1
191, 166, -1
191, 174, -1
191, 168, -1
201, 171, -1
201, 163, -1
201, 166, -1
201, 174, -1
201, 168, -1
189, 171, -1
189, 163, -1
189, 166, -1
189, 174, -1
189, 168, -1
185, 171, -1
185, 163, -1
185, 166, -1
185, 174, -1
185, 168, -1
207, 171, -1
207, 163, -1
207, 166, -1
207, 174, -1
207, 168, -1
188, 171, -1
188, 163, -1
188, 166, -1
188, 174, -1
188, 168, -1
186, 171, -1
186, 163, -1
186, 166, -1
186, 174, -1
186, 168, -1
191, 184, -1
191, 180, -1
191, 182, -1
191, 178, -1
201, 184, -1
201, 180, -1
201, 182, -1
201, 178, -1
189, 184, -1
189, 180, -1
189, 182, -1
189, 178, -1
185, 184, -1
185, 180, -1
185, 182, -1
185, 178, -1
207, 184, -1
207, 180, -1
207, 182, -1
207, 178, -1
188, 184, -1
188, 180, -1
188, 182, -1
188, 178, -1
186, 184, -1
186, 180, -1
186, 182, -1
186, 178, -1
191, 14, -1
191, 38, -1
201, 14, -1
201, 38, -1
189, 14, -1
189, 38, -1
185, 14, -1
185, 38, -1
207, 14, -1
207, 38, -1
188, 14, -1
188, 38, -1
186, 14, -1
186, 38, -1
107, 191, -1
107, 201, -1
107, 189, -1
107, 185, -1
107, 207, -1
107, 188, -1
107, 186, -1
103, 191, -1
103, 201, -1
103, 189, -1
103, 185, -1
103, 207, -1
103, 188, -1
103, 186, -1
106, 191, -1
106, 201, -1
106, 189, -1
106, 185, -1
106, 207, -1
106, 188, -1
106, 186, -1
110, 191, -1
110, 201, -1
110, 189, -1
110, 185, -1
110, 207, -1
110, 188, -1
110, 186, -1
109, 191, -1
109, 201, -1
109, 189, -1
109, 185, -1
109, 207, -1
109, 188, -1
109, 186, -1
131, 191, -1
131, 201, -1
131, 189, -1
131, 185, -1
131, 207, -1
131, 188, -1
131, 186, -1
70, 191, -1
70, 201, -1
70, 189, -1
70, 185, -1
70, 207, -1
70, 188, -1
70, 186, -1
105, 191, -1
105, 201, -1
105, 189, -1
105, 185, -1
105, 207, -1
105, 188, -1
105, 186, -1
112, 191, -1
112, 201, -1
112, 189, -1
112, 185, -1
112, 207, -1
112, 188, -1
112, 186, -1
107, 171, -1
107, 163, -1
107, 166, -1
107, 174, -1
107, 168, -1
103, 171, -1
103, 163, -1
103, 166, -1
103, 174, -1
103, 168, -1
106, 171, -1
106, 163, -1
106, 166, -1
106, 174, -1
106, 168, -1
110, 171, -1
110, 163, -1
110, 166, -1
110, 174, -1
110, 168, -1
109, 171, -1
109, 163, -1
109, 166, -1
109, 174, -1
109, 168, -1
131, 171, -1
131, 163, -1
131, 166, -1
131, 174, -1
131, 168, -1
70, 171, -1
70, 163, -1
70, 166, -1
70, 174, -1
70, 168, -1
105, 171, -1
105, 163, -1
105, 166, -1
105, 174, -1
105, 168, -1
112, 171, -1
112, 163, -1
112, 166, -1
112, 174, -1
112, 168, -1
107, 184, -1
107, 180, -1
107, 182, -1
107, 178, -1
103, 184, -1
103, 180, -1
103, 182, -1
103, 178, -1
106, 184, -1
106, 180, -1
106, 182, -1
106, 178, -1
110, 184, -1
110, 180, -1
110, 182, -1
110, 178, -1
109, 184, -1
109, 180, -1
109, 182, -1
109, 178, -1
131, 184, -1
131, 180, -1
131, 182, -1
131, 178, -1
70, 184, -1
70, 180, -1
70, 182, -1
70, 178, -1
105, 184, -1
105, 180, -1
105, 182, -1
105, 178, -1
112, 184, -1
112, 180, -1
112, 182, -1
112, 178, -1
107, 14, -1
107, 38, -1
103, 14, -1
103, 38, -1
106, 14, -1
106, 38, -1
110, 14, -1
110, 38, -1
109, 14, -1
109, 38, -1
131, 14, -1
131, 38, -1
70, 14, -1
70, 38, -1
105, 14, -1
105, 38, -1
112, 14, -1
112, 38, -1
171, 191, -1
171, 201, -1
171, 189, -1
171, 185, -1
171, 207, -1
171, 188, -1
171, 186, -1
163, 191, -1
163, 201, -1
163, 189, -1
163, 185, -1
163, 207, -1
163, 188, -1
163, 186, -1
166, 191, -1
166, 201, -1
166, 189, -1
166, 185, -1
166, 207, -1
166, 188, -1
166, 186, -1
174, 191, -1
174, 201, -1
174, 189, -1
174, 185, -1
174, 207, -1
174, 188, -1
174, 186, -1
168, 191, -1
168, 201, -1
168, 189, -1
168, 185, -1
168, 207, -1
168, 188, -1
168, 186, -1
171, 107, -1
171, 103, -1
171, 106, -1
171, 110, -1
171, 109, -1
171, 131, -1
171, 70, -1
171, 105, -1
171, 112, -1
163, 107, -1
163, 103, -1
163, 106, -1
163, 110, -1
163, 109, -1
163, 131, -1
163, 70, -1
163, 105, -1
163, 112, -1
166, 107, -1
166, 103, -1
166, 106, -1
166, 110, -1
166, 109, -1
166, 131, -1
166, 70, -1
166, 105, -1
166, 112, -1
174, 107, -1
174, 103, -1
174, 106, -1
174, 110, -1
174, 109, -1
174, 131, -1
174, 70, -1
174, 105, -1
174, 112, -1
168, 107, -1
168, 103, -1
168, 106, -1
168, 110, -1
168, 109, -1
168, 131, -1
168, 70, -1
168, 105, -1
168, 112, -1
171, 184, -1
171, 180, -1
171, 182, -1
171, 178, -1
163, 184, -1
163, 180, -1
163, 182, -1
163, 178, -1
166, 184, -1
166, 180, -1
166, 182, -1
166, 178, -1
174, 184, -1
174, 180, -1
174, 182, -1
174, 178, -1
168, 184, -1
168, 180, -1
168, 182, -1
168, 178, -1
171, 14, -1
171, 38, -1
163, 14, -1
163, 38, -1
166, 14, -1
166, 38, -1
174, 14, -1
174, 38, -1
168, 14, -1
168, 38, -1
184, 191, -1
184, 201, -1
184, 189, -1
184, 185, -1
184, 207, -1
184, 188, -1
184, 186, -1
180, 191, -1
180, 201, -1
180, 189, -1
180, 185, -1
180, 207, -1
180, 188, -1
180, 186, -1
182, 191, -1
182, 201, -1
182, 189, -1
182, 185, -1
182, 207, -1
182, 188, -1
182, 186, -1
178, 191, -1
178, 201, -1
178, 189, -1
178, 185, -1
178, 207, -1
178, 188, -1
178, 186, -1
184, 107, -1
184, 103, -1
184, 106, -1
184, 110, -1
184, 109, -1
184, 131, -1
184, 70, -1
184, 105, -1
184, 112, -1
180, 107, -1
180, 103, -1
180, 106, -1
180, 110, -1
180, 109, -1
180, 131, -1
180, 70, -1
180, 105, -1
180, 112, -1
182, 107, -1
182, 103, -1
182, 106, -1
182, 110, -1
182, 109, -1
182, 131, -1
182, 70, -1
182, 105, -1
182, 112, -1
178, 107, -1
178, 103, -1
178, 106, -1
178, 110, -1
178, 109, -1
178, 131, -1
178, 70, -1
178, 105, -1
178, 112, -1
184, 171, -1
184, 163, -1
184, 166, -1
184, 174, -1
184, 168, -1
180, 171, -1
180, 163, -1
180, 166, -1
180, 174, -1
180, 168, -1
182, 171, -1
182, 163, -1
182, 166, -1
182, 174, -1
182, 168, -1
178, 171, -1
178, 163, -1
178, 166, -1
178, 174, -1
178, 168, -1
184, 14, -1
184, 38, -1
180, 14, -1
180, 38, -1
182, 14, -1
182, 38, -1
178, 14, -1
178, 38, -1
14, 191, -1
14, 201, -1
14, 189, -1
14, 185, -1
14, 207, -1
14, 188, -1
14, 186, -1
38, 191, -1
38, 201, -1
38, 189, -1
38, 185, -1
38, 207, -1
38, 188, -1
38, 186, -1
14, 107, -1
14, 103, -1
14, 106, -1
14, 110, -1
14, 109, -1
14, 131, -1
14, 70, -1
14, 105, -1
14, 112, -1
38, 107, -1
38, 103, -1
38, 106, -1
38, 110, -1
38, 109, -1
38, 131, -1
38, 70, -1
38, 105, -1
38, 112, -1
14, 171, -1
14, 163, -1
14, 166, -1
14, 174, -1
14, 168, -1
38, 171, -1
38, 163, -1
38, 166, -1
38, 174, -1
38, 168, -1
14, 184, -1
14, 180, -1
14, 182, -1
14, 178, -1
38, 184, -1
38, 180, -1
38, 182, -1
38, 178, -1

191, 201, 1
191, 189, 1
191, 185, 1
191, 207, 1
191, 188, 1
191, 186, 1
201, 191, 1
201, 189, 1
201, 185, 1
201, 207, 1
201, 188, 1
201, 186, 1
189, 191, 1
189, 201, 1
189, 185, 1
189, 207, 1
189, 188, 1
189, 186, 1
185, 191, 1
185, 201, 1
185, 189, 1
185, 207, 1
185, 188, 1
185, 186, 1
207, 191, 1
207, 201, 1
207, 189, 1
207, 185, 1
207, 188, 1
207, 186, 1
188, 191, 1
188, 201, 1
188, 189, 1
188, 185, 1
188, 207, 1
188, 186, 1
186, 191, 1
186, 201, 1
186, 189, 1
186, 185, 1
186, 207, 1
186, 188, 1
107, 103, 1
107, 106, 1
107, 110, 1
107, 109, 1
107, 131, 1
107, 70, 1
107, 105, 1
107, 112, 1
107, 129, 1
103, 107, 1
103, 106, 1
103, 110, 1
103, 109, 1
103, 131, 1
103, 70, 1
103, 105, 1
103, 112, 1
103, 129, 1
106, 107, 1
106, 103, 1
106, 110, 1
106, 109, 1
106, 131, 1
106, 70, 1
106, 105, 1
106, 112, 1
106, 129, 1
110, 107, 1
110, 103, 1
110, 106, 1
110, 109, 1
110, 131, 1
110, 70, 1
110, 105, 1
110, 112, 1
110, 129, 1
109, 107, 1
109, 103, 1
109, 106, 1
109, 110, 1
109, 131, 1
109, 70, 1
109, 105, 1
109, 112, 1
109, 129, 1
131, 107, 1
131, 103, 1
131, 106, 1
131, 110, 1
131, 109, 1
131, 70, 1
131, 105, 1
131, 112, 1
131, 129, 1
70, 107, 1
70, 103, 1
70, 106, 1
70, 110, 1
70, 109, 1
70, 131, 1
70, 105, 1
70, 112, 1
70, 129, 1
105, 107, 1
105, 103, 1
105, 106, 1
105, 110, 1
105, 109, 1
105, 131, 1
105, 70, 1
105, 112, 1
105, 129, 1
112, 107, 1
112, 103, 1
112, 106, 1
112, 110, 1
112, 109, 1
112, 131, 1
112, 70, 1
112, 105, 1
112, 129, 1
129, 107, 1
129, 103, 1
129, 106, 1
129, 110, 1
129, 109, 1
129, 131, 1
129, 70, 1
129, 105, 1
129, 112, 1
171, 163, 1
171, 166, 1
171, 174, 1
171, 168, 1
163, 171, 1
163, 166, 1
163, 174, 1
163, 168, 1
166, 171, 1
166, 163, 1
166, 174, 1
166, 168, 1
174, 171, 1
174, 163, 1
174, 166, 1
174, 168, 1
168, 171, 1
168, 163, 1
168, 166, 1
168, 174, 1
184, 180, 1
184, 182, 1
184, 178, 1
180, 184, 1
180, 182, 1
180, 178, 1
182, 184, 1
182, 180, 1
182, 178, 1
178, 184, 1
178, 180, 1
178, 182, 1
14, 38, 1
38, 14, 1
191, 107, -1
191, 103, -1
191, 106, -1
191, 110, -1
191, 109, -1
191, 131, -1
191, 70, -1
191, 105, -1
191, 112, -1
191, 129, -1
201, 107, -1
201, 103, -1
201, 106, -1
201, 110, -1
201, 109, -1
201, 131, -1
201, 70, -1
201, 105, -1
201, 112, -1
201, 129, -1
189, 107, -1
189, 103, -1
189, 106, -1
189, 110, -1
189, 109, -1
189, 131, -1
189, 70, -1
189, 105, -1
189, 112, -1
189, 129, -1
185, 107, -1
185, 103, -1
185, 106, -1
185, 110, -1
185, 109, -1
185, 131, -1
185, 70, -1
185, 105, -1
185, 112, -1
185, 129, -1
207, 107, -1
207, 103, -1
207, 106, -1
207, 110, -1
207, 109, -1
207, 131, -1
207, 70, -1
207, 105, -1
207, 112, -1
207, 129, -1
188, 107, -1
188, 103, -1
188, 106, -1
188, 110, -1
188, 109, -1
188, 131, -1
188, 70, -1
188, 105, -1
188, 112, -1
188, 129, -1
186, 107, -1
186, 103, -1
186, 106, -1
186, 110, -1
186, 109, -1
186, 131, -1
186, 70, -1
186, 105, -1
186, 112, -1
186, 129, -1
191, 171, -1
191, 163, -1
191, 166, -1
191, 174, -1
191, 168, -1
201, 171, -1
201, 163, -1
201, 166, -1
201, 174, -1
201, 168, -1
189, 171, -1
189, 163, -1
189, 166, -1
189, 174, -1
189, 168, -1
185, 171, -1
185, 163, -1
185, 166, -1
185, 174, -1
185, 168, -1
207, 171, -1
207, 163, -1
207, 166, -1
207, 174, -1
207, 168, -1
188, 171, -1
188, 163, -1
188, 166, -1
188, 174, -1
188, 168, -1
186, 171, -1
186, 163, -1
186, 166, -1
186, 174, -1
186, 168, -1
191, 184, -1
191, 180, -1
191, 182, -1
191, 178, -1
201, 184, -1
201, 180, -1
201, 182, -1
201, 178, -1
189, 184, -1
189, 180, -1
189, 182, -1
189, 178, -1
185, 184, -1
185, 180, -1
185, 182, -1
185, 178, -1
207, 184, -1
207, 180, -1
207, 182, -1
207, 178, -1
188, 184, -1
188, 180, -1
188, 182, -1
188, 178, -1
186, 184, -1
186, 180, -1
186, 182, -1
186, 178, -1
191, 14, -1
191, 38, -1
201, 14, -1
201, 38, -1
189, 14, -1
189, 38, -1
185, 14, -1
185, 38, -1
207, 14, -1
207, 38, -1
188, 14, -1
188, 38, -1
186, 14, -1
186, 38, -1
191, 159, -1
201, 159, -1
189, 159, -1
185, 159, -1
207, 159, -1
188, 159, -1
186, 159, -1
107, 191, -1
107, 201, -1
107, 189, -1
107, 185, -1
107, 207, -1
107, 188, -1
107, 186, -1
103, 191, -1
103, 201, -1
103, 189, -1
103, 185, -1
103, 207, -1
103, 188, -1
103, 186, -1
106, 191, -1
106, 201, -1
106, 189, -1
106, 185, -1
106, 207, -1
106, 188, -1
106, 186, -1
110, 191, -1
110, 201, -1
110, 189, -1
110, 185, -1
110, 207, -1
110, 188, -1
110, 186, -1
109, 191, -1
109, 201, -1
109, 189, -1
109, 185, -1
109, 207, -1
109, 188, -1
109, 186, -1
131, 191, -1
131, 201, -1
131, 189, -1
131, 185, -1
131, 207, -1
131, 188, -1
131, 186, -1
70, 191, -1
70, 201, -1
70, 189, -1
70, 185, -1
70, 207, -1
70, 188, -1
70, 186, -1
105, 191, -1
105, 201, -1
105, 189, -1
105, 185, -1
105, 207, -1
105, 188, -1
105, 186, -1
112, 191, -1
112, 201, -1
112, 189, -1
112, 185, -1
112, 207, -1
112, 188, -1
112, 186, -1
129, 191, -1
129, 201, -1
129, 189, -1
129, 185, -1
129, 207, -1
129, 188, -1
129, 186, -1
107, 171, -1
107, 163, -1
107, 166, -1
107, 174, -1
107, 168, -1
103, 171, -1
103, 163, -1
103, 166, -1
103, 174, -1
103, 168, -1
106, 171, -1
106, 163, -1
106, 166, -1
106, 174, -1
106, 168, -1
110, 171, -1
110, 163, -1
110, 166, -1
110, 174, -1
110, 168, -1
109, 171, -1
109, 163, -1
109, 166, -1
109, 174, -1
109, 168, -1
131, 171, -1
131, 163, -1
131, 166, -1
131, 174, -1
131, 168, -1
70, 171, -1
70, 163, -1
70, 166, -1
70, 174, -1
70, 168, -1
105, 171, -1
105, 163, -1
105, 166, -1
105, 174, -1
105, 168, -1
112, 171, -1
112, 163, -1
112, 166, -1
112, 174, -1
112, 168, -1
129, 171, -1
129, 163, -1
129, 166, -1
129, 174, -1
129, 168, -1
107, 184, -1
107, 180, -1
107, 182, -1
107, 178, -1
103, 184, -1
103, 180, -1
103, 182, -1
103, 178, -1
106, 184, -1
106, 180, -1
106, 182, -1
106, 178, -1
110, 184, -1
110, 180, -1
110, 182, -1
110, 178, -1
109, 184, -1
109, 180, -1
109, 182, -1
109, 178, -1
131, 184, -1
131, 180, -1
131, 182, -1
131, 178, -1
70, 184, -1
70, 180, -1
70, 182, -1
70, 178, -1
105, 184, -1
105, 180, -1
105, 182, -1
105, 178, -1
112, 184, -1
112, 180, -1
112, 182, -1
112, 178, -1
129, 184, -1
129, 180, -1
129, 182, -1
129, 178, -1
107, 14, -1
107, 38, -1
103, 14, -1
103, 38, -1
106, 14, -1
106, 38, -1
110, 14, -1
110, 38, -1
109, 14, -1
109, 38, -1
131, 14, -1
131, 38, -1
70, 14, -1
70, 38, -1
105, 14, -1
105, 38, -1
112, 14, -1
112, 38, -1
129, 14, -1
129, 38, -1
107, 159, -1
103, 159, -1
106, 159, -1
110, 159, -1
109, 159, -1
131, 159, -1
70, 159, -1
105, 159, -1
112, 159, -1
129, 159, -1
171, 191, -1
171, 201, -1
171, 189, -1
171, 185, -1
171, 207, -1
171, 188, -1
171, 186, -1
163, 191, -1
163, 201, -1
163, 189, -1
163, 185, -1
163, 207, -1
163, 188, -1
163, 186, -1
166, 191, -1
166, 201, -1
166, 189, -1
166, 185, -1
166, 207, -1
166, 188, -1
166, 186, -1
174, 191, -1
174, 201, -1
174, 189, -1
174, 185, -1
174, 207, -1
174, 188, -1
174, 186, -1
168, 191, -1
168, 201, -1
168, 189, -1
168, 185, -1
168, 207, -1
168, 188, -1
168, 186, -1
171, 107, -1
171, 103, -1
171, 106, -1
171, 110, -1
171, 109, -1
171, 131, -1
171, 70, -1
171, 105, -1
171, 112, -1
171, 129, -1
163, 107, -1
163, 103, -1
163, 106, -1
163, 110, -1
163, 109, -1
163, 131, -1
163, 70, -1
163, 105, -1
163, 112, -1
163, 129, -1
166, 107, -1
166, 103, -1
166, 106, -1
166, 110, -1
166, 109, -1
166, 131, -1
166, 70, -1
166, 105, -1
166, 112, -1
166, 129, -1
174, 107, -1
174, 103, -1
174, 106, -1
174, 110, -1
174, 109, -1
174, 131, -1
174, 70, -1
174, 105, -1
174, 112, -1
174, 129, -1
168, 107, -1
168, 103, -1
168, 106, -1
168, 110, -1
168, 109, -1
168, 131, -1
168, 70, -1
168, 105, -1
168, 112, -1
168, 129, -1
171, 184, -1
171, 180, -1
171, 182, -1
171, 178, -1
163, 184, -1
163, 180, -1
163, 182, -1
163, 178, -1
166, 184, -1
166, 180, -1
166, 182, -1
166, 178, -1
174, 184, -1
174, 180, -1
174, 182, -1
174, 178, -1
168, 184, -1
168, 180, -1
168, 182, -1
168, 178, -1
171, 14, -1
171, 38, -1
163, 14, -1
163, 38, -1
166, 14, -1
166, 38, -1
174, 14, -1
174, 38, -1
168, 14, -1
168, 38, -1
171, 159, -1
163, 159, -1
166, 159, -1
174, 159, -1
168, 159, -1
184, 191, -1
184, 201, -1
184, 189, -1
184, 185, -1
184, 207, -1
184, 188, -1
184, 186, -1
180, 191, -1
180, 201, -1
180, 189, -1
180, 185, -1
180, 207, -1
180, 188, -1
180, 186, -1
182, 191, -1
182, 201, -1
182, 189, -1
182, 185, -1
182, 207, -1
182, 188, -1
182, 186, -1
178, 191, -1
178, 201, -1
178, 189, -1
178, 185, -1
178, 207, -1
178, 188, -1
178, 186, -1
184, 107, -1
184, 103, -1
184, 106, -1
184, 110, -1
184, 109, -1
184, 131, -1
184, 70, -1
184, 105, -1
184, 112, -1
184, 129, -1
180, 107, -1
180, 103, -1
180, 106, -1
180, 110, -1
180, 109, -1
180, 131, -1
180, 70, -1
180, 105, -1
180, 112, -1
180, 129, -1
182, 107, -1
182, 103, -1
182, 106, -1
182, 110, -1
182, 109, -1
182, 131, -1
182, 70, -1
182, 105, -1
182, 112, -1
182, 129, -1
178, 107, -1
178, 103, -1
178, 106, -1
178, 110, -1
178, 109, -1
178, 131, -1
178, 70, -1
178, 105, -1
178, 112, -1
178, 129, -1
184, 171, -1
184, 163, -1
184, 166, -1
184, 174, -1
184, 168, -1
180, 171, -1
180, 163, -1
180, 166, -1
180, 174, -1
180, 168, -1
182, 171, -1
182, 163, -1
182, 166, -1
182, 174, -1
182, 168, -1
178, 171, -1
178, 163, -1
178, 166, -1
178, 174, -1
178, 168, -1
184, 14, -1
184, 38, -1
180, 14, -1
180, 38, -1
182, 14, -1
182, 38, -1
178, 14, -1
178, 38, -1
184, 159, -1
180, 159, -1
182, 159, -1
178, 159, -1
14, 191, -1
14, 201, -1
14, 189, -1
14, 185, -1
14, 207, -1
14, 188, -1
14, 186, -1
38, 191, -1
38, 201, -1
38, 189, -1
38, 185, -1
38, 207, -1
38, 188, -1
38, 186, -1
14, 107, -1
14, 103, -1
14, 106, -1
14, 110, -1
14, 109, -1
14, 131, -1
14, 70, -1
14, 105, -1
14, 112, -1
14, 129, -1
38, 107, -1
38, 103, -1
38, 106, -1
38, 110, -1
38, 109, -1
38, 131, -1
38, 70, -1
38, 105, -1
38, 112, -1
38, 129, -1
14, 171, -1
14, 163, -1
14, 166, -1
14, 174, -1
14, 168, -1
38, 171, -1
38, 163, -1
38, 166, -1
38, 174, -1
38, 168, -1
14, 184, -1
14, 180, -1
14, 182, -1
14, 178, -1
38, 184, -1
38, 180, -1
38, 182, -1
38, 178, -1
14, 159, -1
38, 159, -1
159, 191, -1
159, 201, -1
159, 189, -1
159, 185, -1
159, 207, -1
159, 188, -1
159, 186, -1
159, 107, -1
159, 103, -1
159, 106, -1
159, 110, -1
159, 109, -1
159, 131, -1
159, 70, -1
159, 105, -1
159, 112, -1
159, 129, -1
159, 171, -1
159, 163, -1
159, 166, -1
159, 174, -1
159, 168, -1
159, 184, -1
159, 180, -1
159, 182, -1
159, 178, -1
159, 14, -1
159, 38, -1

191, 201, 1
191, 189, 1
191, 185, 1
191, 207, 1
191, 188, 1
191, 186, 1
201, 191, 1
201, 189, 1
201, 185, 1
201, 207, 1
201, 188, 1
201, 186, 1
189, 191, 1
189, 201, 1
189, 185, 1
189, 207, 1
189, 188, 1
189, 186, 1
185, 191, 1
185, 201, 1
185, 189, 1
185, 207, 1
185, 188, 1
185, 186, 1
207, 191, 1
207, 201, 1
207, 189, 1
207, 185, 1
207, 188, 1
207, 186, 1
188, 191, 1
188, 201, 1
188, 189, 1
188, 185, 1
188, 207, 1
188, 186, 1
186, 191, 1
186, 201, 1
186, 189, 1
186, 185, 1
186, 207, 1
186, 188, 1
107, 103, 1
107, 106, 1
107, 110, 1
107, 109, 1
107, 131, 1
107, 70, 1
107, 105, 1
107, 112, 1
107, 129, 1
107, 102, 1
103, 107, 1
103, 106, 1
103, 110, 1
103, 109, 1
103, 131, 1
103, 70, 1
103, 105, 1
103, 112, 1
103, 129, 1
103, 102, 1
106, 107, 1
106, 103, 1
106, 110, 1
106, 109, 1
106, 131, 1
106, 70, 1
106, 105, 1
106, 112, 1
106, 129, 1
106, 102, 1
110, 107, 1
110, 103, 1
110, 106, 1
110, 109, 1
110, 131, 1
110, 70, 1
110, 105, 1
110, 112, 1
110, 129, 1
110, 102, 1
109, 107, 1
109, 103, 1
109, 106, 1
109, 110, 1
109, 131, 1
109, 70, 1
109, 105, 1
109, 112, 1
109, 129, 1
109, 102, 1
131, 107, 1
131, 103, 1
131, 106, 1
131, 110, 1
131, 109, 1
131, 70, 1
131, 105, 1
131, 112, 1
131, 129, 1
131, 102, 1
70, 107, 1
70, 103, 1
70, 106, 1
70, 110, 1
70, 109, 1
70, 131, 1
70, 105, 1
70, 112, 1
70, 129, 1
70, 102, 1
105, 107, 1
105, 103, 1
105, 106, 1
105, 110, 1
105, 109, 1
105, 131, 1
105, 70, 1
105, 112, 1
105, 129, 1
105, 102, 1
112, 107, 1
112, 103, 1
112, 106, 1
112, 110, 1
112, 109, 1
112, 131, 1
112, 70, 1
112, 105, 1
112, 129, 1
112, 102, 1
129, 107, 1
129, 103, 1
129, 106, 1
129, 110, 1
129, 109, 1
129, 131, 1
129, 70, 1
129, 105, 1
129, 112, 1
129, 102, 1
102, 107, 1
102, 103, 1
102, 106, 1
102, 110, 1
102, 109, 1
102, 131, 1
102, 70, 1
102, 105, 1
102, 112, 1
102, 129, 1
171, 163, 1
171, 166, 1
171, 174, 1
171, 168, 1
171, 170, 1
171, 175, 1
163, 171, 1
163, 166, 1
163, 174, 1
163, 168, 1
163, 170, 1
163, 175, 1
166, 171, 1
166, 163, 1
166, 174, 1
166, 168, 1
166, 170, 1
166, 175, 1
174, 171, 1
174, 163, 1
174, 166, 1
174, 168, 1
174, 170, 1
174, 175, 1
168, 171, 1
168, 163, 1
168, 166, 1
168, 174, 1
168, 170, 1
168, 175, 1
170, 171, 1
170, 163, 1
170, 166, 1
170, 174, 1
170, 168, 1
170, 175, 1
175, 171, 1
175, 163, 1
175, 166, 1
175, 174, 1
175, 168, 1
175, 170, 1
184, 180, 1
184, 182, 1
184, 178, 1
184, 181, 1
180, 184, 1
180, 182, 1
180, 178, 1
180, 181, 1
182, 184, 1
182, 180, 1
182, 178, 1
182, 181, 1
178, 184, 1
178, 180, 1
178, 182, 1
178, 181, 1
181, 184, 1
181, 180, 1
181, 182, 1
181, 178, 1
14, 38, 1
38, 14, 1
191, 107, -1
191, 103, -1
191, 106, -1
191, 110, -1
191, 109, -1
191, 131, -1
191, 70, -1
191, 105, -1
191, 112, -1
191, 129, -1
191, 102, -1
201, 107, -1
201, 103, -1
201, 106, -1
201, 110, -1
201, 109, -1
201, 131, -1
201, 70, -1
201, 105, -1
201, 112, -1
201, 129, -1
201, 102, -1
189, 107, -1
189, 103, -1
189, 106, -1
189, 110, -1
189, 109, -1
189, 131, -1
189, 70, -1
189, 105, -1
189, 112, -1
189, 129, -1
189, 102, -1
185, 107, -1
185, 103, -1
185, 106, -1
185, 110, -1
185, 109, -1
185, 131, -1
185, 70, -1
185, 105, -1
185, 112, -1
185, 129, -1
185, 102, -1
207, 107, -1
207, 103, -1
207, 106, -1
207, 110, -1
207, 109, -1
207, 131, -1
207, 70, -1
207, 105, -1
207, 112, -1
207, 129, -1
207, 102, -1
188, 107, -1
188, 103, -1
188, 106, -1
188, 110, -1
188, 109, -1
188, 131, -1
188, 70, -1
188, 105, -1
188, 112, -1
188, 129, -1
188, 102, -1
186, 107, -1
186, 103, -1
186, 106, -1
186, 110, -1
186, 109, -1
186, 131, -1
186, 70, -1
186, 105, -1
186, 112, -1
186, 129, -1
186, 102, -1
191, 171, -1
191, 163, -1
191, 166, -1
191, 174, -1
191, 168, -1
191, 170, -1
191, 175, -1
201, 171, -1
201, 163, -1
201, 166, -1
201, 174, -1
201, 168, -1
201, 170, -1
201, 175, -1
189, 171, -1
189, 163, -1
189, 166, -1
189, 174, -1
189, 168, -1
189, 170, -1
189, 175, -1
185, 171, -1
185, 163, -1
185, 166, -1
185, 174, -1
185, 168, -1
185, 170, -1
185, 175, -1
207, 171, -1
207, 163, -1
207, 166, -1
207, 174, -1
207, 168, -1
207, 170, -1
207, 175, -1
188, 171, -1
188, 163, -1
188, 166, -1
188, 174, -1
188, 168, -1
188, 170, -1
188, 175, -1
186, 171, -1
186, 163, -1
186, 166, -1
186, 174, -1
186, 168, -1
186, 170, -1
186, 175, -1
191, 184, -1
191, 180, -1
191, 182, -1
191, 178, -1
191, 181, -1
201, 184, -1
201, 180, -1
201, 182, -1
201, 178, -1
201, 181, -1
189, 184, -1
189, 180, -1
189, 182, -1
189, 178, -1
189, 181, -1
185, 184, -1
185, 180, -1
185, 182, -1
185, 178, -1
185, 181, -1
207, 184, -1
207, 180, -1
207, 182, -1
207, 178, -1
207, 181, -1
188, 184, -1
188, 180, -1
188, 182, -1
188, 178, -1
188, 181, -1
186, 184, -1
186, 180, -1
186, 182, -1
186, 178, -1
186, 181, -1
191, 14, -1
191, 38, -1
201, 14, -1
201, 38, -1
189, 14, -1
189, 38, -1
185, 14, -1
185, 38, -1
207, 14, -1
207, 38, -1
188, 14, -1
188, 38, -1
186, 14, -1
186, 38, -1
191, 159, -1
201, 159, -1
189, 159, -1
185, 159, -1
207, 159, -1
188, 159, -1
186, 159, -1
107, 191, -1
107, 201, -1
107, 189, -1
107, 185, -1
107, 207, -1
107, 188, -1
107, 186, -1
103, 191, -1
103, 201, -1
103, 189, -1
103, 185, -1
103, 207, -1
103, 188, -1
103, 186, -1
106, 191, -1
106, 201, -1
106, 189, -1
106, 185, -1
106, 207, -1
106, 188, -1
106, 186, -1
110, 191, -1
110, 201, -1
110, 189, -1
110, 185, -1
110, 207, -1
110, 188, -1
110, 186, -1
109, 191, -1
109, 201, -1
109, 189, -1
109, 185, -1
109, 207, -1
109, 188, -1
109, 186, -1
131, 191, -1
131, 201, -1
131, 189, -1
131, 185, -1
131, 207, -1
131, 188, -1
131, 186, -1
70, 191, -1
70, 201, -1
70, 189, -1
70, 185, -1
70, 207, -1
70, 188, -1
70, 186, -1
105, 191, -1
105, 201, -1
105, 189, -1
105, 185, -1
105, 207, -1
105, 188, -1
105, 186, -1
112, 191, -1
112, 201, -1
112, 189, -1
112, 185, -1
112, 207, -1
112, 188, -1
112, 186, -1
129, 191, -1
129, 201, -1
129, 189, -1
129, 185, -1
129, 207, -1
129, 188, -1
129, 186, -1
102, 191, -1
102, 201, -1
102, 189, -1
102, 185, -1
102, 207, -1
102, 188, -1
102, 186, -1
107, 171, -1
107, 163, -1
107, 166, -1
107, 174, -1
107, 168, -1
107, 170, -1
107, 175, -1
103, 171, -1
103, 163, -1
103, 166, -1
103, 174, -1
103, 168, -1
103, 170, -1
103, 175, -1
106, 171, -1
106, 163, -1
106, 166, -1
106, 174, -1
106, 168, -1
106, 170, -1
106, 175, -1
110, 171, -1
110, 163, -1
110, 166, -1
110, 174, -1
110, 168, -1
110, 170, -1
110, 175, -1
109, 171, -1
109, 163, -1
109, 166, -1
109, 174, -1
109, 168, -1
109, 170, -1
109, 175, -1
131, 171, -1
131, 163, -1
131, 166, -1
131, 174, -1
131, 168, -1
131, 170, -1
131, 175, -1
70, 171, -1
70, 163, -1
70, 166, -1
70, 174, -1
70, 168, -1
70, 170, -1
70, 175, -1
105, 171, -1
105, 163, -1
105, 166, -1
105, 174, -1
105, 168, -1
105, 170, -1
105, 175, -1
112, 171, -1
112, 163, -1
112, 166, -1
112, 174, -1
112, 168, -1
112, 170, -1
112, 175, -1
129, 171, -1
129, 163, -1
129, 166, -1
129, 174, -1
129, 168, -1
129, 170, -1
129, 175, -1
102, 171, -1
102, 163, -1
102, 166, -1
102, 174, -1
102, 168, -1
102, 170, -1
102, 175, -1
107, 184, -1
107, 180, -1
107, 182, -1
107, 178, -1
107, 181, -1
103, 184, -1
103, 180, -1
103, 182, -1
103, 178, -1
103, 181, -1
106, 184, -1
106, 180, -1
106, 182, -1
106, 178, -1
106, 181, -1
110, 184, -1
110, 180, -1
110, 182, -1
110, 178, -1
110, 181, -1
109, 184, -1
109, 180, -1
109, 182, -1
109, 178, -1
109, 181, -1
131, 184, -1
131, 180, -1
131, 182, -1
131, 178, -1
131, 181, -1
70, 184, -1
70, 180, -1
70, 182, -1
70, 178, -1
70, 181, -1
105, 184, -1
105, 180, -1
105, 182, -1
105, 178, -1
105, 181, -1
112, 184, -1
112, 180, -1
112, 182, -1
112, 178, -1
112, 181, -1
129, 184, -1
129, 180, -1
129, 182, -1
129, 178, -1
129, 181, -1
102, 184, -1
102, 180, -1
102, 182, -1
102, 178, -1
102, 181, -1
107, 14, -1
107, 38, -1
103, 14, -1
103, 38, -1
106, 14, -1
106, 38, -1
110, 14, -1
110, 38, -1
109, 14, -1
109, 38, -1
131, 14, -1
131, 38, -1
70, 14, -1
70, 38, -1
105, 14, -1
105, 38, -1
112, 14, -1
112, 38, -1
129, 14, -1
129, 38, -1
102, 14, -1
102, 38, -1
107, 159, -1
103, 159, -1
106, 159, -1
110, 159, -1
109, 159, -1
131, 159, -1
70, 159, -1
105, 159, -1
112, 159, -1
129, 159, -1
102, 159, -1
171, 191, -1
171, 201, -1
171, 189, -1
171, 185, -1
171, 207, -1
171, 188, -1
171, 186, -1
163, 191, -1
163, 201, -1
163, 189, -1
163, 185, -1
163, 207, -1
163, 188, -1
163, 186, -1
166, 191, -1
166, 201, -1
166, 189, -1
166, 185, -1
166, 207, -1
166, 188, -1
166, 186, -1
174, 191, -1
174, 201, -1
174, 189, -1
174, 185, -1
174, 207, -1
174, 188, -1
174, 186, -1
168, 191, -1
168, 201, -1
168, 189, -1
168, 185, -1
168, 207, -1
168, 188, -1
168, 186, -1
170, 191, -1
170, 201, -1
170, 189, -1
170, 185, -1
170, 207, -1
170, 188, -1
170, 186, -1
175, 191, -1
175, 201, -1
175, 189, -1
175, 185, -1
175, 207, -1
175, 188, -1
175, 186, -1
171, 107, -1
171, 103, -1
171, 106, -1
171, 110, -1
171, 109, -1
171, 131, -1
171, 70, -1
171, 105, -1
171, 112, -1
171, 129, -1
171, 102, -1
163, 107, -1
163, 103, -1
163, 106, -1
163, 110, -1
163, 109, -1
163, 131, -1
163, 70, -1
163, 105, -1
163, 112, -1
163, 129, -1
163, 102, -1
166, 107, -1
166, 103, -1
166, 106, -1
166, 110, -1
166, 109, -1
166, 131, -1
166, 70, -1
166, 105, -1
166, 112, -1
166, 129, -1
166, 102, -1
174, 107, -1
174, 103, -1
174, 106, -1
174, 110, -1
174, 109, -1
174, 131, -1
174, 70, -1
174, 105, -1
174, 112, -1
174, 129, -1
174, 102, -1
168, 107, -1
168, 103, -1
168, 106, -1
168, 110, -1
168, 109, -1
168, 131, -1
168, 70, -1
168, 105, -1
168, 112, -1
168, 129, -1
168, 102, -1
170, 107, -1
170, 103, -1
170, 106, -1
170, 110, -1
170, 109, -1
170, 131, -1
170, 70, -1
170, 105, -1
170, 112, -1
170, 129, -1
170, 102, -1
175, 107, -1
175, 103, -1
175, 106, -1
175, 110, -1
175, 109, -1
175, 131, -1
175, 70, -1
175, 105, -1
175, 112, -1
175, 129, -1
175, 102, -1
171, 184, -1
171, 180, -1
171, 182, -1
171, 178, -1
171, 181, -1
163, 184, -1
163, 180, -1
163, 182, -1
163, 178, -1
163, 181, -1
166, 184, -1
166, 180, -1
166, 182, -1
166, 178, -1
166, 181, -1
174, 184, -1
174, 180, -1
174, 182, -1
174, 178, -1
174, 181, -1
168, 184, -1
168, 180, -1
168, 182, -1
168, 178, -1
168, 181, -1
170, 184, -1
170, 180, -1
170, 182, -1
170, 178, -1
170, 181, -1
175, 184, -1
175, 180, -1
175, 182, -1
175, 178, -1
175, 181, -1
171, 14, -1
171, 38, -1
163, 14, -1
163, 38, -1
166, 14, -1
166, 38, -1
174, 14, -1
174, 38, -1
168, 14, -1
168, 38, -1
170, 14, -1
170, 38, -1
175, 14, -1
175, 38, -1
171, 159, -1
163, 159, -1
166, 159, -1
174, 159, -1
168, 159, -1
170, 159, -1
175, 159, -1
184, 191, -1
184, 201, -1
184, 189, -1
184, 185, -1
184, 207, -1
184, 188, -1
184, 186, -1
180, 191, -1
180, 201, -1
180, 189, -1
180, 185, -1
180, 207, -1
180, 188, -1
180, 186, -1
182, 191, -1
182, 201, -1
182, 189, -1
182, 185, -1
182, 207, -1
182, 188, -1
182, 186, -1
178, 191, -1
178, 201, -1
178, 189, -1
178, 185, -1
178, 207, -1
178, 188, -1
178, 186, -1
181, 191, -1
181, 201, -1
181, 189, -1
181, 185, -1
181, 207, -1
181, 188, -1
181, 186, -1
184, 107, -1
184, 103, -1
184, 106, -1
184, 110, -1
184, 109, -1
184, 131, -1
184, 70, -1
184, 105, -1
184, 112, -1
184, 129, -1
184, 102, -1
180, 107, -1
180, 103, -1
180, 106, -1
180, 110, -1
180, 109, -1
180, 131, -1
180, 70, -1
180, 105, -1
180, 112, -1
180, 129, -1
180, 102, -1
182, 107, -1
182, 103, -1
182, 106, -1
182, 110, -1
182, 109, -1
182, 131, -1
182, 70, -1
182, 105, -1
182, 112, -1
182, 129, -1
182, 102, -1
178, 107, -1
178, 103, -1
178, 106, -1
178, 110, -1
178, 109, -1
178, 131, -1
178, 70, -1
178, 105, -1
178, 112, -1
178, 129, -1
178, 102, -1
181, 107, -1
181, 103, -1
181, 106, -1
181, 110, -1
181, 109, -1
181, 131, -1
181, 70, -1
181, 105, -1
181, 112, -1
181, 129, -1
181, 102, -1
184, 171, -1
184, 163, -1
184, 166, -1
184, 174, -1
184, 168, -1
184, 170, -1
184, 175, -1
180, 171, -1
180, 163, -1
180, 166, -1
180, 174, -1
180, 168, -1
180, 170, -1
180, 175, -1
182, 171, -1
182, 163, -1
182, 166, -1
182, 174, -1
182, 168, -1
182, 170, -1
182, 175, -1
178, 171, -1
178, 163, -1
178, 166, -1
178, 174, -1
178, 168, -1
178, 170, -1
178, 175, -1
181, 171, -1
181, 163, -1
181, 166, -1
181, 174, -1
181, 168, -1
181, 170, -1
181, 175, -1
184, 14, -1
184, 38, -1
180, 14, -1
180, 38, -1
182, 14, -1
182, 38, -1
178, 14, -1
178, 38, -1
181, 14, -1
181, 38, -1
184, 159, -1
180, 159, -1
182, 159, -1
178, 159, -1
181, 159, -1
14, 191, -1
14, 201, -1
14, 189, -1
14, 185, -1
14, 207, -1
14, 188, -1
14, 186, -1
38, 191, -1
38, 201, -1
38, 189, -1
38, 185, -1
38, 207, -1
38, 188, -1
38, 186, -1
14, 107, -1
14, 103, -1
14, 106, -1
14, 110, -1
14, 109, -1
14, 131, -1
14, 70, -1
14, 105, -1
14, 112, -1
14, 129, -1
14, 102, -1
38, 107, -1
38, 103, -1
38, 106, -1
38, 110, -1
38, 109, -1
38, 131, -1
38, 70, -1
38, 105, -1
38, 112, -1
38, 129, -1
38, 102, -1
14, 171, -1
14, 163, -1
14, 166, -1
14, 174, -1
14, 168, -1
14, 170, -1
14, 175, -1
38, 171, -1
38, 163, -1
38, 166, -1
38, 174, -1
38, 168, -1
38, 170, -1
38, 175, -1
14, 184, -1
14, 180, -1
14, 182, -1
14, 178, -1
14, 181, -1
38, 184, -1
38, 180, -1
38, 182, -1
38, 178, -1
38, 181, -1
14, 159, -1
38, 159, -1
159, 191, -1
159, 201, -1
159, 189, -1
159, 185, -1
159, 207, -1
159, 188, -1
159, 186, -1
159, 107, -1
159, 103, -1
159, 106, -1
159, 110, -1
159, 109, -1
159, 131, -1
159, 70, -1
159, 105, -1
159, 112, -1
159, 129, -1
159, 102, -1
159, 171, -1
159, 163, -1
159, 166, -1
159, 174, -1
159, 168, -1
159, 170, -1
159, 175, -1
159, 184, -1
159, 180, -1
159, 182, -1
159, 178, -1
159, 181, -1
159, 14, -1
159, 38, -1

191, 201, 1
191, 189, 1
191, 185, 1
191, 207, 1
191, 188, 1
191, 186, 1
191, 190, 1
201, 191, 1
201, 189, 1
201, 185, 1
201, 207, 1
201, 188, 1
201, 186, 1
201, 190, 1
189, 191, 1
189, 201, 1
189, 185, 1
189, 207, 1
189, 188, 1
189, 186, 1
189, 190, 1
185, 191, 1
185, 201, 1
185, 189, 1
185, 207, 1
185, 188, 1
185, 186, 1
185, 190, 1
207, 191, 1
207, 201, 1
207, 189, 1
207, 185, 1
207, 188, 1
207, 186, 1
207, 190, 1
188, 191, 1
188, 201, 1
188, 189, 1
188, 185, 1
188, 207, 1
188, 186, 1
188, 190, 1
186, 191, 1
186, 201, 1
186, 189, 1
186, 185, 1
186, 207, 1
186, 188, 1
186, 190, 1
190, 191, 1
190, 201, 1
190, 189, 1
190, 185, 1
190, 207, 1
190, 188, 1
190, 186, 1
107, 103, 1
107, 106, 1
107, 110, 1
107, 109, 1
107, 131, 1
107, 70, 1
107, 105, 1
107, 112, 1
107, 129, 1
107, 102, 1
107, 84, 1
103, 107, 1
103, 106, 1
103, 110, 1
103, 109, 1
103, 131, 1
103, 70, 1
103, 105, 1
103, 112, 1
103, 129, 1
103, 102, 1
103, 84, 1
106, 107, 1
106, 103, 1
106, 110, 1
106, 109, 1
106, 131, 1
106, 70, 1
106, 105, 1
106, 112, 1
106, 129, 1
106, 102, 1
106, 84, 1
110, 107, 1
110, 103, 1
110, 106, 1
110, 109, 1
110, 131, 1
110, 70, 1
110, 105, 1
110, 112, 1
110, 129, 1
110, 102, 1
110, 84, 1
109, 107, 1
109, 103, 1
109, 106, 1
109, 110, 1
109, 131, 1
109, 70, 1
109, 105, 1
109, 112, 1
109, 129, 1
109, 102, 1
109, 84, 1
131, 107, 1
131, 103, 1
131, 106, 1
131, 110, 1
131, 109, 1
131, 70, 1
131, 105, 1
131, 112, 1
131, 129, 1
131, 102, 1
131, 84, 1
70, 107, 1
70, 103, 1
70, 106, 1
70, 110, 1
70, 109, 1
70, 131, 1
70, 105, 1
70, 112, 1
70, 129, 1
70, 102, 1
70, 84, 1
105, 107, 1
105, 103, 1
105, 106, 1
105, 110, 1
105, 109, 1
105, 131, 1
105, 70, 1
105, 112, 1
105, 129, 1
105, 102, 1
105, 84, 1
112, 107, 1
112, 103, 1
112, 106, 1
112, 110, 1
112, 109, 1
112, 131, 1
112, 70, 1
112, 105, 1
112, 129, 1
112, 102, 1
112, 84, 1
129, 107, 1
129, 103, 1
129, 106, 1
129, 110, 1
129, 109, 1
129, 131, 1
129, 70, 1
129, 105, 1
129, 112, 1
129, 102, 1
129, 84, 1
102, 107, 1
102, 103, 1
102, 106, 1
102, 110, 1
102, 109, 1
102, 131, 1
102, 70, 1
102, 105, 1
102, 112, 1
102, 129, 1
102, 84, 1
84, 107, 1
84, 103, 1
84, 106, 1
84, 110, 1
84, 109, 1
84, 131, 1
84, 70, 1
84, 105, 1
84, 112, 1
84, 129, 1
84, 102, 1
171, 163, 1
171, 166, 1
171, 174, 1
171, 168, 1
171, 170, 1
171, 175, 1
163, 171, 1
163, 166, 1
163, 174, 1
163, 168, 1
163, 170, 1
163, 175, 1
166, 171, 1
166, 163, 1
166, 174, 1
166, 168, 1
166, 170, 1
166, 175, 1
174, 171, 1
174, 163, 1
174, 166, 1
174, 168, 1
174, 170, 1
174, 175, 1
168, 171, 1
168, 163, 1
168, 166, 1
168, 174, 1
168, 170, 1
168, 175, 1
170, 171, 1
170, 163, 1
170, 166, 1
170, 174, 1
170, 168, 1
170, 175, 1
175, 171, 1
175, 163, 1
175, 166, 1
175, 174, 1
175, 168, 1
175, 170, 1
184, 180, 1
184, 182, 1
184, 178, 1
184, 181, 1
180, 184, 1
180, 182, 1
180, 178, 1
180, 181, 1
182, 184, 1
182, 180, 1
182, 178, 1
182, 181, 1
178, 184, 1
178, 180, 1
178, 182, 1
178, 181, 1
181, 184, 1
181, 180, 1
181, 182, 1
181, 178, 1
14, 38, 1
14, 1, 1
14, 66, 1
38, 14, 1
38, 1, 1
38, 66, 1
1, 14, 1
1, 38, 1
1, 66, 1
66, 14, 1
66, 38, 1
66, 1, 1
159, 152, 1
152, 159, 1
191, 107, -1
191, 103, -1
191, 106, -1
191, 110, -1
191, 109, -1
191, 131, -1
191, 70, -1
191, 105, -1
191, 112, -1
191, 129, -1
191, 102, -1
191, 84, -1
201, 107, -1
201, 103, -1
201, 106, -1
201, 110, -1
201, 109, -1
201, 131, -1
201, 70, -1
201, 105, -1
201, 112, -1
201, 129, -1
201, 102, -1
201, 84, -1
189, 107, -1
189, 103, -1
189, 106, -1
189, 110, -1
189, 109, -1
189, 131, -1
189, 70, -1
189, 105, -1
189, 112, -1
189, 129, -1
189, 102, -1
189, 84, -1
185, 107, -1
185, 103, -1
185, 106, -1
185, 110, -1
185, 109, -1
185, 131, -1
185, 70, -1
185, 105, -1
185, 112, -1
185, 129, -1
185, 102, -1
185, 84, -1
207, 107, -1
207, 103, -1
207, 106, -1
207, 110, -1
207, 109, -1
207, 131, -1
207, 70, -1
207, 105, -1
207, 112, -1
207, 129, -1
207, 102, -1
207, 84, -1
188, 107, -1
188, 103, -1
188, 106, -1
188, 110, -1
188, 109, -1
188, 131, -1
188, 70, -1
188, 105, -1
188, 112, -1
188, 129, -1
188, 102, -1
188, 84, -1
186, 107, -1
186, 103, -1
186, 106, -1
186, 110, -1
186, 109, -1
186, 131, -1
186, 70, -1
186, 105, -1
186, 112, -1
186, 129, -1
186, 102, -1
186, 84, -1
190, 107, -1
190, 103, -1
190, 106, -1
190, 110, -1
190, 109, -1
190, 131, -1
190, 70, -1
190, 105, -1
190, 112, -1
190, 129, -1
190, 102, -1
190, 84, -1
191, 171, -1
191, 163, -1
191, 166, -1
191, 174, -1
191, 168, -1
191, 170, -1
191, 175, -1
201, 171, -1
201, 163, -1
201, 166, -1
201, 174, -1
201, 168, -1
201, 170, -1
201, 175, -1
189, 171, -1
189, 163, -1
189, 166, -1
189, 174, -1
189, 168, -1
189, 170, -1
189, 175, -1
185, 171, -1
185, 163, -1
185, 166, -1
185, 174, -1
185, 168, -1
185, 170, -1
185, 175, -1
207, 171, -1
207, 163, -1
207, 166, -1
207, 174, -1
207, 168, -1
207, 170, -1
207, 175, -1
188, 171, -1
188, 163, -1
188, 166, -1
188, 174, -1
188, 168, -1
188, 170, -1
188, 175, -1
186, 171, -1
186, 163, -1
186, 166, -1
186, 174, -1
186, 168, -1
186, 170, -1
186, 175, -1
190, 171, -1
190, 163, -1
190, 166, -1
190, 174, -1
190, 168, -1
190, 170, -1
190, 175, -1
191, 184, -1
191, 180, -1
191, 182, -1
191, 178, -1
191, 181, -1
201, 184, -1
201, 180, -1
201, 182, -1
201, 178, -1
201, 181, -1
189, 184, -1
189, 180, -1
189, 182, -1
189, 178, -1
189, 181, -1
185, 184, -1
185, 180, -1
185, 182, -1
185, 178, -1
185, 181, -1
207, 184, -1
207, 180, -1
207, 182, -1
207, 178, -1
207, 181, -1
188, 184, -1
188, 180, -1
188, 182, -1
188, 178, -1
188, 181, -1
186, 184, -1
186, 180, -1
186, 182, -1
186, 178, -1
186, 181, -1
190, 184, -1
190, 180, -1
190, 182, -1
190, 178, -1
190, 181, -1
191, 14, -1
191, 38, -1
191, 1, -1
191, 66, -1
201, 14, -1
201, 38, -1
201, 1, -1
201, 66, -1
189, 14, -1
189, 38, -1
189, 1, -1
189, 66, -1
185, 14, -1
185, 38, -1
185, 1, -1
185, 66, -1
207, 14, -1
207, 38, -1
207, 1, -1
207, 66, -1
188, 14, -1
188, 38, -1
188, 1, -1
188, 66, -1
186, 14, -1
186, 38, -1
186, 1, -1
186, 66, -1
190, 14, -1
190, 38, -1
190, 1, -1
190, 66, -1
191, 159, -1
191, 152, -1
201, 159, -1
201, 152, -1
189, 159, -1
189, 152, -1
185, 159, -1
185, 152, -1
207, 159, -1
207, 152, -1
188, 159, -1
188, 152, -1
186, 159, -1
186, 152, -1
190, 159, -1
190, 152, -1
107, 191, -1
107, 201, -1
107, 189, -1
107, 185, -1
107, 207, -1
107, 188, -1
107, 186, -1
107, 190, -1
103, 191, -1
103, 201, -1
103, 189, -1
103, 185, -1
103, 207, -1
103, 188, -1
103, 186, -1
103, 190, -1
106, 191, -1
106, 201, -1
106, 189, -1
106, 185, -1
106, 207, -1
106, 188, -1
106, 186, -1
106, 190, -1
110, 191, -1
110, 201, -1
110, 189, -1
110, 185, -1
110, 207, -1
110, 188, -1
110, 186, -1
110, 190, -1
109, 191, -1
109, 201, -1
109, 189, -1
109, 185, -1
109, 207, -1
109, 188, -1
109, 186, -1
109, 190, -1
131, 191, -1
131, 201, -1
131, 189, -1
131, 185, -1
131, 207, -1
131, 188, -1
131, 186, -1
131, 190, -1
70, 191, -1
70, 201, -1
70, 189, -1
70, 185, -1
70, 207, -1
70, 188, -1
70, 186, -1
70, 190, -1
105, 191, -1
105, 201, -1
105, 189, -1
105, 185, -1
105, 207, -1
105, 188, -1
105, 186, -1
105, 190, -1
112, 191, -1
112, 201, -1
112, 189, -1
112, 185, -1
112, 207, -1
112, 188, -1
112, 186, -1
112, 190, -1
129, 191, -1
129, 201, -1
129, 189, -1
129, 185, -1
129, 207, -1
129, 188, -1
129, 186, -1
129, 190, -1
102, 191, -1
102, 201, -1
102, 189, -1
102, 185, -1
102, 207, -1
102, 188, -1
102, 186, -1
102, 190, -1
84, 191, -1
84, 201, -1
84, 189, -1
84, 185, -1
84, 207, -1
84, 188, -1
84, 186, -1
84, 190, -1
107, 171, -1
107, 163, -1
107, 166, -1
107, 174, -1
107, 168, -1
107, 170, -1
107, 175, -1
103, 171, -1
103, 163, -1
103, 166, -1
103, 174, -1
103, 168, -1
103, 170, -1
103, 175, -1
106, 171, -1
106, 163, -1
106, 166, -1
106, 174, -1
106, 168, -1
106, 170, -1
106, 175, -1
110, 171, -1
110, 163, -1
110, 166, -1
110, 174, -1
110, 168, -1
110, 170, -1
110, 175, -1
109, 171, -1
109, 163, -1
109, 166, -1
109, 174, -1
109, 168, -1
109, 170, -1
109, 175, -1
131, 171, -1
131, 163, -1
131, 166, -1
131, 174, -1
131, 168, -1
131, 170, -1
131, 175, -1
70, 171, -1
70, 163, -1
70, 166, -1
70, 174, -1
70, 168, -1
70, 170, -1
70, 175, -1
105, 171, -1
105, 163, -1
105, 166, -1
105, 174, -1
105, 168, -1
105, 170, -1
105, 175, -1
112, 171, -1
112, 163, -1
112, 166, -1
112, 174, -1
112, 168, -1
112, 170, -1
112, 175, -1
129, 171, -1
129, 163, -1
129, 166, -1
129, 174, -1
129, 168, -1
129, 170, -1
129, 175, -1
102, 171, -1
102, 163, -1
102, 166, -1
102, 174, -1
102, 168, -1
102, 170, -1
102, 175, -1
84, 171, -1
84, 163, -1
84, 166, -1
84, 174, -1
84, 168, -1
84, 170, -1
84, 175, -1
107, 184, -1
107, 180, -1
107, 182, -1
107, 178, -1
107, 181, -1
103, 184, -1
103, 180, -1
103, 182, -1
103, 178, -1
103, 181, -1
106, 184, -1
106, 180, -1
106, 182, -1
106, 178, -1
106, 181, -1
110, 184, -1
110, 180, -1
110, 182, -1
110, 178, -1
110, 181, -1
109, 184, -1
109, 180, -1
109, 182, -1
109, 178, -1
109, 181, -1
131, 184, -1
131, 180, -1
131, 182, -1
131, 178, -1
131, 181, -1
70, 184, -1
70, 180, -1
70, 182, -1
70, 178, -1
70, 181, -1
105, 184, -1
105, 180, -1
105, 182, -1
105, 178, -1
105, 181, -1
112, 184, -1
112, 180, -1
112, 182, -1
112, 178, -1
112, 181, -1
129, 184, -1
129, 180, -1
129, 182, -1
129, 178, -1
129, 181, -1
102, 184, -1
102, 180, -1
102, 182, -1
102, 178, -1
102, 181, -1
84, 184, -1
84, 180, -1
84, 182, -1
84, 178, -1
84, 181, -1
107, 14, -1
107, 38, -1
107, 1, -1
107, 66, -1
103, 14, -1
103, 38, -1
103, 1, -1
103, 66, -1
106, 14, -1
106, 38, -1
106, 1, -1
106, 66, -1
110, 14, -1
110, 38, -1
110, 1, -1
110, 66, -1
109, 14, -1
109, 38, -1
109, 1, -1
109, 66, -1
131, 14, -1
131, 38, -1
131, 1, -1
131, 66, -1
70, 14, -1
70, 38, -1
70, 1, -1
70, 66, -1
105, 14, -1
105, 38, -1
105, 1, -1
105, 66, -1
112, 14, -1
112, 38, -1
112, 1, -1
112, 66, -1
129, 14, -1
129, 38, -1
129, 1, -1
129, 66, -1
102, 14, -1
102, 38, -1
102, 1, -1
102, 66, -1
84, 14, -1
84, 38, -1
84, 1, -1
84, 66, -1
107, 159, -1
107, 152, -1
103, 159, -1
103, 152, -1
106, 159, -1
106, 152, -1
110, 159, -1
110, 152, -1
109, 159, -1
109, 152, -1
131, 159, -1
131, 152, -1
70, 159, -1
70, 152, -1
105, 159, -1
105, 152, -1
112, 159, -1
112, 152, -1
129, 159, -1
129, 152, -1
102, 159, -1
102, 152, -1
84, 159, -1
84, 152, -1
171, 191, -1
171, 201, -1
171, 189, -1
171, 185, -1
171, 207, -1
171, 188, -1
171, 186, -1
171, 190, -1
163, 191, -1
163, 201, -1
163, 189, -1
163, 185, -1
163, 207, -1
163, 188, -1
163, 186, -1
163, 190, -1
166, 191, -1
166, 201, -1
166, 189, -1
166, 185, -1
166, 207, -1
166, 188, -1
166, 186, -1
166, 190, -1
174, 191, -1
174, 201, -1
174, 189, -1
174, 185, -1
174, 207, -1
174, 188, -1
174, 186, -1
174, 190, -1
168, 191, -1
168, 201, -1
168, 189, -1
168, 185, -1
168, 207, -1
168, 188, -1
168, 186, -1
168, 190, -1
170, 191, -1
170, 201, -1
170, 189, -1
170, 185, -1
170, 207, -1
170, 188, -1
170, 186, -1
170, 190, -1
175, 191, -1
175, 201, -1
175, 189, -1
175, 185, -1
175, 207, -1
175, 188, -1
175, 186, -1
175, 190, -1
171, 107, -1
171, 103, -1
171, 106, -1
171, 110, -1
171, 109, -1
171, 131, -1
171, 70, -1
171, 105, -1
171, 112, -1
171, 129, -1
171, 102, -1
171, 84, -1
163, 107, -1
163, 103, -1
163, 106, -1
163, 110, -1
163, 109, -1
163, 131, -1
163, 70, -1
163, 105, -1
163, 112, -1
163, 129, -1
163, 102, -1
163, 84, -1
166, 107, -1
166, 103, -1
166, 106, -1
166, 110, -1
166, 109, -1
166, 131, -1
166, 70, -1
166, 105, -1
166, 112, -1
166, 129, -1
166, 102, -1
166, 84, -1
174, 107, -1
174, 103, -1
174, 106, -1
174, 110, -1
174, 109, -1
174, 131, -1
174, 70, -1
174, 105, -1
174, 112, -1
174, 129, -1
174, 102, -1
174, 84, -1
168, 107, -1
168, 103, -1
168, 106, -1
168, 110, -1
168, 109, -1
168, 131, -1
168, 70, -1
168, 105, -1
168, 112, -1
168, 129, -1
168, 102, -1
168, 84, -1
170, 107, -1
170, 103, -1
170, 106, -1
170, 110, -1
170, 109, -1
170, 131, -1
170, 70, -1
170, 105, -1
170, 112, -1
170, 129, -1
170, 102, -1
170, 84, -1
175, 107, -1
175, 103, -1
175, 106, -1
175, 110, -1
175, 109, -1
175, 131, -1
175, 70, -1
175, 105, -1
175, 112, -1
175, 129, -1
175, 102, -1
175, 84, -1
171, 184, -1
171, 180, -1
171, 182, -1
171, 178, -1
171, 181, -1
163, 184, -1
163, 180, -1
163, 182, -1
163, 178, -1
163, 181, -1
166, 184, -1
166, 180, -1
166, 182, -1
166, 178, -1
166, 181, -1
174, 184, -1
174, 180, -1
174, 182, -1
174, 178, -1
174, 181, -1
168, 184, -1
168, 180, -1
168, 182, -1
168, 178, -1
168, 181, -1
170, 184, -1
170, 180, -1
170, 182, -1
170, 178, -1
170, 181, -1
175, 184, -1
175, 180, -1
175, 182, -1
175, 178, -1
175, 181, -1
171, 14, -1
171, 38, -1
171, 1, -1
171, 66, -1
163, 14, -1
163, 38, -1
163, 1, -1
163, 66, -1
166, 14, -1
166, 38, -1
166, 1, -1
166, 66, -1
174, 14, -1
174, 38, -1
174, 1, -1
174, 66, -1
168, 14, -1
168, 38, -1
168, 1, -1
168, 66, -1
170, 14, -1
170, 38, -1
170, 1, -1
170, 66, -1
175, 14, -1
175, 38, -1
175, 1, -1
175, 66, -1
171, 159, -1
171, 152, -1
163, 159, -1
163, 152, -1
166, 159, -1
166, 152, -1
174, 159, -1
174, 152, -1
168, 159, -1
168, 152, -1
170, 159, -1
170, 152, -1
175, 159, -1
175, 152, -1
184, 191, -1
184, 201, -1
184, 189, -1
184, 185, -1
184, 207, -1
184, 188, -1
184, 186, -1
184, 190, -1
180, 191, -1
180, 201, -1
180, 189, -1
180, 185, -1
180, 207, -1
180, 188, -1
180, 186, -1
180, 190, -1
182, 191, -1
182, 201, -1
182, 189, -1
182, 185, -1
182, 207, -1
182, 188, -1
182, 186, -1
182, 190, -1
178, 191, -1
178, 201, -1
178, 189, -1
178, 185, -1
178, 207, -1
178, 188, -1
178, 186, -1
178, 190, -1
181, 191, -1
181, 201, -1
181, 189, -1
181, 185, -1
181, 207, -1
181, 188, -1
181, 186, -1
181, 190, -1
184, 107, -1
184, 103, -1
184, 106, -1
184, 110, -1
184, 109, -1
184, 131, -1
184, 70, -1
184, 105, -1
184, 112, -1
184, 129, -1
184, 102, -1
184, 84, -1
180, 107, -1
180, 103, -1
180, 106, -1
180, 110, -1
180, 109, -1
180, 131, -1
180, 70, -1
180, 105, -1
180, 112, -1
180, 129, -1
180, 102, -1
180, 84, -1
182, 107, -1
182, 103, -1
182, 106, -1
182, 110, -1
182, 109, -1
182, 131, -1
182, 70, -1
182, 105, -1
182, 112, -1
182, 129, -1
182, 102, -1
182, 84, -1
178, 107, -1
178, 103, -1
178, 106, -1
178, 110, -1
178, 109, -1
178, 131, -1
178, 70, -1
178, 105, -1
178, 112, -1
178, 129, -1
178, 102, -1
178, 84, -1
181, 107, -1
181, 103, -1
181, 106, -1
181, 110, -1
181, 109, -1
181, 131, -1
181, 70, -1
181, 105, -1
181, 112, -1
181, 129, -1
181, 102, -1
181, 84, -1
184, 171, -1
184, 163, -1
184, 166, -1
184, 174, -1
184, 168, -1
184, 170, -1
184, 175, -1
180, 171, -1
180, 163, -1
180, 166, -1
180, 174, -1
180, 168, -1
180, 170, -1
180, 175, -1
182, 171, -1
182, 163, -1
182, 166, -1
182, 174, -1
182, 168, -1
182, 170, -1
182, 175, -1
178, 171, -1
178, 163, -1
178, 166, -1
178, 174, -1
178, 168, -1
178, 170, -1
178, 175, -1
181, 171, -1
181, 163, -1
181, 166, -1
181, 174, -1
181, 168, -1
181, 170, -1
181, 175, -1
184, 14, -1
184, 38, -1
184, 1, -1
184, 66, -1
180, 14, -1
180, 38, -1
180, 1, -1
180, 66, -1
182, 14, -1
182, 38, -1
182, 1, -1
182, 66, -1
178, 14, -1
178, 38, -1
178, 1, -1
178, 66, -1
181, 14, -1
181, 38, -1
181, 1, -1
181, 66, -1
184, 159, -1
184, 152, -1
180, 159, -1
180, 152, -1
182, 159, -1
182, 152, -1
178, 159, -1
178, 152, -1
181, 159, -1
181, 152, -1
14, 191, -1
14, 201, -1
14, 189, -1
14, 185, -1
14, 207, -1
14, 188, -1
14, 186, -1
14, 190, -1
38, 191, -1
38, 201, -1
38, 189, -1
38, 185, -1
38, 207, -1
38, 188, -1
38, 186, -1
38, 190, -1
1, 191, -1
1, 201, -1
1, 189, -1
1, 185, -1
1, 207, -1
1, 188, -1
1, 186, -1
1, 190, -1
66, 191, -1
66, 201, -1
66, 189, -1
66, 185, -1
66, 207, -1
66, 188, -1
66, 186, -1
66, 190, -1
14, 107, -1
14, 103, -1
14, 106, -1
14, 110, -1
14, 109, -1
14, 131, -1
14, 70, -1
14, 105, -1
14, 112, -1
14, 129, -1
14, 102, -1
14, 84, -1
38, 107, -1
38, 103, -1
38, 106, -1
38, 110, -1
38, 109, -1
38, 131, -1
38, 70, -1
38, 105, -1
38, 112, -1
38, 129, -1
38, 102, -1
38, 84, -1
1, 107, -1
1, 103, -1
1, 106, -1
1, 110, -1
1, 109, -1
1, 131, -1
1, 70, -1
1, 105, -1
1, 112, -1
1, 129, -1
1, 102, -1
1, 84, -1
66, 107, -1
66, 103, -1
66, 106, -1
66, 110, -1
66, 109, -1
66, 131, -1
66, 70, -1
66, 105, -1
66, 112, -1
66, 129, -1
66, 102, -1
66, 84, -1
14, 171, -1
14, 163, -1
14, 166, -1
14, 174, -1
14, 168, -1
14, 170, -1
14, 175, -1
38, 171, -1
38, 163, -1
38, 166, -1
38, 174, -1
38, 168, -1
38, 170, -1
38, 175, -1
1, 171, -1
1, 163, -1
1, 166, -1
1, 174, -1
1, 168, -1
1, 170, -1
1, 175, -1
66, 171, -1
66, 163, -1
66, 166, -1
66, 174, -1
66, 168, -1
66, 170, -1
66, 175, -1
14, 184, -1
14, 180, -1
14, 182, -1
14, 178, -1
14, 181, -1
38, 184, -1
38, 180, -1
38, 182, -1
38, 178, -1
38, 181, -1
1, 184, -1
1, 180, -1
1, 182, -1
1, 178, -1
1, 181, -1
66, 184, -1
66, 180, -1
66, 182, -1
66, 178, -1
66, 181, -1
14, 159, -1
14, 152, -1
38, 159, -1
38, 152, -1
1, 159, -1
1, 152, -1
66, 159, -1
66, 152, -1
159, 191, -1
159, 201, -1
159, 189, -1
159, 185, -1
159, 207, -1
159, 188, -1
159, 186, -1
159, 190, -1
152, 191, -1
152, 201, -1
152, 189, -1
152, 185, -1
152, 207, -1
152, 188, -1
152, 186, -1
152, 190, -1
159, 107, -1
159, 103, -1
159, 106, -1
159, 110, -1
159, 109, -1
159, 131, -1
159, 70, -1
159, 105, -1
159, 112, -1
159, 129, -1
159, 102, -1
159, 84, -1
152, 107, -1
152, 103, -1
152, 106, -1
152, 110, -1
152, 109, -1
152, 131, -1
152, 70, -1
152, 105, -1
152, 112, -1
152, 129, -1
152, 102, -1
152, 84, -1
159, 171, -1
159, 163, -1
159, 166, -1
159, 174, -1
159, 168, -1
159, 170, -1
159, 175, -1
152, 171, -1
152, 163, -1
152, 166, -1
152, 174, -1
152, 168, -1
152, 170, -1
152, 175, -1
159, 184, -1
159, 180, -1
159, 182, -1
159, 178, -1
159, 181, -1
152, 184, -1
152, 180, -1
152, 182, -1
152, 178, -1
152, 181, -1
159, 14, -1
159, 38, -1
159, 1, -1
159, 66, -1
152, 14, -1
152, 38, -1
152, 1, -1
152, 66, -1

