141, 126, 1
77, 92, 1
147, 126, 1
147, 141, 1
110, 126, 1
110, 141, 1
110, 147, 1
129, 126, 1
129, 141, 1
129, 147, 1
129, 110, 1
125, 126, 1
125, 141, 1
125, 147, 1
125, 110, 1
125, 129, 1
92, 126, -1
141, 92, -1
77, 126, -1
77, 141, -1
147, 92, -1
147, 77, -1
110, 92, -1
110, 77, -1
129, 92, -1
129, 77, -1
0, 126, -1
0, 141, -1
0, 147, -1
0, 110, -1
0, 129, -1
0, 92, -1
0, 77, -1
125, 92, -1
125, 77, -1
125, 0, -1

114, 126, 1
114, 141, 1
114, 147, 1
114, 110, 1
114, 129, 1
114, 125, 1
114, 145, 1
116, 126, 1
116, 141, 1
116, 147, 1
116, 110, 1
116, 129, 1
116, 125, 1
116, 145, 1
116, 114, 1
52, 92, 1
52, 77, 1
52, 71, 1
114, 92, -1
114, 77, -1
114, 71, -1
114, 0, -1
116, 92, -1
116, 77, -1
116, 71, -1
116, 0, -1
52, 126, -1
52, 141, -1
52, 147, -1
52, 110, -1
52, 129, -1
52, 125, -1
52, 145, -1
52, 114, -1
52, 116, -1
52, 0, -1

97, 92, 1
97, 77, 1
97, 71, 1
97, 52, 1
97, 97, 1
121, 126, 1
121, 141, 1
121, 147, 1
121, 110, 1
121, 129, 1
121, 125, 1
121, 145, 1
121, 114, 1
121, 116, 1
121, 137, 1
137, 126, 1
137, 141, 1
137, 147, 1
137, 110, 1
137, 129, 1
137, 125, 1
137, 145, 1
137, 114, 1
137, 116, 1
137, 137, 1
137, 121, 1
97, 126, -1
97, 141, -1
97, 147, -1
97, 110, -1
97, 129, -1
97, 125, -1
97, 145, -1
97, 114, -1
97, 116, -1
97, 137, -1
97, 0, -1
121, 92, -1
121, 77, -1
121, 71, -1
121, 52, -1
121, 97, -1
121, 97, -1
121, 0, -1
137, 92, -1
137, 77, -1
137, 71, -1
137, 52, -1
137, 97, -1
137, 97, -1
137, 0, -1

104, 126, 1
104, 141, 1
104, 147, 1
104, 110, 1
104, 129, 1
104, 125, 1
104, 145, 1
104, 114, 1
104, 116, 1
104, 137, 1
104, 121, 1
104, 137, 1
104, 103, 1
134, 126, 1
134, 141, 1
134, 147, 1
134, 110, 1
134, 129, 1
134, 125, 1
134, 145, 1
134, 114, 1
134, 116, 1
134, 137, 1
134, 121, 1
134, 137, 1
134, 103, 1
134, 104, 1
54, 92, 1
54, 77, 1
54, 71, 1
54, 52, 1
54, 97, 1
54, 97, 1
54, 74, 1
104, 92, -1
104, 77, -1
104, 71, -1
104, 52, -1
104, 97, -1
104, 97, -1
104, 74, -1
104, 0, -1
134, 92, -1
134, 77, -1
134, 71, -1
134, 52, -1
134, 97, -1
134, 97, -1
134, 74, -1
134, 0, -1
54, 126, -1
54, 141, -1
54, 147, -1
54, 110, -1
54, 129, -1
54, 125, -1
54, 145, -1
54, 114, -1
54, 116, -1
54, 137, -1
54, 121, -1
54, 137, -1
54, 103, -1
54, 104, -1
54, 134, -1
54, 0, -1

33, 0, 1
106, 126, 1
106, 141, 1
106, 147, 1
106, 110, 1
106, 129, 1
106, 125, 1
106, 145, 1
106, 114, 1
106, 116, 1
106, 137, 1
106, 121, 1
106, 137, 1
106, 103, 1
106, 104, 1
106, 134, 1
106, 132, 1
76, 92, 1
76, 77, 1
76, 71, 1
76, 52, 1
76, 97, 1
76, 97, 1
76, 74, 1
76, 54, 1
76, 58, 1
33, 126, -1
33, 141, -1
33, 147, -1
33, 110, -1
33, 129, -1
33, 125, -1
33, 145, -1
33, 114, -1
33, 116, -1
33, 137, -1
33, 121, -1
33, 137, -1
33, 103, -1
33, 104, -1
33, 134, -1
33, 132, -1
33, 92, -1
33, 77, -1
33, 71, -1
33, 52, -1
33, 97, -1
33, 97, -1
33, 74, -1
33, 54, -1
33, 58, -1
106, 92, -1
106, 77, -1
106, 71, -1
106, 52, -1
106, 97, -1
106, 97, -1
106, 74, -1
106, 54, -1
106, 58, -1
106, 0, -1
106, 33, -1
76, 126, -1
76, 141, -1
76, 147, -1
76, 110, -1
76, 129, -1
76, 125, -1
76, 145, -1
76, 114, -1
76, 116, -1
76, 137, -1
76, 121, -1
76, 137, -1
76, 103, -1
76, 104, -1
76, 134, -1
76, 132, -1
76, 106, -1
76, 0, -1
76, 33, -1

1, 0, 1
1, 33, 1
75, 92, 1
75, 77, 1
75, 71, 1
75, 52, 1
75, 97, 1
75, 97, 1
75, 74, 1
75, 54, 1
75, 58, 1
75, 76, 1
75, 75, 1
56, 92, 1
56, 77, 1
56, 71, 1
56, 52, 1
56, 97, 1
56, 97, 1
56, 74, 1
56, 54, 1
56, 58, 1
56, 76, 1
56, 75, 1
56, 75, 1
1, 126, -1
1, 141, -1
1, 147, -1
1, 110, -1
1, 129, -1
1, 125, -1
1, 145, -1
1, 114, -1
1, 116, -1
1, 137, -1
1, 121, -1
1, 137, -1
1, 103, -1
1, 104, -1
1, 134, -1
1, 132, -1
1, 106, -1
1, 128, -1
1, 92, -1
1, 77, -1
1, 71, -1
1, 52, -1
1, 97, -1
1, 97, -1
1, 74, -1
1, 54, -1
1, 58, -1
1, 76, -1
1, 75, -1
75, 126, -1
75, 141, -1
75, 147, -1
75, 110, -1
75, 129, -1
75, 125, -1
75, 145, -1
75, 114, -1
75, 116, -1
75, 137, -1
75, 121, -1
75, 137, -1
75, 103, -1
75, 104, -1
75, 134, -1
75, 132, -1
75, 106, -1
75, 128, -1
75, 0, -1
75, 33, -1
75, 1, -1
56, 126, -1
56, 141, -1
56, 147, -1
56, 110, -1
56, 129, -1
56, 125, -1
56, 145, -1
56, 114, -1
56, 116, -1
56, 137, -1
56, 121, -1
56, 137, -1
56, 103, -1
56, 104, -1
56, 134, -1
56, 132, -1
56, 106, -1
56, 128, -1
56, 0, -1
56, 33, -1
56, 1, -1

51, 92, 1
51, 77, 1
51, 71, 1
51, 52, 1
51, 97, 1
51, 97, 1
51, 74, 1
51, 54, 1
51, 58, 1
51, 76, 1
51, 75, 1
51, 75, 1
51, 56, 1
51, 65, 1
127, 126, 1
127, 141, 1
127, 147, 1
127, 110, 1
127, 129, 1
127, 125, 1
127, 145, 1
127, 114, 1
127, 116, 1
127, 137, 1
127, 121, 1
127, 137, 1
127, 103, 1
127, 104, 1
127, 134, 1
127, 132, 1
127, 106, 1
127, 128, 1
127, 111, 1
111, 126, 1
111, 141, 1
111, 147, 1
111, 110, 1
111, 129, 1
111, 125, 1
111, 145, 1
111, 114, 1
111, 116, 1
111, 137, 1
111, 121, 1
111, 137, 1
111, 103, 1
111, 104, 1
111, 134, 1
111, 132, 1
111, 106, 1
111, 128, 1
111, 111, 1
111, 127, 1
51, 126, -1
51, 141, -1
51, 147, -1
51, 110, -1
51, 129, -1
51, 125, -1
51, 145, -1
51, 114, -1
51, 116, -1
51, 137, -1
51, 121, -1
51, 137, -1
51, 103, -1
51, 104, -1
51, 134, -1
51, 132, -1
51, 106, -1
51, 128, -1
51, 111, -1
51, 0, -1
51, 33, -1
51, 1, -1
127, 92, -1
127, 77, -1
127, 71, -1
127, 52, -1
127, 97, -1
127, 97, -1
127, 74, -1
127, 54, -1
127, 58, -1
127, 76, -1
127, 75, -1
127, 75, -1
127, 56, -1
127, 65, -1
127, 51, -1
127, 0, -1
127, 33, -1
127, 1, -1
111, 92, -1
111, 77, -1
111, 71, -1
111, 52, -1
111, 97, -1
111, 97, -1
111, 74, -1
111, 54, -1
111, 58, -1
111, 76, -1
111, 75, -1
111, 75, -1
111, 56, -1
111, 65, -1
111, 51, -1
111, 0, -1
111, 33, -1
111, 1, -1

120, 126, 1
120, 141, 1
120, 147, 1
120, 110, 1
120, 129, 1
120, 125, 1
120, 145, 1
120, 114, 1
120, 116, 1
120, 137, 1
120, 121, 1
120, 137, 1
120, 103, 1
120, 104, 1
120, 134, 1
120, 132, 1
120, 106, 1
120, 128, 1
120, 111, 1
120, 127, 1
120, 111, 1
120, 139, 1
91, 92, 1
91, 77, 1
91, 71, 1
91, 52, 1
91, 97, 1
91, 97, 1
91, 74, 1
91, 54, 1
91, 58, 1
91, 76, 1
91, 75, 1
91, 75, 1
91, 56, 1
91, 65, 1
91, 51, 1
91, 86, 1
142, 126, 1
142, 141, 1
142, 147, 1
142, 110, 1
142, 129, 1
142, 125, 1
142, 145, 1
142, 114, 1
142, 116, 1
142, 137, 1
142, 121, 1
142, 137, 1
142, 103, 1
142, 104, 1
142, 134, 1
142, 132, 1
142, 106, 1
142, 128, 1
142, 111, 1
142, 127, 1
142, 111, 1
142, 139, 1
142, 120, 1
120, 92, -1
120, 77, -1
120, 71, -1
120, 52, -1
120, 97, -1
120, 97, -1
120, 74, -1
120, 54, -1
120, 58, -1
120, 76, -1
120, 75, -1
120, 75, -1
120, 56, -1
120, 65, -1
120, 51, -1
120, 86, -1
120, 0, -1
120, 33, -1
120, 1, -1
91, 126, -1
91, 141, -1
91, 147, -1
91, 110, -1
91, 129, -1
91, 125, -1
91, 145, -1
91, 114, -1
91, 116, -1
91, 137, -1
91, 121, -1
91, 137, -1
91, 103, -1
91, 104, -1
91, 134, -1
91, 132, -1
91, 106, -1
91, 128, -1
91, 111, -1
91, 127, -1
91, 111, -1
91, 139, -1
91, 120, -1
91, 0, -1
91, 33, -1
91, 1, -1
142, 92, -1
142, 77, -1
142, 71, -1
142, 52, -1
142, 97, -1
142, 97, -1
142, 74, -1
142, 54, -1
142, 58, -1
142, 76, -1
142, 75, -1
142, 75, -1
142, 56, -1
142, 65, -1
142, 51, -1
142, 86, -1
142, 91, -1
142, 0, -1
142, 33, -1
142, 1, -1

102, 126, 1
102, 141, 1
102, 147, 1
102, 110, 1
102, 129, 1
102, 125, 1
102, 145, 1
102, 114, 1
102, 116, 1
102, 137, 1
102, 121, 1
102, 137, 1
102, 103, 1
102, 104, 1
102, 134, 1
102, 132, 1
102, 106, 1
102, 128, 1
102, 111, 1
102, 127, 1
102, 111, 1
102, 139, 1
102, 120, 1
102, 142, 1
102, 112, 1
61, 92, 1
61, 77, 1
61, 71, 1
61, 52, 1
61, 97, 1
61, 97, 1
61, 74, 1
61, 54, 1
61, 58, 1
61, 76, 1
61, 75, 1
61, 75, 1
61, 56, 1
61, 65, 1
61, 51, 1
61, 86, 1
61, 91, 1
61, 63, 1
149, 126, 1
149, 141, 1
149, 147, 1
149, 110, 1
149, 129, 1
149, 125, 1
149, 145, 1
149, 114, 1
149, 116, 1
149, 137, 1
149, 121, 1
149, 137, 1
149, 103, 1
149, 104, 1
149, 134, 1
149, 132, 1
149, 106, 1
149, 128, 1
149, 111, 1
149, 127, 1
149, 111, 1
149, 139, 1
149, 120, 1
149, 142, 1
149, 112, 1
149, 102, 1
102, 92, -1
102, 77, -1
102, 71, -1
102, 52, -1
102, 97, -1
102, 97, -1
102, 74, -1
102, 54, -1
102, 58, -1
102, 76, -1
102, 75, -1
102, 75, -1
102, 56, -1
102, 65, -1
102, 51, -1
102, 86, -1
102, 91, -1
102, 63, -1
102, 0, -1
102, 33, -1
102, 1, -1
61, 126, -1
61, 141, -1
61, 147, -1
61, 110, -1
61, 129, -1
61, 125, -1
61, 145, -1
61, 114, -1
61, 116, -1
61, 137, -1
61, 121, -1
61, 137, -1
61, 103, -1
61, 104, -1
61, 134, -1
61, 132, -1
61, 106, -1
61, 128, -1
61, 111, -1
61, 127, -1
61, 111, -1
61, 139, -1
61, 120, -1
61, 142, -1
61, 112, -1
61, 102, -1
61, 0, -1
61, 33, -1
61, 1, -1
149, 92, -1
149, 77, -1
149, 71, -1
149, 52, -1
149, 97, -1
149, 97, -1
149, 74, -1
149, 54, -1
149, 58, -1
149, 76, -1
149, 75, -1
149, 75, -1
149, 56, -1
149, 65, -1
149, 51, -1
149, 86, -1
149, 91, -1
149, 63, -1
149, 61, -1
149, 0, -1
149, 33, -1
149, 1, -1

18, 0, 1
18, 33, 1
18, 1, 1
140, 126, 1
140, 141, 1
140, 147, 1
140, 110, 1
140, 129, 1
140, 125, 1
140, 145, 1
140, 114, 1
140, 116, 1
140, 137, 1
140, 121, 1
140, 137, 1
140, 103, 1
140, 104, 1
140, 134, 1
140, 132, 1
140, 106, 1
140, 128, 1
140, 111, 1
140, 127, 1
140, 111, 1
140, 139, 1
140, 120, 1
140, 142, 1
140, 112, 1
140, 102, 1
140, 149, 1
140, 140, 1
146, 126, 1
146, 141, 1
146, 147, 1
146, 110, 1
146, 129, 1
146, 125, 1
146, 145, 1
146, 114, 1
146, 116, 1
146, 137, 1
146, 121, 1
146, 137, 1
146, 103, 1
146, 104, 1
146, 134, 1
146, 132, 1
146, 106, 1
146, 128, 1
146, 111, 1
146, 127, 1
146, 111, 1
146, 139, 1
146, 120, 1
146, 142, 1
146, 112, 1
146, 102, 1
146, 149, 1
146, 140, 1
146, 140, 1
18, 126, -1
18, 141, -1
18, 147, -1
18, 110, -1
18, 129, -1
18, 125, -1
18, 145, -1
18, 114, -1
18, 116, -1
18, 137, -1
18, 121, -1
18, 137, -1
18, 103, -1
18, 104, -1
18, 134, -1
18, 132, -1
18, 106, -1
18, 128, -1
18, 111, -1
18, 127, -1
18, 111, -1
18, 139, -1
18, 120, -1
18, 142, -1
18, 112, -1
18, 102, -1
18, 149, -1
18, 140, -1
18, 92, -1
18, 77, -1
18, 71, -1
18, 52, -1
18, 97, -1
18, 97, -1
18, 74, -1
18, 54, -1
18, 58, -1
18, 76, -1
18, 75, -1
18, 75, -1
18, 56, -1
18, 65, -1
18, 51, -1
18, 86, -1
18, 91, -1
18, 63, -1
18, 61, -1
18, 78, -1
140, 92, -1
140, 77, -1
140, 71, -1
140, 52, -1
140, 97, -1
140, 97, -1
140, 74, -1
140, 54, -1
140, 58, -1
140, 76, -1
140, 75, -1
140, 75, -1
140, 56, -1
140, 65, -1
140, 51, -1
140, 86, -1
140, 91, -1
140, 63, -1
140, 61, -1
140, 78, -1
140, 0, -1
140, 33, -1
140, 1, -1
140, 18, -1
146, 92, -1
146, 77, -1
146, 71, -1
146, 52, -1
146, 97, -1
146, 97, -1
146, 74, -1
146, 54, -1
146, 58, -1
146, 76, -1
146, 75, -1
146, 75, -1
146, 56, -1
146, 65, -1
146, 51, -1
146, 86, -1
146, 91, -1
146, 63, -1
146, 61, -1
146, 78, -1
146, 0, -1
146, 33, -1
146, 1, -1
146, 18, -1

