141, 126, 1
77, 92, 1
125, 126, 1
125, 141, 1
110, 126, 1
110, 141, 1
110, 125, 1
129, 126, 1
129, 141, 1
129, 125, 1
129, 110, 1
145, 126, 1
145, 141, 1
145, 125, 1
145, 110, 1
145, 129, 1
92, 126, -1
141, 92, -1
77, 126, -1
77, 141, -1
125, 92, -1
125, 77, -1
110, 92, -1
110, 77, -1
129, 92, -1
129, 77, -1
0, 126, -1
0, 141, -1
0, 125, -1
0, 110, -1
0, 129, -1
0, 92, -1
0, 77, -1
145, 92, -1
145, 77, -1
145, 0, -1

114, 126, 1
114, 141, 1
114, 125, 1
114, 110, 1
114, 129, 1
114, 145, 1
114, 147, 1
134, 126, 1
134, 141, 1
134, 125, 1
134, 110, 1
134, 129, 1
134, 145, 1
134, 147, 1
134, 114, 1
116, 126, 1
116, 141, 1
116, 125, 1
116, 110, 1
116, 129, 1
116, 145, 1
116, 147, 1
116, 114, 1
116, 134, 1
114, 92, -1
114, 77, -1
114, 54, -1
114, 0, -1
134, 92, -1
134, 77, -1
134, 54, -1
134, 0, -1
116, 92, -1
116, 77, -1
116, 54, -1
116, 0, -1

74, 92, 1
74, 77, 1
74, 54, 1
74, 58, 1
52, 92, 1
52, 77, 1
52, 54, 1
52, 58, 1
52, 74, 1
111, 126, 1
111, 141, 1
111, 125, 1
111, 110, 1
111, 129, 1
111, 145, 1
111, 147, 1
111, 114, 1
111, 134, 1
111, 116, 1
111, 137, 1
74, 126, -1
74, 141, -1
74, 125, -1
74, 110, -1
74, 129, -1
74, 145, -1
74, 147, -1
74, 114, -1
74, 134, -1
74, 116, -1
74, 137, -1
74, 0, -1
52, 126, -1
52, 141, -1
52, 125, -1
52, 110, -1
52, 129, -1
52, 145, -1
52, 147, -1
52, 114, -1
52, 134, -1
52, 116, -1
52, 137, -1
52, 0, -1
111, 92, -1
111, 77, -1
111, 54, -1
111, 58, -1
111, 74, -1
111, 52, -1
111, 0, -1

112, 126, 1
112, 141, 1
112, 125, 1
112, 110, 1
112, 129, 1
112, 145, 1
112, 147, 1
112, 114, 1
112, 134, 1
112, 116, 1
112, 137, 1
112, 111, 1
112, 103, 1
76, 92, 1
76, 77, 1
76, 54, 1
76, 58, 1
76, 74, 1
76, 52, 1
76, 97, 1
123, 126, 1
123, 141, 1
123, 125, 1
123, 110, 1
123, 129, 1
123, 145, 1
123, 147, 1
123, 114, 1
123, 134, 1
123, 116, 1
123, 137, 1
123, 111, 1
123, 103, 1
123, 112, 1
83, 92, 1
83, 77, 1
83, 54, 1
83, 58, 1
83, 74, 1
83, 52, 1
83, 97, 1
83, 76, 1
112, 92, -1
112, 77, -1
112, 54, -1
112, 58, -1
112, 74, -1
112, 52, -1
112, 97, -1
112, 0, -1
76, 126, -1
76, 141, -1
76, 125, -1
76, 110, -1
76, 129, -1
76, 145, -1
76, 147, -1
76, 114, -1
76, 134, -1
76, 116, -1
76, 137, -1
76, 111, -1
76, 103, -1
76, 112, -1
76, 0, -1
123, 92, -1
123, 77, -1
123, 54, -1
123, 58, -1
123, 74, -1
123, 52, -1
123, 97, -1
123, 76, -1
123, 0, -1
83, 126, -1
83, 141, -1
83, 125, -1
83, 110, -1
83, 129, -1
83, 145, -1
83, 147, -1
83, 114, -1
83, 134, -1
83, 116, -1
83, 137, -1
83, 111, -1
83, 103, -1
83, 112, -1
83, 123, -1
83, 0, -1

33, 0, 1
106, 126, 1
106, 141, 1
106, 125, 1
106, 110, 1
106, 129, 1
106, 145, 1
106, 147, 1
106, 114, 1
106, 134, 1
106, 116, 1
106, 137, 1
106, 111, 1
106, 103, 1
106, 112, 1
106, 123, 1
106, 139, 1
143, 126, 1
143, 141, 1
143, 125, 1
143, 110, 1
143, 129, 1
143, 145, 1
143, 147, 1
143, 114, 1
143, 134, 1
143, 116, 1
143, 137, 1
143, 111, 1
143, 103, 1
143, 112, 1
143, 123, 1
143, 139, 1
143, 106, 1
33, 126, -1
33, 141, -1
33, 125, -1
33, 110, -1
33, 129, -1
33, 145, -1
33, 147, -1
33, 114, -1
33, 134, -1
33, 116, -1
33, 137, -1
33, 111, -1
33, 103, -1
33, 112, -1
33, 123, -1
33, 139, -1
33, 92, -1
33, 77, -1
33, 54, -1
33, 58, -1
33, 74, -1
33, 52, -1
33, 97, -1
33, 76, -1
33, 83, -1
33, 75, -1
106, 92, -1
106, 77, -1
106, 54, -1
106, 58, -1
106, 74, -1
106, 52, -1
106, 97, -1
106, 76, -1
106, 83, -1
106, 75, -1
106, 0, -1
106, 33, -1
143, 92, -1
143, 77, -1
143, 54, -1
143, 58, -1
143, 74, -1
143, 52, -1
143, 97, -1
143, 76, -1
143, 83, -1
143, 75, -1
143, 0, -1
143, 33, -1

1, 0, 1
1, 33, 1
108, 126, 1
108, 141, 1
108, 125, 1
108, 110, 1
108, 129, 1
108, 145, 1
108, 147, 1
108, 114, 1
108, 134, 1
108, 116, 1
108, 137, 1
108, 111, 1
108, 103, 1
108, 112, 1
108, 123, 1
108, 139, 1
108, 106, 1
108, 143, 1
108, 120, 1
56, 92, 1
56, 77, 1
56, 54, 1
56, 58, 1
56, 74, 1
56, 52, 1
56, 97, 1
56, 76, 1
56, 83, 1
56, 75, 1
56, 78, 1
1, 126, -1
1, 141, -1
1, 125, -1
1, 110, -1
1, 129, -1
1, 145, -1
1, 147, -1
1, 114, -1
1, 134, -1
1, 116, -1
1, 137, -1
1, 111, -1
1, 103, -1
1, 112, -1
1, 123, -1
1, 139, -1
1, 106, -1
1, 143, -1
1, 120, -1
1, 92, -1
1, 77, -1
1, 54, -1
1, 58, -1
1, 74, -1
1, 52, -1
1, 97, -1
1, 76, -1
1, 83, -1
1, 75, -1
1, 78, -1
108, 92, -1
108, 77, -1
108, 54, -1
108, 58, -1
108, 74, -1
108, 52, -1
108, 97, -1
108, 76, -1
108, 83, -1
108, 75, -1
108, 78, -1
108, 0, -1
108, 33, -1
108, 1, -1
56, 126, -1
56, 141, -1
56, 125, -1
56, 110, -1
56, 129, -1
56, 145, -1
56, 147, -1
56, 114, -1
56, 134, -1
56, 116, -1
56, 137, -1
56, 111, -1
56, 103, -1
56, 112, -1
56, 123, -1
56, 139, -1
56, 106, -1
56, 143, -1
56, 120, -1
56, 108, -1
56, 0, -1
56, 33, -1
56, 1, -1

28, 0, 1
28, 33, 1
28, 1, 1
28, 28, 1
140, 126, 1
140, 141, 1
140, 125, 1
140, 110, 1
140, 129, 1
140, 145, 1
140, 147, 1
140, 114, 1
140, 134, 1
140, 116, 1
140, 137, 1
140, 111, 1
140, 103, 1
140, 112, 1
140, 123, 1
140, 139, 1
140, 106, 1
140, 143, 1
140, 120, 1
140, 108, 1
140, 140, 1
51, 92, 1
51, 77, 1
51, 54, 1
51, 58, 1
51, 74, 1
51, 52, 1
51, 97, 1
51, 76, 1
51, 83, 1
51, 75, 1
51, 78, 1
51, 56, 1
51, 65, 1
28, 126, -1
28, 141, -1
28, 125, -1
28, 110, -1
28, 129, -1
28, 145, -1
28, 147, -1
28, 114, -1
28, 134, -1
28, 116, -1
28, 137, -1
28, 111, -1
28, 103, -1
28, 112, -1
28, 123, -1
28, 139, -1
28, 106, -1
28, 143, -1
28, 120, -1
28, 108, -1
28, 140, -1
28, 92, -1
28, 77, -1
28, 54, -1
28, 58, -1
28, 74, -1
28, 52, -1
28, 97, -1
28, 76, -1
28, 83, -1
28, 75, -1
28, 78, -1
28, 56, -1
28, 65, -1
140, 92, -1
140, 77, -1
140, 54, -1
140, 58, -1
140, 74, -1
140, 52, -1
140, 97, -1
140, 76, -1
140, 83, -1
140, 75, -1
140, 78, -1
140, 56, -1
140, 65, -1
140, 0, -1
140, 33, -1
140, 1, -1
140, 28, -1
140, 28, -1
51, 126, -1
51, 141, -1
51, 125, -1
51, 110, -1
51, 129, -1
51, 145, -1
51, 147, -1
51, 114, -1
51, 134, -1
51, 116, -1
51, 137, -1
51, 111, -1
51, 103, -1
51, 112, -1
51, 123, -1
51, 139, -1
51, 106, -1
51, 143, -1
51, 120, -1
51, 108, -1
51, 140, -1
51, 140, -1
51, 0, -1
51, 33, -1
51, 1, -1
51, 28, -1
51, 28, -1

4, 0, 1
4, 33, 1
4, 1, 1
4, 28, 1
4, 28, 1
4, 4, 1
104, 126, 1
104, 141, 1
104, 125, 1
104, 110, 1
104, 129, 1
104, 145, 1
104, 147, 1
104, 114, 1
104, 134, 1
104, 116, 1
104, 137, 1
104, 111, 1
104, 103, 1
104, 112, 1
104, 123, 1
104, 139, 1
104, 106, 1
104, 143, 1
104, 120, 1
104, 108, 1
104, 140, 1
104, 140, 1
104, 128, 1
86, 92, 1
86, 77, 1
86, 54, 1
86, 58, 1
86, 74, 1
86, 52, 1
86, 97, 1
86, 76, 1
86, 83, 1
86, 75, 1
86, 78, 1
86, 56, 1
86, 65, 1
86, 51, 1
86, 91, 1
4, 126, -1
4, 141, -1
4, 125, -1
4, 110, -1
4, 129, -1
4, 145, -1
4, 147, -1
4, 114, -1
4, 134, -1
4, 116, -1
4, 137, -1
4, 111, -1
4, 103, -1
4, 112, -1
4, 123, -1
4, 139, -1
4, 106, -1
4, 143, -1
4, 120, -1
4, 108, -1
4, 140, -1
4, 140, -1
4, 128, -1
4, 92, -1
4, 77, -1
4, 54, -1
4, 58, -1
4, 74, -1
4, 52, -1
4, 97, -1
4, 76, -1
4, 83, -1
4, 75, -1
4, 78, -1
4, 56, -1
4, 65, -1
4, 51, -1
4, 91, -1
104, 92, -1
104, 77, -1
104, 54, -1
104, 58, -1
104, 74, -1
104, 52, -1
104, 97, -1
104, 76, -1
104, 83, -1
104, 75, -1
104, 78, -1
104, 56, -1
104, 65, -1
104, 51, -1
104, 91, -1
104, 0, -1
104, 33, -1
104, 1, -1
104, 28, -1
104, 28, -1
104, 4, -1
104, 4, -1
86, 126, -1
86, 141, -1
86, 125, -1
86, 110, -1
86, 129, -1
86, 145, -1
86, 147, -1
86, 114, -1
86, 134, -1
86, 116, -1
86, 137, -1
86, 111, -1
86, 103, -1
86, 112, -1
86, 123, -1
86, 139, -1
86, 106, -1
86, 143, -1
86, 120, -1
86, 108, -1
86, 140, -1
86, 140, -1
86, 128, -1
86, 104, -1
86, 0, -1
86, 33, -1
86, 1, -1
86, 28, -1
86, 28, -1
86, 4, -1
86, 4, -1

132, 126, 1
132, 141, 1
132, 125, 1
132, 110, 1
132, 129, 1
132, 145, 1
132, 147, 1
132, 114, 1
132, 134, 1
132, 116, 1
132, 137, 1
132, 111, 1
132, 103, 1
132, 112, 1
132, 123, 1
132, 139, 1
132, 106, 1
132, 143, 1
132, 120, 1
132, 108, 1
132, 140, 1
132, 140, 1
132, 128, 1
132, 104, 1
132, 132, 1
63, 92, 1
63, 77, 1
63, 54, 1
63, 58, 1
63, 74, 1
63, 52, 1
63, 97, 1
63, 76, 1
63, 83, 1
63, 75, 1
63, 78, 1
63, 56, 1
63, 65, 1
63, 51, 1
63, 91, 1
63, 86, 1
63, 63, 1
101, 126, 1
101, 141, 1
101, 125, 1
101, 110, 1
101, 129, 1
101, 145, 1
101, 147, 1
101, 114, 1
101, 134, 1
101, 116, 1
101, 137, 1
101, 111, 1
101, 103, 1
101, 112, 1
101, 123, 1
101, 139, 1
101, 106, 1
101, 143, 1
101, 120, 1
101, 108, 1
101, 140, 1
101, 140, 1
101, 128, 1
101, 104, 1
101, 132, 1
101, 132, 1
132, 92, -1
132, 77, -1
132, 54, -1
132, 58, -1
132, 74, -1
132, 52, -1
132, 97, -1
132, 76, -1
132, 83, -1
132, 75, -1
132, 78, -1
132, 56, -1
132, 65, -1
132, 51, -1
132, 91, -1
132, 86, -1
132, 63, -1
132, 0, -1
132, 33, -1
132, 1, -1
132, 28, -1
132, 28, -1
132, 4, -1
132, 4, -1
63, 126, -1
63, 141, -1
63, 125, -1
63, 110, -1
63, 129, -1
63, 145, -1
63, 147, -1
63, 114, -1
63, 134, -1
63, 116, -1
63, 137, -1
63, 111, -1
63, 103, -1
63, 112, -1
63, 123, -1
63, 139, -1
63, 106, -1
63, 143, -1
63, 120, -1
63, 108, -1
63, 140, -1
63, 140, -1
63, 128, -1
63, 104, -1
63, 132, -1
63, 132, -1
63, 0, -1
63, 33, -1
63, 1, -1
63, 28, -1
63, 28, -1
63, 4, -1
63, 4, -1
101, 92, -1
101, 77, -1
101, 54, -1
101, 58, -1
101, 74, -1
101, 52, -1
101, 97, -1
101, 76, -1
101, 83, -1
101, 75, -1
101, 78, -1
101, 56, -1
101, 65, -1
101, 51, -1
101, 91, -1
101, 86, -1
101, 63, -1
101, 63, -1
101, 0, -1
101, 33, -1
101, 1, -1
101, 28, -1
101, 28, -1
101, 4, -1
101, 4, -1

18, 0, 1
18, 33, 1
18, 1, 1
18, 28, 1
18, 28, 1
18, 4, 1
18, 4, 1
115, 126, 1
115, 141, 1
115, 125, 1
115, 110, 1
115, 129, 1
115, 145, 1
115, 147, 1
115, 114, 1
115, 134, 1
115, 116, 1
115, 137, 1
115, 111, 1
115, 103, 1
115, 112, 1
115, 123, 1
115, 139, 1
115, 106, 1
115, 143, 1
115, 120, 1
115, 108, 1
115, 140, 1
115, 140, 1
115, 128, 1
115, 104, 1
115, 132, 1
115, 132, 1
115, 101, 1
115, 115, 1
146, 126, 1
146, 141, 1
146, 125, 1
146, 110, 1
146, 129, 1
146, 145, 1
146, 147, 1
146, 114, 1
146, 134, 1
146, 116, 1
146, 137, 1
146, 111, 1
146, 103, 1
146, 112, 1
146, 123, 1
146, 139, 1
146, 106, 1
146, 143, 1
146, 120, 1
146, 108, 1
146, 140, 1
146, 140, 1
146, 128, 1
146, 104, 1
146, 132, 1
146, 132, 1
146, 101, 1
146, 115, 1
146, 115, 1
18, 126, -1
18, 141, -1
18, 125, -1
18, 110, -1
18, 129, -1
18, 145, -1
18, 147, -1
18, 114, -1
18, 134, -1
18, 116, -1
18, 137, -1
18, 111, -1
18, 103, -1
18, 112, -1
18, 123, -1
18, 139, -1
18, 106, -1
18, 143, -1
18, 120, -1
18, 108, -1
18, 140, -1
18, 140, -1
18, 128, -1
18, 104, -1
18, 132, -1
18, 132, -1
18, 101, -1
18, 115, -1
18, 92, -1
18, 77, -1
18, 54, -1
18, 58, -1
18, 74, -1
18, 52, -1
18, 97, -1
18, 76, -1
18, 83, -1
18, 75, -1
18, 78, -1
18, 56, -1
18, 65, -1
18, 51, -1
18, 91, -1
18, 86, -1
18, 63, -1
18, 63, -1
18, 61, -1
115, 92, -1
115, 77, -1
115, 54, -1
115, 58, -1
115, 74, -1
115, 52, -1
115, 97, -1
115, 76, -1
115, 83, -1
115, 75, -1
115, 78, -1
115, 56, -1
115, 65, -1
115, 51, -1
115, 91, -1
115, 86, -1
115, 63, -1
115, 63, -1
115, 61, -1
115, 0, -1
115, 33, -1
115, 1, -1
115, 28, -1
115, 28, -1
115, 4, -1
115, 4, -1
115, 18, -1
146, 92, -1
146, 77, -1
146, 54, -1
146, 58, -1
146, 74, -1
146, 52, -1
146, 97, -1
146, 76, -1
146, 83, -1
146, 75, -1
146, 78, -1
146, 56, -1
146, 65, -1
146, 51, -1
146, 91, -1
146, 86, -1
146, 63, -1
146, 63, -1
146, 61, -1
146, 0, -1
146, 33, -1
146, 1, -1
146, 28, -1
146, 28, -1
146, 4, -1
146, 4, -1
146, 18, -1

