348, 382, 1
760, 382, 1
760, 348, 1
3688, 2688, 1
421, 382, 1
421, 348, 1
421, 760, 1
3059, 2688, 1
3059, 3688, 1
1914, 382, 1
1914, 348, 1
1914, 760, 1
1914, 421, 1
2688, 382, -1
2688, 348, -1
760, 2688, -1
3688, 382, -1
3688, 348, -1
3688, 760, -1
421, 2688, -1
421, 3688, -1
3059, 382, -1
3059, 348, -1
3059, 760, -1
3059, 421, -1
1914, 2688, -1
1914, 3688, -1
1914, 3059, -1

592, 382, 1
592, 348, 1
592, 760, 1
592, 421, 1
592, 1914, 1
2124, 2688, 1
2124, 3688, 1
2124, 3059, 1
83, 382, 1
83, 348, 1
83, 760, 1
83, 421, 1
83, 1914, 1
83, 592, 1
3326, 2688, 1
3326, 3688, 1
3326, 3059, 1
3326, 2124, 1
2132, 2688, 1
2132, 3688, 1
2132, 3059, 1
2132, 2124, 1
2132, 3326, 1
3101, 2688, 1
3101, 3688, 1
3101, 3059, 1
3101, 2124, 1
3101, 3326, 1
3101, 2132, 1
592, 2688, -1
592, 3688, -1
592, 3059, -1
2124, 382, -1
2124, 348, -1
2124, 760, -1
2124, 421, -1
2124, 1914, -1
2124, 592, -1
83, 2688, -1
83, 3688, -1
83, 3059, -1
83, 2124, -1
3326, 382, -1
3326, 348, -1
3326, 760, -1
3326, 421, -1
3326, 1914, -1
3326, 592, -1
3326, 83, -1
2132, 382, -1
2132, 348, -1
2132, 760, -1
2132, 421, -1
2132, 1914, -1
2132, 592, -1
2132, 83, -1
3101, 382, -1
3101, 348, -1
3101, 760, -1
3101, 421, -1
3101, 1914, -1
3101, 592, -1
3101, 83, -1

256, 382, 1
256, 348, 1
256, 760, 1
256, 421, 1
256, 1914, 1
256, 592, 1
256, 83, 1
3250, 2688, 1
3250, 3688, 1
3250, 3059, 1
3250, 2124, 1
3250, 3326, 1
3250, 2132, 1
3250, 3101, 1
3397, 2688, 1
3397, 3688, 1
3397, 3059, 1
3397, 2124, 1
3397, 3326, 1
3397, 2132, 1
3397, 3101, 1
3397, 3250, 1
141, 382, 1
141, 348, 1
141, 760, 1
141, 421, 1
141, 1914, 1
141, 592, 1
141, 83, 1
141, 256, 1
1160, 382, 1
1160, 348, 1
1160, 760, 1
1160, 421, 1
1160, 1914, 1
1160, 592, 1
1160, 83, 1
1160, 256, 1
1160, 141, 1
2150, 2688, 1
2150, 3688, 1
2150, 3059, 1
2150, 2124, 1
2150, 3326, 1
2150, 2132, 1
2150, 3101, 1
2150, 3250, 1
2150, 3397, 1
157, 382, 1
157, 348, 1
157, 760, 1
157, 421, 1
157, 1914, 1
157, 592, 1
157, 83, 1
157, 256, 1
157, 141, 1
157, 1160, 1
256, 2688, -1
256, 3688, -1
256, 3059, -1
256, 2124, -1
256, 3326, -1
256, 2132, -1
256, 3101, -1
3250, 382, -1
3250, 348, -1
3250, 760, -1
3250, 421, -1
3250, 1914, -1
3250, 592, -1
3250, 83, -1
3250, 256, -1
3397, 382, -1
3397, 348, -1
3397, 760, -1
3397, 421, -1
3397, 1914, -1
3397, 592, -1
3397, 83, -1
3397, 256, -1
141, 2688, -1
141, 3688, -1
141, 3059, -1
141, 2124, -1
141, 3326, -1
141, 2132, -1
141, 3101, -1
141, 3250, -1
141, 3397, -1
1160, 2688, -1
1160, 3688, -1
1160, 3059, -1
1160, 2124, -1
1160, 3326, -1
1160, 2132, -1
1160, 3101, -1
1160, 3250, -1
1160, 3397, -1
2150, 382, -1
2150, 348, -1
2150, 760, -1
2150, 421, -1
2150, 1914, -1
2150, 592, -1
2150, 83, -1
2150, 256, -1
2150, 141, -1
2150, 1160, -1
157, 2688, -1
157, 3688, -1
157, 3059, -1
157, 2124, -1
157, 3326, -1
157, 2132, -1
157, 3101, -1
157, 3250, -1
157, 3397, -1
157, 2150, -1

3298, 2688, 1
3298, 3688, 1
3298, 3059, 1
3298, 2124, 1
3298, 3326, 1
3298, 2132, 1
3298, 3101, 1
3298, 3250, 1
3298, 3397, 1
3298, 2150, 1
1341, 382, 1
1341, 348, 1
1341, 760, 1
1341, 421, 1
1341, 1914, 1
1341, 592, 1
1341, 83, 1
1341, 256, 1
1341, 141, 1
1341, 1160, 1
1341, 157, 1
1230, 382, 1
1230, 348, 1
1230, 760, 1
1230, 421, 1
1230, 1914, 1
1230, 592, 1
1230, 83, 1
1230, 256, 1
1230, 141, 1
1230, 1160, 1
1230, 157, 1
1230, 1341, 1
3302, 2688, 1
3302, 3688, 1
3302, 3059, 1
3302, 2124, 1
3302, 3326, 1
3302, 2132, 1
3302, 3101, 1
3302, 3250, 1
3302, 3397, 1
3302, 2150, 1
3302, 3298, 1
1701, 382, 1
1701, 348, 1
1701, 760, 1
1701, 421, 1
1701, 1914, 1
1701, 592, 1
1701, 83, 1
1701, 256, 1
1701, 141, 1
1701, 1160, 1
1701, 157, 1
1701, 1341, 1
1701, 1230, 1
49, 382, 1
49, 348, 1
49, 760, 1
49, 421, 1
49, 1914, 1
49, 592, 1
49, 83, 1
49, 256, 1
49, 141, 1
49, 1160, 1
49, 157, 1
49, 1341, 1
49, 1230, 1
49, 1701, 1
461, 382, 1
461, 348, 1
461, 760, 1
461, 421, 1
461, 1914, 1
461, 592, 1
461, 83, 1
461, 256, 1
461, 141, 1
461, 1160, 1
461, 157, 1
461, 1341, 1
461, 1230, 1
461, 1701, 1
461, 49, 1
1070, 382, 1
1070, 348, 1
1070, 760, 1
1070, 421, 1
1070, 1914, 1
1070, 592, 1
1070, 83, 1
1070, 256, 1
1070, 141, 1
1070, 1160, 1
1070, 157, 1
1070, 1341, 1
1070, 1230, 1
1070, 1701, 1
1070, 49, 1
1070, 461, 1
3298, 382, -1
3298, 348, -1
3298, 760, -1
3298, 421, -1
3298, 1914, -1
3298, 592, -1
3298, 83, -1
3298, 256, -1
3298, 141, -1
3298, 1160, -1
3298, 157, -1
1341, 2688, -1
1341, 3688, -1
1341, 3059, -1
1341, 2124, -1
1341, 3326, -1
1341, 2132, -1
1341, 3101, -1
1341, 3250, -1
1341, 3397, -1
1341, 2150, -1
1341, 3298, -1
1230, 2688, -1
1230, 3688, -1
1230, 3059, -1
1230, 2124, -1
1230, 3326, -1
1230, 2132, -1
1230, 3101, -1
1230, 3250, -1
1230, 3397, -1
1230, 2150, -1
1230, 3298, -1
3302, 382, -1
3302, 348, -1
3302, 760, -1
3302, 421, -1
3302, 1914, -1
3302, 592, -1
3302, 83, -1
3302, 256, -1
3302, 141, -1
3302, 1160, -1
3302, 157, -1
3302, 1341, -1
3302, 1230, -1
1701, 2688, -1
1701, 3688, -1
1701, 3059, -1
1701, 2124, -1
1701, 3326, -1
1701, 2132, -1
1701, 3101, -1
1701, 3250, -1
1701, 3397, -1
1701, 2150, -1
1701, 3298, -1
1701, 3302, -1
49, 2688, -1
49, 3688, -1
49, 3059, -1
49, 2124, -1
49, 3326, -1
49, 2132, -1
49, 3101, -1
49, 3250, -1
49, 3397, -1
49, 2150, -1
49, 3298, -1
49, 3302, -1
461, 2688, -1
461, 3688, -1
461, 3059, -1
461, 2124, -1
461, 3326, -1
461, 2132, -1
461, 3101, -1
461, 3250, -1
461, 3397, -1
461, 2150, -1
461, 3298, -1
461, 3302, -1
1070, 2688, -1
1070, 3688, -1
1070, 3059, -1
1070, 2124, -1
1070, 3326, -1
1070, 2132, -1
1070, 3101, -1
1070, 3250, -1
1070, 3397, -1
1070, 2150, -1
1070, 3298, -1
1070, 3302, -1

591, 382, 1
591, 348, 1
591, 760, 1
591, 421, 1
591, 1914, 1
591, 592, 1
591, 83, 1
591, 256, 1
591, 141, 1
591, 1160, 1
591, 157, 1
591, 1341, 1
591, 1230, 1
591, 1701, 1
591, 49, 1
591, 461, 1
591, 1070, 1
876, 382, 1
876, 348, 1
876, 760, 1
876, 421, 1
876, 1914, 1
876, 592, 1
876, 83, 1
876, 256, 1
876, 141, 1
876, 1160, 1
876, 157, 1
876, 1341, 1
876, 1230, 1
876, 1701, 1
876, 49, 1
876, 461, 1
876, 1070, 1
876, 591, 1
3767, 2688, 1
3767, 3688, 1
3767, 3059, 1
3767, 2124, 1
3767, 3326, 1
3767, 2132, 1
3767, 3101, 1
3767, 3250, 1
3767, 3397, 1
3767, 2150, 1
3767, 3298, 1
3767, 3302, 1
562, 382, 1
562, 348, 1
562, 760, 1
562, 421, 1
562, 1914, 1
562, 592, 1
562, 83, 1
562, 256, 1
562, 141, 1
562, 1160, 1
562, 157, 1
562, 1341, 1
562, 1230, 1
562, 1701, 1
562, 49, 1
562, 461, 1
562, 1070, 1
562, 591, 1
562, 876, 1
3484, 2688, 1
3484, 3688, 1
3484, 3059, 1
3484, 2124, 1
3484, 3326, 1
3484, 2132, 1
3484, 3101, 1
3484, 3250, 1
3484, 3397, 1
3484, 2150, 1
3484, 3298, 1
3484, 3302, 1
3484, 3767, 1
53, 382, 1
53, 348, 1
53, 760, 1
53, 421, 1
53, 1914, 1
53, 592, 1
53, 83, 1
53, 256, 1
53, 141, 1
53, 1160, 1
53, 157, 1
53, 1341, 1
53, 1230, 1
53, 1701, 1
53, 49, 1
53, 461, 1
53, 1070, 1
53, 591, 1
53, 876, 1
53, 562, 1
2425, 2688, 1
2425, 3688, 1
2425, 3059, 1
2425, 2124, 1
2425, 3326, 1
2425, 2132, 1
2425, 3101, 1
2425, 3250, 1
2425, 3397, 1
2425, 2150, 1
2425, 3298, 1
2425, 3302, 1
2425, 3767, 1
2425, 3484, 1
591, 2688, -1
591, 3688, -1
591, 3059, -1
591, 2124, -1
591, 3326, -1
591, 2132, -1
591, 3101, -1
591, 3250, -1
591, 3397, -1
591, 2150, -1
591, 3298, -1
591, 3302, -1
876, 2688, -1
876, 3688, -1
876, 3059, -1
876, 2124, -1
876, 3326, -1
876, 2132, -1
876, 3101, -1
876, 3250, -1
876, 3397, -1
876, 2150, -1
876, 3298, -1
876, 3302, -1
3767, 382, -1
3767, 348, -1
3767, 760, -1
3767, 421, -1
3767, 1914, -1
3767, 592, -1
3767, 83, -1
3767, 256, -1
3767, 141, -1
3767, 1160, -1
3767, 157, -1
3767, 1341, -1
3767, 1230, -1
3767, 1701, -1
3767, 49, -1
3767, 461, -1
3767, 1070, -1
3767, 591, -1
3767, 876, -1
562, 2688, -1
562, 3688, -1
562, 3059, -1
562, 2124, -1
562, 3326, -1
562, 2132, -1
562, 3101, -1
562, 3250, -1
562, 3397, -1
562, 2150, -1
562, 3298, -1
562, 3302, -1
562, 3767, -1
3484, 382, -1
3484, 348, -1
3484, 760, -1
3484, 421, -1
3484, 1914, -1
3484, 592, -1
3484, 83, -1
3484, 256, -1
3484, 141, -1
3484, 1160, -1
3484, 157, -1
3484, 1341, -1
3484, 1230, -1
3484, 1701, -1
3484, 49, -1
3484, 461, -1
3484, 1070, -1
3484, 591, -1
3484, 876, -1
3484, 562, -1
53, 2688, -1
53, 3688, -1
53, 3059, -1
53, 2124, -1
53, 3326, -1
53, 2132, -1
53, 3101, -1
53, 3250, -1
53, 3397, -1
53, 2150, -1
53, 3298, -1
53, 3302, -1
53, 3767, -1
53, 3484, -1
2425, 382, -1
2425, 348, -1
2425, 760, -1
2425, 421, -1
2425, 1914, -1
2425, 592, -1
2425, 83, -1
2425, 256, -1
2425, 141, -1
2425, 1160, -1
2425, 157, -1
2425, 1341, -1
2425, 1230, -1
2425, 1701, -1
2425, 49, -1
2425, 461, -1
2425, 1070, -1
2425, 591, -1
2425, 876, -1
2425, 562, -1
2425, 53, -1

2452, 2688, 1
2452, 3688, 1
2452, 3059, 1
2452, 2124, 1
2452, 3326, 1
2452, 2132, 1
2452, 3101, 1
2452, 3250, 1
2452, 3397, 1
2452, 2150, 1
2452, 3298, 1
2452, 3302, 1
2452, 3767, 1
2452, 3484, 1
2452, 2425, 1
2819, 2688, 1
2819, 3688, 1
2819, 3059, 1
2819, 2124, 1
2819, 3326, 1
2819, 2132, 1
2819, 3101, 1
2819, 3250, 1
2819, 3397, 1
2819, 2150, 1
2819, 3298, 1
2819, 3302, 1
2819, 3767, 1
2819, 3484, 1
2819, 2425, 1
2819, 2452, 1
459, 382, 1
459, 348, 1
459, 760, 1
459, 421, 1
459, 1914, 1
459, 592, 1
459, 83, 1
459, 256, 1
459, 141, 1
459, 1160, 1
459, 157, 1
459, 1341, 1
459, 1230, 1
459, 1701, 1
459, 49, 1
459, 461, 1
459, 1070, 1
459, 591, 1
459, 876, 1
459, 562, 1
459, 53, 1
3424, 2688, 1
3424, 3688, 1
3424, 3059, 1
3424, 2124, 1
3424, 3326, 1
3424, 2132, 1
3424, 3101, 1
3424, 3250, 1
3424, 3397, 1
3424, 2150, 1
3424, 3298, 1
3424, 3302, 1
3424, 3767, 1
3424, 3484, 1
3424, 2425, 1
3424, 2452, 1
3424, 2819, 1
2499, 2688, 1
2499, 3688, 1
2499, 3059, 1
2499, 2124, 1
2499, 3326, 1
2499, 2132, 1
2499, 3101, 1
2499, 3250, 1
2499, 3397, 1
2499, 2150, 1
2499, 3298, 1
2499, 3302, 1
2499, 3767, 1
2499, 3484, 1
2499, 2425, 1
2499, 2452, 1
2499, 2819, 1
2499, 3424, 1
2452, 382, -1
2452, 348, -1
2452, 760, -1
2452, 421, -1
2452, 1914, -1
2452, 592, -1
2452, 83, -1
2452, 256, -1
2452, 141, -1
2452, 1160, -1
2452, 157, -1
2452, 1341, -1
2452, 1230, -1
2452, 1701, -1
2452, 49, -1
2452, 461, -1
2452, 1070, -1
2452, 591, -1
2452, 876, -1
2452, 562, -1
2452, 53, -1
2819, 382, -1
2819, 348, -1
2819, 760, -1
2819, 421, -1
2819, 1914, -1
2819, 592, -1
2819, 83, -1
2819, 256, -1
2819, 141, -1
2819, 1160, -1
2819, 157, -1
2819, 1341, -1
2819, 1230, -1
2819, 1701, -1
2819, 49, -1
2819, 461, -1
2819, 1070, -1
2819, 591, -1
2819, 876, -1
2819, 562, -1
2819, 53, -1
459, 2688, -1
459, 3688, -1
459, 3059, -1
459, 2124, -1
459, 3326, -1
459, 2132, -1
459, 3101, -1
459, 3250, -1
459, 3397, -1
459, 2150, -1
459, 3298, -1
459, 3302, -1
459, 3767, -1
459, 3484, -1
459, 2425, -1
459, 2452, -1
459, 2819, -1
3424, 382, -1
3424, 348, -1
3424, 760, -1
3424, 421, -1
3424, 1914, -1
3424, 592, -1
3424, 83, -1
3424, 256, -1
3424, 141, -1
3424, 1160, -1
3424, 157, -1
3424, 1341, -1
3424, 1230, -1
3424, 1701, -1
3424, 49, -1
3424, 461, -1
3424, 1070, -1
3424, 591, -1
3424, 876, -1
3424, 562, -1
3424, 53, -1
3424, 459, -1
2499, 382, -1
2499, 348, -1
2499, 760, -1
2499, 421, -1
2499, 1914, -1
2499, 592, -1
2499, 83, -1
2499, 256, -1
2499, 141, -1
2499, 1160, -1
2499, 157, -1
2499, 1341, -1
2499, 1230, -1
2499, 1701, -1
2499, 49, -1
2499, 461, -1
2499, 1070, -1
2499, 591, -1
2499, 876, -1
2499, 562, -1
2499, 53, -1
2499, 459, -1

981, 382, 1
981, 348, 1
981, 760, 1
981, 421, 1
981, 1914, 1
981, 592, 1
981, 83, 1
981, 256, 1
981, 141, 1
981, 1160, 1
981, 157, 1
981, 1341, 1
981, 1230, 1
981, 1701, 1
981, 49, 1
981, 461, 1
981, 1070, 1
981, 591, 1
981, 876, 1
981, 562, 1
981, 53, 1
981, 459, 1
2328, 2688, 1
2328, 3688, 1
2328, 3059, 1
2328, 2124, 1
2328, 3326, 1
2328, 2132, 1
2328, 3101, 1
2328, 3250, 1
2328, 3397, 1
2328, 2150, 1
2328, 3298, 1
2328, 3302, 1
2328, 3767, 1
2328, 3484, 1
2328, 2425, 1
2328, 2452, 1
2328, 2819, 1
2328, 3424, 1
2328, 2499, 1
2980, 2688, 1
2980, 3688, 1
2980, 3059, 1
2980, 2124, 1
2980, 3326, 1
2980, 2132, 1
2980, 3101, 1
2980, 3250, 1
2980, 3397, 1
2980, 2150, 1
2980, 3298, 1
2980, 3302, 1
2980, 3767, 1
2980, 3484, 1
2980, 2425, 1
2980, 2452, 1
2980, 2819, 1
2980, 3424, 1
2980, 2499, 1
2980, 2328, 1
2039, 382, 1
2039, 348, 1
2039, 760, 1
2039, 421, 1
2039, 1914, 1
2039, 592, 1
2039, 83, 1
2039, 256, 1
2039, 141, 1
2039, 1160, 1
2039, 157, 1
2039, 1341, 1
2039, 1230, 1
2039, 1701, 1
2039, 49, 1
2039, 461, 1
2039, 1070, 1
2039, 591, 1
2039, 876, 1
2039, 562, 1
2039, 53, 1
2039, 459, 1
2039, 981, 1
196, 382, 1
196, 348, 1
196, 760, 1
196, 421, 1
196, 1914, 1
196, 592, 1
196, 83, 1
196, 256, 1
196, 141, 1
196, 1160, 1
196, 157, 1
196, 1341, 1
196, 1230, 1
196, 1701, 1
196, 49, 1
196, 461, 1
196, 1070, 1
196, 591, 1
196, 876, 1
196, 562, 1
196, 53, 1
196, 459, 1
196, 981, 1
196, 2039, 1
3055, 2688, 1
3055, 3688, 1
3055, 3059, 1
3055, 2124, 1
3055, 3326, 1
3055, 2132, 1
3055, 3101, 1
3055, 3250, 1
3055, 3397, 1
3055, 2150, 1
3055, 3298, 1
3055, 3302, 1
3055, 3767, 1
3055, 3484, 1
3055, 2425, 1
3055, 2452, 1
3055, 2819, 1
3055, 3424, 1
3055, 2499, 1
3055, 2328, 1
3055, 2980, 1
981, 2688, -1
981, 3688, -1
981, 3059, -1
981, 2124, -1
981, 3326, -1
981, 2132, -1
981, 3101, -1
981, 3250, -1
981, 3397, -1
981, 2150, -1
981, 3298, -1
981, 3302, -1
981, 3767, -1
981, 3484, -1
981, 2425, -1
981, 2452, -1
981, 2819, -1
981, 3424, -1
981, 2499, -1
2328, 382, -1
2328, 348, -1
2328, 760, -1
2328, 421, -1
2328, 1914, -1
2328, 592, -1
2328, 83, -1
2328, 256, -1
2328, 141, -1
2328, 1160, -1
2328, 157, -1
2328, 1341, -1
2328, 1230, -1
2328, 1701, -1
2328, 49, -1
2328, 461, -1
2328, 1070, -1
2328, 591, -1
2328, 876, -1
2328, 562, -1
2328, 53, -1
2328, 459, -1
2328, 981, -1
2980, 382, -1
2980, 348, -1
2980, 760, -1
2980, 421, -1
2980, 1914, -1
2980, 592, -1
2980, 83, -1
2980, 256, -1
2980, 141, -1
2980, 1160, -1
2980, 157, -1
2980, 1341, -1
2980, 1230, -1
2980, 1701, -1
2980, 49, -1
2980, 461, -1
2980, 1070, -1
2980, 591, -1
2980, 876, -1
2980, 562, -1
2980, 53, -1
2980, 459, -1
2980, 981, -1
2039, 2688, -1
2039, 3688, -1
2039, 3059, -1
2039, 2124, -1
2039, 3326, -1
2039, 2132, -1
2039, 3101, -1
2039, 3250, -1
2039, 3397, -1
2039, 2150, -1
2039, 3298, -1
2039, 3302, -1
2039, 3767, -1
2039, 3484, -1
2039, 2425, -1
2039, 2452, -1
2039, 2819, -1
2039, 3424, -1
2039, 2499, -1
2039, 2328, -1
2039, 2980, -1
196, 2688, -1
196, 3688, -1
196, 3059, -1
196, 2124, -1
196, 3326, -1
196, 2132, -1
196, 3101, -1
196, 3250, -1
196, 3397, -1
196, 2150, -1
196, 3298, -1
196, 3302, -1
196, 3767, -1
196, 3484, -1
196, 2425, -1
196, 2452, -1
196, 2819, -1
196, 3424, -1
196, 2499, -1
196, 2328, -1
196, 2980, -1
3055, 382, -1
3055, 348, -1
3055, 760, -1
3055, 421, -1
3055, 1914, -1
3055, 592, -1
3055, 83, -1
3055, 256, -1
3055, 141, -1
3055, 1160, -1
3055, 157, -1
3055, 1341, -1
3055, 1230, -1
3055, 1701, -1
3055, 49, -1
3055, 461, -1
3055, 1070, -1
3055, 591, -1
3055, 876, -1
3055, 562, -1
3055, 53, -1
3055, 459, -1
3055, 981, -1
3055, 2039, -1
3055, 196, -1

2834, 2688, 1
2834, 3688, 1
2834, 3059, 1
2834, 2124, 1
2834, 3326, 1
2834, 2132, 1
2834, 3101, 1
2834, 3250, 1
2834, 3397, 1
2834, 2150, 1
2834, 3298, 1
2834, 3302, 1
2834, 3767, 1
2834, 3484, 1
2834, 2425, 1
2834, 2452, 1
2834, 2819, 1
2834, 3424, 1
2834, 2499, 1
2834, 2328, 1
2834, 2980, 1
2834, 3055, 1
965, 382, 1
965, 348, 1
965, 760, 1
965, 421, 1
965, 1914, 1
965, 592, 1
965, 83, 1
965, 256, 1
965, 141, 1
965, 1160, 1
965, 157, 1
965, 1341, 1
965, 1230, 1
965, 1701, 1
965, 49, 1
965, 461, 1
965, 1070, 1
965, 591, 1
965, 876, 1
965, 562, 1
965, 53, 1
965, 459, 1
965, 981, 1
965, 2039, 1
965, 196, 1
3333, 2688, 1
3333, 3688, 1
3333, 3059, 1
3333, 2124, 1
3333, 3326, 1
3333, 2132, 1
3333, 3101, 1
3333, 3250, 1
3333, 3397, 1
3333, 2150, 1
3333, 3298, 1
3333, 3302, 1
3333, 3767, 1
3333, 3484, 1
3333, 2425, 1
3333, 2452, 1
3333, 2819, 1
3333, 3424, 1
3333, 2499, 1
3333, 2328, 1
3333, 2980, 1
3333, 3055, 1
3333, 2834, 1
2825, 2688, 1
2825, 3688, 1
2825, 3059, 1
2825, 2124, 1
2825, 3326, 1
2825, 2132, 1
2825, 3101, 1
2825, 3250, 1
2825, 3397, 1
2825, 2150, 1
2825, 3298, 1
2825, 3302, 1
2825, 3767, 1
2825, 3484, 1
2825, 2425, 1
2825, 2452, 1
2825, 2819, 1
2825, 3424, 1
2825, 2499, 1
2825, 2328, 1
2825, 2980, 1
2825, 3055, 1
2825, 2834, 1
2825, 3333, 1
3742, 2688, 1
3742, 3688, 1
3742, 3059, 1
3742, 2124, 1
3742, 3326, 1
3742, 2132, 1
3742, 3101, 1
3742, 3250, 1
3742, 3397, 1
3742, 2150, 1
3742, 3298, 1
3742, 3302, 1
3742, 3767, 1
3742, 3484, 1
3742, 2425, 1
3742, 2452, 1
3742, 2819, 1
3742, 3424, 1
3742, 2499, 1
3742, 2328, 1
3742, 2980, 1
3742, 3055, 1
3742, 2834, 1
3742, 3333, 1
3742, 2825, 1
2834, 382, -1
2834, 348, -1
2834, 760, -1
2834, 421, -1
2834, 1914, -1
2834, 592, -1
2834, 83, -1
2834, 256, -1
2834, 141, -1
2834, 1160, -1
2834, 157, -1
2834, 1341, -1
2834, 1230, -1
2834, 1701, -1
2834, 49, -1
2834, 461, -1
2834, 1070, -1
2834, 591, -1
2834, 876, -1
2834, 562, -1
2834, 53, -1
2834, 459, -1
2834, 981, -1
2834, 2039, -1
2834, 196, -1
965, 2688, -1
965, 3688, -1
965, 3059, -1
965, 2124, -1
965, 3326, -1
965, 2132, -1
965, 3101, -1
965, 3250, -1
965, 3397, -1
965, 2150, -1
965, 3298, -1
965, 3302, -1
965, 3767, -1
965, 3484, -1
965, 2425, -1
965, 2452, -1
965, 2819, -1
965, 3424, -1
965, 2499, -1
965, 2328, -1
965, 2980, -1
965, 3055, -1
965, 2834, -1
3333, 382, -1
3333, 348, -1
3333, 760, -1
3333, 421, -1
3333, 1914, -1
3333, 592, -1
3333, 83, -1
3333, 256, -1
3333, 141, -1
3333, 1160, -1
3333, 157, -1
3333, 1341, -1
3333, 1230, -1
3333, 1701, -1
3333, 49, -1
3333, 461, -1
3333, 1070, -1
3333, 591, -1
3333, 876, -1
3333, 562, -1
3333, 53, -1
3333, 459, -1
3333, 981, -1
3333, 2039, -1
3333, 196, -1
3333, 965, -1
2825, 382, -1
2825, 348, -1
2825, 760, -1
2825, 421, -1
2825, 1914, -1
2825, 592, -1
2825, 83, -1
2825, 256, -1
2825, 141, -1
2825, 1160, -1
2825, 157, -1
2825, 1341, -1
2825, 1230, -1
2825, 1701, -1
2825, 49, -1
2825, 461, -1
2825, 1070, -1
2825, 591, -1
2825, 876, -1
2825, 562, -1
2825, 53, -1
2825, 459, -1
2825, 981, -1
2825, 2039, -1
2825, 196, -1
2825, 965, -1
3742, 382, -1
3742, 348, -1
3742, 760, -1
3742, 421, -1
3742, 1914, -1
3742, 592, -1
3742, 83, -1
3742, 256, -1
3742, 141, -1
3742, 1160, -1
3742, 157, -1
3742, 1341, -1
3742, 1230, -1
3742, 1701, -1
3742, 49, -1
3742, 461, -1
3742, 1070, -1
3742, 591, -1
3742, 876, -1
3742, 562, -1
3742, 53, -1
3742, 459, -1
3742, 981, -1
3742, 2039, -1
3742, 196, -1
3742, 965, -1

2458, 2688, 1
2458, 3688, 1
2458, 3059, 1
2458, 2124, 1
2458, 3326, 1
2458, 2132, 1
2458, 3101, 1
2458, 3250, 1
2458, 3397, 1
2458, 2150, 1
2458, 3298, 1
2458, 3302, 1
2458, 3767, 1
2458, 3484, 1
2458, 2425, 1
2458, 2452, 1
2458, 2819, 1
2458, 3424, 1
2458, 2499, 1
2458, 2328, 1
2458, 2980, 1
2458, 3055, 1
2458, 2834, 1
2458, 3333, 1
2458, 2825, 1
2458, 3742, 1
2528, 2688, 1
2528, 3688, 1
2528, 3059, 1
2528, 2124, 1
2528, 3326, 1
2528, 2132, 1
2528, 3101, 1
2528, 3250, 1
2528, 3397, 1
2528, 2150, 1
2528, 3298, 1
2528, 3302, 1
2528, 3767, 1
2528, 3484, 1
2528, 2425, 1
2528, 2452, 1
2528, 2819, 1
2528, 3424, 1
2528, 2499, 1
2528, 2328, 1
2528, 2980, 1
2528, 3055, 1
2528, 2834, 1
2528, 3333, 1
2528, 2825, 1
2528, 3742, 1
2528, 2458, 1
2198, 2688, 1
2198, 3688, 1
2198, 3059, 1
2198, 2124, 1
2198, 3326, 1
2198, 2132, 1
2198, 3101, 1
2198, 3250, 1
2198, 3397, 1
2198, 2150, 1
2198, 3298, 1
2198, 3302, 1
2198, 3767, 1
2198, 3484, 1
2198, 2425, 1
2198, 2452, 1
2198, 2819, 1
2198, 3424, 1
2198, 2499, 1
2198, 2328, 1
2198, 2980, 1
2198, 3055, 1
2198, 2834, 1
2198, 3333, 1
2198, 2825, 1
2198, 3742, 1
2198, 2458, 1
2198, 2528, 1
3381, 2688, 1
3381, 3688, 1
3381, 3059, 1
3381, 2124, 1
3381, 3326, 1
3381, 2132, 1
3381, 3101, 1
3381, 3250, 1
3381, 3397, 1
3381, 2150, 1
3381, 3298, 1
3381, 3302, 1
3381, 3767, 1
3381, 3484, 1
3381, 2425, 1
3381, 2452, 1
3381, 2819, 1
3381, 3424, 1
3381, 2499, 1
3381, 2328, 1
3381, 2980, 1
3381, 3055, 1
3381, 2834, 1
3381, 3333, 1
3381, 2825, 1
3381, 3742, 1
3381, 2458, 1
3381, 2528, 1
3381, 2198, 1
979, 382, 1
979, 348, 1
979, 760, 1
979, 421, 1
979, 1914, 1
979, 592, 1
979, 83, 1
979, 256, 1
979, 141, 1
979, 1160, 1
979, 157, 1
979, 1341, 1
979, 1230, 1
979, 1701, 1
979, 49, 1
979, 461, 1
979, 1070, 1
979, 591, 1
979, 876, 1
979, 562, 1
979, 53, 1
979, 459, 1
979, 981, 1
979, 2039, 1
979, 196, 1
979, 965, 1
2458, 382, -1
2458, 348, -1
2458, 760, -1
2458, 421, -1
2458, 1914, -1
2458, 592, -1
2458, 83, -1
2458, 256, -1
2458, 141, -1
2458, 1160, -1
2458, 157, -1
2458, 1341, -1
2458, 1230, -1
2458, 1701, -1
2458, 49, -1
2458, 461, -1
2458, 1070, -1
2458, 591, -1
2458, 876, -1
2458, 562, -1
2458, 53, -1
2458, 459, -1
2458, 981, -1
2458, 2039, -1
2458, 196, -1
2458, 965, -1
2528, 382, -1
2528, 348, -1
2528, 760, -1
2528, 421, -1
2528, 1914, -1
2528, 592, -1
2528, 83, -1
2528, 256, -1
2528, 141, -1
2528, 1160, -1
2528, 157, -1
2528, 1341, -1
2528, 1230, -1
2528, 1701, -1
2528, 49, -1
2528, 461, -1
2528, 1070, -1
2528, 591, -1
2528, 876, -1
2528, 562, -1
2528, 53, -1
2528, 459, -1
2528, 981, -1
2528, 2039, -1
2528, 196, -1
2528, 965, -1
2198, 382, -1
2198, 348, -1
2198, 760, -1
2198, 421, -1
2198, 1914, -1
2198, 592, -1
2198, 83, -1
2198, 256, -1
2198, 141, -1
2198, 1160, -1
2198, 157, -1
2198, 1341, -1
2198, 1230, -1
2198, 1701, -1
2198, 49, -1
2198, 461, -1
2198, 1070, -1
2198, 591, -1
2198, 876, -1
2198, 562, -1
2198, 53, -1
2198, 459, -1
2198, 981, -1
2198, 2039, -1
2198, 196, -1
2198, 965, -1
3381, 382, -1
3381, 348, -1
3381, 760, -1
3381, 421, -1
3381, 1914, -1
3381, 592, -1
3381, 83, -1
3381, 256, -1
3381, 141, -1
3381, 1160, -1
3381, 157, -1
3381, 1341, -1
3381, 1230, -1
3381, 1701, -1
3381, 49, -1
3381, 461, -1
3381, 1070, -1
3381, 591, -1
3381, 876, -1
3381, 562, -1
3381, 53, -1
3381, 459, -1
3381, 981, -1
3381, 2039, -1
3381, 196, -1
3381, 965, -1
979, 2688, -1
979, 3688, -1
979, 3059, -1
979, 2124, -1
979, 3326, -1
979, 2132, -1
979, 3101, -1
979, 3250, -1
979, 3397, -1
979, 2150, -1
979, 3298, -1
979, 3302, -1
979, 3767, -1
979, 3484, -1
979, 2425, -1
979, 2452, -1
979, 2819, -1
979, 3424, -1
979, 2499, -1
979, 2328, -1
979, 2980, -1
979, 3055, -1
979, 2834, -1
979, 3333, -1
979, 2825, -1
979, 3742, -1
979, 2458, -1
979, 2528, -1
979, 2198, -1
979, 3381, -1

516, 382, 1
516, 348, 1
516, 760, 1
516, 421, 1
516, 1914, 1
516, 592, 1
516, 83, 1
516, 256, 1
516, 141, 1
516, 1160, 1
516, 157, 1
516, 1341, 1
516, 1230, 1
516, 1701, 1
516, 49, 1
516, 461, 1
516, 1070, 1
516, 591, 1
516, 876, 1
516, 562, 1
516, 53, 1
516, 459, 1
516, 981, 1
516, 2039, 1
516, 196, 1
516, 965, 1
516, 979, 1
3784, 2688, 1
3784, 3688, 1
3784, 3059, 1
3784, 2124, 1
3784, 3326, 1
3784, 2132, 1
3784, 3101, 1
3784, 3250, 1
3784, 3397, 1
3784, 2150, 1
3784, 3298, 1
3784, 3302, 1
3784, 3767, 1
3784, 3484, 1
3784, 2425, 1
3784, 2452, 1
3784, 2819, 1
3784, 3424, 1
3784, 2499, 1
3784, 2328, 1
3784, 2980, 1
3784, 3055, 1
3784, 2834, 1
3784, 3333, 1
3784, 2825, 1
3784, 3742, 1
3784, 2458, 1
3784, 2528, 1
3784, 2198, 1
3784, 3381, 1
3795, 2688, 1
3795, 3688, 1
3795, 3059, 1
3795, 2124, 1
3795, 3326, 1
3795, 2132, 1
3795, 3101, 1
3795, 3250, 1
3795, 3397, 1
3795, 2150, 1
3795, 3298, 1
3795, 3302, 1
3795, 3767, 1
3795, 3484, 1
3795, 2425, 1
3795, 2452, 1
3795, 2819, 1
3795, 3424, 1
3795, 2499, 1
3795, 2328, 1
3795, 2980, 1
3795, 3055, 1
3795, 2834, 1
3795, 3333, 1
3795, 2825, 1
3795, 3742, 1
3795, 2458, 1
3795, 2528, 1
3795, 2198, 1
3795, 3381, 1
3795, 3784, 1
2408, 2688, 1
2408, 3688, 1
2408, 3059, 1
2408, 2124, 1
2408, 3326, 1
2408, 2132, 1
2408, 3101, 1
2408, 3250, 1
2408, 3397, 1
2408, 2150, 1
2408, 3298, 1
2408, 3302, 1
2408, 3767, 1
2408, 3484, 1
2408, 2425, 1
2408, 2452, 1
2408, 2819, 1
2408, 3424, 1
2408, 2499, 1
2408, 2328, 1
2408, 2980, 1
2408, 3055, 1
2408, 2834, 1
2408, 3333, 1
2408, 2825, 1
2408, 3742, 1
2408, 2458, 1
2408, 2528, 1
2408, 2198, 1
2408, 3381, 1
2408, 3784, 1
2408, 3795, 1
0, 382, 1
0, 348, 1
0, 760, 1
0, 421, 1
0, 1914, 1
0, 592, 1
0, 83, 1
0, 256, 1
0, 141, 1
0, 1160, 1
0, 157, 1
0, 1341, 1
0, 1230, 1
0, 1701, 1
0, 49, 1
0, 461, 1
0, 1070, 1
0, 591, 1
0, 876, 1
0, 562, 1
0, 53, 1
0, 459, 1
0, 981, 1
0, 2039, 1
0, 196, 1
0, 965, 1
0, 979, 1
0, 516, 1
1984, 382, 1
1984, 348, 1
1984, 760, 1
1984, 421, 1
1984, 1914, 1
1984, 592, 1
1984, 83, 1
1984, 256, 1
1984, 141, 1
1984, 1160, 1
1984, 157, 1
1984, 1341, 1
1984, 1230, 1
1984, 1701, 1
1984, 49, 1
1984, 461, 1
1984, 1070, 1
1984, 591, 1
1984, 876, 1
1984, 562, 1
1984, 53, 1
1984, 459, 1
1984, 981, 1
1984, 2039, 1
1984, 196, 1
1984, 965, 1
1984, 979, 1
1984, 516, 1
1984, 0, 1
516, 2688, -1
516, 3688, -1
516, 3059, -1
516, 2124, -1
516, 3326, -1
516, 2132, -1
516, 3101, -1
516, 3250, -1
516, 3397, -1
516, 2150, -1
516, 3298, -1
516, 3302, -1
516, 3767, -1
516, 3484, -1
516, 2425, -1
516, 2452, -1
516, 2819, -1
516, 3424, -1
516, 2499, -1
516, 2328, -1
516, 2980, -1
516, 3055, -1
516, 2834, -1
516, 3333, -1
516, 2825, -1
516, 3742, -1
516, 2458, -1
516, 2528, -1
516, 2198, -1
516, 3381, -1
3784, 382, -1
3784, 348, -1
3784, 760, -1
3784, 421, -1
3784, 1914, -1
3784, 592, -1
3784, 83, -1
3784, 256, -1
3784, 141, -1
3784, 1160, -1
3784, 157, -1
3784, 1341, -1
3784, 1230, -1
3784, 1701, -1
3784, 49, -1
3784, 461, -1
3784, 1070, -1
3784, 591, -1
3784, 876, -1
3784, 562, -1
3784, 53, -1
3784, 459, -1
3784, 981, -1
3784, 2039, -1
3784, 196, -1
3784, 965, -1
3784, 979, -1
3784, 516, -1
3795, 382, -1
3795, 348, -1
3795, 760, -1
3795, 421, -1
3795, 1914, -1
3795, 592, -1
3795, 83, -1
3795, 256, -1
3795, 141, -1
3795, 1160, -1
3795, 157, -1
3795, 1341, -1
3795, 1230, -1
3795, 1701, -1
3795, 49, -1
3795, 461, -1
3795, 1070, -1
3795, 591, -1
3795, 876, -1
3795, 562, -1
3795, 53, -1
3795, 459, -1
3795, 981, -1
3795, 2039, -1
3795, 196, -1
3795, 965, -1
3795, 979, -1
3795, 516, -1
2408, 382, -1
2408, 348, -1
2408, 760, -1
2408, 421, -1
2408, 1914, -1
2408, 592, -1
2408, 83, -1
2408, 256, -1
2408, 141, -1
2408, 1160, -1
2408, 157, -1
2408, 1341, -1
2408, 1230, -1
2408, 1701, -1
2408, 49, -1
2408, 461, -1
2408, 1070, -1
2408, 591, -1
2408, 876, -1
2408, 562, -1
2408, 53, -1
2408, 459, -1
2408, 981, -1
2408, 2039, -1
2408, 196, -1
2408, 965, -1
2408, 979, -1
2408, 516, -1
0, 2688, -1
0, 3688, -1
0, 3059, -1
0, 2124, -1
0, 3326, -1
0, 2132, -1
0, 3101, -1
0, 3250, -1
0, 3397, -1
0, 2150, -1
0, 3298, -1
0, 3302, -1
0, 3767, -1
0, 3484, -1
0, 2425, -1
0, 2452, -1
0, 2819, -1
0, 3424, -1
0, 2499, -1
0, 2328, -1
0, 2980, -1
0, 3055, -1
0, 2834, -1
0, 3333, -1
0, 2825, -1
0, 3742, -1
0, 2458, -1
0, 2528, -1
0, 2198, -1
0, 3381, -1
0, 3784, -1
0, 3795, -1
0, 2408, -1
1984, 2688, -1
1984, 3688, -1
1984, 3059, -1
1984, 2124, -1
1984, 3326, -1
1984, 2132, -1
1984, 3101, -1
1984, 3250, -1
1984, 3397, -1
1984, 2150, -1
1984, 3298, -1
1984, 3302, -1
1984, 3767, -1
1984, 3484, -1
1984, 2425, -1
1984, 2452, -1
1984, 2819, -1
1984, 3424, -1
1984, 2499, -1
1984, 2328, -1
1984, 2980, -1
1984, 3055, -1
1984, 2834, -1
1984, 3333, -1
1984, 2825, -1
1984, 3742, -1
1984, 2458, -1
1984, 2528, -1
1984, 2198, -1
1984, 3381, -1
1984, 3784, -1
1984, 3795, -1
1984, 2408, -1

