92, 126, 1
128, 126, 1
128, 92, 1
185, 126, -1
185, 92, -1
185, 128, -1
45, 126, -1
45, 92, -1
45, 128, -1
45, 185, -1
164, 126, -1
164, 92, -1
164, 128, -1
164, 185, -1
164, 45, -1

96, 126, 1
96, 92, 1
96, 128, 1
60, 45, 1
96, 185, -1
96, 45, -1
96, 164, -1
60, 126, -1
60, 92, -1
60, 128, -1
60, 96, -1
60, 185, -1
60, 164, -1
180, 126, -1
180, 92, -1
180, 128, -1
180, 96, -1
180, 185, -1
180, 45, -1
180, 60, -1
180, 164, -1

113, 126, 1
113, 92, 1
113, 128, 1
113, 96, 1
95, 126, 1
95, 92, 1
95, 128, 1
95, 96, 1
95, 113, 1
46, 45, 1
46, 60, 1
84, 126, 1
84, 92, 1
84, 128, 1
84, 96, 1
84, 113, 1
84, 95, 1
78, 126, 1
78, 92, 1
78, 128, 1
78, 96, 1
78, 113, 1
78, 95, 1
78, 84, 1
1, 45, 1
1, 60, 1
1, 46, 1
113, 185, -1
113, 45, -1
113, 60, -1
113, 164, -1
113, 180, -1
95, 185, -1
95, 45, -1
95, 60, -1
95, 164, -1
95, 180, -1
46, 126, -1
46, 92, -1
46, 128, -1
46, 96, -1
46, 113, -1
46, 95, -1
46, 185, -1
46, 164, -1
46, 180, -1
84, 185, -1
84, 45, -1
84, 60, -1
84, 46, -1
84, 164, -1
84, 180, -1
78, 185, -1
78, 45, -1
78, 60, -1
78, 46, -1
78, 164, -1
78, 180, -1
1, 126, -1
1, 92, -1
1, 128, -1
1, 96, -1
1, 113, -1
1, 95, -1
1, 84, -1
1, 78, -1
1, 185, -1
1, 164, -1
1, 180, -1

89, 126, 1
89, 92, 1
89, 128, 1
89, 96, 1
89, 113, 1
89, 95, 1
89, 84, 1
89, 78, 1
98, 126, 1
98, 92, 1
98, 128, 1
98, 96, 1
98, 113, 1
98, 95, 1
98, 84, 1
98, 78, 1
98, 89, 1
143, 126, 1
143, 92, 1
143, 128, 1
143, 96, 1
143, 113, 1
143, 95, 1
143, 84, 1
143, 78, 1
143, 89, 1
143, 98, 1
79, 126, 1
79, 92, 1
79, 128, 1
79, 96, 1
79, 113, 1
79, 95, 1
79, 84, 1
79, 78, 1
79, 89, 1
79, 98, 1
79, 143, 1
133, 126, 1
133, 92, 1
133, 128, 1
133, 96, 1
133, 113, 1
133, 95, 1
133, 84, 1
133, 78, 1
133, 89, 1
133, 98, 1
133, 143, 1
133, 79, 1
89, 185, -1
89, 45, -1
89, 60, -1
89, 46, -1
89, 1, -1
89, 164, -1
89, 180, -1
98, 185, -1
98, 45, -1
98, 60, -1
98, 46, -1
98, 1, -1
98, 164, -1
98, 180, -1
143, 185, -1
143, 45, -1
143, 60, -1
143, 46, -1
143, 1, -1
143, 164, -1
143, 180, -1
79, 185, -1
79, 45, -1
79, 60, -1
79, 46, -1
79, 1, -1
79, 164, -1
79, 180, -1
133, 185, -1
133, 45, -1
133, 60, -1
133, 46, -1
133, 1, -1
133, 164, -1
133, 180, -1
159, 126, -1
159, 92, -1
159, 128, -1
159, 96, -1
159, 113, -1
159, 95, -1
159, 84, -1
159, 78, -1
159, 89, -1
159, 98, -1
159, 143, -1
159, 79, -1
159, 133, -1
159, 185, -1
159, 45, -1
159, 60, -1
159, 46, -1
159, 1, -1
159, 164, -1
159, 180, -1

125, 126, 1
125, 92, 1
125, 128, 1
125, 96, 1
125, 113, 1
125, 95, 1
125, 84, 1
125, 78, 1
125, 89, 1
125, 98, 1
125, 143, 1
125, 79, 1
125, 133, 1
124, 126, 1
124, 92, 1
124, 128, 1
124, 96, 1
124, 113, 1
124, 95, 1
124, 84, 1
124, 78, 1
124, 89, 1
124, 98, 1
124, 143, 1
124, 79, 1
124, 133, 1
124, 125, 1
146, 159, 1
8, 45, 1
8, 60, 1
8, 46, 1
8, 1, 1
125, 185, -1
125, 45, -1
125, 60, -1
125, 46, -1
125, 1, -1
125, 164, -1
125, 180, -1
125, 159, -1
124, 185, -1
124, 45, -1
124, 60, -1
124, 46, -1
124, 1, -1
124, 164, -1
124, 180, -1
124, 159, -1
146, 126, -1
146, 92, -1
146, 128, -1
146, 96, -1
146, 113, -1
146, 95, -1
146, 84, -1
146, 78, -1
146, 89, -1
146, 98, -1
146, 143, -1
146, 79, -1
146, 133, -1
146, 125, -1
146, 124, -1
146, 185, -1
146, 45, -1
146, 60, -1
146, 46, -1
146, 1, -1
146, 164, -1
146, 180, -1
8, 126, -1
8, 92, -1
8, 128, -1
8, 96, -1
8, 113, -1
8, 95, -1
8, 84, -1
8, 78, -1
8, 89, -1
8, 98, -1
8, 143, -1
8, 79, -1
8, 133, -1
8, 125, -1
8, 124, -1
8, 185, -1
8, 164, -1
8, 180, -1
8, 159, -1
8, 146, -1

51, 45, 1
51, 60, 1
51, 46, 1
51, 1, 1
51, 8, 1
141, 126, 1
141, 92, 1
141, 128, 1
141, 96, 1
141, 113, 1
141, 95, 1
141, 84, 1
141, 78, 1
141, 89, 1
141, 98, 1
141, 143, 1
141, 79, 1
141, 133, 1
141, 125, 1
141, 124, 1
119, 126, 1
119, 92, 1
119, 128, 1
119, 96, 1
119, 113, 1
119, 95, 1
119, 84, 1
119, 78, 1
119, 89, 1
119, 98, 1
119, 143, 1
119, 79, 1
119, 133, 1
119, 125, 1
119, 124, 1
119, 141, 1
117, 126, 1
117, 92, 1
117, 128, 1
117, 96, 1
117, 113, 1
117, 95, 1
117, 84, 1
117, 78, 1
117, 89, 1
117, 98, 1
117, 143, 1
117, 79, 1
117, 133, 1
117, 125, 1
117, 124, 1
117, 141, 1
117, 119, 1
2, 45, 1
2, 60, 1
2, 46, 1
2, 1, 1
2, 8, 1
2, 51, 1
51, 126, -1
51, 92, -1
51, 128, -1
51, 96, -1
51, 113, -1
51, 95, -1
51, 84, -1
51, 78, -1
51, 89, -1
51, 98, -1
51, 143, -1
51, 79, -1
51, 133, -1
51, 125, -1
51, 124, -1
51, 185, -1
51, 164, -1
51, 180, -1
51, 159, -1
51, 146, -1
141, 185, -1
141, 45, -1
141, 60, -1
141, 46, -1
141, 1, -1
141, 8, -1
141, 51, -1
141, 164, -1
141, 180, -1
141, 159, -1
141, 146, -1
119, 185, -1
119, 45, -1
119, 60, -1
119, 46, -1
119, 1, -1
119, 8, -1
119, 51, -1
119, 164, -1
119, 180, -1
119, 159, -1
119, 146, -1
117, 185, -1
117, 45, -1
117, 60, -1
117, 46, -1
117, 1, -1
117, 8, -1
117, 51, -1
117, 164, -1
117, 180, -1
117, 159, -1
117, 146, -1
2, 126, -1
2, 92, -1
2, 128, -1
2, 96, -1
2, 113, -1
2, 95, -1
2, 84, -1
2, 78, -1
2, 89, -1
2, 98, -1
2, 143, -1
2, 79, -1
2, 133, -1
2, 125, -1
2, 124, -1
2, 141, -1
2, 119, -1
2, 117, -1
2, 185, -1
2, 164, -1
2, 180, -1
2, 159, -1
2, 146, -1

186, 185, 1
72, 126, 1
72, 92, 1
72, 128, 1
72, 96, 1
72, 113, 1
72, 95, 1
72, 84, 1
72, 78, 1
72, 89, 1
72, 98, 1
72, 143, 1
72, 79, 1
72, 133, 1
72, 125, 1
72, 124, 1
72, 141, 1
72, 119, 1
72, 117, 1
102, 126, 1
102, 92, 1
102, 128, 1
102, 96, 1
102, 113, 1
102, 95, 1
102, 84, 1
102, 78, 1
102, 89, 1
102, 98, 1
102, 143, 1
102, 79, 1
102, 133, 1
102, 125, 1
102, 124, 1
102, 141, 1
102, 119, 1
102, 117, 1
102, 72, 1
187, 185, 1
187, 186, 1
94, 126, 1
94, 92, 1
94, 128, 1
94, 96, 1
94, 113, 1
94, 95, 1
94, 84, 1
94, 78, 1
94, 89, 1
94, 98, 1
94, 143, 1
94, 79, 1
94, 133, 1
94, 125, 1
94, 124, 1
94, 141, 1
94, 119, 1
94, 117, 1
94, 72, 1
94, 102, 1
73, 126, 1
73, 92, 1
73, 128, 1
73, 96, 1
73, 113, 1
73, 95, 1
73, 84, 1
73, 78, 1
73, 89, 1
73, 98, 1
73, 143, 1
73, 79, 1
73, 133, 1
73, 125, 1
73, 124, 1
73, 141, 1
73, 119, 1
73, 117, 1
73, 72, 1
73, 102, 1
73, 94, 1
186, 126, -1
186, 92, -1
186, 128, -1
186, 96, -1
186, 113, -1
186, 95, -1
186, 84, -1
186, 78, -1
186, 89, -1
186, 98, -1
186, 143, -1
186, 79, -1
186, 133, -1
186, 125, -1
186, 124, -1
186, 141, -1
186, 119, -1
186, 117, -1
186, 45, -1
186, 60, -1
186, 46, -1
186, 1, -1
186, 8, -1
186, 51, -1
186, 2, -1
186, 164, -1
186, 180, -1
186, 159, -1
186, 146, -1
72, 185, -1
72, 186, -1
72, 45, -1
72, 60, -1
72, 46, -1
72, 1, -1
72, 8, -1
72, 51, -1
72, 2, -1
72, 164, -1
72, 180, -1
72, 159, -1
72, 146, -1
102, 185, -1
102, 186, -1
102, 45, -1
102, 60, -1
102, 46, -1
102, 1, -1
102, 8, -1
102, 51, -1
102, 2, -1
102, 164, -1
102, 180, -1
102, 159, -1
102, 146, -1
187, 126, -1
187, 92, -1
187, 128, -1
187, 96, -1
187, 113, -1
187, 95, -1
187, 84, -1
187, 78, -1
187, 89, -1
187, 98, -1
187, 143, -1
187, 79, -1
187, 133, -1
187, 125, -1
187, 124, -1
187, 141, -1
187, 119, -1
187, 117, -1
187, 72, -1
187, 102, -1
187, 45, -1
187, 60, -1
187, 46, -1
187, 1, -1
187, 8, -1
187, 51, -1
187, 2, -1
187, 164, -1
187, 180, -1
187, 159, -1
187, 146, -1
94, 185, -1
94, 186, -1
94, 187, -1
94, 45, -1
94, 60, -1
94, 46, -1
94, 1, -1
94, 8, -1
94, 51, -1
94, 2, -1
94, 164, -1
94, 180, -1
94, 159, -1
94, 146, -1
73, 185, -1
73, 186, -1
73, 187, -1
73, 45, -1
73, 60, -1
73, 46, -1
73, 1, -1
73, 8, -1
73, 51, -1
73, 2, -1
73, 164, -1
73, 180, -1
73, 159, -1
73, 146, -1

56, 45, 1
56, 60, 1
56, 46, 1
56, 1, 1
56, 8, 1
56, 51, 1
56, 2, 1
150, 159, 1
150, 146, 1
56, 126, -1
56, 92, -1
56, 128, -1
56, 96, -1
56, 113, -1
56, 95, -1
56, 84, -1
56, 78, -1
56, 89, -1
56, 98, -1
56, 143, -1
56, 79, -1
56, 133, -1
56, 125, -1
56, 124, -1
56, 141, -1
56, 119, -1
56, 117, -1
56, 72, -1
56, 102, -1
56, 94, -1
56, 73, -1
56, 185, -1
56, 186, -1
56, 187, -1
56, 164, -1
56, 180, -1
56, 159, -1
56, 146, -1
150, 126, -1
150, 92, -1
150, 128, -1
150, 96, -1
150, 113, -1
150, 95, -1
150, 84, -1
150, 78, -1
150, 89, -1
150, 98, -1
150, 143, -1
150, 79, -1
150, 133, -1
150, 125, -1
150, 124, -1
150, 141, -1
150, 119, -1
150, 117, -1
150, 72, -1
150, 102, -1
150, 94, -1
150, 73, -1
150, 185, -1
150, 186, -1
150, 187, -1
150, 45, -1
150, 60, -1
150, 46, -1
150, 1, -1
150, 8, -1
150, 51, -1
150, 2, -1
150, 56, -1
150, 164, -1
150, 180, -1

40, 45, 1
40, 60, 1
40, 46, 1
40, 1, 1
40, 8, 1
40, 51, 1
40, 2, 1
40, 56, 1
80, 126, 1
80, 92, 1
80, 128, 1
80, 96, 1
80, 113, 1
80, 95, 1
80, 84, 1
80, 78, 1
80, 89, 1
80, 98, 1
80, 143, 1
80, 79, 1
80, 133, 1
80, 125, 1
80, 124, 1
80, 141, 1
80, 119, 1
80, 117, 1
80, 72, 1
80, 102, 1
80, 94, 1
80, 73, 1
16, 45, 1
16, 60, 1
16, 46, 1
16, 1, 1
16, 8, 1
16, 51, 1
16, 2, 1
16, 56, 1
16, 40, 1
81, 126, 1
81, 92, 1
81, 128, 1
81, 96, 1
81, 113, 1
81, 95, 1
81, 84, 1
81, 78, 1
81, 89, 1
81, 98, 1
81, 143, 1
81, 79, 1
81, 133, 1
81, 125, 1
81, 124, 1
81, 141, 1
81, 119, 1
81, 117, 1
81, 72, 1
81, 102, 1
81, 94, 1
81, 73, 1
81, 80, 1
37, 45, 1
37, 60, 1
37, 46, 1
37, 1, 1
37, 8, 1
37, 51, 1
37, 2, 1
37, 56, 1
37, 40, 1
37, 16, 1
40, 126, -1
40, 92, -1
40, 128, -1
40, 96, -1
40, 113, -1
40, 95, -1
40, 84, -1
40, 78, -1
40, 89, -1
40, 98, -1
40, 143, -1
40, 79, -1
40, 133, -1
40, 125, -1
40, 124, -1
40, 141, -1
40, 119, -1
40, 117, -1
40, 72, -1
40, 102, -1
40, 94, -1
40, 73, -1
40, 185, -1
40, 186, -1
40, 187, -1
40, 164, -1
40, 180, -1
40, 159, -1
40, 146, -1
40, 150, -1
80, 185, -1
80, 186, -1
80, 187, -1
80, 45, -1
80, 60, -1
80, 46, -1
80, 1, -1
80, 8, -1
80, 51, -1
80, 2, -1
80, 56, -1
80, 40, -1
80, 164, -1
80, 180, -1
80, 159, -1
80, 146, -1
80, 150, -1
16, 126, -1
16, 92, -1
16, 128, -1
16, 96, -1
16, 113, -1
16, 95, -1
16, 84, -1
16, 78, -1
16, 89, -1
16, 98, -1
16, 143, -1
16, 79, -1
16, 133, -1
16, 125, -1
16, 124, -1
16, 141, -1
16, 119, -1
16, 117, -1
16, 72, -1
16, 102, -1
16, 94, -1
16, 73, -1
16, 80, -1
16, 185, -1
16, 186, -1
16, 187, -1
16, 164, -1
16, 180, -1
16, 159, -1
16, 146, -1
16, 150, -1
81, 185, -1
81, 186, -1
81, 187, -1
81, 45, -1
81, 60, -1
81, 46, -1
81, 1, -1
81, 8, -1
81, 51, -1
81, 2, -1
81, 56, -1
81, 40, -1
81, 16, -1
81, 164, -1
81, 180, -1
81, 159, -1
81, 146, -1
81, 150, -1
37, 126, -1
37, 92, -1
37, 128, -1
37, 96, -1
37, 113, -1
37, 95, -1
37, 84, -1
37, 78, -1
37, 89, -1
37, 98, -1
37, 143, -1
37, 79, -1
37, 133, -1
37, 125, -1
37, 124, -1
37, 141, -1
37, 119, -1
37, 117, -1
37, 72, -1
37, 102, -1
37, 94, -1
37, 73, -1
37, 80, -1
37, 81, -1
37, 185, -1
37, 186, -1
37, 187, -1
37, 164, -1
37, 180, -1
37, 159, -1
37, 146, -1
37, 150, -1

97, 126, 1
97, 92, 1
97, 128, 1
97, 96, 1
97, 113, 1
97, 95, 1
97, 84, 1
97, 78, 1
97, 89, 1
97, 98, 1
97, 143, 1
97, 79, 1
97, 133, 1
97, 125, 1
97, 124, 1
97, 141, 1
97, 119, 1
97, 117, 1
97, 72, 1
97, 102, 1
97, 94, 1
97, 73, 1
97, 80, 1
97, 81, 1
100, 126, 1
100, 92, 1
100, 128, 1
100, 96, 1
100, 113, 1
100, 95, 1
100, 84, 1
100, 78, 1
100, 89, 1
100, 98, 1
100, 143, 1
100, 79, 1
100, 133, 1
100, 125, 1
100, 124, 1
100, 141, 1
100, 119, 1
100, 117, 1
100, 72, 1
100, 102, 1
100, 94, 1
100, 73, 1
100, 80, 1
100, 81, 1
100, 97, 1
135, 126, 1
135, 92, 1
135, 128, 1
135, 96, 1
135, 113, 1
135, 95, 1
135, 84, 1
135, 78, 1
135, 89, 1
135, 98, 1
135, 143, 1
135, 79, 1
135, 133, 1
135, 125, 1
135, 124, 1
135, 141, 1
135, 119, 1
135, 117, 1
135, 72, 1
135, 102, 1
135, 94, 1
135, 73, 1
135, 80, 1
135, 81, 1
135, 97, 1
135, 100, 1
44, 45, 1
44, 60, 1
44, 46, 1
44, 1, 1
44, 8, 1
44, 51, 1
44, 2, 1
44, 56, 1
44, 40, 1
44, 16, 1
44, 37, 1
55, 45, 1
55, 60, 1
55, 46, 1
55, 1, 1
55, 8, 1
55, 51, 1
55, 2, 1
55, 56, 1
55, 40, 1
55, 16, 1
55, 37, 1
55, 44, 1
144, 126, 1
144, 92, 1
144, 128, 1
144, 96, 1
144, 113, 1
144, 95, 1
144, 84, 1
144, 78, 1
144, 89, 1
144, 98, 1
144, 143, 1
144, 79, 1
144, 133, 1
144, 125, 1
144, 124, 1
144, 141, 1
144, 119, 1
144, 117, 1
144, 72, 1
144, 102, 1
144, 94, 1
144, 73, 1
144, 80, 1
144, 81, 1
144, 97, 1
144, 100, 1
144, 135, 1
97, 185, -1
97, 186, -1
97, 187, -1
97, 45, -1
97, 60, -1
97, 46, -1
97, 1, -1
97, 8, -1
97, 51, -1
97, 2, -1
97, 56, -1
97, 40, -1
97, 16, -1
97, 37, -1
97, 164, -1
97, 180, -1
97, 159, -1
97, 146, -1
97, 150, -1
100, 185, -1
100, 186, -1
100, 187, -1
100, 45, -1
100, 60, -1
100, 46, -1
100, 1, -1
100, 8, -1
100, 51, -1
100, 2, -1
100, 56, -1
100, 40, -1
100, 16, -1
100, 37, -1
100, 164, -1
100, 180, -1
100, 159, -1
100, 146, -1
100, 150, -1
135, 185, -1
135, 186, -1
135, 187, -1
135, 45, -1
135, 60, -1
135, 46, -1
135, 1, -1
135, 8, -1
135, 51, -1
135, 2, -1
135, 56, -1
135, 40, -1
135, 16, -1
135, 37, -1
135, 164, -1
135, 180, -1
135, 159, -1
135, 146, -1
135, 150, -1
44, 126, -1
44, 92, -1
44, 128, -1
44, 96, -1
44, 113, -1
44, 95, -1
44, 84, -1
44, 78, -1
44, 89, -1
44, 98, -1
44, 143, -1
44, 79, -1
44, 133, -1
44, 125, -1
44, 124, -1
44, 141, -1
44, 119, -1
44, 117, -1
44, 72, -1
44, 102, -1
44, 94, -1
44, 73, -1
44, 80, -1
44, 81, -1
44, 97, -1
44, 100, -1
44, 135, -1
44, 185, -1
44, 186, -1
44, 187, -1
44, 164, -1
44, 180, -1
44, 159, -1
44, 146, -1
44, 150, -1
55, 126, -1
55, 92, -1
55, 128, -1
55, 96, -1
55, 113, -1
55, 95, -1
55, 84, -1
55, 78, -1
55, 89, -1
55, 98, -1
55, 143, -1
55, 79, -1
55, 133, -1
55, 125, -1
55, 124, -1
55, 141, -1
55, 119, -1
55, 117, -1
55, 72, -1
55, 102, -1
55, 94, -1
55, 73, -1
55, 80, -1
55, 81, -1
55, 97, -1
55, 100, -1
55, 135, -1
55, 185, -1
55, 186, -1
55, 187, -1
55, 164, -1
55, 180, -1
55, 159, -1
55, 146, -1
55, 150, -1
144, 185, -1
144, 186, -1
144, 187, -1
144, 45, -1
144, 60, -1
144, 46, -1
144, 1, -1
144, 8, -1
144, 51, -1
144, 2, -1
144, 56, -1
144, 40, -1
144, 16, -1
144, 37, -1
144, 44, -1
144, 55, -1
144, 164, -1
144, 180, -1
144, 159, -1
144, 146, -1
144, 150, -1

