146, 126, 1
110, 126, 1
110, 146, 1
77, 92, 1
100, 126, 1
100, 146, 1
100, 110, 1
141, 126, 1
141, 146, 1
141, 110, 1
141, 100, 1
107, 126, 1
107, 146, 1
107, 110, 1
107, 100, 1
107, 141, 1
92, 126, -1
146, 92, -1
110, 92, -1
77, 126, -1
77, 146, -1
77, 110, -1
100, 92, -1
100, 77, -1
141, 92, -1
141, 77, -1
107, 92, -1
107, 77, -1
0, 126, -1
0, 146, -1
0, 110, -1
0, 100, -1
0, 141, -1
0, 107, -1
0, 92, -1
0, 77, -1

134, 126, 1
134, 146, 1
134, 110, 1
134, 100, 1
134, 141, 1
134, 107, 1
147, 126, 1
147, 146, 1
147, 110, 1
147, 100, 1
147, 141, 1
147, 107, 1
147, 134, 1
123, 126, 1
123, 146, 1
123, 110, 1
123, 100, 1
123, 141, 1
123, 107, 1
123, 134, 1
123, 147, 1
145, 126, 1
145, 146, 1
145, 110, 1
145, 100, 1
145, 141, 1
145, 107, 1
145, 134, 1
145, 147, 1
145, 123, 1
129, 126, 1
129, 146, 1
129, 110, 1
129, 100, 1
129, 141, 1
129, 107, 1
129, 134, 1
129, 147, 1
129, 123, 1
129, 145, 1
125, 126, 1
125, 146, 1
125, 110, 1
125, 100, 1
125, 141, 1
125, 107, 1
125, 134, 1
125, 147, 1
125, 123, 1
125, 145, 1
125, 129, 1
52, 92, 1
52, 77, 1
114, 126, 1
114, 146, 1
114, 110, 1
114, 100, 1
114, 141, 1
114, 107, 1
114, 134, 1
114, 147, 1
114, 123, 1
114, 145, 1
114, 129, 1
114, 125, 1
134, 92, -1
134, 77, -1
134, 0, -1
147, 92, -1
147, 77, -1
147, 0, -1
123, 92, -1
123, 77, -1
123, 0, -1
145, 92, -1
145, 77, -1
145, 0, -1
129, 92, -1
129, 77, -1
129, 0, -1
125, 92, -1
125, 77, -1
125, 0, -1
52, 126, -1
52, 146, -1
52, 110, -1
52, 100, -1
52, 141, -1
52, 107, -1
52, 134, -1
52, 147, -1
52, 123, -1
52, 145, -1
52, 129, -1
52, 125, -1
52, 0, -1
114, 92, -1
114, 77, -1
114, 52, -1
114, 0, -1

113, 126, 1
113, 146, 1
113, 110, 1
113, 100, 1
113, 141, 1
113, 107, 1
113, 134, 1
113, 147, 1
113, 123, 1
113, 145, 1
113, 129, 1
113, 125, 1
113, 114, 1
121, 126, 1
121, 146, 1
121, 110, 1
121, 100, 1
121, 141, 1
121, 107, 1
121, 134, 1
121, 147, 1
121, 123, 1
121, 145, 1
121, 129, 1
121, 125, 1
121, 114, 1
121, 113, 1
101, 126, 1
101, 146, 1
101, 110, 1
101, 100, 1
101, 141, 1
101, 107, 1
101, 134, 1
101, 147, 1
101, 123, 1
101, 145, 1
101, 129, 1
101, 125, 1
101, 114, 1
101, 113, 1
101, 121, 1
142, 126, 1
142, 146, 1
142, 110, 1
142, 100, 1
142, 141, 1
142, 107, 1
142, 134, 1
142, 147, 1
142, 123, 1
142, 145, 1
142, 129, 1
142, 125, 1
142, 114, 1
142, 113, 1
142, 121, 1
142, 101, 1
127, 126, 1
127, 146, 1
127, 110, 1
127, 100, 1
127, 141, 1
127, 107, 1
127, 134, 1
127, 147, 1
127, 123, 1
127, 145, 1
127, 129, 1
127, 125, 1
127, 114, 1
127, 113, 1
127, 121, 1
127, 101, 1
127, 142, 1
70, 92, 1
70, 77, 1
70, 52, 1
113, 92, -1
113, 77, -1
113, 52, -1
113, 0, -1
121, 92, -1
121, 77, -1
121, 52, -1
121, 0, -1
101, 92, -1
101, 77, -1
101, 52, -1
101, 0, -1
142, 92, -1
142, 77, -1
142, 52, -1
142, 0, -1
127, 92, -1
127, 77, -1
127, 52, -1
127, 0, -1
70, 126, -1
70, 146, -1
70, 110, -1
70, 100, -1
70, 141, -1
70, 107, -1
70, 134, -1
70, 147, -1
70, 123, -1
70, 145, -1
70, 129, -1
70, 125, -1
70, 114, -1
70, 113, -1
70, 121, -1
70, 101, -1
70, 142, -1
70, 127, -1
70, 0, -1

149, 126, 1
149, 146, 1
149, 110, 1
149, 100, 1
149, 141, 1
149, 107, 1
149, 134, 1
149, 147, 1
149, 123, 1
149, 145, 1
149, 129, 1
149, 125, 1
149, 114, 1
149, 113, 1
149, 121, 1
149, 101, 1
149, 142, 1
149, 127, 1
137, 126, 1
137, 146, 1
137, 110, 1
137, 100, 1
137, 141, 1
137, 107, 1
137, 134, 1
137, 147, 1
137, 123, 1
137, 145, 1
137, 129, 1
137, 125, 1
137, 114, 1
137, 113, 1
137, 121, 1
137, 101, 1
137, 142, 1
137, 127, 1
137, 149, 1
102, 126, 1
102, 146, 1
102, 110, 1
102, 100, 1
102, 141, 1
102, 107, 1
102, 134, 1
102, 147, 1
102, 123, 1
102, 145, 1
102, 129, 1
102, 125, 1
102, 114, 1
102, 113, 1
102, 121, 1
102, 101, 1
102, 142, 1
102, 127, 1
102, 149, 1
102, 137, 1
104, 126, 1
104, 146, 1
104, 110, 1
104, 100, 1
104, 141, 1
104, 107, 1
104, 134, 1
104, 147, 1
104, 123, 1
104, 145, 1
104, 129, 1
104, 125, 1
104, 114, 1
104, 113, 1
104, 121, 1
104, 101, 1
104, 142, 1
104, 127, 1
104, 149, 1
104, 137, 1
104, 102, 1
103, 126, 1
103, 146, 1
103, 110, 1
103, 100, 1
103, 141, 1
103, 107, 1
103, 134, 1
103, 147, 1
103, 123, 1
103, 145, 1
103, 129, 1
103, 125, 1
103, 114, 1
103, 113, 1
103, 121, 1
103, 101, 1
103, 142, 1
103, 127, 1
103, 149, 1
103, 137, 1
103, 102, 1
103, 104, 1
105, 126, 1
105, 146, 1
105, 110, 1
105, 100, 1
105, 141, 1
105, 107, 1
105, 134, 1
105, 147, 1
105, 123, 1
105, 145, 1
105, 129, 1
105, 125, 1
105, 114, 1
105, 113, 1
105, 121, 1
105, 101, 1
105, 142, 1
105, 127, 1
105, 149, 1
105, 137, 1
105, 102, 1
105, 104, 1
105, 103, 1
109, 126, 1
109, 146, 1
109, 110, 1
109, 100, 1
109, 141, 1
109, 107, 1
109, 134, 1
109, 147, 1
109, 123, 1
109, 145, 1
109, 129, 1
109, 125, 1
109, 114, 1
109, 113, 1
109, 121, 1
109, 101, 1
109, 142, 1
109, 127, 1
109, 149, 1
109, 137, 1
109, 102, 1
109, 104, 1
109, 103, 1
109, 105, 1
111, 126, 1
111, 146, 1
111, 110, 1
111, 100, 1
111, 141, 1
111, 107, 1
111, 134, 1
111, 147, 1
111, 123, 1
111, 145, 1
111, 129, 1
111, 125, 1
111, 114, 1
111, 113, 1
111, 121, 1
111, 101, 1
111, 142, 1
111, 127, 1
111, 149, 1
111, 137, 1
111, 102, 1
111, 104, 1
111, 103, 1
111, 105, 1
111, 109, 1
112, 126, 1
112, 146, 1
112, 110, 1
112, 100, 1
112, 141, 1
112, 107, 1
112, 134, 1
112, 147, 1
112, 123, 1
112, 145, 1
112, 129, 1
112, 125, 1
112, 114, 1
112, 113, 1
112, 121, 1
112, 101, 1
112, 142, 1
112, 127, 1
112, 149, 1
112, 137, 1
112, 102, 1
112, 104, 1
112, 103, 1
112, 105, 1
112, 109, 1
112, 111, 1
149, 92, -1
149, 77, -1
149, 52, -1
149, 70, -1
149, 0, -1
137, 92, -1
137, 77, -1
137, 52, -1
137, 70, -1
137, 0, -1
102, 92, -1
102, 77, -1
102, 52, -1
102, 70, -1
102, 0, -1
104, 92, -1
104, 77, -1
104, 52, -1
104, 70, -1
104, 0, -1
103, 92, -1
103, 77, -1
103, 52, -1
103, 70, -1
103, 0, -1
105, 92, -1
105, 77, -1
105, 52, -1
105, 70, -1
105, 0, -1
109, 92, -1
109, 77, -1
109, 52, -1
109, 70, -1
109, 0, -1
111, 92, -1
111, 77, -1
111, 52, -1
111, 70, -1
111, 0, -1
112, 92, -1
112, 77, -1
112, 52, -1
112, 70, -1
112, 0, -1

83, 92, 1
83, 77, 1
83, 52, 1
83, 70, 1
115, 126, 1
115, 146, 1
115, 110, 1
115, 100, 1
115, 141, 1
115, 107, 1
115, 134, 1
115, 147, 1
115, 123, 1
115, 145, 1
115, 129, 1
115, 125, 1
115, 114, 1
115, 113, 1
115, 121, 1
115, 101, 1
115, 142, 1
115, 127, 1
115, 149, 1
115, 137, 1
115, 102, 1
115, 104, 1
115, 103, 1
115, 105, 1
115, 109, 1
115, 111, 1
115, 112, 1
116, 126, 1
116, 146, 1
116, 110, 1
116, 100, 1
116, 141, 1
116, 107, 1
116, 134, 1
116, 147, 1
116, 123, 1
116, 145, 1
116, 129, 1
116, 125, 1
116, 114, 1
116, 113, 1
116, 121, 1
116, 101, 1
116, 142, 1
116, 127, 1
116, 149, 1
116, 137, 1
116, 102, 1
116, 104, 1
116, 103, 1
116, 105, 1
116, 109, 1
116, 111, 1
116, 112, 1
116, 115, 1
117, 126, 1
117, 146, 1
117, 110, 1
117, 100, 1
117, 141, 1
117, 107, 1
117, 134, 1
117, 147, 1
117, 123, 1
117, 145, 1
117, 129, 1
117, 125, 1
117, 114, 1
117, 113, 1
117, 121, 1
117, 101, 1
117, 142, 1
117, 127, 1
117, 149, 1
117, 137, 1
117, 102, 1
117, 104, 1
117, 103, 1
117, 105, 1
117, 109, 1
117, 111, 1
117, 112, 1
117, 115, 1
117, 116, 1
120, 126, 1
120, 146, 1
120, 110, 1
120, 100, 1
120, 141, 1
120, 107, 1
120, 134, 1
120, 147, 1
120, 123, 1
120, 145, 1
120, 129, 1
120, 125, 1
120, 114, 1
120, 113, 1
120, 121, 1
120, 101, 1
120, 142, 1
120, 127, 1
120, 149, 1
120, 137, 1
120, 102, 1
120, 104, 1
120, 103, 1
120, 105, 1
120, 109, 1
120, 111, 1
120, 112, 1
120, 115, 1
120, 116, 1
120, 117, 1
124, 126, 1
124, 146, 1
124, 110, 1
124, 100, 1
124, 141, 1
124, 107, 1
124, 134, 1
124, 147, 1
124, 123, 1
124, 145, 1
124, 129, 1
124, 125, 1
124, 114, 1
124, 113, 1
124, 121, 1
124, 101, 1
124, 142, 1
124, 127, 1
124, 149, 1
124, 137, 1
124, 102, 1
124, 104, 1
124, 103, 1
124, 105, 1
124, 109, 1
124, 111, 1
124, 112, 1
124, 115, 1
124, 116, 1
124, 117, 1
124, 120, 1
131, 126, 1
131, 146, 1
131, 110, 1
131, 100, 1
131, 141, 1
131, 107, 1
131, 134, 1
131, 147, 1
131, 123, 1
131, 145, 1
131, 129, 1
131, 125, 1
131, 114, 1
131, 113, 1
131, 121, 1
131, 101, 1
131, 142, 1
131, 127, 1
131, 149, 1
131, 137, 1
131, 102, 1
131, 104, 1
131, 103, 1
131, 105, 1
131, 109, 1
131, 111, 1
131, 112, 1
131, 115, 1
131, 116, 1
131, 117, 1
131, 120, 1
131, 124, 1
135, 126, 1
135, 146, 1
135, 110, 1
135, 100, 1
135, 141, 1
135, 107, 1
135, 134, 1
135, 147, 1
135, 123, 1
135, 145, 1
135, 129, 1
135, 125, 1
135, 114, 1
135, 113, 1
135, 121, 1
135, 101, 1
135, 142, 1
135, 127, 1
135, 149, 1
135, 137, 1
135, 102, 1
135, 104, 1
135, 103, 1
135, 105, 1
135, 109, 1
135, 111, 1
135, 112, 1
135, 115, 1
135, 116, 1
135, 117, 1
135, 120, 1
135, 124, 1
135, 131, 1
139, 126, 1
139, 146, 1
139, 110, 1
139, 100, 1
139, 141, 1
139, 107, 1
139, 134, 1
139, 147, 1
139, 123, 1
139, 145, 1
139, 129, 1
139, 125, 1
139, 114, 1
139, 113, 1
139, 121, 1
139, 101, 1
139, 142, 1
139, 127, 1
139, 149, 1
139, 137, 1
139, 102, 1
139, 104, 1
139, 103, 1
139, 105, 1
139, 109, 1
139, 111, 1
139, 112, 1
139, 115, 1
139, 116, 1
139, 117, 1
139, 120, 1
139, 124, 1
139, 131, 1
139, 135, 1
140, 126, 1
140, 146, 1
140, 110, 1
140, 100, 1
140, 141, 1
140, 107, 1
140, 134, 1
140, 147, 1
140, 123, 1
140, 145, 1
140, 129, 1
140, 125, 1
140, 114, 1
140, 113, 1
140, 121, 1
140, 101, 1
140, 142, 1
140, 127, 1
140, 149, 1
140, 137, 1
140, 102, 1
140, 104, 1
140, 103, 1
140, 105, 1
140, 109, 1
140, 111, 1
140, 112, 1
140, 115, 1
140, 116, 1
140, 117, 1
140, 120, 1
140, 124, 1
140, 131, 1
140, 135, 1
140, 139, 1
83, 126, -1
83, 146, -1
83, 110, -1
83, 100, -1
83, 141, -1
83, 107, -1
83, 134, -1
83, 147, -1
83, 123, -1
83, 145, -1
83, 129, -1
83, 125, -1
83, 114, -1
83, 113, -1
83, 121, -1
83, 101, -1
83, 142, -1
83, 127, -1
83, 149, -1
83, 137, -1
83, 102, -1
83, 104, -1
83, 103, -1
83, 105, -1
83, 109, -1
83, 111, -1
83, 112, -1
83, 0, -1
115, 92, -1
115, 77, -1
115, 52, -1
115, 70, -1
115, 83, -1
115, 0, -1
116, 92, -1
116, 77, -1
116, 52, -1
116, 70, -1
116, 83, -1
116, 0, -1
117, 92, -1
117, 77, -1
117, 52, -1
117, 70, -1
117, 83, -1
117, 0, -1
120, 92, -1
120, 77, -1
120, 52, -1
120, 70, -1
120, 83, -1
120, 0, -1
124, 92, -1
124, 77, -1
124, 52, -1
124, 70, -1
124, 83, -1
124, 0, -1
131, 92, -1
131, 77, -1
131, 52, -1
131, 70, -1
131, 83, -1
131, 0, -1
135, 92, -1
135, 77, -1
135, 52, -1
135, 70, -1
135, 83, -1
135, 0, -1
139, 92, -1
139, 77, -1
139, 52, -1
139, 70, -1
139, 83, -1
139, 0, -1
140, 92, -1
140, 77, -1
140, 52, -1
140, 70, -1
140, 83, -1
140, 0, -1

143, 126, 1
143, 146, 1
143, 110, 1
143, 100, 1
143, 141, 1
143, 107, 1
143, 134, 1
143, 147, 1
143, 123, 1
143, 145, 1
143, 129, 1
143, 125, 1
143, 114, 1
143, 113, 1
143, 121, 1
143, 101, 1
143, 142, 1
143, 127, 1
143, 149, 1
143, 137, 1
143, 102, 1
143, 104, 1
143, 103, 1
143, 105, 1
143, 109, 1
143, 111, 1
143, 112, 1
143, 115, 1
143, 116, 1
143, 117, 1
143, 120, 1
143, 124, 1
143, 131, 1
143, 135, 1
143, 139, 1
143, 140, 1
144, 126, 1
144, 146, 1
144, 110, 1
144, 100, 1
144, 141, 1
144, 107, 1
144, 134, 1
144, 147, 1
144, 123, 1
144, 145, 1
144, 129, 1
144, 125, 1
144, 114, 1
144, 113, 1
144, 121, 1
144, 101, 1
144, 142, 1
144, 127, 1
144, 149, 1
144, 137, 1
144, 102, 1
144, 104, 1
144, 103, 1
144, 105, 1
144, 109, 1
144, 111, 1
144, 112, 1
144, 115, 1
144, 116, 1
144, 117, 1
144, 120, 1
144, 124, 1
144, 131, 1
144, 135, 1
144, 139, 1
144, 140, 1
144, 143, 1
148, 126, 1
148, 146, 1
148, 110, 1
148, 100, 1
148, 141, 1
148, 107, 1
148, 134, 1
148, 147, 1
148, 123, 1
148, 145, 1
148, 129, 1
148, 125, 1
148, 114, 1
148, 113, 1
148, 121, 1
148, 101, 1
148, 142, 1
148, 127, 1
148, 149, 1
148, 137, 1
148, 102, 1
148, 104, 1
148, 103, 1
148, 105, 1
148, 109, 1
148, 111, 1
148, 112, 1
148, 115, 1
148, 116, 1
148, 117, 1
148, 120, 1
148, 124, 1
148, 131, 1
148, 135, 1
148, 139, 1
148, 140, 1
148, 143, 1
148, 144, 1
122, 126, 1
122, 146, 1
122, 110, 1
122, 100, 1
122, 141, 1
122, 107, 1
122, 134, 1
122, 147, 1
122, 123, 1
122, 145, 1
122, 129, 1
122, 125, 1
122, 114, 1
122, 113, 1
122, 121, 1
122, 101, 1
122, 142, 1
122, 127, 1
122, 149, 1
122, 137, 1
122, 102, 1
122, 104, 1
122, 103, 1
122, 105, 1
122, 109, 1
122, 111, 1
122, 112, 1
122, 115, 1
122, 116, 1
122, 117, 1
122, 120, 1
122, 124, 1
122, 131, 1
122, 135, 1
122, 139, 1
122, 140, 1
122, 143, 1
122, 144, 1
122, 148, 1
130, 126, 1
130, 146, 1
130, 110, 1
130, 100, 1
130, 141, 1
130, 107, 1
130, 134, 1
130, 147, 1
130, 123, 1
130, 145, 1
130, 129, 1
130, 125, 1
130, 114, 1
130, 113, 1
130, 121, 1
130, 101, 1
130, 142, 1
130, 127, 1
130, 149, 1
130, 137, 1
130, 102, 1
130, 104, 1
130, 103, 1
130, 105, 1
130, 109, 1
130, 111, 1
130, 112, 1
130, 115, 1
130, 116, 1
130, 117, 1
130, 120, 1
130, 124, 1
130, 131, 1
130, 135, 1
130, 139, 1
130, 140, 1
130, 143, 1
130, 144, 1
130, 148, 1
130, 122, 1
133, 126, 1
133, 146, 1
133, 110, 1
133, 100, 1
133, 141, 1
133, 107, 1
133, 134, 1
133, 147, 1
133, 123, 1
133, 145, 1
133, 129, 1
133, 125, 1
133, 114, 1
133, 113, 1
133, 121, 1
133, 101, 1
133, 142, 1
133, 127, 1
133, 149, 1
133, 137, 1
133, 102, 1
133, 104, 1
133, 103, 1
133, 105, 1
133, 109, 1
133, 111, 1
133, 112, 1
133, 115, 1
133, 116, 1
133, 117, 1
133, 120, 1
133, 124, 1
133, 131, 1
133, 135, 1
133, 139, 1
133, 140, 1
133, 143, 1
133, 144, 1
133, 148, 1
133, 122, 1
133, 130, 1
136, 126, 1
136, 146, 1
136, 110, 1
136, 100, 1
136, 141, 1
136, 107, 1
136, 134, 1
136, 147, 1
136, 123, 1
136, 145, 1
136, 129, 1
136, 125, 1
136, 114, 1
136, 113, 1
136, 121, 1
136, 101, 1
136, 142, 1
136, 127, 1
136, 149, 1
136, 137, 1
136, 102, 1
136, 104, 1
136, 103, 1
136, 105, 1
136, 109, 1
136, 111, 1
136, 112, 1
136, 115, 1
136, 116, 1
136, 117, 1
136, 120, 1
136, 124, 1
136, 131, 1
136, 135, 1
136, 139, 1
136, 140, 1
136, 143, 1
136, 144, 1
136, 148, 1
136, 122, 1
136, 130, 1
136, 133, 1
128, 126, 1
128, 146, 1
128, 110, 1
128, 100, 1
128, 141, 1
128, 107, 1
128, 134, 1
128, 147, 1
128, 123, 1
128, 145, 1
128, 129, 1
128, 125, 1
128, 114, 1
128, 113, 1
128, 121, 1
128, 101, 1
128, 142, 1
128, 127, 1
128, 149, 1
128, 137, 1
128, 102, 1
128, 104, 1
128, 103, 1
128, 105, 1
128, 109, 1
128, 111, 1
128, 112, 1
128, 115, 1
128, 116, 1
128, 117, 1
128, 120, 1
128, 124, 1
128, 131, 1
128, 135, 1
128, 139, 1
128, 140, 1
128, 143, 1
128, 144, 1
128, 148, 1
128, 122, 1
128, 130, 1
128, 133, 1
128, 136, 1
132, 126, 1
132, 146, 1
132, 110, 1
132, 100, 1
132, 141, 1
132, 107, 1
132, 134, 1
132, 147, 1
132, 123, 1
132, 145, 1
132, 129, 1
132, 125, 1
132, 114, 1
132, 113, 1
132, 121, 1
132, 101, 1
132, 142, 1
132, 127, 1
132, 149, 1
132, 137, 1
132, 102, 1
132, 104, 1
132, 103, 1
132, 105, 1
132, 109, 1
132, 111, 1
132, 112, 1
132, 115, 1
132, 116, 1
132, 117, 1
132, 120, 1
132, 124, 1
132, 131, 1
132, 135, 1
132, 139, 1
132, 140, 1
132, 143, 1
132, 144, 1
132, 148, 1
132, 122, 1
132, 130, 1
132, 133, 1
132, 136, 1
132, 128, 1
143, 92, -1
143, 77, -1
143, 52, -1
143, 70, -1
143, 83, -1
143, 0, -1
144, 92, -1
144, 77, -1
144, 52, -1
144, 70, -1
144, 83, -1
144, 0, -1
148, 92, -1
148, 77, -1
148, 52, -1
148, 70, -1
148, 83, -1
148, 0, -1
122, 92, -1
122, 77, -1
122, 52, -1
122, 70, -1
122, 83, -1
122, 0, -1
130, 92, -1
130, 77, -1
130, 52, -1
130, 70, -1
130, 83, -1
130, 0, -1
133, 92, -1
133, 77, -1
133, 52, -1
133, 70, -1
133, 83, -1
133, 0, -1
136, 92, -1
136, 77, -1
136, 52, -1
136, 70, -1
136, 83, -1
136, 0, -1
128, 92, -1
128, 77, -1
128, 52, -1
128, 70, -1
128, 83, -1
128, 0, -1
132, 92, -1
132, 77, -1
132, 52, -1
132, 70, -1
132, 83, -1
132, 0, -1

118, 126, 1
118, 146, 1
118, 110, 1
118, 100, 1
118, 141, 1
118, 107, 1
118, 134, 1
118, 147, 1
118, 123, 1
118, 145, 1
118, 129, 1
118, 125, 1
118, 114, 1
118, 113, 1
118, 121, 1
118, 101, 1
118, 142, 1
118, 127, 1
118, 149, 1
118, 137, 1
118, 102, 1
118, 104, 1
118, 103, 1
118, 105, 1
118, 109, 1
118, 111, 1
118, 112, 1
118, 115, 1
118, 116, 1
118, 117, 1
118, 120, 1
118, 124, 1
118, 131, 1
118, 135, 1
118, 139, 1
118, 140, 1
118, 143, 1
118, 144, 1
118, 148, 1
118, 122, 1
118, 130, 1
118, 133, 1
118, 136, 1
118, 128, 1
118, 132, 1
108, 126, 1
108, 146, 1
108, 110, 1
108, 100, 1
108, 141, 1
108, 107, 1
108, 134, 1
108, 147, 1
108, 123, 1
108, 145, 1
108, 129, 1
108, 125, 1
108, 114, 1
108, 113, 1
108, 121, 1
108, 101, 1
108, 142, 1
108, 127, 1
108, 149, 1
108, 137, 1
108, 102, 1
108, 104, 1
108, 103, 1
108, 105, 1
108, 109, 1
108, 111, 1
108, 112, 1
108, 115, 1
108, 116, 1
108, 117, 1
108, 120, 1
108, 124, 1
108, 131, 1
108, 135, 1
108, 139, 1
108, 140, 1
108, 143, 1
108, 144, 1
108, 148, 1
108, 122, 1
108, 130, 1
108, 133, 1
108, 136, 1
108, 128, 1
108, 132, 1
108, 118, 1
138, 126, 1
138, 146, 1
138, 110, 1
138, 100, 1
138, 141, 1
138, 107, 1
138, 134, 1
138, 147, 1
138, 123, 1
138, 145, 1
138, 129, 1
138, 125, 1
138, 114, 1
138, 113, 1
138, 121, 1
138, 101, 1
138, 142, 1
138, 127, 1
138, 149, 1
138, 137, 1
138, 102, 1
138, 104, 1
138, 103, 1
138, 105, 1
138, 109, 1
138, 111, 1
138, 112, 1
138, 115, 1
138, 116, 1
138, 117, 1
138, 120, 1
138, 124, 1
138, 131, 1
138, 135, 1
138, 139, 1
138, 140, 1
138, 143, 1
138, 144, 1
138, 148, 1
138, 122, 1
138, 130, 1
138, 133, 1
138, 136, 1
138, 128, 1
138, 132, 1
138, 118, 1
138, 108, 1
72, 92, 1
72, 77, 1
72, 52, 1
72, 70, 1
72, 83, 1
56, 92, 1
56, 77, 1
56, 52, 1
56, 70, 1
56, 83, 1
56, 72, 1
76, 92, 1
76, 77, 1
76, 52, 1
76, 70, 1
76, 83, 1
76, 72, 1
76, 56, 1
119, 126, 1
119, 146, 1
119, 110, 1
119, 100, 1
119, 141, 1
119, 107, 1
119, 134, 1
119, 147, 1
119, 123, 1
119, 145, 1
119, 129, 1
119, 125, 1
119, 114, 1
119, 113, 1
119, 121, 1
119, 101, 1
119, 142, 1
119, 127, 1
119, 149, 1
119, 137, 1
119, 102, 1
119, 104, 1
119, 103, 1
119, 105, 1
119, 109, 1
119, 111, 1
119, 112, 1
119, 115, 1
119, 116, 1
119, 117, 1
119, 120, 1
119, 124, 1
119, 131, 1
119, 135, 1
119, 139, 1
119, 140, 1
119, 143, 1
119, 144, 1
119, 148, 1
119, 122, 1
119, 130, 1
119, 133, 1
119, 136, 1
119, 128, 1
119, 132, 1
119, 118, 1
119, 108, 1
119, 138, 1
118, 92, -1
118, 77, -1
118, 52, -1
118, 70, -1
118, 83, -1
118, 0, -1
108, 92, -1
108, 77, -1
108, 52, -1
108, 70, -1
108, 83, -1
108, 0, -1
138, 92, -1
138, 77, -1
138, 52, -1
138, 70, -1
138, 83, -1
138, 0, -1
72, 126, -1
72, 146, -1
72, 110, -1
72, 100, -1
72, 141, -1
72, 107, -1
72, 134, -1
72, 147, -1
72, 123, -1
72, 145, -1
72, 129, -1
72, 125, -1
72, 114, -1
72, 113, -1
72, 121, -1
72, 101, -1
72, 142, -1
72, 127, -1
72, 149, -1
72, 137, -1
72, 102, -1
72, 104, -1
72, 103, -1
72, 105, -1
72, 109, -1
72, 111, -1
72, 112, -1
72, 115, -1
72, 116, -1
72, 117, -1
72, 120, -1
72, 124, -1
72, 131, -1
72, 135, -1
72, 139, -1
72, 140, -1
72, 143, -1
72, 144, -1
72, 148, -1
72, 122, -1
72, 130, -1
72, 133, -1
72, 136, -1
72, 128, -1
72, 132, -1
72, 118, -1
72, 108, -1
72, 138, -1
72, 0, -1
56, 126, -1
56, 146, -1
56, 110, -1
56, 100, -1
56, 141, -1
56, 107, -1
56, 134, -1
56, 147, -1
56, 123, -1
56, 145, -1
56, 129, -1
56, 125, -1
56, 114, -1
56, 113, -1
56, 121, -1
56, 101, -1
56, 142, -1
56, 127, -1
56, 149, -1
56, 137, -1
56, 102, -1
56, 104, -1
56, 103, -1
56, 105, -1
56, 109, -1
56, 111, -1
56, 112, -1
56, 115, -1
56, 116, -1
56, 117, -1
56, 120, -1
56, 124, -1
56, 131, -1
56, 135, -1
56, 139, -1
56, 140, -1
56, 143, -1
56, 144, -1
56, 148, -1
56, 122, -1
56, 130, -1
56, 133, -1
56, 136, -1
56, 128, -1
56, 132, -1
56, 118, -1
56, 108, -1
56, 138, -1
56, 0, -1
76, 126, -1
76, 146, -1
76, 110, -1
76, 100, -1
76, 141, -1
76, 107, -1
76, 134, -1
76, 147, -1
76, 123, -1
76, 145, -1
76, 129, -1
76, 125, -1
76, 114, -1
76, 113, -1
76, 121, -1
76, 101, -1
76, 142, -1
76, 127, -1
76, 149, -1
76, 137, -1
76, 102, -1
76, 104, -1
76, 103, -1
76, 105, -1
76, 109, -1
76, 111, -1
76, 112, -1
76, 115, -1
76, 116, -1
76, 117, -1
76, 120, -1
76, 124, -1
76, 131, -1
76, 135, -1
76, 139, -1
76, 140, -1
76, 143, -1
76, 144, -1
76, 148, -1
76, 122, -1
76, 130, -1
76, 133, -1
76, 136, -1
76, 128, -1
76, 132, -1
76, 118, -1
76, 108, -1
76, 138, -1
76, 0, -1
119, 92, -1
119, 77, -1
119, 52, -1
119, 70, -1
119, 83, -1
119, 72, -1
119, 56, -1
119, 76, -1
119, 0, -1

106, 126, 1
106, 146, 1
106, 110, 1
106, 100, 1
106, 141, 1
106, 107, 1
106, 134, 1
106, 147, 1
106, 123, 1
106, 145, 1
106, 129, 1
106, 125, 1
106, 114, 1
106, 113, 1
106, 121, 1
106, 101, 1
106, 142, 1
106, 127, 1
106, 149, 1
106, 137, 1
106, 102, 1
106, 104, 1
106, 103, 1
106, 105, 1
106, 109, 1
106, 111, 1
106, 112, 1
106, 115, 1
106, 116, 1
106, 117, 1
106, 120, 1
106, 124, 1
106, 131, 1
106, 135, 1
106, 139, 1
106, 140, 1
106, 143, 1
106, 144, 1
106, 148, 1
106, 122, 1
106, 130, 1
106, 133, 1
106, 136, 1
106, 128, 1
106, 132, 1
106, 118, 1
106, 108, 1
106, 138, 1
106, 119, 1
59, 92, 1
59, 77, 1
59, 52, 1
59, 70, 1
59, 83, 1
59, 72, 1
59, 56, 1
59, 76, 1
57, 92, 1
57, 77, 1
57, 52, 1
57, 70, 1
57, 83, 1
57, 72, 1
57, 56, 1
57, 76, 1
57, 59, 1
84, 92, 1
84, 77, 1
84, 52, 1
84, 70, 1
84, 83, 1
84, 72, 1
84, 56, 1
84, 76, 1
84, 59, 1
84, 57, 1
93, 92, 1
93, 77, 1
93, 52, 1
93, 70, 1
93, 83, 1
93, 72, 1
93, 56, 1
93, 76, 1
93, 59, 1
93, 57, 1
93, 84, 1
98, 92, 1
98, 77, 1
98, 52, 1
98, 70, 1
98, 83, 1
98, 72, 1
98, 56, 1
98, 76, 1
98, 59, 1
98, 57, 1
98, 84, 1
98, 93, 1
53, 92, 1
53, 77, 1
53, 52, 1
53, 70, 1
53, 83, 1
53, 72, 1
53, 56, 1
53, 76, 1
53, 59, 1
53, 57, 1
53, 84, 1
53, 93, 1
53, 98, 1
85, 92, 1
85, 77, 1
85, 52, 1
85, 70, 1
85, 83, 1
85, 72, 1
85, 56, 1
85, 76, 1
85, 59, 1
85, 57, 1
85, 84, 1
85, 93, 1
85, 98, 1
85, 53, 1
60, 92, 1
60, 77, 1
60, 52, 1
60, 70, 1
60, 83, 1
60, 72, 1
60, 56, 1
60, 76, 1
60, 59, 1
60, 57, 1
60, 84, 1
60, 93, 1
60, 98, 1
60, 53, 1
60, 85, 1
106, 92, -1
106, 77, -1
106, 52, -1
106, 70, -1
106, 83, -1
106, 72, -1
106, 56, -1
106, 76, -1
106, 0, -1
59, 126, -1
59, 146, -1
59, 110, -1
59, 100, -1
59, 141, -1
59, 107, -1
59, 134, -1
59, 147, -1
59, 123, -1
59, 145, -1
59, 129, -1
59, 125, -1
59, 114, -1
59, 113, -1
59, 121, -1
59, 101, -1
59, 142, -1
59, 127, -1
59, 149, -1
59, 137, -1
59, 102, -1
59, 104, -1
59, 103, -1
59, 105, -1
59, 109, -1
59, 111, -1
59, 112, -1
59, 115, -1
59, 116, -1
59, 117, -1
59, 120, -1
59, 124, -1
59, 131, -1
59, 135, -1
59, 139, -1
59, 140, -1
59, 143, -1
59, 144, -1
59, 148, -1
59, 122, -1
59, 130, -1
59, 133, -1
59, 136, -1
59, 128, -1
59, 132, -1
59, 118, -1
59, 108, -1
59, 138, -1
59, 119, -1
59, 106, -1
59, 0, -1
57, 126, -1
57, 146, -1
57, 110, -1
57, 100, -1
57, 141, -1
57, 107, -1
57, 134, -1
57, 147, -1
57, 123, -1
57, 145, -1
57, 129, -1
57, 125, -1
57, 114, -1
57, 113, -1
57, 121, -1
57, 101, -1
57, 142, -1
57, 127, -1
57, 149, -1
57, 137, -1
57, 102, -1
57, 104, -1
57, 103, -1
57, 105, -1
57, 109, -1
57, 111, -1
57, 112, -1
57, 115, -1
57, 116, -1
57, 117, -1
57, 120, -1
57, 124, -1
57, 131, -1
57, 135, -1
57, 139, -1
57, 140, -1
57, 143, -1
57, 144, -1
57, 148, -1
57, 122, -1
57, 130, -1
57, 133, -1
57, 136, -1
57, 128, -1
57, 132, -1
57, 118, -1
57, 108, -1
57, 138, -1
57, 119, -1
57, 106, -1
57, 0, -1
84, 126, -1
84, 146, -1
84, 110, -1
84, 100, -1
84, 141, -1
84, 107, -1
84, 134, -1
84, 147, -1
84, 123, -1
84, 145, -1
84, 129, -1
84, 125, -1
84, 114, -1
84, 113, -1
84, 121, -1
84, 101, -1
84, 142, -1
84, 127, -1
84, 149, -1
84, 137, -1
84, 102, -1
84, 104, -1
84, 103, -1
84, 105, -1
84, 109, -1
84, 111, -1
84, 112, -1
84, 115, -1
84, 116, -1
84, 117, -1
84, 120, -1
84, 124, -1
84, 131, -1
84, 135, -1
84, 139, -1
84, 140, -1
84, 143, -1
84, 144, -1
84, 148, -1
84, 122, -1
84, 130, -1
84, 133, -1
84, 136, -1
84, 128, -1
84, 132, -1
84, 118, -1
84, 108, -1
84, 138, -1
84, 119, -1
84, 106, -1
84, 0, -1
93, 126, -1
93, 146, -1
93, 110, -1
93, 100, -1
93, 141, -1
93, 107, -1
93, 134, -1
93, 147, -1
93, 123, -1
93, 145, -1
93, 129, -1
93, 125, -1
93, 114, -1
93, 113, -1
93, 121, -1
93, 101, -1
93, 142, -1
93, 127, -1
93, 149, -1
93, 137, -1
93, 102, -1
93, 104, -1
93, 103, -1
93, 105, -1
93, 109, -1
93, 111, -1
93, 112, -1
93, 115, -1
93, 116, -1
93, 117, -1
93, 120, -1
93, 124, -1
93, 131, -1
93, 135, -1
93, 139, -1
93, 140, -1
93, 143, -1
93, 144, -1
93, 148, -1
93, 122, -1
93, 130, -1
93, 133, -1
93, 136, -1
93, 128, -1
93, 132, -1
93, 118, -1
93, 108, -1
93, 138, -1
93, 119, -1
93, 106, -1
93, 0, -1
98, 126, -1
98, 146, -1
98, 110, -1
98, 100, -1
98, 141, -1
98, 107, -1
98, 134, -1
98, 147, -1
98, 123, -1
98, 145, -1
98, 129, -1
98, 125, -1
98, 114, -1
98, 113, -1
98, 121, -1
98, 101, -1
98, 142, -1
98, 127, -1
98, 149, -1
98, 137, -1
98, 102, -1
98, 104, -1
98, 103, -1
98, 105, -1
98, 109, -1
98, 111, -1
98, 112, -1
98, 115, -1
98, 116, -1
98, 117, -1
98, 120, -1
98, 124, -1
98, 131, -1
98, 135, -1
98, 139, -1
98, 140, -1
98, 143, -1
98, 144, -1
98, 148, -1
98, 122, -1
98, 130, -1
98, 133, -1
98, 136, -1
98, 128, -1
98, 132, -1
98, 118, -1
98, 108, -1
98, 138, -1
98, 119, -1
98, 106, -1
98, 0, -1
53, 126, -1
53, 146, -1
53, 110, -1
53, 100, -1
53, 141, -1
53, 107, -1
53, 134, -1
53, 147, -1
53, 123, -1
53, 145, -1
53, 129, -1
53, 125, -1
53, 114, -1
53, 113, -1
53, 121, -1
53, 101, -1
53, 142, -1
53, 127, -1
53, 149, -1
53, 137, -1
53, 102, -1
53, 104, -1
53, 103, -1
53, 105, -1
53, 109, -1
53, 111, -1
53, 112, -1
53, 115, -1
53, 116, -1
53, 117, -1
53, 120, -1
53, 124, -1
53, 131, -1
53, 135, -1
53, 139, -1
53, 140, -1
53, 143, -1
53, 144, -1
53, 148, -1
53, 122, -1
53, 130, -1
53, 133, -1
53, 136, -1
53, 128, -1
53, 132, -1
53, 118, -1
53, 108, -1
53, 138, -1
53, 119, -1
53, 106, -1
53, 0, -1
85, 126, -1
85, 146, -1
85, 110, -1
85, 100, -1
85, 141, -1
85, 107, -1
85, 134, -1
85, 147, -1
85, 123, -1
85, 145, -1
85, 129, -1
85, 125, -1
85, 114, -1
85, 113, -1
85, 121, -1
85, 101, -1
85, 142, -1
85, 127, -1
85, 149, -1
85, 137, -1
85, 102, -1
85, 104, -1
85, 103, -1
85, 105, -1
85, 109, -1
85, 111, -1
85, 112, -1
85, 115, -1
85, 116, -1
85, 117, -1
85, 120, -1
85, 124, -1
85, 131, -1
85, 135, -1
85, 139, -1
85, 140, -1
85, 143, -1
85, 144, -1
85, 148, -1
85, 122, -1
85, 130, -1
85, 133, -1
85, 136, -1
85, 128, -1
85, 132, -1
85, 118, -1
85, 108, -1
85, 138, -1
85, 119, -1
85, 106, -1
85, 0, -1
60, 126, -1
60, 146, -1
60, 110, -1
60, 100, -1
60, 141, -1
60, 107, -1
60, 134, -1
60, 147, -1
60, 123, -1
60, 145, -1
60, 129, -1
60, 125, -1
60, 114, -1
60, 113, -1
60, 121, -1
60, 101, -1
60, 142, -1
60, 127, -1
60, 149, -1
60, 137, -1
60, 102, -1
60, 104, -1
60, 103, -1
60, 105, -1
60, 109, -1
60, 111, -1
60, 112, -1
60, 115, -1
60, 116, -1
60, 117, -1
60, 120, -1
60, 124, -1
60, 131, -1
60, 135, -1
60, 139, -1
60, 140, -1
60, 143, -1
60, 144, -1
60, 148, -1
60, 122, -1
60, 130, -1
60, 133, -1
60, 136, -1
60, 128, -1
60, 132, -1
60, 118, -1
60, 108, -1
60, 138, -1
60, 119, -1
60, 106, -1
60, 0, -1

55, 92, 1
55, 77, 1
55, 52, 1
55, 70, 1
55, 83, 1
55, 72, 1
55, 56, 1
55, 76, 1
55, 59, 1
55, 57, 1
55, 84, 1
55, 93, 1
55, 98, 1
55, 53, 1
55, 85, 1
55, 60, 1
66, 92, 1
66, 77, 1
66, 52, 1
66, 70, 1
66, 83, 1
66, 72, 1
66, 56, 1
66, 76, 1
66, 59, 1
66, 57, 1
66, 84, 1
66, 93, 1
66, 98, 1
66, 53, 1
66, 85, 1
66, 60, 1
66, 55, 1
54, 92, 1
54, 77, 1
54, 52, 1
54, 70, 1
54, 83, 1
54, 72, 1
54, 56, 1
54, 76, 1
54, 59, 1
54, 57, 1
54, 84, 1
54, 93, 1
54, 98, 1
54, 53, 1
54, 85, 1
54, 60, 1
54, 55, 1
54, 66, 1
95, 92, 1
95, 77, 1
95, 52, 1
95, 70, 1
95, 83, 1
95, 72, 1
95, 56, 1
95, 76, 1
95, 59, 1
95, 57, 1
95, 84, 1
95, 93, 1
95, 98, 1
95, 53, 1
95, 85, 1
95, 60, 1
95, 55, 1
95, 66, 1
95, 54, 1
61, 92, 1
61, 77, 1
61, 52, 1
61, 70, 1
61, 83, 1
61, 72, 1
61, 56, 1
61, 76, 1
61, 59, 1
61, 57, 1
61, 84, 1
61, 93, 1
61, 98, 1
61, 53, 1
61, 85, 1
61, 60, 1
61, 55, 1
61, 66, 1
61, 54, 1
61, 95, 1
62, 92, 1
62, 77, 1
62, 52, 1
62, 70, 1
62, 83, 1
62, 72, 1
62, 56, 1
62, 76, 1
62, 59, 1
62, 57, 1
62, 84, 1
62, 93, 1
62, 98, 1
62, 53, 1
62, 85, 1
62, 60, 1
62, 55, 1
62, 66, 1
62, 54, 1
62, 95, 1
62, 61, 1
88, 92, 1
88, 77, 1
88, 52, 1
88, 70, 1
88, 83, 1
88, 72, 1
88, 56, 1
88, 76, 1
88, 59, 1
88, 57, 1
88, 84, 1
88, 93, 1
88, 98, 1
88, 53, 1
88, 85, 1
88, 60, 1
88, 55, 1
88, 66, 1
88, 54, 1
88, 95, 1
88, 61, 1
88, 62, 1
14, 0, 1
68, 92, 1
68, 77, 1
68, 52, 1
68, 70, 1
68, 83, 1
68, 72, 1
68, 56, 1
68, 76, 1
68, 59, 1
68, 57, 1
68, 84, 1
68, 93, 1
68, 98, 1
68, 53, 1
68, 85, 1
68, 60, 1
68, 55, 1
68, 66, 1
68, 54, 1
68, 95, 1
68, 61, 1
68, 62, 1
68, 88, 1
50, 92, 1
50, 77, 1
50, 52, 1
50, 70, 1
50, 83, 1
50, 72, 1
50, 56, 1
50, 76, 1
50, 59, 1
50, 57, 1
50, 84, 1
50, 93, 1
50, 98, 1
50, 53, 1
50, 85, 1
50, 60, 1
50, 55, 1
50, 66, 1
50, 54, 1
50, 95, 1
50, 61, 1
50, 62, 1
50, 88, 1
50, 68, 1
55, 126, -1
55, 146, -1
55, 110, -1
55, 100, -1
55, 141, -1
55, 107, -1
55, 134, -1
55, 147, -1
55, 123, -1
55, 145, -1
55, 129, -1
55, 125, -1
55, 114, -1
55, 113, -1
55, 121, -1
55, 101, -1
55, 142, -1
55, 127, -1
55, 149, -1
55, 137, -1
55, 102, -1
55, 104, -1
55, 103, -1
55, 105, -1
55, 109, -1
55, 111, -1
55, 112, -1
55, 115, -1
55, 116, -1
55, 117, -1
55, 120, -1
55, 124, -1
55, 131, -1
55, 135, -1
55, 139, -1
55, 140, -1
55, 143, -1
55, 144, -1
55, 148, -1
55, 122, -1
55, 130, -1
55, 133, -1
55, 136, -1
55, 128, -1
55, 132, -1
55, 118, -1
55, 108, -1
55, 138, -1
55, 119, -1
55, 106, -1
55, 0, -1
66, 126, -1
66, 146, -1
66, 110, -1
66, 100, -1
66, 141, -1
66, 107, -1
66, 134, -1
66, 147, -1
66, 123, -1
66, 145, -1
66, 129, -1
66, 125, -1
66, 114, -1
66, 113, -1
66, 121, -1
66, 101, -1
66, 142, -1
66, 127, -1
66, 149, -1
66, 137, -1
66, 102, -1
66, 104, -1
66, 103, -1
66, 105, -1
66, 109, -1
66, 111, -1
66, 112, -1
66, 115, -1
66, 116, -1
66, 117, -1
66, 120, -1
66, 124, -1
66, 131, -1
66, 135, -1
66, 139, -1
66, 140, -1
66, 143, -1
66, 144, -1
66, 148, -1
66, 122, -1
66, 130, -1
66, 133, -1
66, 136, -1
66, 128, -1
66, 132, -1
66, 118, -1
66, 108, -1
66, 138, -1
66, 119, -1
66, 106, -1
66, 0, -1
54, 126, -1
54, 146, -1
54, 110, -1
54, 100, -1
54, 141, -1
54, 107, -1
54, 134, -1
54, 147, -1
54, 123, -1
54, 145, -1
54, 129, -1
54, 125, -1
54, 114, -1
54, 113, -1
54, 121, -1
54, 101, -1
54, 142, -1
54, 127, -1
54, 149, -1
54, 137, -1
54, 102, -1
54, 104, -1
54, 103, -1
54, 105, -1
54, 109, -1
54, 111, -1
54, 112, -1
54, 115, -1
54, 116, -1
54, 117, -1
54, 120, -1
54, 124, -1
54, 131, -1
54, 135, -1
54, 139, -1
54, 140, -1
54, 143, -1
54, 144, -1
54, 148, -1
54, 122, -1
54, 130, -1
54, 133, -1
54, 136, -1
54, 128, -1
54, 132, -1
54, 118, -1
54, 108, -1
54, 138, -1
54, 119, -1
54, 106, -1
54, 0, -1
95, 126, -1
95, 146, -1
95, 110, -1
95, 100, -1
95, 141, -1
95, 107, -1
95, 134, -1
95, 147, -1
95, 123, -1
95, 145, -1
95, 129, -1
95, 125, -1
95, 114, -1
95, 113, -1
95, 121, -1
95, 101, -1
95, 142, -1
95, 127, -1
95, 149, -1
95, 137, -1
95, 102, -1
95, 104, -1
95, 103, -1
95, 105, -1
95, 109, -1
95, 111, -1
95, 112, -1
95, 115, -1
95, 116, -1
95, 117, -1
95, 120, -1
95, 124, -1
95, 131, -1
95, 135, -1
95, 139, -1
95, 140, -1
95, 143, -1
95, 144, -1
95, 148, -1
95, 122, -1
95, 130, -1
95, 133, -1
95, 136, -1
95, 128, -1
95, 132, -1
95, 118, -1
95, 108, -1
95, 138, -1
95, 119, -1
95, 106, -1
95, 0, -1
61, 126, -1
61, 146, -1
61, 110, -1
61, 100, -1
61, 141, -1
61, 107, -1
61, 134, -1
61, 147, -1
61, 123, -1
61, 145, -1
61, 129, -1
61, 125, -1
61, 114, -1
61, 113, -1
61, 121, -1
61, 101, -1
61, 142, -1
61, 127, -1
61, 149, -1
61, 137, -1
61, 102, -1
61, 104, -1
61, 103, -1
61, 105, -1
61, 109, -1
61, 111, -1
61, 112, -1
61, 115, -1
61, 116, -1
61, 117, -1
61, 120, -1
61, 124, -1
61, 131, -1
61, 135, -1
61, 139, -1
61, 140, -1
61, 143, -1
61, 144, -1
61, 148, -1
61, 122, -1
61, 130, -1
61, 133, -1
61, 136, -1
61, 128, -1
61, 132, -1
61, 118, -1
61, 108, -1
61, 138, -1
61, 119, -1
61, 106, -1
61, 0, -1
62, 126, -1
62, 146, -1
62, 110, -1
62, 100, -1
62, 141, -1
62, 107, -1
62, 134, -1
62, 147, -1
62, 123, -1
62, 145, -1
62, 129, -1
62, 125, -1
62, 114, -1
62, 113, -1
62, 121, -1
62, 101, -1
62, 142, -1
62, 127, -1
62, 149, -1
62, 137, -1
62, 102, -1
62, 104, -1
62, 103, -1
62, 105, -1
62, 109, -1
62, 111, -1
62, 112, -1
62, 115, -1
62, 116, -1
62, 117, -1
62, 120, -1
62, 124, -1
62, 131, -1
62, 135, -1
62, 139, -1
62, 140, -1
62, 143, -1
62, 144, -1
62, 148, -1
62, 122, -1
62, 130, -1
62, 133, -1
62, 136, -1
62, 128, -1
62, 132, -1
62, 118, -1
62, 108, -1
62, 138, -1
62, 119, -1
62, 106, -1
62, 0, -1
88, 126, -1
88, 146, -1
88, 110, -1
88, 100, -1
88, 141, -1
88, 107, -1
88, 134, -1
88, 147, -1
88, 123, -1
88, 145, -1
88, 129, -1
88, 125, -1
88, 114, -1
88, 113, -1
88, 121, -1
88, 101, -1
88, 142, -1
88, 127, -1
88, 149, -1
88, 137, -1
88, 102, -1
88, 104, -1
88, 103, -1
88, 105, -1
88, 109, -1
88, 111, -1
88, 112, -1
88, 115, -1
88, 116, -1
88, 117, -1
88, 120, -1
88, 124, -1
88, 131, -1
88, 135, -1
88, 139, -1
88, 140, -1
88, 143, -1
88, 144, -1
88, 148, -1
88, 122, -1
88, 130, -1
88, 133, -1
88, 136, -1
88, 128, -1
88, 132, -1
88, 118, -1
88, 108, -1
88, 138, -1
88, 119, -1
88, 106, -1
88, 0, -1
14, 126, -1
14, 146, -1
14, 110, -1
14, 100, -1
14, 141, -1
14, 107, -1
14, 134, -1
14, 147, -1
14, 123, -1
14, 145, -1
14, 129, -1
14, 125, -1
14, 114, -1
14, 113, -1
14, 121, -1
14, 101, -1
14, 142, -1
14, 127, -1
14, 149, -1
14, 137, -1
14, 102, -1
14, 104, -1
14, 103, -1
14, 105, -1
14, 109, -1
14, 111, -1
14, 112, -1
14, 115, -1
14, 116, -1
14, 117, -1
14, 120, -1
14, 124, -1
14, 131, -1
14, 135, -1
14, 139, -1
14, 140, -1
14, 143, -1
14, 144, -1
14, 148, -1
14, 122, -1
14, 130, -1
14, 133, -1
14, 136, -1
14, 128, -1
14, 132, -1
14, 118, -1
14, 108, -1
14, 138, -1
14, 119, -1
14, 106, -1
14, 92, -1
14, 77, -1
14, 52, -1
14, 70, -1
14, 83, -1
14, 72, -1
14, 56, -1
14, 76, -1
14, 59, -1
14, 57, -1
14, 84, -1
14, 93, -1
14, 98, -1
14, 53, -1
14, 85, -1
14, 60, -1
14, 55, -1
14, 66, -1
14, 54, -1
14, 95, -1
14, 61, -1
14, 62, -1
14, 88, -1
68, 126, -1
68, 146, -1
68, 110, -1
68, 100, -1
68, 141, -1
68, 107, -1
68, 134, -1
68, 147, -1
68, 123, -1
68, 145, -1
68, 129, -1
68, 125, -1
68, 114, -1
68, 113, -1
68, 121, -1
68, 101, -1
68, 142, -1
68, 127, -1
68, 149, -1
68, 137, -1
68, 102, -1
68, 104, -1
68, 103, -1
68, 105, -1
68, 109, -1
68, 111, -1
68, 112, -1
68, 115, -1
68, 116, -1
68, 117, -1
68, 120, -1
68, 124, -1
68, 131, -1
68, 135, -1
68, 139, -1
68, 140, -1
68, 143, -1
68, 144, -1
68, 148, -1
68, 122, -1
68, 130, -1
68, 133, -1
68, 136, -1
68, 128, -1
68, 132, -1
68, 118, -1
68, 108, -1
68, 138, -1
68, 119, -1
68, 106, -1
68, 0, -1
68, 14, -1
50, 126, -1
50, 146, -1
50, 110, -1
50, 100, -1
50, 141, -1
50, 107, -1
50, 134, -1
50, 147, -1
50, 123, -1
50, 145, -1
50, 129, -1
50, 125, -1
50, 114, -1
50, 113, -1
50, 121, -1
50, 101, -1
50, 142, -1
50, 127, -1
50, 149, -1
50, 137, -1
50, 102, -1
50, 104, -1
50, 103, -1
50, 105, -1
50, 109, -1
50, 111, -1
50, 112, -1
50, 115, -1
50, 116, -1
50, 117, -1
50, 120, -1
50, 124, -1
50, 131, -1
50, 135, -1
50, 139, -1
50, 140, -1
50, 143, -1
50, 144, -1
50, 148, -1
50, 122, -1
50, 130, -1
50, 133, -1
50, 136, -1
50, 128, -1
50, 132, -1
50, 118, -1
50, 108, -1
50, 138, -1
50, 119, -1
50, 106, -1
50, 0, -1
50, 14, -1

65, 92, 1
65, 77, 1
65, 52, 1
65, 70, 1
65, 83, 1
65, 72, 1
65, 56, 1
65, 76, 1
65, 59, 1
65, 57, 1
65, 84, 1
65, 93, 1
65, 98, 1
65, 53, 1
65, 85, 1
65, 60, 1
65, 55, 1
65, 66, 1
65, 54, 1
65, 95, 1
65, 61, 1
65, 62, 1
65, 88, 1
65, 68, 1
65, 50, 1
87, 92, 1
87, 77, 1
87, 52, 1
87, 70, 1
87, 83, 1
87, 72, 1
87, 56, 1
87, 76, 1
87, 59, 1
87, 57, 1
87, 84, 1
87, 93, 1
87, 98, 1
87, 53, 1
87, 85, 1
87, 60, 1
87, 55, 1
87, 66, 1
87, 54, 1
87, 95, 1
87, 61, 1
87, 62, 1
87, 88, 1
87, 68, 1
87, 50, 1
87, 65, 1
86, 92, 1
86, 77, 1
86, 52, 1
86, 70, 1
86, 83, 1
86, 72, 1
86, 56, 1
86, 76, 1
86, 59, 1
86, 57, 1
86, 84, 1
86, 93, 1
86, 98, 1
86, 53, 1
86, 85, 1
86, 60, 1
86, 55, 1
86, 66, 1
86, 54, 1
86, 95, 1
86, 61, 1
86, 62, 1
86, 88, 1
86, 68, 1
86, 50, 1
86, 65, 1
86, 87, 1
78, 92, 1
78, 77, 1
78, 52, 1
78, 70, 1
78, 83, 1
78, 72, 1
78, 56, 1
78, 76, 1
78, 59, 1
78, 57, 1
78, 84, 1
78, 93, 1
78, 98, 1
78, 53, 1
78, 85, 1
78, 60, 1
78, 55, 1
78, 66, 1
78, 54, 1
78, 95, 1
78, 61, 1
78, 62, 1
78, 88, 1
78, 68, 1
78, 50, 1
78, 65, 1
78, 87, 1
78, 86, 1
75, 92, 1
75, 77, 1
75, 52, 1
75, 70, 1
75, 83, 1
75, 72, 1
75, 56, 1
75, 76, 1
75, 59, 1
75, 57, 1
75, 84, 1
75, 93, 1
75, 98, 1
75, 53, 1
75, 85, 1
75, 60, 1
75, 55, 1
75, 66, 1
75, 54, 1
75, 95, 1
75, 61, 1
75, 62, 1
75, 88, 1
75, 68, 1
75, 50, 1
75, 65, 1
75, 87, 1
75, 86, 1
75, 78, 1
64, 92, 1
64, 77, 1
64, 52, 1
64, 70, 1
64, 83, 1
64, 72, 1
64, 56, 1
64, 76, 1
64, 59, 1
64, 57, 1
64, 84, 1
64, 93, 1
64, 98, 1
64, 53, 1
64, 85, 1
64, 60, 1
64, 55, 1
64, 66, 1
64, 54, 1
64, 95, 1
64, 61, 1
64, 62, 1
64, 88, 1
64, 68, 1
64, 50, 1
64, 65, 1
64, 87, 1
64, 86, 1
64, 78, 1
64, 75, 1
94, 92, 1
94, 77, 1
94, 52, 1
94, 70, 1
94, 83, 1
94, 72, 1
94, 56, 1
94, 76, 1
94, 59, 1
94, 57, 1
94, 84, 1
94, 93, 1
94, 98, 1
94, 53, 1
94, 85, 1
94, 60, 1
94, 55, 1
94, 66, 1
94, 54, 1
94, 95, 1
94, 61, 1
94, 62, 1
94, 88, 1
94, 68, 1
94, 50, 1
94, 65, 1
94, 87, 1
94, 86, 1
94, 78, 1
94, 75, 1
94, 64, 1
58, 92, 1
58, 77, 1
58, 52, 1
58, 70, 1
58, 83, 1
58, 72, 1
58, 56, 1
58, 76, 1
58, 59, 1
58, 57, 1
58, 84, 1
58, 93, 1
58, 98, 1
58, 53, 1
58, 85, 1
58, 60, 1
58, 55, 1
58, 66, 1
58, 54, 1
58, 95, 1
58, 61, 1
58, 62, 1
58, 88, 1
58, 68, 1
58, 50, 1
58, 65, 1
58, 87, 1
58, 86, 1
58, 78, 1
58, 75, 1
58, 64, 1
58, 94, 1
96, 92, 1
96, 77, 1
96, 52, 1
96, 70, 1
96, 83, 1
96, 72, 1
96, 56, 1
96, 76, 1
96, 59, 1
96, 57, 1
96, 84, 1
96, 93, 1
96, 98, 1
96, 53, 1
96, 85, 1
96, 60, 1
96, 55, 1
96, 66, 1
96, 54, 1
96, 95, 1
96, 61, 1
96, 62, 1
96, 88, 1
96, 68, 1
96, 50, 1
96, 65, 1
96, 87, 1
96, 86, 1
96, 78, 1
96, 75, 1
96, 64, 1
96, 94, 1
96, 58, 1
81, 92, 1
81, 77, 1
81, 52, 1
81, 70, 1
81, 83, 1
81, 72, 1
81, 56, 1
81, 76, 1
81, 59, 1
81, 57, 1
81, 84, 1
81, 93, 1
81, 98, 1
81, 53, 1
81, 85, 1
81, 60, 1
81, 55, 1
81, 66, 1
81, 54, 1
81, 95, 1
81, 61, 1
81, 62, 1
81, 88, 1
81, 68, 1
81, 50, 1
81, 65, 1
81, 87, 1
81, 86, 1
81, 78, 1
81, 75, 1
81, 64, 1
81, 94, 1
81, 58, 1
81, 96, 1
65, 126, -1
65, 146, -1
65, 110, -1
65, 100, -1
65, 141, -1
65, 107, -1
65, 134, -1
65, 147, -1
65, 123, -1
65, 145, -1
65, 129, -1
65, 125, -1
65, 114, -1
65, 113, -1
65, 121, -1
65, 101, -1
65, 142, -1
65, 127, -1
65, 149, -1
65, 137, -1
65, 102, -1
65, 104, -1
65, 103, -1
65, 105, -1
65, 109, -1
65, 111, -1
65, 112, -1
65, 115, -1
65, 116, -1
65, 117, -1
65, 120, -1
65, 124, -1
65, 131, -1
65, 135, -1
65, 139, -1
65, 140, -1
65, 143, -1
65, 144, -1
65, 148, -1
65, 122, -1
65, 130, -1
65, 133, -1
65, 136, -1
65, 128, -1
65, 132, -1
65, 118, -1
65, 108, -1
65, 138, -1
65, 119, -1
65, 106, -1
65, 0, -1
65, 14, -1
87, 126, -1
87, 146, -1
87, 110, -1
87, 100, -1
87, 141, -1
87, 107, -1
87, 134, -1
87, 147, -1
87, 123, -1
87, 145, -1
87, 129, -1
87, 125, -1
87, 114, -1
87, 113, -1
87, 121, -1
87, 101, -1
87, 142, -1
87, 127, -1
87, 149, -1
87, 137, -1
87, 102, -1
87, 104, -1
87, 103, -1
87, 105, -1
87, 109, -1
87, 111, -1
87, 112, -1
87, 115, -1
87, 116, -1
87, 117, -1
87, 120, -1
87, 124, -1
87, 131, -1
87, 135, -1
87, 139, -1
87, 140, -1
87, 143, -1
87, 144, -1
87, 148, -1
87, 122, -1
87, 130, -1
87, 133, -1
87, 136, -1
87, 128, -1
87, 132, -1
87, 118, -1
87, 108, -1
87, 138, -1
87, 119, -1
87, 106, -1
87, 0, -1
87, 14, -1
86, 126, -1
86, 146, -1
86, 110, -1
86, 100, -1
86, 141, -1
86, 107, -1
86, 134, -1
86, 147, -1
86, 123, -1
86, 145, -1
86, 129, -1
86, 125, -1
86, 114, -1
86, 113, -1
86, 121, -1
86, 101, -1
86, 142, -1
86, 127, -1
86, 149, -1
86, 137, -1
86, 102, -1
86, 104, -1
86, 103, -1
86, 105, -1
86, 109, -1
86, 111, -1
86, 112, -1
86, 115, -1
86, 116, -1
86, 117, -1
86, 120, -1
86, 124, -1
86, 131, -1
86, 135, -1
86, 139, -1
86, 140, -1
86, 143, -1
86, 144, -1
86, 148, -1
86, 122, -1
86, 130, -1
86, 133, -1
86, 136, -1
86, 128, -1
86, 132, -1
86, 118, -1
86, 108, -1
86, 138, -1
86, 119, -1
86, 106, -1
86, 0, -1
86, 14, -1
78, 126, -1
78, 146, -1
78, 110, -1
78, 100, -1
78, 141, -1
78, 107, -1
78, 134, -1
78, 147, -1
78, 123, -1
78, 145, -1
78, 129, -1
78, 125, -1
78, 114, -1
78, 113, -1
78, 121, -1
78, 101, -1
78, 142, -1
78, 127, -1
78, 149, -1
78, 137, -1
78, 102, -1
78, 104, -1
78, 103, -1
78, 105, -1
78, 109, -1
78, 111, -1
78, 112, -1
78, 115, -1
78, 116, -1
78, 117, -1
78, 120, -1
78, 124, -1
78, 131, -1
78, 135, -1
78, 139, -1
78, 140, -1
78, 143, -1
78, 144, -1
78, 148, -1
78, 122, -1
78, 130, -1
78, 133, -1
78, 136, -1
78, 128, -1
78, 132, -1
78, 118, -1
78, 108, -1
78, 138, -1
78, 119, -1
78, 106, -1
78, 0, -1
78, 14, -1
75, 126, -1
75, 146, -1
75, 110, -1
75, 100, -1
75, 141, -1
75, 107, -1
75, 134, -1
75, 147, -1
75, 123, -1
75, 145, -1
75, 129, -1
75, 125, -1
75, 114, -1
75, 113, -1
75, 121, -1
75, 101, -1
75, 142, -1
75, 127, -1
75, 149, -1
75, 137, -1
75, 102, -1
75, 104, -1
75, 103, -1
75, 105, -1
75, 109, -1
75, 111, -1
75, 112, -1
75, 115, -1
75, 116, -1
75, 117, -1
75, 120, -1
75, 124, -1
75, 131, -1
75, 135, -1
75, 139, -1
75, 140, -1
75, 143, -1
75, 144, -1
75, 148, -1
75, 122, -1
75, 130, -1
75, 133, -1
75, 136, -1
75, 128, -1
75, 132, -1
75, 118, -1
75, 108, -1
75, 138, -1
75, 119, -1
75, 106, -1
75, 0, -1
75, 14, -1
64, 126, -1
64, 146, -1
64, 110, -1
64, 100, -1
64, 141, -1
64, 107, -1
64, 134, -1
64, 147, -1
64, 123, -1
64, 145, -1
64, 129, -1
64, 125, -1
64, 114, -1
64, 113, -1
64, 121, -1
64, 101, -1
64, 142, -1
64, 127, -1
64, 149, -1
64, 137, -1
64, 102, -1
64, 104, -1
64, 103, -1
64, 105, -1
64, 109, -1
64, 111, -1
64, 112, -1
64, 115, -1
64, 116, -1
64, 117, -1
64, 120, -1
64, 124, -1
64, 131, -1
64, 135, -1
64, 139, -1
64, 140, -1
64, 143, -1
64, 144, -1
64, 148, -1
64, 122, -1
64, 130, -1
64, 133, -1
64, 136, -1
64, 128, -1
64, 132, -1
64, 118, -1
64, 108, -1
64, 138, -1
64, 119, -1
64, 106, -1
64, 0, -1
64, 14, -1
94, 126, -1
94, 146, -1
94, 110, -1
94, 100, -1
94, 141, -1
94, 107, -1
94, 134, -1
94, 147, -1
94, 123, -1
94, 145, -1
94, 129, -1
94, 125, -1
94, 114, -1
94, 113, -1
94, 121, -1
94, 101, -1
94, 142, -1
94, 127, -1
94, 149, -1
94, 137, -1
94, 102, -1
94, 104, -1
94, 103, -1
94, 105, -1
94, 109, -1
94, 111, -1
94, 112, -1
94, 115, -1
94, 116, -1
94, 117, -1
94, 120, -1
94, 124, -1
94, 131, -1
94, 135, -1
94, 139, -1
94, 140, -1
94, 143, -1
94, 144, -1
94, 148, -1
94, 122, -1
94, 130, -1
94, 133, -1
94, 136, -1
94, 128, -1
94, 132, -1
94, 118, -1
94, 108, -1
94, 138, -1
94, 119, -1
94, 106, -1
94, 0, -1
94, 14, -1
58, 126, -1
58, 146, -1
58, 110, -1
58, 100, -1
58, 141, -1
58, 107, -1
58, 134, -1
58, 147, -1
58, 123, -1
58, 145, -1
58, 129, -1
58, 125, -1
58, 114, -1
58, 113, -1
58, 121, -1
58, 101, -1
58, 142, -1
58, 127, -1
58, 149, -1
58, 137, -1
58, 102, -1
58, 104, -1
58, 103, -1
58, 105, -1
58, 109, -1
58, 111, -1
58, 112, -1
58, 115, -1
58, 116, -1
58, 117, -1
58, 120, -1
58, 124, -1
58, 131, -1
58, 135, -1
58, 139, -1
58, 140, -1
58, 143, -1
58, 144, -1
58, 148, -1
58, 122, -1
58, 130, -1
58, 133, -1
58, 136, -1
58, 128, -1
58, 132, -1
58, 118, -1
58, 108, -1
58, 138, -1
58, 119, -1
58, 106, -1
58, 0, -1
58, 14, -1
96, 126, -1
96, 146, -1
96, 110, -1
96, 100, -1
96, 141, -1
96, 107, -1
96, 134, -1
96, 147, -1
96, 123, -1
96, 145, -1
96, 129, -1
96, 125, -1
96, 114, -1
96, 113, -1
96, 121, -1
96, 101, -1
96, 142, -1
96, 127, -1
96, 149, -1
96, 137, -1
96, 102, -1
96, 104, -1
96, 103, -1
96, 105, -1
96, 109, -1
96, 111, -1
96, 112, -1
96, 115, -1
96, 116, -1
96, 117, -1
96, 120, -1
96, 124, -1
96, 131, -1
96, 135, -1
96, 139, -1
96, 140, -1
96, 143, -1
96, 144, -1
96, 148, -1
96, 122, -1
96, 130, -1
96, 133, -1
96, 136, -1
96, 128, -1
96, 132, -1
96, 118, -1
96, 108, -1
96, 138, -1
96, 119, -1
96, 106, -1
96, 0, -1
96, 14, -1
81, 126, -1
81, 146, -1
81, 110, -1
81, 100, -1
81, 141, -1
81, 107, -1
81, 134, -1
81, 147, -1
81, 123, -1
81, 145, -1
81, 129, -1
81, 125, -1
81, 114, -1
81, 113, -1
81, 121, -1
81, 101, -1
81, 142, -1
81, 127, -1
81, 149, -1
81, 137, -1
81, 102, -1
81, 104, -1
81, 103, -1
81, 105, -1
81, 109, -1
81, 111, -1
81, 112, -1
81, 115, -1
81, 116, -1
81, 117, -1
81, 120, -1
81, 124, -1
81, 131, -1
81, 135, -1
81, 139, -1
81, 140, -1
81, 143, -1
81, 144, -1
81, 148, -1
81, 122, -1
81, 130, -1
81, 133, -1
81, 136, -1
81, 128, -1
81, 132, -1
81, 118, -1
81, 108, -1
81, 138, -1
81, 119, -1
81, 106, -1
81, 0, -1
81, 14, -1

