1366, 974, -1
1366, 241, -1
1366, 123, -1
1366, 1171, -1
974, 1366, -1
974, 241, -1
974, 123, -1
974, 1171, -1
241, 1366, -1
241, 974, -1
241, 123, -1
241, 1171, -1
123, 1366, -1
123, 974, -1
123, 241, -1
123, 1171, -1
1171, 1366, -1
1171, 974, -1
1171, 241, -1
1171, 123, -1

974, 823, 1
823, 974, 1
1171, 1042, 1
1042, 1171, 1
1366, 974, -1
1366, 823, -1
1366, 241, -1
1366, 123, -1
1366, 1171, -1
1366, 1042, -1
974, 1366, -1
823, 1366, -1
974, 241, -1
823, 241, -1
974, 123, -1
823, 123, -1
974, 1171, -1
974, 1042, -1
823, 1171, -1
823, 1042, -1
241, 1366, -1
241, 974, -1
241, 823, -1
241, 123, -1
241, 1171, -1
241, 1042, -1
123, 1366, -1
123, 974, -1
123, 823, -1
123, 241, -1
123, 1171, -1
123, 1042, -1
1171, 1366, -1
1042, 1366, -1
1171, 974, -1
1171, 823, -1
1042, 974, -1
1042, 823, -1
1171, 241, -1
1042, 241, -1
1171, 123, -1
1042, 123, -1

974, 823, 1
823, 974, 1
1171, 1042, 1
1042, 1171, 1
1366, 974, -1
1366, 823, -1
1366, 241, -1
1366, 123, -1
1366, 1171, -1
1366, 1042, -1
1366, 663, -1
974, 1366, -1
823, 1366, -1
974, 241, -1
823, 241, -1
974, 123, -1
823, 123, -1
974, 1171, -1
974, 1042, -1
823, 1171, -1
823, 1042, -1
974, 663, -1
823, 663, -1
241, 1366, -1
241, 974, -1
241, 823, -1
241, 123, -1
241, 1171, -1
241, 1042, -1
241, 663, -1
123, 1366, -1
123, 974, -1
123, 823, -1
123, 241, -1
123, 1171, -1
123, 1042, -1
123, 663, -1
1171, 1366, -1
1042, 1366, -1
1171, 974, -1
1171, 823, -1
1042, 974, -1
1042, 823, -1
1171, 241, -1
1042, 241, -1
1171, 123, -1
1042, 123, -1
1171, 663, -1
1042, 663, -1
663, 1366, -1
663, 974, -1
663, 823, -1
663, 241, -1
663, 123, -1
663, 1171, -1
663, 1042, -1

974, 823, 1
823, 974, 1
1171, 1042, 1
1042, 1171, 1
1366, 974, -1
1366, 823, -1
1366, 241, -1
1366, 123, -1
1366, 1171, -1
1366, 1042, -1
1366, 663, -1
1366, 1601, -1
974, 1366, -1
823, 1366, -1
974, 241, -1
823, 241, -1
974, 123, -1
823, 123, -1
974, 1171, -1
974, 1042, -1
823, 1171, -1
823, 1042, -1
974, 663, -1
823, 663, -1
974, 1601, -1
823, 1601, -1
241, 1366, -1
241, 974, -1
241, 823, -1
241, 123, -1
241, 1171, -1
241, 1042, -1
241, 663, -1
241, 1601, -1
123, 1366, -1
123, 974, -1
123, 823, -1
123, 241, -1
123, 1171, -1
123, 1042, -1
123, 663, -1
123, 1601, -1
1171, 1366, -1
1042, 1366, -1
1171, 974, -1
1171, 823, -1
1042, 974, -1
1042, 823, -1
1171, 241, -1
1042, 241, -1
1171, 123, -1
1042, 123, -1
1171, 663, -1
1042, 663, -1
1171, 1601, -1
1042, 1601, -1
663, 1366, -1
663, 974, -1
663, 823, -1
663, 241, -1
663, 123, -1
663, 1171, -1
663, 1042, -1
663, 1601, -1
1601, 1366, -1
1601, 974, -1
1601, 823, -1
1601, 241, -1
1601, 123, -1
1601, 1171, -1
1601, 1042, -1
1601, 663, -1

1366, 1368, 1
1368, 1366, 1
974, 823, 1
974, 980, 1
823, 974, 1
823, 980, 1
980, 974, 1
980, 823, 1
1171, 1042, 1
1042, 1171, 1
663, 681, 1
681, 663, 1
1366, 974, -1
1366, 823, -1
1366, 980, -1
1368, 974, -1
1368, 823, -1
1368, 980, -1
1366, 241, -1
1368, 241, -1
1366, 123, -1
1368, 123, -1
1366, 1171, -1
1366, 1042, -1
1368, 1171, -1
1368, 1042, -1
1366, 663, -1
1366, 681, -1
1368, 663, -1
1368, 681, -1
1366, 1601, -1
1368, 1601, -1
974, 1366, -1
974, 1368, -1
823, 1366, -1
823, 1368, -1
980, 1366, -1
980, 1368, -1
974, 241, -1
823, 241, -1
980, 241, -1
974, 123, -1
823, 123, -1
980, 123, -1
974, 1171, -1
974, 1042, -1
823, 1171, -1
823, 1042, -1
980, 1171, -1
980, 1042, -1
974, 663, -1
974, 681, -1
823, 663, -1
823, 681, -1
980, 663, -1
980, 681, -1
974, 1601, -1
823, 1601, -1
980, 1601, -1
241, 1366, -1
241, 1368, -1
241, 974, -1
241, 823, -1
241, 980, -1
241, 123, -1
241, 1171, -1
241, 1042, -1
241, 663, -1
241, 681, -1
241, 1601, -1
123, 1366, -1
123, 1368, -1
123, 974, -1
123, 823, -1
123, 980, -1
123, 241, -1
123, 1171, -1
123, 1042, -1
123, 663, -1
123, 681, -1
123, 1601, -1
1171, 1366, -1
1171, 1368, -1
1042, 1366, -1
1042, 1368, -1
1171, 974, -1
1171, 823, -1
1171, 980, -1
1042, 974, -1
1042, 823, -1
1042, 980, -1
1171, 241, -1
1042, 241, -1
1171, 123, -1
1042, 123, -1
1171, 663, -1
1171, 681, -1
1042, 663, -1
1042, 681, -1
1171, 1601, -1
1042, 1601, -1
663, 1366, -1
663, 1368, -1
681, 1366, -1
681, 1368, -1
663, 974, -1
663, 823, -1
663, 980, -1
681, 974, -1
681, 823, -1
681, 980, -1
663, 241, -1
681, 241, -1
663, 123, -1
681, 123, -1
663, 1171, -1
663, 1042, -1
681, 1171, -1
681, 1042, -1
663, 1601, -1
681, 1601, -1
1601, 1366, -1
1601, 1368, -1
1601, 974, -1
1601, 823, -1
1601, 980, -1
1601, 241, -1
1601, 123, -1
1601, 1171, -1
1601, 1042, -1
1601, 663, -1
1601, 681, -1

1366, 1368, 1
1368, 1366, 1
974, 823, 1
974, 980, 1
823, 974, 1
823, 980, 1
980, 974, 1
980, 823, 1
1171, 1042, 1
1042, 1171, 1
663, 681, 1
681, 663, 1
1601, 1630, 1
1630, 1601, 1
1366, 974, -1
1366, 823, -1
1366, 980, -1
1368, 974, -1
1368, 823, -1
1368, 980, -1
1366, 241, -1
1368, 241, -1
1366, 123, -1
1368, 123, -1
1366, 1171, -1
1366, 1042, -1
1368, 1171, -1
1368, 1042, -1
1366, 663, -1
1366, 681, -1
1368, 663, -1
1368, 681, -1
1366, 1601, -1
1366, 1630, -1
1368, 1601, -1
1368, 1630, -1
974, 1366, -1
974, 1368, -1
823, 1366, -1
823, 1368, -1
980, 1366, -1
980, 1368, -1
974, 241, -1
823, 241, -1
980, 241, -1
974, 123, -1
823, 123, -1
980, 123, -1
974, 1171, -1
974, 1042, -1
823, 1171, -1
823, 1042, -1
980, 1171, -1
980, 1042, -1
974, 663, -1
974, 681, -1
823, 663, -1
823, 681, -1
980, 663, -1
980, 681, -1
974, 1601, -1
974, 1630, -1
823, 1601, -1
823, 1630, -1
980, 1601, -1
980, 1630, -1
241, 1366, -1
241, 1368, -1
241, 974, -1
241, 823, -1
241, 980, -1
241, 123, -1
241, 1171, -1
241, 1042, -1
241, 663, -1
241, 681, -1
241, 1601, -1
241, 1630, -1
123, 1366, -1
123, 1368, -1
123, 974, -1
123, 823, -1
123, 980, -1
123, 241, -1
123, 1171, -1
123, 1042, -1
123, 663, -1
123, 681, -1
123, 1601, -1
123, 1630, -1
1171, 1366, -1
1171, 1368, -1
1042, 1366, -1
1042, 1368, -1
1171, 974, -1
1171, 823, -1
1171, 980, -1
1042, 974, -1
1042, 823, -1
1042, 980, -1
1171, 241, -1
1042, 241, -1
1171, 123, -1
1042, 123, -1
1171, 663, -1
1171, 681, -1
1042, 663, -1
1042, 681, -1
1171, 1601, -1
1171, 1630, -1
1042, 1601, -1
1042, 1630, -1
663, 1366, -1
663, 1368, -1
681, 1366, -1
681, 1368, -1
663, 974, -1
663, 823, -1
663, 980, -1
681, 974, -1
681, 823, -1
681, 980, -1
663, 241, -1
681, 241, -1
663, 123, -1
681, 123, -1
663, 1171, -1
663, 1042, -1
681, 1171, -1
681, 1042, -1
663, 1601, -1
663, 1630, -1
681, 1601, -1
681, 1630, -1
1601, 1366, -1
1601, 1368, -1
1630, 1366, -1
1630, 1368, -1
1601, 974, -1
1601, 823, -1
1601, 980, -1
1630, 974, -1
1630, 823, -1
1630, 980, -1
1601, 241, -1
1630, 241, -1
1601, 123, -1
1630, 123, -1
1601, 1171, -1
1601, 1042, -1
1630, 1171, -1
1630, 1042, -1
1601, 663, -1
1601, 681, -1
1630, 663, -1
1630, 681, -1

1366, 1368, 1
1368, 1366, 1
974, 823, 1
974, 980, 1
823, 974, 1
823, 980, 1
980, 974, 1
980, 823, 1
1171, 1042, 1
1042, 1171, 1
663, 681, 1
681, 663, 1
1601, 1630, 1
1630, 1601, 1
1366, 974, -1
1366, 823, -1
1366, 980, -1
1368, 974, -1
1368, 823, -1
1368, 980, -1
1366, 241, -1
1368, 241, -1
1366, 123, -1
1368, 123, -1
1366, 1171, -1
1366, 1042, -1
1368, 1171, -1
1368, 1042, -1
1366, 663, -1
1366, 681, -1
1368, 663, -1
1368, 681, -1
1366, 1601, -1
1366, 1630, -1
1368, 1601, -1
1368, 1630, -1
1366, 1882, -1
1368, 1882, -1
974, 1366, -1
974, 1368, -1
823, 1366, -1
823, 1368, -1
980, 1366, -1
980, 1368, -1
974, 241, -1
823, 241, -1
980, 241, -1
974, 123, -1
823, 123, -1
980, 123, -1
974, 1171, -1
974, 1042, -1
823, 1171, -1
823, 1042, -1
980, 1171, -1
980, 1042, -1
974, 663, -1
974, 681, -1
823, 663, -1
823, 681, -1
980, 663, -1
980, 681, -1
974, 1601, -1
974, 1630, -1
823, 1601, -1
823, 1630, -1
980, 1601, -1
980, 1630, -1
974, 1882, -1
823, 1882, -1
980, 1882, -1
241, 1366, -1
241, 1368, -1
241, 974, -1
241, 823, -1
241, 980, -1
241, 123, -1
241, 1171, -1
241, 1042, -1
241, 663, -1
241, 681, -1
241, 1601, -1
241, 1630, -1
241, 1882, -1
123, 1366, -1
123, 1368, -1
123, 974, -1
123, 823, -1
123, 980, -1
123, 241, -1
123, 1171, -1
123, 1042, -1
123, 663, -1
123, 681, -1
123, 1601, -1
123, 1630, -1
123, 1882, -1
1171, 1366, -1
1171, 1368, -1
1042, 1366, -1
1042, 1368, -1
1171, 974, -1
1171, 823, -1
1171, 980, -1
1042, 974, -1
1042, 823, -1
1042, 980, -1
1171, 241, -1
1042, 241, -1
1171, 123, -1
1042, 123, -1
1171, 663, -1
1171, 681, -1
1042, 663, -1
1042, 681, -1
1171, 1601, -1
1171, 1630, -1
1042, 1601, -1
1042, 1630, -1
1171, 1882, -1
1042, 1882, -1
663, 1366, -1
663, 1368, -1
681, 1366, -1
681, 1368, -1
663, 974, -1
663, 823, -1
663, 980, -1
681, 974, -1
681, 823, -1
681, 980, -1
663, 241, -1
681, 241, -1
663, 123, -1
681, 123, -1
663, 1171, -1
663, 1042, -1
681, 1171, -1
681, 1042, -1
663, 1601, -1
663, 1630, -1
681, 1601, -1
681, 1630, -1
663, 1882, -1
681, 1882, -1
1601, 1366, -1
1601, 1368, -1
1630, 1366, -1
1630, 1368, -1
1601, 974, -1
1601, 823, -1
1601, 980, -1
1630, 974, -1
1630, 823, -1
1630, 980, -1
1601, 241, -1
1630, 241, -1
1601, 123, -1
1630, 123, -1
1601, 1171, -1
1601, 1042, -1
1630, 1171, -1
1630, 1042, -1
1601, 663, -1
1601, 681, -1
1630, 663, -1
1630, 681, -1
1601, 1882, -1
1630, 1882, -1
1882, 1366, -1
1882, 1368, -1
1882, 974, -1
1882, 823, -1
1882, 980, -1
1882, 241, -1
1882, 123, -1
1882, 1171, -1
1882, 1042, -1
1882, 663, -1
1882, 681, -1
1882, 1601, -1
1882, 1630, -1

1366, 1368, 1
1368, 1366, 1
974, 823, 1
974, 980, 1
823, 974, 1
823, 980, 1
980, 974, 1
980, 823, 1
1171, 1042, 1
1042, 1171, 1
663, 681, 1
681, 663, 1
1601, 1630, 1
1630, 1601, 1
1366, 974, -1
1366, 823, -1
1366, 980, -1
1368, 974, -1
1368, 823, -1
1368, 980, -1
1366, 241, -1
1368, 241, -1
1366, 123, -1
1368, 123, -1
1366, 1171, -1
1366, 1042, -1
1368, 1171, -1
1368, 1042, -1
1366, 663, -1
1366, 681, -1
1368, 663, -1
1368, 681, -1
1366, 1601, -1
1366, 1630, -1
1368, 1601, -1
1368, 1630, -1
1366, 1882, -1
1368, 1882, -1
1366, 402, -1
1368, 402, -1
974, 1366, -1
974, 1368, -1
823, 1366, -1
823, 1368, -1
980, 1366, -1
980, 1368, -1
974, 241, -1
823, 241, -1
980, 241, -1
974, 123, -1
823, 123, -1
980, 123, -1
974, 1171, -1
974, 1042, -1
823, 1171, -1
823, 1042, -1
980, 1171, -1
980, 1042, -1
974, 663, -1
974, 681, -1
823, 663, -1
823, 681, -1
980, 663, -1
980, 681, -1
974, 1601, -1
974, 1630, -1
823, 1601, -1
823, 1630, -1
980, 1601, -1
980, 1630, -1
974, 1882, -1
823, 1882, -1
980, 1882, -1
974, 402, -1
823, 402, -1
980, 402, -1
241, 1366, -1
241, 1368, -1
241, 974, -1
241, 823, -1
241, 980, -1
241, 123, -1
241, 1171, -1
241, 1042, -1
241, 663, -1
241, 681, -1
241, 1601, -1
241, 1630, -1
241, 1882, -1
241, 402, -1
123, 1366, -1
123, 1368, -1
123, 974, -1
123, 823, -1
123, 980, -1
123, 241, -1
123, 1171, -1
123, 1042, -1
123, 663, -1
123, 681, -1
123, 1601, -1
123, 1630, -1
123, 1882, -1
123, 402, -1
1171, 1366, -1
1171, 1368, -1
1042, 1366, -1
1042, 1368, -1
1171, 974, -1
1171, 823, -1
1171, 980, -1
1042, 974, -1
1042, 823, -1
1042, 980, -1
1171, 241, -1
1042, 241, -1
1171, 123, -1
1042, 123, -1
1171, 663, -1
1171, 681, -1
1042, 663, -1
1042, 681, -1
1171, 1601, -1
1171, 1630, -1
1042, 1601, -1
1042, 1630, -1
1171, 1882, -1
1042, 1882, -1
1171, 402, -1
1042, 402, -1
663, 1366, -1
663, 1368, -1
681, 1366, -1
681, 1368, -1
663, 974, -1
663, 823, -1
663, 980, -1
681, 974, -1
681, 823, -1
681, 980, -1
663, 241, -1
681, 241, -1
663, 123, -1
681, 123, -1
663, 1171, -1
663, 1042, -1
681, 1171, -1
681, 1042, -1
663, 1601, -1
663, 1630, -1
681, 1601, -1
681, 1630, -1
663, 1882, -1
681, 1882, -1
663, 402, -1
681, 402, -1
1601, 1366, -1
1601, 1368, -1
1630, 1366, -1
1630, 1368, -1
1601, 974, -1
1601, 823, -1
1601, 980, -1
1630, 974, -1
1630, 823, -1
1630, 980, -1
1601, 241, -1
1630, 241, -1
1601, 123, -1
1630, 123, -1
1601, 1171, -1
1601, 1042, -1
1630, 1171, -1
1630, 1042, -1
1601, 663, -1
1601, 681, -1
1630, 663, -1
1630, 681, -1
1601, 1882, -1
1630, 1882, -1
1601, 402, -1
1630, 402, -1
1882, 1366, -1
1882, 1368, -1
1882, 974, -1
1882, 823, -1
1882, 980, -1
1882, 241, -1
1882, 123, -1
1882, 1171, -1
1882, 1042, -1
1882, 663, -1
1882, 681, -1
1882, 1601, -1
1882, 1630, -1
1882, 402, -1
402, 1366, -1
402, 1368, -1
402, 974, -1
402, 823, -1
402, 980, -1
402, 241, -1
402, 123, -1
402, 1171, -1
402, 1042, -1
402, 663, -1
402, 681, -1
402, 1601, -1
402, 1630, -1
402, 1882, -1

1366, 1368, 1
1368, 1366, 1
974, 823, 1
974, 980, 1
974, 911, 1
823, 974, 1
823, 980, 1
823, 911, 1
980, 974, 1
980, 823, 1
980, 911, 1
911, 974, 1
911, 823, 1
911, 980, 1
1171, 1042, 1
1042, 1171, 1
663, 681, 1
681, 663, 1
1601, 1630, 1
1630, 1601, 1
1366, 974, -1
1366, 823, -1
1366, 980, -1
1366, 911, -1
1368, 974, -1
1368, 823, -1
1368, 980, -1
1368, 911, -1
1366, 241, -1
1368, 241, -1
1366, 123, -1
1368, 123, -1
1366, 1171, -1
1366, 1042, -1
1368, 1171, -1
1368, 1042, -1
1366, 663, -1
1366, 681, -1
1368, 663, -1
1368, 681, -1
1366, 1601, -1
1366, 1630, -1
1368, 1601, -1
1368, 1630, -1
1366, 1882, -1
1368, 1882, -1
1366, 402, -1
1368, 402, -1
1366, 1478, -1
1368, 1478, -1
974, 1366, -1
974, 1368, -1
823, 1366, -1
823, 1368, -1
980, 1366, -1
980, 1368, -1
911, 1366, -1
911, 1368, -1
974, 241, -1
823, 241, -1
980, 241, -1
911, 241, -1
974, 123, -1
823, 123, -1
980, 123, -1
911, 123, -1
974, 1171, -1
974, 1042, -1
823, 1171, -1
823, 1042, -1
980, 1171, -1
980, 1042, -1
911, 1171, -1
911, 1042, -1
974, 663, -1
974, 681, -1
823, 663, -1
823, 681, -1
980, 663, -1
980, 681, -1
911, 663, -1
911, 681, -1
974, 1601, -1
974, 1630, -1
823, 1601, -1
823, 1630, -1
980, 1601, -1
980, 1630, -1
911, 1601, -1
911, 1630, -1
974, 1882, -1
823, 1882, -1
980, 1882, -1
911, 1882, -1
974, 402, -1
823, 402, -1
980, 402, -1
911, 402, -1
974, 1478, -1
823, 1478, -1
980, 1478, -1
911, 1478, -1
241, 1366, -1
241, 1368, -1
241, 974, -1
241, 823, -1
241, 980, -1
241, 911, -1
241, 123, -1
241, 1171, -1
241, 1042, -1
241, 663, -1
241, 681, -1
241, 1601, -1
241, 1630, -1
241, 1882, -1
241, 402, -1
241, 1478, -1
123, 1366, -1
123, 1368, -1
123, 974, -1
123, 823, -1
123, 980, -1
123, 911, -1
123, 241, -1
123, 1171, -1
123, 1042, -1
123, 663, -1
123, 681, -1
123, 1601, -1
123, 1630, -1
123, 1882, -1
123, 402, -1
123, 1478, -1
1171, 1366, -1
1171, 1368, -1
1042, 1366, -1
1042, 1368, -1
1171, 974, -1
1171, 823, -1
1171, 980, -1
1171, 911, -1
1042, 974, -1
1042, 823, -1
1042, 980, -1
1042, 911, -1
1171, 241, -1
1042, 241, -1
1171, 123, -1
1042, 123, -1
1171, 663, -1
1171, 681, -1
1042, 663, -1
1042, 681, -1
1171, 1601, -1
1171, 1630, -1
1042, 1601, -1
1042, 1630, -1
1171, 1882, -1
1042, 1882, -1
1171, 402, -1
1042, 402, -1
1171, 1478, -1
1042, 1478, -1
663, 1366, -1
663, 1368, -1
681, 1366, -1
681, 1368, -1
663, 974, -1
663, 823, -1
663, 980, -1
663, 911, -1
681, 974, -1
681, 823, -1
681, 980, -1
681, 911, -1
663, 241, -1
681, 241, -1
663, 123, -1
681, 123, -1
663, 1171, -1
663, 1042, -1
681, 1171, -1
681, 1042, -1
663, 1601, -1
663, 1630, -1
681, 1601, -1
681, 1630, -1
663, 1882, -1
681, 1882, -1
663, 402, -1
681, 402, -1
663, 1478, -1
681, 1478, -1
1601, 1366, -1
1601, 1368, -1
1630, 1366, -1
1630, 1368, -1
1601, 974, -1
1601, 823, -1
1601, 980, -1
1601, 911, -1
1630, 974, -1
1630, 823, -1
1630, 980, -1
1630, 911, -1
1601, 241, -1
1630, 241, -1
1601, 123, -1
1630, 123, -1
1601, 1171, -1
1601, 1042, -1
1630, 1171, -1
1630, 1042, -1
1601, 663, -1
1601, 681, -1
1630, 663, -1
1630, 681, -1
1601, 1882, -1
1630, 1882, -1
1601, 402, -1
1630, 402, -1
1601, 1478, -1
1630, 1478, -1
1882, 1366, -1
1882, 1368, -1
1882, 974, -1
1882, 823, -1
1882, 980, -1
1882, 911, -1
1882, 241, -1
1882, 123, -1
1882, 1171, -1
1882, 1042, -1
1882, 663, -1
1882, 681, -1
1882, 1601, -1
1882, 1630, -1
1882, 402, -1
1882, 1478, -1
402, 1366, -1
402, 1368, -1
402, 974, -1
402, 823, -1
402, 980, -1
402, 911, -1
402, 241, -1
402, 123, -1
402, 1171, -1
402, 1042, -1
402, 663, -1
402, 681, -1
402, 1601, -1
402, 1630, -1
402, 1882, -1
402, 1478, -1
1478, 1366, -1
1478, 1368, -1
1478, 974, -1
1478, 823, -1
1478, 980, -1
1478, 911, -1
1478, 241, -1
1478, 123, -1
1478, 1171, -1
1478, 1042, -1
1478, 663, -1
1478, 681, -1
1478, 1601, -1
1478, 1630, -1
1478, 1882, -1
1478, 402, -1

1366, 1368, 1
1368, 1366, 1
974, 823, 1
974, 980, 1
974, 911, 1
974, 964, 1
823, 974, 1
823, 980, 1
823, 911, 1
823, 964, 1
980, 974, 1
980, 823, 1
980, 911, 1
980, 964, 1
911, 974, 1
911, 823, 1
911, 980, 1
911, 964, 1
964, 974, 1
964, 823, 1
964, 980, 1
964, 911, 1
1171, 1042, 1
1171, 1050, 1
1042, 1171, 1
1042, 1050, 1
1050, 1171, 1
1050, 1042, 1
663, 681, 1
663, 705, 1
663, 737, 1
681, 663, 1
681, 705, 1
681, 737, 1
705, 663, 1
705, 681, 1
705, 737, 1
737, 663, 1
737, 681, 1
737, 705, 1
1601, 1630, 1
1630, 1601, 1
1478, 1549, 1
1549, 1478, 1
1366, 974, -1
1366, 823, -1
1366, 980, -1
1366, 911, -1
1366, 964, -1
1368, 974, -1
1368, 823, -1
1368, 980, -1
1368, 911, -1
1368, 964, -1
1366, 241, -1
1368, 241, -1
1366, 123, -1
1368, 123, -1
1366, 1171, -1
1366, 1042, -1
1366, 1050, -1
1368, 1171, -1
1368, 1042, -1
1368, 1050, -1
1366, 663, -1
1366, 681, -1
1366, 705, -1
1366, 737, -1
1368, 663, -1
1368, 681, -1
1368, 705, -1
1368, 737, -1
1366, 1601, -1
1366, 1630, -1
1368, 1601, -1
1368, 1630, -1
1366, 1882, -1
1368, 1882, -1
1366, 402, -1
1368, 402, -1
1366, 1478, -1
1366, 1549, -1
1368, 1478, -1
1368, 1549, -1
974, 1366, -1
974, 1368, -1
823, 1366, -1
823, 1368, -1
980, 1366, -1
980, 1368, -1
911, 1366, -1
911, 1368, -1
964, 1366, -1
964, 1368, -1
974, 241, -1
823, 241, -1
980, 241, -1
911, 241, -1
964, 241, -1
974, 123, -1
823, 123, -1
980, 123, -1
911, 123, -1
964, 123, -1
974, 1171, -1
974, 1042, -1
974, 1050, -1
823, 1171, -1
823, 1042, -1
823, 1050, -1
980, 1171, -1
980, 1042, -1
980, 1050, -1
911, 1171, -1
911, 1042, -1
911, 1050, -1
964, 1171, -1
964, 1042, -1
964, 1050, -1
974, 663, -1
974, 681, -1
974, 705, -1
974, 737, -1
823, 663, -1
823, 681, -1
823, 705, -1
823, 737, -1
980, 663, -1
980, 681, -1
980, 705, -1
980, 737, -1
911, 663, -1
911, 681, -1
911, 705, -1
911, 737, -1
964, 663, -1
964, 681, -1
964, 705, -1
964, 737, -1
974, 1601, -1
974, 1630, -1
823, 1601, -1
823, 1630, -1
980, 1601, -1
980, 1630, -1
911, 1601, -1
911, 1630, -1
964, 1601, -1
964, 1630, -1
974, 1882, -1
823, 1882, -1
980, 1882, -1
911, 1882, -1
964, 1882, -1
974, 402, -1
823, 402, -1
980, 402, -1
911, 402, -1
964, 402, -1
974, 1478, -1
974, 1549, -1
823, 1478, -1
823, 1549, -1
980, 1478, -1
980, 1549, -1
911, 1478, -1
911, 1549, -1
964, 1478, -1
964, 1549, -1
241, 1366, -1
241, 1368, -1
241, 974, -1
241, 823, -1
241, 980, -1
241, 911, -1
241, 964, -1
241, 123, -1
241, 1171, -1
241, 1042, -1
241, 1050, -1
241, 663, -1
241, 681, -1
241, 705, -1
241, 737, -1
241, 1601, -1
241, 1630, -1
241, 1882, -1
241, 402, -1
241, 1478, -1
241, 1549, -1
123, 1366, -1
123, 1368, -1
123, 974, -1
123, 823, -1
123, 980, -1
123, 911, -1
123, 964, -1
123, 241, -1
123, 1171, -1
123, 1042, -1
123, 1050, -1
123, 663, -1
123, 681, -1
123, 705, -1
123, 737, -1
123, 1601, -1
123, 1630, -1
123, 1882, -1
123, 402, -1
123, 1478, -1
123, 1549, -1
1171, 1366, -1
1171, 1368, -1
1042, 1366, -1
1042, 1368, -1
1050, 1366, -1
1050, 1368, -1
1171, 974, -1
1171, 823, -1
1171, 980, -1
1171, 911, -1
1171, 964, -1
1042, 974, -1
1042, 823, -1
1042, 980, -1
1042, 911, -1
1042, 964, -1
1050, 974, -1
1050, 823, -1
1050, 980, -1
1050, 911, -1
1050, 964, -1
1171, 241, -1
1042, 241, -1
1050, 241, -1
1171, 123, -1
1042, 123, -1
1050, 123, -1
1171, 663, -1
1171, 681, -1
1171, 705, -1
1171, 737, -1
1042, 663, -1
1042, 681, -1
1042, 705, -1
1042, 737, -1
1050, 663, -1
1050, 681, -1
1050, 705, -1
1050, 737, -1
1171, 1601, -1
1171, 1630, -1
1042, 1601, -1
1042, 1630, -1
1050, 1601, -1
1050, 1630, -1
1171, 1882, -1
1042, 1882, -1
1050, 1882, -1
1171, 402, -1
1042, 402, -1
1050, 402, -1
1171, 1478, -1
1171, 1549, -1
1042, 1478, -1
1042, 1549, -1
1050, 1478, -1
1050, 1549, -1
663, 1366, -1
663, 1368, -1
681, 1366, -1
681, 1368, -1
705, 1366, -1
705, 1368, -1
737, 1366, -1
737, 1368, -1
663, 974, -1
663, 823, -1
663, 980, -1
663, 911, -1
663, 964, -1
681, 974, -1
681, 823, -1
681, 980, -1
681, 911, -1
681, 964, -1
705, 974, -1
705, 823, -1
705, 980, -1
705, 911, -1
705, 964, -1
737, 974, -1
737, 823, -1
737, 980, -1
737, 911, -1
737, 964, -1
663, 241, -1
681, 241, -1
705, 241, -1
737, 241, -1
663, 123, -1
681, 123, -1
705, 123, -1
737, 123, -1
663, 1171, -1
663, 1042, -1
663, 1050, -1
681, 1171, -1
681, 1042, -1
681, 1050, -1
705, 1171, -1
705, 1042, -1
705, 1050, -1
737, 1171, -1
737, 1042, -1
737, 1050, -1
663, 1601, -1
663, 1630, -1
681, 1601, -1
681, 1630, -1
705, 1601, -1
705, 1630, -1
737, 1601, -1
737, 1630, -1
663, 1882, -1
681, 1882, -1
705, 1882, -1
737, 1882, -1
663, 402, -1
681, 402, -1
705, 402, -1
737, 402, -1
663, 1478, -1
663, 1549, -1
681, 1478, -1
681, 1549, -1
705, 1478, -1
705, 1549, -1
737, 1478, -1
737, 1549, -1
1601, 1366, -1
1601, 1368, -1
1630, 1366, -1
1630, 1368, -1
1601, 974, -1
1601, 823, -1
1601, 980, -1
1601, 911, -1
1601, 964, -1
1630, 974, -1
1630, 823, -1
1630, 980, -1
1630, 911, -1
1630, 964, -1
1601, 241, -1
1630, 241, -1
1601, 123, -1
1630, 123, -1
1601, 1171, -1
1601, 1042, -1
1601, 1050, -1
1630, 1171, -1
1630, 1042, -1
1630, 1050, -1
1601, 663, -1
1601, 681, -1
1601, 705, -1
1601, 737, -1
1630, 663, -1
1630, 681, -1
1630, 705, -1
1630, 737, -1
1601, 1882, -1
1630, 1882, -1
1601, 402, -1
1630, 402, -1
1601, 1478, -1
1601, 1549, -1
1630, 1478, -1
1630, 1549, -1
1882, 1366, -1
1882, 1368, -1
1882, 974, -1
1882, 823, -1
1882, 980, -1
1882, 911, -1
1882, 964, -1
1882, 241, -1
1882, 123, -1
1882, 1171, -1
1882, 1042, -1
1882, 1050, -1
1882, 663, -1
1882, 681, -1
1882, 705, -1
1882, 737, -1
1882, 1601, -1
1882, 1630, -1
1882, 402, -1
1882, 1478, -1
1882, 1549, -1
402, 1366, -1
402, 1368, -1
402, 974, -1
402, 823, -1
402, 980, -1
402, 911, -1
402, 964, -1
402, 241, -1
402, 123, -1
402, 1171, -1
402, 1042, -1
402, 1050, -1
402, 663, -1
402, 681, -1
402, 705, -1
402, 737, -1
402, 1601, -1
402, 1630, -1
402, 1882, -1
402, 1478, -1
402, 1549, -1
1478, 1366, -1
1478, 1368, -1
1549, 1366, -1
1549, 1368, -1
1478, 974, -1
1478, 823, -1
1478, 980, -1
1478, 911, -1
1478, 964, -1
1549, 974, -1
1549, 823, -1
1549, 980, -1
1549, 911, -1
1549, 964, -1
1478, 241, -1
1549, 241, -1
1478, 123, -1
1549, 123, -1
1478, 1171, -1
1478, 1042, -1
1478, 1050, -1
1549, 1171, -1
1549, 1042, -1
1549, 1050, -1
1478, 663, -1
1478, 681, -1
1478, 705, -1
1478, 737, -1
1549, 663, -1
1549, 681, -1
1549, 705, -1
1549, 737, -1
1478, 1601, -1
1478, 1630, -1
1549, 1601, -1
1549, 1630, -1
1478, 1882, -1
1549, 1882, -1
1478, 402, -1
1549, 402, -1

