259, 974, -1
259, 21, -1
259, 1363, -1
259, 1171, -1
974, 259, -1
974, 21, -1
974, 1363, -1
974, 1171, -1
21, 259, -1
21, 974, -1
21, 1363, -1
21, 1171, -1
1363, 259, -1
1363, 974, -1
1363, 21, -1
1363, 1171, -1
1171, 259, -1
1171, 974, -1
1171, 21, -1
1171, 1363, -1

259, 310, 1
310, 259, 1
974, 823, 1
823, 974, 1
259, 974, -1
259, 823, -1
310, 974, -1
310, 823, -1
259, 21, -1
310, 21, -1
259, 1363, -1
310, 1363, -1
259, 1171, -1
310, 1171, -1
259, 1601, -1
310, 1601, -1
974, 259, -1
974, 310, -1
823, 259, -1
823, 310, -1
974, 21, -1
823, 21, -1
974, 1363, -1
823, 1363, -1
974, 1171, -1
823, 1171, -1
974, 1601, -1
823, 1601, -1
21, 259, -1
21, 310, -1
21, 974, -1
21, 823, -1
21, 1363, -1
21, 1171, -1
21, 1601, -1
1363, 259, -1
1363, 310, -1
1363, 974, -1
1363, 823, -1
1363, 21, -1
1363, 1171, -1
1363, 1601, -1
1171, 259, -1
1171, 310, -1
1171, 974, -1
1171, 823, -1
1171, 21, -1
1171, 1363, -1
1171, 1601, -1
1601, 259, -1
1601, 310, -1
1601, 974, -1
1601, 823, -1
1601, 21, -1
1601, 1363, -1
1601, 1171, -1

259, 310, 1
310, 259, 1
974, 823, 1
823, 974, 1
259, 974, -1
259, 823, -1
310, 974, -1
310, 823, -1
259, 21, -1
310, 21, -1
259, 1363, -1
310, 1363, -1
259, 1171, -1
310, 1171, -1
259, 1601, -1
310, 1601, -1
259, 738, -1
310, 738, -1
974, 259, -1
974, 310, -1
823, 259, -1
823, 310, -1
974, 21, -1
823, 21, -1
974, 1363, -1
823, 1363, -1
974, 1171, -1
823, 1171, -1
974, 1601, -1
823, 1601, -1
974, 738, -1
823, 738, -1
21, 259, -1
21, 310, -1
21, 974, -1
21, 823, -1
21, 1363, -1
21, 1171, -1
21, 1601, -1
21, 738, -1
1363, 259, -1
1363, 310, -1
1363, 974, -1
1363, 823, -1
1363, 21, -1
1363, 1171, -1
1363, 1601, -1
1363, 738, -1
1171, 259, -1
1171, 310, -1
1171, 974, -1
1171, 823, -1
1171, 21, -1
1171, 1363, -1
1171, 1601, -1
1171, 738, -1
1601, 259, -1
1601, 310, -1
1601, 974, -1
1601, 823, -1
1601, 21, -1
1601, 1363, -1
1601, 1171, -1
1601, 738, -1
738, 259, -1
738, 310, -1
738, 974, -1
738, 823, -1
738, 21, -1
738, 1363, -1
738, 1171, -1
738, 1601, -1

259, 310, 1
310, 259, 1
974, 823, 1
823, 974, 1
259, 974, -1
259, 823, -1
310, 974, -1
310, 823, -1
259, 21, -1
310, 21, -1
259, 1363, -1
310, 1363, -1
259, 1171, -1
310, 1171, -1
259, 1601, -1
310, 1601, -1
259, 738, -1
310, 738, -1
259, 422, -1
310, 422, -1
974, 259, -1
974, 310, -1
823, 259, -1
823, 310, -1
974, 21, -1
823, 21, -1
974, 1363, -1
823, 1363, -1
974, 1171, -1
823, 1171, -1
974, 1601, -1
823, 1601, -1
974, 738, -1
823, 738, -1
974, 422, -1
823, 422, -1
21, 259, -1
21, 310, -1
21, 974, -1
21, 823, -1
21, 1363, -1
21, 1171, -1
21, 1601, -1
21, 738, -1
21, 422, -1
1363, 259, -1
1363, 310, -1
1363, 974, -1
1363, 823, -1
1363, 21, -1
1363, 1171, -1
1363, 1601, -1
1363, 738, -1
1363, 422, -1
1171, 259, -1
1171, 310, -1
1171, 974, -1
1171, 823, -1
1171, 21, -1
1171, 1363, -1
1171, 1601, -1
1171, 738, -1
1171, 422, -1
1601, 259, -1
1601, 310, -1
1601, 974, -1
1601, 823, -1
1601, 21, -1
1601, 1363, -1
1601, 1171, -1
1601, 738, -1
1601, 422, -1
738, 259, -1
738, 310, -1
738, 974, -1
738, 823, -1
738, 21, -1
738, 1363, -1
738, 1171, -1
738, 1601, -1
738, 422, -1
422, 259, -1
422, 310, -1
422, 974, -1
422, 823, -1
422, 21, -1
422, 1363, -1
422, 1171, -1
422, 1601, -1
422, 738, -1

259, 310, 1
310, 259, 1
974, 823, 1
974, 901, 1
823, 974, 1
823, 901, 1
901, 974, 1
901, 823, 1
259, 974, -1
259, 823, -1
259, 901, -1
310, 974, -1
310, 823, -1
310, 901, -1
259, 21, -1
310, 21, -1
259, 1363, -1
310, 1363, -1
259, 1171, -1
310, 1171, -1
259, 1601, -1
310, 1601, -1
259, 738, -1
310, 738, -1
259, 422, -1
310, 422, -1
259, 1478, -1
310, 1478, -1
974, 259, -1
974, 310, -1
823, 259, -1
823, 310, -1
901, 259, -1
901, 310, -1
974, 21, -1
823, 21, -1
901, 21, -1
974, 1363, -1
823, 1363, -1
901, 1363, -1
974, 1171, -1
823, 1171, -1
901, 1171, -1
974, 1601, -1
823, 1601, -1
901, 1601, -1
974, 738, -1
823, 738, -1
901, 738, -1
974, 422, -1
823, 422, -1
901, 422, -1
974, 1478, -1
823, 1478, -1
901, 1478, -1
21, 259, -1
21, 310, -1
21, 974, -1
21, 823, -1
21, 901, -1
21, 1363, -1
21, 1171, -1
21, 1601, -1
21, 738, -1
21, 422, -1
21, 1478, -1
1363, 259, -1
1363, 310, -1
1363, 974, -1
1363, 823, -1
1363, 901, -1
1363, 21, -1
1363, 1171, -1
1363, 1601, -1
1363, 738, -1
1363, 422, -1
1363, 1478, -1
1171, 259, -1
1171, 310, -1
1171, 974, -1
1171, 823, -1
1171, 901, -1
1171, 21, -1
1171, 1363, -1
1171, 1601, -1
1171, 738, -1
1171, 422, -1
1171, 1478, -1
1601, 259, -1
1601, 310, -1
1601, 974, -1
1601, 823, -1
1601, 901, -1
1601, 21, -1
1601, 1363, -1
1601, 1171, -1
1601, 738, -1
1601, 422, -1
1601, 1478, -1
738, 259, -1
738, 310, -1
738, 974, -1
738, 823, -1
738, 901, -1
738, 21, -1
738, 1363, -1
738, 1171, -1
738, 1601, -1
738, 422, -1
738, 1478, -1
422, 259, -1
422, 310, -1
422, 974, -1
422, 823, -1
422, 901, -1
422, 21, -1
422, 1363, -1
422, 1171, -1
422, 1601, -1
422, 738, -1
422, 1478, -1
1478, 259, -1
1478, 310, -1
1478, 974, -1
1478, 823, -1
1478, 901, -1
1478, 21, -1
1478, 1363, -1
1478, 1171, -1
1478, 1601, -1
1478, 738, -1
1478, 422, -1

259, 310, 1
310, 259, 1
974, 823, 1
974, 901, 1
823, 974, 1
823, 901, 1
901, 974, 1
901, 823, 1
738, 627, 1
627, 738, 1
259, 974, -1
259, 823, -1
259, 901, -1
310, 974, -1
310, 823, -1
310, 901, -1
259, 21, -1
310, 21, -1
259, 1363, -1
310, 1363, -1
259, 1171, -1
310, 1171, -1
259, 1601, -1
310, 1601, -1
259, 738, -1
259, 627, -1
310, 738, -1
310, 627, -1
259, 422, -1
310, 422, -1
259, 1478, -1
310, 1478, -1
974, 259, -1
974, 310, -1
823, 259, -1
823, 310, -1
901, 259, -1
901, 310, -1
974, 21, -1
823, 21, -1
901, 21, -1
974, 1363, -1
823, 1363, -1
901, 1363, -1
974, 1171, -1
823, 1171, -1
901, 1171, -1
974, 1601, -1
823, 1601, -1
901, 1601, -1
974, 738, -1
974, 627, -1
823, 738, -1
823, 627, -1
901, 738, -1
901, 627, -1
974, 422, -1
823, 422, -1
901, 422, -1
974, 1478, -1
823, 1478, -1
901, 1478, -1
21, 259, -1
21, 310, -1
21, 974, -1
21, 823, -1
21, 901, -1
21, 1363, -1
21, 1171, -1
21, 1601, -1
21, 738, -1
21, 627, -1
21, 422, -1
21, 1478, -1
1363, 259, -1
1363, 310, -1
1363, 974, -1
1363, 823, -1
1363, 901, -1
1363, 21, -1
1363, 1171, -1
1363, 1601, -1
1363, 738, -1
1363, 627, -1
1363, 422, -1
1363, 1478, -1
1171, 259, -1
1171, 310, -1
1171, 974, -1
1171, 823, -1
1171, 901, -1
1171, 21, -1
1171, 1363, -1
1171, 1601, -1
1171, 738, -1
1171, 627, -1
1171, 422, -1
1171, 1478, -1
1601, 259, -1
1601, 310, -1
1601, 974, -1
1601, 823, -1
1601, 901, -1
1601, 21, -1
1601, 1363, -1
1601, 1171, -1
1601, 738, -1
1601, 627, -1
1601, 422, -1
1601, 1478, -1
738, 259, -1
738, 310, -1
627, 259, -1
627, 310, -1
738, 974, -1
738, 823, -1
738, 901, -1
627, 974, -1
627, 823, -1
627, 901, -1
738, 21, -1
627, 21, -1
738, 1363, -1
627, 1363, -1
738, 1171, -1
627, 1171, -1
738, 1601, -1
627, 1601, -1
738, 422, -1
627, 422, -1
738, 1478, -1
627, 1478, -1
422, 259, -1
422, 310, -1
422, 974, -1
422, 823, -1
422, 901, -1
422, 21, -1
422, 1363, -1
422, 1171, -1
422, 1601, -1
422, 738, -1
422, 627, -1
422, 1478, -1
1478, 259, -1
1478, 310, -1
1478, 974, -1
1478, 823, -1
1478, 901, -1
1478, 21, -1
1478, 1363, -1
1478, 1171, -1
1478, 1601, -1
1478, 738, -1
1478, 627, -1
1478, 422, -1

259, 310, 1
310, 259, 1
974, 823, 1
974, 901, 1
823, 974, 1
823, 901, 1
901, 974, 1
901, 823, 1
1363, 1368, 1
1368, 1363, 1
1171, 1103, 1
1103, 1171, 1
738, 627, 1
627, 738, 1
259, 974, -1
259, 823, -1
259, 901, -1
310, 974, -1
310, 823, -1
310, 901, -1
259, 21, -1
310, 21, -1
259, 1363, -1
259, 1368, -1
310, 1363, -1
310, 1368, -1
259, 1171, -1
259, 1103, -1
310, 1171, -1
310, 1103, -1
259, 1601, -1
310, 1601, -1
259, 738, -1
259, 627, -1
310, 738, -1
310, 627, -1
259, 422, -1
310, 422, -1
259, 1478, -1
310, 1478, -1
974, 259, -1
974, 310, -1
823, 259, -1
823, 310, -1
901, 259, -1
901, 310, -1
974, 21, -1
823, 21, -1
901, 21, -1
974, 1363, -1
974, 1368, -1
823, 1363, -1
823, 1368, -1
901, 1363, -1
901, 1368, -1
974, 1171, -1
974, 1103, -1
823, 1171, -1
823, 1103, -1
901, 1171, -1
901, 1103, -1
974, 1601, -1
823, 1601, -1
901, 1601, -1
974, 738, -1
974, 627, -1
823, 738, -1
823, 627, -1
901, 738, -1
901, 627, -1
974, 422, -1
823, 422, -1
901, 422, -1
974, 1478, -1
823, 1478, -1
901, 1478, -1
21, 259, -1
21, 310, -1
21, 974, -1
21, 823, -1
21, 901, -1
21, 1363, -1
21, 1368, -1
21, 1171, -1
21, 1103, -1
21, 1601, -1
21, 738, -1
21, 627, -1
21, 422, -1
21, 1478, -1
1363, 259, -1
1363, 310, -1
1368, 259, -1
1368, 310, -1
1363, 974, -1
1363, 823, -1
1363, 901, -1
1368, 974, -1
1368, 823, -1
1368, 901, -1
1363, 21, -1
1368, 21, -1
1363, 1171, -1
1363, 1103, -1
1368, 1171, -1
1368, 1103, -1
1363, 1601, -1
1368, 1601, -1
1363, 738, -1
1363, 627, -1
1368, 738, -1
1368, 627, -1
1363, 422, -1
1368, 422, -1
1363, 1478, -1
1368, 1478, -1
1171, 259, -1
1171, 310, -1
1103, 259, -1
1103, 310, -1
1171, 974, -1
1171, 823, -1
1171, 901, -1
1103, 974, -1
1103, 823, -1
1103, 901, -1
1171, 21, -1
1103, 21, -1
1171, 1363, -1
1171, 1368, -1
1103, 1363, -1
1103, 1368, -1
1171, 1601, -1
1103, 1601, -1
1171, 738, -1
1171, 627, -1
1103, 738, -1
1103, 627, -1
1171, 422, -1
1103, 422, -1
1171, 1478, -1
1103, 1478, -1
1601, 259, -1
1601, 310, -1
1601, 974, -1
1601, 823, -1
1601, 901, -1
1601, 21, -1
1601, 1363, -1
1601, 1368, -1
1601, 1171, -1
1601, 1103, -1
1601, 738, -1
1601, 627, -1
1601, 422, -1
1601, 1478, -1
738, 259, -1
738, 310, -1
627, 259, -1
627, 310, -1
738, 974, -1
738, 823, -1
738, 901, -1
627, 974, -1
627, 823, -1
627, 901, -1
738, 21, -1
627, 21, -1
738, 1363, -1
738, 1368, -1
627, 1363, -1
627, 1368, -1
738, 1171, -1
738, 1103, -1
627, 1171, -1
627, 1103, -1
738, 1601, -1
627, 1601, -1
738, 422, -1
627, 422, -1
738, 1478, -1
627, 1478, -1
422, 259, -1
422, 310, -1
422, 974, -1
422, 823, -1
422, 901, -1
422, 21, -1
422, 1363, -1
422, 1368, -1
422, 1171, -1
422, 1103, -1
422, 1601, -1
422, 738, -1
422, 627, -1
422, 1478, -1
1478, 259, -1
1478, 310, -1
1478, 974, -1
1478, 823, -1
1478, 901, -1
1478, 21, -1
1478, 1363, -1
1478, 1368, -1
1478, 1171, -1
1478, 1103, -1
1478, 1601, -1
1478, 738, -1
1478, 627, -1
1478, 422, -1

259, 310, 1
310, 259, 1
974, 823, 1
974, 901, 1
823, 974, 1
823, 901, 1
901, 974, 1
901, 823, 1
1363, 1368, 1
1368, 1363, 1
1171, 1103, 1
1171, 1050, 1
1103, 1171, 1
1103, 1050, 1
1050, 1171, 1
1050, 1103, 1
738, 627, 1
627, 738, 1
259, 974, -1
259, 823, -1
259, 901, -1
310, 974, -1
310, 823, -1
310, 901, -1
259, 21, -1
310, 21, -1
259, 1363, -1
259, 1368, -1
310, 1363, -1
310, 1368, -1
259, 1171, -1
259, 1103, -1
259, 1050, -1
310, 1171, -1
310, 1103, -1
310, 1050, -1
259, 1601, -1
310, 1601, -1
259, 738, -1
259, 627, -1
310, 738, -1
310, 627, -1
259, 422, -1
310, 422, -1
259, 1478, -1
310, 1478, -1
974, 259, -1
974, 310, -1
823, 259, -1
823, 310, -1
901, 259, -1
901, 310, -1
974, 21, -1
823, 21, -1
901, 21, -1
974, 1363, -1
974, 1368, -1
823, 1363, -1
823, 1368, -1
901, 1363, -1
901, 1368, -1
974, 1171, -1
974, 1103, -1
974, 1050, -1
823, 1171, -1
823, 1103, -1
823, 1050, -1
901, 1171, -1
901, 1103, -1
901, 1050, -1
974, 1601, -1
823, 1601, -1
901, 1601, -1
974, 738, -1
974, 627, -1
823, 738, -1
823, 627, -1
901, 738, -1
901, 627, -1
974, 422, -1
823, 422, -1
901, 422, -1
974, 1478, -1
823, 1478, -1
901, 1478, -1
21, 259, -1
21, 310, -1
21, 974, -1
21, 823, -1
21, 901, -1
21, 1363, -1
21, 1368, -1
21, 1171, -1
21, 1103, -1
21, 1050, -1
21, 1601, -1
21, 738, -1
21, 627, -1
21, 422, -1
21, 1478, -1
1363, 259, -1
1363, 310, -1
1368, 259, -1
1368, 310, -1
1363, 974, -1
1363, 823, -1
1363, 901, -1
1368, 974, -1
1368, 823, -1
1368, 901, -1
1363, 21, -1
1368, 21, -1
1363, 1171, -1
1363, 1103, -1
1363, 1050, -1
1368, 1171, -1
1368, 1103, -1
1368, 1050, -1
1363, 1601, -1
1368, 1601, -1
1363, 738, -1
1363, 627, -1
1368, 738, -1
1368, 627, -1
1363, 422, -1
1368, 422, -1
1363, 1478, -1
1368, 1478, -1
1171, 259, -1
1171, 310, -1
1103, 259, -1
1103, 310, -1
1050, 259, -1
1050, 310, -1
1171, 974, -1
1171, 823, -1
1171, 901, -1
1103, 974, -1
1103, 823, -1
1103, 901, -1
1050, 974, -1
1050, 823, -1
1050, 901, -1
1171, 21, -1
1103, 21, -1
1050, 21, -1
1171, 1363, -1
1171, 1368, -1
1103, 1363, -1
1103, 1368, -1
1050, 1363, -1
1050, 1368, -1
1171, 1601, -1
1103, 1601, -1
1050, 1601, -1
1171, 738, -1
1171, 627, -1
1103, 738, -1
1103, 627, -1
1050, 738, -1
1050, 627, -1
1171, 422, -1
1103, 422, -1
1050, 422, -1
1171, 1478, -1
1103, 1478, -1
1050, 1478, -1
1601, 259, -1
1601, 310, -1
1601, 974, -1
1601, 823, -1
1601, 901, -1
1601, 21, -1
1601, 1363, -1
1601, 1368, -1
1601, 1171, -1
1601, 1103, -1
1601, 1050, -1
1601, 738, -1
1601, 627, -1
1601, 422, -1
1601, 1478, -1
738, 259, -1
738, 310, -1
627, 259, -1
627, 310, -1
738, 974, -1
738, 823, -1
738, 901, -1
627, 974, -1
627, 823, -1
627, 901, -1
738, 21, -1
627, 21, -1
738, 1363, -1
738, 1368, -1
627, 1363, -1
627, 1368, -1
738, 1171, -1
738, 1103, -1
738, 1050, -1
627, 1171, -1
627, 1103, -1
627, 1050, -1
738, 1601, -1
627, 1601, -1
738, 422, -1
627, 422, -1
738, 1478, -1
627, 1478, -1
422, 259, -1
422, 310, -1
422, 974, -1
422, 823, -1
422, 901, -1
422, 21, -1
422, 1363, -1
422, 1368, -1
422, 1171, -1
422, 1103, -1
422, 1050, -1
422, 1601, -1
422, 738, -1
422, 627, -1
422, 1478, -1
1478, 259, -1
1478, 310, -1
1478, 974, -1
1478, 823, -1
1478, 901, -1
1478, 21, -1
1478, 1363, -1
1478, 1368, -1
1478, 1171, -1
1478, 1103, -1
1478, 1050, -1
1478, 1601, -1
1478, 738, -1
1478, 627, -1
1478, 422, -1

259, 310, 1
310, 259, 1
974, 823, 1
974, 901, 1
823, 974, 1
823, 901, 1
901, 974, 1
901, 823, 1
1363, 1368, 1
1368, 1363, 1
1171, 1103, 1
1171, 1050, 1
1103, 1171, 1
1103, 1050, 1
1050, 1171, 1
1050, 1103, 1
738, 627, 1
738, 681, 1
627, 738, 1
627, 681, 1
681, 738, 1
681, 627, 1
259, 974, -1
259, 823, -1
259, 901, -1
310, 974, -1
310, 823, -1
310, 901, -1
259, 21, -1
310, 21, -1
259, 1363, -1
259, 1368, -1
310, 1363, -1
310, 1368, -1
259, 1171, -1
259, 1103, -1
259, 1050, -1
310, 1171, -1
310, 1103, -1
310, 1050, -1
259, 1601, -1
310, 1601, -1
259, 738, -1
259, 627, -1
259, 681, -1
310, 738, -1
310, 627, -1
310, 681, -1
259, 422, -1
310, 422, -1
259, 1478, -1
310, 1478, -1
974, 259, -1
974, 310, -1
823, 259, -1
823, 310, -1
901, 259, -1
901, 310, -1
974, 21, -1
823, 21, -1
901, 21, -1
974, 1363, -1
974, 1368, -1
823, 1363, -1
823, 1368, -1
901, 1363, -1
901, 1368, -1
974, 1171, -1
974, 1103, -1
974, 1050, -1
823, 1171, -1
823, 1103, -1
823, 1050, -1
901, 1171, -1
901, 1103, -1
901, 1050, -1
974, 1601, -1
823, 1601, -1
901, 1601, -1
974, 738, -1
974, 627, -1
974, 681, -1
823, 738, -1
823, 627, -1
823, 681, -1
901, 738, -1
901, 627, -1
901, 681, -1
974, 422, -1
823, 422, -1
901, 422, -1
974, 1478, -1
823, 1478, -1
901, 1478, -1
21, 259, -1
21, 310, -1
21, 974, -1
21, 823, -1
21, 901, -1
21, 1363, -1
21, 1368, -1
21, 1171, -1
21, 1103, -1
21, 1050, -1
21, 1601, -1
21, 738, -1
21, 627, -1
21, 681, -1
21, 422, -1
21, 1478, -1
1363, 259, -1
1363, 310, -1
1368, 259, -1
1368, 310, -1
1363, 974, -1
1363, 823, -1
1363, 901, -1
1368, 974, -1
1368, 823, -1
1368, 901, -1
1363, 21, -1
1368, 21, -1
1363, 1171, -1
1363, 1103, -1
1363, 1050, -1
1368, 1171, -1
1368, 1103, -1
1368, 1050, -1
1363, 1601, -1
1368, 1601, -1
1363, 738, -1
1363, 627, -1
1363, 681, -1
1368, 738, -1
1368, 627, -1
1368, 681, -1
1363, 422, -1
1368, 422, -1
1363, 1478, -1
1368, 1478, -1
1171, 259, -1
1171, 310, -1
1103, 259, -1
1103, 310, -1
1050, 259, -1
1050, 310, -1
1171, 974, -1
1171, 823, -1
1171, 901, -1
1103, 974, -1
1103, 823, -1
1103, 901, -1
1050, 974, -1
1050, 823, -1
1050, 901, -1
1171, 21, -1
1103, 21, -1
1050, 21, -1
1171, 1363, -1
1171, 1368, -1
1103, 1363, -1
1103, 1368, -1
1050, 1363, -1
1050, 1368, -1
1171, 1601, -1
1103, 1601, -1
1050, 1601, -1
1171, 738, -1
1171, 627, -1
1171, 681, -1
1103, 738, -1
1103, 627, -1
1103, 681, -1
1050, 738, -1
1050, 627, -1
1050, 681, -1
1171, 422, -1
1103, 422, -1
1050, 422, -1
1171, 1478, -1
1103, 1478, -1
1050, 1478, -1
1601, 259, -1
1601, 310, -1
1601, 974, -1
1601, 823, -1
1601, 901, -1
1601, 21, -1
1601, 1363, -1
1601, 1368, -1
1601, 1171, -1
1601, 1103, -1
1601, 1050, -1
1601, 738, -1
1601, 627, -1
1601, 681, -1
1601, 422, -1
1601, 1478, -1
738, 259, -1
738, 310, -1
627, 259, -1
627, 310, -1
681, 259, -1
681, 310, -1
738, 974, -1
738, 823, -1
738, 901, -1
627, 974, -1
627, 823, -1
627, 901, -1
681, 974, -1
681, 823, -1
681, 901, -1
738, 21, -1
627, 21, -1
681, 21, -1
738, 1363, -1
738, 1368, -1
627, 1363, -1
627, 1368, -1
681, 1363, -1
681, 1368, -1
738, 1171, -1
738, 1103, -1
738, 1050, -1
627, 1171, -1
627, 1103, -1
627, 1050, -1
681, 1171, -1
681, 1103, -1
681, 1050, -1
738, 1601, -1
627, 1601, -1
681, 1601, -1
738, 422, -1
627, 422, -1
681, 422, -1
738, 1478, -1
627, 1478, -1
681, 1478, -1
422, 259, -1
422, 310, -1
422, 974, -1
422, 823, -1
422, 901, -1
422, 21, -1
422, 1363, -1
422, 1368, -1
422, 1171, -1
422, 1103, -1
422, 1050, -1
422, 1601, -1
422, 738, -1
422, 627, -1
422, 681, -1
422, 1478, -1
1478, 259, -1
1478, 310, -1
1478, 974, -1
1478, 823, -1
1478, 901, -1
1478, 21, -1
1478, 1363, -1
1478, 1368, -1
1478, 1171, -1
1478, 1103, -1
1478, 1050, -1
1478, 1601, -1
1478, 738, -1
1478, 627, -1
1478, 681, -1
1478, 422, -1

259, 310, 1
310, 259, 1
974, 823, 1
974, 901, 1
974, 985, 1
823, 974, 1
823, 901, 1
823, 985, 1
901, 974, 1
901, 823, 1
901, 985, 1
985, 974, 1
985, 823, 1
985, 901, 1
1363, 1368, 1
1368, 1363, 1
1171, 1103, 1
1171, 1050, 1
1103, 1171, 1
1103, 1050, 1
1050, 1171, 1
1050, 1103, 1
1601, 1630, 1
1630, 1601, 1
738, 627, 1
738, 681, 1
627, 738, 1
627, 681, 1
681, 738, 1
681, 627, 1
259, 974, -1
259, 823, -1
259, 901, -1
259, 985, -1
310, 974, -1
310, 823, -1
310, 901, -1
310, 985, -1
259, 21, -1
310, 21, -1
259, 1363, -1
259, 1368, -1
310, 1363, -1
310, 1368, -1
259, 1171, -1
259, 1103, -1
259, 1050, -1
310, 1171, -1
310, 1103, -1
310, 1050, -1
259, 1601, -1
259, 1630, -1
310, 1601, -1
310, 1630, -1
259, 738, -1
259, 627, -1
259, 681, -1
310, 738, -1
310, 627, -1
310, 681, -1
259, 422, -1
310, 422, -1
259, 1478, -1
310, 1478, -1
974, 259, -1
974, 310, -1
823, 259, -1
823, 310, -1
901, 259, -1
901, 310, -1
985, 259, -1
985, 310, -1
974, 21, -1
823, 21, -1
901, 21, -1
985, 21, -1
974, 1363, -1
974, 1368, -1
823, 1363, -1
823, 1368, -1
901, 1363, -1
901, 1368, -1
985, 1363, -1
985, 1368, -1
974, 1171, -1
974, 1103, -1
974, 1050, -1
823, 1171, -1
823, 1103, -1
823, 1050, -1
901, 1171, -1
901, 1103, -1
901, 1050, -1
985, 1171, -1
985, 1103, -1
985, 1050, -1
974, 1601, -1
974, 1630, -1
823, 1601, -1
823, 1630, -1
901, 1601, -1
901, 1630, -1
985, 1601, -1
985, 1630, -1
974, 738, -1
974, 627, -1
974, 681, -1
823, 738, -1
823, 627, -1
823, 681, -1
901, 738, -1
901, 627, -1
901, 681, -1
985, 738, -1
985, 627, -1
985, 681, -1
974, 422, -1
823, 422, -1
901, 422, -1
985, 422, -1
974, 1478, -1
823, 1478, -1
901, 1478, -1
985, 1478, -1
21, 259, -1
21, 310, -1
21, 974, -1
21, 823, -1
21, 901, -1
21, 985, -1
21, 1363, -1
21, 1368, -1
21, 1171, -1
21, 1103, -1
21, 1050, -1
21, 1601, -1
21, 1630, -1
21, 738, -1
21, 627, -1
21, 681, -1
21, 422, -1
21, 1478, -1
1363, 259, -1
1363, 310, -1
1368, 259, -1
1368, 310, -1
1363, 974, -1
1363, 823, -1
1363, 901, -1
1363, 985, -1
1368, 974, -1
1368, 823, -1
1368, 901, -1
1368, 985, -1
1363, 21, -1
1368, 21, -1
1363, 1171, -1
1363, 1103, -1
1363, 1050, -1
1368, 1171, -1
1368, 1103, -1
1368, 1050, -1
1363, 1601, -1
1363, 1630, -1
1368, 1601, -1
1368, 1630, -1
1363, 738, -1
1363, 627, -1
1363, 681, -1
1368, 738, -1
1368, 627, -1
1368, 681, -1
1363, 422, -1
1368, 422, -1
1363, 1478, -1
1368, 1478, -1
1171, 259, -1
1171, 310, -1
1103, 259, -1
1103, 310, -1
1050, 259, -1
1050, 310, -1
1171, 974, -1
1171, 823, -1
1171, 901, -1
1171, 985, -1
1103, 974, -1
1103, 823, -1
1103, 901, -1
1103, 985, -1
1050, 974, -1
1050, 823, -1
1050, 901, -1
1050, 985, -1
1171, 21, -1
1103, 21, -1
1050, 21, -1
1171, 1363, -1
1171, 1368, -1
1103, 1363, -1
1103, 1368, -1
1050, 1363, -1
1050, 1368, -1
1171, 1601, -1
1171, 1630, -1
1103, 1601, -1
1103, 1630, -1
1050, 1601, -1
1050, 1630, -1
1171, 738, -1
1171, 627, -1
1171, 681, -1
1103, 738, -1
1103, 627, -1
1103, 681, -1
1050, 738, -1
1050, 627, -1
1050, 681, -1
1171, 422, -1
1103, 422, -1
1050, 422, -1
1171, 1478, -1
1103, 1478, -1
1050, 1478, -1
1601, 259, -1
1601, 310, -1
1630, 259, -1
1630, 310, -1
1601, 974, -1
1601, 823, -1
1601, 901, -1
1601, 985, -1
1630, 974, -1
1630, 823, -1
1630, 901, -1
1630, 985, -1
1601, 21, -1
1630, 21, -1
1601, 1363, -1
1601, 1368, -1
1630, 1363, -1
1630, 1368, -1
1601, 1171, -1
1601, 1103, -1
1601, 1050, -1
1630, 1171, -1
1630, 1103, -1
1630, 1050, -1
1601, 738, -1
1601, 627, -1
1601, 681, -1
1630, 738, -1
1630, 627, -1
1630, 681, -1
1601, 422, -1
1630, 422, -1
1601, 1478, -1
1630, 1478, -1
738, 259, -1
738, 310, -1
627, 259, -1
627, 310, -1
681, 259, -1
681, 310, -1
738, 974, -1
738, 823, -1
738, 901, -1
738, 985, -1
627, 974, -1
627, 823, -1
627, 901, -1
627, 985, -1
681, 974, -1
681, 823, -1
681, 901, -1
681, 985, -1
738, 21, -1
627, 21, -1
681, 21, -1
738, 1363, -1
738, 1368, -1
627, 1363, -1
627, 1368, -1
681, 1363, -1
681, 1368, -1
738, 1171, -1
738, 1103, -1
738, 1050, -1
627, 1171, -1
627, 1103, -1
627, 1050, -1
681, 1171, -1
681, 1103, -1
681, 1050, -1
738, 1601, -1
738, 1630, -1
627, 1601, -1
627, 1630, -1
681, 1601, -1
681, 1630, -1
738, 422, -1
627, 422, -1
681, 422, -1
738, 1478, -1
627, 1478, -1
681, 1478, -1
422, 259, -1
422, 310, -1
422, 974, -1
422, 823, -1
422, 901, -1
422, 985, -1
422, 21, -1
422, 1363, -1
422, 1368, -1
422, 1171, -1
422, 1103, -1
422, 1050, -1
422, 1601, -1
422, 1630, -1
422, 738, -1
422, 627, -1
422, 681, -1
422, 1478, -1
1478, 259, -1
1478, 310, -1
1478, 974, -1
1478, 823, -1
1478, 901, -1
1478, 985, -1
1478, 21, -1
1478, 1363, -1
1478, 1368, -1
1478, 1171, -1
1478, 1103, -1
1478, 1050, -1
1478, 1601, -1
1478, 1630, -1
1478, 738, -1
1478, 627, -1
1478, 681, -1
1478, 422, -1

