1353, 123, -1
1353, 298, -1
1353, 974, -1
1353, 1006, -1
123, 1353, -1
123, 298, -1
123, 974, -1
123, 1006, -1
298, 1353, -1
298, 123, -1
298, 974, -1
298, 1006, -1
974, 1353, -1
974, 123, -1
974, 298, -1
974, 1006, -1
1006, 1353, -1
1006, 123, -1
1006, 298, -1
1006, 974, -1

298, 204, 1
204, 298, 1
1353, 123, -1
1353, 298, -1
1353, 204, -1
1353, 974, -1
1353, 1006, -1
1353, 1601, -1
123, 1353, -1
123, 298, -1
123, 204, -1
123, 974, -1
123, 1006, -1
123, 1601, -1
298, 1353, -1
204, 1353, -1
298, 123, -1
204, 123, -1
298, 974, -1
204, 974, -1
298, 1006, -1
204, 1006, -1
298, 1601, -1
204, 1601, -1
974, 1353, -1
974, 123, -1
974, 298, -1
974, 204, -1
974, 1006, -1
974, 1601, -1
1006, 1353, -1
1006, 123, -1
1006, 298, -1
1006, 204, -1
1006, 974, -1
1006, 1601, -1
1601, 1353, -1
1601, 123, -1
1601, 298, -1
1601, 204, -1
1601, 974, -1
1601, 1006, -1

298, 204, 1
204, 298, 1
974, 823, 1
823, 974, 1
1353, 123, -1
1353, 298, -1
1353, 204, -1
1353, 974, -1
1353, 823, -1
1353, 1006, -1
1353, 1601, -1
1353, 738, -1
123, 1353, -1
123, 298, -1
123, 204, -1
123, 974, -1
123, 823, -1
123, 1006, -1
123, 1601, -1
123, 738, -1
298, 1353, -1
204, 1353, -1
298, 123, -1
204, 123, -1
298, 974, -1
298, 823, -1
204, 974, -1
204, 823, -1
298, 1006, -1
204, 1006, -1
298, 1601, -1
204, 1601, -1
298, 738, -1
204, 738, -1
974, 1353, -1
823, 1353, -1
974, 123, -1
823, 123, -1
974, 298, -1
974, 204, -1
823, 298, -1
823, 204, -1
974, 1006, -1
823, 1006, -1
974, 1601, -1
823, 1601, -1
974, 738, -1
823, 738, -1
1006, 1353, -1
1006, 123, -1
1006, 298, -1
1006, 204, -1
1006, 974, -1
1006, 823, -1
1006, 1601, -1
1006, 738, -1
1601, 1353, -1
1601, 123, -1
1601, 298, -1
1601, 204, -1
1601, 974, -1
1601, 823, -1
1601, 1006, -1
1601, 738, -1
738, 1353, -1
738, 123, -1
738, 298, -1
738, 204, -1
738, 974, -1
738, 823, -1
738, 1006, -1
738, 1601, -1

298, 204, 1
204, 298, 1
974, 823, 1
823, 974, 1
1353, 123, -1
1353, 298, -1
1353, 204, -1
1353, 974, -1
1353, 823, -1
1353, 1006, -1
1353, 1601, -1
1353, 738, -1
1353, 1478, -1
123, 1353, -1
123, 298, -1
123, 204, -1
123, 974, -1
123, 823, -1
123, 1006, -1
123, 1601, -1
123, 738, -1
123, 1478, -1
298, 1353, -1
204, 1353, -1
298, 123, -1
204, 123, -1
298, 974, -1
298, 823, -1
204, 974, -1
204, 823, -1
298, 1006, -1
204, 1006, -1
298, 1601, -1
204, 1601, -1
298, 738, -1
204, 738, -1
298, 1478, -1
204, 1478, -1
974, 1353, -1
823, 1353, -1
974, 123, -1
823, 123, -1
974, 298, -1
974, 204, -1
823, 298, -1
823, 204, -1
974, 1006, -1
823, 1006, -1
974, 1601, -1
823, 1601, -1
974, 738, -1
823, 738, -1
974, 1478, -1
823, 1478, -1
1006, 1353, -1
1006, 123, -1
1006, 298, -1
1006, 204, -1
1006, 974, -1
1006, 823, -1
1006, 1601, -1
1006, 738, -1
1006, 1478, -1
1601, 1353, -1
1601, 123, -1
1601, 298, -1
1601, 204, -1
1601, 974, -1
1601, 823, -1
1601, 1006, -1
1601, 738, -1
1601, 1478, -1
738, 1353, -1
738, 123, -1
738, 298, -1
738, 204, -1
738, 974, -1
738, 823, -1
738, 1006, -1
738, 1601, -1
738, 1478, -1
1478, 1353, -1
1478, 123, -1
1478, 298, -1
1478, 204, -1
1478, 974, -1
1478, 823, -1
1478, 1006, -1
1478, 1601, -1
1478, 738, -1

298, 204, 1
204, 298, 1
974, 823, 1
823, 974, 1
738, 681, 1
681, 738, 1
1353, 123, -1
1353, 298, -1
1353, 204, -1
1353, 974, -1
1353, 823, -1
1353, 1006, -1
1353, 1601, -1
1353, 738, -1
1353, 681, -1
1353, 1478, -1
123, 1353, -1
123, 298, -1
123, 204, -1
123, 974, -1
123, 823, -1
123, 1006, -1
123, 1601, -1
123, 738, -1
123, 681, -1
123, 1478, -1
298, 1353, -1
204, 1353, -1
298, 123, -1
204, 123, -1
298, 974, -1
298, 823, -1
204, 974, -1
204, 823, -1
298, 1006, -1
204, 1006, -1
298, 1601, -1
204, 1601, -1
298, 738, -1
298, 681, -1
204, 738, -1
204, 681, -1
298, 1478, -1
204, 1478, -1
974, 1353, -1
823, 1353, -1
974, 123, -1
823, 123, -1
974, 298, -1
974, 204, -1
823, 298, -1
823, 204, -1
974, 1006, -1
823, 1006, -1
974, 1601, -1
823, 1601, -1
974, 738, -1
974, 681, -1
823, 738, -1
823, 681, -1
974, 1478, -1
823, 1478, -1
1006, 1353, -1
1006, 123, -1
1006, 298, -1
1006, 204, -1
1006, 974, -1
1006, 823, -1
1006, 1601, -1
1006, 738, -1
1006, 681, -1
1006, 1478, -1
1601, 1353, -1
1601, 123, -1
1601, 298, -1
1601, 204, -1
1601, 974, -1
1601, 823, -1
1601, 1006, -1
1601, 738, -1
1601, 681, -1
1601, 1478, -1
738, 1353, -1
681, 1353, -1
738, 123, -1
681, 123, -1
738, 298, -1
738, 204, -1
681, 298, -1
681, 204, -1
738, 974, -1
738, 823, -1
681, 974, -1
681, 823, -1
738, 1006, -1
681, 1006, -1
738, 1601, -1
681, 1601, -1
738, 1478, -1
681, 1478, -1
1478, 1353, -1
1478, 123, -1
1478, 298, -1
1478, 204, -1
1478, 974, -1
1478, 823, -1
1478, 1006, -1
1478, 1601, -1
1478, 738, -1
1478, 681, -1

298, 204, 1
204, 298, 1
974, 823, 1
974, 815, 1
823, 974, 1
823, 815, 1
815, 974, 1
815, 823, 1
1006, 1177, 1
1177, 1006, 1
738, 681, 1
681, 738, 1
1353, 123, -1
1353, 298, -1
1353, 204, -1
1353, 974, -1
1353, 823, -1
1353, 815, -1
1353, 1006, -1
1353, 1177, -1
1353, 1601, -1
1353, 738, -1
1353, 681, -1
1353, 1478, -1
123, 1353, -1
123, 298, -1
123, 204, -1
123, 974, -1
123, 823, -1
123, 815, -1
123, 1006, -1
123, 1177, -1
123, 1601, -1
123, 738, -1
123, 681, -1
123, 1478, -1
298, 1353, -1
204, 1353, -1
298, 123, -1
204, 123, -1
298, 974, -1
298, 823, -1
298, 815, -1
204, 974, -1
204, 823, -1
204, 815, -1
298, 1006, -1
298, 1177, -1
204, 1006, -1
204, 1177, -1
298, 1601, -1
204, 1601, -1
298, 738, -1
298, 681, -1
204, 738, -1
204, 681, -1
298, 1478, -1
204, 1478, -1
974, 1353, -1
823, 1353, -1
815, 1353, -1
974, 123, -1
823, 123, -1
815, 123, -1
974, 298, -1
974, 204, -1
823, 298, -1
823, 204, -1
815, 298, -1
815, 204, -1
974, 1006, -1
974, 1177, -1
823, 1006, -1
823, 1177, -1
815, 1006, -1
815, 1177, -1
974, 1601, -1
823, 1601, -1
815, 1601, -1
974, 738, -1
974, 681, -1
823, 738, -1
823, 681, -1
815, 738, -1
815, 681, -1
974, 1478, -1
823, 1478, -1
815, 1478, -1
1006, 1353, -1
1177, 1353, -1
1006, 123, -1
1177, 123, -1
1006, 298, -1
1006, 204, -1
1177, 298, -1
1177, 204, -1
1006, 974, -1
1006, 823, -1
1006, 815, -1
1177, 974, -1
1177, 823, -1
1177, 815, -1
1006, 1601, -1
1177, 1601, -1
1006, 738, -1
1006, 681, -1
1177, 738, -1
1177, 681, -1
1006, 1478, -1
1177, 1478, -1
1601, 1353, -1
1601, 123, -1
1601, 298, -1
1601, 204, -1
1601, 974, -1
1601, 823, -1
1601, 815, -1
1601, 1006, -1
1601, 1177, -1
1601, 738, -1
1601, 681, -1
1601, 1478, -1
738, 1353, -1
681, 1353, -1
738, 123, -1
681, 123, -1
738, 298, -1
738, 204, -1
681, 298, -1
681, 204, -1
738, 974, -1
738, 823, -1
738, 815, -1
681, 974, -1
681, 823, -1
681, 815, -1
738, 1006, -1
738, 1177, -1
681, 1006, -1
681, 1177, -1
738, 1601, -1
681, 1601, -1
738, 1478, -1
681, 1478, -1
1478, 1353, -1
1478, 123, -1
1478, 298, -1
1478, 204, -1
1478, 974, -1
1478, 823, -1
1478, 815, -1
1478, 1006, -1
1478, 1177, -1
1478, 1601, -1
1478, 738, -1
1478, 681, -1

298, 204, 1
204, 298, 1
974, 823, 1
974, 815, 1
823, 974, 1
823, 815, 1
815, 974, 1
815, 823, 1
1006, 1177, 1
1177, 1006, 1
738, 681, 1
681, 738, 1
1353, 123, -1
1353, 298, -1
1353, 204, -1
1353, 974, -1
1353, 823, -1
1353, 815, -1
1353, 1006, -1
1353, 1177, -1
1353, 1601, -1
1353, 738, -1
1353, 681, -1
1353, 1478, -1
1353, 433, -1
123, 1353, -1
123, 298, -1
123, 204, -1
123, 974, -1
123, 823, -1
123, 815, -1
123, 1006, -1
123, 1177, -1
123, 1601, -1
123, 738, -1
123, 681, -1
123, 1478, -1
123, 433, -1
298, 1353, -1
204, 1353, -1
298, 123, -1
204, 123, -1
298, 974, -1
298, 823, -1
298, 815, -1
204, 974, -1
204, 823, -1
204, 815, -1
298, 1006, -1
298, 1177, -1
204, 1006, -1
204, 1177, -1
298, 1601, -1
204, 1601, -1
298, 738, -1
298, 681, -1
204, 738, -1
204, 681, -1
298, 1478, -1
204, 1478, -1
298, 433, -1
204, 433, -1
974, 1353, -1
823, 1353, -1
815, 1353, -1
974, 123, -1
823, 123, -1
815, 123, -1
974, 298, -1
974, 204, -1
823, 298, -1
823, 204, -1
815, 298, -1
815, 204, -1
974, 1006, -1
974, 1177, -1
823, 1006, -1
823, 1177, -1
815, 1006, -1
815, 1177, -1
974, 1601, -1
823, 1601, -1
815, 1601, -1
974, 738, -1
974, 681, -1
823, 738, -1
823, 681, -1
815, 738, -1
815, 681, -1
974, 1478, -1
823, 1478, -1
815, 1478, -1
974, 433, -1
823, 433, -1
815, 433, -1
1006, 1353, -1
1177, 1353, -1
1006, 123, -1
1177, 123, -1
1006, 298, -1
1006, 204, -1
1177, 298, -1
1177, 204, -1
1006, 974, -1
1006, 823, -1
1006, 815, -1
1177, 974, -1
1177, 823, -1
1177, 815, -1
1006, 1601, -1
1177, 1601, -1
1006, 738, -1
1006, 681, -1
1177, 738, -1
1177, 681, -1
1006, 1478, -1
1177, 1478, -1
1006, 433, -1
1177, 433, -1
1601, 1353, -1
1601, 123, -1
1601, 298, -1
1601, 204, -1
1601, 974, -1
1601, 823, -1
1601, 815, -1
1601, 1006, -1
1601, 1177, -1
1601, 738, -1
1601, 681, -1
1601, 1478, -1
1601, 433, -1
738, 1353, -1
681, 1353, -1
738, 123, -1
681, 123, -1
738, 298, -1
738, 204, -1
681, 298, -1
681, 204, -1
738, 974, -1
738, 823, -1
738, 815, -1
681, 974, -1
681, 823, -1
681, 815, -1
738, 1006, -1
738, 1177, -1
681, 1006, -1
681, 1177, -1
738, 1601, -1
681, 1601, -1
738, 1478, -1
681, 1478, -1
738, 433, -1
681, 433, -1
1478, 1353, -1
1478, 123, -1
1478, 298, -1
1478, 204, -1
1478, 974, -1
1478, 823, -1
1478, 815, -1
1478, 1006, -1
1478, 1177, -1
1478, 1601, -1
1478, 738, -1
1478, 681, -1
1478, 433, -1
433, 1353, -1
433, 123, -1
433, 298, -1
433, 204, -1
433, 974, -1
433, 823, -1
433, 815, -1
433, 1006, -1
433, 1177, -1
433, 1601, -1
433, 738, -1
433, 681, -1
433, 1478, -1

298, 204, 1
204, 298, 1
974, 823, 1
974, 815, 1
974, 867, 1
823, 974, 1
823, 815, 1
823, 867, 1
815, 974, 1
815, 823, 1
815, 867, 1
867, 974, 1
867, 823, 1
867, 815, 1
1006, 1177, 1
1177, 1006, 1
1601, 1630, 1
1630, 1601, 1
738, 681, 1
681, 738, 1
1353, 123, -1
1353, 298, -1
1353, 204, -1
1353, 974, -1
1353, 823, -1
1353, 815, -1
1353, 867, -1
1353, 1006, -1
1353, 1177, -1
1353, 1601, -1
1353, 1630, -1
1353, 738, -1
1353, 681, -1
1353, 1478, -1
1353, 433, -1
123, 1353, -1
123, 298, -1
123, 204, -1
123, 974, -1
123, 823, -1
123, 815, -1
123, 867, -1
123, 1006, -1
123, 1177, -1
123, 1601, -1
123, 1630, -1
123, 738, -1
123, 681, -1
123, 1478, -1
123, 433, -1
298, 1353, -1
204, 1353, -1
298, 123, -1
204, 123, -1
298, 974, -1
298, 823, -1
298, 815, -1
298, 867, -1
204, 974, -1
204, 823, -1
204, 815, -1
204, 867, -1
298, 1006, -1
298, 1177, -1
204, 1006, -1
204, 1177, -1
298, 1601, -1
298, 1630, -1
204, 1601, -1
204, 1630, -1
298, 738, -1
298, 681, -1
204, 738, -1
204, 681, -1
298, 1478, -1
204, 1478, -1
298, 433, -1
204, 433, -1
974, 1353, -1
823, 1353, -1
815, 1353, -1
867, 1353, -1
974, 123, -1
823, 123, -1
815, 123, -1
867, 123, -1
974, 298, -1
974, 204, -1
823, 298, -1
823, 204, -1
815, 298, -1
815, 204, -1
867, 298, -1
867, 204, -1
974, 1006, -1
974, 1177, -1
823, 1006, -1
823, 1177, -1
815, 1006, -1
815, 1177, -1
867, 1006, -1
867, 1177, -1
974, 1601, -1
974, 1630, -1
823, 1601, -1
823, 1630, -1
815, 1601, -1
815, 1630, -1
867, 1601, -1
867, 1630, -1
974, 738, -1
974, 681, -1
823, 738, -1
823, 681, -1
815, 738, -1
815, 681, -1
867, 738, -1
867, 681, -1
974, 1478, -1
823, 1478, -1
815, 1478, -1
867, 1478, -1
974, 433, -1
823, 433, -1
815, 433, -1
867, 433, -1
1006, 1353, -1
1177, 1353, -1
1006, 123, -1
1177, 123, -1
1006, 298, -1
1006, 204, -1
1177, 298, -1
1177, 204, -1
1006, 974, -1
1006, 823, -1
1006, 815, -1
1006, 867, -1
1177, 974, -1
1177, 823, -1
1177, 815, -1
1177, 867, -1
1006, 1601, -1
1006, 1630, -1
1177, 1601, -1
1177, 1630, -1
1006, 738, -1
1006, 681, -1
1177, 738, -1
1177, 681, -1
1006, 1478, -1
1177, 1478, -1
1006, 433, -1
1177, 433, -1
1601, 1353, -1
1630, 1353, -1
1601, 123, -1
1630, 123, -1
1601, 298, -1
1601, 204, -1
1630, 298, -1
1630, 204, -1
1601, 974, -1
1601, 823, -1
1601, 815, -1
1601, 867, -1
1630, 974, -1
1630, 823, -1
1630, 815, -1
1630, 867, -1
1601, 1006, -1
1601, 1177, -1
1630, 1006, -1
1630, 1177, -1
1601, 738, -1
1601, 681, -1
1630, 738, -1
1630, 681, -1
1601, 1478, -1
1630, 1478, -1
1601, 433, -1
1630, 433, -1
738, 1353, -1
681, 1353, -1
738, 123, -1
681, 123, -1
738, 298, -1
738, 204, -1
681, 298, -1
681, 204, -1
738, 974, -1
738, 823, -1
738, 815, -1
738, 867, -1
681, 974, -1
681, 823, -1
681, 815, -1
681, 867, -1
738, 1006, -1
738, 1177, -1
681, 1006, -1
681, 1177, -1
738, 1601, -1
738, 1630, -1
681, 1601, -1
681, 1630, -1
738, 1478, -1
681, 1478, -1
738, 433, -1
681, 433, -1
1478, 1353, -1
1478, 123, -1
1478, 298, -1
1478, 204, -1
1478, 974, -1
1478, 823, -1
1478, 815, -1
1478, 867, -1
1478, 1006, -1
1478, 1177, -1
1478, 1601, -1
1478, 1630, -1
1478, 738, -1
1478, 681, -1
1478, 433, -1
433, 1353, -1
433, 123, -1
433, 298, -1
433, 204, -1
433, 974, -1
433, 823, -1
433, 815, -1
433, 867, -1
433, 1006, -1
433, 1177, -1
433, 1601, -1
433, 1630, -1
433, 738, -1
433, 681, -1
433, 1478, -1

298, 204, 1
204, 298, 1
974, 823, 1
974, 815, 1
974, 867, 1
823, 974, 1
823, 815, 1
823, 867, 1
815, 974, 1
815, 823, 1
815, 867, 1
867, 974, 1
867, 823, 1
867, 815, 1
1006, 1177, 1
1177, 1006, 1
1601, 1630, 1
1630, 1601, 1
738, 681, 1
738, 705, 1
681, 738, 1
681, 705, 1
705, 738, 1
705, 681, 1
1353, 123, -1
1353, 298, -1
1353, 204, -1
1353, 974, -1
1353, 823, -1
1353, 815, -1
1353, 867, -1
1353, 1006, -1
1353, 1177, -1
1353, 1601, -1
1353, 1630, -1
1353, 738, -1
1353, 681, -1
1353, 705, -1
1353, 1478, -1
1353, 433, -1
123, 1353, -1
123, 298, -1
123, 204, -1
123, 974, -1
123, 823, -1
123, 815, -1
123, 867, -1
123, 1006, -1
123, 1177, -1
123, 1601, -1
123, 1630, -1
123, 738, -1
123, 681, -1
123, 705, -1
123, 1478, -1
123, 433, -1
298, 1353, -1
204, 1353, -1
298, 123, -1
204, 123, -1
298, 974, -1
298, 823, -1
298, 815, -1
298, 867, -1
204, 974, -1
204, 823, -1
204, 815, -1
204, 867, -1
298, 1006, -1
298, 1177, -1
204, 1006, -1
204, 1177, -1
298, 1601, -1
298, 1630, -1
204, 1601, -1
204, 1630, -1
298, 738, -1
298, 681, -1
298, 705, -1
204, 738, -1
204, 681, -1
204, 705, -1
298, 1478, -1
204, 1478, -1
298, 433, -1
204, 433, -1
974, 1353, -1
823, 1353, -1
815, 1353, -1
867, 1353, -1
974, 123, -1
823, 123, -1
815, 123, -1
867, 123, -1
974, 298, -1
974, 204, -1
823, 298, -1
823, 204, -1
815, 298, -1
815, 204, -1
867, 298, -1
867, 204, -1
974, 1006, -1
974, 1177, -1
823, 1006, -1
823, 1177, -1
815, 1006, -1
815, 1177, -1
867, 1006, -1
867, 1177, -1
974, 1601, -1
974, 1630, -1
823, 1601, -1
823, 1630, -1
815, 1601, -1
815, 1630, -1
867, 1601, -1
867, 1630, -1
974, 738, -1
974, 681, -1
974, 705, -1
823, 738, -1
823, 681, -1
823, 705, -1
815, 738, -1
815, 681, -1
815, 705, -1
867, 738, -1
867, 681, -1
867, 705, -1
974, 1478, -1
823, 1478, -1
815, 1478, -1
867, 1478, -1
974, 433, -1
823, 433, -1
815, 433, -1
867, 433, -1
1006, 1353, -1
1177, 1353, -1
1006, 123, -1
1177, 123, -1
1006, 298, -1
1006, 204, -1
1177, 298, -1
1177, 204, -1
1006, 974, -1
1006, 823, -1
1006, 815, -1
1006, 867, -1
1177, 974, -1
1177, 823, -1
1177, 815, -1
1177, 867, -1
1006, 1601, -1
1006, 1630, -1
1177, 1601, -1
1177, 1630, -1
1006, 738, -1
1006, 681, -1
1006, 705, -1
1177, 738, -1
1177, 681, -1
1177, 705, -1
1006, 1478, -1
1177, 1478, -1
1006, 433, -1
1177, 433, -1
1601, 1353, -1
1630, 1353, -1
1601, 123, -1
1630, 123, -1
1601, 298, -1
1601, 204, -1
1630, 298, -1
1630, 204, -1
1601, 974, -1
1601, 823, -1
1601, 815, -1
1601, 867, -1
1630, 974, -1
1630, 823, -1
1630, 815, -1
1630, 867, -1
1601, 1006, -1
1601, 1177, -1
1630, 1006, -1
1630, 1177, -1
1601, 738, -1
1601, 681, -1
1601, 705, -1
1630, 738, -1
1630, 681, -1
1630, 705, -1
1601, 1478, -1
1630, 1478, -1
1601, 433, -1
1630, 433, -1
738, 1353, -1
681, 1353, -1
705, 1353, -1
738, 123, -1
681, 123, -1
705, 123, -1
738, 298, -1
738, 204, -1
681, 298, -1
681, 204, -1
705, 298, -1
705, 204, -1
738, 974, -1
738, 823, -1
738, 815, -1
738, 867, -1
681, 974, -1
681, 823, -1
681, 815, -1
681, 867, -1
705, 974, -1
705, 823, -1
705, 815, -1
705, 867, -1
738, 1006, -1
738, 1177, -1
681, 1006, -1
681, 1177, -1
705, 1006, -1
705, 1177, -1
738, 1601, -1
738, 1630, -1
681, 1601, -1
681, 1630, -1
705, 1601, -1
705, 1630, -1
738, 1478, -1
681, 1478, -1
705, 1478, -1
738, 433, -1
681, 433, -1
705, 433, -1
1478, 1353, -1
1478, 123, -1
1478, 298, -1
1478, 204, -1
1478, 974, -1
1478, 823, -1
1478, 815, -1
1478, 867, -1
1478, 1006, -1
1478, 1177, -1
1478, 1601, -1
1478, 1630, -1
1478, 738, -1
1478, 681, -1
1478, 705, -1
1478, 433, -1
433, 1353, -1
433, 123, -1
433, 298, -1
433, 204, -1
433, 974, -1
433, 823, -1
433, 815, -1
433, 867, -1
433, 1006, -1
433, 1177, -1
433, 1601, -1
433, 1630, -1
433, 738, -1
433, 681, -1
433, 705, -1
433, 1478, -1

298, 204, 1
204, 298, 1
974, 823, 1
974, 815, 1
974, 867, 1
823, 974, 1
823, 815, 1
823, 867, 1
815, 974, 1
815, 823, 1
815, 867, 1
867, 974, 1
867, 823, 1
867, 815, 1
1006, 1177, 1
1006, 1060, 1
1177, 1006, 1
1177, 1060, 1
1060, 1006, 1
1060, 1177, 1
1601, 1630, 1
1630, 1601, 1
738, 681, 1
738, 705, 1
681, 738, 1
681, 705, 1
705, 738, 1
705, 681, 1
1353, 123, -1
1353, 298, -1
1353, 204, -1
1353, 974, -1
1353, 823, -1
1353, 815, -1
1353, 867, -1
1353, 1006, -1
1353, 1177, -1
1353, 1060, -1
1353, 1601, -1
1353, 1630, -1
1353, 738, -1
1353, 681, -1
1353, 705, -1
1353, 1478, -1
1353, 433, -1
123, 1353, -1
123, 298, -1
123, 204, -1
123, 974, -1
123, 823, -1
123, 815, -1
123, 867, -1
123, 1006, -1
123, 1177, -1
123, 1060, -1
123, 1601, -1
123, 1630, -1
123, 738, -1
123, 681, -1
123, 705, -1
123, 1478, -1
123, 433, -1
298, 1353, -1
204, 1353, -1
298, 123, -1
204, 123, -1
298, 974, -1
298, 823, -1
298, 815, -1
298, 867, -1
204, 974, -1
204, 823, -1
204, 815, -1
204, 867, -1
298, 1006, -1
298, 1177, -1
298, 1060, -1
204, 1006, -1
204, 1177, -1
204, 1060, -1
298, 1601, -1
298, 1630, -1
204, 1601, -1
204, 1630, -1
298, 738, -1
298, 681, -1
298, 705, -1
204, 738, -1
204, 681, -1
204, 705, -1
298, 1478, -1
204, 1478, -1
298, 433, -1
204, 433, -1
974, 1353, -1
823, 1353, -1
815, 1353, -1
867, 1353, -1
974, 123, -1
823, 123, -1
815, 123, -1
867, 123, -1
974, 298, -1
974, 204, -1
823, 298, -1
823, 204, -1
815, 298, -1
815, 204, -1
867, 298, -1
867, 204, -1
974, 1006, -1
974, 1177, -1
974, 1060, -1
823, 1006, -1
823, 1177, -1
823, 1060, -1
815, 1006, -1
815, 1177, -1
815, 1060, -1
867, 1006, -1
867, 1177, -1
867, 1060, -1
974, 1601, -1
974, 1630, -1
823, 1601, -1
823, 1630, -1
815, 1601, -1
815, 1630, -1
867, 1601, -1
867, 1630, -1
974, 738, -1
974, 681, -1
974, 705, -1
823, 738, -1
823, 681, -1
823, 705, -1
815, 738, -1
815, 681, -1
815, 705, -1
867, 738, -1
867, 681, -1
867, 705, -1
974, 1478, -1
823, 1478, -1
815, 1478, -1
867, 1478, -1
974, 433, -1
823, 433, -1
815, 433, -1
867, 433, -1
1006, 1353, -1
1177, 1353, -1
1060, 1353, -1
1006, 123, -1
1177, 123, -1
1060, 123, -1
1006, 298, -1
1006, 204, -1
1177, 298, -1
1177, 204, -1
1060, 298, -1
1060, 204, -1
1006, 974, -1
1006, 823, -1
1006, 815, -1
1006, 867, -1
1177, 974, -1
1177, 823, -1
1177, 815, -1
1177, 867, -1
1060, 974, -1
1060, 823, -1
1060, 815, -1
1060, 867, -1
1006, 1601, -1
1006, 1630, -1
1177, 1601, -1
1177, 1630, -1
1060, 1601, -1
1060, 1630, -1
1006, 738, -1
1006, 681, -1
1006, 705, -1
1177, 738, -1
1177, 681, -1
1177, 705, -1
1060, 738, -1
1060, 681, -1
1060, 705, -1
1006, 1478, -1
1177, 1478, -1
1060, 1478, -1
1006, 433, -1
1177, 433, -1
1060, 433, -1
1601, 1353, -1
1630, 1353, -1
1601, 123, -1
1630, 123, -1
1601, 298, -1
1601, 204, -1
1630, 298, -1
1630, 204, -1
1601, 974, -1
1601, 823, -1
1601, 815, -1
1601, 867, -1
1630, 974, -1
1630, 823, -1
1630, 815, -1
1630, 867, -1
1601, 1006, -1
1601, 1177, -1
1601, 1060, -1
1630, 1006, -1
1630, 1177, -1
1630, 1060, -1
1601, 738, -1
1601, 681, -1
1601, 705, -1
1630, 738, -1
1630, 681, -1
1630, 705, -1
1601, 1478, -1
1630, 1478, -1
1601, 433, -1
1630, 433, -1
738, 1353, -1
681, 1353, -1
705, 1353, -1
738, 123, -1
681, 123, -1
705, 123, -1
738, 298, -1
738, 204, -1
681, 298, -1
681, 204, -1
705, 298, -1
705, 204, -1
738, 974, -1
738, 823, -1
738, 815, -1
738, 867, -1
681, 974, -1
681, 823, -1
681, 815, -1
681, 867, -1
705, 974, -1
705, 823, -1
705, 815, -1
705, 867, -1
738, 1006, -1
738, 1177, -1
738, 1060, -1
681, 1006, -1
681, 1177, -1
681, 1060, -1
705, 1006, -1
705, 1177, -1
705, 1060, -1
738, 1601, -1
738, 1630, -1
681, 1601, -1
681, 1630, -1
705, 1601, -1
705, 1630, -1
738, 1478, -1
681, 1478, -1
705, 1478, -1
738, 433, -1
681, 433, -1
705, 433, -1
1478, 1353, -1
1478, 123, -1
1478, 298, -1
1478, 204, -1
1478, 974, -1
1478, 823, -1
1478, 815, -1
1478, 867, -1
1478, 1006, -1
1478, 1177, -1
1478, 1060, -1
1478, 1601, -1
1478, 1630, -1
1478, 738, -1
1478, 681, -1
1478, 705, -1
1478, 433, -1
433, 1353, -1
433, 123, -1
433, 298, -1
433, 204, -1
433, 974, -1
433, 823, -1
433, 815, -1
433, 867, -1
433, 1006, -1
433, 1177, -1
433, 1060, -1
433, 1601, -1
433, 1630, -1
433, 738, -1
433, 681, -1
433, 705, -1
433, 1478, -1

