1769, 974, -1
1769, 1086, -1
1769, 1229, -1
1769, 53, -1
974, 1769, -1
974, 1086, -1
974, 1229, -1
974, 53, -1
1086, 1769, -1
1086, 974, -1
1086, 1229, -1
1086, 53, -1
1229, 1769, -1
1229, 974, -1
1229, 1086, -1
1229, 53, -1
53, 1769, -1
53, 974, -1
53, 1086, -1
53, 1229, -1

974, 823, 1
823, 974, 1
1769, 974, -1
1769, 823, -1
1769, 1086, -1
1769, 1229, -1
1769, 53, -1
1769, 738, -1
974, 1769, -1
823, 1769, -1
974, 1086, -1
823, 1086, -1
974, 1229, -1
823, 1229, -1
974, 53, -1
823, 53, -1
974, 738, -1
823, 738, -1
1086, 1769, -1
1086, 974, -1
1086, 823, -1
1086, 1229, -1
1086, 53, -1
1086, 738, -1
1229, 1769, -1
1229, 974, -1
1229, 823, -1
1229, 1086, -1
1229, 53, -1
1229, 738, -1
53, 1769, -1
53, 974, -1
53, 823, -1
53, 1086, -1
53, 1229, -1
53, 738, -1
738, 1769, -1
738, 974, -1
738, 823, -1
738, 1086, -1
738, 1229, -1
738, 53, -1

974, 823, 1
823, 974, 1
1769, 974, -1
1769, 823, -1
1769, 1086, -1
1769, 1229, -1
1769, 53, -1
1769, 738, -1
1769, 1478, -1
974, 1769, -1
823, 1769, -1
974, 1086, -1
823, 1086, -1
974, 1229, -1
823, 1229, -1
974, 53, -1
823, 53, -1
974, 738, -1
823, 738, -1
974, 1478, -1
823, 1478, -1
1086, 1769, -1
1086, 974, -1
1086, 823, -1
1086, 1229, -1
1086, 53, -1
1086, 738, -1
1086, 1478, -1
1229, 1769, -1
1229, 974, -1
1229, 823, -1
1229, 1086, -1
1229, 53, -1
1229, 738, -1
1229, 1478, -1
53, 1769, -1
53, 974, -1
53, 823, -1
53, 1086, -1
53, 1229, -1
53, 738, -1
53, 1478, -1
738, 1769, -1
738, 974, -1
738, 823, -1
738, 1086, -1
738, 1229, -1
738, 53, -1
738, 1478, -1
1478, 1769, -1
1478, 974, -1
1478, 823, -1
1478, 1086, -1
1478, 1229, -1
1478, 53, -1
1478, 738, -1

974, 823, 1
823, 974, 1
1769, 974, -1
1769, 823, -1
1769, 1086, -1
1769, 1229, -1
1769, 53, -1
1769, 738, -1
1769, 1478, -1
1769, 202, -1
974, 1769, -1
823, 1769, -1
974, 1086, -1
823, 1086, -1
974, 1229, -1
823, 1229, -1
974, 53, -1
823, 53, -1
974, 738, -1
823, 738, -1
974, 1478, -1
823, 1478, -1
974, 202, -1
823, 202, -1
1086, 1769, -1
1086, 974, -1
1086, 823, -1
1086, 1229, -1
1086, 53, -1
1086, 738, -1
1086, 1478, -1
1086, 202, -1
1229, 1769, -1
1229, 974, -1
1229, 823, -1
1229, 1086, -1
1229, 53, -1
1229, 738, -1
1229, 1478, -1
1229, 202, -1
53, 1769, -1
53, 974, -1
53, 823, -1
53, 1086, -1
53, 1229, -1
53, 738, -1
53, 1478, -1
53, 202, -1
738, 1769, -1
738, 974, -1
738, 823, -1
738, 1086, -1
738, 1229, -1
738, 53, -1
738, 1478, -1
738, 202, -1
1478, 1769, -1
1478, 974, -1
1478, 823, -1
1478, 1086, -1
1478, 1229, -1
1478, 53, -1
1478, 738, -1
1478, 202, -1
202, 1769, -1
202, 974, -1
202, 823, -1
202, 1086, -1
202, 1229, -1
202, 53, -1
202, 738, -1
202, 1478, -1

974, 823, 1
823, 974, 1
1229, 1368, 1
1368, 1229, 1
738, 791, 1
791, 738, 1
1769, 974, -1
1769, 823, -1
1769, 1086, -1
1769, 1229, -1
1769, 1368, -1
1769, 53, -1
1769, 738, -1
1769, 791, -1
1769, 1478, -1
1769, 202, -1
974, 1769, -1
823, 1769, -1
974, 1086, -1
823, 1086, -1
974, 1229, -1
974, 1368, -1
823, 1229, -1
823, 1368, -1
974, 53, -1
823, 53, -1
974, 738, -1
974, 791, -1
823, 738, -1
823, 791, -1
974, 1478, -1
823, 1478, -1
974, 202, -1
823, 202, -1
1086, 1769, -1
1086, 974, -1
1086, 823, -1
1086, 1229, -1
1086, 1368, -1
1086, 53, -1
1086, 738, -1
1086, 791, -1
1086, 1478, -1
1086, 202, -1
1229, 1769, -1
1368, 1769, -1
1229, 974, -1
1229, 823, -1
1368, 974, -1
1368, 823, -1
1229, 1086, -1
1368, 1086, -1
1229, 53, -1
1368, 53, -1
1229, 738, -1
1229, 791, -1
1368, 738, -1
1368, 791, -1
1229, 1478, -1
1368, 1478, -1
1229, 202, -1
1368, 202, -1
53, 1769, -1
53, 974, -1
53, 823, -1
53, 1086, -1
53, 1229, -1
53, 1368, -1
53, 738, -1
53, 791, -1
53, 1478, -1
53, 202, -1
738, 1769, -1
791, 1769, -1
738, 974, -1
738, 823, -1
791, 974, -1
791, 823, -1
738, 1086, -1
791, 1086, -1
738, 1229, -1
738, 1368, -1
791, 1229, -1
791, 1368, -1
738, 53, -1
791, 53, -1
738, 1478, -1
791, 1478, -1
738, 202, -1
791, 202, -1
1478, 1769, -1
1478, 974, -1
1478, 823, -1
1478, 1086, -1
1478, 1229, -1
1478, 1368, -1
1478, 53, -1
1478, 738, -1
1478, 791, -1
1478, 202, -1
202, 1769, -1
202, 974, -1
202, 823, -1
202, 1086, -1
202, 1229, -1
202, 1368, -1
202, 53, -1
202, 738, -1
202, 791, -1
202, 1478, -1

1769, 1601, 1
1601, 1769, 1
974, 823, 1
974, 815, 1
974, 911, 1
823, 974, 1
823, 815, 1
823, 911, 1
815, 974, 1
815, 823, 1
815, 911, 1
911, 974, 1
911, 823, 1
911, 815, 1
1086, 1191, 1
1191, 1086, 1
1229, 1368, 1
1368, 1229, 1
738, 791, 1
791, 738, 1
1769, 974, -1
1769, 823, -1
1769, 815, -1
1769, 911, -1
1601, 974, -1
1601, 823, -1
1601, 815, -1
1601, 911, -1
1769, 1086, -1
1769, 1191, -1
1601, 1086, -1
1601, 1191, -1
1769, 1229, -1
1769, 1368, -1
1601, 1229, -1
1601, 1368, -1
1769, 53, -1
1601, 53, -1
1769, 738, -1
1769, 791, -1
1601, 738, -1
1601, 791, -1
1769, 1478, -1
1601, 1478, -1
1769, 202, -1
1601, 202, -1
974, 1769, -1
974, 1601, -1
823, 1769, -1
823, 1601, -1
815, 1769, -1
815, 1601, -1
911, 1769, -1
911, 1601, -1
974, 1086, -1
974, 1191, -1
823, 1086, -1
823, 1191, -1
815, 1086, -1
815, 1191, -1
911, 1086, -1
911, 1191, -1
974, 1229, -1
974, 1368, -1
823, 1229, -1
823, 1368, -1
815, 1229, -1
815, 1368, -1
911, 1229, -1
911, 1368, -1
974, 53, -1
823, 53, -1
815, 53, -1
911, 53, -1
974, 738, -1
974, 791, -1
823, 738, -1
823, 791, -1
815, 738, -1
815, 791, -1
911, 738, -1
911, 791, -1
974, 1478, -1
823, 1478, -1
815, 1478, -1
911, 1478, -1
974, 202, -1
823, 202, -1
815, 202, -1
911, 202, -1
1086, 1769, -1
1086, 1601, -1
1191, 1769, -1
1191, 1601, -1
1086, 974, -1
1086, 823, -1
1086, 815, -1
1086, 911, -1
1191, 974, -1
1191, 823, -1
1191, 815, -1
1191, 911, -1
1086, 1229, -1
1086, 1368, -1
1191, 1229, -1
1191, 1368, -1
1086, 53, -1
1191, 53, -1
1086, 738, -1
1086, 791, -1
1191, 738, -1
1191, 791, -1
1086, 1478, -1
1191, 1478, -1
1086, 202, -1
1191, 202, -1
1229, 1769, -1
1229, 1601, -1
1368, 1769, -1
1368, 1601, -1
1229, 974, -1
1229, 823, -1
1229, 815, -1
1229, 911, -1
1368, 974, -1
1368, 823, -1
1368, 815, -1
1368, 911, -1
1229, 1086, -1
1229, 1191, -1
1368, 1086, -1
1368, 1191, -1
1229, 53, -1
1368, 53, -1
1229, 738, -1
1229, 791, -1
1368, 738, -1
1368, 791, -1
1229, 1478, -1
1368, 1478, -1
1229, 202, -1
1368, 202, -1
53, 1769, -1
53, 1601, -1
53, 974, -1
53, 823, -1
53, 815, -1
53, 911, -1
53, 1086, -1
53, 1191, -1
53, 1229, -1
53, 1368, -1
53, 738, -1
53, 791, -1
53, 1478, -1
53, 202, -1
738, 1769, -1
738, 1601, -1
791, 1769, -1
791, 1601, -1
738, 974, -1
738, 823, -1
738, 815, -1
738, 911, -1
791, 974, -1
791, 823, -1
791, 815, -1
791, 911, -1
738, 1086, -1
738, 1191, -1
791, 1086, -1
791, 1191, -1
738, 1229, -1
738, 1368, -1
791, 1229, -1
791, 1368, -1
738, 53, -1
791, 53, -1
738, 1478, -1
791, 1478, -1
738, 202, -1
791, 202, -1
1478, 1769, -1
1478, 1601, -1
1478, 974, -1
1478, 823, -1
1478, 815, -1
1478, 911, -1
1478, 1086, -1
1478, 1191, -1
1478, 1229, -1
1478, 1368, -1
1478, 53, -1
1478, 738, -1
1478, 791, -1
1478, 202, -1
202, 1769, -1
202, 1601, -1
202, 974, -1
202, 823, -1
202, 815, -1
202, 911, -1
202, 1086, -1
202, 1191, -1
202, 1229, -1
202, 1368, -1
202, 53, -1
202, 738, -1
202, 791, -1
202, 1478, -1

1769, 1601, 1
1601, 1769, 1
974, 823, 1
974, 815, 1
974, 911, 1
823, 974, 1
823, 815, 1
823, 911, 1
815, 974, 1
815, 823, 1
815, 911, 1
911, 974, 1
911, 823, 1
911, 815, 1
1086, 1191, 1
1191, 1086, 1
1229, 1368, 1
1368, 1229, 1
738, 791, 1
738, 681, 1
791, 738, 1
791, 681, 1
681, 738, 1
681, 791, 1
1769, 974, -1
1769, 823, -1
1769, 815, -1
1769, 911, -1
1601, 974, -1
1601, 823, -1
1601, 815, -1
1601, 911, -1
1769, 1086, -1
1769, 1191, -1
1601, 1086, -1
1601, 1191, -1
1769, 1229, -1
1769, 1368, -1
1601, 1229, -1
1601, 1368, -1
1769, 53, -1
1601, 53, -1
1769, 738, -1
1769, 791, -1
1769, 681, -1
1601, 738, -1
1601, 791, -1
1601, 681, -1
1769, 1478, -1
1601, 1478, -1
1769, 202, -1
1601, 202, -1
974, 1769, -1
974, 1601, -1
823, 1769, -1
823, 1601, -1
815, 1769, -1
815, 1601, -1
911, 1769, -1
911, 1601, -1
974, 1086, -1
974, 1191, -1
823, 1086, -1
823, 1191, -1
815, 1086, -1
815, 1191, -1
911, 1086, -1
911, 1191, -1
974, 1229, -1
974, 1368, -1
823, 1229, -1
823, 1368, -1
815, 1229, -1
815, 1368, -1
911, 1229, -1
911, 1368, -1
974, 53, -1
823, 53, -1
815, 53, -1
911, 53, -1
974, 738, -1
974, 791, -1
974, 681, -1
823, 738, -1
823, 791, -1
823, 681, -1
815, 738, -1
815, 791, -1
815, 681, -1
911, 738, -1
911, 791, -1
911, 681, -1
974, 1478, -1
823, 1478, -1
815, 1478, -1
911, 1478, -1
974, 202, -1
823, 202, -1
815, 202, -1
911, 202, -1
1086, 1769, -1
1086, 1601, -1
1191, 1769, -1
1191, 1601, -1
1086, 974, -1
1086, 823, -1
1086, 815, -1
1086, 911, -1
1191, 974, -1
1191, 823, -1
1191, 815, -1
1191, 911, -1
1086, 1229, -1
1086, 1368, -1
1191, 1229, -1
1191, 1368, -1
1086, 53, -1
1191, 53, -1
1086, 738, -1
1086, 791, -1
1086, 681, -1
1191, 738, -1
1191, 791, -1
1191, 681, -1
1086, 1478, -1
1191, 1478, -1
1086, 202, -1
1191, 202, -1
1229, 1769, -1
1229, 1601, -1
1368, 1769, -1
1368, 1601, -1
1229, 974, -1
1229, 823, -1
1229, 815, -1
1229, 911, -1
1368, 974, -1
1368, 823, -1
1368, 815, -1
1368, 911, -1
1229, 1086, -1
1229, 1191, -1
1368, 1086, -1
1368, 1191, -1
1229, 53, -1
1368, 53, -1
1229, 738, -1
1229, 791, -1
1229, 681, -1
1368, 738, -1
1368, 791, -1
1368, 681, -1
1229, 1478, -1
1368, 1478, -1
1229, 202, -1
1368, 202, -1
53, 1769, -1
53, 1601, -1
53, 974, -1
53, 823, -1
53, 815, -1
53, 911, -1
53, 1086, -1
53, 1191, -1
53, 1229, -1
53, 1368, -1
53, 738, -1
53, 791, -1
53, 681, -1
53, 1478, -1
53, 202, -1
738, 1769, -1
738, 1601, -1
791, 1769, -1
791, 1601, -1
681, 1769, -1
681, 1601, -1
738, 974, -1
738, 823, -1
738, 815, -1
738, 911, -1
791, 974, -1
791, 823, -1
791, 815, -1
791, 911, -1
681, 974, -1
681, 823, -1
681, 815, -1
681, 911, -1
738, 1086, -1
738, 1191, -1
791, 1086, -1
791, 1191, -1
681, 1086, -1
681, 1191, -1
738, 1229, -1
738, 1368, -1
791, 1229, -1
791, 1368, -1
681, 1229, -1
681, 1368, -1
738, 53, -1
791, 53, -1
681, 53, -1
738, 1478, -1
791, 1478, -1
681, 1478, -1
738, 202, -1
791, 202, -1
681, 202, -1
1478, 1769, -1
1478, 1601, -1
1478, 974, -1
1478, 823, -1
1478, 815, -1
1478, 911, -1
1478, 1086, -1
1478, 1191, -1
1478, 1229, -1
1478, 1368, -1
1478, 53, -1
1478, 738, -1
1478, 791, -1
1478, 681, -1
1478, 202, -1
202, 1769, -1
202, 1601, -1
202, 974, -1
202, 823, -1
202, 815, -1
202, 911, -1
202, 1086, -1
202, 1191, -1
202, 1229, -1
202, 1368, -1
202, 53, -1
202, 738, -1
202, 791, -1
202, 681, -1
202, 1478, -1

1769, 1601, 1
1601, 1769, 1
974, 823, 1
974, 815, 1
974, 911, 1
823, 974, 1
823, 815, 1
823, 911, 1
815, 974, 1
815, 823, 1
815, 911, 1
911, 974, 1
911, 823, 1
911, 815, 1
1086, 1191, 1
1191, 1086, 1
1229, 1368, 1
1368, 1229, 1
738, 791, 1
738, 681, 1
791, 738, 1
791, 681, 1
681, 738, 1
681, 791, 1
1769, 974, -1
1769, 823, -1
1769, 815, -1
1769, 911, -1
1601, 974, -1
1601, 823, -1
1601, 815, -1
1601, 911, -1
1769, 1086, -1
1769, 1191, -1
1601, 1086, -1
1601, 1191, -1
1769, 1229, -1
1769, 1368, -1
1601, 1229, -1
1601, 1368, -1
1769, 53, -1
1601, 53, -1
1769, 738, -1
1769, 791, -1
1769, 681, -1
1601, 738, -1
1601, 791, -1
1601, 681, -1
1769, 1478, -1
1601, 1478, -1
1769, 202, -1
1601, 202, -1
1769, 433, -1
1601, 433, -1
974, 1769, -1
974, 1601, -1
823, 1769, -1
823, 1601, -1
815, 1769, -1
815, 1601, -1
911, 1769, -1
911, 1601, -1
974, 1086, -1
974, 1191, -1
823, 1086, -1
823, 1191, -1
815, 1086, -1
815, 1191, -1
911, 1086, -1
911, 1191, -1
974, 1229, -1
974, 1368, -1
823, 1229, -1
823, 1368, -1
815, 1229, -1
815, 1368, -1
911, 1229, -1
911, 1368, -1
974, 53, -1
823, 53, -1
815, 53, -1
911, 53, -1
974, 738, -1
974, 791, -1
974, 681, -1
823, 738, -1
823, 791, -1
823, 681, -1
815, 738, -1
815, 791, -1
815, 681, -1
911, 738, -1
911, 791, -1
911, 681, -1
974, 1478, -1
823, 1478, -1
815, 1478, -1
911, 1478, -1
974, 202, -1
823, 202, -1
815, 202, -1
911, 202, -1
974, 433, -1
823, 433, -1
815, 433, -1
911, 433, -1
1086, 1769, -1
1086, 1601, -1
1191, 1769, -1
1191, 1601, -1
1086, 974, -1
1086, 823, -1
1086, 815, -1
1086, 911, -1
1191, 974, -1
1191, 823, -1
1191, 815, -1
1191, 911, -1
1086, 1229, -1
1086, 1368, -1
1191, 1229, -1
1191, 1368, -1
1086, 53, -1
1191, 53, -1
1086, 738, -1
1086, 791, -1
1086, 681, -1
1191, 738, -1
1191, 791, -1
1191, 681, -1
1086, 1478, -1
1191, 1478, -1
1086, 202, -1
1191, 202, -1
1086, 433, -1
1191, 433, -1
1229, 1769, -1
1229, 1601, -1
1368, 1769, -1
1368, 1601, -1
1229, 974, -1
1229, 823, -1
1229, 815, -1
1229, 911, -1
1368, 974, -1
1368, 823, -1
1368, 815, -1
1368, 911, -1
1229, 1086, -1
1229, 1191, -1
1368, 1086, -1
1368, 1191, -1
1229, 53, -1
1368, 53, -1
1229, 738, -1
1229, 791, -1
1229, 681, -1
1368, 738, -1
1368, 791, -1
1368, 681, -1
1229, 1478, -1
1368, 1478, -1
1229, 202, -1
1368, 202, -1
1229, 433, -1
1368, 433, -1
53, 1769, -1
53, 1601, -1
53, 974, -1
53, 823, -1
53, 815, -1
53, 911, -1
53, 1086, -1
53, 1191, -1
53, 1229, -1
53, 1368, -1
53, 738, -1
53, 791, -1
53, 681, -1
53, 1478, -1
53, 202, -1
53, 433, -1
738, 1769, -1
738, 1601, -1
791, 1769, -1
791, 1601, -1
681, 1769, -1
681, 1601, -1
738, 974, -1
738, 823, -1
738, 815, -1
738, 911, -1
791, 974, -1
791, 823, -1
791, 815, -1
791, 911, -1
681, 974, -1
681, 823, -1
681, 815, -1
681, 911, -1
738, 1086, -1
738, 1191, -1
791, 1086, -1
791, 1191, -1
681, 1086, -1
681, 1191, -1
738, 1229, -1
738, 1368, -1
791, 1229, -1
791, 1368, -1
681, 1229, -1
681, 1368, -1
738, 53, -1
791, 53, -1
681, 53, -1
738, 1478, -1
791, 1478, -1
681, 1478, -1
738, 202, -1
791, 202, -1
681, 202, -1
738, 433, -1
791, 433, -1
681, 433, -1
1478, 1769, -1
1478, 1601, -1
1478, 974, -1
1478, 823, -1
1478, 815, -1
1478, 911, -1
1478, 1086, -1
1478, 1191, -1
1478, 1229, -1
1478, 1368, -1
1478, 53, -1
1478, 738, -1
1478, 791, -1
1478, 681, -1
1478, 202, -1
1478, 433, -1
202, 1769, -1
202, 1601, -1
202, 974, -1
202, 823, -1
202, 815, -1
202, 911, -1
202, 1086, -1
202, 1191, -1
202, 1229, -1
202, 1368, -1
202, 53, -1
202, 738, -1
202, 791, -1
202, 681, -1
202, 1478, -1
202, 433, -1
433, 1769, -1
433, 1601, -1
433, 974, -1
433, 823, -1
433, 815, -1
433, 911, -1
433, 1086, -1
433, 1191, -1
433, 1229, -1
433, 1368, -1
433, 53, -1
433, 738, -1
433, 791, -1
433, 681, -1
433, 1478, -1
433, 202, -1

1769, 1601, 1
1601, 1769, 1
974, 823, 1
974, 815, 1
974, 911, 1
823, 974, 1
823, 815, 1
823, 911, 1
815, 974, 1
815, 823, 1
815, 911, 1
911, 974, 1
911, 823, 1
911, 815, 1
1086, 1191, 1
1086, 1021, 1
1086, 1130, 1
1191, 1086, 1
1191, 1021, 1
1191, 1130, 1
1021, 1086, 1
1021, 1191, 1
1021, 1130, 1
1130, 1086, 1
1130, 1191, 1
1130, 1021, 1
1229, 1368, 1
1229, 1264, 1
1368, 1229, 1
1368, 1264, 1
1264, 1229, 1
1264, 1368, 1
738, 791, 1
738, 681, 1
791, 738, 1
791, 681, 1
681, 738, 1
681, 791, 1
1769, 974, -1
1769, 823, -1
1769, 815, -1
1769, 911, -1
1601, 974, -1
1601, 823, -1
1601, 815, -1
1601, 911, -1
1769, 1086, -1
1769, 1191, -1
1769, 1021, -1
1769, 1130, -1
1601, 1086, -1
1601, 1191, -1
1601, 1021, -1
1601, 1130, -1
1769, 1229, -1
1769, 1368, -1
1769, 1264, -1
1601, 1229, -1
1601, 1368, -1
1601, 1264, -1
1769, 53, -1
1601, 53, -1
1769, 738, -1
1769, 791, -1
1769, 681, -1
1601, 738, -1
1601, 791, -1
1601, 681, -1
1769, 1478, -1
1601, 1478, -1
1769, 202, -1
1601, 202, -1
1769, 433, -1
1601, 433, -1
974, 1769, -1
974, 1601, -1
823, 1769, -1
823, 1601, -1
815, 1769, -1
815, 1601, -1
911, 1769, -1
911, 1601, -1
974, 1086, -1
974, 1191, -1
974, 1021, -1
974, 1130, -1
823, 1086, -1
823, 1191, -1
823, 1021, -1
823, 1130, -1
815, 1086, -1
815, 1191, -1
815, 1021, -1
815, 1130, -1
911, 1086, -1
911, 1191, -1
911, 1021, -1
911, 1130, -1
974, 1229, -1
974, 1368, -1
974, 1264, -1
823, 1229, -1
823, 1368, -1
823, 1264, -1
815, 1229, -1
815, 1368, -1
815, 1264, -1
911, 1229, -1
911, 1368, -1
911, 1264, -1
974, 53, -1
823, 53, -1
815, 53, -1
911, 53, -1
974, 738, -1
974, 791, -1
974, 681, -1
823, 738, -1
823, 791, -1
823, 681, -1
815, 738, -1
815, 791, -1
815, 681, -1
911, 738, -1
911, 791, -1
911, 681, -1
974, 1478, -1
823, 1478, -1
815, 1478, -1
911, 1478, -1
974, 202, -1
823, 202, -1
815, 202, -1
911, 202, -1
974, 433, -1
823, 433, -1
815, 433, -1
911, 433, -1
1086, 1769, -1
1086, 1601, -1
1191, 1769, -1
1191, 1601, -1
1021, 1769, -1
1021, 1601, -1
1130, 1769, -1
1130, 1601, -1
1086, 974, -1
1086, 823, -1
1086, 815, -1
1086, 911, -1
1191, 974, -1
1191, 823, -1
1191, 815, -1
1191, 911, -1
1021, 974, -1
1021, 823, -1
1021, 815, -1
1021, 911, -1
1130, 974, -1
1130, 823, -1
1130, 815, -1
1130, 911, -1
1086, 1229, -1
1086, 1368, -1
1086, 1264, -1
1191, 1229, -1
1191, 1368, -1
1191, 1264, -1
1021, 1229, -1
1021, 1368, -1
1021, 1264, -1
1130, 1229, -1
1130, 1368, -1
1130, 1264, -1
1086, 53, -1
1191, 53, -1
1021, 53, -1
1130, 53, -1
1086, 738, -1
1086, 791, -1
1086, 681, -1
1191, 738, -1
1191, 791, -1
1191, 681, -1
1021, 738, -1
1021, 791, -1
1021, 681, -1
1130, 738, -1
1130, 791, -1
1130, 681, -1
1086, 1478, -1
1191, 1478, -1
1021, 1478, -1
1130, 1478, -1
1086, 202, -1
1191, 202, -1
1021, 202, -1
1130, 202, -1
1086, 433, -1
1191, 433, -1
1021, 433, -1
1130, 433, -1
1229, 1769, -1
1229, 1601, -1
1368, 1769, -1
1368, 1601, -1
1264, 1769, -1
1264, 1601, -1
1229, 974, -1
1229, 823, -1
1229, 815, -1
1229, 911, -1
1368, 974, -1
1368, 823, -1
1368, 815, -1
1368, 911, -1
1264, 974, -1
1264, 823, -1
1264, 815, -1
1264, 911, -1
1229, 1086, -1
1229, 1191, -1
1229, 1021, -1
1229, 1130, -1
1368, 1086, -1
1368, 1191, -1
1368, 1021, -1
1368, 1130, -1
1264, 1086, -1
1264, 1191, -1
1264, 1021, -1
1264, 1130, -1
1229, 53, -1
1368, 53, -1
1264, 53, -1
1229, 738, -1
1229, 791, -1
1229, 681, -1
1368, 738, -1
1368, 791, -1
1368, 681, -1
1264, 738, -1
1264, 791, -1
1264, 681, -1
1229, 1478, -1
1368, 1478, -1
1264, 1478, -1
1229, 202, -1
1368, 202, -1
1264, 202, -1
1229, 433, -1
1368, 433, -1
1264, 433, -1
53, 1769, -1
53, 1601, -1
53, 974, -1
53, 823, -1
53, 815, -1
53, 911, -1
53, 1086, -1
53, 1191, -1
53, 1021, -1
53, 1130, -1
53, 1229, -1
53, 1368, -1
53, 1264, -1
53, 738, -1
53, 791, -1
53, 681, -1
53, 1478, -1
53, 202, -1
53, 433, -1
738, 1769, -1
738, 1601, -1
791, 1769, -1
791, 1601, -1
681, 1769, -1
681, 1601, -1
738, 974, -1
738, 823, -1
738, 815, -1
738, 911, -1
791, 974, -1
791, 823, -1
791, 815, -1
791, 911, -1
681, 974, -1
681, 823, -1
681, 815, -1
681, 911, -1
738, 1086, -1
738, 1191, -1
738, 1021, -1
738, 1130, -1
791, 1086, -1
791, 1191, -1
791, 1021, -1
791, 1130, -1
681, 1086, -1
681, 1191, -1
681, 1021, -1
681, 1130, -1
738, 1229, -1
738, 1368, -1
738, 1264, -1
791, 1229, -1
791, 1368, -1
791, 1264, -1
681, 1229, -1
681, 1368, -1
681, 1264, -1
738, 53, -1
791, 53, -1
681, 53, -1
738, 1478, -1
791, 1478, -1
681, 1478, -1
738, 202, -1
791, 202, -1
681, 202, -1
738, 433, -1
791, 433, -1
681, 433, -1
1478, 1769, -1
1478, 1601, -1
1478, 974, -1
1478, 823, -1
1478, 815, -1
1478, 911, -1
1478, 1086, -1
1478, 1191, -1
1478, 1021, -1
1478, 1130, -1
1478, 1229, -1
1478, 1368, -1
1478, 1264, -1
1478, 53, -1
1478, 738, -1
1478, 791, -1
1478, 681, -1
1478, 202, -1
1478, 433, -1
202, 1769, -1
202, 1601, -1
202, 974, -1
202, 823, -1
202, 815, -1
202, 911, -1
202, 1086, -1
202, 1191, -1
202, 1021, -1
202, 1130, -1
202, 1229, -1
202, 1368, -1
202, 1264, -1
202, 53, -1
202, 738, -1
202, 791, -1
202, 681, -1
202, 1478, -1
202, 433, -1
433, 1769, -1
433, 1601, -1
433, 974, -1
433, 823, -1
433, 815, -1
433, 911, -1
433, 1086, -1
433, 1191, -1
433, 1021, -1
433, 1130, -1
433, 1229, -1
433, 1368, -1
433, 1264, -1
433, 53, -1
433, 738, -1
433, 791, -1
433, 681, -1
433, 1478, -1
433, 202, -1

1769, 1601, 1
1601, 1769, 1
974, 823, 1
974, 815, 1
974, 911, 1
823, 974, 1
823, 815, 1
823, 911, 1
815, 974, 1
815, 823, 1
815, 911, 1
911, 974, 1
911, 823, 1
911, 815, 1
1086, 1191, 1
1086, 1021, 1
1086, 1130, 1
1191, 1086, 1
1191, 1021, 1
1191, 1130, 1
1021, 1086, 1
1021, 1191, 1
1021, 1130, 1
1130, 1086, 1
1130, 1191, 1
1130, 1021, 1
1229, 1368, 1
1229, 1264, 1
1368, 1229, 1
1368, 1264, 1
1264, 1229, 1
1264, 1368, 1
738, 791, 1
738, 681, 1
791, 738, 1
791, 681, 1
681, 738, 1
681, 791, 1
202, 274, 1
274, 202, 1
1769, 974, -1
1769, 823, -1
1769, 815, -1
1769, 911, -1
1601, 974, -1
1601, 823, -1
1601, 815, -1
1601, 911, -1
1769, 1086, -1
1769, 1191, -1
1769, 1021, -1
1769, 1130, -1
1601, 1086, -1
1601, 1191, -1
1601, 1021, -1
1601, 1130, -1
1769, 1229, -1
1769, 1368, -1
1769, 1264, -1
1601, 1229, -1
1601, 1368, -1
1601, 1264, -1
1769, 53, -1
1601, 53, -1
1769, 738, -1
1769, 791, -1
1769, 681, -1
1601, 738, -1
1601, 791, -1
1601, 681, -1
1769, 1478, -1
1601, 1478, -1
1769, 202, -1
1769, 274, -1
1601, 202, -1
1601, 274, -1
1769, 433, -1
1601, 433, -1
974, 1769, -1
974, 1601, -1
823, 1769, -1
823, 1601, -1
815, 1769, -1
815, 1601, -1
911, 1769, -1
911, 1601, -1
974, 1086, -1
974, 1191, -1
974, 1021, -1
974, 1130, -1
823, 1086, -1
823, 1191, -1
823, 1021, -1
823, 1130, -1
815, 1086, -1
815, 1191, -1
815, 1021, -1
815, 1130, -1
911, 1086, -1
911, 1191, -1
911, 1021, -1
911, 1130, -1
974, 1229, -1
974, 1368, -1
974, 1264, -1
823, 1229, -1
823, 1368, -1
823, 1264, -1
815, 1229, -1
815, 1368, -1
815, 1264, -1
911, 1229, -1
911, 1368, -1
911, 1264, -1
974, 53, -1
823, 53, -1
815, 53, -1
911, 53, -1
974, 738, -1
974, 791, -1
974, 681, -1
823, 738, -1
823, 791, -1
823, 681, -1
815, 738, -1
815, 791, -1
815, 681, -1
911, 738, -1
911, 791, -1
911, 681, -1
974, 1478, -1
823, 1478, -1
815, 1478, -1
911, 1478, -1
974, 202, -1
974, 274, -1
823, 202, -1
823, 274, -1
815, 202, -1
815, 274, -1
911, 202, -1
911, 274, -1
974, 433, -1
823, 433, -1
815, 433, -1
911, 433, -1
1086, 1769, -1
1086, 1601, -1
1191, 1769, -1
1191, 1601, -1
1021, 1769, -1
1021, 1601, -1
1130, 1769, -1
1130, 1601, -1
1086, 974, -1
1086, 823, -1
1086, 815, -1
1086, 911, -1
1191, 974, -1
1191, 823, -1
1191, 815, -1
1191, 911, -1
1021, 974, -1
1021, 823, -1
1021, 815, -1
1021, 911, -1
1130, 974, -1
1130, 823, -1
1130, 815, -1
1130, 911, -1
1086, 1229, -1
1086, 1368, -1
1086, 1264, -1
1191, 1229, -1
1191, 1368, -1
1191, 1264, -1
1021, 1229, -1
1021, 1368, -1
1021, 1264, -1
1130, 1229, -1
1130, 1368, -1
1130, 1264, -1
1086, 53, -1
1191, 53, -1
1021, 53, -1
1130, 53, -1
1086, 738, -1
1086, 791, -1
1086, 681, -1
1191, 738, -1
1191, 791, -1
1191, 681, -1
1021, 738, -1
1021, 791, -1
1021, 681, -1
1130, 738, -1
1130, 791, -1
1130, 681, -1
1086, 1478, -1
1191, 1478, -1
1021, 1478, -1
1130, 1478, -1
1086, 202, -1
1086, 274, -1
1191, 202, -1
1191, 274, -1
1021, 202, -1
1021, 274, -1
1130, 202, -1
1130, 274, -1
1086, 433, -1
1191, 433, -1
1021, 433, -1
1130, 433, -1
1229, 1769, -1
1229, 1601, -1
1368, 1769, -1
1368, 1601, -1
1264, 1769, -1
1264, 1601, -1
1229, 974, -1
1229, 823, -1
1229, 815, -1
1229, 911, -1
1368, 974, -1
1368, 823, -1
1368, 815, -1
1368, 911, -1
1264, 974, -1
1264, 823, -1
1264, 815, -1
1264, 911, -1
1229, 1086, -1
1229, 1191, -1
1229, 1021, -1
1229, 1130, -1
1368, 1086, -1
1368, 1191, -1
1368, 1021, -1
1368, 1130, -1
1264, 1086, -1
1264, 1191, -1
1264, 1021, -1
1264, 1130, -1
1229, 53, -1
1368, 53, -1
1264, 53, -1
1229, 738, -1
1229, 791, -1
1229, 681, -1
1368, 738, -1
1368, 791, -1
1368, 681, -1
1264, 738, -1
1264, 791, -1
1264, 681, -1
1229, 1478, -1
1368, 1478, -1
1264, 1478, -1
1229, 202, -1
1229, 274, -1
1368, 202, -1
1368, 274, -1
1264, 202, -1
1264, 274, -1
1229, 433, -1
1368, 433, -1
1264, 433, -1
53, 1769, -1
53, 1601, -1
53, 974, -1
53, 823, -1
53, 815, -1
53, 911, -1
53, 1086, -1
53, 1191, -1
53, 1021, -1
53, 1130, -1
53, 1229, -1
53, 1368, -1
53, 1264, -1
53, 738, -1
53, 791, -1
53, 681, -1
53, 1478, -1
53, 202, -1
53, 274, -1
53, 433, -1
738, 1769, -1
738, 1601, -1
791, 1769, -1
791, 1601, -1
681, 1769, -1
681, 1601, -1
738, 974, -1
738, 823, -1
738, 815, -1
738, 911, -1
791, 974, -1
791, 823, -1
791, 815, -1
791, 911, -1
681, 974, -1
681, 823, -1
681, 815, -1
681, 911, -1
738, 1086, -1
738, 1191, -1
738, 1021, -1
738, 1130, -1
791, 1086, -1
791, 1191, -1
791, 1021, -1
791, 1130, -1
681, 1086, -1
681, 1191, -1
681, 1021, -1
681, 1130, -1
738, 1229, -1
738, 1368, -1
738, 1264, -1
791, 1229, -1
791, 1368, -1
791, 1264, -1
681, 1229, -1
681, 1368, -1
681, 1264, -1
738, 53, -1
791, 53, -1
681, 53, -1
738, 1478, -1
791, 1478, -1
681, 1478, -1
738, 202, -1
738, 274, -1
791, 202, -1
791, 274, -1
681, 202, -1
681, 274, -1
738, 433, -1
791, 433, -1
681, 433, -1
1478, 1769, -1
1478, 1601, -1
1478, 974, -1
1478, 823, -1
1478, 815, -1
1478, 911, -1
1478, 1086, -1
1478, 1191, -1
1478, 1021, -1
1478, 1130, -1
1478, 1229, -1
1478, 1368, -1
1478, 1264, -1
1478, 53, -1
1478, 738, -1
1478, 791, -1
1478, 681, -1
1478, 202, -1
1478, 274, -1
1478, 433, -1
202, 1769, -1
202, 1601, -1
274, 1769, -1
274, 1601, -1
202, 974, -1
202, 823, -1
202, 815, -1
202, 911, -1
274, 974, -1
274, 823, -1
274, 815, -1
274, 911, -1
202, 1086, -1
202, 1191, -1
202, 1021, -1
202, 1130, -1
274, 1086, -1
274, 1191, -1
274, 1021, -1
274, 1130, -1
202, 1229, -1
202, 1368, -1
202, 1264, -1
274, 1229, -1
274, 1368, -1
274, 1264, -1
202, 53, -1
274, 53, -1
202, 738, -1
202, 791, -1
202, 681, -1
274, 738, -1
274, 791, -1
274, 681, -1
202, 1478, -1
274, 1478, -1
202, 433, -1
274, 433, -1
433, 1769, -1
433, 1601, -1
433, 974, -1
433, 823, -1
433, 815, -1
433, 911, -1
433, 1086, -1
433, 1191, -1
433, 1021, -1
433, 1130, -1
433, 1229, -1
433, 1368, -1
433, 1264, -1
433, 53, -1
433, 738, -1
433, 791, -1
433, 681, -1
433, 1478, -1
433, 202, -1
433, 274, -1

