974, 823, 1
823, 974, 1
618, 974, -1
618, 823, -1
618, 53, -1
618, 1882, -1
974, 618, -1
823, 618, -1
974, 53, -1
823, 53, -1
974, 1882, -1
823, 1882, -1
53, 618, -1
53, 974, -1
53, 823, -1
53, 1882, -1
1882, 618, -1
1882, 974, -1
1882, 823, -1
1882, 53, -1

618, 738, 1
738, 618, 1
974, 823, 1
823, 974, 1
618, 974, -1
618, 823, -1
738, 974, -1
738, 823, -1
618, 53, -1
738, 53, -1
618, 1882, -1
738, 1882, -1
618, 1171, -1
738, 1171, -1
618, 241, -1
738, 241, -1
974, 618, -1
974, 738, -1
823, 618, -1
823, 738, -1
974, 53, -1
823, 53, -1
974, 1882, -1
823, 1882, -1
974, 1171, -1
823, 1171, -1
974, 241, -1
823, 241, -1
53, 618, -1
53, 738, -1
53, 974, -1
53, 823, -1
53, 1882, -1
53, 1171, -1
53, 241, -1
1882, 618, -1
1882, 738, -1
1882, 974, -1
1882, 823, -1
1882, 53, -1
1882, 1171, -1
1882, 241, -1
1171, 618, -1
1171, 738, -1
1171, 974, -1
1171, 823, -1
1171, 53, -1
1171, 1882, -1
1171, 241, -1
241, 618, -1
241, 738, -1
241, 974, -1
241, 823, -1
241, 53, -1
241, 1882, -1
241, 1171, -1

618, 738, 1
738, 618, 1
974, 823, 1
823, 974, 1
618, 974, -1
618, 823, -1
738, 974, -1
738, 823, -1
618, 53, -1
738, 53, -1
618, 1882, -1
738, 1882, -1
618, 1171, -1
738, 1171, -1
618, 241, -1
738, 241, -1
618, 1368, -1
738, 1368, -1
974, 618, -1
974, 738, -1
823, 618, -1
823, 738, -1
974, 53, -1
823, 53, -1
974, 1882, -1
823, 1882, -1
974, 1171, -1
823, 1171, -1
974, 241, -1
823, 241, -1
974, 1368, -1
823, 1368, -1
53, 618, -1
53, 738, -1
53, 974, -1
53, 823, -1
53, 1882, -1
53, 1171, -1
53, 241, -1
53, 1368, -1
1882, 618, -1
1882, 738, -1
1882, 974, -1
1882, 823, -1
1882, 53, -1
1882, 1171, -1
1882, 241, -1
1882, 1368, -1
1171, 618, -1
1171, 738, -1
1171, 974, -1
1171, 823, -1
1171, 53, -1
1171, 1882, -1
1171, 241, -1
1171, 1368, -1
241, 618, -1
241, 738, -1
241, 974, -1
241, 823, -1
241, 53, -1
241, 1882, -1
241, 1171, -1
241, 1368, -1
1368, 618, -1
1368, 738, -1
1368, 974, -1
1368, 823, -1
1368, 53, -1
1368, 1882, -1
1368, 1171, -1
1368, 241, -1

618, 738, 1
738, 618, 1
974, 823, 1
823, 974, 1
618, 974, -1
618, 823, -1
738, 974, -1
738, 823, -1
618, 53, -1
738, 53, -1
618, 1882, -1
738, 1882, -1
618, 1171, -1
738, 1171, -1
618, 241, -1
738, 241, -1
618, 1368, -1
738, 1368, -1
618, 1549, -1
738, 1549, -1
974, 618, -1
974, 738, -1
823, 618, -1
823, 738, -1
974, 53, -1
823, 53, -1
974, 1882, -1
823, 1882, -1
974, 1171, -1
823, 1171, -1
974, 241, -1
823, 241, -1
974, 1368, -1
823, 1368, -1
974, 1549, -1
823, 1549, -1
53, 618, -1
53, 738, -1
53, 974, -1
53, 823, -1
53, 1882, -1
53, 1171, -1
53, 241, -1
53, 1368, -1
53, 1549, -1
1882, 618, -1
1882, 738, -1
1882, 974, -1
1882, 823, -1
1882, 53, -1
1882, 1171, -1
1882, 241, -1
1882, 1368, -1
1882, 1549, -1
1171, 618, -1
1171, 738, -1
1171, 974, -1
1171, 823, -1
1171, 53, -1
1171, 1882, -1
1171, 241, -1
1171, 1368, -1
1171, 1549, -1
241, 618, -1
241, 738, -1
241, 974, -1
241, 823, -1
241, 53, -1
241, 1882, -1
241, 1171, -1
241, 1368, -1
241, 1549, -1
1368, 618, -1
1368, 738, -1
1368, 974, -1
1368, 823, -1
1368, 53, -1
1368, 1882, -1
1368, 1171, -1
1368, 241, -1
1368, 1549, -1
1549, 618, -1
1549, 738, -1
1549, 974, -1
1549, 823, -1
1549, 53, -1
1549, 1882, -1
1549, 1171, -1
1549, 241, -1
1549, 1368, -1

618, 738, 1
738, 618, 1
974, 823, 1
823, 974, 1
1171, 1092, 1
1092, 1171, 1
618, 974, -1
618, 823, -1
738, 974, -1
738, 823, -1
618, 53, -1
738, 53, -1
618, 1882, -1
738, 1882, -1
618, 1171, -1
618, 1092, -1
738, 1171, -1
738, 1092, -1
618, 241, -1
738, 241, -1
618, 1368, -1
738, 1368, -1
618, 1549, -1
738, 1549, -1
974, 618, -1
974, 738, -1
823, 618, -1
823, 738, -1
974, 53, -1
823, 53, -1
974, 1882, -1
823, 1882, -1
974, 1171, -1
974, 1092, -1
823, 1171, -1
823, 1092, -1
974, 241, -1
823, 241, -1
974, 1368, -1
823, 1368, -1
974, 1549, -1
823, 1549, -1
53, 618, -1
53, 738, -1
53, 974, -1
53, 823, -1
53, 1882, -1
53, 1171, -1
53, 1092, -1
53, 241, -1
53, 1368, -1
53, 1549, -1
1882, 618, -1
1882, 738, -1
1882, 974, -1
1882, 823, -1
1882, 53, -1
1882, 1171, -1
1882, 1092, -1
1882, 241, -1
1882, 1368, -1
1882, 1549, -1
1171, 618, -1
1171, 738, -1
1092, 618, -1
1092, 738, -1
1171, 974, -1
1171, 823, -1
1092, 974, -1
1092, 823, -1
1171, 53, -1
1092, 53, -1
1171, 1882, -1
1092, 1882, -1
1171, 241, -1
1092, 241, -1
1171, 1368, -1
1092, 1368, -1
1171, 1549, -1
1092, 1549, -1
241, 618, -1
241, 738, -1
241, 974, -1
241, 823, -1
241, 53, -1
241, 1882, -1
241, 1171, -1
241, 1092, -1
241, 1368, -1
241, 1549, -1
1368, 618, -1
1368, 738, -1
1368, 974, -1
1368, 823, -1
1368, 53, -1
1368, 1882, -1
1368, 1171, -1
1368, 1092, -1
1368, 241, -1
1368, 1549, -1
1549, 618, -1
1549, 738, -1
1549, 974, -1
1549, 823, -1
1549, 53, -1
1549, 1882, -1
1549, 1171, -1
1549, 1092, -1
1549, 241, -1
1549, 1368, -1

618, 738, 1
618, 681, 1
738, 618, 1
738, 681, 1
681, 618, 1
681, 738, 1
974, 823, 1
823, 974, 1
1171, 1092, 1
1092, 1171, 1
618, 974, -1
618, 823, -1
738, 974, -1
738, 823, -1
681, 974, -1
681, 823, -1
618, 53, -1
738, 53, -1
681, 53, -1
618, 1882, -1
738, 1882, -1
681, 1882, -1
618, 1171, -1
618, 1092, -1
738, 1171, -1
738, 1092, -1
681, 1171, -1
681, 1092, -1
618, 241, -1
738, 241, -1
681, 241, -1
618, 1368, -1
738, 1368, -1
681, 1368, -1
618, 1549, -1
738, 1549, -1
681, 1549, -1
618, 1601, -1
738, 1601, -1
681, 1601, -1
974, 618, -1
974, 738, -1
974, 681, -1
823, 618, -1
823, 738, -1
823, 681, -1
974, 53, -1
823, 53, -1
974, 1882, -1
823, 1882, -1
974, 1171, -1
974, 1092, -1
823, 1171, -1
823, 1092, -1
974, 241, -1
823, 241, -1
974, 1368, -1
823, 1368, -1
974, 1549, -1
823, 1549, -1
974, 1601, -1
823, 1601, -1
53, 618, -1
53, 738, -1
53, 681, -1
53, 974, -1
53, 823, -1
53, 1882, -1
53, 1171, -1
53, 1092, -1
53, 241, -1
53, 1368, -1
53, 1549, -1
53, 1601, -1
1882, 618, -1
1882, 738, -1
1882, 681, -1
1882, 974, -1
1882, 823, -1
1882, 53, -1
1882, 1171, -1
1882, 1092, -1
1882, 241, -1
1882, 1368, -1
1882, 1549, -1
1882, 1601, -1
1171, 618, -1
1171, 738, -1
1171, 681, -1
1092, 618, -1
1092, 738, -1
1092, 681, -1
1171, 974, -1
1171, 823, -1
1092, 974, -1
1092, 823, -1
1171, 53, -1
1092, 53, -1
1171, 1882, -1
1092, 1882, -1
1171, 241, -1
1092, 241, -1
1171, 1368, -1
1092, 1368, -1
1171, 1549, -1
1092, 1549, -1
1171, 1601, -1
1092, 1601, -1
241, 618, -1
241, 738, -1
241, 681, -1
241, 974, -1
241, 823, -1
241, 53, -1
241, 1882, -1
241, 1171, -1
241, 1092, -1
241, 1368, -1
241, 1549, -1
241, 1601, -1
1368, 618, -1
1368, 738, -1
1368, 681, -1
1368, 974, -1
1368, 823, -1
1368, 53, -1
1368, 1882, -1
1368, 1171, -1
1368, 1092, -1
1368, 241, -1
1368, 1549, -1
1368, 1601, -1
1549, 618, -1
1549, 738, -1
1549, 681, -1
1549, 974, -1
1549, 823, -1
1549, 53, -1
1549, 1882, -1
1549, 1171, -1
1549, 1092, -1
1549, 241, -1
1549, 1368, -1
1549, 1601, -1
1601, 618, -1
1601, 738, -1
1601, 681, -1
1601, 974, -1
1601, 823, -1
1601, 53, -1
1601, 1882, -1
1601, 1171, -1
1601, 1092, -1
1601, 241, -1
1601, 1368, -1
1601, 1549, -1

618, 738, 1
618, 681, 1
738, 618, 1
738, 681, 1
681, 618, 1
681, 738, 1
974, 823, 1
974, 866, 1
823, 974, 1
823, 866, 1
866, 974, 1
866, 823, 1
1171, 1092, 1
1092, 1171, 1
1368, 1336, 1
1336, 1368, 1
618, 974, -1
618, 823, -1
618, 866, -1
738, 974, -1
738, 823, -1
738, 866, -1
681, 974, -1
681, 823, -1
681, 866, -1
618, 53, -1
738, 53, -1
681, 53, -1
618, 1882, -1
738, 1882, -1
681, 1882, -1
618, 1171, -1
618, 1092, -1
738, 1171, -1
738, 1092, -1
681, 1171, -1
681, 1092, -1
618, 241, -1
738, 241, -1
681, 241, -1
618, 1368, -1
618, 1336, -1
738, 1368, -1
738, 1336, -1
681, 1368, -1
681, 1336, -1
618, 1549, -1
738, 1549, -1
681, 1549, -1
618, 1601, -1
738, 1601, -1
681, 1601, -1
974, 618, -1
974, 738, -1
974, 681, -1
823, 618, -1
823, 738, -1
823, 681, -1
866, 618, -1
866, 738, -1
866, 681, -1
974, 53, -1
823, 53, -1
866, 53, -1
974, 1882, -1
823, 1882, -1
866, 1882, -1
974, 1171, -1
974, 1092, -1
823, 1171, -1
823, 1092, -1
866, 1171, -1
866, 1092, -1
974, 241, -1
823, 241, -1
866, 241, -1
974, 1368, -1
974, 1336, -1
823, 1368, -1
823, 1336, -1
866, 1368, -1
866, 1336, -1
974, 1549, -1
823, 1549, -1
866, 1549, -1
974, 1601, -1
823, 1601, -1
866, 1601, -1
53, 618, -1
53, 738, -1
53, 681, -1
53, 974, -1
53, 823, -1
53, 866, -1
53, 1882, -1
53, 1171, -1
53, 1092, -1
53, 241, -1
53, 1368, -1
53, 1336, -1
53, 1549, -1
53, 1601, -1
1882, 618, -1
1882, 738, -1
1882, 681, -1
1882, 974, -1
1882, 823, -1
1882, 866, -1
1882, 53, -1
1882, 1171, -1
1882, 1092, -1
1882, 241, -1
1882, 1368, -1
1882, 1336, -1
1882, 1549, -1
1882, 1601, -1
1171, 618, -1
1171, 738, -1
1171, 681, -1
1092, 618, -1
1092, 738, -1
1092, 681, -1
1171, 974, -1
1171, 823, -1
1171, 866, -1
1092, 974, -1
1092, 823, -1
1092, 866, -1
1171, 53, -1
1092, 53, -1
1171, 1882, -1
1092, 1882, -1
1171, 241, -1
1092, 241, -1
1171, 1368, -1
1171, 1336, -1
1092, 1368, -1
1092, 1336, -1
1171, 1549, -1
1092, 1549, -1
1171, 1601, -1
1092, 1601, -1
241, 618, -1
241, 738, -1
241, 681, -1
241, 974, -1
241, 823, -1
241, 866, -1
241, 53, -1
241, 1882, -1
241, 1171, -1
241, 1092, -1
241, 1368, -1
241, 1336, -1
241, 1549, -1
241, 1601, -1
1368, 618, -1
1368, 738, -1
1368, 681, -1
1336, 618, -1
1336, 738, -1
1336, 681, -1
1368, 974, -1
1368, 823, -1
1368, 866, -1
1336, 974, -1
1336, 823, -1
1336, 866, -1
1368, 53, -1
1336, 53, -1
1368, 1882, -1
1336, 1882, -1
1368, 1171, -1
1368, 1092, -1
1336, 1171, -1
1336, 1092, -1
1368, 241, -1
1336, 241, -1
1368, 1549, -1
1336, 1549, -1
1368, 1601, -1
1336, 1601, -1
1549, 618, -1
1549, 738, -1
1549, 681, -1
1549, 974, -1
1549, 823, -1
1549, 866, -1
1549, 53, -1
1549, 1882, -1
1549, 1171, -1
1549, 1092, -1
1549, 241, -1
1549, 1368, -1
1549, 1336, -1
1549, 1601, -1
1601, 618, -1
1601, 738, -1
1601, 681, -1
1601, 974, -1
1601, 823, -1
1601, 866, -1
1601, 53, -1
1601, 1882, -1
1601, 1171, -1
1601, 1092, -1
1601, 241, -1
1601, 1368, -1
1601, 1336, -1
1601, 1549, -1

618, 738, 1
618, 681, 1
738, 618, 1
738, 681, 1
681, 618, 1
681, 738, 1
974, 823, 1
974, 866, 1
823, 974, 1
823, 866, 1
866, 974, 1
866, 823, 1
53, 106, 1
106, 53, 1
1171, 1092, 1
1092, 1171, 1
1368, 1336, 1
1336, 1368, 1
618, 974, -1
618, 823, -1
618, 866, -1
738, 974, -1
738, 823, -1
738, 866, -1
681, 974, -1
681, 823, -1
681, 866, -1
618, 53, -1
618, 106, -1
738, 53, -1
738, 106, -1
681, 53, -1
681, 106, -1
618, 1882, -1
738, 1882, -1
681, 1882, -1
618, 1171, -1
618, 1092, -1
738, 1171, -1
738, 1092, -1
681, 1171, -1
681, 1092, -1
618, 241, -1
738, 241, -1
681, 241, -1
618, 1368, -1
618, 1336, -1
738, 1368, -1
738, 1336, -1
681, 1368, -1
681, 1336, -1
618, 1549, -1
738, 1549, -1
681, 1549, -1
618, 1601, -1
738, 1601, -1
681, 1601, -1
974, 618, -1
974, 738, -1
974, 681, -1
823, 618, -1
823, 738, -1
823, 681, -1
866, 618, -1
866, 738, -1
866, 681, -1
974, 53, -1
974, 106, -1
823, 53, -1
823, 106, -1
866, 53, -1
866, 106, -1
974, 1882, -1
823, 1882, -1
866, 1882, -1
974, 1171, -1
974, 1092, -1
823, 1171, -1
823, 1092, -1
866, 1171, -1
866, 1092, -1
974, 241, -1
823, 241, -1
866, 241, -1
974, 1368, -1
974, 1336, -1
823, 1368, -1
823, 1336, -1
866, 1368, -1
866, 1336, -1
974, 1549, -1
823, 1549, -1
866, 1549, -1
974, 1601, -1
823, 1601, -1
866, 1601, -1
53, 618, -1
53, 738, -1
53, 681, -1
106, 618, -1
106, 738, -1
106, 681, -1
53, 974, -1
53, 823, -1
53, 866, -1
106, 974, -1
106, 823, -1
106, 866, -1
53, 1882, -1
106, 1882, -1
53, 1171, -1
53, 1092, -1
106, 1171, -1
106, 1092, -1
53, 241, -1
106, 241, -1
53, 1368, -1
53, 1336, -1
106, 1368, -1
106, 1336, -1
53, 1549, -1
106, 1549, -1
53, 1601, -1
106, 1601, -1
1882, 618, -1
1882, 738, -1
1882, 681, -1
1882, 974, -1
1882, 823, -1
1882, 866, -1
1882, 53, -1
1882, 106, -1
1882, 1171, -1
1882, 1092, -1
1882, 241, -1
1882, 1368, -1
1882, 1336, -1
1882, 1549, -1
1882, 1601, -1
1171, 618, -1
1171, 738, -1
1171, 681, -1
1092, 618, -1
1092, 738, -1
1092, 681, -1
1171, 974, -1
1171, 823, -1
1171, 866, -1
1092, 974, -1
1092, 823, -1
1092, 866, -1
1171, 53, -1
1171, 106, -1
1092, 53, -1
1092, 106, -1
1171, 1882, -1
1092, 1882, -1
1171, 241, -1
1092, 241, -1
1171, 1368, -1
1171, 1336, -1
1092, 1368, -1
1092, 1336, -1
1171, 1549, -1
1092, 1549, -1
1171, 1601, -1
1092, 1601, -1
241, 618, -1
241, 738, -1
241, 681, -1
241, 974, -1
241, 823, -1
241, 866, -1
241, 53, -1
241, 106, -1
241, 1882, -1
241, 1171, -1
241, 1092, -1
241, 1368, -1
241, 1336, -1
241, 1549, -1
241, 1601, -1
1368, 618, -1
1368, 738, -1
1368, 681, -1
1336, 618, -1
1336, 738, -1
1336, 681, -1
1368, 974, -1
1368, 823, -1
1368, 866, -1
1336, 974, -1
1336, 823, -1
1336, 866, -1
1368, 53, -1
1368, 106, -1
1336, 53, -1
1336, 106, -1
1368, 1882, -1
1336, 1882, -1
1368, 1171, -1
1368, 1092, -1
1336, 1171, -1
1336, 1092, -1
1368, 241, -1
1336, 241, -1
1368, 1549, -1
1336, 1549, -1
1368, 1601, -1
1336, 1601, -1
1549, 618, -1
1549, 738, -1
1549, 681, -1
1549, 974, -1
1549, 823, -1
1549, 866, -1
1549, 53, -1
1549, 106, -1
1549, 1882, -1
1549, 1171, -1
1549, 1092, -1
1549, 241, -1
1549, 1368, -1
1549, 1336, -1
1549, 1601, -1
1601, 618, -1
1601, 738, -1
1601, 681, -1
1601, 974, -1
1601, 823, -1
1601, 866, -1
1601, 53, -1
1601, 106, -1
1601, 1882, -1
1601, 1171, -1
1601, 1092, -1
1601, 241, -1
1601, 1368, -1
1601, 1336, -1
1601, 1549, -1

618, 738, 1
618, 681, 1
738, 618, 1
738, 681, 1
681, 618, 1
681, 738, 1
974, 823, 1
974, 866, 1
823, 974, 1
823, 866, 1
866, 974, 1
866, 823, 1
53, 106, 1
106, 53, 1
1171, 1092, 1
1092, 1171, 1
1368, 1336, 1
1336, 1368, 1
1549, 1493, 1
1493, 1549, 1
618, 974, -1
618, 823, -1
618, 866, -1
738, 974, -1
738, 823, -1
738, 866, -1
681, 974, -1
681, 823, -1
681, 866, -1
618, 53, -1
618, 106, -1
738, 53, -1
738, 106, -1
681, 53, -1
681, 106, -1
618, 1882, -1
738, 1882, -1
681, 1882, -1
618, 1171, -1
618, 1092, -1
738, 1171, -1
738, 1092, -1
681, 1171, -1
681, 1092, -1
618, 241, -1
738, 241, -1
681, 241, -1
618, 1368, -1
618, 1336, -1
738, 1368, -1
738, 1336, -1
681, 1368, -1
681, 1336, -1
618, 1549, -1
618, 1493, -1
738, 1549, -1
738, 1493, -1
681, 1549, -1
681, 1493, -1
618, 1601, -1
738, 1601, -1
681, 1601, -1
974, 618, -1
974, 738, -1
974, 681, -1
823, 618, -1
823, 738, -1
823, 681, -1
866, 618, -1
866, 738, -1
866, 681, -1
974, 53, -1
974, 106, -1
823, 53, -1
823, 106, -1
866, 53, -1
866, 106, -1
974, 1882, -1
823, 1882, -1
866, 1882, -1
974, 1171, -1
974, 1092, -1
823, 1171, -1
823, 1092, -1
866, 1171, -1
866, 1092, -1
974, 241, -1
823, 241, -1
866, 241, -1
974, 1368, -1
974, 1336, -1
823, 1368, -1
823, 1336, -1
866, 1368, -1
866, 1336, -1
974, 1549, -1
974, 1493, -1
823, 1549, -1
823, 1493, -1
866, 1549, -1
866, 1493, -1
974, 1601, -1
823, 1601, -1
866, 1601, -1
53, 618, -1
53, 738, -1
53, 681, -1
106, 618, -1
106, 738, -1
106, 681, -1
53, 974, -1
53, 823, -1
53, 866, -1
106, 974, -1
106, 823, -1
106, 866, -1
53, 1882, -1
106, 1882, -1
53, 1171, -1
53, 1092, -1
106, 1171, -1
106, 1092, -1
53, 241, -1
106, 241, -1
53, 1368, -1
53, 1336, -1
106, 1368, -1
106, 1336, -1
53, 1549, -1
53, 1493, -1
106, 1549, -1
106, 1493, -1
53, 1601, -1
106, 1601, -1
1882, 618, -1
1882, 738, -1
1882, 681, -1
1882, 974, -1
1882, 823, -1
1882, 866, -1
1882, 53, -1
1882, 106, -1
1882, 1171, -1
1882, 1092, -1
1882, 241, -1
1882, 1368, -1
1882, 1336, -1
1882, 1549, -1
1882, 1493, -1
1882, 1601, -1
1171, 618, -1
1171, 738, -1
1171, 681, -1
1092, 618, -1
1092, 738, -1
1092, 681, -1
1171, 974, -1
1171, 823, -1
1171, 866, -1
1092, 974, -1
1092, 823, -1
1092, 866, -1
1171, 53, -1
1171, 106, -1
1092, 53, -1
1092, 106, -1
1171, 1882, -1
1092, 1882, -1
1171, 241, -1
1092, 241, -1
1171, 1368, -1
1171, 1336, -1
1092, 1368, -1
1092, 1336, -1
1171, 1549, -1
1171, 1493, -1
1092, 1549, -1
1092, 1493, -1
1171, 1601, -1
1092, 1601, -1
241, 618, -1
241, 738, -1
241, 681, -1
241, 974, -1
241, 823, -1
241, 866, -1
241, 53, -1
241, 106, -1
241, 1882, -1
241, 1171, -1
241, 1092, -1
241, 1368, -1
241, 1336, -1
241, 1549, -1
241, 1493, -1
241, 1601, -1
1368, 618, -1
1368, 738, -1
1368, 681, -1
1336, 618, -1
1336, 738, -1
1336, 681, -1
1368, 974, -1
1368, 823, -1
1368, 866, -1
1336, 974, -1
1336, 823, -1
1336, 866, -1
1368, 53, -1
1368, 106, -1
1336, 53, -1
1336, 106, -1
1368, 1882, -1
1336, 1882, -1
1368, 1171, -1
1368, 1092, -1
1336, 1171, -1
1336, 1092, -1
1368, 241, -1
1336, 241, -1
1368, 1549, -1
1368, 1493, -1
1336, 1549, -1
1336, 1493, -1
1368, 1601, -1
1336, 1601, -1
1549, 618, -1
1549, 738, -1
1549, 681, -1
1493, 618, -1
1493, 738, -1
1493, 681, -1
1549, 974, -1
1549, 823, -1
1549, 866, -1
1493, 974, -1
1493, 823, -1
1493, 866, -1
1549, 53, -1
1549, 106, -1
1493, 53, -1
1493, 106, -1
1549, 1882, -1
1493, 1882, -1
1549, 1171, -1
1549, 1092, -1
1493, 1171, -1
1493, 1092, -1
1549, 241, -1
1493, 241, -1
1549, 1368, -1
1549, 1336, -1
1493, 1368, -1
1493, 1336, -1
1549, 1601, -1
1493, 1601, -1
1601, 618, -1
1601, 738, -1
1601, 681, -1
1601, 974, -1
1601, 823, -1
1601, 866, -1
1601, 53, -1
1601, 106, -1
1601, 1882, -1
1601, 1171, -1
1601, 1092, -1
1601, 241, -1
1601, 1368, -1
1601, 1336, -1
1601, 1549, -1
1601, 1493, -1

618, 738, 1
618, 681, 1
738, 618, 1
738, 681, 1
681, 618, 1
681, 738, 1
974, 823, 1
974, 866, 1
974, 802, 1
823, 974, 1
823, 866, 1
823, 802, 1
866, 974, 1
866, 823, 1
866, 802, 1
802, 974, 1
802, 823, 1
802, 866, 1
53, 106, 1
106, 53, 1
1171, 1092, 1
1092, 1171, 1
1368, 1336, 1
1368, 1335, 1
1336, 1368, 1
1336, 1335, 1
1335, 1368, 1
1335, 1336, 1
1549, 1493, 1
1493, 1549, 1
618, 974, -1
618, 823, -1
618, 866, -1
618, 802, -1
738, 974, -1
738, 823, -1
738, 866, -1
738, 802, -1
681, 974, -1
681, 823, -1
681, 866, -1
681, 802, -1
618, 53, -1
618, 106, -1
738, 53, -1
738, 106, -1
681, 53, -1
681, 106, -1
618, 1882, -1
738, 1882, -1
681, 1882, -1
618, 1171, -1
618, 1092, -1
738, 1171, -1
738, 1092, -1
681, 1171, -1
681, 1092, -1
618, 241, -1
738, 241, -1
681, 241, -1
618, 1368, -1
618, 1336, -1
618, 1335, -1
738, 1368, -1
738, 1336, -1
738, 1335, -1
681, 1368, -1
681, 1336, -1
681, 1335, -1
618, 1549, -1
618, 1493, -1
738, 1549, -1
738, 1493, -1
681, 1549, -1
681, 1493, -1
618, 1601, -1
738, 1601, -1
681, 1601, -1
974, 618, -1
974, 738, -1
974, 681, -1
823, 618, -1
823, 738, -1
823, 681, -1
866, 618, -1
866, 738, -1
866, 681, -1
802, 618, -1
802, 738, -1
802, 681, -1
974, 53, -1
974, 106, -1
823, 53, -1
823, 106, -1
866, 53, -1
866, 106, -1
802, 53, -1
802, 106, -1
974, 1882, -1
823, 1882, -1
866, 1882, -1
802, 1882, -1
974, 1171, -1
974, 1092, -1
823, 1171, -1
823, 1092, -1
866, 1171, -1
866, 1092, -1
802, 1171, -1
802, 1092, -1
974, 241, -1
823, 241, -1
866, 241, -1
802, 241, -1
974, 1368, -1
974, 1336, -1
974, 1335, -1
823, 1368, -1
823, 1336, -1
823, 1335, -1
866, 1368, -1
866, 1336, -1
866, 1335, -1
802, 1368, -1
802, 1336, -1
802, 1335, -1
974, 1549, -1
974, 1493, -1
823, 1549, -1
823, 1493, -1
866, 1549, -1
866, 1493, -1
802, 1549, -1
802, 1493, -1
974, 1601, -1
823, 1601, -1
866, 1601, -1
802, 1601, -1
53, 618, -1
53, 738, -1
53, 681, -1
106, 618, -1
106, 738, -1
106, 681, -1
53, 974, -1
53, 823, -1
53, 866, -1
53, 802, -1
106, 974, -1
106, 823, -1
106, 866, -1
106, 802, -1
53, 1882, -1
106, 1882, -1
53, 1171, -1
53, 1092, -1
106, 1171, -1
106, 1092, -1
53, 241, -1
106, 241, -1
53, 1368, -1
53, 1336, -1
53, 1335, -1
106, 1368, -1
106, 1336, -1
106, 1335, -1
53, 1549, -1
53, 1493, -1
106, 1549, -1
106, 1493, -1
53, 1601, -1
106, 1601, -1
1882, 618, -1
1882, 738, -1
1882, 681, -1
1882, 974, -1
1882, 823, -1
1882, 866, -1
1882, 802, -1
1882, 53, -1
1882, 106, -1
1882, 1171, -1
1882, 1092, -1
1882, 241, -1
1882, 1368, -1
1882, 1336, -1
1882, 1335, -1
1882, 1549, -1
1882, 1493, -1
1882, 1601, -1
1171, 618, -1
1171, 738, -1
1171, 681, -1
1092, 618, -1
1092, 738, -1
1092, 681, -1
1171, 974, -1
1171, 823, -1
1171, 866, -1
1171, 802, -1
1092, 974, -1
1092, 823, -1
1092, 866, -1
1092, 802, -1
1171, 53, -1
1171, 106, -1
1092, 53, -1
1092, 106, -1
1171, 1882, -1
1092, 1882, -1
1171, 241, -1
1092, 241, -1
1171, 1368, -1
1171, 1336, -1
1171, 1335, -1
1092, 1368, -1
1092, 1336, -1
1092, 1335, -1
1171, 1549, -1
1171, 1493, -1
1092, 1549, -1
1092, 1493, -1
1171, 1601, -1
1092, 1601, -1
241, 618, -1
241, 738, -1
241, 681, -1
241, 974, -1
241, 823, -1
241, 866, -1
241, 802, -1
241, 53, -1
241, 106, -1
241, 1882, -1
241, 1171, -1
241, 1092, -1
241, 1368, -1
241, 1336, -1
241, 1335, -1
241, 1549, -1
241, 1493, -1
241, 1601, -1
1368, 618, -1
1368, 738, -1
1368, 681, -1
1336, 618, -1
1336, 738, -1
1336, 681, -1
1335, 618, -1
1335, 738, -1
1335, 681, -1
1368, 974, -1
1368, 823, -1
1368, 866, -1
1368, 802, -1
1336, 974, -1
1336, 823, -1
1336, 866, -1
1336, 802, -1
1335, 974, -1
1335, 823, -1
1335, 866, -1
1335, 802, -1
1368, 53, -1
1368, 106, -1
1336, 53, -1
1336, 106, -1
1335, 53, -1
1335, 106, -1
1368, 1882, -1
1336, 1882, -1
1335, 1882, -1
1368, 1171, -1
1368, 1092, -1
1336, 1171, -1
1336, 1092, -1
1335, 1171, -1
1335, 1092, -1
1368, 241, -1
1336, 241, -1
1335, 241, -1
1368, 1549, -1
1368, 1493, -1
1336, 1549, -1
1336, 1493, -1
1335, 1549, -1
1335, 1493, -1
1368, 1601, -1
1336, 1601, -1
1335, 1601, -1
1549, 618, -1
1549, 738, -1
1549, 681, -1
1493, 618, -1
1493, 738, -1
1493, 681, -1
1549, 974, -1
1549, 823, -1
1549, 866, -1
1549, 802, -1
1493, 974, -1
1493, 823, -1
1493, 866, -1
1493, 802, -1
1549, 53, -1
1549, 106, -1
1493, 53, -1
1493, 106, -1
1549, 1882, -1
1493, 1882, -1
1549, 1171, -1
1549, 1092, -1
1493, 1171, -1
1493, 1092, -1
1549, 241, -1
1493, 241, -1
1549, 1368, -1
1549, 1336, -1
1549, 1335, -1
1493, 1368, -1
1493, 1336, -1
1493, 1335, -1
1549, 1601, -1
1493, 1601, -1
1601, 618, -1
1601, 738, -1
1601, 681, -1
1601, 974, -1
1601, 823, -1
1601, 866, -1
1601, 802, -1
1601, 53, -1
1601, 106, -1
1601, 1882, -1
1601, 1171, -1
1601, 1092, -1
1601, 241, -1
1601, 1368, -1
1601, 1336, -1
1601, 1335, -1
1601, 1549, -1
1601, 1493, -1

