343, 974, -1
343, 180, -1
343, 1171, -1
343, 1882, -1
974, 343, -1
974, 180, -1
974, 1171, -1
974, 1882, -1
180, 343, -1
180, 974, -1
180, 1171, -1
180, 1882, -1
1171, 343, -1
1171, 974, -1
1171, 180, -1
1171, 1882, -1
1882, 343, -1
1882, 974, -1
1882, 180, -1
1882, 1171, -1

974, 823, 1
823, 974, 1
343, 974, -1
343, 823, -1
343, 180, -1
343, 1171, -1
343, 1882, -1
343, 1601, -1
974, 343, -1
823, 343, -1
974, 180, -1
823, 180, -1
974, 1171, -1
823, 1171, -1
974, 1882, -1
823, 1882, -1
974, 1601, -1
823, 1601, -1
180, 343, -1
180, 974, -1
180, 823, -1
180, 1171, -1
180, 1882, -1
180, 1601, -1
1171, 343, -1
1171, 974, -1
1171, 823, -1
1171, 180, -1
1171, 1882, -1
1171, 1601, -1
1882, 343, -1
1882, 974, -1
1882, 823, -1
1882, 180, -1
1882, 1171, -1
1882, 1601, -1
1601, 343, -1
1601, 974, -1
1601, 823, -1
1601, 180, -1
1601, 1171, -1
1601, 1882, -1

974, 823, 1
823, 974, 1
1171, 1092, 1
1092, 1171, 1
343, 974, -1
343, 823, -1
343, 180, -1
343, 1171, -1
343, 1092, -1
343, 1882, -1
343, 1601, -1
343, 671, -1
974, 343, -1
823, 343, -1
974, 180, -1
823, 180, -1
974, 1171, -1
974, 1092, -1
823, 1171, -1
823, 1092, -1
974, 1882, -1
823, 1882, -1
974, 1601, -1
823, 1601, -1
974, 671, -1
823, 671, -1
180, 343, -1
180, 974, -1
180, 823, -1
180, 1171, -1
180, 1092, -1
180, 1882, -1
180, 1601, -1
180, 671, -1
1171, 343, -1
1092, 343, -1
1171, 974, -1
1171, 823, -1
1092, 974, -1
1092, 823, -1
1171, 180, -1
1092, 180, -1
1171, 1882, -1
1092, 1882, -1
1171, 1601, -1
1092, 1601, -1
1171, 671, -1
1092, 671, -1
1882, 343, -1
1882, 974, -1
1882, 823, -1
1882, 180, -1
1882, 1171, -1
1882, 1092, -1
1882, 1601, -1
1882, 671, -1
1601, 343, -1
1601, 974, -1
1601, 823, -1
1601, 180, -1
1601, 1171, -1
1601, 1092, -1
1601, 1882, -1
1601, 671, -1
671, 343, -1
671, 974, -1
671, 823, -1
671, 180, -1
671, 1171, -1
671, 1092, -1
671, 1882, -1
671, 1601, -1

974, 823, 1
823, 974, 1
1171, 1092, 1
1092, 1171, 1
343, 974, -1
343, 823, -1
343, 180, -1
343, 1171, -1
343, 1092, -1
343, 1882, -1
343, 1601, -1
343, 671, -1
343, 1368, -1
974, 343, -1
823, 343, -1
974, 180, -1
823, 180, -1
974, 1171, -1
974, 1092, -1
823, 1171, -1
823, 1092, -1
974, 1882, -1
823, 1882, -1
974, 1601, -1
823, 1601, -1
974, 671, -1
823, 671, -1
974, 1368, -1
823, 1368, -1
180, 343, -1
180, 974, -1
180, 823, -1
180, 1171, -1
180, 1092, -1
180, 1882, -1
180, 1601, -1
180, 671, -1
180, 1368, -1
1171, 343, -1
1092, 343, -1
1171, 974, -1
1171, 823, -1
1092, 974, -1
1092, 823, -1
1171, 180, -1
1092, 180, -1
1171, 1882, -1
1092, 1882, -1
1171, 1601, -1
1092, 1601, -1
1171, 671, -1
1092, 671, -1
1171, 1368, -1
1092, 1368, -1
1882, 343, -1
1882, 974, -1
1882, 823, -1
1882, 180, -1
1882, 1171, -1
1882, 1092, -1
1882, 1601, -1
1882, 671, -1
1882, 1368, -1
1601, 343, -1
1601, 974, -1
1601, 823, -1
1601, 180, -1
1601, 1171, -1
1601, 1092, -1
1601, 1882, -1
1601, 671, -1
1601, 1368, -1
671, 343, -1
671, 974, -1
671, 823, -1
671, 180, -1
671, 1171, -1
671, 1092, -1
671, 1882, -1
671, 1601, -1
671, 1368, -1
1368, 343, -1
1368, 974, -1
1368, 823, -1
1368, 180, -1
1368, 1171, -1
1368, 1092, -1
1368, 1882, -1
1368, 1601, -1
1368, 671, -1

974, 823, 1
823, 974, 1
1171, 1092, 1
1092, 1171, 1
1368, 1210, 1
1210, 1368, 1
343, 974, -1
343, 823, -1
343, 180, -1
343, 1171, -1
343, 1092, -1
343, 1882, -1
343, 1601, -1
343, 671, -1
343, 1368, -1
343, 1210, -1
974, 343, -1
823, 343, -1
974, 180, -1
823, 180, -1
974, 1171, -1
974, 1092, -1
823, 1171, -1
823, 1092, -1
974, 1882, -1
823, 1882, -1
974, 1601, -1
823, 1601, -1
974, 671, -1
823, 671, -1
974, 1368, -1
974, 1210, -1
823, 1368, -1
823, 1210, -1
180, 343, -1
180, 974, -1
180, 823, -1
180, 1171, -1
180, 1092, -1
180, 1882, -1
180, 1601, -1
180, 671, -1
180, 1368, -1
180, 1210, -1
1171, 343, -1
1092, 343, -1
1171, 974, -1
1171, 823, -1
1092, 974, -1
1092, 823, -1
1171, 180, -1
1092, 180, -1
1171, 1882, -1
1092, 1882, -1
1171, 1601, -1
1092, 1601, -1
1171, 671, -1
1092, 671, -1
1171, 1368, -1
1171, 1210, -1
1092, 1368, -1
1092, 1210, -1
1882, 343, -1
1882, 974, -1
1882, 823, -1
1882, 180, -1
1882, 1171, -1
1882, 1092, -1
1882, 1601, -1
1882, 671, -1
1882, 1368, -1
1882, 1210, -1
1601, 343, -1
1601, 974, -1
1601, 823, -1
1601, 180, -1
1601, 1171, -1
1601, 1092, -1
1601, 1882, -1
1601, 671, -1
1601, 1368, -1
1601, 1210, -1
671, 343, -1
671, 974, -1
671, 823, -1
671, 180, -1
671, 1171, -1
671, 1092, -1
671, 1882, -1
671, 1601, -1
671, 1368, -1
671, 1210, -1
1368, 343, -1
1210, 343, -1
1368, 974, -1
1368, 823, -1
1210, 974, -1
1210, 823, -1
1368, 180, -1
1210, 180, -1
1368, 1171, -1
1368, 1092, -1
1210, 1171, -1
1210, 1092, -1
1368, 1882, -1
1210, 1882, -1
1368, 1601, -1
1210, 1601, -1
1368, 671, -1
1210, 671, -1

974, 823, 1
823, 974, 1
1171, 1092, 1
1092, 1171, 1
671, 681, 1
681, 671, 1
1368, 1210, 1
1210, 1368, 1
343, 974, -1
343, 823, -1
343, 180, -1
343, 1171, -1
343, 1092, -1
343, 1882, -1
343, 1601, -1
343, 671, -1
343, 681, -1
343, 1368, -1
343, 1210, -1
974, 343, -1
823, 343, -1
974, 180, -1
823, 180, -1
974, 1171, -1
974, 1092, -1
823, 1171, -1
823, 1092, -1
974, 1882, -1
823, 1882, -1
974, 1601, -1
823, 1601, -1
974, 671, -1
974, 681, -1
823, 671, -1
823, 681, -1
974, 1368, -1
974, 1210, -1
823, 1368, -1
823, 1210, -1
180, 343, -1
180, 974, -1
180, 823, -1
180, 1171, -1
180, 1092, -1
180, 1882, -1
180, 1601, -1
180, 671, -1
180, 681, -1
180, 1368, -1
180, 1210, -1
1171, 343, -1
1092, 343, -1
1171, 974, -1
1171, 823, -1
1092, 974, -1
1092, 823, -1
1171, 180, -1
1092, 180, -1
1171, 1882, -1
1092, 1882, -1
1171, 1601, -1
1092, 1601, -1
1171, 671, -1
1171, 681, -1
1092, 671, -1
1092, 681, -1
1171, 1368, -1
1171, 1210, -1
1092, 1368, -1
1092, 1210, -1
1882, 343, -1
1882, 974, -1
1882, 823, -1
1882, 180, -1
1882, 1171, -1
1882, 1092, -1
1882, 1601, -1
1882, 671, -1
1882, 681, -1
1882, 1368, -1
1882, 1210, -1
1601, 343, -1
1601, 974, -1
1601, 823, -1
1601, 180, -1
1601, 1171, -1
1601, 1092, -1
1601, 1882, -1
1601, 671, -1
1601, 681, -1
1601, 1368, -1
1601, 1210, -1
671, 343, -1
681, 343, -1
671, 974, -1
671, 823, -1
681, 974, -1
681, 823, -1
671, 180, -1
681, 180, -1
671, 1171, -1
671, 1092, -1
681, 1171, -1
681, 1092, -1
671, 1882, -1
681, 1882, -1
671, 1601, -1
681, 1601, -1
671, 1368, -1
671, 1210, -1
681, 1368, -1
681, 1210, -1
1368, 343, -1
1210, 343, -1
1368, 974, -1
1368, 823, -1
1210, 974, -1
1210, 823, -1
1368, 180, -1
1210, 180, -1
1368, 1171, -1
1368, 1092, -1
1210, 1171, -1
1210, 1092, -1
1368, 1882, -1
1210, 1882, -1
1368, 1601, -1
1210, 1601, -1
1368, 671, -1
1368, 681, -1
1210, 671, -1
1210, 681, -1

974, 823, 1
823, 974, 1
1171, 1092, 1
1092, 1171, 1
671, 681, 1
671, 701, 1
681, 671, 1
681, 701, 1
701, 671, 1
701, 681, 1
1368, 1210, 1
1210, 1368, 1
343, 974, -1
343, 823, -1
343, 180, -1
343, 1171, -1
343, 1092, -1
343, 1882, -1
343, 1601, -1
343, 671, -1
343, 681, -1
343, 701, -1
343, 1368, -1
343, 1210, -1
974, 343, -1
823, 343, -1
974, 180, -1
823, 180, -1
974, 1171, -1
974, 1092, -1
823, 1171, -1
823, 1092, -1
974, 1882, -1
823, 1882, -1
974, 1601, -1
823, 1601, -1
974, 671, -1
974, 681, -1
974, 701, -1
823, 671, -1
823, 681, -1
823, 701, -1
974, 1368, -1
974, 1210, -1
823, 1368, -1
823, 1210, -1
180, 343, -1
180, 974, -1
180, 823, -1
180, 1171, -1
180, 1092, -1
180, 1882, -1
180, 1601, -1
180, 671, -1
180, 681, -1
180, 701, -1
180, 1368, -1
180, 1210, -1
1171, 343, -1
1092, 343, -1
1171, 974, -1
1171, 823, -1
1092, 974, -1
1092, 823, -1
1171, 180, -1
1092, 180, -1
1171, 1882, -1
1092, 1882, -1
1171, 1601, -1
1092, 1601, -1
1171, 671, -1
1171, 681, -1
1171, 701, -1
1092, 671, -1
1092, 681, -1
1092, 701, -1
1171, 1368, -1
1171, 1210, -1
1092, 1368, -1
1092, 1210, -1
1882, 343, -1
1882, 974, -1
1882, 823, -1
1882, 180, -1
1882, 1171, -1
1882, 1092, -1
1882, 1601, -1
1882, 671, -1
1882, 681, -1
1882, 701, -1
1882, 1368, -1
1882, 1210, -1
1601, 343, -1
1601, 974, -1
1601, 823, -1
1601, 180, -1
1601, 1171, -1
1601, 1092, -1
1601, 1882, -1
1601, 671, -1
1601, 681, -1
1601, 701, -1
1601, 1368, -1
1601, 1210, -1
671, 343, -1
681, 343, -1
701, 343, -1
671, 974, -1
671, 823, -1
681, 974, -1
681, 823, -1
701, 974, -1
701, 823, -1
671, 180, -1
681, 180, -1
701, 180, -1
671, 1171, -1
671, 1092, -1
681, 1171, -1
681, 1092, -1
701, 1171, -1
701, 1092, -1
671, 1882, -1
681, 1882, -1
701, 1882, -1
671, 1601, -1
681, 1601, -1
701, 1601, -1
671, 1368, -1
671, 1210, -1
681, 1368, -1
681, 1210, -1
701, 1368, -1
701, 1210, -1
1368, 343, -1
1210, 343, -1
1368, 974, -1
1368, 823, -1
1210, 974, -1
1210, 823, -1
1368, 180, -1
1210, 180, -1
1368, 1171, -1
1368, 1092, -1
1210, 1171, -1
1210, 1092, -1
1368, 1882, -1
1210, 1882, -1
1368, 1601, -1
1210, 1601, -1
1368, 671, -1
1368, 681, -1
1368, 701, -1
1210, 671, -1
1210, 681, -1
1210, 701, -1

974, 823, 1
974, 866, 1
823, 974, 1
823, 866, 1
866, 974, 1
866, 823, 1
1171, 1092, 1
1171, 1191, 1
1092, 1171, 1
1092, 1191, 1
1191, 1171, 1
1191, 1092, 1
671, 681, 1
671, 701, 1
681, 671, 1
681, 701, 1
701, 671, 1
701, 681, 1
1368, 1210, 1
1210, 1368, 1
343, 974, -1
343, 823, -1
343, 866, -1
343, 180, -1
343, 1171, -1
343, 1092, -1
343, 1191, -1
343, 1882, -1
343, 1601, -1
343, 671, -1
343, 681, -1
343, 701, -1
343, 1368, -1
343, 1210, -1
974, 343, -1
823, 343, -1
866, 343, -1
974, 180, -1
823, 180, -1
866, 180, -1
974, 1171, -1
974, 1092, -1
974, 1191, -1
823, 1171, -1
823, 1092, -1
823, 1191, -1
866, 1171, -1
866, 1092, -1
866, 1191, -1
974, 1882, -1
823, 1882, -1
866, 1882, -1
974, 1601, -1
823, 1601, -1
866, 1601, -1
974, 671, -1
974, 681, -1
974, 701, -1
823, 671, -1
823, 681, -1
823, 701, -1
866, 671, -1
866, 681, -1
866, 701, -1
974, 1368, -1
974, 1210, -1
823, 1368, -1
823, 1210, -1
866, 1368, -1
866, 1210, -1
180, 343, -1
180, 974, -1
180, 823, -1
180, 866, -1
180, 1171, -1
180, 1092, -1
180, 1191, -1
180, 1882, -1
180, 1601, -1
180, 671, -1
180, 681, -1
180, 701, -1
180, 1368, -1
180, 1210, -1
1171, 343, -1
1092, 343, -1
1191, 343, -1
1171, 974, -1
1171, 823, -1
1171, 866, -1
1092, 974, -1
1092, 823, -1
1092, 866, -1
1191, 974, -1
1191, 823, -1
1191, 866, -1
1171, 180, -1
1092, 180, -1
1191, 180, -1
1171, 1882, -1
1092, 1882, -1
1191, 1882, -1
1171, 1601, -1
1092, 1601, -1
1191, 1601, -1
1171, 671, -1
1171, 681, -1
1171, 701, -1
1092, 671, -1
1092, 681, -1
1092, 701, -1
1191, 671, -1
1191, 681, -1
1191, 701, -1
1171, 1368, -1
1171, 1210, -1
1092, 1368, -1
1092, 1210, -1
1191, 1368, -1
1191, 1210, -1
1882, 343, -1
1882, 974, -1
1882, 823, -1
1882, 866, -1
1882, 180, -1
1882, 1171, -1
1882, 1092, -1
1882, 1191, -1
1882, 1601, -1
1882, 671, -1
1882, 681, -1
1882, 701, -1
1882, 1368, -1
1882, 1210, -1
1601, 343, -1
1601, 974, -1
1601, 823, -1
1601, 866, -1
1601, 180, -1
1601, 1171, -1
1601, 1092, -1
1601, 1191, -1
1601, 1882, -1
1601, 671, -1
1601, 681, -1
1601, 701, -1
1601, 1368, -1
1601, 1210, -1
671, 343, -1
681, 343, -1
701, 343, -1
671, 974, -1
671, 823, -1
671, 866, -1
681, 974, -1
681, 823, -1
681, 866, -1
701, 974, -1
701, 823, -1
701, 866, -1
671, 180, -1
681, 180, -1
701, 180, -1
671, 1171, -1
671, 1092, -1
671, 1191, -1
681, 1171, -1
681, 1092, -1
681, 1191, -1
701, 1171, -1
701, 1092, -1
701, 1191, -1
671, 1882, -1
681, 1882, -1
701, 1882, -1
671, 1601, -1
681, 1601, -1
701, 1601, -1
671, 1368, -1
671, 1210, -1
681, 1368, -1
681, 1210, -1
701, 1368, -1
701, 1210, -1
1368, 343, -1
1210, 343, -1
1368, 974, -1
1368, 823, -1
1368, 866, -1
1210, 974, -1
1210, 823, -1
1210, 866, -1
1368, 180, -1
1210, 180, -1
1368, 1171, -1
1368, 1092, -1
1368, 1191, -1
1210, 1171, -1
1210, 1092, -1
1210, 1191, -1
1368, 1882, -1
1210, 1882, -1
1368, 1601, -1
1210, 1601, -1
1368, 671, -1
1368, 681, -1
1368, 701, -1
1210, 671, -1
1210, 681, -1
1210, 701, -1

974, 823, 1
974, 866, 1
823, 974, 1
823, 866, 1
866, 974, 1
866, 823, 1
1171, 1092, 1
1171, 1191, 1
1092, 1171, 1
1092, 1191, 1
1191, 1171, 1
1191, 1092, 1
1601, 1630, 1
1630, 1601, 1
671, 681, 1
671, 701, 1
681, 671, 1
681, 701, 1
701, 671, 1
701, 681, 1
1368, 1210, 1
1210, 1368, 1
343, 974, -1
343, 823, -1
343, 866, -1
343, 180, -1
343, 1171, -1
343, 1092, -1
343, 1191, -1
343, 1882, -1
343, 1601, -1
343, 1630, -1
343, 671, -1
343, 681, -1
343, 701, -1
343, 1368, -1
343, 1210, -1
974, 343, -1
823, 343, -1
866, 343, -1
974, 180, -1
823, 180, -1
866, 180, -1
974, 1171, -1
974, 1092, -1
974, 1191, -1
823, 1171, -1
823, 1092, -1
823, 1191, -1
866, 1171, -1
866, 1092, -1
866, 1191, -1
974, 1882, -1
823, 1882, -1
866, 1882, -1
974, 1601, -1
974, 1630, -1
823, 1601, -1
823, 1630, -1
866, 1601, -1
866, 1630, -1
974, 671, -1
974, 681, -1
974, 701, -1
823, 671, -1
823, 681, -1
823, 701, -1
866, 671, -1
866, 681, -1
866, 701, -1
974, 1368, -1
974, 1210, -1
823, 1368, -1
823, 1210, -1
866, 1368, -1
866, 1210, -1
180, 343, -1
180, 974, -1
180, 823, -1
180, 866, -1
180, 1171, -1
180, 1092, -1
180, 1191, -1
180, 1882, -1
180, 1601, -1
180, 1630, -1
180, 671, -1
180, 681, -1
180, 701, -1
180, 1368, -1
180, 1210, -1
1171, 343, -1
1092, 343, -1
1191, 343, -1
1171, 974, -1
1171, 823, -1
1171, 866, -1
1092, 974, -1
1092, 823, -1
1092, 866, -1
1191, 974, -1
1191, 823, -1
1191, 866, -1
1171, 180, -1
1092, 180, -1
1191, 180, -1
1171, 1882, -1
1092, 1882, -1
1191, 1882, -1
1171, 1601, -1
1171, 1630, -1
1092, 1601, -1
1092, 1630, -1
1191, 1601, -1
1191, 1630, -1
1171, 671, -1
1171, 681, -1
1171, 701, -1
1092, 671, -1
1092, 681, -1
1092, 701, -1
1191, 671, -1
1191, 681, -1
1191, 701, -1
1171, 1368, -1
1171, 1210, -1
1092, 1368, -1
1092, 1210, -1
1191, 1368, -1
1191, 1210, -1
1882, 343, -1
1882, 974, -1
1882, 823, -1
1882, 866, -1
1882, 180, -1
1882, 1171, -1
1882, 1092, -1
1882, 1191, -1
1882, 1601, -1
1882, 1630, -1
1882, 671, -1
1882, 681, -1
1882, 701, -1
1882, 1368, -1
1882, 1210, -1
1601, 343, -1
1630, 343, -1
1601, 974, -1
1601, 823, -1
1601, 866, -1
1630, 974, -1
1630, 823, -1
1630, 866, -1
1601, 180, -1
1630, 180, -1
1601, 1171, -1
1601, 1092, -1
1601, 1191, -1
1630, 1171, -1
1630, 1092, -1
1630, 1191, -1
1601, 1882, -1
1630, 1882, -1
1601, 671, -1
1601, 681, -1
1601, 701, -1
1630, 671, -1
1630, 681, -1
1630, 701, -1
1601, 1368, -1
1601, 1210, -1
1630, 1368, -1
1630, 1210, -1
671, 343, -1
681, 343, -1
701, 343, -1
671, 974, -1
671, 823, -1
671, 866, -1
681, 974, -1
681, 823, -1
681, 866, -1
701, 974, -1
701, 823, -1
701, 866, -1
671, 180, -1
681, 180, -1
701, 180, -1
671, 1171, -1
671, 1092, -1
671, 1191, -1
681, 1171, -1
681, 1092, -1
681, 1191, -1
701, 1171, -1
701, 1092, -1
701, 1191, -1
671, 1882, -1
681, 1882, -1
701, 1882, -1
671, 1601, -1
671, 1630, -1
681, 1601, -1
681, 1630, -1
701, 1601, -1
701, 1630, -1
671, 1368, -1
671, 1210, -1
681, 1368, -1
681, 1210, -1
701, 1368, -1
701, 1210, -1
1368, 343, -1
1210, 343, -1
1368, 974, -1
1368, 823, -1
1368, 866, -1
1210, 974, -1
1210, 823, -1
1210, 866, -1
1368, 180, -1
1210, 180, -1
1368, 1171, -1
1368, 1092, -1
1368, 1191, -1
1210, 1171, -1
1210, 1092, -1
1210, 1191, -1
1368, 1882, -1
1210, 1882, -1
1368, 1601, -1
1368, 1630, -1
1210, 1601, -1
1210, 1630, -1
1368, 671, -1
1368, 681, -1
1368, 701, -1
1210, 671, -1
1210, 681, -1
1210, 701, -1

974, 823, 1
974, 866, 1
823, 974, 1
823, 866, 1
866, 974, 1
866, 823, 1
1171, 1092, 1
1171, 1191, 1
1092, 1171, 1
1092, 1191, 1
1191, 1171, 1
1191, 1092, 1
1601, 1630, 1
1630, 1601, 1
671, 681, 1
671, 701, 1
681, 671, 1
681, 701, 1
701, 671, 1
701, 681, 1
1368, 1210, 1
1210, 1368, 1
343, 974, -1
343, 823, -1
343, 866, -1
343, 180, -1
343, 1171, -1
343, 1092, -1
343, 1191, -1
343, 1882, -1
343, 1601, -1
343, 1630, -1
343, 671, -1
343, 681, -1
343, 701, -1
343, 1368, -1
343, 1210, -1
343, 433, -1
974, 343, -1
823, 343, -1
866, 343, -1
974, 180, -1
823, 180, -1
866, 180, -1
974, 1171, -1
974, 1092, -1
974, 1191, -1
823, 1171, -1
823, 1092, -1
823, 1191, -1
866, 1171, -1
866, 1092, -1
866, 1191, -1
974, 1882, -1
823, 1882, -1
866, 1882, -1
974, 1601, -1
974, 1630, -1
823, 1601, -1
823, 1630, -1
866, 1601, -1
866, 1630, -1
974, 671, -1
974, 681, -1
974, 701, -1
823, 671, -1
823, 681, -1
823, 701, -1
866, 671, -1
866, 681, -1
866, 701, -1
974, 1368, -1
974, 1210, -1
823, 1368, -1
823, 1210, -1
866, 1368, -1
866, 1210, -1
974, 433, -1
823, 433, -1
866, 433, -1
180, 343, -1
180, 974, -1
180, 823, -1
180, 866, -1
180, 1171, -1
180, 1092, -1
180, 1191, -1
180, 1882, -1
180, 1601, -1
180, 1630, -1
180, 671, -1
180, 681, -1
180, 701, -1
180, 1368, -1
180, 1210, -1
180, 433, -1
1171, 343, -1
1092, 343, -1
1191, 343, -1
1171, 974, -1
1171, 823, -1
1171, 866, -1
1092, 974, -1
1092, 823, -1
1092, 866, -1
1191, 974, -1
1191, 823, -1
1191, 866, -1
1171, 180, -1
1092, 180, -1
1191, 180, -1
1171, 1882, -1
1092, 1882, -1
1191, 1882, -1
1171, 1601, -1
1171, 1630, -1
1092, 1601, -1
1092, 1630, -1
1191, 1601, -1
1191, 1630, -1
1171, 671, -1
1171, 681, -1
1171, 701, -1
1092, 671, -1
1092, 681, -1
1092, 701, -1
1191, 671, -1
1191, 681, -1
1191, 701, -1
1171, 1368, -1
1171, 1210, -1
1092, 1368, -1
1092, 1210, -1
1191, 1368, -1
1191, 1210, -1
1171, 433, -1
1092, 433, -1
1191, 433, -1
1882, 343, -1
1882, 974, -1
1882, 823, -1
1882, 866, -1
1882, 180, -1
1882, 1171, -1
1882, 1092, -1
1882, 1191, -1
1882, 1601, -1
1882, 1630, -1
1882, 671, -1
1882, 681, -1
1882, 701, -1
1882, 1368, -1
1882, 1210, -1
1882, 433, -1
1601, 343, -1
1630, 343, -1
1601, 974, -1
1601, 823, -1
1601, 866, -1
1630, 974, -1
1630, 823, -1
1630, 866, -1
1601, 180, -1
1630, 180, -1
1601, 1171, -1
1601, 1092, -1
1601, 1191, -1
1630, 1171, -1
1630, 1092, -1
1630, 1191, -1
1601, 1882, -1
1630, 1882, -1
1601, 671, -1
1601, 681, -1
1601, 701, -1
1630, 671, -1
1630, 681, -1
1630, 701, -1
1601, 1368, -1
1601, 1210, -1
1630, 1368, -1
1630, 1210, -1
1601, 433, -1
1630, 433, -1
671, 343, -1
681, 343, -1
701, 343, -1
671, 974, -1
671, 823, -1
671, 866, -1
681, 974, -1
681, 823, -1
681, 866, -1
701, 974, -1
701, 823, -1
701, 866, -1
671, 180, -1
681, 180, -1
701, 180, -1
671, 1171, -1
671, 1092, -1
671, 1191, -1
681, 1171, -1
681, 1092, -1
681, 1191, -1
701, 1171, -1
701, 1092, -1
701, 1191, -1
671, 1882, -1
681, 1882, -1
701, 1882, -1
671, 1601, -1
671, 1630, -1
681, 1601, -1
681, 1630, -1
701, 1601, -1
701, 1630, -1
671, 1368, -1
671, 1210, -1
681, 1368, -1
681, 1210, -1
701, 1368, -1
701, 1210, -1
671, 433, -1
681, 433, -1
701, 433, -1
1368, 343, -1
1210, 343, -1
1368, 974, -1
1368, 823, -1
1368, 866, -1
1210, 974, -1
1210, 823, -1
1210, 866, -1
1368, 180, -1
1210, 180, -1
1368, 1171, -1
1368, 1092, -1
1368, 1191, -1
1210, 1171, -1
1210, 1092, -1
1210, 1191, -1
1368, 1882, -1
1210, 1882, -1
1368, 1601, -1
1368, 1630, -1
1210, 1601, -1
1210, 1630, -1
1368, 671, -1
1368, 681, -1
1368, 701, -1
1210, 671, -1
1210, 681, -1
1210, 701, -1
1368, 433, -1
1210, 433, -1
433, 343, -1
433, 974, -1
433, 823, -1
433, 866, -1
433, 180, -1
433, 1171, -1
433, 1092, -1
433, 1191, -1
433, 1882, -1
433, 1601, -1
433, 1630, -1
433, 671, -1
433, 681, -1
433, 701, -1
433, 1368, -1
433, 1210, -1

