276, 974, -1
276, 1171, -1
276, 123, -1
276, 1601, -1
974, 276, -1
974, 1171, -1
974, 123, -1
974, 1601, -1
1171, 276, -1
1171, 974, -1
1171, 123, -1
1171, 1601, -1
123, 276, -1
123, 974, -1
123, 1171, -1
123, 1601, -1
1601, 276, -1
1601, 974, -1
1601, 1171, -1
1601, 123, -1

276, 204, 1
204, 276, 1
974, 823, 1
823, 974, 1
276, 974, -1
276, 823, -1
204, 974, -1
204, 823, -1
276, 1171, -1
204, 1171, -1
276, 123, -1
204, 123, -1
276, 1601, -1
204, 1601, -1
276, 1363, -1
204, 1363, -1
974, 276, -1
974, 204, -1
823, 276, -1
823, 204, -1
974, 1171, -1
823, 1171, -1
974, 123, -1
823, 123, -1
974, 1601, -1
823, 1601, -1
974, 1363, -1
823, 1363, -1
1171, 276, -1
1171, 204, -1
1171, 974, -1
1171, 823, -1
1171, 123, -1
1171, 1601, -1
1171, 1363, -1
123, 276, -1
123, 204, -1
123, 974, -1
123, 823, -1
123, 1171, -1
123, 1601, -1
123, 1363, -1
1601, 276, -1
1601, 204, -1
1601, 974, -1
1601, 823, -1
1601, 1171, -1
1601, 123, -1
1601, 1363, -1
1363, 276, -1
1363, 204, -1
1363, 974, -1
1363, 823, -1
1363, 1171, -1
1363, 123, -1
1363, 1601, -1

276, 204, 1
204, 276, 1
974, 823, 1
823, 974, 1
276, 974, -1
276, 823, -1
204, 974, -1
204, 823, -1
276, 1171, -1
204, 1171, -1
276, 123, -1
204, 123, -1
276, 1601, -1
204, 1601, -1
276, 1363, -1
204, 1363, -1
276, 1943, -1
204, 1943, -1
974, 276, -1
974, 204, -1
823, 276, -1
823, 204, -1
974, 1171, -1
823, 1171, -1
974, 123, -1
823, 123, -1
974, 1601, -1
823, 1601, -1
974, 1363, -1
823, 1363, -1
974, 1943, -1
823, 1943, -1
1171, 276, -1
1171, 204, -1
1171, 974, -1
1171, 823, -1
1171, 123, -1
1171, 1601, -1
1171, 1363, -1
1171, 1943, -1
123, 276, -1
123, 204, -1
123, 974, -1
123, 823, -1
123, 1171, -1
123, 1601, -1
123, 1363, -1
123, 1943, -1
1601, 276, -1
1601, 204, -1
1601, 974, -1
1601, 823, -1
1601, 1171, -1
1601, 123, -1
1601, 1363, -1
1601, 1943, -1
1363, 276, -1
1363, 204, -1
1363, 974, -1
1363, 823, -1
1363, 1171, -1
1363, 123, -1
1363, 1601, -1
1363, 1943, -1
1943, 276, -1
1943, 204, -1
1943, 974, -1
1943, 823, -1
1943, 1171, -1
1943, 123, -1
1943, 1601, -1
1943, 1363, -1

276, 204, 1
204, 276, 1
974, 823, 1
823, 974, 1
1171, 1033, 1
1033, 1171, 1
276, 974, -1
276, 823, -1
204, 974, -1
204, 823, -1
276, 1171, -1
276, 1033, -1
204, 1171, -1
204, 1033, -1
276, 123, -1
204, 123, -1
276, 1601, -1
204, 1601, -1
276, 1363, -1
204, 1363, -1
276, 1943, -1
204, 1943, -1
276, 671, -1
204, 671, -1
974, 276, -1
974, 204, -1
823, 276, -1
823, 204, -1
974, 1171, -1
974, 1033, -1
823, 1171, -1
823, 1033, -1
974, 123, -1
823, 123, -1
974, 1601, -1
823, 1601, -1
974, 1363, -1
823, 1363, -1
974, 1943, -1
823, 1943, -1
974, 671, -1
823, 671, -1
1171, 276, -1
1171, 204, -1
1033, 276, -1
1033, 204, -1
1171, 974, -1
1171, 823, -1
1033, 974, -1
1033, 823, -1
1171, 123, -1
1033, 123, -1
1171, 1601, -1
1033, 1601, -1
1171, 1363, -1
1033, 1363, -1
1171, 1943, -1
1033, 1943, -1
1171, 671, -1
1033, 671, -1
123, 276, -1
123, 204, -1
123, 974, -1
123, 823, -1
123, 1171, -1
123, 1033, -1
123, 1601, -1
123, 1363, -1
123, 1943, -1
123, 671, -1
1601, 276, -1
1601, 204, -1
1601, 974, -1
1601, 823, -1
1601, 1171, -1
1601, 1033, -1
1601, 123, -1
1601, 1363, -1
1601, 1943, -1
1601, 671, -1
1363, 276, -1
1363, 204, -1
1363, 974, -1
1363, 823, -1
1363, 1171, -1
1363, 1033, -1
1363, 123, -1
1363, 1601, -1
1363, 1943, -1
1363, 671, -1
1943, 276, -1
1943, 204, -1
1943, 974, -1
1943, 823, -1
1943, 1171, -1
1943, 1033, -1
1943, 123, -1
1943, 1601, -1
1943, 1363, -1
1943, 671, -1
671, 276, -1
671, 204, -1
671, 974, -1
671, 823, -1
671, 1171, -1
671, 1033, -1
671, 123, -1
671, 1601, -1
671, 1363, -1
671, 1943, -1

276, 204, 1
204, 276, 1
974, 823, 1
974, 980, 1
823, 974, 1
823, 980, 1
980, 974, 1
980, 823, 1
1171, 1033, 1
1033, 1171, 1
671, 681, 1
681, 671, 1
276, 974, -1
276, 823, -1
276, 980, -1
204, 974, -1
204, 823, -1
204, 980, -1
276, 1171, -1
276, 1033, -1
204, 1171, -1
204, 1033, -1
276, 123, -1
204, 123, -1
276, 1601, -1
204, 1601, -1
276, 1363, -1
204, 1363, -1
276, 1943, -1
204, 1943, -1
276, 671, -1
276, 681, -1
204, 671, -1
204, 681, -1
974, 276, -1
974, 204, -1
823, 276, -1
823, 204, -1
980, 276, -1
980, 204, -1
974, 1171, -1
974, 1033, -1
823, 1171, -1
823, 1033, -1
980, 1171, -1
980, 1033, -1
974, 123, -1
823, 123, -1
980, 123, -1
974, 1601, -1
823, 1601, -1
980, 1601, -1
974, 1363, -1
823, 1363, -1
980, 1363, -1
974, 1943, -1
823, 1943, -1
980, 1943, -1
974, 671, -1
974, 681, -1
823, 671, -1
823, 681, -1
980, 671, -1
980, 681, -1
1171, 276, -1
1171, 204, -1
1033, 276, -1
1033, 204, -1
1171, 974, -1
1171, 823, -1
1171, 980, -1
1033, 974, -1
1033, 823, -1
1033, 980, -1
1171, 123, -1
1033, 123, -1
1171, 1601, -1
1033, 1601, -1
1171, 1363, -1
1033, 1363, -1
1171, 1943, -1
1033, 1943, -1
1171, 671, -1
1171, 681, -1
1033, 671, -1
1033, 681, -1
123, 276, -1
123, 204, -1
123, 974, -1
123, 823, -1
123, 980, -1
123, 1171, -1
123, 1033, -1
123, 1601, -1
123, 1363, -1
123, 1943, -1
123, 671, -1
123, 681, -1
1601, 276, -1
1601, 204, -1
1601, 974, -1
1601, 823, -1
1601, 980, -1
1601, 1171, -1
1601, 1033, -1
1601, 123, -1
1601, 1363, -1
1601, 1943, -1
1601, 671, -1
1601, 681, -1
1363, 276, -1
1363, 204, -1
1363, 974, -1
1363, 823, -1
1363, 980, -1
1363, 1171, -1
1363, 1033, -1
1363, 123, -1
1363, 1601, -1
1363, 1943, -1
1363, 671, -1
1363, 681, -1
1943, 276, -1
1943, 204, -1
1943, 974, -1
1943, 823, -1
1943, 980, -1
1943, 1171, -1
1943, 1033, -1
1943, 123, -1
1943, 1601, -1
1943, 1363, -1
1943, 671, -1
1943, 681, -1
671, 276, -1
671, 204, -1
681, 276, -1
681, 204, -1
671, 974, -1
671, 823, -1
671, 980, -1
681, 974, -1
681, 823, -1
681, 980, -1
671, 1171, -1
671, 1033, -1
681, 1171, -1
681, 1033, -1
671, 123, -1
681, 123, -1
671, 1601, -1
681, 1601, -1
671, 1363, -1
681, 1363, -1
671, 1943, -1
681, 1943, -1

276, 204, 1
204, 276, 1
974, 823, 1
974, 980, 1
823, 974, 1
823, 980, 1
980, 974, 1
980, 823, 1
1171, 1033, 1
1171, 1103, 1
1033, 1171, 1
1033, 1103, 1
1103, 1171, 1
1103, 1033, 1
1601, 1630, 1
1630, 1601, 1
671, 681, 1
681, 671, 1
276, 974, -1
276, 823, -1
276, 980, -1
204, 974, -1
204, 823, -1
204, 980, -1
276, 1171, -1
276, 1033, -1
276, 1103, -1
204, 1171, -1
204, 1033, -1
204, 1103, -1
276, 123, -1
204, 123, -1
276, 1601, -1
276, 1630, -1
204, 1601, -1
204, 1630, -1
276, 1363, -1
204, 1363, -1
276, 1943, -1
204, 1943, -1
276, 671, -1
276, 681, -1
204, 671, -1
204, 681, -1
974, 276, -1
974, 204, -1
823, 276, -1
823, 204, -1
980, 276, -1
980, 204, -1
974, 1171, -1
974, 1033, -1
974, 1103, -1
823, 1171, -1
823, 1033, -1
823, 1103, -1
980, 1171, -1
980, 1033, -1
980, 1103, -1
974, 123, -1
823, 123, -1
980, 123, -1
974, 1601, -1
974, 1630, -1
823, 1601, -1
823, 1630, -1
980, 1601, -1
980, 1630, -1
974, 1363, -1
823, 1363, -1
980, 1363, -1
974, 1943, -1
823, 1943, -1
980, 1943, -1
974, 671, -1
974, 681, -1
823, 671, -1
823, 681, -1
980, 671, -1
980, 681, -1
1171, 276, -1
1171, 204, -1
1033, 276, -1
1033, 204, -1
1103, 276, -1
1103, 204, -1
1171, 974, -1
1171, 823, -1
1171, 980, -1
1033, 974, -1
1033, 823, -1
1033, 980, -1
1103, 974, -1
1103, 823, -1
1103, 980, -1
1171, 123, -1
1033, 123, -1
1103, 123, -1
1171, 1601, -1
1171, 1630, -1
1033, 1601, -1
1033, 1630, -1
1103, 1601, -1
1103, 1630, -1
1171, 1363, -1
1033, 1363, -1
1103, 1363, -1
1171, 1943, -1
1033, 1943, -1
1103, 1943, -1
1171, 671, -1
1171, 681, -1
1033, 671, -1
1033, 681, -1
1103, 671, -1
1103, 681, -1
123, 276, -1
123, 204, -1
123, 974, -1
123, 823, -1
123, 980, -1
123, 1171, -1
123, 1033, -1
123, 1103, -1
123, 1601, -1
123, 1630, -1
123, 1363, -1
123, 1943, -1
123, 671, -1
123, 681, -1
1601, 276, -1
1601, 204, -1
1630, 276, -1
1630, 204, -1
1601, 974, -1
1601, 823, -1
1601, 980, -1
1630, 974, -1
1630, 823, -1
1630, 980, -1
1601, 1171, -1
1601, 1033, -1
1601, 1103, -1
1630, 1171, -1
1630, 1033, -1
1630, 1103, -1
1601, 123, -1
1630, 123, -1
1601, 1363, -1
1630, 1363, -1
1601, 1943, -1
1630, 1943, -1
1601, 671, -1
1601, 681, -1
1630, 671, -1
1630, 681, -1
1363, 276, -1
1363, 204, -1
1363, 974, -1
1363, 823, -1
1363, 980, -1
1363, 1171, -1
1363, 1033, -1
1363, 1103, -1
1363, 123, -1
1363, 1601, -1
1363, 1630, -1
1363, 1943, -1
1363, 671, -1
1363, 681, -1
1943, 276, -1
1943, 204, -1
1943, 974, -1
1943, 823, -1
1943, 980, -1
1943, 1171, -1
1943, 1033, -1
1943, 1103, -1
1943, 123, -1
1943, 1601, -1
1943, 1630, -1
1943, 1363, -1
1943, 671, -1
1943, 681, -1
671, 276, -1
671, 204, -1
681, 276, -1
681, 204, -1
671, 974, -1
671, 823, -1
671, 980, -1
681, 974, -1
681, 823, -1
681, 980, -1
671, 1171, -1
671, 1033, -1
671, 1103, -1
681, 1171, -1
681, 1033, -1
681, 1103, -1
671, 123, -1
681, 123, -1
671, 1601, -1
671, 1630, -1
681, 1601, -1
681, 1630, -1
671, 1363, -1
681, 1363, -1
671, 1943, -1
681, 1943, -1

276, 204, 1
204, 276, 1
974, 823, 1
974, 980, 1
823, 974, 1
823, 980, 1
980, 974, 1
980, 823, 1
1171, 1033, 1
1171, 1103, 1
1033, 1171, 1
1033, 1103, 1
1103, 1171, 1
1103, 1033, 1
1601, 1630, 1
1630, 1601, 1
671, 681, 1
681, 671, 1
276, 974, -1
276, 823, -1
276, 980, -1
204, 974, -1
204, 823, -1
204, 980, -1
276, 1171, -1
276, 1033, -1
276, 1103, -1
204, 1171, -1
204, 1033, -1
204, 1103, -1
276, 123, -1
204, 123, -1
276, 1601, -1
276, 1630, -1
204, 1601, -1
204, 1630, -1
276, 1363, -1
204, 1363, -1
276, 1943, -1
204, 1943, -1
276, 671, -1
276, 681, -1
204, 671, -1
204, 681, -1
276, 542, -1
204, 542, -1
974, 276, -1
974, 204, -1
823, 276, -1
823, 204, -1
980, 276, -1
980, 204, -1
974, 1171, -1
974, 1033, -1
974, 1103, -1
823, 1171, -1
823, 1033, -1
823, 1103, -1
980, 1171, -1
980, 1033, -1
980, 1103, -1
974, 123, -1
823, 123, -1
980, 123, -1
974, 1601, -1
974, 1630, -1
823, 1601, -1
823, 1630, -1
980, 1601, -1
980, 1630, -1
974, 1363, -1
823, 1363, -1
980, 1363, -1
974, 1943, -1
823, 1943, -1
980, 1943, -1
974, 671, -1
974, 681, -1
823, 671, -1
823, 681, -1
980, 671, -1
980, 681, -1
974, 542, -1
823, 542, -1
980, 542, -1
1171, 276, -1
1171, 204, -1
1033, 276, -1
1033, 204, -1
1103, 276, -1
1103, 204, -1
1171, 974, -1
1171, 823, -1
1171, 980, -1
1033, 974, -1
1033, 823, -1
1033, 980, -1
1103, 974, -1
1103, 823, -1
1103, 980, -1
1171, 123, -1
1033, 123, -1
1103, 123, -1
1171, 1601, -1
1171, 1630, -1
1033, 1601, -1
1033, 1630, -1
1103, 1601, -1
1103, 1630, -1
1171, 1363, -1
1033, 1363, -1
1103, 1363, -1
1171, 1943, -1
1033, 1943, -1
1103, 1943, -1
1171, 671, -1
1171, 681, -1
1033, 671, -1
1033, 681, -1
1103, 671, -1
1103, 681, -1
1171, 542, -1
1033, 542, -1
1103, 542, -1
123, 276, -1
123, 204, -1
123, 974, -1
123, 823, -1
123, 980, -1
123, 1171, -1
123, 1033, -1
123, 1103, -1
123, 1601, -1
123, 1630, -1
123, 1363, -1
123, 1943, -1
123, 671, -1
123, 681, -1
123, 542, -1
1601, 276, -1
1601, 204, -1
1630, 276, -1
1630, 204, -1
1601, 974, -1
1601, 823, -1
1601, 980, -1
1630, 974, -1
1630, 823, -1
1630, 980, -1
1601, 1171, -1
1601, 1033, -1
1601, 1103, -1
1630, 1171, -1
1630, 1033, -1
1630, 1103, -1
1601, 123, -1
1630, 123, -1
1601, 1363, -1
1630, 1363, -1
1601, 1943, -1
1630, 1943, -1
1601, 671, -1
1601, 681, -1
1630, 671, -1
1630, 681, -1
1601, 542, -1
1630, 542, -1
1363, 276, -1
1363, 204, -1
1363, 974, -1
1363, 823, -1
1363, 980, -1
1363, 1171, -1
1363, 1033, -1
1363, 1103, -1
1363, 123, -1
1363, 1601, -1
1363, 1630, -1
1363, 1943, -1
1363, 671, -1
1363, 681, -1
1363, 542, -1
1943, 276, -1
1943, 204, -1
1943, 974, -1
1943, 823, -1
1943, 980, -1
1943, 1171, -1
1943, 1033, -1
1943, 1103, -1
1943, 123, -1
1943, 1601, -1
1943, 1630, -1
1943, 1363, -1
1943, 671, -1
1943, 681, -1
1943, 542, -1
671, 276, -1
671, 204, -1
681, 276, -1
681, 204, -1
671, 974, -1
671, 823, -1
671, 980, -1
681, 974, -1
681, 823, -1
681, 980, -1
671, 1171, -1
671, 1033, -1
671, 1103, -1
681, 1171, -1
681, 1033, -1
681, 1103, -1
671, 123, -1
681, 123, -1
671, 1601, -1
671, 1630, -1
681, 1601, -1
681, 1630, -1
671, 1363, -1
681, 1363, -1
671, 1943, -1
681, 1943, -1
671, 542, -1
681, 542, -1
542, 276, -1
542, 204, -1
542, 974, -1
542, 823, -1
542, 980, -1
542, 1171, -1
542, 1033, -1
542, 1103, -1
542, 123, -1
542, 1601, -1
542, 1630, -1
542, 1363, -1
542, 1943, -1
542, 671, -1
542, 681, -1

276, 204, 1
204, 276, 1
974, 823, 1
974, 980, 1
974, 911, 1
823, 974, 1
823, 980, 1
823, 911, 1
980, 974, 1
980, 823, 1
980, 911, 1
911, 974, 1
911, 823, 1
911, 980, 1
1171, 1033, 1
1171, 1103, 1
1033, 1171, 1
1033, 1103, 1
1103, 1171, 1
1103, 1033, 1
1601, 1630, 1
1630, 1601, 1
671, 681, 1
671, 634, 1
681, 671, 1
681, 634, 1
634, 671, 1
634, 681, 1
276, 974, -1
276, 823, -1
276, 980, -1
276, 911, -1
204, 974, -1
204, 823, -1
204, 980, -1
204, 911, -1
276, 1171, -1
276, 1033, -1
276, 1103, -1
204, 1171, -1
204, 1033, -1
204, 1103, -1
276, 123, -1
204, 123, -1
276, 1601, -1
276, 1630, -1
204, 1601, -1
204, 1630, -1
276, 1363, -1
204, 1363, -1
276, 1943, -1
204, 1943, -1
276, 671, -1
276, 681, -1
276, 634, -1
204, 671, -1
204, 681, -1
204, 634, -1
276, 542, -1
204, 542, -1
974, 276, -1
974, 204, -1
823, 276, -1
823, 204, -1
980, 276, -1
980, 204, -1
911, 276, -1
911, 204, -1
974, 1171, -1
974, 1033, -1
974, 1103, -1
823, 1171, -1
823, 1033, -1
823, 1103, -1
980, 1171, -1
980, 1033, -1
980, 1103, -1
911, 1171, -1
911, 1033, -1
911, 1103, -1
974, 123, -1
823, 123, -1
980, 123, -1
911, 123, -1
974, 1601, -1
974, 1630, -1
823, 1601, -1
823, 1630, -1
980, 1601, -1
980, 1630, -1
911, 1601, -1
911, 1630, -1
974, 1363, -1
823, 1363, -1
980, 1363, -1
911, 1363, -1
974, 1943, -1
823, 1943, -1
980, 1943, -1
911, 1943, -1
974, 671, -1
974, 681, -1
974, 634, -1
823, 671, -1
823, 681, -1
823, 634, -1
980, 671, -1
980, 681, -1
980, 634, -1
911, 671, -1
911, 681, -1
911, 634, -1
974, 542, -1
823, 542, -1
980, 542, -1
911, 542, -1
1171, 276, -1
1171, 204, -1
1033, 276, -1
1033, 204, -1
1103, 276, -1
1103, 204, -1
1171, 974, -1
1171, 823, -1
1171, 980, -1
1171, 911, -1
1033, 974, -1
1033, 823, -1
1033, 980, -1
1033, 911, -1
1103, 974, -1
1103, 823, -1
1103, 980, -1
1103, 911, -1
1171, 123, -1
1033, 123, -1
1103, 123, -1
1171, 1601, -1
1171, 1630, -1
1033, 1601, -1
1033, 1630, -1
1103, 1601, -1
1103, 1630, -1
1171, 1363, -1
1033, 1363, -1
1103, 1363, -1
1171, 1943, -1
1033, 1943, -1
1103, 1943, -1
1171, 671, -1
1171, 681, -1
1171, 634, -1
1033, 671, -1
1033, 681, -1
1033, 634, -1
1103, 671, -1
1103, 681, -1
1103, 634, -1
1171, 542, -1
1033, 542, -1
1103, 542, -1
123, 276, -1
123, 204, -1
123, 974, -1
123, 823, -1
123, 980, -1
123, 911, -1
123, 1171, -1
123, 1033, -1
123, 1103, -1
123, 1601, -1
123, 1630, -1
123, 1363, -1
123, 1943, -1
123, 671, -1
123, 681, -1
123, 634, -1
123, 542, -1
1601, 276, -1
1601, 204, -1
1630, 276, -1
1630, 204, -1
1601, 974, -1
1601, 823, -1
1601, 980, -1
1601, 911, -1
1630, 974, -1
1630, 823, -1
1630, 980, -1
1630, 911, -1
1601, 1171, -1
1601, 1033, -1
1601, 1103, -1
1630, 1171, -1
1630, 1033, -1
1630, 1103, -1
1601, 123, -1
1630, 123, -1
1601, 1363, -1
1630, 1363, -1
1601, 1943, -1
1630, 1943, -1
1601, 671, -1
1601, 681, -1
1601, 634, -1
1630, 671, -1
1630, 681, -1
1630, 634, -1
1601, 542, -1
1630, 542, -1
1363, 276, -1
1363, 204, -1
1363, 974, -1
1363, 823, -1
1363, 980, -1
1363, 911, -1
1363, 1171, -1
1363, 1033, -1
1363, 1103, -1
1363, 123, -1
1363, 1601, -1
1363, 1630, -1
1363, 1943, -1
1363, 671, -1
1363, 681, -1
1363, 634, -1
1363, 542, -1
1943, 276, -1
1943, 204, -1
1943, 974, -1
1943, 823, -1
1943, 980, -1
1943, 911, -1
1943, 1171, -1
1943, 1033, -1
1943, 1103, -1
1943, 123, -1
1943, 1601, -1
1943, 1630, -1
1943, 1363, -1
1943, 671, -1
1943, 681, -1
1943, 634, -1
1943, 542, -1
671, 276, -1
671, 204, -1
681, 276, -1
681, 204, -1
634, 276, -1
634, 204, -1
671, 974, -1
671, 823, -1
671, 980, -1
671, 911, -1
681, 974, -1
681, 823, -1
681, 980, -1
681, 911, -1
634, 974, -1
634, 823, -1
634, 980, -1
634, 911, -1
671, 1171, -1
671, 1033, -1
671, 1103, -1
681, 1171, -1
681, 1033, -1
681, 1103, -1
634, 1171, -1
634, 1033, -1
634, 1103, -1
671, 123, -1
681, 123, -1
634, 123, -1
671, 1601, -1
671, 1630, -1
681, 1601, -1
681, 1630, -1
634, 1601, -1
634, 1630, -1
671, 1363, -1
681, 1363, -1
634, 1363, -1
671, 1943, -1
681, 1943, -1
634, 1943, -1
671, 542, -1
681, 542, -1
634, 542, -1
542, 276, -1
542, 204, -1
542, 974, -1
542, 823, -1
542, 980, -1
542, 911, -1
542, 1171, -1
542, 1033, -1
542, 1103, -1
542, 123, -1
542, 1601, -1
542, 1630, -1
542, 1363, -1
542, 1943, -1
542, 671, -1
542, 681, -1
542, 634, -1

276, 204, 1
204, 276, 1
974, 823, 1
974, 980, 1
974, 911, 1
823, 974, 1
823, 980, 1
823, 911, 1
980, 974, 1
980, 823, 1
980, 911, 1
911, 974, 1
911, 823, 1
911, 980, 1
1171, 1033, 1
1171, 1103, 1
1033, 1171, 1
1033, 1103, 1
1103, 1171, 1
1103, 1033, 1
1601, 1630, 1
1630, 1601, 1
671, 681, 1
671, 634, 1
671, 640, 1
681, 671, 1
681, 634, 1
681, 640, 1
634, 671, 1
634, 681, 1
634, 640, 1
640, 671, 1
640, 681, 1
640, 634, 1
276, 974, -1
276, 823, -1
276, 980, -1
276, 911, -1
204, 974, -1
204, 823, -1
204, 980, -1
204, 911, -1
276, 1171, -1
276, 1033, -1
276, 1103, -1
204, 1171, -1
204, 1033, -1
204, 1103, -1
276, 123, -1
204, 123, -1
276, 1601, -1
276, 1630, -1
204, 1601, -1
204, 1630, -1
276, 1363, -1
204, 1363, -1
276, 1943, -1
204, 1943, -1
276, 671, -1
276, 681, -1
276, 634, -1
276, 640, -1
204, 671, -1
204, 681, -1
204, 634, -1
204, 640, -1
276, 542, -1
204, 542, -1
974, 276, -1
974, 204, -1
823, 276, -1
823, 204, -1
980, 276, -1
980, 204, -1
911, 276, -1
911, 204, -1
974, 1171, -1
974, 1033, -1
974, 1103, -1
823, 1171, -1
823, 1033, -1
823, 1103, -1
980, 1171, -1
980, 1033, -1
980, 1103, -1
911, 1171, -1
911, 1033, -1
911, 1103, -1
974, 123, -1
823, 123, -1
980, 123, -1
911, 123, -1
974, 1601, -1
974, 1630, -1
823, 1601, -1
823, 1630, -1
980, 1601, -1
980, 1630, -1
911, 1601, -1
911, 1630, -1
974, 1363, -1
823, 1363, -1
980, 1363, -1
911, 1363, -1
974, 1943, -1
823, 1943, -1
980, 1943, -1
911, 1943, -1
974, 671, -1
974, 681, -1
974, 634, -1
974, 640, -1
823, 671, -1
823, 681, -1
823, 634, -1
823, 640, -1
980, 671, -1
980, 681, -1
980, 634, -1
980, 640, -1
911, 671, -1
911, 681, -1
911, 634, -1
911, 640, -1
974, 542, -1
823, 542, -1
980, 542, -1
911, 542, -1
1171, 276, -1
1171, 204, -1
1033, 276, -1
1033, 204, -1
1103, 276, -1
1103, 204, -1
1171, 974, -1
1171, 823, -1
1171, 980, -1
1171, 911, -1
1033, 974, -1
1033, 823, -1
1033, 980, -1
1033, 911, -1
1103, 974, -1
1103, 823, -1
1103, 980, -1
1103, 911, -1
1171, 123, -1
1033, 123, -1
1103, 123, -1
1171, 1601, -1
1171, 1630, -1
1033, 1601, -1
1033, 1630, -1
1103, 1601, -1
1103, 1630, -1
1171, 1363, -1
1033, 1363, -1
1103, 1363, -1
1171, 1943, -1
1033, 1943, -1
1103, 1943, -1
1171, 671, -1
1171, 681, -1
1171, 634, -1
1171, 640, -1
1033, 671, -1
1033, 681, -1
1033, 634, -1
1033, 640, -1
1103, 671, -1
1103, 681, -1
1103, 634, -1
1103, 640, -1
1171, 542, -1
1033, 542, -1
1103, 542, -1
123, 276, -1
123, 204, -1
123, 974, -1
123, 823, -1
123, 980, -1
123, 911, -1
123, 1171, -1
123, 1033, -1
123, 1103, -1
123, 1601, -1
123, 1630, -1
123, 1363, -1
123, 1943, -1
123, 671, -1
123, 681, -1
123, 634, -1
123, 640, -1
123, 542, -1
1601, 276, -1
1601, 204, -1
1630, 276, -1
1630, 204, -1
1601, 974, -1
1601, 823, -1
1601, 980, -1
1601, 911, -1
1630, 974, -1
1630, 823, -1
1630, 980, -1
1630, 911, -1
1601, 1171, -1
1601, 1033, -1
1601, 1103, -1
1630, 1171, -1
1630, 1033, -1
1630, 1103, -1
1601, 123, -1
1630, 123, -1
1601, 1363, -1
1630, 1363, -1
1601, 1943, -1
1630, 1943, -1
1601, 671, -1
1601, 681, -1
1601, 634, -1
1601, 640, -1
1630, 671, -1
1630, 681, -1
1630, 634, -1
1630, 640, -1
1601, 542, -1
1630, 542, -1
1363, 276, -1
1363, 204, -1
1363, 974, -1
1363, 823, -1
1363, 980, -1
1363, 911, -1
1363, 1171, -1
1363, 1033, -1
1363, 1103, -1
1363, 123, -1
1363, 1601, -1
1363, 1630, -1
1363, 1943, -1
1363, 671, -1
1363, 681, -1
1363, 634, -1
1363, 640, -1
1363, 542, -1
1943, 276, -1
1943, 204, -1
1943, 974, -1
1943, 823, -1
1943, 980, -1
1943, 911, -1
1943, 1171, -1
1943, 1033, -1
1943, 1103, -1
1943, 123, -1
1943, 1601, -1
1943, 1630, -1
1943, 1363, -1
1943, 671, -1
1943, 681, -1
1943, 634, -1
1943, 640, -1
1943, 542, -1
671, 276, -1
671, 204, -1
681, 276, -1
681, 204, -1
634, 276, -1
634, 204, -1
640, 276, -1
640, 204, -1
671, 974, -1
671, 823, -1
671, 980, -1
671, 911, -1
681, 974, -1
681, 823, -1
681, 980, -1
681, 911, -1
634, 974, -1
634, 823, -1
634, 980, -1
634, 911, -1
640, 974, -1
640, 823, -1
640, 980, -1
640, 911, -1
671, 1171, -1
671, 1033, -1
671, 1103, -1
681, 1171, -1
681, 1033, -1
681, 1103, -1
634, 1171, -1
634, 1033, -1
634, 1103, -1
640, 1171, -1
640, 1033, -1
640, 1103, -1
671, 123, -1
681, 123, -1
634, 123, -1
640, 123, -1
671, 1601, -1
671, 1630, -1
681, 1601, -1
681, 1630, -1
634, 1601, -1
634, 1630, -1
640, 1601, -1
640, 1630, -1
671, 1363, -1
681, 1363, -1
634, 1363, -1
640, 1363, -1
671, 1943, -1
681, 1943, -1
634, 1943, -1
640, 1943, -1
671, 542, -1
681, 542, -1
634, 542, -1
640, 542, -1
542, 276, -1
542, 204, -1
542, 974, -1
542, 823, -1
542, 980, -1
542, 911, -1
542, 1171, -1
542, 1033, -1
542, 1103, -1
542, 123, -1
542, 1601, -1
542, 1630, -1
542, 1363, -1
542, 1943, -1
542, 671, -1
542, 681, -1
542, 634, -1
542, 640, -1

276, 204, 1
204, 276, 1
974, 823, 1
974, 980, 1
974, 911, 1
823, 974, 1
823, 980, 1
823, 911, 1
980, 974, 1
980, 823, 1
980, 911, 1
911, 974, 1
911, 823, 1
911, 980, 1
1171, 1033, 1
1171, 1103, 1
1033, 1171, 1
1033, 1103, 1
1103, 1171, 1
1103, 1033, 1
123, 101, 1
101, 123, 1
1601, 1630, 1
1630, 1601, 1
1363, 1264, 1
1264, 1363, 1
671, 681, 1
671, 634, 1
671, 640, 1
681, 671, 1
681, 634, 1
681, 640, 1
634, 671, 1
634, 681, 1
634, 640, 1
640, 671, 1
640, 681, 1
640, 634, 1
276, 974, -1
276, 823, -1
276, 980, -1
276, 911, -1
204, 974, -1
204, 823, -1
204, 980, -1
204, 911, -1
276, 1171, -1
276, 1033, -1
276, 1103, -1
204, 1171, -1
204, 1033, -1
204, 1103, -1
276, 123, -1
276, 101, -1
204, 123, -1
204, 101, -1
276, 1601, -1
276, 1630, -1
204, 1601, -1
204, 1630, -1
276, 1363, -1
276, 1264, -1
204, 1363, -1
204, 1264, -1
276, 1943, -1
204, 1943, -1
276, 671, -1
276, 681, -1
276, 634, -1
276, 640, -1
204, 671, -1
204, 681, -1
204, 634, -1
204, 640, -1
276, 542, -1
204, 542, -1
974, 276, -1
974, 204, -1
823, 276, -1
823, 204, -1
980, 276, -1
980, 204, -1
911, 276, -1
911, 204, -1
974, 1171, -1
974, 1033, -1
974, 1103, -1
823, 1171, -1
823, 1033, -1
823, 1103, -1
980, 1171, -1
980, 1033, -1
980, 1103, -1
911, 1171, -1
911, 1033, -1
911, 1103, -1
974, 123, -1
974, 101, -1
823, 123, -1
823, 101, -1
980, 123, -1
980, 101, -1
911, 123, -1
911, 101, -1
974, 1601, -1
974, 1630, -1
823, 1601, -1
823, 1630, -1
980, 1601, -1
980, 1630, -1
911, 1601, -1
911, 1630, -1
974, 1363, -1
974, 1264, -1
823, 1363, -1
823, 1264, -1
980, 1363, -1
980, 1264, -1
911, 1363, -1
911, 1264, -1
974, 1943, -1
823, 1943, -1
980, 1943, -1
911, 1943, -1
974, 671, -1
974, 681, -1
974, 634, -1
974, 640, -1
823, 671, -1
823, 681, -1
823, 634, -1
823, 640, -1
980, 671, -1
980, 681, -1
980, 634, -1
980, 640, -1
911, 671, -1
911, 681, -1
911, 634, -1
911, 640, -1
974, 542, -1
823, 542, -1
980, 542, -1
911, 542, -1
1171, 276, -1
1171, 204, -1
1033, 276, -1
1033, 204, -1
1103, 276, -1
1103, 204, -1
1171, 974, -1
1171, 823, -1
1171, 980, -1
1171, 911, -1
1033, 974, -1
1033, 823, -1
1033, 980, -1
1033, 911, -1
1103, 974, -1
1103, 823, -1
1103, 980, -1
1103, 911, -1
1171, 123, -1
1171, 101, -1
1033, 123, -1
1033, 101, -1
1103, 123, -1
1103, 101, -1
1171, 1601, -1
1171, 1630, -1
1033, 1601, -1
1033, 1630, -1
1103, 1601, -1
1103, 1630, -1
1171, 1363, -1
1171, 1264, -1
1033, 1363, -1
1033, 1264, -1
1103, 1363, -1
1103, 1264, -1
1171, 1943, -1
1033, 1943, -1
1103, 1943, -1
1171, 671, -1
1171, 681, -1
1171, 634, -1
1171, 640, -1
1033, 671, -1
1033, 681, -1
1033, 634, -1
1033, 640, -1
1103, 671, -1
1103, 681, -1
1103, 634, -1
1103, 640, -1
1171, 542, -1
1033, 542, -1
1103, 542, -1
123, 276, -1
123, 204, -1
101, 276, -1
101, 204, -1
123, 974, -1
123, 823, -1
123, 980, -1
123, 911, -1
101, 974, -1
101, 823, -1
101, 980, -1
101, 911, -1
123, 1171, -1
123, 1033, -1
123, 1103, -1
101, 1171, -1
101, 1033, -1
101, 1103, -1
123, 1601, -1
123, 1630, -1
101, 1601, -1
101, 1630, -1
123, 1363, -1
123, 1264, -1
101, 1363, -1
101, 1264, -1
123, 1943, -1
101, 1943, -1
123, 671, -1
123, 681, -1
123, 634, -1
123, 640, -1
101, 671, -1
101, 681, -1
101, 634, -1
101, 640, -1
123, 542, -1
101, 542, -1
1601, 276, -1
1601, 204, -1
1630, 276, -1
1630, 204, -1
1601, 974, -1
1601, 823, -1
1601, 980, -1
1601, 911, -1
1630, 974, -1
1630, 823, -1
1630, 980, -1
1630, 911, -1
1601, 1171, -1
1601, 1033, -1
1601, 1103, -1
1630, 1171, -1
1630, 1033, -1
1630, 1103, -1
1601, 123, -1
1601, 101, -1
1630, 123, -1
1630, 101, -1
1601, 1363, -1
1601, 1264, -1
1630, 1363, -1
1630, 1264, -1
1601, 1943, -1
1630, 1943, -1
1601, 671, -1
1601, 681, -1
1601, 634, -1
1601, 640, -1
1630, 671, -1
1630, 681, -1
1630, 634, -1
1630, 640, -1
1601, 542, -1
1630, 542, -1
1363, 276, -1
1363, 204, -1
1264, 276, -1
1264, 204, -1
1363, 974, -1
1363, 823, -1
1363, 980, -1
1363, 911, -1
1264, 974, -1
1264, 823, -1
1264, 980, -1
1264, 911, -1
1363, 1171, -1
1363, 1033, -1
1363, 1103, -1
1264, 1171, -1
1264, 1033, -1
1264, 1103, -1
1363, 123, -1
1363, 101, -1
1264, 123, -1
1264, 101, -1
1363, 1601, -1
1363, 1630, -1
1264, 1601, -1
1264, 1630, -1
1363, 1943, -1
1264, 1943, -1
1363, 671, -1
1363, 681, -1
1363, 634, -1
1363, 640, -1
1264, 671, -1
1264, 681, -1
1264, 634, -1
1264, 640, -1
1363, 542, -1
1264, 542, -1
1943, 276, -1
1943, 204, -1
1943, 974, -1
1943, 823, -1
1943, 980, -1
1943, 911, -1
1943, 1171, -1
1943, 1033, -1
1943, 1103, -1
1943, 123, -1
1943, 101, -1
1943, 1601, -1
1943, 1630, -1
1943, 1363, -1
1943, 1264, -1
1943, 671, -1
1943, 681, -1
1943, 634, -1
1943, 640, -1
1943, 542, -1
671, 276, -1
671, 204, -1
681, 276, -1
681, 204, -1
634, 276, -1
634, 204, -1
640, 276, -1
640, 204, -1
671, 974, -1
671, 823, -1
671, 980, -1
671, 911, -1
681, 974, -1
681, 823, -1
681, 980, -1
681, 911, -1
634, 974, -1
634, 823, -1
634, 980, -1
634, 911, -1
640, 974, -1
640, 823, -1
640, 980, -1
640, 911, -1
671, 1171, -1
671, 1033, -1
671, 1103, -1
681, 1171, -1
681, 1033, -1
681, 1103, -1
634, 1171, -1
634, 1033, -1
634, 1103, -1
640, 1171, -1
640, 1033, -1
640, 1103, -1
671, 123, -1
671, 101, -1
681, 123, -1
681, 101, -1
634, 123, -1
634, 101, -1
640, 123, -1
640, 101, -1
671, 1601, -1
671, 1630, -1
681, 1601, -1
681, 1630, -1
634, 1601, -1
634, 1630, -1
640, 1601, -1
640, 1630, -1
671, 1363, -1
671, 1264, -1
681, 1363, -1
681, 1264, -1
634, 1363, -1
634, 1264, -1
640, 1363, -1
640, 1264, -1
671, 1943, -1
681, 1943, -1
634, 1943, -1
640, 1943, -1
671, 542, -1
681, 542, -1
634, 542, -1
640, 542, -1
542, 276, -1
542, 204, -1
542, 974, -1
542, 823, -1
542, 980, -1
542, 911, -1
542, 1171, -1
542, 1033, -1
542, 1103, -1
542, 123, -1
542, 101, -1
542, 1601, -1
542, 1630, -1
542, 1363, -1
542, 1264, -1
542, 1943, -1
542, 671, -1
542, 681, -1
542, 634, -1
542, 640, -1

