317, 974, -1
317, 123, -1
317, 1086, -1
317, 1229, -1
974, 317, -1
974, 123, -1
974, 1086, -1
974, 1229, -1
123, 317, -1
123, 974, -1
123, 1086, -1
123, 1229, -1
1086, 317, -1
1086, 974, -1
1086, 123, -1
1086, 1229, -1
1229, 317, -1
1229, 974, -1
1229, 123, -1
1229, 1086, -1

974, 823, 1
823, 974, 1
317, 974, -1
317, 823, -1
317, 123, -1
317, 1086, -1
317, 1229, -1
317, 1427, -1
974, 317, -1
823, 317, -1
974, 123, -1
823, 123, -1
974, 1086, -1
823, 1086, -1
974, 1229, -1
823, 1229, -1
974, 1427, -1
823, 1427, -1
123, 317, -1
123, 974, -1
123, 823, -1
123, 1086, -1
123, 1229, -1
123, 1427, -1
1086, 317, -1
1086, 974, -1
1086, 823, -1
1086, 123, -1
1086, 1229, -1
1086, 1427, -1
1229, 317, -1
1229, 974, -1
1229, 823, -1
1229, 123, -1
1229, 1086, -1
1229, 1427, -1
1427, 317, -1
1427, 974, -1
1427, 823, -1
1427, 123, -1
1427, 1086, -1
1427, 1229, -1

974, 823, 1
823, 974, 1
317, 974, -1
317, 823, -1
317, 123, -1
317, 1086, -1
317, 1229, -1
317, 1427, -1
317, 1601, -1
974, 317, -1
823, 317, -1
974, 123, -1
823, 123, -1
974, 1086, -1
823, 1086, -1
974, 1229, -1
823, 1229, -1
974, 1427, -1
823, 1427, -1
974, 1601, -1
823, 1601, -1
123, 317, -1
123, 974, -1
123, 823, -1
123, 1086, -1
123, 1229, -1
123, 1427, -1
123, 1601, -1
1086, 317, -1
1086, 974, -1
1086, 823, -1
1086, 123, -1
1086, 1229, -1
1086, 1427, -1
1086, 1601, -1
1229, 317, -1
1229, 974, -1
1229, 823, -1
1229, 123, -1
1229, 1086, -1
1229, 1427, -1
1229, 1601, -1
1427, 317, -1
1427, 974, -1
1427, 823, -1
1427, 123, -1
1427, 1086, -1
1427, 1229, -1
1427, 1601, -1
1601, 317, -1
1601, 974, -1
1601, 823, -1
1601, 123, -1
1601, 1086, -1
1601, 1229, -1
1601, 1427, -1

974, 823, 1
974, 815, 1
823, 974, 1
823, 815, 1
815, 974, 1
815, 823, 1
317, 974, -1
317, 823, -1
317, 815, -1
317, 123, -1
317, 1086, -1
317, 1229, -1
317, 1427, -1
317, 1601, -1
317, 671, -1
974, 317, -1
823, 317, -1
815, 317, -1
974, 123, -1
823, 123, -1
815, 123, -1
974, 1086, -1
823, 1086, -1
815, 1086, -1
974, 1229, -1
823, 1229, -1
815, 1229, -1
974, 1427, -1
823, 1427, -1
815, 1427, -1
974, 1601, -1
823, 1601, -1
815, 1601, -1
974, 671, -1
823, 671, -1
815, 671, -1
123, 317, -1
123, 974, -1
123, 823, -1
123, 815, -1
123, 1086, -1
123, 1229, -1
123, 1427, -1
123, 1601, -1
123, 671, -1
1086, 317, -1
1086, 974, -1
1086, 823, -1
1086, 815, -1
1086, 123, -1
1086, 1229, -1
1086, 1427, -1
1086, 1601, -1
1086, 671, -1
1229, 317, -1
1229, 974, -1
1229, 823, -1
1229, 815, -1
1229, 123, -1
1229, 1086, -1
1229, 1427, -1
1229, 1601, -1
1229, 671, -1
1427, 317, -1
1427, 974, -1
1427, 823, -1
1427, 815, -1
1427, 123, -1
1427, 1086, -1
1427, 1229, -1
1427, 1601, -1
1427, 671, -1
1601, 317, -1
1601, 974, -1
1601, 823, -1
1601, 815, -1
1601, 123, -1
1601, 1086, -1
1601, 1229, -1
1601, 1427, -1
1601, 671, -1
671, 317, -1
671, 974, -1
671, 823, -1
671, 815, -1
671, 123, -1
671, 1086, -1
671, 1229, -1
671, 1427, -1
671, 1601, -1

974, 823, 1
974, 815, 1
823, 974, 1
823, 815, 1
815, 974, 1
815, 823, 1
1601, 1709, 1
1709, 1601, 1
317, 974, -1
317, 823, -1
317, 815, -1
317, 123, -1
317, 1086, -1
317, 1229, -1
317, 1427, -1
317, 1601, -1
317, 1709, -1
317, 671, -1
974, 317, -1
823, 317, -1
815, 317, -1
974, 123, -1
823, 123, -1
815, 123, -1
974, 1086, -1
823, 1086, -1
815, 1086, -1
974, 1229, -1
823, 1229, -1
815, 1229, -1
974, 1427, -1
823, 1427, -1
815, 1427, -1
974, 1601, -1
974, 1709, -1
823, 1601, -1
823, 1709, -1
815, 1601, -1
815, 1709, -1
974, 671, -1
823, 671, -1
815, 671, -1
123, 317, -1
123, 974, -1
123, 823, -1
123, 815, -1
123, 1086, -1
123, 1229, -1
123, 1427, -1
123, 1601, -1
123, 1709, -1
123, 671, -1
1086, 317, -1
1086, 974, -1
1086, 823, -1
1086, 815, -1
1086, 123, -1
1086, 1229, -1
1086, 1427, -1
1086, 1601, -1
1086, 1709, -1
1086, 671, -1
1229, 317, -1
1229, 974, -1
1229, 823, -1
1229, 815, -1
1229, 123, -1
1229, 1086, -1
1229, 1427, -1
1229, 1601, -1
1229, 1709, -1
1229, 671, -1
1427, 317, -1
1427, 974, -1
1427, 823, -1
1427, 815, -1
1427, 123, -1
1427, 1086, -1
1427, 1229, -1
1427, 1601, -1
1427, 1709, -1
1427, 671, -1
1601, 317, -1
1709, 317, -1
1601, 974, -1
1601, 823, -1
1601, 815, -1
1709, 974, -1
1709, 823, -1
1709, 815, -1
1601, 123, -1
1709, 123, -1
1601, 1086, -1
1709, 1086, -1
1601, 1229, -1
1709, 1229, -1
1601, 1427, -1
1709, 1427, -1
1601, 671, -1
1709, 671, -1
671, 317, -1
671, 974, -1
671, 823, -1
671, 815, -1
671, 123, -1
671, 1086, -1
671, 1229, -1
671, 1427, -1
671, 1601, -1
671, 1709, -1

974, 823, 1
974, 815, 1
823, 974, 1
823, 815, 1
815, 974, 1
815, 823, 1
1229, 1368, 1
1368, 1229, 1
1601, 1709, 1
1709, 1601, 1
317, 974, -1
317, 823, -1
317, 815, -1
317, 123, -1
317, 1086, -1
317, 1229, -1
317, 1368, -1
317, 1427, -1
317, 1601, -1
317, 1709, -1
317, 671, -1
974, 317, -1
823, 317, -1
815, 317, -1
974, 123, -1
823, 123, -1
815, 123, -1
974, 1086, -1
823, 1086, -1
815, 1086, -1
974, 1229, -1
974, 1368, -1
823, 1229, -1
823, 1368, -1
815, 1229, -1
815, 1368, -1
974, 1427, -1
823, 1427, -1
815, 1427, -1
974, 1601, -1
974, 1709, -1
823, 1601, -1
823, 1709, -1
815, 1601, -1
815, 1709, -1
974, 671, -1
823, 671, -1
815, 671, -1
123, 317, -1
123, 974, -1
123, 823, -1
123, 815, -1
123, 1086, -1
123, 1229, -1
123, 1368, -1
123, 1427, -1
123, 1601, -1
123, 1709, -1
123, 671, -1
1086, 317, -1
1086, 974, -1
1086, 823, -1
1086, 815, -1
1086, 123, -1
1086, 1229, -1
1086, 1368, -1
1086, 1427, -1
1086, 1601, -1
1086, 1709, -1
1086, 671, -1
1229, 317, -1
1368, 317, -1
1229, 974, -1
1229, 823, -1
1229, 815, -1
1368, 974, -1
1368, 823, -1
1368, 815, -1
1229, 123, -1
1368, 123, -1
1229, 1086, -1
1368, 1086, -1
1229, 1427, -1
1368, 1427, -1
1229, 1601, -1
1229, 1709, -1
1368, 1601, -1
1368, 1709, -1
1229, 671, -1
1368, 671, -1
1427, 317, -1
1427, 974, -1
1427, 823, -1
1427, 815, -1
1427, 123, -1
1427, 1086, -1
1427, 1229, -1
1427, 1368, -1
1427, 1601, -1
1427, 1709, -1
1427, 671, -1
1601, 317, -1
1709, 317, -1
1601, 974, -1
1601, 823, -1
1601, 815, -1
1709, 974, -1
1709, 823, -1
1709, 815, -1
1601, 123, -1
1709, 123, -1
1601, 1086, -1
1709, 1086, -1
1601, 1229, -1
1601, 1368, -1
1709, 1229, -1
1709, 1368, -1
1601, 1427, -1
1709, 1427, -1
1601, 671, -1
1709, 671, -1
671, 317, -1
671, 974, -1
671, 823, -1
671, 815, -1
671, 123, -1
671, 1086, -1
671, 1229, -1
671, 1368, -1
671, 1427, -1
671, 1601, -1
671, 1709, -1

974, 823, 1
974, 815, 1
974, 911, 1
823, 974, 1
823, 815, 1
823, 911, 1
815, 974, 1
815, 823, 1
815, 911, 1
911, 974, 1
911, 823, 1
911, 815, 1
1229, 1368, 1
1368, 1229, 1
1601, 1709, 1
1709, 1601, 1
671, 791, 1
791, 671, 1
317, 974, -1
317, 823, -1
317, 815, -1
317, 911, -1
317, 123, -1
317, 1086, -1
317, 1229, -1
317, 1368, -1
317, 1427, -1
317, 1601, -1
317, 1709, -1
317, 671, -1
317, 791, -1
974, 317, -1
823, 317, -1
815, 317, -1
911, 317, -1
974, 123, -1
823, 123, -1
815, 123, -1
911, 123, -1
974, 1086, -1
823, 1086, -1
815, 1086, -1
911, 1086, -1
974, 1229, -1
974, 1368, -1
823, 1229, -1
823, 1368, -1
815, 1229, -1
815, 1368, -1
911, 1229, -1
911, 1368, -1
974, 1427, -1
823, 1427, -1
815, 1427, -1
911, 1427, -1
974, 1601, -1
974, 1709, -1
823, 1601, -1
823, 1709, -1
815, 1601, -1
815, 1709, -1
911, 1601, -1
911, 1709, -1
974, 671, -1
974, 791, -1
823, 671, -1
823, 791, -1
815, 671, -1
815, 791, -1
911, 671, -1
911, 791, -1
123, 317, -1
123, 974, -1
123, 823, -1
123, 815, -1
123, 911, -1
123, 1086, -1
123, 1229, -1
123, 1368, -1
123, 1427, -1
123, 1601, -1
123, 1709, -1
123, 671, -1
123, 791, -1
1086, 317, -1
1086, 974, -1
1086, 823, -1
1086, 815, -1
1086, 911, -1
1086, 123, -1
1086, 1229, -1
1086, 1368, -1
1086, 1427, -1
1086, 1601, -1
1086, 1709, -1
1086, 671, -1
1086, 791, -1
1229, 317, -1
1368, 317, -1
1229, 974, -1
1229, 823, -1
1229, 815, -1
1229, 911, -1
1368, 974, -1
1368, 823, -1
1368, 815, -1
1368, 911, -1
1229, 123, -1
1368, 123, -1
1229, 1086, -1
1368, 1086, -1
1229, 1427, -1
1368, 1427, -1
1229, 1601, -1
1229, 1709, -1
1368, 1601, -1
1368, 1709, -1
1229, 671, -1
1229, 791, -1
1368, 671, -1
1368, 791, -1
1427, 317, -1
1427, 974, -1
1427, 823, -1
1427, 815, -1
1427, 911, -1
1427, 123, -1
1427, 1086, -1
1427, 1229, -1
1427, 1368, -1
1427, 1601, -1
1427, 1709, -1
1427, 671, -1
1427, 791, -1
1601, 317, -1
1709, 317, -1
1601, 974, -1
1601, 823, -1
1601, 815, -1
1601, 911, -1
1709, 974, -1
1709, 823, -1
1709, 815, -1
1709, 911, -1
1601, 123, -1
1709, 123, -1
1601, 1086, -1
1709, 1086, -1
1601, 1229, -1
1601, 1368, -1
1709, 1229, -1
1709, 1368, -1
1601, 1427, -1
1709, 1427, -1
1601, 671, -1
1601, 791, -1
1709, 671, -1
1709, 791, -1
671, 317, -1
791, 317, -1
671, 974, -1
671, 823, -1
671, 815, -1
671, 911, -1
791, 974, -1
791, 823, -1
791, 815, -1
791, 911, -1
671, 123, -1
791, 123, -1
671, 1086, -1
791, 1086, -1
671, 1229, -1
671, 1368, -1
791, 1229, -1
791, 1368, -1
671, 1427, -1
791, 1427, -1
671, 1601, -1
671, 1709, -1
791, 1601, -1
791, 1709, -1

317, 274, 1
274, 317, 1
974, 823, 1
974, 815, 1
974, 911, 1
823, 974, 1
823, 815, 1
823, 911, 1
815, 974, 1
815, 823, 1
815, 911, 1
911, 974, 1
911, 823, 1
911, 815, 1
1229, 1368, 1
1368, 1229, 1
1601, 1709, 1
1709, 1601, 1
671, 791, 1
671, 681, 1
791, 671, 1
791, 681, 1
681, 671, 1
681, 791, 1
317, 974, -1
317, 823, -1
317, 815, -1
317, 911, -1
274, 974, -1
274, 823, -1
274, 815, -1
274, 911, -1
317, 123, -1
274, 123, -1
317, 1086, -1
274, 1086, -1
317, 1229, -1
317, 1368, -1
274, 1229, -1
274, 1368, -1
317, 1427, -1
274, 1427, -1
317, 1601, -1
317, 1709, -1
274, 1601, -1
274, 1709, -1
317, 671, -1
317, 791, -1
317, 681, -1
274, 671, -1
274, 791, -1
274, 681, -1
974, 317, -1
974, 274, -1
823, 317, -1
823, 274, -1
815, 317, -1
815, 274, -1
911, 317, -1
911, 274, -1
974, 123, -1
823, 123, -1
815, 123, -1
911, 123, -1
974, 1086, -1
823, 1086, -1
815, 1086, -1
911, 1086, -1
974, 1229, -1
974, 1368, -1
823, 1229, -1
823, 1368, -1
815, 1229, -1
815, 1368, -1
911, 1229, -1
911, 1368, -1
974, 1427, -1
823, 1427, -1
815, 1427, -1
911, 1427, -1
974, 1601, -1
974, 1709, -1
823, 1601, -1
823, 1709, -1
815, 1601, -1
815, 1709, -1
911, 1601, -1
911, 1709, -1
974, 671, -1
974, 791, -1
974, 681, -1
823, 671, -1
823, 791, -1
823, 681, -1
815, 671, -1
815, 791, -1
815, 681, -1
911, 671, -1
911, 791, -1
911, 681, -1
123, 317, -1
123, 274, -1
123, 974, -1
123, 823, -1
123, 815, -1
123, 911, -1
123, 1086, -1
123, 1229, -1
123, 1368, -1
123, 1427, -1
123, 1601, -1
123, 1709, -1
123, 671, -1
123, 791, -1
123, 681, -1
1086, 317, -1
1086, 274, -1
1086, 974, -1
1086, 823, -1
1086, 815, -1
1086, 911, -1
1086, 123, -1
1086, 1229, -1
1086, 1368, -1
1086, 1427, -1
1086, 1601, -1
1086, 1709, -1
1086, 671, -1
1086, 791, -1
1086, 681, -1
1229, 317, -1
1229, 274, -1
1368, 317, -1
1368, 274, -1
1229, 974, -1
1229, 823, -1
1229, 815, -1
1229, 911, -1
1368, 974, -1
1368, 823, -1
1368, 815, -1
1368, 911, -1
1229, 123, -1
1368, 123, -1
1229, 1086, -1
1368, 1086, -1
1229, 1427, -1
1368, 1427, -1
1229, 1601, -1
1229, 1709, -1
1368, 1601, -1
1368, 1709, -1
1229, 671, -1
1229, 791, -1
1229, 681, -1
1368, 671, -1
1368, 791, -1
1368, 681, -1
1427, 317, -1
1427, 274, -1
1427, 974, -1
1427, 823, -1
1427, 815, -1
1427, 911, -1
1427, 123, -1
1427, 1086, -1
1427, 1229, -1
1427, 1368, -1
1427, 1601, -1
1427, 1709, -1
1427, 671, -1
1427, 791, -1
1427, 681, -1
1601, 317, -1
1601, 274, -1
1709, 317, -1
1709, 274, -1
1601, 974, -1
1601, 823, -1
1601, 815, -1
1601, 911, -1
1709, 974, -1
1709, 823, -1
1709, 815, -1
1709, 911, -1
1601, 123, -1
1709, 123, -1
1601, 1086, -1
1709, 1086, -1
1601, 1229, -1
1601, 1368, -1
1709, 1229, -1
1709, 1368, -1
1601, 1427, -1
1709, 1427, -1
1601, 671, -1
1601, 791, -1
1601, 681, -1
1709, 671, -1
1709, 791, -1
1709, 681, -1
671, 317, -1
671, 274, -1
791, 317, -1
791, 274, -1
681, 317, -1
681, 274, -1
671, 974, -1
671, 823, -1
671, 815, -1
671, 911, -1
791, 974, -1
791, 823, -1
791, 815, -1
791, 911, -1
681, 974, -1
681, 823, -1
681, 815, -1
681, 911, -1
671, 123, -1
791, 123, -1
681, 123, -1
671, 1086, -1
791, 1086, -1
681, 1086, -1
671, 1229, -1
671, 1368, -1
791, 1229, -1
791, 1368, -1
681, 1229, -1
681, 1368, -1
671, 1427, -1
791, 1427, -1
681, 1427, -1
671, 1601, -1
671, 1709, -1
791, 1601, -1
791, 1709, -1
681, 1601, -1
681, 1709, -1

317, 274, 1
274, 317, 1
974, 823, 1
974, 815, 1
974, 911, 1
823, 974, 1
823, 815, 1
823, 911, 1
815, 974, 1
815, 823, 1
815, 911, 1
911, 974, 1
911, 823, 1
911, 815, 1
1086, 1191, 1
1191, 1086, 1
1229, 1368, 1
1368, 1229, 1
1601, 1709, 1
1709, 1601, 1
671, 791, 1
671, 681, 1
791, 671, 1
791, 681, 1
681, 671, 1
681, 791, 1
317, 974, -1
317, 823, -1
317, 815, -1
317, 911, -1
274, 974, -1
274, 823, -1
274, 815, -1
274, 911, -1
317, 123, -1
274, 123, -1
317, 1086, -1
317, 1191, -1
274, 1086, -1
274, 1191, -1
317, 1229, -1
317, 1368, -1
274, 1229, -1
274, 1368, -1
317, 1427, -1
274, 1427, -1
317, 1601, -1
317, 1709, -1
274, 1601, -1
274, 1709, -1
317, 671, -1
317, 791, -1
317, 681, -1
274, 671, -1
274, 791, -1
274, 681, -1
974, 317, -1
974, 274, -1
823, 317, -1
823, 274, -1
815, 317, -1
815, 274, -1
911, 317, -1
911, 274, -1
974, 123, -1
823, 123, -1
815, 123, -1
911, 123, -1
974, 1086, -1
974, 1191, -1
823, 1086, -1
823, 1191, -1
815, 1086, -1
815, 1191, -1
911, 1086, -1
911, 1191, -1
974, 1229, -1
974, 1368, -1
823, 1229, -1
823, 1368, -1
815, 1229, -1
815, 1368, -1
911, 1229, -1
911, 1368, -1
974, 1427, -1
823, 1427, -1
815, 1427, -1
911, 1427, -1
974, 1601, -1
974, 1709, -1
823, 1601, -1
823, 1709, -1
815, 1601, -1
815, 1709, -1
911, 1601, -1
911, 1709, -1
974, 671, -1
974, 791, -1
974, 681, -1
823, 671, -1
823, 791, -1
823, 681, -1
815, 671, -1
815, 791, -1
815, 681, -1
911, 671, -1
911, 791, -1
911, 681, -1
123, 317, -1
123, 274, -1
123, 974, -1
123, 823, -1
123, 815, -1
123, 911, -1
123, 1086, -1
123, 1191, -1
123, 1229, -1
123, 1368, -1
123, 1427, -1
123, 1601, -1
123, 1709, -1
123, 671, -1
123, 791, -1
123, 681, -1
1086, 317, -1
1086, 274, -1
1191, 317, -1
1191, 274, -1
1086, 974, -1
1086, 823, -1
1086, 815, -1
1086, 911, -1
1191, 974, -1
1191, 823, -1
1191, 815, -1
1191, 911, -1
1086, 123, -1
1191, 123, -1
1086, 1229, -1
1086, 1368, -1
1191, 1229, -1
1191, 1368, -1
1086, 1427, -1
1191, 1427, -1
1086, 1601, -1
1086, 1709, -1
1191, 1601, -1
1191, 1709, -1
1086, 671, -1
1086, 791, -1
1086, 681, -1
1191, 671, -1
1191, 791, -1
1191, 681, -1
1229, 317, -1
1229, 274, -1
1368, 317, -1
1368, 274, -1
1229, 974, -1
1229, 823, -1
1229, 815, -1
1229, 911, -1
1368, 974, -1
1368, 823, -1
1368, 815, -1
1368, 911, -1
1229, 123, -1
1368, 123, -1
1229, 1086, -1
1229, 1191, -1
1368, 1086, -1
1368, 1191, -1
1229, 1427, -1
1368, 1427, -1
1229, 1601, -1
1229, 1709, -1
1368, 1601, -1
1368, 1709, -1
1229, 671, -1
1229, 791, -1
1229, 681, -1
1368, 671, -1
1368, 791, -1
1368, 681, -1
1427, 317, -1
1427, 274, -1
1427, 974, -1
1427, 823, -1
1427, 815, -1
1427, 911, -1
1427, 123, -1
1427, 1086, -1
1427, 1191, -1
1427, 1229, -1
1427, 1368, -1
1427, 1601, -1
1427, 1709, -1
1427, 671, -1
1427, 791, -1
1427, 681, -1
1601, 317, -1
1601, 274, -1
1709, 317, -1
1709, 274, -1
1601, 974, -1
1601, 823, -1
1601, 815, -1
1601, 911, -1
1709, 974, -1
1709, 823, -1
1709, 815, -1
1709, 911, -1
1601, 123, -1
1709, 123, -1
1601, 1086, -1
1601, 1191, -1
1709, 1086, -1
1709, 1191, -1
1601, 1229, -1
1601, 1368, -1
1709, 1229, -1
1709, 1368, -1
1601, 1427, -1
1709, 1427, -1
1601, 671, -1
1601, 791, -1
1601, 681, -1
1709, 671, -1
1709, 791, -1
1709, 681, -1
671, 317, -1
671, 274, -1
791, 317, -1
791, 274, -1
681, 317, -1
681, 274, -1
671, 974, -1
671, 823, -1
671, 815, -1
671, 911, -1
791, 974, -1
791, 823, -1
791, 815, -1
791, 911, -1
681, 974, -1
681, 823, -1
681, 815, -1
681, 911, -1
671, 123, -1
791, 123, -1
681, 123, -1
671, 1086, -1
671, 1191, -1
791, 1086, -1
791, 1191, -1
681, 1086, -1
681, 1191, -1
671, 1229, -1
671, 1368, -1
791, 1229, -1
791, 1368, -1
681, 1229, -1
681, 1368, -1
671, 1427, -1
791, 1427, -1
681, 1427, -1
671, 1601, -1
671, 1709, -1
791, 1601, -1
791, 1709, -1
681, 1601, -1
681, 1709, -1

317, 274, 1
274, 317, 1
974, 823, 1
974, 815, 1
974, 911, 1
823, 974, 1
823, 815, 1
823, 911, 1
815, 974, 1
815, 823, 1
815, 911, 1
911, 974, 1
911, 823, 1
911, 815, 1
1086, 1191, 1
1191, 1086, 1
1229, 1368, 1
1368, 1229, 1
1601, 1709, 1
1709, 1601, 1
671, 791, 1
671, 681, 1
791, 671, 1
791, 681, 1
681, 671, 1
681, 791, 1
317, 974, -1
317, 823, -1
317, 815, -1
317, 911, -1
274, 974, -1
274, 823, -1
274, 815, -1
274, 911, -1
317, 123, -1
274, 123, -1
317, 1086, -1
317, 1191, -1
274, 1086, -1
274, 1191, -1
317, 1229, -1
317, 1368, -1
274, 1229, -1
274, 1368, -1
317, 1427, -1
274, 1427, -1
317, 1601, -1
317, 1709, -1
274, 1601, -1
274, 1709, -1
317, 671, -1
317, 791, -1
317, 681, -1
274, 671, -1
274, 791, -1
274, 681, -1
317, 422, -1
274, 422, -1
974, 317, -1
974, 274, -1
823, 317, -1
823, 274, -1
815, 317, -1
815, 274, -1
911, 317, -1
911, 274, -1
974, 123, -1
823, 123, -1
815, 123, -1
911, 123, -1
974, 1086, -1
974, 1191, -1
823, 1086, -1
823, 1191, -1
815, 1086, -1
815, 1191, -1
911, 1086, -1
911, 1191, -1
974, 1229, -1
974, 1368, -1
823, 1229, -1
823, 1368, -1
815, 1229, -1
815, 1368, -1
911, 1229, -1
911, 1368, -1
974, 1427, -1
823, 1427, -1
815, 1427, -1
911, 1427, -1
974, 1601, -1
974, 1709, -1
823, 1601, -1
823, 1709, -1
815, 1601, -1
815, 1709, -1
911, 1601, -1
911, 1709, -1
974, 671, -1
974, 791, -1
974, 681, -1
823, 671, -1
823, 791, -1
823, 681, -1
815, 671, -1
815, 791, -1
815, 681, -1
911, 671, -1
911, 791, -1
911, 681, -1
974, 422, -1
823, 422, -1
815, 422, -1
911, 422, -1
123, 317, -1
123, 274, -1
123, 974, -1
123, 823, -1
123, 815, -1
123, 911, -1
123, 1086, -1
123, 1191, -1
123, 1229, -1
123, 1368, -1
123, 1427, -1
123, 1601, -1
123, 1709, -1
123, 671, -1
123, 791, -1
123, 681, -1
123, 422, -1
1086, 317, -1
1086, 274, -1
1191, 317, -1
1191, 274, -1
1086, 974, -1
1086, 823, -1
1086, 815, -1
1086, 911, -1
1191, 974, -1
1191, 823, -1
1191, 815, -1
1191, 911, -1
1086, 123, -1
1191, 123, -1
1086, 1229, -1
1086, 1368, -1
1191, 1229, -1
1191, 1368, -1
1086, 1427, -1
1191, 1427, -1
1086, 1601, -1
1086, 1709, -1
1191, 1601, -1
1191, 1709, -1
1086, 671, -1
1086, 791, -1
1086, 681, -1
1191, 671, -1
1191, 791, -1
1191, 681, -1
1086, 422, -1
1191, 422, -1
1229, 317, -1
1229, 274, -1
1368, 317, -1
1368, 274, -1
1229, 974, -1
1229, 823, -1
1229, 815, -1
1229, 911, -1
1368, 974, -1
1368, 823, -1
1368, 815, -1
1368, 911, -1
1229, 123, -1
1368, 123, -1
1229, 1086, -1
1229, 1191, -1
1368, 1086, -1
1368, 1191, -1
1229, 1427, -1
1368, 1427, -1
1229, 1601, -1
1229, 1709, -1
1368, 1601, -1
1368, 1709, -1
1229, 671, -1
1229, 791, -1
1229, 681, -1
1368, 671, -1
1368, 791, -1
1368, 681, -1
1229, 422, -1
1368, 422, -1
1427, 317, -1
1427, 274, -1
1427, 974, -1
1427, 823, -1
1427, 815, -1
1427, 911, -1
1427, 123, -1
1427, 1086, -1
1427, 1191, -1
1427, 1229, -1
1427, 1368, -1
1427, 1601, -1
1427, 1709, -1
1427, 671, -1
1427, 791, -1
1427, 681, -1
1427, 422, -1
1601, 317, -1
1601, 274, -1
1709, 317, -1
1709, 274, -1
1601, 974, -1
1601, 823, -1
1601, 815, -1
1601, 911, -1
1709, 974, -1
1709, 823, -1
1709, 815, -1
1709, 911, -1
1601, 123, -1
1709, 123, -1
1601, 1086, -1
1601, 1191, -1
1709, 1086, -1
1709, 1191, -1
1601, 1229, -1
1601, 1368, -1
1709, 1229, -1
1709, 1368, -1
1601, 1427, -1
1709, 1427, -1
1601, 671, -1
1601, 791, -1
1601, 681, -1
1709, 671, -1
1709, 791, -1
1709, 681, -1
1601, 422, -1
1709, 422, -1
671, 317, -1
671, 274, -1
791, 317, -1
791, 274, -1
681, 317, -1
681, 274, -1
671, 974, -1
671, 823, -1
671, 815, -1
671, 911, -1
791, 974, -1
791, 823, -1
791, 815, -1
791, 911, -1
681, 974, -1
681, 823, -1
681, 815, -1
681, 911, -1
671, 123, -1
791, 123, -1
681, 123, -1
671, 1086, -1
671, 1191, -1
791, 1086, -1
791, 1191, -1
681, 1086, -1
681, 1191, -1
671, 1229, -1
671, 1368, -1
791, 1229, -1
791, 1368, -1
681, 1229, -1
681, 1368, -1
671, 1427, -1
791, 1427, -1
681, 1427, -1
671, 1601, -1
671, 1709, -1
791, 1601, -1
791, 1709, -1
681, 1601, -1
681, 1709, -1
671, 422, -1
791, 422, -1
681, 422, -1
422, 317, -1
422, 274, -1
422, 974, -1
422, 823, -1
422, 815, -1
422, 911, -1
422, 123, -1
422, 1086, -1
422, 1191, -1
422, 1229, -1
422, 1368, -1
422, 1427, -1
422, 1601, -1
422, 1709, -1
422, 671, -1
422, 791, -1
422, 681, -1

