1332, 21, -1
1332, 974, -1
1332, 241, -1
1332, 1145, -1
21, 1332, -1
21, 974, -1
21, 241, -1
21, 1145, -1
974, 1332, -1
974, 21, -1
974, 241, -1
974, 1145, -1
241, 1332, -1
241, 21, -1
241, 974, -1
241, 1145, -1
1145, 1332, -1
1145, 21, -1
1145, 974, -1
1145, 241, -1

974, 823, 1
974, 815, 1
823, 974, 1
823, 815, 1
815, 974, 1
815, 823, 1
1332, 21, -1
1332, 974, -1
1332, 823, -1
1332, 815, -1
1332, 241, -1
1332, 1145, -1
21, 1332, -1
21, 974, -1
21, 823, -1
21, 815, -1
21, 241, -1
21, 1145, -1
974, 1332, -1
823, 1332, -1
815, 1332, -1
974, 21, -1
823, 21, -1
815, 21, -1
974, 241, -1
823, 241, -1
815, 241, -1
974, 1145, -1
823, 1145, -1
815, 1145, -1
241, 1332, -1
241, 21, -1
241, 974, -1
241, 823, -1
241, 815, -1
241, 1145, -1
1145, 1332, -1
1145, 21, -1
1145, 974, -1
1145, 823, -1
1145, 815, -1
1145, 241, -1

974, 823, 1
974, 815, 1
823, 974, 1
823, 815, 1
815, 974, 1
815, 823, 1
1332, 21, -1
1332, 974, -1
1332, 823, -1
1332, 815, -1
1332, 241, -1
1332, 1145, -1
1332, 674, -1
21, 1332, -1
21, 974, -1
21, 823, -1
21, 815, -1
21, 241, -1
21, 1145, -1
21, 674, -1
974, 1332, -1
823, 1332, -1
815, 1332, -1
974, 21, -1
823, 21, -1
815, 21, -1
974, 241, -1
823, 241, -1
815, 241, -1
974, 1145, -1
823, 1145, -1
815, 1145, -1
974, 674, -1
823, 674, -1
815, 674, -1
241, 1332, -1
241, 21, -1
241, 974, -1
241, 823, -1
241, 815, -1
241, 1145, -1
241, 674, -1
1145, 1332, -1
1145, 21, -1
1145, 974, -1
1145, 823, -1
1145, 815, -1
1145, 241, -1
1145, 674, -1
674, 1332, -1
674, 21, -1
674, 974, -1
674, 823, -1
674, 815, -1
674, 241, -1
674, 1145, -1

974, 823, 1
974, 815, 1
823, 974, 1
823, 815, 1
815, 974, 1
815, 823, 1
1332, 21, -1
1332, 974, -1
1332, 823, -1
1332, 815, -1
1332, 241, -1
1332, 1145, -1
1332, 674, -1
1332, 1601, -1
21, 1332, -1
21, 974, -1
21, 823, -1
21, 815, -1
21, 241, -1
21, 1145, -1
21, 674, -1
21, 1601, -1
974, 1332, -1
823, 1332, -1
815, 1332, -1
974, 21, -1
823, 21, -1
815, 21, -1
974, 241, -1
823, 241, -1
815, 241, -1
974, 1145, -1
823, 1145, -1
815, 1145, -1
974, 674, -1
823, 674, -1
815, 674, -1
974, 1601, -1
823, 1601, -1
815, 1601, -1
241, 1332, -1
241, 21, -1
241, 974, -1
241, 823, -1
241, 815, -1
241, 1145, -1
241, 674, -1
241, 1601, -1
1145, 1332, -1
1145, 21, -1
1145, 974, -1
1145, 823, -1
1145, 815, -1
1145, 241, -1
1145, 674, -1
1145, 1601, -1
674, 1332, -1
674, 21, -1
674, 974, -1
674, 823, -1
674, 815, -1
674, 241, -1
674, 1145, -1
674, 1601, -1
1601, 1332, -1
1601, 21, -1
1601, 974, -1
1601, 823, -1
1601, 815, -1
1601, 241, -1
1601, 1145, -1
1601, 674, -1

974, 823, 1
974, 815, 1
823, 974, 1
823, 815, 1
815, 974, 1
815, 823, 1
1332, 21, -1
1332, 974, -1
1332, 823, -1
1332, 815, -1
1332, 241, -1
1332, 1145, -1
1332, 674, -1
1332, 1601, -1
1332, 422, -1
21, 1332, -1
21, 974, -1
21, 823, -1
21, 815, -1
21, 241, -1
21, 1145, -1
21, 674, -1
21, 1601, -1
21, 422, -1
974, 1332, -1
823, 1332, -1
815, 1332, -1
974, 21, -1
823, 21, -1
815, 21, -1
974, 241, -1
823, 241, -1
815, 241, -1
974, 1145, -1
823, 1145, -1
815, 1145, -1
974, 674, -1
823, 674, -1
815, 674, -1
974, 1601, -1
823, 1601, -1
815, 1601, -1
974, 422, -1
823, 422, -1
815, 422, -1
241, 1332, -1
241, 21, -1
241, 974, -1
241, 823, -1
241, 815, -1
241, 1145, -1
241, 674, -1
241, 1601, -1
241, 422, -1
1145, 1332, -1
1145, 21, -1
1145, 974, -1
1145, 823, -1
1145, 815, -1
1145, 241, -1
1145, 674, -1
1145, 1601, -1
1145, 422, -1
674, 1332, -1
674, 21, -1
674, 974, -1
674, 823, -1
674, 815, -1
674, 241, -1
674, 1145, -1
674, 1601, -1
674, 422, -1
1601, 1332, -1
1601, 21, -1
1601, 974, -1
1601, 823, -1
1601, 815, -1
1601, 241, -1
1601, 1145, -1
1601, 674, -1
1601, 422, -1
422, 1332, -1
422, 21, -1
422, 974, -1
422, 823, -1
422, 815, -1
422, 241, -1
422, 1145, -1
422, 674, -1
422, 1601, -1

974, 823, 1
974, 815, 1
823, 974, 1
823, 815, 1
815, 974, 1
815, 823, 1
1332, 21, -1
1332, 974, -1
1332, 823, -1
1332, 815, -1
1332, 241, -1
1332, 1145, -1
1332, 674, -1
1332, 1601, -1
1332, 422, -1
1332, 1882, -1
21, 1332, -1
21, 974, -1
21, 823, -1
21, 815, -1
21, 241, -1
21, 1145, -1
21, 674, -1
21, 1601, -1
21, 422, -1
21, 1882, -1
974, 1332, -1
823, 1332, -1
815, 1332, -1
974, 21, -1
823, 21, -1
815, 21, -1
974, 241, -1
823, 241, -1
815, 241, -1
974, 1145, -1
823, 1145, -1
815, 1145, -1
974, 674, -1
823, 674, -1
815, 674, -1
974, 1601, -1
823, 1601, -1
815, 1601, -1
974, 422, -1
823, 422, -1
815, 422, -1
974, 1882, -1
823, 1882, -1
815, 1882, -1
241, 1332, -1
241, 21, -1
241, 974, -1
241, 823, -1
241, 815, -1
241, 1145, -1
241, 674, -1
241, 1601, -1
241, 422, -1
241, 1882, -1
1145, 1332, -1
1145, 21, -1
1145, 974, -1
1145, 823, -1
1145, 815, -1
1145, 241, -1
1145, 674, -1
1145, 1601, -1
1145, 422, -1
1145, 1882, -1
674, 1332, -1
674, 21, -1
674, 974, -1
674, 823, -1
674, 815, -1
674, 241, -1
674, 1145, -1
674, 1601, -1
674, 422, -1
674, 1882, -1
1601, 1332, -1
1601, 21, -1
1601, 974, -1
1601, 823, -1
1601, 815, -1
1601, 241, -1
1601, 1145, -1
1601, 674, -1
1601, 422, -1
1601, 1882, -1
422, 1332, -1
422, 21, -1
422, 974, -1
422, 823, -1
422, 815, -1
422, 241, -1
422, 1145, -1
422, 674, -1
422, 1601, -1
422, 1882, -1
1882, 1332, -1
1882, 21, -1
1882, 974, -1
1882, 823, -1
1882, 815, -1
1882, 241, -1
1882, 1145, -1
1882, 674, -1
1882, 1601, -1
1882, 422, -1

974, 823, 1
974, 815, 1
823, 974, 1
823, 815, 1
815, 974, 1
815, 823, 1
1601, 1602, 1
1602, 1601, 1
1332, 21, -1
1332, 974, -1
1332, 823, -1
1332, 815, -1
1332, 241, -1
1332, 1145, -1
1332, 674, -1
1332, 1601, -1
1332, 1602, -1
1332, 422, -1
1332, 1882, -1
21, 1332, -1
21, 974, -1
21, 823, -1
21, 815, -1
21, 241, -1
21, 1145, -1
21, 674, -1
21, 1601, -1
21, 1602, -1
21, 422, -1
21, 1882, -1
974, 1332, -1
823, 1332, -1
815, 1332, -1
974, 21, -1
823, 21, -1
815, 21, -1
974, 241, -1
823, 241, -1
815, 241, -1
974, 1145, -1
823, 1145, -1
815, 1145, -1
974, 674, -1
823, 674, -1
815, 674, -1
974, 1601, -1
974, 1602, -1
823, 1601, -1
823, 1602, -1
815, 1601, -1
815, 1602, -1
974, 422, -1
823, 422, -1
815, 422, -1
974, 1882, -1
823, 1882, -1
815, 1882, -1
241, 1332, -1
241, 21, -1
241, 974, -1
241, 823, -1
241, 815, -1
241, 1145, -1
241, 674, -1
241, 1601, -1
241, 1602, -1
241, 422, -1
241, 1882, -1
1145, 1332, -1
1145, 21, -1
1145, 974, -1
1145, 823, -1
1145, 815, -1
1145, 241, -1
1145, 674, -1
1145, 1601, -1
1145, 1602, -1
1145, 422, -1
1145, 1882, -1
674, 1332, -1
674, 21, -1
674, 974, -1
674, 823, -1
674, 815, -1
674, 241, -1
674, 1145, -1
674, 1601, -1
674, 1602, -1
674, 422, -1
674, 1882, -1
1601, 1332, -1
1602, 1332, -1
1601, 21, -1
1602, 21, -1
1601, 974, -1
1601, 823, -1
1601, 815, -1
1602, 974, -1
1602, 823, -1
1602, 815, -1
1601, 241, -1
1602, 241, -1
1601, 1145, -1
1602, 1145, -1
1601, 674, -1
1602, 674, -1
1601, 422, -1
1602, 422, -1
1601, 1882, -1
1602, 1882, -1
422, 1332, -1
422, 21, -1
422, 974, -1
422, 823, -1
422, 815, -1
422, 241, -1
422, 1145, -1
422, 674, -1
422, 1601, -1
422, 1602, -1
422, 1882, -1
1882, 1332, -1
1882, 21, -1
1882, 974, -1
1882, 823, -1
1882, 815, -1
1882, 241, -1
1882, 1145, -1
1882, 674, -1
1882, 1601, -1
1882, 1602, -1
1882, 422, -1

974, 823, 1
974, 815, 1
974, 911, 1
823, 974, 1
823, 815, 1
823, 911, 1
815, 974, 1
815, 823, 1
815, 911, 1
911, 974, 1
911, 823, 1
911, 815, 1
1145, 1177, 1
1177, 1145, 1
1601, 1602, 1
1602, 1601, 1
1332, 21, -1
1332, 974, -1
1332, 823, -1
1332, 815, -1
1332, 911, -1
1332, 241, -1
1332, 1145, -1
1332, 1177, -1
1332, 674, -1
1332, 1601, -1
1332, 1602, -1
1332, 422, -1
1332, 1882, -1
21, 1332, -1
21, 974, -1
21, 823, -1
21, 815, -1
21, 911, -1
21, 241, -1
21, 1145, -1
21, 1177, -1
21, 674, -1
21, 1601, -1
21, 1602, -1
21, 422, -1
21, 1882, -1
974, 1332, -1
823, 1332, -1
815, 1332, -1
911, 1332, -1
974, 21, -1
823, 21, -1
815, 21, -1
911, 21, -1
974, 241, -1
823, 241, -1
815, 241, -1
911, 241, -1
974, 1145, -1
974, 1177, -1
823, 1145, -1
823, 1177, -1
815, 1145, -1
815, 1177, -1
911, 1145, -1
911, 1177, -1
974, 674, -1
823, 674, -1
815, 674, -1
911, 674, -1
974, 1601, -1
974, 1602, -1
823, 1601, -1
823, 1602, -1
815, 1601, -1
815, 1602, -1
911, 1601, -1
911, 1602, -1
974, 422, -1
823, 422, -1
815, 422, -1
911, 422, -1
974, 1882, -1
823, 1882, -1
815, 1882, -1
911, 1882, -1
241, 1332, -1
241, 21, -1
241, 974, -1
241, 823, -1
241, 815, -1
241, 911, -1
241, 1145, -1
241, 1177, -1
241, 674, -1
241, 1601, -1
241, 1602, -1
241, 422, -1
241, 1882, -1
1145, 1332, -1
1177, 1332, -1
1145, 21, -1
1177, 21, -1
1145, 974, -1
1145, 823, -1
1145, 815, -1
1145, 911, -1
1177, 974, -1
1177, 823, -1
1177, 815, -1
1177, 911, -1
1145, 241, -1
1177, 241, -1
1145, 674, -1
1177, 674, -1
1145, 1601, -1
1145, 1602, -1
1177, 1601, -1
1177, 1602, -1
1145, 422, -1
1177, 422, -1
1145, 1882, -1
1177, 1882, -1
674, 1332, -1
674, 21, -1
674, 974, -1
674, 823, -1
674, 815, -1
674, 911, -1
674, 241, -1
674, 1145, -1
674, 1177, -1
674, 1601, -1
674, 1602, -1
674, 422, -1
674, 1882, -1
1601, 1332, -1
1602, 1332, -1
1601, 21, -1
1602, 21, -1
1601, 974, -1
1601, 823, -1
1601, 815, -1
1601, 911, -1
1602, 974, -1
1602, 823, -1
1602, 815, -1
1602, 911, -1
1601, 241, -1
1602, 241, -1
1601, 1145, -1
1601, 1177, -1
1602, 1145, -1
1602, 1177, -1
1601, 674, -1
1602, 674, -1
1601, 422, -1
1602, 422, -1
1601, 1882, -1
1602, 1882, -1
422, 1332, -1
422, 21, -1
422, 974, -1
422, 823, -1
422, 815, -1
422, 911, -1
422, 241, -1
422, 1145, -1
422, 1177, -1
422, 674, -1
422, 1601, -1
422, 1602, -1
422, 1882, -1
1882, 1332, -1
1882, 21, -1
1882, 974, -1
1882, 823, -1
1882, 815, -1
1882, 911, -1
1882, 241, -1
1882, 1145, -1
1882, 1177, -1
1882, 674, -1
1882, 1601, -1
1882, 1602, -1
1882, 422, -1

974, 823, 1
974, 815, 1
974, 911, 1
823, 974, 1
823, 815, 1
823, 911, 1
815, 974, 1
815, 823, 1
815, 911, 1
911, 974, 1
911, 823, 1
911, 815, 1
1145, 1177, 1
1145, 1104, 1
1145, 1050, 1
1177, 1145, 1
1177, 1104, 1
1177, 1050, 1
1104, 1145, 1
1104, 1177, 1
1104, 1050, 1
1050, 1145, 1
1050, 1177, 1
1050, 1104, 1
1601, 1602, 1
1602, 1601, 1
1332, 21, -1
1332, 974, -1
1332, 823, -1
1332, 815, -1
1332, 911, -1
1332, 241, -1
1332, 1145, -1
1332, 1177, -1
1332, 1104, -1
1332, 1050, -1
1332, 674, -1
1332, 1601, -1
1332, 1602, -1
1332, 422, -1
1332, 1882, -1
21, 1332, -1
21, 974, -1
21, 823, -1
21, 815, -1
21, 911, -1
21, 241, -1
21, 1145, -1
21, 1177, -1
21, 1104, -1
21, 1050, -1
21, 674, -1
21, 1601, -1
21, 1602, -1
21, 422, -1
21, 1882, -1
974, 1332, -1
823, 1332, -1
815, 1332, -1
911, 1332, -1
974, 21, -1
823, 21, -1
815, 21, -1
911, 21, -1
974, 241, -1
823, 241, -1
815, 241, -1
911, 241, -1
974, 1145, -1
974, 1177, -1
974, 1104, -1
974, 1050, -1
823, 1145, -1
823, 1177, -1
823, 1104, -1
823, 1050, -1
815, 1145, -1
815, 1177, -1
815, 1104, -1
815, 1050, -1
911, 1145, -1
911, 1177, -1
911, 1104, -1
911, 1050, -1
974, 674, -1
823, 674, -1
815, 674, -1
911, 674, -1
974, 1601, -1
974, 1602, -1
823, 1601, -1
823, 1602, -1
815, 1601, -1
815, 1602, -1
911, 1601, -1
911, 1602, -1
974, 422, -1
823, 422, -1
815, 422, -1
911, 422, -1
974, 1882, -1
823, 1882, -1
815, 1882, -1
911, 1882, -1
241, 1332, -1
241, 21, -1
241, 974, -1
241, 823, -1
241, 815, -1
241, 911, -1
241, 1145, -1
241, 1177, -1
241, 1104, -1
241, 1050, -1
241, 674, -1
241, 1601, -1
241, 1602, -1
241, 422, -1
241, 1882, -1
1145, 1332, -1
1177, 1332, -1
1104, 1332, -1
1050, 1332, -1
1145, 21, -1
1177, 21, -1
1104, 21, -1
1050, 21, -1
1145, 974, -1
1145, 823, -1
1145, 815, -1
1145, 911, -1
1177, 974, -1
1177, 823, -1
1177, 815, -1
1177, 911, -1
1104, 974, -1
1104, 823, -1
1104, 815, -1
1104, 911, -1
1050, 974, -1
1050, 823, -1
1050, 815, -1
1050, 911, -1
1145, 241, -1
1177, 241, -1
1104, 241, -1
1050, 241, -1
1145, 674, -1
1177, 674, -1
1104, 674, -1
1050, 674, -1
1145, 1601, -1
1145, 1602, -1
1177, 1601, -1
1177, 1602, -1
1104, 1601, -1
1104, 1602, -1
1050, 1601, -1
1050, 1602, -1
1145, 422, -1
1177, 422, -1
1104, 422, -1
1050, 422, -1
1145, 1882, -1
1177, 1882, -1
1104, 1882, -1
1050, 1882, -1
674, 1332, -1
674, 21, -1
674, 974, -1
674, 823, -1
674, 815, -1
674, 911, -1
674, 241, -1
674, 1145, -1
674, 1177, -1
674, 1104, -1
674, 1050, -1
674, 1601, -1
674, 1602, -1
674, 422, -1
674, 1882, -1
1601, 1332, -1
1602, 1332, -1
1601, 21, -1
1602, 21, -1
1601, 974, -1
1601, 823, -1
1601, 815, -1
1601, 911, -1
1602, 974, -1
1602, 823, -1
1602, 815, -1
1602, 911, -1
1601, 241, -1
1602, 241, -1
1601, 1145, -1
1601, 1177, -1
1601, 1104, -1
1601, 1050, -1
1602, 1145, -1
1602, 1177, -1
1602, 1104, -1
1602, 1050, -1
1601, 674, -1
1602, 674, -1
1601, 422, -1
1602, 422, -1
1601, 1882, -1
1602, 1882, -1
422, 1332, -1
422, 21, -1
422, 974, -1
422, 823, -1
422, 815, -1
422, 911, -1
422, 241, -1
422, 1145, -1
422, 1177, -1
422, 1104, -1
422, 1050, -1
422, 674, -1
422, 1601, -1
422, 1602, -1
422, 1882, -1
1882, 1332, -1
1882, 21, -1
1882, 974, -1
1882, 823, -1
1882, 815, -1
1882, 911, -1
1882, 241, -1
1882, 1145, -1
1882, 1177, -1
1882, 1104, -1
1882, 1050, -1
1882, 674, -1
1882, 1601, -1
1882, 1602, -1
1882, 422, -1

974, 823, 1
974, 815, 1
974, 911, 1
823, 974, 1
823, 815, 1
823, 911, 1
815, 974, 1
815, 823, 1
815, 911, 1
911, 974, 1
911, 823, 1
911, 815, 1
1145, 1177, 1
1145, 1104, 1
1145, 1050, 1
1177, 1145, 1
1177, 1104, 1
1177, 1050, 1
1104, 1145, 1
1104, 1177, 1
1104, 1050, 1
1050, 1145, 1
1050, 1177, 1
1050, 1104, 1
674, 705, 1
705, 674, 1
1601, 1602, 1
1602, 1601, 1
1332, 21, -1
1332, 974, -1
1332, 823, -1
1332, 815, -1
1332, 911, -1
1332, 241, -1
1332, 1145, -1
1332, 1177, -1
1332, 1104, -1
1332, 1050, -1
1332, 674, -1
1332, 705, -1
1332, 1601, -1
1332, 1602, -1
1332, 422, -1
1332, 1882, -1
21, 1332, -1
21, 974, -1
21, 823, -1
21, 815, -1
21, 911, -1
21, 241, -1
21, 1145, -1
21, 1177, -1
21, 1104, -1
21, 1050, -1
21, 674, -1
21, 705, -1
21, 1601, -1
21, 1602, -1
21, 422, -1
21, 1882, -1
974, 1332, -1
823, 1332, -1
815, 1332, -1
911, 1332, -1
974, 21, -1
823, 21, -1
815, 21, -1
911, 21, -1
974, 241, -1
823, 241, -1
815, 241, -1
911, 241, -1
974, 1145, -1
974, 1177, -1
974, 1104, -1
974, 1050, -1
823, 1145, -1
823, 1177, -1
823, 1104, -1
823, 1050, -1
815, 1145, -1
815, 1177, -1
815, 1104, -1
815, 1050, -1
911, 1145, -1
911, 1177, -1
911, 1104, -1
911, 1050, -1
974, 674, -1
974, 705, -1
823, 674, -1
823, 705, -1
815, 674, -1
815, 705, -1
911, 674, -1
911, 705, -1
974, 1601, -1
974, 1602, -1
823, 1601, -1
823, 1602, -1
815, 1601, -1
815, 1602, -1
911, 1601, -1
911, 1602, -1
974, 422, -1
823, 422, -1
815, 422, -1
911, 422, -1
974, 1882, -1
823, 1882, -1
815, 1882, -1
911, 1882, -1
241, 1332, -1
241, 21, -1
241, 974, -1
241, 823, -1
241, 815, -1
241, 911, -1
241, 1145, -1
241, 1177, -1
241, 1104, -1
241, 1050, -1
241, 674, -1
241, 705, -1
241, 1601, -1
241, 1602, -1
241, 422, -1
241, 1882, -1
1145, 1332, -1
1177, 1332, -1
1104, 1332, -1
1050, 1332, -1
1145, 21, -1
1177, 21, -1
1104, 21, -1
1050, 21, -1
1145, 974, -1
1145, 823, -1
1145, 815, -1
1145, 911, -1
1177, 974, -1
1177, 823, -1
1177, 815, -1
1177, 911, -1
1104, 974, -1
1104, 823, -1
1104, 815, -1
1104, 911, -1
1050, 974, -1
1050, 823, -1
1050, 815, -1
1050, 911, -1
1145, 241, -1
1177, 241, -1
1104, 241, -1
1050, 241, -1
1145, 674, -1
1145, 705, -1
1177, 674, -1
1177, 705, -1
1104, 674, -1
1104, 705, -1
1050, 674, -1
1050, 705, -1
1145, 1601, -1
1145, 1602, -1
1177, 1601, -1
1177, 1602, -1
1104, 1601, -1
1104, 1602, -1
1050, 1601, -1
1050, 1602, -1
1145, 422, -1
1177, 422, -1
1104, 422, -1
1050, 422, -1
1145, 1882, -1
1177, 1882, -1
1104, 1882, -1
1050, 1882, -1
674, 1332, -1
705, 1332, -1
674, 21, -1
705, 21, -1
674, 974, -1
674, 823, -1
674, 815, -1
674, 911, -1
705, 974, -1
705, 823, -1
705, 815, -1
705, 911, -1
674, 241, -1
705, 241, -1
674, 1145, -1
674, 1177, -1
674, 1104, -1
674, 1050, -1
705, 1145, -1
705, 1177, -1
705, 1104, -1
705, 1050, -1
674, 1601, -1
674, 1602, -1
705, 1601, -1
705, 1602, -1
674, 422, -1
705, 422, -1
674, 1882, -1
705, 1882, -1
1601, 1332, -1
1602, 1332, -1
1601, 21, -1
1602, 21, -1
1601, 974, -1
1601, 823, -1
1601, 815, -1
1601, 911, -1
1602, 974, -1
1602, 823, -1
1602, 815, -1
1602, 911, -1
1601, 241, -1
1602, 241, -1
1601, 1145, -1
1601, 1177, -1
1601, 1104, -1
1601, 1050, -1
1602, 1145, -1
1602, 1177, -1
1602, 1104, -1
1602, 1050, -1
1601, 674, -1
1601, 705, -1
1602, 674, -1
1602, 705, -1
1601, 422, -1
1602, 422, -1
1601, 1882, -1
1602, 1882, -1
422, 1332, -1
422, 21, -1
422, 974, -1
422, 823, -1
422, 815, -1
422, 911, -1
422, 241, -1
422, 1145, -1
422, 1177, -1
422, 1104, -1
422, 1050, -1
422, 674, -1
422, 705, -1
422, 1601, -1
422, 1602, -1
422, 1882, -1
1882, 1332, -1
1882, 21, -1
1882, 974, -1
1882, 823, -1
1882, 815, -1
1882, 911, -1
1882, 241, -1
1882, 1145, -1
1882, 1177, -1
1882, 1104, -1
1882, 1050, -1
1882, 674, -1
1882, 705, -1
1882, 1601, -1
1882, 1602, -1
1882, 422, -1

