162, 823, -1
162, 248, -1
162, 1171, -1
162, 1363, -1
823, 162, -1
823, 248, -1
823, 1171, -1
823, 1363, -1
248, 162, -1
248, 823, -1
248, 1171, -1
248, 1363, -1
1171, 162, -1
1171, 823, -1
1171, 248, -1
1171, 1363, -1
1363, 162, -1
1363, 823, -1
1363, 248, -1
1363, 1171, -1

823, 974, 1
974, 823, 1
162, 823, -1
162, 974, -1
162, 248, -1
162, 1171, -1
162, 1363, -1
162, 756, -1
823, 162, -1
974, 162, -1
823, 248, -1
974, 248, -1
823, 1171, -1
974, 1171, -1
823, 1363, -1
974, 1363, -1
823, 756, -1
974, 756, -1
248, 162, -1
248, 823, -1
248, 974, -1
248, 1171, -1
248, 1363, -1
248, 756, -1
1171, 162, -1
1171, 823, -1
1171, 974, -1
1171, 248, -1
1171, 1363, -1
1171, 756, -1
1363, 162, -1
1363, 823, -1
1363, 974, -1
1363, 248, -1
1363, 1171, -1
1363, 756, -1
756, 162, -1
756, 823, -1
756, 974, -1
756, 248, -1
756, 1171, -1
756, 1363, -1

823, 974, 1
974, 823, 1
248, 274, 1
274, 248, 1
1171, 1092, 1
1092, 1171, 1
162, 823, -1
162, 974, -1
162, 248, -1
162, 274, -1
162, 1171, -1
162, 1092, -1
162, 1363, -1
162, 756, -1
823, 162, -1
974, 162, -1
823, 248, -1
823, 274, -1
974, 248, -1
974, 274, -1
823, 1171, -1
823, 1092, -1
974, 1171, -1
974, 1092, -1
823, 1363, -1
974, 1363, -1
823, 756, -1
974, 756, -1
248, 162, -1
274, 162, -1
248, 823, -1
248, 974, -1
274, 823, -1
274, 974, -1
248, 1171, -1
248, 1092, -1
274, 1171, -1
274, 1092, -1
248, 1363, -1
274, 1363, -1
248, 756, -1
274, 756, -1
1171, 162, -1
1092, 162, -1
1171, 823, -1
1171, 974, -1
1092, 823, -1
1092, 974, -1
1171, 248, -1
1171, 274, -1
1092, 248, -1
1092, 274, -1
1171, 1363, -1
1092, 1363, -1
1171, 756, -1
1092, 756, -1
1363, 162, -1
1363, 823, -1
1363, 974, -1
1363, 248, -1
1363, 274, -1
1363, 1171, -1
1363, 1092, -1
1363, 756, -1
756, 162, -1
756, 823, -1
756, 974, -1
756, 248, -1
756, 274, -1
756, 1171, -1
756, 1092, -1
756, 1363, -1

823, 974, 1
974, 823, 1
248, 274, 1
274, 248, 1
1171, 1092, 1
1092, 1171, 1
162, 823, -1
162, 974, -1
162, 248, -1
162, 274, -1
162, 1171, -1
162, 1092, -1
162, 1363, -1
162, 756, -1
162, 1601, -1
823, 162, -1
974, 162, -1
823, 248, -1
823, 274, -1
974, 248, -1
974, 274, -1
823, 1171, -1
823, 1092, -1
974, 1171, -1
974, 1092, -1
823, 1363, -1
974, 1363, -1
823, 756, -1
974, 756, -1
823, 1601, -1
974, 1601, -1
248, 162, -1
274, 162, -1
248, 823, -1
248, 974, -1
274, 823, -1
274, 974, -1
248, 1171, -1
248, 1092, -1
274, 1171, -1
274, 1092, -1
248, 1363, -1
274, 1363, -1
248, 756, -1
274, 756, -1
248, 1601, -1
274, 1601, -1
1171, 162, -1
1092, 162, -1
1171, 823, -1
1171, 974, -1
1092, 823, -1
1092, 974, -1
1171, 248, -1
1171, 274, -1
1092, 248, -1
1092, 274, -1
1171, 1363, -1
1092, 1363, -1
1171, 756, -1
1092, 756, -1
1171, 1601, -1
1092, 1601, -1
1363, 162, -1
1363, 823, -1
1363, 974, -1
1363, 248, -1
1363, 274, -1
1363, 1171, -1
1363, 1092, -1
1363, 756, -1
1363, 1601, -1
756, 162, -1
756, 823, -1
756, 974, -1
756, 248, -1
756, 274, -1
756, 1171, -1
756, 1092, -1
756, 1363, -1
756, 1601, -1
1601, 162, -1
1601, 823, -1
1601, 974, -1
1601, 248, -1
1601, 274, -1
1601, 1171, -1
1601, 1092, -1
1601, 1363, -1
1601, 756, -1

823, 974, 1
974, 823, 1
248, 274, 1
274, 248, 1
1171, 1092, 1
1092, 1171, 1
1363, 1210, 1
1210, 1363, 1
162, 823, -1
162, 974, -1
162, 248, -1
162, 274, -1
162, 1171, -1
162, 1092, -1
162, 1363, -1
162, 1210, -1
162, 756, -1
162, 1601, -1
823, 162, -1
974, 162, -1
823, 248, -1
823, 274, -1
974, 248, -1
974, 274, -1
823, 1171, -1
823, 1092, -1
974, 1171, -1
974, 1092, -1
823, 1363, -1
823, 1210, -1
974, 1363, -1
974, 1210, -1
823, 756, -1
974, 756, -1
823, 1601, -1
974, 1601, -1
248, 162, -1
274, 162, -1
248, 823, -1
248, 974, -1
274, 823, -1
274, 974, -1
248, 1171, -1
248, 1092, -1
274, 1171, -1
274, 1092, -1
248, 1363, -1
248, 1210, -1
274, 1363, -1
274, 1210, -1
248, 756, -1
274, 756, -1
248, 1601, -1
274, 1601, -1
1171, 162, -1
1092, 162, -1
1171, 823, -1
1171, 974, -1
1092, 823, -1
1092, 974, -1
1171, 248, -1
1171, 274, -1
1092, 248, -1
1092, 274, -1
1171, 1363, -1
1171, 1210, -1
1092, 1363, -1
1092, 1210, -1
1171, 756, -1
1092, 756, -1
1171, 1601, -1
1092, 1601, -1
1363, 162, -1
1210, 162, -1
1363, 823, -1
1363, 974, -1
1210, 823, -1
1210, 974, -1
1363, 248, -1
1363, 274, -1
1210, 248, -1
1210, 274, -1
1363, 1171, -1
1363, 1092, -1
1210, 1171, -1
1210, 1092, -1
1363, 756, -1
1210, 756, -1
1363, 1601, -1
1210, 1601, -1
756, 162, -1
756, 823, -1
756, 974, -1
756, 248, -1
756, 274, -1
756, 1171, -1
756, 1092, -1
756, 1363, -1
756, 1210, -1
756, 1601, -1
1601, 162, -1
1601, 823, -1
1601, 974, -1
1601, 248, -1
1601, 274, -1
1601, 1171, -1
1601, 1092, -1
1601, 1363, -1
1601, 1210, -1
1601, 756, -1

823, 974, 1
974, 823, 1
248, 274, 1
274, 248, 1
1171, 1092, 1
1092, 1171, 1
1363, 1210, 1
1210, 1363, 1
756, 770, 1
770, 756, 1
162, 823, -1
162, 974, -1
162, 248, -1
162, 274, -1
162, 1171, -1
162, 1092, -1
162, 1363, -1
162, 1210, -1
162, 756, -1
162, 770, -1
162, 1601, -1
823, 162, -1
974, 162, -1
823, 248, -1
823, 274, -1
974, 248, -1
974, 274, -1
823, 1171, -1
823, 1092, -1
974, 1171, -1
974, 1092, -1
823, 1363, -1
823, 1210, -1
974, 1363, -1
974, 1210, -1
823, 756, -1
823, 770, -1
974, 756, -1
974, 770, -1
823, 1601, -1
974, 1601, -1
248, 162, -1
274, 162, -1
248, 823, -1
248, 974, -1
274, 823, -1
274, 974, -1
248, 1171, -1
248, 1092, -1
274, 1171, -1
274, 1092, -1
248, 1363, -1
248, 1210, -1
274, 1363, -1
274, 1210, -1
248, 756, -1
248, 770, -1
274, 756, -1
274, 770, -1
248, 1601, -1
274, 1601, -1
1171, 162, -1
1092, 162, -1
1171, 823, -1
1171, 974, -1
1092, 823, -1
1092, 974, -1
1171, 248, -1
1171, 274, -1
1092, 248, -1
1092, 274, -1
1171, 1363, -1
1171, 1210, -1
1092, 1363, -1
1092, 1210, -1
1171, 756, -1
1171, 770, -1
1092, 756, -1
1092, 770, -1
1171, 1601, -1
1092, 1601, -1
1363, 162, -1
1210, 162, -1
1363, 823, -1
1363, 974, -1
1210, 823, -1
1210, 974, -1
1363, 248, -1
1363, 274, -1
1210, 248, -1
1210, 274, -1
1363, 1171, -1
1363, 1092, -1
1210, 1171, -1
1210, 1092, -1
1363, 756, -1
1363, 770, -1
1210, 756, -1
1210, 770, -1
1363, 1601, -1
1210, 1601, -1
756, 162, -1
770, 162, -1
756, 823, -1
756, 974, -1
770, 823, -1
770, 974, -1
756, 248, -1
756, 274, -1
770, 248, -1
770, 274, -1
756, 1171, -1
756, 1092, -1
770, 1171, -1
770, 1092, -1
756, 1363, -1
756, 1210, -1
770, 1363, -1
770, 1210, -1
756, 1601, -1
770, 1601, -1
1601, 162, -1
1601, 823, -1
1601, 974, -1
1601, 248, -1
1601, 274, -1
1601, 1171, -1
1601, 1092, -1
1601, 1363, -1
1601, 1210, -1
1601, 756, -1
1601, 770, -1

823, 974, 1
974, 823, 1
248, 274, 1
274, 248, 1
1171, 1092, 1
1092, 1171, 1
1363, 1210, 1
1363, 1368, 1
1210, 1363, 1
1210, 1368, 1
1368, 1363, 1
1368, 1210, 1
756, 770, 1
770, 756, 1
162, 823, -1
162, 974, -1
162, 248, -1
162, 274, -1
162, 1171, -1
162, 1092, -1
162, 1363, -1
162, 1210, -1
162, 1368, -1
162, 756, -1
162, 770, -1
162, 1601, -1
823, 162, -1
974, 162, -1
823, 248, -1
823, 274, -1
974, 248, -1
974, 274, -1
823, 1171, -1
823, 1092, -1
974, 1171, -1
974, 1092, -1
823, 1363, -1
823, 1210, -1
823, 1368, -1
974, 1363, -1
974, 1210, -1
974, 1368, -1
823, 756, -1
823, 770, -1
974, 756, -1
974, 770, -1
823, 1601, -1
974, 1601, -1
248, 162, -1
274, 162, -1
248, 823, -1
248, 974, -1
274, 823, -1
274, 974, -1
248, 1171, -1
248, 1092, -1
274, 1171, -1
274, 1092, -1
248, 1363, -1
248, 1210, -1
248, 1368, -1
274, 1363, -1
274, 1210, -1
274, 1368, -1
248, 756, -1
248, 770, -1
274, 756, -1
274, 770, -1
248, 1601, -1
274, 1601, -1
1171, 162, -1
1092, 162, -1
1171, 823, -1
1171, 974, -1
1092, 823, -1
1092, 974, -1
1171, 248, -1
1171, 274, -1
1092, 248, -1
1092, 274, -1
1171, 1363, -1
1171, 1210, -1
1171, 1368, -1
1092, 1363, -1
1092, 1210, -1
1092, 1368, -1
1171, 756, -1
1171, 770, -1
1092, 756, -1
1092, 770, -1
1171, 1601, -1
1092, 1601, -1
1363, 162, -1
1210, 162, -1
1368, 162, -1
1363, 823, -1
1363, 974, -1
1210, 823, -1
1210, 974, -1
1368, 823, -1
1368, 974, -1
1363, 248, -1
1363, 274, -1
1210, 248, -1
1210, 274, -1
1368, 248, -1
1368, 274, -1
1363, 1171, -1
1363, 1092, -1
1210, 1171, -1
1210, 1092, -1
1368, 1171, -1
1368, 1092, -1
1363, 756, -1
1363, 770, -1
1210, 756, -1
1210, 770, -1
1368, 756, -1
1368, 770, -1
1363, 1601, -1
1210, 1601, -1
1368, 1601, -1
756, 162, -1
770, 162, -1
756, 823, -1
756, 974, -1
770, 823, -1
770, 974, -1
756, 248, -1
756, 274, -1
770, 248, -1
770, 274, -1
756, 1171, -1
756, 1092, -1
770, 1171, -1
770, 1092, -1
756, 1363, -1
756, 1210, -1
756, 1368, -1
770, 1363, -1
770, 1210, -1
770, 1368, -1
756, 1601, -1
770, 1601, -1
1601, 162, -1
1601, 823, -1
1601, 974, -1
1601, 248, -1
1601, 274, -1
1601, 1171, -1
1601, 1092, -1
1601, 1363, -1
1601, 1210, -1
1601, 1368, -1
1601, 756, -1
1601, 770, -1

823, 974, 1
974, 823, 1
248, 274, 1
274, 248, 1
1171, 1092, 1
1092, 1171, 1
1363, 1210, 1
1363, 1368, 1
1210, 1363, 1
1210, 1368, 1
1368, 1363, 1
1368, 1210, 1
756, 770, 1
770, 756, 1
1601, 1623, 1
1623, 1601, 1
162, 823, -1
162, 974, -1
162, 248, -1
162, 274, -1
162, 1171, -1
162, 1092, -1
162, 1363, -1
162, 1210, -1
162, 1368, -1
162, 756, -1
162, 770, -1
162, 1601, -1
162, 1623, -1
823, 162, -1
974, 162, -1
823, 248, -1
823, 274, -1
974, 248, -1
974, 274, -1
823, 1171, -1
823, 1092, -1
974, 1171, -1
974, 1092, -1
823, 1363, -1
823, 1210, -1
823, 1368, -1
974, 1363, -1
974, 1210, -1
974, 1368, -1
823, 756, -1
823, 770, -1
974, 756, -1
974, 770, -1
823, 1601, -1
823, 1623, -1
974, 1601, -1
974, 1623, -1
248, 162, -1
274, 162, -1
248, 823, -1
248, 974, -1
274, 823, -1
274, 974, -1
248, 1171, -1
248, 1092, -1
274, 1171, -1
274, 1092, -1
248, 1363, -1
248, 1210, -1
248, 1368, -1
274, 1363, -1
274, 1210, -1
274, 1368, -1
248, 756, -1
248, 770, -1
274, 756, -1
274, 770, -1
248, 1601, -1
248, 1623, -1
274, 1601, -1
274, 1623, -1
1171, 162, -1
1092, 162, -1
1171, 823, -1
1171, 974, -1
1092, 823, -1
1092, 974, -1
1171, 248, -1
1171, 274, -1
1092, 248, -1
1092, 274, -1
1171, 1363, -1
1171, 1210, -1
1171, 1368, -1
1092, 1363, -1
1092, 1210, -1
1092, 1368, -1
1171, 756, -1
1171, 770, -1
1092, 756, -1
1092, 770, -1
1171, 1601, -1
1171, 1623, -1
1092, 1601, -1
1092, 1623, -1
1363, 162, -1
1210, 162, -1
1368, 162, -1
1363, 823, -1
1363, 974, -1
1210, 823, -1
1210, 974, -1
1368, 823, -1
1368, 974, -1
1363, 248, -1
1363, 274, -1
1210, 248, -1
1210, 274, -1
1368, 248, -1
1368, 274, -1
1363, 1171, -1
1363, 1092, -1
1210, 1171, -1
1210, 1092, -1
1368, 1171, -1
1368, 1092, -1
1363, 756, -1
1363, 770, -1
1210, 756, -1
1210, 770, -1
1368, 756, -1
1368, 770, -1
1363, 1601, -1
1363, 1623, -1
1210, 1601, -1
1210, 1623, -1
1368, 1601, -1
1368, 1623, -1
756, 162, -1
770, 162, -1
756, 823, -1
756, 974, -1
770, 823, -1
770, 974, -1
756, 248, -1
756, 274, -1
770, 248, -1
770, 274, -1
756, 1171, -1
756, 1092, -1
770, 1171, -1
770, 1092, -1
756, 1363, -1
756, 1210, -1
756, 1368, -1
770, 1363, -1
770, 1210, -1
770, 1368, -1
756, 1601, -1
756, 1623, -1
770, 1601, -1
770, 1623, -1
1601, 162, -1
1623, 162, -1
1601, 823, -1
1601, 974, -1
1623, 823, -1
1623, 974, -1
1601, 248, -1
1601, 274, -1
1623, 248, -1
1623, 274, -1
1601, 1171, -1
1601, 1092, -1
1623, 1171, -1
1623, 1092, -1
1601, 1363, -1
1601, 1210, -1
1601, 1368, -1
1623, 1363, -1
1623, 1210, -1
1623, 1368, -1
1601, 756, -1
1601, 770, -1
1623, 756, -1
1623, 770, -1

823, 974, 1
974, 823, 1
248, 274, 1
274, 248, 1
1171, 1092, 1
1092, 1171, 1
1363, 1210, 1
1363, 1368, 1
1210, 1363, 1
1210, 1368, 1
1368, 1363, 1
1368, 1210, 1
756, 770, 1
756, 705, 1
770, 756, 1
770, 705, 1
705, 756, 1
705, 770, 1
1601, 1623, 1
1623, 1601, 1
162, 823, -1
162, 974, -1
162, 248, -1
162, 274, -1
162, 1171, -1
162, 1092, -1
162, 1363, -1
162, 1210, -1
162, 1368, -1
162, 756, -1
162, 770, -1
162, 705, -1
162, 1601, -1
162, 1623, -1
823, 162, -1
974, 162, -1
823, 248, -1
823, 274, -1
974, 248, -1
974, 274, -1
823, 1171, -1
823, 1092, -1
974, 1171, -1
974, 1092, -1
823, 1363, -1
823, 1210, -1
823, 1368, -1
974, 1363, -1
974, 1210, -1
974, 1368, -1
823, 756, -1
823, 770, -1
823, 705, -1
974, 756, -1
974, 770, -1
974, 705, -1
823, 1601, -1
823, 1623, -1
974, 1601, -1
974, 1623, -1
248, 162, -1
274, 162, -1
248, 823, -1
248, 974, -1
274, 823, -1
274, 974, -1
248, 1171, -1
248, 1092, -1
274, 1171, -1
274, 1092, -1
248, 1363, -1
248, 1210, -1
248, 1368, -1
274, 1363, -1
274, 1210, -1
274, 1368, -1
248, 756, -1
248, 770, -1
248, 705, -1
274, 756, -1
274, 770, -1
274, 705, -1
248, 1601, -1
248, 1623, -1
274, 1601, -1
274, 1623, -1
1171, 162, -1
1092, 162, -1
1171, 823, -1
1171, 974, -1
1092, 823, -1
1092, 974, -1
1171, 248, -1
1171, 274, -1
1092, 248, -1
1092, 274, -1
1171, 1363, -1
1171, 1210, -1
1171, 1368, -1
1092, 1363, -1
1092, 1210, -1
1092, 1368, -1
1171, 756, -1
1171, 770, -1
1171, 705, -1
1092, 756, -1
1092, 770, -1
1092, 705, -1
1171, 1601, -1
1171, 1623, -1
1092, 1601, -1
1092, 1623, -1
1363, 162, -1
1210, 162, -1
1368, 162, -1
1363, 823, -1
1363, 974, -1
1210, 823, -1
1210, 974, -1
1368, 823, -1
1368, 974, -1
1363, 248, -1
1363, 274, -1
1210, 248, -1
1210, 274, -1
1368, 248, -1
1368, 274, -1
1363, 1171, -1
1363, 1092, -1
1210, 1171, -1
1210, 1092, -1
1368, 1171, -1
1368, 1092, -1
1363, 756, -1
1363, 770, -1
1363, 705, -1
1210, 756, -1
1210, 770, -1
1210, 705, -1
1368, 756, -1
1368, 770, -1
1368, 705, -1
1363, 1601, -1
1363, 1623, -1
1210, 1601, -1
1210, 1623, -1
1368, 1601, -1
1368, 1623, -1
756, 162, -1
770, 162, -1
705, 162, -1
756, 823, -1
756, 974, -1
770, 823, -1
770, 974, -1
705, 823, -1
705, 974, -1
756, 248, -1
756, 274, -1
770, 248, -1
770, 274, -1
705, 248, -1
705, 274, -1
756, 1171, -1
756, 1092, -1
770, 1171, -1
770, 1092, -1
705, 1171, -1
705, 1092, -1
756, 1363, -1
756, 1210, -1
756, 1368, -1
770, 1363, -1
770, 1210, -1
770, 1368, -1
705, 1363, -1
705, 1210, -1
705, 1368, -1
756, 1601, -1
756, 1623, -1
770, 1601, -1
770, 1623, -1
705, 1601, -1
705, 1623, -1
1601, 162, -1
1623, 162, -1
1601, 823, -1
1601, 974, -1
1623, 823, -1
1623, 974, -1
1601, 248, -1
1601, 274, -1
1623, 248, -1
1623, 274, -1
1601, 1171, -1
1601, 1092, -1
1623, 1171, -1
1623, 1092, -1
1601, 1363, -1
1601, 1210, -1
1601, 1368, -1
1623, 1363, -1
1623, 1210, -1
1623, 1368, -1
1601, 756, -1
1601, 770, -1
1601, 705, -1
1623, 756, -1
1623, 770, -1
1623, 705, -1

823, 974, 1
974, 823, 1
248, 274, 1
274, 248, 1
1171, 1092, 1
1092, 1171, 1
1363, 1210, 1
1363, 1368, 1
1210, 1363, 1
1210, 1368, 1
1368, 1363, 1
1368, 1210, 1
756, 770, 1
756, 705, 1
770, 756, 1
770, 705, 1
705, 756, 1
705, 770, 1
1601, 1623, 1
1623, 1601, 1
162, 823, -1
162, 974, -1
162, 248, -1
162, 274, -1
162, 1171, -1
162, 1092, -1
162, 1363, -1
162, 1210, -1
162, 1368, -1
162, 756, -1
162, 770, -1
162, 705, -1
162, 1601, -1
162, 1623, -1
162, 1549, -1
823, 162, -1
974, 162, -1
823, 248, -1
823, 274, -1
974, 248, -1
974, 274, -1
823, 1171, -1
823, 1092, -1
974, 1171, -1
974, 1092, -1
823, 1363, -1
823, 1210, -1
823, 1368, -1
974, 1363, -1
974, 1210, -1
974, 1368, -1
823, 756, -1
823, 770, -1
823, 705, -1
974, 756, -1
974, 770, -1
974, 705, -1
823, 1601, -1
823, 1623, -1
974, 1601, -1
974, 1623, -1
823, 1549, -1
974, 1549, -1
248, 162, -1
274, 162, -1
248, 823, -1
248, 974, -1
274, 823, -1
274, 974, -1
248, 1171, -1
248, 1092, -1
274, 1171, -1
274, 1092, -1
248, 1363, -1
248, 1210, -1
248, 1368, -1
274, 1363, -1
274, 1210, -1
274, 1368, -1
248, 756, -1
248, 770, -1
248, 705, -1
274, 756, -1
274, 770, -1
274, 705, -1
248, 1601, -1
248, 1623, -1
274, 1601, -1
274, 1623, -1
248, 1549, -1
274, 1549, -1
1171, 162, -1
1092, 162, -1
1171, 823, -1
1171, 974, -1
1092, 823, -1
1092, 974, -1
1171, 248, -1
1171, 274, -1
1092, 248, -1
1092, 274, -1
1171, 1363, -1
1171, 1210, -1
1171, 1368, -1
1092, 1363, -1
1092, 1210, -1
1092, 1368, -1
1171, 756, -1
1171, 770, -1
1171, 705, -1
1092, 756, -1
1092, 770, -1
1092, 705, -1
1171, 1601, -1
1171, 1623, -1
1092, 1601, -1
1092, 1623, -1
1171, 1549, -1
1092, 1549, -1
1363, 162, -1
1210, 162, -1
1368, 162, -1
1363, 823, -1
1363, 974, -1
1210, 823, -1
1210, 974, -1
1368, 823, -1
1368, 974, -1
1363, 248, -1
1363, 274, -1
1210, 248, -1
1210, 274, -1
1368, 248, -1
1368, 274, -1
1363, 1171, -1
1363, 1092, -1
1210, 1171, -1
1210, 1092, -1
1368, 1171, -1
1368, 1092, -1
1363, 756, -1
1363, 770, -1
1363, 705, -1
1210, 756, -1
1210, 770, -1
1210, 705, -1
1368, 756, -1
1368, 770, -1
1368, 705, -1
1363, 1601, -1
1363, 1623, -1
1210, 1601, -1
1210, 1623, -1
1368, 1601, -1
1368, 1623, -1
1363, 1549, -1
1210, 1549, -1
1368, 1549, -1
756, 162, -1
770, 162, -1
705, 162, -1
756, 823, -1
756, 974, -1
770, 823, -1
770, 974, -1
705, 823, -1
705, 974, -1
756, 248, -1
756, 274, -1
770, 248, -1
770, 274, -1
705, 248, -1
705, 274, -1
756, 1171, -1
756, 1092, -1
770, 1171, -1
770, 1092, -1
705, 1171, -1
705, 1092, -1
756, 1363, -1
756, 1210, -1
756, 1368, -1
770, 1363, -1
770, 1210, -1
770, 1368, -1
705, 1363, -1
705, 1210, -1
705, 1368, -1
756, 1601, -1
756, 1623, -1
770, 1601, -1
770, 1623, -1
705, 1601, -1
705, 1623, -1
756, 1549, -1
770, 1549, -1
705, 1549, -1
1601, 162, -1
1623, 162, -1
1601, 823, -1
1601, 974, -1
1623, 823, -1
1623, 974, -1
1601, 248, -1
1601, 274, -1
1623, 248, -1
1623, 274, -1
1601, 1171, -1
1601, 1092, -1
1623, 1171, -1
1623, 1092, -1
1601, 1363, -1
1601, 1210, -1
1601, 1368, -1
1623, 1363, -1
1623, 1210, -1
1623, 1368, -1
1601, 756, -1
1601, 770, -1
1601, 705, -1
1623, 756, -1
1623, 770, -1
1623, 705, -1
1601, 1549, -1
1623, 1549, -1
1549, 162, -1
1549, 823, -1
1549, 974, -1
1549, 248, -1
1549, 274, -1
1549, 1171, -1
1549, 1092, -1
1549, 1363, -1
1549, 1210, -1
1549, 1368, -1
1549, 756, -1
1549, 770, -1
1549, 705, -1
1549, 1601, -1
1549, 1623, -1

