1887, 123, -1
1887, 974, -1
1887, 241, -1
1887, 1171, -1
123, 1887, -1
123, 974, -1
123, 241, -1
123, 1171, -1
974, 1887, -1
974, 123, -1
974, 241, -1
974, 1171, -1
241, 1887, -1
241, 123, -1
241, 974, -1
241, 1171, -1
1171, 1887, -1
1171, 123, -1
1171, 974, -1
1171, 241, -1

974, 823, 1
823, 974, 1
1887, 123, -1
1887, 974, -1
1887, 823, -1
1887, 241, -1
1887, 1171, -1
1887, 1601, -1
123, 1887, -1
123, 974, -1
123, 823, -1
123, 241, -1
123, 1171, -1
123, 1601, -1
974, 1887, -1
823, 1887, -1
974, 123, -1
823, 123, -1
974, 241, -1
823, 241, -1
974, 1171, -1
823, 1171, -1
974, 1601, -1
823, 1601, -1
241, 1887, -1
241, 123, -1
241, 974, -1
241, 823, -1
241, 1171, -1
241, 1601, -1
1171, 1887, -1
1171, 123, -1
1171, 974, -1
1171, 823, -1
1171, 241, -1
1171, 1601, -1
1601, 1887, -1
1601, 123, -1
1601, 974, -1
1601, 823, -1
1601, 241, -1
1601, 1171, -1

974, 823, 1
823, 974, 1
1887, 123, -1
1887, 974, -1
1887, 823, -1
1887, 241, -1
1887, 1171, -1
1887, 1601, -1
1887, 663, -1
123, 1887, -1
123, 974, -1
123, 823, -1
123, 241, -1
123, 1171, -1
123, 1601, -1
123, 663, -1
974, 1887, -1
823, 1887, -1
974, 123, -1
823, 123, -1
974, 241, -1
823, 241, -1
974, 1171, -1
823, 1171, -1
974, 1601, -1
823, 1601, -1
974, 663, -1
823, 663, -1
241, 1887, -1
241, 123, -1
241, 974, -1
241, 823, -1
241, 1171, -1
241, 1601, -1
241, 663, -1
1171, 1887, -1
1171, 123, -1
1171, 974, -1
1171, 823, -1
1171, 241, -1
1171, 1601, -1
1171, 663, -1
1601, 1887, -1
1601, 123, -1
1601, 974, -1
1601, 823, -1
1601, 241, -1
1601, 1171, -1
1601, 663, -1
663, 1887, -1
663, 123, -1
663, 974, -1
663, 823, -1
663, 241, -1
663, 1171, -1
663, 1601, -1

974, 823, 1
823, 974, 1
1171, 1175, 1
1175, 1171, 1
1887, 123, -1
1887, 974, -1
1887, 823, -1
1887, 241, -1
1887, 1171, -1
1887, 1175, -1
1887, 1601, -1
1887, 663, -1
123, 1887, -1
123, 974, -1
123, 823, -1
123, 241, -1
123, 1171, -1
123, 1175, -1
123, 1601, -1
123, 663, -1
974, 1887, -1
823, 1887, -1
974, 123, -1
823, 123, -1
974, 241, -1
823, 241, -1
974, 1171, -1
974, 1175, -1
823, 1171, -1
823, 1175, -1
974, 1601, -1
823, 1601, -1
974, 663, -1
823, 663, -1
241, 1887, -1
241, 123, -1
241, 974, -1
241, 823, -1
241, 1171, -1
241, 1175, -1
241, 1601, -1
241, 663, -1
1171, 1887, -1
1175, 1887, -1
1171, 123, -1
1175, 123, -1
1171, 974, -1
1171, 823, -1
1175, 974, -1
1175, 823, -1
1171, 241, -1
1175, 241, -1
1171, 1601, -1
1175, 1601, -1
1171, 663, -1
1175, 663, -1
1601, 1887, -1
1601, 123, -1
1601, 974, -1
1601, 823, -1
1601, 241, -1
1601, 1171, -1
1601, 1175, -1
1601, 663, -1
663, 1887, -1
663, 123, -1
663, 974, -1
663, 823, -1
663, 241, -1
663, 1171, -1
663, 1175, -1
663, 1601, -1

974, 823, 1
823, 974, 1
1171, 1175, 1
1175, 1171, 1
1601, 1602, 1
1602, 1601, 1
1887, 123, -1
1887, 974, -1
1887, 823, -1
1887, 241, -1
1887, 1171, -1
1887, 1175, -1
1887, 1601, -1
1887, 1602, -1
1887, 663, -1
123, 1887, -1
123, 974, -1
123, 823, -1
123, 241, -1
123, 1171, -1
123, 1175, -1
123, 1601, -1
123, 1602, -1
123, 663, -1
974, 1887, -1
823, 1887, -1
974, 123, -1
823, 123, -1
974, 241, -1
823, 241, -1
974, 1171, -1
974, 1175, -1
823, 1171, -1
823, 1175, -1
974, 1601, -1
974, 1602, -1
823, 1601, -1
823, 1602, -1
974, 663, -1
823, 663, -1
241, 1887, -1
241, 123, -1
241, 974, -1
241, 823, -1
241, 1171, -1
241, 1175, -1
241, 1601, -1
241, 1602, -1
241, 663, -1
1171, 1887, -1
1175, 1887, -1
1171, 123, -1
1175, 123, -1
1171, 974, -1
1171, 823, -1
1175, 974, -1
1175, 823, -1
1171, 241, -1
1175, 241, -1
1171, 1601, -1
1171, 1602, -1
1175, 1601, -1
1175, 1602, -1
1171, 663, -1
1175, 663, -1
1601, 1887, -1
1602, 1887, -1
1601, 123, -1
1602, 123, -1
1601, 974, -1
1601, 823, -1
1602, 974, -1
1602, 823, -1
1601, 241, -1
1602, 241, -1
1601, 1171, -1
1601, 1175, -1
1602, 1171, -1
1602, 1175, -1
1601, 663, -1
1602, 663, -1
663, 1887, -1
663, 123, -1
663, 974, -1
663, 823, -1
663, 241, -1
663, 1171, -1
663, 1175, -1
663, 1601, -1
663, 1602, -1

974, 823, 1
823, 974, 1
1171, 1175, 1
1175, 1171, 1
1601, 1602, 1
1602, 1601, 1
1887, 123, -1
1887, 974, -1
1887, 823, -1
1887, 241, -1
1887, 1171, -1
1887, 1175, -1
1887, 1601, -1
1887, 1602, -1
1887, 663, -1
1887, 433, -1
123, 1887, -1
123, 974, -1
123, 823, -1
123, 241, -1
123, 1171, -1
123, 1175, -1
123, 1601, -1
123, 1602, -1
123, 663, -1
123, 433, -1
974, 1887, -1
823, 1887, -1
974, 123, -1
823, 123, -1
974, 241, -1
823, 241, -1
974, 1171, -1
974, 1175, -1
823, 1171, -1
823, 1175, -1
974, 1601, -1
974, 1602, -1
823, 1601, -1
823, 1602, -1
974, 663, -1
823, 663, -1
974, 433, -1
823, 433, -1
241, 1887, -1
241, 123, -1
241, 974, -1
241, 823, -1
241, 1171, -1
241, 1175, -1
241, 1601, -1
241, 1602, -1
241, 663, -1
241, 433, -1
1171, 1887, -1
1175, 1887, -1
1171, 123, -1
1175, 123, -1
1171, 974, -1
1171, 823, -1
1175, 974, -1
1175, 823, -1
1171, 241, -1
1175, 241, -1
1171, 1601, -1
1171, 1602, -1
1175, 1601, -1
1175, 1602, -1
1171, 663, -1
1175, 663, -1
1171, 433, -1
1175, 433, -1
1601, 1887, -1
1602, 1887, -1
1601, 123, -1
1602, 123, -1
1601, 974, -1
1601, 823, -1
1602, 974, -1
1602, 823, -1
1601, 241, -1
1602, 241, -1
1601, 1171, -1
1601, 1175, -1
1602, 1171, -1
1602, 1175, -1
1601, 663, -1
1602, 663, -1
1601, 433, -1
1602, 433, -1
663, 1887, -1
663, 123, -1
663, 974, -1
663, 823, -1
663, 241, -1
663, 1171, -1
663, 1175, -1
663, 1601, -1
663, 1602, -1
663, 433, -1
433, 1887, -1
433, 123, -1
433, 974, -1
433, 823, -1
433, 241, -1
433, 1171, -1
433, 1175, -1
433, 1601, -1
433, 1602, -1
433, 663, -1

974, 823, 1
974, 866, 1
823, 974, 1
823, 866, 1
866, 974, 1
866, 823, 1
1171, 1175, 1
1171, 1103, 1
1175, 1171, 1
1175, 1103, 1
1103, 1171, 1
1103, 1175, 1
1601, 1602, 1
1602, 1601, 1
1887, 123, -1
1887, 974, -1
1887, 823, -1
1887, 866, -1
1887, 241, -1
1887, 1171, -1
1887, 1175, -1
1887, 1103, -1
1887, 1601, -1
1887, 1602, -1
1887, 663, -1
1887, 433, -1
123, 1887, -1
123, 974, -1
123, 823, -1
123, 866, -1
123, 241, -1
123, 1171, -1
123, 1175, -1
123, 1103, -1
123, 1601, -1
123, 1602, -1
123, 663, -1
123, 433, -1
974, 1887, -1
823, 1887, -1
866, 1887, -1
974, 123, -1
823, 123, -1
866, 123, -1
974, 241, -1
823, 241, -1
866, 241, -1
974, 1171, -1
974, 1175, -1
974, 1103, -1
823, 1171, -1
823, 1175, -1
823, 1103, -1
866, 1171, -1
866, 1175, -1
866, 1103, -1
974, 1601, -1
974, 1602, -1
823, 1601, -1
823, 1602, -1
866, 1601, -1
866, 1602, -1
974, 663, -1
823, 663, -1
866, 663, -1
974, 433, -1
823, 433, -1
866, 433, -1
241, 1887, -1
241, 123, -1
241, 974, -1
241, 823, -1
241, 866, -1
241, 1171, -1
241, 1175, -1
241, 1103, -1
241, 1601, -1
241, 1602, -1
241, 663, -1
241, 433, -1
1171, 1887, -1
1175, 1887, -1
1103, 1887, -1
1171, 123, -1
1175, 123, -1
1103, 123, -1
1171, 974, -1
1171, 823, -1
1171, 866, -1
1175, 974, -1
1175, 823, -1
1175, 866, -1
1103, 974, -1
1103, 823, -1
1103, 866, -1
1171, 241, -1
1175, 241, -1
1103, 241, -1
1171, 1601, -1
1171, 1602, -1
1175, 1601, -1
1175, 1602, -1
1103, 1601, -1
1103, 1602, -1
1171, 663, -1
1175, 663, -1
1103, 663, -1
1171, 433, -1
1175, 433, -1
1103, 433, -1
1601, 1887, -1
1602, 1887, -1
1601, 123, -1
1602, 123, -1
1601, 974, -1
1601, 823, -1
1601, 866, -1
1602, 974, -1
1602, 823, -1
1602, 866, -1
1601, 241, -1
1602, 241, -1
1601, 1171, -1
1601, 1175, -1
1601, 1103, -1
1602, 1171, -1
1602, 1175, -1
1602, 1103, -1
1601, 663, -1
1602, 663, -1
1601, 433, -1
1602, 433, -1
663, 1887, -1
663, 123, -1
663, 974, -1
663, 823, -1
663, 866, -1
663, 241, -1
663, 1171, -1
663, 1175, -1
663, 1103, -1
663, 1601, -1
663, 1602, -1
663, 433, -1
433, 1887, -1
433, 123, -1
433, 974, -1
433, 823, -1
433, 866, -1
433, 241, -1
433, 1171, -1
433, 1175, -1
433, 1103, -1
433, 1601, -1
433, 1602, -1
433, 663, -1

974, 823, 1
974, 866, 1
823, 974, 1
823, 866, 1
866, 974, 1
866, 823, 1
1171, 1175, 1
1171, 1103, 1
1175, 1171, 1
1175, 1103, 1
1103, 1171, 1
1103, 1175, 1
1601, 1602, 1
1602, 1601, 1
663, 681, 1
681, 663, 1
1887, 123, -1
1887, 974, -1
1887, 823, -1
1887, 866, -1
1887, 241, -1
1887, 1171, -1
1887, 1175, -1
1887, 1103, -1
1887, 1601, -1
1887, 1602, -1
1887, 663, -1
1887, 681, -1
1887, 433, -1
123, 1887, -1
123, 974, -1
123, 823, -1
123, 866, -1
123, 241, -1
123, 1171, -1
123, 1175, -1
123, 1103, -1
123, 1601, -1
123, 1602, -1
123, 663, -1
123, 681, -1
123, 433, -1
974, 1887, -1
823, 1887, -1
866, 1887, -1
974, 123, -1
823, 123, -1
866, 123, -1
974, 241, -1
823, 241, -1
866, 241, -1
974, 1171, -1
974, 1175, -1
974, 1103, -1
823, 1171, -1
823, 1175, -1
823, 1103, -1
866, 1171, -1
866, 1175, -1
866, 1103, -1
974, 1601, -1
974, 1602, -1
823, 1601, -1
823, 1602, -1
866, 1601, -1
866, 1602, -1
974, 663, -1
974, 681, -1
823, 663, -1
823, 681, -1
866, 663, -1
866, 681, -1
974, 433, -1
823, 433, -1
866, 433, -1
241, 1887, -1
241, 123, -1
241, 974, -1
241, 823, -1
241, 866, -1
241, 1171, -1
241, 1175, -1
241, 1103, -1
241, 1601, -1
241, 1602, -1
241, 663, -1
241, 681, -1
241, 433, -1
1171, 1887, -1
1175, 1887, -1
1103, 1887, -1
1171, 123, -1
1175, 123, -1
1103, 123, -1
1171, 974, -1
1171, 823, -1
1171, 866, -1
1175, 974, -1
1175, 823, -1
1175, 866, -1
1103, 974, -1
1103, 823, -1
1103, 866, -1
1171, 241, -1
1175, 241, -1
1103, 241, -1
1171, 1601, -1
1171, 1602, -1
1175, 1601, -1
1175, 1602, -1
1103, 1601, -1
1103, 1602, -1
1171, 663, -1
1171, 681, -1
1175, 663, -1
1175, 681, -1
1103, 663, -1
1103, 681, -1
1171, 433, -1
1175, 433, -1
1103, 433, -1
1601, 1887, -1
1602, 1887, -1
1601, 123, -1
1602, 123, -1
1601, 974, -1
1601, 823, -1
1601, 866, -1
1602, 974, -1
1602, 823, -1
1602, 866, -1
1601, 241, -1
1602, 241, -1
1601, 1171, -1
1601, 1175, -1
1601, 1103, -1
1602, 1171, -1
1602, 1175, -1
1602, 1103, -1
1601, 663, -1
1601, 681, -1
1602, 663, -1
1602, 681, -1
1601, 433, -1
1602, 433, -1
663, 1887, -1
681, 1887, -1
663, 123, -1
681, 123, -1
663, 974, -1
663, 823, -1
663, 866, -1
681, 974, -1
681, 823, -1
681, 866, -1
663, 241, -1
681, 241, -1
663, 1171, -1
663, 1175, -1
663, 1103, -1
681, 1171, -1
681, 1175, -1
681, 1103, -1
663, 1601, -1
663, 1602, -1
681, 1601, -1
681, 1602, -1
663, 433, -1
681, 433, -1
433, 1887, -1
433, 123, -1
433, 974, -1
433, 823, -1
433, 866, -1
433, 241, -1
433, 1171, -1
433, 1175, -1
433, 1103, -1
433, 1601, -1
433, 1602, -1
433, 663, -1
433, 681, -1

1887, 1882, 1
1882, 1887, 1
974, 823, 1
974, 866, 1
823, 974, 1
823, 866, 1
866, 974, 1
866, 823, 1
241, 274, 1
274, 241, 1
1171, 1175, 1
1171, 1103, 1
1171, 1011, 1
1175, 1171, 1
1175, 1103, 1
1175, 1011, 1
1103, 1171, 1
1103, 1175, 1
1103, 1011, 1
1011, 1171, 1
1011, 1175, 1
1011, 1103, 1
1601, 1602, 1
1602, 1601, 1
663, 681, 1
681, 663, 1
1887, 123, -1
1882, 123, -1
1887, 974, -1
1887, 823, -1
1887, 866, -1
1882, 974, -1
1882, 823, -1
1882, 866, -1
1887, 241, -1
1887, 274, -1
1882, 241, -1
1882, 274, -1
1887, 1171, -1
1887, 1175, -1
1887, 1103, -1
1887, 1011, -1
1882, 1171, -1
1882, 1175, -1
1882, 1103, -1
1882, 1011, -1
1887, 1601, -1
1887, 1602, -1
1882, 1601, -1
1882, 1602, -1
1887, 663, -1
1887, 681, -1
1882, 663, -1
1882, 681, -1
1887, 433, -1
1882, 433, -1
123, 1887, -1
123, 1882, -1
123, 974, -1
123, 823, -1
123, 866, -1
123, 241, -1
123, 274, -1
123, 1171, -1
123, 1175, -1
123, 1103, -1
123, 1011, -1
123, 1601, -1
123, 1602, -1
123, 663, -1
123, 681, -1
123, 433, -1
974, 1887, -1
974, 1882, -1
823, 1887, -1
823, 1882, -1
866, 1887, -1
866, 1882, -1
974, 123, -1
823, 123, -1
866, 123, -1
974, 241, -1
974, 274, -1
823, 241, -1
823, 274, -1
866, 241, -1
866, 274, -1
974, 1171, -1
974, 1175, -1
974, 1103, -1
974, 1011, -1
823, 1171, -1
823, 1175, -1
823, 1103, -1
823, 1011, -1
866, 1171, -1
866, 1175, -1
866, 1103, -1
866, 1011, -1
974, 1601, -1
974, 1602, -1
823, 1601, -1
823, 1602, -1
866, 1601, -1
866, 1602, -1
974, 663, -1
974, 681, -1
823, 663, -1
823, 681, -1
866, 663, -1
866, 681, -1
974, 433, -1
823, 433, -1
866, 433, -1
241, 1887, -1
241, 1882, -1
274, 1887, -1
274, 1882, -1
241, 123, -1
274, 123, -1
241, 974, -1
241, 823, -1
241, 866, -1
274, 974, -1
274, 823, -1
274, 866, -1
241, 1171, -1
241, 1175, -1
241, 1103, -1
241, 1011, -1
274, 1171, -1
274, 1175, -1
274, 1103, -1
274, 1011, -1
241, 1601, -1
241, 1602, -1
274, 1601, -1
274, 1602, -1
241, 663, -1
241, 681, -1
274, 663, -1
274, 681, -1
241, 433, -1
274, 433, -1
1171, 1887, -1
1171, 1882, -1
1175, 1887, -1
1175, 1882, -1
1103, 1887, -1
1103, 1882, -1
1011, 1887, -1
1011, 1882, -1
1171, 123, -1
1175, 123, -1
1103, 123, -1
1011, 123, -1
1171, 974, -1
1171, 823, -1
1171, 866, -1
1175, 974, -1
1175, 823, -1
1175, 866, -1
1103, 974, -1
1103, 823, -1
1103, 866, -1
1011, 974, -1
1011, 823, -1
1011, 866, -1
1171, 241, -1
1171, 274, -1
1175, 241, -1
1175, 274, -1
1103, 241, -1
1103, 274, -1
1011, 241, -1
1011, 274, -1
1171, 1601, -1
1171, 1602, -1
1175, 1601, -1
1175, 1602, -1
1103, 1601, -1
1103, 1602, -1
1011, 1601, -1
1011, 1602, -1
1171, 663, -1
1171, 681, -1
1175, 663, -1
1175, 681, -1
1103, 663, -1
1103, 681, -1
1011, 663, -1
1011, 681, -1
1171, 433, -1
1175, 433, -1
1103, 433, -1
1011, 433, -1
1601, 1887, -1
1601, 1882, -1
1602, 1887, -1
1602, 1882, -1
1601, 123, -1
1602, 123, -1
1601, 974, -1
1601, 823, -1
1601, 866, -1
1602, 974, -1
1602, 823, -1
1602, 866, -1
1601, 241, -1
1601, 274, -1
1602, 241, -1
1602, 274, -1
1601, 1171, -1
1601, 1175, -1
1601, 1103, -1
1601, 1011, -1
1602, 1171, -1
1602, 1175, -1
1602, 1103, -1
1602, 1011, -1
1601, 663, -1
1601, 681, -1
1602, 663, -1
1602, 681, -1
1601, 433, -1
1602, 433, -1
663, 1887, -1
663, 1882, -1
681, 1887, -1
681, 1882, -1
663, 123, -1
681, 123, -1
663, 974, -1
663, 823, -1
663, 866, -1
681, 974, -1
681, 823, -1
681, 866, -1
663, 241, -1
663, 274, -1
681, 241, -1
681, 274, -1
663, 1171, -1
663, 1175, -1
663, 1103, -1
663, 1011, -1
681, 1171, -1
681, 1175, -1
681, 1103, -1
681, 1011, -1
663, 1601, -1
663, 1602, -1
681, 1601, -1
681, 1602, -1
663, 433, -1
681, 433, -1
433, 1887, -1
433, 1882, -1
433, 123, -1
433, 974, -1
433, 823, -1
433, 866, -1
433, 241, -1
433, 274, -1
433, 1171, -1
433, 1175, -1
433, 1103, -1
433, 1011, -1
433, 1601, -1
433, 1602, -1
433, 663, -1
433, 681, -1

1887, 1882, 1
1882, 1887, 1
974, 823, 1
974, 866, 1
974, 954, 1
823, 974, 1
823, 866, 1
823, 954, 1
866, 974, 1
866, 823, 1
866, 954, 1
954, 974, 1
954, 823, 1
954, 866, 1
241, 274, 1
274, 241, 1
1171, 1175, 1
1171, 1103, 1
1171, 1011, 1
1175, 1171, 1
1175, 1103, 1
1175, 1011, 1
1103, 1171, 1
1103, 1175, 1
1103, 1011, 1
1011, 1171, 1
1011, 1175, 1
1011, 1103, 1
1601, 1602, 1
1602, 1601, 1
663, 681, 1
663, 627, 1
681, 663, 1
681, 627, 1
627, 663, 1
627, 681, 1
1887, 123, -1
1882, 123, -1
1887, 974, -1
1887, 823, -1
1887, 866, -1
1887, 954, -1
1882, 974, -1
1882, 823, -1
1882, 866, -1
1882, 954, -1
1887, 241, -1
1887, 274, -1
1882, 241, -1
1882, 274, -1
1887, 1171, -1
1887, 1175, -1
1887, 1103, -1
1887, 1011, -1
1882, 1171, -1
1882, 1175, -1
1882, 1103, -1
1882, 1011, -1
1887, 1601, -1
1887, 1602, -1
1882, 1601, -1
1882, 1602, -1
1887, 663, -1
1887, 681, -1
1887, 627, -1
1882, 663, -1
1882, 681, -1
1882, 627, -1
1887, 433, -1
1882, 433, -1
123, 1887, -1
123, 1882, -1
123, 974, -1
123, 823, -1
123, 866, -1
123, 954, -1
123, 241, -1
123, 274, -1
123, 1171, -1
123, 1175, -1
123, 1103, -1
123, 1011, -1
123, 1601, -1
123, 1602, -1
123, 663, -1
123, 681, -1
123, 627, -1
123, 433, -1
974, 1887, -1
974, 1882, -1
823, 1887, -1
823, 1882, -1
866, 1887, -1
866, 1882, -1
954, 1887, -1
954, 1882, -1
974, 123, -1
823, 123, -1
866, 123, -1
954, 123, -1
974, 241, -1
974, 274, -1
823, 241, -1
823, 274, -1
866, 241, -1
866, 274, -1
954, 241, -1
954, 274, -1
974, 1171, -1
974, 1175, -1
974, 1103, -1
974, 1011, -1
823, 1171, -1
823, 1175, -1
823, 1103, -1
823, 1011, -1
866, 1171, -1
866, 1175, -1
866, 1103, -1
866, 1011, -1
954, 1171, -1
954, 1175, -1
954, 1103, -1
954, 1011, -1
974, 1601, -1
974, 1602, -1
823, 1601, -1
823, 1602, -1
866, 1601, -1
866, 1602, -1
954, 1601, -1
954, 1602, -1
974, 663, -1
974, 681, -1
974, 627, -1
823, 663, -1
823, 681, -1
823, 627, -1
866, 663, -1
866, 681, -1
866, 627, -1
954, 663, -1
954, 681, -1
954, 627, -1
974, 433, -1
823, 433, -1
866, 433, -1
954, 433, -1
241, 1887, -1
241, 1882, -1
274, 1887, -1
274, 1882, -1
241, 123, -1
274, 123, -1
241, 974, -1
241, 823, -1
241, 866, -1
241, 954, -1
274, 974, -1
274, 823, -1
274, 866, -1
274, 954, -1
241, 1171, -1
241, 1175, -1
241, 1103, -1
241, 1011, -1
274, 1171, -1
274, 1175, -1
274, 1103, -1
274, 1011, -1
241, 1601, -1
241, 1602, -1
274, 1601, -1
274, 1602, -1
241, 663, -1
241, 681, -1
241, 627, -1
274, 663, -1
274, 681, -1
274, 627, -1
241, 433, -1
274, 433, -1
1171, 1887, -1
1171, 1882, -1
1175, 1887, -1
1175, 1882, -1
1103, 1887, -1
1103, 1882, -1
1011, 1887, -1
1011, 1882, -1
1171, 123, -1
1175, 123, -1
1103, 123, -1
1011, 123, -1
1171, 974, -1
1171, 823, -1
1171, 866, -1
1171, 954, -1
1175, 974, -1
1175, 823, -1
1175, 866, -1
1175, 954, -1
1103, 974, -1
1103, 823, -1
1103, 866, -1
1103, 954, -1
1011, 974, -1
1011, 823, -1
1011, 866, -1
1011, 954, -1
1171, 241, -1
1171, 274, -1
1175, 241, -1
1175, 274, -1
1103, 241, -1
1103, 274, -1
1011, 241, -1
1011, 274, -1
1171, 1601, -1
1171, 1602, -1
1175, 1601, -1
1175, 1602, -1
1103, 1601, -1
1103, 1602, -1
1011, 1601, -1
1011, 1602, -1
1171, 663, -1
1171, 681, -1
1171, 627, -1
1175, 663, -1
1175, 681, -1
1175, 627, -1
1103, 663, -1
1103, 681, -1
1103, 627, -1
1011, 663, -1
1011, 681, -1
1011, 627, -1
1171, 433, -1
1175, 433, -1
1103, 433, -1
1011, 433, -1
1601, 1887, -1
1601, 1882, -1
1602, 1887, -1
1602, 1882, -1
1601, 123, -1
1602, 123, -1
1601, 974, -1
1601, 823, -1
1601, 866, -1
1601, 954, -1
1602, 974, -1
1602, 823, -1
1602, 866, -1
1602, 954, -1
1601, 241, -1
1601, 274, -1
1602, 241, -1
1602, 274, -1
1601, 1171, -1
1601, 1175, -1
1601, 1103, -1
1601, 1011, -1
1602, 1171, -1
1602, 1175, -1
1602, 1103, -1
1602, 1011, -1
1601, 663, -1
1601, 681, -1
1601, 627, -1
1602, 663, -1
1602, 681, -1
1602, 627, -1
1601, 433, -1
1602, 433, -1
663, 1887, -1
663, 1882, -1
681, 1887, -1
681, 1882, -1
627, 1887, -1
627, 1882, -1
663, 123, -1
681, 123, -1
627, 123, -1
663, 974, -1
663, 823, -1
663, 866, -1
663, 954, -1
681, 974, -1
681, 823, -1
681, 866, -1
681, 954, -1
627, 974, -1
627, 823, -1
627, 866, -1
627, 954, -1
663, 241, -1
663, 274, -1
681, 241, -1
681, 274, -1
627, 241, -1
627, 274, -1
663, 1171, -1
663, 1175, -1
663, 1103, -1
663, 1011, -1
681, 1171, -1
681, 1175, -1
681, 1103, -1
681, 1011, -1
627, 1171, -1
627, 1175, -1
627, 1103, -1
627, 1011, -1
663, 1601, -1
663, 1602, -1
681, 1601, -1
681, 1602, -1
627, 1601, -1
627, 1602, -1
663, 433, -1
681, 433, -1
627, 433, -1
433, 1887, -1
433, 1882, -1
433, 123, -1
433, 974, -1
433, 823, -1
433, 866, -1
433, 954, -1
433, 241, -1
433, 274, -1
433, 1171, -1
433, 1175, -1
433, 1103, -1
433, 1011, -1
433, 1601, -1
433, 1602, -1
433, 663, -1
433, 681, -1
433, 627, -1

