11842, 9, 1
9, 11842, 1
9361, 6812, -1
9361, 11842, -1
9361, 9, -1
9361, 9625, -1
6812, 9361, -1
6812, 11842, -1
6812, 9, -1
6812, 9625, -1
11842, 9361, -1
9, 9361, -1
11842, 6812, -1
9, 6812, -1
11842, 9625, -1
9, 9625, -1
9625, 9361, -1
9625, 6812, -1
9625, 11842, -1
9625, 9, -1

11842, 9, 1
9, 11842, 1
9361, 6812, -1
9361, 11842, -1
9361, 9, -1
9361, 9625, -1
9361, 4279, -1
9361, 8717, -1
6812, 9361, -1
6812, 11842, -1
6812, 9, -1
6812, 9625, -1
6812, 4279, -1
6812, 8717, -1
11842, 9361, -1
9, 9361, -1
11842, 6812, -1
9, 6812, -1
11842, 9625, -1
9, 9625, -1
11842, 4279, -1
9, 4279, -1
11842, 8717, -1
9, 8717, -1
9625, 9361, -1
9625, 6812, -1
9625, 11842, -1
9625, 9, -1
9625, 4279, -1
9625, 8717, -1
4279, 9361, -1
4279, 6812, -1
4279, 11842, -1
4279, 9, -1
4279, 9625, -1
4279, 8717, -1
8717, 9361, -1
8717, 6812, -1
8717, 11842, -1
8717, 9, -1
8717, 9625, -1
8717, 4279, -1

11842, 9, 1
9, 11842, 1
9361, 6812, -1
9361, 11842, -1
9361, 9, -1
9361, 9625, -1
9361, 4279, -1
9361, 8717, -1
9361, 14094, -1
6812, 9361, -1
6812, 11842, -1
6812, 9, -1
6812, 9625, -1
6812, 4279, -1
6812, 8717, -1
6812, 14094, -1
11842, 9361, -1
9, 9361, -1
11842, 6812, -1
9, 6812, -1
11842, 9625, -1
9, 9625, -1
11842, 4279, -1
9, 4279, -1
11842, 8717, -1
9, 8717, -1
11842, 14094, -1
9, 14094, -1
9625, 9361, -1
9625, 6812, -1
9625, 11842, -1
9625, 9, -1
9625, 4279, -1
9625, 8717, -1
9625, 14094, -1
4279, 9361, -1
4279, 6812, -1
4279, 11842, -1
4279, 9, -1
4279, 9625, -1
4279, 8717, -1
4279, 14094, -1
8717, 9361, -1
8717, 6812, -1
8717, 11842, -1
8717, 9, -1
8717, 9625, -1
8717, 4279, -1
8717, 14094, -1
14094, 9361, -1
14094, 6812, -1
14094, 11842, -1
14094, 9, -1
14094, 9625, -1
14094, 4279, -1
14094, 8717, -1

6812, 3685, 1
3685, 6812, 1
11842, 9, 1
9, 11842, 1
9361, 6812, -1
9361, 3685, -1
9361, 11842, -1
9361, 9, -1
9361, 9625, -1
9361, 4279, -1
9361, 8717, -1
9361, 14094, -1
9361, 1916, -1
6812, 9361, -1
3685, 9361, -1
6812, 11842, -1
6812, 9, -1
3685, 11842, -1
3685, 9, -1
6812, 9625, -1
3685, 9625, -1
6812, 4279, -1
3685, 4279, -1
6812, 8717, -1
3685, 8717, -1
6812, 14094, -1
3685, 14094, -1
6812, 1916, -1
3685, 1916, -1
11842, 9361, -1
9, 9361, -1
11842, 6812, -1
11842, 3685, -1
9, 6812, -1
9, 3685, -1
11842, 9625, -1
9, 9625, -1
11842, 4279, -1
9, 4279, -1
11842, 8717, -1
9, 8717, -1
11842, 14094, -1
9, 14094, -1
11842, 1916, -1
9, 1916, -1
9625, 9361, -1
9625, 6812, -1
9625, 3685, -1
9625, 11842, -1
9625, 9, -1
9625, 4279, -1
9625, 8717, -1
9625, 14094, -1
9625, 1916, -1
4279, 9361, -1
4279, 6812, -1
4279, 3685, -1
4279, 11842, -1
4279, 9, -1
4279, 9625, -1
4279, 8717, -1
4279, 14094, -1
4279, 1916, -1
8717, 9361, -1
8717, 6812, -1
8717, 3685, -1
8717, 11842, -1
8717, 9, -1
8717, 9625, -1
8717, 4279, -1
8717, 14094, -1
8717, 1916, -1
14094, 9361, -1
14094, 6812, -1
14094, 3685, -1
14094, 11842, -1
14094, 9, -1
14094, 9625, -1
14094, 4279, -1
14094, 8717, -1
14094, 1916, -1
1916, 9361, -1
1916, 6812, -1
1916, 3685, -1
1916, 11842, -1
1916, 9, -1
1916, 9625, -1
1916, 4279, -1
1916, 8717, -1
1916, 14094, -1

6812, 3685, 1
3685, 6812, 1
11842, 9, 1
9, 11842, 1
9361, 6812, -1
9361, 3685, -1
9361, 11842, -1
9361, 9, -1
9361, 9625, -1
9361, 4279, -1
9361, 8717, -1
9361, 14094, -1
9361, 1916, -1
9361, 11975, -1
6812, 9361, -1
3685, 9361, -1
6812, 11842, -1
6812, 9, -1
3685, 11842, -1
3685, 9, -1
6812, 9625, -1
3685, 9625, -1
6812, 4279, -1
3685, 4279, -1
6812, 8717, -1
3685, 8717, -1
6812, 14094, -1
3685, 14094, -1
6812, 1916, -1
3685, 1916, -1
6812, 11975, -1
3685, 11975, -1
11842, 9361, -1
9, 9361, -1
11842, 6812, -1
11842, 3685, -1
9, 6812, -1
9, 3685, -1
11842, 9625, -1
9, 9625, -1
11842, 4279, -1
9, 4279, -1
11842, 8717, -1
9, 8717, -1
11842, 14094, -1
9, 14094, -1
11842, 1916, -1
9, 1916, -1
11842, 11975, -1
9, 11975, -1
9625, 9361, -1
9625, 6812, -1
9625, 3685, -1
9625, 11842, -1
9625, 9, -1
9625, 4279, -1
9625, 8717, -1
9625, 14094, -1
9625, 1916, -1
9625, 11975, -1
4279, 9361, -1
4279, 6812, -1
4279, 3685, -1
4279, 11842, -1
4279, 9, -1
4279, 9625, -1
4279, 8717, -1
4279, 14094, -1
4279, 1916, -1
4279, 11975, -1
8717, 9361, -1
8717, 6812, -1
8717, 3685, -1
8717, 11842, -1
8717, 9, -1
8717, 9625, -1
8717, 4279, -1
8717, 14094, -1
8717, 1916, -1
8717, 11975, -1
14094, 9361, -1
14094, 6812, -1
14094, 3685, -1
14094, 11842, -1
14094, 9, -1
14094, 9625, -1
14094, 4279, -1
14094, 8717, -1
14094, 1916, -1
14094, 11975, -1
1916, 9361, -1
1916, 6812, -1
1916, 3685, -1
1916, 11842, -1
1916, 9, -1
1916, 9625, -1
1916, 4279, -1
1916, 8717, -1
1916, 14094, -1
1916, 11975, -1
11975, 9361, -1
11975, 6812, -1
11975, 3685, -1
11975, 11842, -1
11975, 9, -1
11975, 9625, -1
11975, 4279, -1
11975, 8717, -1
11975, 14094, -1
11975, 1916, -1

6812, 3685, 1
3685, 6812, 1
11842, 9, 1
9, 11842, 1
9361, 6812, -1
9361, 3685, -1
9361, 11842, -1
9361, 9, -1
9361, 9625, -1
9361, 4279, -1
9361, 8717, -1
9361, 14094, -1
9361, 1916, -1
9361, 11975, -1
9361, 6327, -1
6812, 9361, -1
3685, 9361, -1
6812, 11842, -1
6812, 9, -1
3685, 11842, -1
3685, 9, -1
6812, 9625, -1
3685, 9625, -1
6812, 4279, -1
3685, 4279, -1
6812, 8717, -1
3685, 8717, -1
6812, 14094, -1
3685, 14094, -1
6812, 1916, -1
3685, 1916, -1
6812, 11975, -1
3685, 11975, -1
6812, 6327, -1
3685, 6327, -1
11842, 9361, -1
9, 9361, -1
11842, 6812, -1
11842, 3685, -1
9, 6812, -1
9, 3685, -1
11842, 9625, -1
9, 9625, -1
11842, 4279, -1
9, 4279, -1
11842, 8717, -1
9, 8717, -1
11842, 14094, -1
9, 14094, -1
11842, 1916, -1
9, 1916, -1
11842, 11975, -1
9, 11975, -1
11842, 6327, -1
9, 6327, -1
9625, 9361, -1
9625, 6812, -1
9625, 3685, -1
9625, 11842, -1
9625, 9, -1
9625, 4279, -1
9625, 8717, -1
9625, 14094, -1
9625, 1916, -1
9625, 11975, -1
9625, 6327, -1
4279, 9361, -1
4279, 6812, -1
4279, 3685, -1
4279, 11842, -1
4279, 9, -1
4279, 9625, -1
4279, 8717, -1
4279, 14094, -1
4279, 1916, -1
4279, 11975, -1
4279, 6327, -1
8717, 9361, -1
8717, 6812, -1
8717, 3685, -1
8717, 11842, -1
8717, 9, -1
8717, 9625, -1
8717, 4279, -1
8717, 14094, -1
8717, 1916, -1
8717, 11975, -1
8717, 6327, -1
14094, 9361, -1
14094, 6812, -1
14094, 3685, -1
14094, 11842, -1
14094, 9, -1
14094, 9625, -1
14094, 4279, -1
14094, 8717, -1
14094, 1916, -1
14094, 11975, -1
14094, 6327, -1
1916, 9361, -1
1916, 6812, -1
1916, 3685, -1
1916, 11842, -1
1916, 9, -1
1916, 9625, -1
1916, 4279, -1
1916, 8717, -1
1916, 14094, -1
1916, 11975, -1
1916, 6327, -1
11975, 9361, -1
11975, 6812, -1
11975, 3685, -1
11975, 11842, -1
11975, 9, -1
11975, 9625, -1
11975, 4279, -1
11975, 8717, -1
11975, 14094, -1
11975, 1916, -1
11975, 6327, -1
6327, 9361, -1
6327, 6812, -1
6327, 3685, -1
6327, 11842, -1
6327, 9, -1
6327, 9625, -1
6327, 4279, -1
6327, 8717, -1
6327, 14094, -1
6327, 1916, -1
6327, 11975, -1

6812, 3685, 1
3685, 6812, 1
11842, 9, 1
9, 11842, 1
9361, 6812, -1
9361, 3685, -1
9361, 11842, -1
9361, 9, -1
9361, 9625, -1
9361, 4279, -1
9361, 8717, -1
9361, 14094, -1
9361, 1916, -1
9361, 11975, -1
9361, 6327, -1
9361, 2902, -1
6812, 9361, -1
3685, 9361, -1
6812, 11842, -1
6812, 9, -1
3685, 11842, -1
3685, 9, -1
6812, 9625, -1
3685, 9625, -1
6812, 4279, -1
3685, 4279, -1
6812, 8717, -1
3685, 8717, -1
6812, 14094, -1
3685, 14094, -1
6812, 1916, -1
3685, 1916, -1
6812, 11975, -1
3685, 11975, -1
6812, 6327, -1
3685, 6327, -1
6812, 2902, -1
3685, 2902, -1
11842, 9361, -1
9, 9361, -1
11842, 6812, -1
11842, 3685, -1
9, 6812, -1
9, 3685, -1
11842, 9625, -1
9, 9625, -1
11842, 4279, -1
9, 4279, -1
11842, 8717, -1
9, 8717, -1
11842, 14094, -1
9, 14094, -1
11842, 1916, -1
9, 1916, -1
11842, 11975, -1
9, 11975, -1
11842, 6327, -1
9, 6327, -1
11842, 2902, -1
9, 2902, -1
9625, 9361, -1
9625, 6812, -1
9625, 3685, -1
9625, 11842, -1
9625, 9, -1
9625, 4279, -1
9625, 8717, -1
9625, 14094, -1
9625, 1916, -1
9625, 11975, -1
9625, 6327, -1
9625, 2902, -1
4279, 9361, -1
4279, 6812, -1
4279, 3685, -1
4279, 11842, -1
4279, 9, -1
4279, 9625, -1
4279, 8717, -1
4279, 14094, -1
4279, 1916, -1
4279, 11975, -1
4279, 6327, -1
4279, 2902, -1
8717, 9361, -1
8717, 6812, -1
8717, 3685, -1
8717, 11842, -1
8717, 9, -1
8717, 9625, -1
8717, 4279, -1
8717, 14094, -1
8717, 1916, -1
8717, 11975, -1
8717, 6327, -1
8717, 2902, -1
14094, 9361, -1
14094, 6812, -1
14094, 3685, -1
14094, 11842, -1
14094, 9, -1
14094, 9625, -1
14094, 4279, -1
14094, 8717, -1
14094, 1916, -1
14094, 11975, -1
14094, 6327, -1
14094, 2902, -1
1916, 9361, -1
1916, 6812, -1
1916, 3685, -1
1916, 11842, -1
1916, 9, -1
1916, 9625, -1
1916, 4279, -1
1916, 8717, -1
1916, 14094, -1
1916, 11975, -1
1916, 6327, -1
1916, 2902, -1
11975, 9361, -1
11975, 6812, -1
11975, 3685, -1
11975, 11842, -1
11975, 9, -1
11975, 9625, -1
11975, 4279, -1
11975, 8717, -1
11975, 14094, -1
11975, 1916, -1
11975, 6327, -1
11975, 2902, -1
6327, 9361, -1
6327, 6812, -1
6327, 3685, -1
6327, 11842, -1
6327, 9, -1
6327, 9625, -1
6327, 4279, -1
6327, 8717, -1
6327, 14094, -1
6327, 1916, -1
6327, 11975, -1
6327, 2902, -1
2902, 9361, -1
2902, 6812, -1
2902, 3685, -1
2902, 11842, -1
2902, 9, -1
2902, 9625, -1
2902, 4279, -1
2902, 8717, -1
2902, 14094, -1
2902, 1916, -1
2902, 11975, -1
2902, 6327, -1

6812, 3685, 1
3685, 6812, 1
11842, 9, 1
9, 11842, 1
1916, 12276, 1
12276, 1916, 1
9361, 6812, -1
9361, 3685, -1
9361, 11842, -1
9361, 9, -1
9361, 9625, -1
9361, 4279, -1
9361, 8717, -1
9361, 14094, -1
9361, 1916, -1
9361, 12276, -1
9361, 11975, -1
9361, 6327, -1
9361, 2902, -1
6812, 9361, -1
3685, 9361, -1
6812, 11842, -1
6812, 9, -1
3685, 11842, -1
3685, 9, -1
6812, 9625, -1
3685, 9625, -1
6812, 4279, -1
3685, 4279, -1
6812, 8717, -1
3685, 8717, -1
6812, 14094, -1
3685, 14094, -1
6812, 1916, -1
6812, 12276, -1
3685, 1916, -1
3685, 12276, -1
6812, 11975, -1
3685, 11975, -1
6812, 6327, -1
3685, 6327, -1
6812, 2902, -1
3685, 2902, -1
11842, 9361, -1
9, 9361, -1
11842, 6812, -1
11842, 3685, -1
9, 6812, -1
9, 3685, -1
11842, 9625, -1
9, 9625, -1
11842, 4279, -1
9, 4279, -1
11842, 8717, -1
9, 8717, -1
11842, 14094, -1
9, 14094, -1
11842, 1916, -1
11842, 12276, -1
9, 1916, -1
9, 12276, -1
11842, 11975, -1
9, 11975, -1
11842, 6327, -1
9, 6327, -1
11842, 2902, -1
9, 2902, -1
9625, 9361, -1
9625, 6812, -1
9625, 3685, -1
9625, 11842, -1
9625, 9, -1
9625, 4279, -1
9625, 8717, -1
9625, 14094, -1
9625, 1916, -1
9625, 12276, -1
9625, 11975, -1
9625, 6327, -1
9625, 2902, -1
4279, 9361, -1
4279, 6812, -1
4279, 3685, -1
4279, 11842, -1
4279, 9, -1
4279, 9625, -1
4279, 8717, -1
4279, 14094, -1
4279, 1916, -1
4279, 12276, -1
4279, 11975, -1
4279, 6327, -1
4279, 2902, -1
8717, 9361, -1
8717, 6812, -1
8717, 3685, -1
8717, 11842, -1
8717, 9, -1
8717, 9625, -1
8717, 4279, -1
8717, 14094, -1
8717, 1916, -1
8717, 12276, -1
8717, 11975, -1
8717, 6327, -1
8717, 2902, -1
14094, 9361, -1
14094, 6812, -1
14094, 3685, -1
14094, 11842, -1
14094, 9, -1
14094, 9625, -1
14094, 4279, -1
14094, 8717, -1
14094, 1916, -1
14094, 12276, -1
14094, 11975, -1
14094, 6327, -1
14094, 2902, -1
1916, 9361, -1
12276, 9361, -1
1916, 6812, -1
1916, 3685, -1
12276, 6812, -1
12276, 3685, -1
1916, 11842, -1
1916, 9, -1
12276, 11842, -1
12276, 9, -1
1916, 9625, -1
12276, 9625, -1
1916, 4279, -1
12276, 4279, -1
1916, 8717, -1
12276, 8717, -1
1916, 14094, -1
12276, 14094, -1
1916, 11975, -1
12276, 11975, -1
1916, 6327, -1
12276, 6327, -1
1916, 2902, -1
12276, 2902, -1
11975, 9361, -1
11975, 6812, -1
11975, 3685, -1
11975, 11842, -1
11975, 9, -1
11975, 9625, -1
11975, 4279, -1
11975, 8717, -1
11975, 14094, -1
11975, 1916, -1
11975, 12276, -1
11975, 6327, -1
11975, 2902, -1
6327, 9361, -1
6327, 6812, -1
6327, 3685, -1
6327, 11842, -1
6327, 9, -1
6327, 9625, -1
6327, 4279, -1
6327, 8717, -1
6327, 14094, -1
6327, 1916, -1
6327, 12276, -1
6327, 11975, -1
6327, 2902, -1
2902, 9361, -1
2902, 6812, -1
2902, 3685, -1
2902, 11842, -1
2902, 9, -1
2902, 9625, -1
2902, 4279, -1
2902, 8717, -1
2902, 14094, -1
2902, 1916, -1
2902, 12276, -1
2902, 11975, -1
2902, 6327, -1

6812, 3685, 1
3685, 6812, 1
11842, 9, 1
9, 11842, 1
1916, 12276, 1
12276, 1916, 1
9361, 6812, -1
9361, 3685, -1
9361, 11842, -1
9361, 9, -1
9361, 9625, -1
9361, 4279, -1
9361, 8717, -1
9361, 14094, -1
9361, 1916, -1
9361, 12276, -1
9361, 11975, -1
9361, 6327, -1
9361, 2902, -1
6812, 9361, -1
3685, 9361, -1
6812, 11842, -1
6812, 9, -1
3685, 11842, -1
3685, 9, -1
6812, 9625, -1
3685, 9625, -1
6812, 4279, -1
3685, 4279, -1
6812, 8717, -1
3685, 8717, -1
6812, 14094, -1
3685, 14094, -1
6812, 1916, -1
6812, 12276, -1
3685, 1916, -1
3685, 12276, -1
6812, 11975, -1
3685, 11975, -1
6812, 6327, -1
3685, 6327, -1
6812, 2902, -1
3685, 2902, -1
11842, 9361, -1
9, 9361, -1
11842, 6812, -1
11842, 3685, -1
9, 6812, -1
9, 3685, -1
11842, 9625, -1
9, 9625, -1
11842, 4279, -1
9, 4279, -1
11842, 8717, -1
9, 8717, -1
11842, 14094, -1
9, 14094, -1
11842, 1916, -1
11842, 12276, -1
9, 1916, -1
9, 12276, -1
11842, 11975, -1
9, 11975, -1
11842, 6327, -1
9, 6327, -1
11842, 2902, -1
9, 2902, -1
9625, 9361, -1
9625, 6812, -1
9625, 3685, -1
9625, 11842, -1
9625, 9, -1
9625, 4279, -1
9625, 8717, -1
9625, 14094, -1
9625, 1916, -1
9625, 12276, -1
9625, 11975, -1
9625, 6327, -1
9625, 2902, -1
4279, 9361, -1
4279, 6812, -1
4279, 3685, -1
4279, 11842, -1
4279, 9, -1
4279, 9625, -1
4279, 8717, -1
4279, 14094, -1
4279, 1916, -1
4279, 12276, -1
4279, 11975, -1
4279, 6327, -1
4279, 2902, -1
8717, 9361, -1
8717, 6812, -1
8717, 3685, -1
8717, 11842, -1
8717, 9, -1
8717, 9625, -1
8717, 4279, -1
8717, 14094, -1
8717, 1916, -1
8717, 12276, -1
8717, 11975, -1
8717, 6327, -1
8717, 2902, -1
14094, 9361, -1
14094, 6812, -1
14094, 3685, -1
14094, 11842, -1
14094, 9, -1
14094, 9625, -1
14094, 4279, -1
14094, 8717, -1
14094, 1916, -1
14094, 12276, -1
14094, 11975, -1
14094, 6327, -1
14094, 2902, -1
1916, 9361, -1
12276, 9361, -1
1916, 6812, -1
1916, 3685, -1
12276, 6812, -1
12276, 3685, -1
1916, 11842, -1
1916, 9, -1
12276, 11842, -1
12276, 9, -1
1916, 9625, -1
12276, 9625, -1
1916, 4279, -1
12276, 4279, -1
1916, 8717, -1
12276, 8717, -1
1916, 14094, -1
12276, 14094, -1
1916, 11975, -1
12276, 11975, -1
1916, 6327, -1
12276, 6327, -1
1916, 2902, -1
12276, 2902, -1
11975, 9361, -1
11975, 6812, -1
11975, 3685, -1
11975, 11842, -1
11975, 9, -1
11975, 9625, -1
11975, 4279, -1
11975, 8717, -1
11975, 14094, -1
11975, 1916, -1
11975, 12276, -1
11975, 6327, -1
11975, 2902, -1
6327, 9361, -1
6327, 6812, -1
6327, 3685, -1
6327, 11842, -1
6327, 9, -1
6327, 9625, -1
6327, 4279, -1
6327, 8717, -1
6327, 14094, -1
6327, 1916, -1
6327, 12276, -1
6327, 11975, -1
6327, 2902, -1
2902, 9361, -1
2902, 6812, -1
2902, 3685, -1
2902, 11842, -1
2902, 9, -1
2902, 9625, -1
2902, 4279, -1
2902, 8717, -1
2902, 14094, -1
2902, 1916, -1
2902, 12276, -1
2902, 11975, -1
2902, 6327, -1

6812, 3685, 1
3685, 6812, 1
11842, 9, 1
9, 11842, 1
1916, 12276, 1
12276, 1916, 1
9361, 6812, -1
9361, 3685, -1
9361, 11842, -1
9361, 9, -1
9361, 9625, -1
9361, 4279, -1
9361, 8717, -1
9361, 14094, -1
9361, 1916, -1
9361, 12276, -1
9361, 11975, -1
9361, 6327, -1
9361, 2902, -1
6812, 9361, -1
3685, 9361, -1
6812, 11842, -1
6812, 9, -1
3685, 11842, -1
3685, 9, -1
6812, 9625, -1
3685, 9625, -1
6812, 4279, -1
3685, 4279, -1
6812, 8717, -1
3685, 8717, -1
6812, 14094, -1
3685, 14094, -1
6812, 1916, -1
6812, 12276, -1
3685, 1916, -1
3685, 12276, -1
6812, 11975, -1
3685, 11975, -1
6812, 6327, -1
3685, 6327, -1
6812, 2902, -1
3685, 2902, -1
11842, 9361, -1
9, 9361, -1
11842, 6812, -1
11842, 3685, -1
9, 6812, -1
9, 3685, -1
11842, 9625, -1
9, 9625, -1
11842, 4279, -1
9, 4279, -1
11842, 8717, -1
9, 8717, -1
11842, 14094, -1
9, 14094, -1
11842, 1916, -1
11842, 12276, -1
9, 1916, -1
9, 12276, -1
11842, 11975, -1
9, 11975, -1
11842, 6327, -1
9, 6327, -1
11842, 2902, -1
9, 2902, -1
9625, 9361, -1
9625, 6812, -1
9625, 3685, -1
9625, 11842, -1
9625, 9, -1
9625, 4279, -1
9625, 8717, -1
9625, 14094, -1
9625, 1916, -1
9625, 12276, -1
9625, 11975, -1
9625, 6327, -1
9625, 2902, -1
4279, 9361, -1
4279, 6812, -1
4279, 3685, -1
4279, 11842, -1
4279, 9, -1
4279, 9625, -1
4279, 8717, -1
4279, 14094, -1
4279, 1916, -1
4279, 12276, -1
4279, 11975, -1
4279, 6327, -1
4279, 2902, -1
8717, 9361, -1
8717, 6812, -1
8717, 3685, -1
8717, 11842, -1
8717, 9, -1
8717, 9625, -1
8717, 4279, -1
8717, 14094, -1
8717, 1916, -1
8717, 12276, -1
8717, 11975, -1
8717, 6327, -1
8717, 2902, -1
14094, 9361, -1
14094, 6812, -1
14094, 3685, -1
14094, 11842, -1
14094, 9, -1
14094, 9625, -1
14094, 4279, -1
14094, 8717, -1
14094, 1916, -1
14094, 12276, -1
14094, 11975, -1
14094, 6327, -1
14094, 2902, -1
1916, 9361, -1
12276, 9361, -1
1916, 6812, -1
1916, 3685, -1
12276, 6812, -1
12276, 3685, -1
1916, 11842, -1
1916, 9, -1
12276, 11842, -1
12276, 9, -1
1916, 9625, -1
12276, 9625, -1
1916, 4279, -1
12276, 4279, -1
1916, 8717, -1
12276, 8717, -1
1916, 14094, -1
12276, 14094, -1
1916, 11975, -1
12276, 11975, -1
1916, 6327, -1
12276, 6327, -1
1916, 2902, -1
12276, 2902, -1
11975, 9361, -1
11975, 6812, -1
11975, 3685, -1
11975, 11842, -1
11975, 9, -1
11975, 9625, -1
11975, 4279, -1
11975, 8717, -1
11975, 14094, -1
11975, 1916, -1
11975, 12276, -1
11975, 6327, -1
11975, 2902, -1
6327, 9361, -1
6327, 6812, -1
6327, 3685, -1
6327, 11842, -1
6327, 9, -1
6327, 9625, -1
6327, 4279, -1
6327, 8717, -1
6327, 14094, -1
6327, 1916, -1
6327, 12276, -1
6327, 11975, -1
6327, 2902, -1
2902, 9361, -1
2902, 6812, -1
2902, 3685, -1
2902, 11842, -1
2902, 9, -1
2902, 9625, -1
2902, 4279, -1
2902, 8717, -1
2902, 14094, -1
2902, 1916, -1
2902, 12276, -1
2902, 11975, -1
2902, 6327, -1

