18965, 16286, -1
18965, 3479, -1
18965, 15051, -1
18965, 9517, -1
16286, 18965, -1
16286, 3479, -1
16286, 15051, -1
16286, 9517, -1
3479, 18965, -1
3479, 16286, -1
3479, 15051, -1
3479, 9517, -1
15051, 18965, -1
15051, 16286, -1
15051, 3479, -1
15051, 9517, -1
9517, 18965, -1
9517, 16286, -1
9517, 3479, -1
9517, 15051, -1

18965, 12276, 1
12276, 18965, 1
18965, 16286, -1
12276, 16286, -1
18965, 3479, -1
12276, 3479, -1
18965, 15051, -1
12276, 15051, -1
18965, 9517, -1
12276, 9517, -1
18965, 4392, -1
12276, 4392, -1
16286, 18965, -1
16286, 12276, -1
16286, 3479, -1
16286, 15051, -1
16286, 9517, -1
16286, 4392, -1
3479, 18965, -1
3479, 12276, -1
3479, 16286, -1
3479, 15051, -1
3479, 9517, -1
3479, 4392, -1
15051, 18965, -1
15051, 12276, -1
15051, 16286, -1
15051, 3479, -1
15051, 9517, -1
15051, 4392, -1
9517, 18965, -1
9517, 12276, -1
9517, 16286, -1
9517, 3479, -1
9517, 15051, -1
9517, 4392, -1
4392, 18965, -1
4392, 12276, -1
4392, 16286, -1
4392, 3479, -1
4392, 15051, -1
4392, 9517, -1

18965, 12276, 1
12276, 18965, 1
16286, 14746, 1
14746, 16286, 1
9517, 9, 1
9, 9517, 1
18965, 16286, -1
18965, 14746, -1
12276, 16286, -1
12276, 14746, -1
18965, 3479, -1
12276, 3479, -1
18965, 15051, -1
12276, 15051, -1
18965, 9517, -1
18965, 9, -1
12276, 9517, -1
12276, 9, -1
18965, 4392, -1
12276, 4392, -1
16286, 18965, -1
16286, 12276, -1
14746, 18965, -1
14746, 12276, -1
16286, 3479, -1
14746, 3479, -1
16286, 15051, -1
14746, 15051, -1
16286, 9517, -1
16286, 9, -1
14746, 9517, -1
14746, 9, -1
16286, 4392, -1
14746, 4392, -1
3479, 18965, -1
3479, 12276, -1
3479, 16286, -1
3479, 14746, -1
3479, 15051, -1
3479, 9517, -1
3479, 9, -1
3479, 4392, -1
15051, 18965, -1
15051, 12276, -1
15051, 16286, -1
15051, 14746, -1
15051, 3479, -1
15051, 9517, -1
15051, 9, -1
15051, 4392, -1
9517, 18965, -1
9517, 12276, -1
9, 18965, -1
9, 12276, -1
9517, 16286, -1
9517, 14746, -1
9, 16286, -1
9, 14746, -1
9517, 3479, -1
9, 3479, -1
9517, 15051, -1
9, 15051, -1
9517, 4392, -1
9, 4392, -1
4392, 18965, -1
4392, 12276, -1
4392, 16286, -1
4392, 14746, -1
4392, 3479, -1
4392, 15051, -1
4392, 9517, -1
4392, 9, -1

18965, 12276, 1
12276, 18965, 1
16286, 14746, 1
14746, 16286, 1
9517, 9, 1
9, 9517, 1
18965, 16286, -1
18965, 14746, -1
12276, 16286, -1
12276, 14746, -1
18965, 3479, -1
12276, 3479, -1
18965, 15051, -1
12276, 15051, -1
18965, 9517, -1
18965, 9, -1
12276, 9517, -1
12276, 9, -1
18965, 4392, -1
12276, 4392, -1
18965, 12739, -1
12276, 12739, -1
16286, 18965, -1
16286, 12276, -1
14746, 18965, -1
14746, 12276, -1
16286, 3479, -1
14746, 3479, -1
16286, 15051, -1
14746, 15051, -1
16286, 9517, -1
16286, 9, -1
14746, 9517, -1
14746, 9, -1
16286, 4392, -1
14746, 4392, -1
16286, 12739, -1
14746, 12739, -1
3479, 18965, -1
3479, 12276, -1
3479, 16286, -1
3479, 14746, -1
3479, 15051, -1
3479, 9517, -1
3479, 9, -1
3479, 4392, -1
3479, 12739, -1
15051, 18965, -1
15051, 12276, -1
15051, 16286, -1
15051, 14746, -1
15051, 3479, -1
15051, 9517, -1
15051, 9, -1
15051, 4392, -1
15051, 12739, -1
9517, 18965, -1
9517, 12276, -1
9, 18965, -1
9, 12276, -1
9517, 16286, -1
9517, 14746, -1
9, 16286, -1
9, 14746, -1
9517, 3479, -1
9, 3479, -1
9517, 15051, -1
9, 15051, -1
9517, 4392, -1
9, 4392, -1
9517, 12739, -1
9, 12739, -1
4392, 18965, -1
4392, 12276, -1
4392, 16286, -1
4392, 14746, -1
4392, 3479, -1
4392, 15051, -1
4392, 9517, -1
4392, 9, -1
4392, 12739, -1
12739, 18965, -1
12739, 12276, -1
12739, 16286, -1
12739, 14746, -1
12739, 3479, -1
12739, 15051, -1
12739, 9517, -1
12739, 9, -1
12739, 4392, -1

18965, 12276, 1
12276, 18965, 1
16286, 14746, 1
14746, 16286, 1
9517, 9, 1
9, 9517, 1
12739, 11911, 1
11911, 12739, 1
18965, 16286, -1
18965, 14746, -1
12276, 16286, -1
12276, 14746, -1
18965, 3479, -1
12276, 3479, -1
18965, 15051, -1
12276, 15051, -1
18965, 9517, -1
18965, 9, -1
12276, 9517, -1
12276, 9, -1
18965, 4392, -1
12276, 4392, -1
18965, 12739, -1
18965, 11911, -1
12276, 12739, -1
12276, 11911, -1
16286, 18965, -1
16286, 12276, -1
14746, 18965, -1
14746, 12276, -1
16286, 3479, -1
14746, 3479, -1
16286, 15051, -1
14746, 15051, -1
16286, 9517, -1
16286, 9, -1
14746, 9517, -1
14746, 9, -1
16286, 4392, -1
14746, 4392, -1
16286, 12739, -1
16286, 11911, -1
14746, 12739, -1
14746, 11911, -1
3479, 18965, -1
3479, 12276, -1
3479, 16286, -1
3479, 14746, -1
3479, 15051, -1
3479, 9517, -1
3479, 9, -1
3479, 4392, -1
3479, 12739, -1
3479, 11911, -1
15051, 18965, -1
15051, 12276, -1
15051, 16286, -1
15051, 14746, -1
15051, 3479, -1
15051, 9517, -1
15051, 9, -1
15051, 4392, -1
15051, 12739, -1
15051, 11911, -1
9517, 18965, -1
9517, 12276, -1
9, 18965, -1
9, 12276, -1
9517, 16286, -1
9517, 14746, -1
9, 16286, -1
9, 14746, -1
9517, 3479, -1
9, 3479, -1
9517, 15051, -1
9, 15051, -1
9517, 4392, -1
9, 4392, -1
9517, 12739, -1
9517, 11911, -1
9, 12739, -1
9, 11911, -1
4392, 18965, -1
4392, 12276, -1
4392, 16286, -1
4392, 14746, -1
4392, 3479, -1
4392, 15051, -1
4392, 9517, -1
4392, 9, -1
4392, 12739, -1
4392, 11911, -1
12739, 18965, -1
12739, 12276, -1
11911, 18965, -1
11911, 12276, -1
12739, 16286, -1
12739, 14746, -1
11911, 16286, -1
11911, 14746, -1
12739, 3479, -1
11911, 3479, -1
12739, 15051, -1
11911, 15051, -1
12739, 9517, -1
12739, 9, -1
11911, 9517, -1
11911, 9, -1
12739, 4392, -1
11911, 4392, -1

18965, 12276, 1
12276, 18965, 1
16286, 14746, 1
14746, 16286, 1
9517, 9, 1
9, 9517, 1
12739, 11911, 1
11911, 12739, 1
18965, 16286, -1
18965, 14746, -1
12276, 16286, -1
12276, 14746, -1
18965, 3479, -1
12276, 3479, -1
18965, 15051, -1
12276, 15051, -1
18965, 9517, -1
18965, 9, -1
12276, 9517, -1
12276, 9, -1
18965, 4392, -1
12276, 4392, -1
18965, 12739, -1
18965, 11911, -1
12276, 12739, -1
12276, 11911, -1
18965, 7316, -1
12276, 7316, -1
16286, 18965, -1
16286, 12276, -1
14746, 18965, -1
14746, 12276, -1
16286, 3479, -1
14746, 3479, -1
16286, 15051, -1
14746, 15051, -1
16286, 9517, -1
16286, 9, -1
14746, 9517, -1
14746, 9, -1
16286, 4392, -1
14746, 4392, -1
16286, 12739, -1
16286, 11911, -1
14746, 12739, -1
14746, 11911, -1
16286, 7316, -1
14746, 7316, -1
3479, 18965, -1
3479, 12276, -1
3479, 16286, -1
3479, 14746, -1
3479, 15051, -1
3479, 9517, -1
3479, 9, -1
3479, 4392, -1
3479, 12739, -1
3479, 11911, -1
3479, 7316, -1
15051, 18965, -1
15051, 12276, -1
15051, 16286, -1
15051, 14746, -1
15051, 3479, -1
15051, 9517, -1
15051, 9, -1
15051, 4392, -1
15051, 12739, -1
15051, 11911, -1
15051, 7316, -1
9517, 18965, -1
9517, 12276, -1
9, 18965, -1
9, 12276, -1
9517, 16286, -1
9517, 14746, -1
9, 16286, -1
9, 14746, -1
9517, 3479, -1
9, 3479, -1
9517, 15051, -1
9, 15051, -1
9517, 4392, -1
9, 4392, -1
9517, 12739, -1
9517, 11911, -1
9, 12739, -1
9, 11911, -1
9517, 7316, -1
9, 7316, -1
4392, 18965, -1
4392, 12276, -1
4392, 16286, -1
4392, 14746, -1
4392, 3479, -1
4392, 15051, -1
4392, 9517, -1
4392, 9, -1
4392, 12739, -1
4392, 11911, -1
4392, 7316, -1
12739, 18965, -1
12739, 12276, -1
11911, 18965, -1
11911, 12276, -1
12739, 16286, -1
12739, 14746, -1
11911, 16286, -1
11911, 14746, -1
12739, 3479, -1
11911, 3479, -1
12739, 15051, -1
11911, 15051, -1
12739, 9517, -1
12739, 9, -1
11911, 9517, -1
11911, 9, -1
12739, 4392, -1
11911, 4392, -1
12739, 7316, -1
11911, 7316, -1
7316, 18965, -1
7316, 12276, -1
7316, 16286, -1
7316, 14746, -1
7316, 3479, -1
7316, 15051, -1
7316, 9517, -1
7316, 9, -1
7316, 4392, -1
7316, 12739, -1
7316, 11911, -1

18965, 12276, 1
12276, 18965, 1
16286, 14746, 1
14746, 16286, 1
9517, 9, 1
9, 9517, 1
12739, 11911, 1
11911, 12739, 1
18965, 16286, -1
18965, 14746, -1
12276, 16286, -1
12276, 14746, -1
18965, 3479, -1
12276, 3479, -1
18965, 15051, -1
12276, 15051, -1
18965, 9517, -1
18965, 9, -1
12276, 9517, -1
12276, 9, -1
18965, 4392, -1
12276, 4392, -1
18965, 12739, -1
18965, 11911, -1
12276, 12739, -1
12276, 11911, -1
18965, 7316, -1
12276, 7316, -1
18965, 7308, -1
12276, 7308, -1
16286, 18965, -1
16286, 12276, -1
14746, 18965, -1
14746, 12276, -1
16286, 3479, -1
14746, 3479, -1
16286, 15051, -1
14746, 15051, -1
16286, 9517, -1
16286, 9, -1
14746, 9517, -1
14746, 9, -1
16286, 4392, -1
14746, 4392, -1
16286, 12739, -1
16286, 11911, -1
14746, 12739, -1
14746, 11911, -1
16286, 7316, -1
14746, 7316, -1
16286, 7308, -1
14746, 7308, -1
3479, 18965, -1
3479, 12276, -1
3479, 16286, -1
3479, 14746, -1
3479, 15051, -1
3479, 9517, -1
3479, 9, -1
3479, 4392, -1
3479, 12739, -1
3479, 11911, -1
3479, 7316, -1
3479, 7308, -1
15051, 18965, -1
15051, 12276, -1
15051, 16286, -1
15051, 14746, -1
15051, 3479, -1
15051, 9517, -1
15051, 9, -1
15051, 4392, -1
15051, 12739, -1
15051, 11911, -1
15051, 7316, -1
15051, 7308, -1
9517, 18965, -1
9517, 12276, -1
9, 18965, -1
9, 12276, -1
9517, 16286, -1
9517, 14746, -1
9, 16286, -1
9, 14746, -1
9517, 3479, -1
9, 3479, -1
9517, 15051, -1
9, 15051, -1
9517, 4392, -1
9, 4392, -1
9517, 12739, -1
9517, 11911, -1
9, 12739, -1
9, 11911, -1
9517, 7316, -1
9, 7316, -1
9517, 7308, -1
9, 7308, -1
4392, 18965, -1
4392, 12276, -1
4392, 16286, -1
4392, 14746, -1
4392, 3479, -1
4392, 15051, -1
4392, 9517, -1
4392, 9, -1
4392, 12739, -1
4392, 11911, -1
4392, 7316, -1
4392, 7308, -1
12739, 18965, -1
12739, 12276, -1
11911, 18965, -1
11911, 12276, -1
12739, 16286, -1
12739, 14746, -1
11911, 16286, -1
11911, 14746, -1
12739, 3479, -1
11911, 3479, -1
12739, 15051, -1
11911, 15051, -1
12739, 9517, -1
12739, 9, -1
11911, 9517, -1
11911, 9, -1
12739, 4392, -1
11911, 4392, -1
12739, 7316, -1
11911, 7316, -1
12739, 7308, -1
11911, 7308, -1
7316, 18965, -1
7316, 12276, -1
7316, 16286, -1
7316, 14746, -1
7316, 3479, -1
7316, 15051, -1
7316, 9517, -1
7316, 9, -1
7316, 4392, -1
7316, 12739, -1
7316, 11911, -1
7316, 7308, -1
7308, 18965, -1
7308, 12276, -1
7308, 16286, -1
7308, 14746, -1
7308, 3479, -1
7308, 15051, -1
7308, 9517, -1
7308, 9, -1
7308, 4392, -1
7308, 12739, -1
7308, 11911, -1
7308, 7316, -1

18965, 12276, 1
12276, 18965, 1
16286, 14746, 1
14746, 16286, 1
15051, 13715, 1
13715, 15051, 1
9517, 9, 1
9517, 4453, 1
9, 9517, 1
9, 4453, 1
4453, 9517, 1
4453, 9, 1
12739, 11911, 1
11911, 12739, 1
18965, 16286, -1
18965, 14746, -1
12276, 16286, -1
12276, 14746, -1
18965, 3479, -1
12276, 3479, -1
18965, 15051, -1
18965, 13715, -1
12276, 15051, -1
12276, 13715, -1
18965, 9517, -1
18965, 9, -1
18965, 4453, -1
12276, 9517, -1
12276, 9, -1
12276, 4453, -1
18965, 4392, -1
12276, 4392, -1
18965, 12739, -1
18965, 11911, -1
12276, 12739, -1
12276, 11911, -1
18965, 7316, -1
12276, 7316, -1
18965, 7308, -1
12276, 7308, -1
16286, 18965, -1
16286, 12276, -1
14746, 18965, -1
14746, 12276, -1
16286, 3479, -1
14746, 3479, -1
16286, 15051, -1
16286, 13715, -1
14746, 15051, -1
14746, 13715, -1
16286, 9517, -1
16286, 9, -1
16286, 4453, -1
14746, 9517, -1
14746, 9, -1
14746, 4453, -1
16286, 4392, -1
14746, 4392, -1
16286, 12739, -1
16286, 11911, -1
14746, 12739, -1
14746, 11911, -1
16286, 7316, -1
14746, 7316, -1
16286, 7308, -1
14746, 7308, -1
3479, 18965, -1
3479, 12276, -1
3479, 16286, -1
3479, 14746, -1
3479, 15051, -1
3479, 13715, -1
3479, 9517, -1
3479, 9, -1
3479, 4453, -1
3479, 4392, -1
3479, 12739, -1
3479, 11911, -1
3479, 7316, -1
3479, 7308, -1
15051, 18965, -1
15051, 12276, -1
13715, 18965, -1
13715, 12276, -1
15051, 16286, -1
15051, 14746, -1
13715, 16286, -1
13715, 14746, -1
15051, 3479, -1
13715, 3479, -1
15051, 9517, -1
15051, 9, -1
15051, 4453, -1
13715, 9517, -1
13715, 9, -1
13715, 4453, -1
15051, 4392, -1
13715, 4392, -1
15051, 12739, -1
15051, 11911, -1
13715, 12739, -1
13715, 11911, -1
15051, 7316, -1
13715, 7316, -1
15051, 7308, -1
13715, 7308, -1
9517, 18965, -1
9517, 12276, -1
9, 18965, -1
9, 12276, -1
4453, 18965, -1
4453, 12276, -1
9517, 16286, -1
9517, 14746, -1
9, 16286, -1
9, 14746, -1
4453, 16286, -1
4453, 14746, -1
9517, 3479, -1
9, 3479, -1
4453, 3479, -1
9517, 15051, -1
9517, 13715, -1
9, 15051, -1
9, 13715, -1
4453, 15051, -1
4453, 13715, -1
9517, 4392, -1
9, 4392, -1
4453, 4392, -1
9517, 12739, -1
9517, 11911, -1
9, 12739, -1
9, 11911, -1
4453, 12739, -1
4453, 11911, -1
9517, 7316, -1
9, 7316, -1
4453, 7316, -1
9517, 7308, -1
9, 7308, -1
4453, 7308, -1
4392, 18965, -1
4392, 12276, -1
4392, 16286, -1
4392, 14746, -1
4392, 3479, -1
4392, 15051, -1
4392, 13715, -1
4392, 9517, -1
4392, 9, -1
4392, 4453, -1
4392, 12739, -1
4392, 11911, -1
4392, 7316, -1
4392, 7308, -1
12739, 18965, -1
12739, 12276, -1
11911, 18965, -1
11911, 12276, -1
12739, 16286, -1
12739, 14746, -1
11911, 16286, -1
11911, 14746, -1
12739, 3479, -1
11911, 3479, -1
12739, 15051, -1
12739, 13715, -1
11911, 15051, -1
11911, 13715, -1
12739, 9517, -1
12739, 9, -1
12739, 4453, -1
11911, 9517, -1
11911, 9, -1
11911, 4453, -1
12739, 4392, -1
11911, 4392, -1
12739, 7316, -1
11911, 7316, -1
12739, 7308, -1
11911, 7308, -1
7316, 18965, -1
7316, 12276, -1
7316, 16286, -1
7316, 14746, -1
7316, 3479, -1
7316, 15051, -1
7316, 13715, -1
7316, 9517, -1
7316, 9, -1
7316, 4453, -1
7316, 4392, -1
7316, 12739, -1
7316, 11911, -1
7316, 7308, -1
7308, 18965, -1
7308, 12276, -1
7308, 16286, -1
7308, 14746, -1
7308, 3479, -1
7308, 15051, -1
7308, 13715, -1
7308, 9517, -1
7308, 9, -1
7308, 4453, -1
7308, 4392, -1
7308, 12739, -1
7308, 11911, -1
7308, 7316, -1

18965, 12276, 1
12276, 18965, 1
16286, 14746, 1
14746, 16286, 1
15051, 13715, 1
13715, 15051, 1
9517, 9, 1
9517, 4453, 1
9, 9517, 1
9, 4453, 1
4453, 9517, 1
4453, 9, 1
12739, 11911, 1
11911, 12739, 1
18965, 16286, -1
18965, 14746, -1
12276, 16286, -1
12276, 14746, -1
18965, 3479, -1
12276, 3479, -1
18965, 15051, -1
18965, 13715, -1
12276, 15051, -1
12276, 13715, -1
18965, 9517, -1
18965, 9, -1
18965, 4453, -1
12276, 9517, -1
12276, 9, -1
12276, 4453, -1
18965, 4392, -1
12276, 4392, -1
18965, 12739, -1
18965, 11911, -1
12276, 12739, -1
12276, 11911, -1
18965, 7316, -1
12276, 7316, -1
18965, 7308, -1
12276, 7308, -1
18965, 433, -1
12276, 433, -1
16286, 18965, -1
16286, 12276, -1
14746, 18965, -1
14746, 12276, -1
16286, 3479, -1
14746, 3479, -1
16286, 15051, -1
16286, 13715, -1
14746, 15051, -1
14746, 13715, -1
16286, 9517, -1
16286, 9, -1
16286, 4453, -1
14746, 9517, -1
14746, 9, -1
14746, 4453, -1
16286, 4392, -1
14746, 4392, -1
16286, 12739, -1
16286, 11911, -1
14746, 12739, -1
14746, 11911, -1
16286, 7316, -1
14746, 7316, -1
16286, 7308, -1
14746, 7308, -1
16286, 433, -1
14746, 433, -1
3479, 18965, -1
3479, 12276, -1
3479, 16286, -1
3479, 14746, -1
3479, 15051, -1
3479, 13715, -1
3479, 9517, -1
3479, 9, -1
3479, 4453, -1
3479, 4392, -1
3479, 12739, -1
3479, 11911, -1
3479, 7316, -1
3479, 7308, -1
3479, 433, -1
15051, 18965, -1
15051, 12276, -1
13715, 18965, -1
13715, 12276, -1
15051, 16286, -1
15051, 14746, -1
13715, 16286, -1
13715, 14746, -1
15051, 3479, -1
13715, 3479, -1
15051, 9517, -1
15051, 9, -1
15051, 4453, -1
13715, 9517, -1
13715, 9, -1
13715, 4453, -1
15051, 4392, -1
13715, 4392, -1
15051, 12739, -1
15051, 11911, -1
13715, 12739, -1
13715, 11911, -1
15051, 7316, -1
13715, 7316, -1
15051, 7308, -1
13715, 7308, -1
15051, 433, -1
13715, 433, -1
9517, 18965, -1
9517, 12276, -1
9, 18965, -1
9, 12276, -1
4453, 18965, -1
4453, 12276, -1
9517, 16286, -1
9517, 14746, -1
9, 16286, -1
9, 14746, -1
4453, 16286, -1
4453, 14746, -1
9517, 3479, -1
9, 3479, -1
4453, 3479, -1
9517, 15051, -1
9517, 13715, -1
9, 15051, -1
9, 13715, -1
4453, 15051, -1
4453, 13715, -1
9517, 4392, -1
9, 4392, -1
4453, 4392, -1
9517, 12739, -1
9517, 11911, -1
9, 12739, -1
9, 11911, -1
4453, 12739, -1
4453, 11911, -1
9517, 7316, -1
9, 7316, -1
4453, 7316, -1
9517, 7308, -1
9, 7308, -1
4453, 7308, -1
9517, 433, -1
9, 433, -1
4453, 433, -1
4392, 18965, -1
4392, 12276, -1
4392, 16286, -1
4392, 14746, -1
4392, 3479, -1
4392, 15051, -1
4392, 13715, -1
4392, 9517, -1
4392, 9, -1
4392, 4453, -1
4392, 12739, -1
4392, 11911, -1
4392, 7316, -1
4392, 7308, -1
4392, 433, -1
12739, 18965, -1
12739, 12276, -1
11911, 18965, -1
11911, 12276, -1
12739, 16286, -1
12739, 14746, -1
11911, 16286, -1
11911, 14746, -1
12739, 3479, -1
11911, 3479, -1
12739, 15051, -1
12739, 13715, -1
11911, 15051, -1
11911, 13715, -1
12739, 9517, -1
12739, 9, -1
12739, 4453, -1
11911, 9517, -1
11911, 9, -1
11911, 4453, -1
12739, 4392, -1
11911, 4392, -1
12739, 7316, -1
11911, 7316, -1
12739, 7308, -1
11911, 7308, -1
12739, 433, -1
11911, 433, -1
7316, 18965, -1
7316, 12276, -1
7316, 16286, -1
7316, 14746, -1
7316, 3479, -1
7316, 15051, -1
7316, 13715, -1
7316, 9517, -1
7316, 9, -1
7316, 4453, -1
7316, 4392, -1
7316, 12739, -1
7316, 11911, -1
7316, 7308, -1
7316, 433, -1
7308, 18965, -1
7308, 12276, -1
7308, 16286, -1
7308, 14746, -1
7308, 3479, -1
7308, 15051, -1
7308, 13715, -1
7308, 9517, -1
7308, 9, -1
7308, 4453, -1
7308, 4392, -1
7308, 12739, -1
7308, 11911, -1
7308, 7316, -1
7308, 433, -1
433, 18965, -1
433, 12276, -1
433, 16286, -1
433, 14746, -1
433, 3479, -1
433, 15051, -1
433, 13715, -1
433, 9517, -1
433, 9, -1
433, 4453, -1
433, 4392, -1
433, 12739, -1
433, 11911, -1
433, 7316, -1
433, 7308, -1

18965, 12276, 1
12276, 18965, 1
16286, 14746, 1
14746, 16286, 1
15051, 13715, 1
13715, 15051, 1
9517, 9, 1
9517, 4453, 1
9, 9517, 1
9, 4453, 1
4453, 9517, 1
4453, 9, 1
12739, 11911, 1
11911, 12739, 1
18965, 16286, -1
18965, 14746, -1
12276, 16286, -1
12276, 14746, -1
18965, 3479, -1
12276, 3479, -1
18965, 15051, -1
18965, 13715, -1
12276, 15051, -1
12276, 13715, -1
18965, 9517, -1
18965, 9, -1
18965, 4453, -1
12276, 9517, -1
12276, 9, -1
12276, 4453, -1
18965, 4392, -1
12276, 4392, -1
18965, 12739, -1
18965, 11911, -1
12276, 12739, -1
12276, 11911, -1
18965, 7316, -1
12276, 7316, -1
18965, 7308, -1
12276, 7308, -1
18965, 433, -1
12276, 433, -1
18965, 4265, -1
12276, 4265, -1
16286, 18965, -1
16286, 12276, -1
14746, 18965, -1
14746, 12276, -1
16286, 3479, -1
14746, 3479, -1
16286, 15051, -1
16286, 13715, -1
14746, 15051, -1
14746, 13715, -1
16286, 9517, -1
16286, 9, -1
16286, 4453, -1
14746, 9517, -1
14746, 9, -1
14746, 4453, -1
16286, 4392, -1
14746, 4392, -1
16286, 12739, -1
16286, 11911, -1
14746, 12739, -1
14746, 11911, -1
16286, 7316, -1
14746, 7316, -1
16286, 7308, -1
14746, 7308, -1
16286, 433, -1
14746, 433, -1
16286, 4265, -1
14746, 4265, -1
3479, 18965, -1
3479, 12276, -1
3479, 16286, -1
3479, 14746, -1
3479, 15051, -1
3479, 13715, -1
3479, 9517, -1
3479, 9, -1
3479, 4453, -1
3479, 4392, -1
3479, 12739, -1
3479, 11911, -1
3479, 7316, -1
3479, 7308, -1
3479, 433, -1
3479, 4265, -1
15051, 18965, -1
15051, 12276, -1
13715, 18965, -1
13715, 12276, -1
15051, 16286, -1
15051, 14746, -1
13715, 16286, -1
13715, 14746, -1
15051, 3479, -1
13715, 3479, -1
15051, 9517, -1
15051, 9, -1
15051, 4453, -1
13715, 9517, -1
13715, 9, -1
13715, 4453, -1
15051, 4392, -1
13715, 4392, -1
15051, 12739, -1
15051, 11911, -1
13715, 12739, -1
13715, 11911, -1
15051, 7316, -1
13715, 7316, -1
15051, 7308, -1
13715, 7308, -1
15051, 433, -1
13715, 433, -1
15051, 4265, -1
13715, 4265, -1
9517, 18965, -1
9517, 12276, -1
9, 18965, -1
9, 12276, -1
4453, 18965, -1
4453, 12276, -1
9517, 16286, -1
9517, 14746, -1
9, 16286, -1
9, 14746, -1
4453, 16286, -1
4453, 14746, -1
9517, 3479, -1
9, 3479, -1
4453, 3479, -1
9517, 15051, -1
9517, 13715, -1
9, 15051, -1
9, 13715, -1
4453, 15051, -1
4453, 13715, -1
9517, 4392, -1
9, 4392, -1
4453, 4392, -1
9517, 12739, -1
9517, 11911, -1
9, 12739, -1
9, 11911, -1
4453, 12739, -1
4453, 11911, -1
9517, 7316, -1
9, 7316, -1
4453, 7316, -1
9517, 7308, -1
9, 7308, -1
4453, 7308, -1
9517, 433, -1
9, 433, -1
4453, 433, -1
9517, 4265, -1
9, 4265, -1
4453, 4265, -1
4392, 18965, -1
4392, 12276, -1
4392, 16286, -1
4392, 14746, -1
4392, 3479, -1
4392, 15051, -1
4392, 13715, -1
4392, 9517, -1
4392, 9, -1
4392, 4453, -1
4392, 12739, -1
4392, 11911, -1
4392, 7316, -1
4392, 7308, -1
4392, 433, -1
4392, 4265, -1
12739, 18965, -1
12739, 12276, -1
11911, 18965, -1
11911, 12276, -1
12739, 16286, -1
12739, 14746, -1
11911, 16286, -1
11911, 14746, -1
12739, 3479, -1
11911, 3479, -1
12739, 15051, -1
12739, 13715, -1
11911, 15051, -1
11911, 13715, -1
12739, 9517, -1
12739, 9, -1
12739, 4453, -1
11911, 9517, -1
11911, 9, -1
11911, 4453, -1
12739, 4392, -1
11911, 4392, -1
12739, 7316, -1
11911, 7316, -1
12739, 7308, -1
11911, 7308, -1
12739, 433, -1
11911, 433, -1
12739, 4265, -1
11911, 4265, -1
7316, 18965, -1
7316, 12276, -1
7316, 16286, -1
7316, 14746, -1
7316, 3479, -1
7316, 15051, -1
7316, 13715, -1
7316, 9517, -1
7316, 9, -1
7316, 4453, -1
7316, 4392, -1
7316, 12739, -1
7316, 11911, -1
7316, 7308, -1
7316, 433, -1
7316, 4265, -1
7308, 18965, -1
7308, 12276, -1
7308, 16286, -1
7308, 14746, -1
7308, 3479, -1
7308, 15051, -1
7308, 13715, -1
7308, 9517, -1
7308, 9, -1
7308, 4453, -1
7308, 4392, -1
7308, 12739, -1
7308, 11911, -1
7308, 7316, -1
7308, 433, -1
7308, 4265, -1
433, 18965, -1
433, 12276, -1
433, 16286, -1
433, 14746, -1
433, 3479, -1
433, 15051, -1
433, 13715, -1
433, 9517, -1
433, 9, -1
433, 4453, -1
433, 4392, -1
433, 12739, -1
433, 11911, -1
433, 7316, -1
433, 7308, -1
433, 4265, -1
4265, 18965, -1
4265, 12276, -1
4265, 16286, -1
4265, 14746, -1
4265, 3479, -1
4265, 15051, -1
4265, 13715, -1
4265, 9517, -1
4265, 9, -1
4265, 4453, -1
4265, 4392, -1
4265, 12739, -1
4265, 11911, -1
4265, 7316, -1
4265, 7308, -1
4265, 433, -1

