4993, 9, -1
4993, 3365, -1
4993, 6812, -1
4993, 433, -1
9, 4993, -1
9, 3365, -1
9, 6812, -1
9, 433, -1
3365, 4993, -1
3365, 9, -1
3365, 6812, -1
3365, 433, -1
6812, 4993, -1
6812, 9, -1
6812, 3365, -1
6812, 433, -1
433, 4993, -1
433, 9, -1
433, 3365, -1
433, 6812, -1

3365, 12739, 1
12739, 3365, 1
4993, 9, -1
4993, 3365, -1
4993, 12739, -1
4993, 6812, -1
4993, 433, -1
4993, 8504, -1
9, 4993, -1
9, 3365, -1
9, 12739, -1
9, 6812, -1
9, 433, -1
9, 8504, -1
3365, 4993, -1
12739, 4993, -1
3365, 9, -1
12739, 9, -1
3365, 6812, -1
12739, 6812, -1
3365, 433, -1
12739, 433, -1
3365, 8504, -1
12739, 8504, -1
6812, 4993, -1
6812, 9, -1
6812, 3365, -1
6812, 12739, -1
6812, 433, -1
6812, 8504, -1
433, 4993, -1
433, 9, -1
433, 3365, -1
433, 12739, -1
433, 6812, -1
433, 8504, -1
8504, 4993, -1
8504, 9, -1
8504, 3365, -1
8504, 12739, -1
8504, 6812, -1
8504, 433, -1

9, 9517, 1
9517, 9, 1
3365, 12739, 1
12739, 3365, 1
4993, 9, -1
4993, 9517, -1
4993, 3365, -1
4993, 12739, -1
4993, 6812, -1
4993, 433, -1
4993, 8504, -1
4993, 1081, -1
9, 4993, -1
9517, 4993, -1
9, 3365, -1
9, 12739, -1
9517, 3365, -1
9517, 12739, -1
9, 6812, -1
9517, 6812, -1
9, 433, -1
9517, 433, -1
9, 8504, -1
9517, 8504, -1
9, 1081, -1
9517, 1081, -1
3365, 4993, -1
12739, 4993, -1
3365, 9, -1
3365, 9517, -1
12739, 9, -1
12739, 9517, -1
3365, 6812, -1
12739, 6812, -1
3365, 433, -1
12739, 433, -1
3365, 8504, -1
12739, 8504, -1
3365, 1081, -1
12739, 1081, -1
6812, 4993, -1
6812, 9, -1
6812, 9517, -1
6812, 3365, -1
6812, 12739, -1
6812, 433, -1
6812, 8504, -1
6812, 1081, -1
433, 4993, -1
433, 9, -1
433, 9517, -1
433, 3365, -1
433, 12739, -1
433, 6812, -1
433, 8504, -1
433, 1081, -1
8504, 4993, -1
8504, 9, -1
8504, 9517, -1
8504, 3365, -1
8504, 12739, -1
8504, 6812, -1
8504, 433, -1
8504, 1081, -1
1081, 4993, -1
1081, 9, -1
1081, 9517, -1
1081, 3365, -1
1081, 12739, -1
1081, 6812, -1
1081, 433, -1
1081, 8504, -1

4993, 10240, 1
10240, 4993, 1
9, 9517, 1
9517, 9, 1
3365, 12739, 1
3365, 19201, 1
12739, 3365, 1
12739, 19201, 1
19201, 3365, 1
19201, 12739, 1
8504, 13715, 1
13715, 8504, 1
4993, 9, -1
4993, 9517, -1
10240, 9, -1
10240, 9517, -1
4993, 3365, -1
4993, 12739, -1
4993, 19201, -1
10240, 3365, -1
10240, 12739, -1
10240, 19201, -1
4993, 6812, -1
10240, 6812, -1
4993, 433, -1
10240, 433, -1
4993, 8504, -1
4993, 13715, -1
10240, 8504, -1
10240, 13715, -1
4993, 1081, -1
10240, 1081, -1
9, 4993, -1
9, 10240, -1
9517, 4993, -1
9517, 10240, -1
9, 3365, -1
9, 12739, -1
9, 19201, -1
9517, 3365, -1
9517, 12739, -1
9517, 19201, -1
9, 6812, -1
9517, 6812, -1
9, 433, -1
9517, 433, -1
9, 8504, -1
9, 13715, -1
9517, 8504, -1
9517, 13715, -1
9, 1081, -1
9517, 1081, -1
3365, 4993, -1
3365, 10240, -1
12739, 4993, -1
12739, 10240, -1
19201, 4993, -1
19201, 10240, -1
3365, 9, -1
3365, 9517, -1
12739, 9, -1
12739, 9517, -1
19201, 9, -1
19201, 9517, -1
3365, 6812, -1
12739, 6812, -1
19201, 6812, -1
3365, 433, -1
12739, 433, -1
19201, 433, -1
3365, 8504, -1
3365, 13715, -1
12739, 8504, -1
12739, 13715, -1
19201, 8504, -1
19201, 13715, -1
3365, 1081, -1
12739, 1081, -1
19201, 1081, -1
6812, 4993, -1
6812, 10240, -1
6812, 9, -1
6812, 9517, -1
6812, 3365, -1
6812, 12739, -1
6812, 19201, -1
6812, 433, -1
6812, 8504, -1
6812, 13715, -1
6812, 1081, -1
433, 4993, -1
433, 10240, -1
433, 9, -1
433, 9517, -1
433, 3365, -1
433, 12739, -1
433, 19201, -1
433, 6812, -1
433, 8504, -1
433, 13715, -1
433, 1081, -1
8504, 4993, -1
8504, 10240, -1
13715, 4993, -1
13715, 10240, -1
8504, 9, -1
8504, 9517, -1
13715, 9, -1
13715, 9517, -1
8504, 3365, -1
8504, 12739, -1
8504, 19201, -1
13715, 3365, -1
13715, 12739, -1
13715, 19201, -1
8504, 6812, -1
13715, 6812, -1
8504, 433, -1
13715, 433, -1
8504, 1081, -1
13715, 1081, -1
1081, 4993, -1
1081, 10240, -1
1081, 9, -1
1081, 9517, -1
1081, 3365, -1
1081, 12739, -1
1081, 19201, -1
1081, 6812, -1
1081, 433, -1
1081, 8504, -1
1081, 13715, -1

4993, 10240, 1
10240, 4993, 1
9, 9517, 1
9517, 9, 1
3365, 12739, 1
3365, 19201, 1
12739, 3365, 1
12739, 19201, 1
19201, 3365, 1
19201, 12739, 1
6812, 2504, 1
2504, 6812, 1
8504, 13715, 1
13715, 8504, 1
4993, 9, -1
4993, 9517, -1
10240, 9, -1
10240, 9517, -1
4993, 3365, -1
4993, 12739, -1
4993, 19201, -1
10240, 3365, -1
10240, 12739, -1
10240, 19201, -1
4993, 6812, -1
4993, 2504, -1
10240, 6812, -1
10240, 2504, -1
4993, 433, -1
10240, 433, -1
4993, 8504, -1
4993, 13715, -1
10240, 8504, -1
10240, 13715, -1
4993, 1081, -1
10240, 1081, -1
9, 4993, -1
9, 10240, -1
9517, 4993, -1
9517, 10240, -1
9, 3365, -1
9, 12739, -1
9, 19201, -1
9517, 3365, -1
9517, 12739, -1
9517, 19201, -1
9, 6812, -1
9, 2504, -1
9517, 6812, -1
9517, 2504, -1
9, 433, -1
9517, 433, -1
9, 8504, -1
9, 13715, -1
9517, 8504, -1
9517, 13715, -1
9, 1081, -1
9517, 1081, -1
3365, 4993, -1
3365, 10240, -1
12739, 4993, -1
12739, 10240, -1
19201, 4993, -1
19201, 10240, -1
3365, 9, -1
3365, 9517, -1
12739, 9, -1
12739, 9517, -1
19201, 9, -1
19201, 9517, -1
3365, 6812, -1
3365, 2504, -1
12739, 6812, -1
12739, 2504, -1
19201, 6812, -1
19201, 2504, -1
3365, 433, -1
12739, 433, -1
19201, 433, -1
3365, 8504, -1
3365, 13715, -1
12739, 8504, -1
12739, 13715, -1
19201, 8504, -1
19201, 13715, -1
3365, 1081, -1
12739, 1081, -1
19201, 1081, -1
6812, 4993, -1
6812, 10240, -1
2504, 4993, -1
2504, 10240, -1
6812, 9, -1
6812, 9517, -1
2504, 9, -1
2504, 9517, -1
6812, 3365, -1
6812, 12739, -1
6812, 19201, -1
2504, 3365, -1
2504, 12739, -1
2504, 19201, -1
6812, 433, -1
2504, 433, -1
6812, 8504, -1
6812, 13715, -1
2504, 8504, -1
2504, 13715, -1
6812, 1081, -1
2504, 1081, -1
433, 4993, -1
433, 10240, -1
433, 9, -1
433, 9517, -1
433, 3365, -1
433, 12739, -1
433, 19201, -1
433, 6812, -1
433, 2504, -1
433, 8504, -1
433, 13715, -1
433, 1081, -1
8504, 4993, -1
8504, 10240, -1
13715, 4993, -1
13715, 10240, -1
8504, 9, -1
8504, 9517, -1
13715, 9, -1
13715, 9517, -1
8504, 3365, -1
8504, 12739, -1
8504, 19201, -1
13715, 3365, -1
13715, 12739, -1
13715, 19201, -1
8504, 6812, -1
8504, 2504, -1
13715, 6812, -1
13715, 2504, -1
8504, 433, -1
13715, 433, -1
8504, 1081, -1
13715, 1081, -1
1081, 4993, -1
1081, 10240, -1
1081, 9, -1
1081, 9517, -1
1081, 3365, -1
1081, 12739, -1
1081, 19201, -1
1081, 6812, -1
1081, 2504, -1
1081, 433, -1
1081, 8504, -1
1081, 13715, -1

4993, 10240, 1
10240, 4993, 1
9, 9517, 1
9517, 9, 1
3365, 12739, 1
3365, 19201, 1
12739, 3365, 1
12739, 19201, 1
19201, 3365, 1
19201, 12739, 1
6812, 2504, 1
2504, 6812, 1
8504, 13715, 1
13715, 8504, 1
4993, 9, -1
4993, 9517, -1
10240, 9, -1
10240, 9517, -1
4993, 3365, -1
4993, 12739, -1
4993, 19201, -1
10240, 3365, -1
10240, 12739, -1
10240, 19201, -1
4993, 6812, -1
4993, 2504, -1
10240, 6812, -1
10240, 2504, -1
4993, 433, -1
10240, 433, -1
4993, 8504, -1
4993, 13715, -1
10240, 8504, -1
10240, 13715, -1
4993, 1081, -1
10240, 1081, -1
4993, 12565, -1
10240, 12565, -1
9, 4993, -1
9, 10240, -1
9517, 4993, -1
9517, 10240, -1
9, 3365, -1
9, 12739, -1
9, 19201, -1
9517, 3365, -1
9517, 12739, -1
9517, 19201, -1
9, 6812, -1
9, 2504, -1
9517, 6812, -1
9517, 2504, -1
9, 433, -1
9517, 433, -1
9, 8504, -1
9, 13715, -1
9517, 8504, -1
9517, 13715, -1
9, 1081, -1
9517, 1081, -1
9, 12565, -1
9517, 12565, -1
3365, 4993, -1
3365, 10240, -1
12739, 4993, -1
12739, 10240, -1
19201, 4993, -1
19201, 10240, -1
3365, 9, -1
3365, 9517, -1
12739, 9, -1
12739, 9517, -1
19201, 9, -1
19201, 9517, -1
3365, 6812, -1
3365, 2504, -1
12739, 6812, -1
12739, 2504, -1
19201, 6812, -1
19201, 2504, -1
3365, 433, -1
12739, 433, -1
19201, 433, -1
3365, 8504, -1
3365, 13715, -1
12739, 8504, -1
12739, 13715, -1
19201, 8504, -1
19201, 13715, -1
3365, 1081, -1
12739, 1081, -1
19201, 1081, -1
3365, 12565, -1
12739, 12565, -1
19201, 12565, -1
6812, 4993, -1
6812, 10240, -1
2504, 4993, -1
2504, 10240, -1
6812, 9, -1
6812, 9517, -1
2504, 9, -1
2504, 9517, -1
6812, 3365, -1
6812, 12739, -1
6812, 19201, -1
2504, 3365, -1
2504, 12739, -1
2504, 19201, -1
6812, 433, -1
2504, 433, -1
6812, 8504, -1
6812, 13715, -1
2504, 8504, -1
2504, 13715, -1
6812, 1081, -1
2504, 1081, -1
6812, 12565, -1
2504, 12565, -1
433, 4993, -1
433, 10240, -1
433, 9, -1
433, 9517, -1
433, 3365, -1
433, 12739, -1
433, 19201, -1
433, 6812, -1
433, 2504, -1
433, 8504, -1
433, 13715, -1
433, 1081, -1
433, 12565, -1
8504, 4993, -1
8504, 10240, -1
13715, 4993, -1
13715, 10240, -1
8504, 9, -1
8504, 9517, -1
13715, 9, -1
13715, 9517, -1
8504, 3365, -1
8504, 12739, -1
8504, 19201, -1
13715, 3365, -1
13715, 12739, -1
13715, 19201, -1
8504, 6812, -1
8504, 2504, -1
13715, 6812, -1
13715, 2504, -1
8504, 433, -1
13715, 433, -1
8504, 1081, -1
13715, 1081, -1
8504, 12565, -1
13715, 12565, -1
1081, 4993, -1
1081, 10240, -1
1081, 9, -1
1081, 9517, -1
1081, 3365, -1
1081, 12739, -1
1081, 19201, -1
1081, 6812, -1
1081, 2504, -1
1081, 433, -1
1081, 8504, -1
1081, 13715, -1
1081, 12565, -1
12565, 4993, -1
12565, 10240, -1
12565, 9, -1
12565, 9517, -1
12565, 3365, -1
12565, 12739, -1
12565, 19201, -1
12565, 6812, -1
12565, 2504, -1
12565, 433, -1
12565, 8504, -1
12565, 13715, -1
12565, 1081, -1

4993, 10240, 1
10240, 4993, 1
9, 9517, 1
9, 13336, 1
9517, 9, 1
9517, 13336, 1
13336, 9, 1
13336, 9517, 1
3365, 12739, 1
3365, 19201, 1
12739, 3365, 1
12739, 19201, 1
19201, 3365, 1
19201, 12739, 1
6812, 2504, 1
2504, 6812, 1
8504, 13715, 1
13715, 8504, 1
4993, 9, -1
4993, 9517, -1
4993, 13336, -1
10240, 9, -1
10240, 9517, -1
10240, 13336, -1
4993, 3365, -1
4993, 12739, -1
4993, 19201, -1
10240, 3365, -1
10240, 12739, -1
10240, 19201, -1
4993, 6812, -1
4993, 2504, -1
10240, 6812, -1
10240, 2504, -1
4993, 433, -1
10240, 433, -1
4993, 8504, -1
4993, 13715, -1
10240, 8504, -1
10240, 13715, -1
4993, 1081, -1
10240, 1081, -1
4993, 12565, -1
10240, 12565, -1
4993, 10143, -1
10240, 10143, -1
9, 4993, -1
9, 10240, -1
9517, 4993, -1
9517, 10240, -1
13336, 4993, -1
13336, 10240, -1
9, 3365, -1
9, 12739, -1
9, 19201, -1
9517, 3365, -1
9517, 12739, -1
9517, 19201, -1
13336, 3365, -1
13336, 12739, -1
13336, 19201, -1
9, 6812, -1
9, 2504, -1
9517, 6812, -1
9517, 2504, -1
13336, 6812, -1
13336, 2504, -1
9, 433, -1
9517, 433, -1
13336, 433, -1
9, 8504, -1
9, 13715, -1
9517, 8504, -1
9517, 13715, -1
13336, 8504, -1
13336, 13715, -1
9, 1081, -1
9517, 1081, -1
13336, 1081, -1
9, 12565, -1
9517, 12565, -1
13336, 12565, -1
9, 10143, -1
9517, 10143, -1
13336, 10143, -1
3365, 4993, -1
3365, 10240, -1
12739, 4993, -1
12739, 10240, -1
19201, 4993, -1
19201, 10240, -1
3365, 9, -1
3365, 9517, -1
3365, 13336, -1
12739, 9, -1
12739, 9517, -1
12739, 13336, -1
19201, 9, -1
19201, 9517, -1
19201, 13336, -1
3365, 6812, -1
3365, 2504, -1
12739, 6812, -1
12739, 2504, -1
19201, 6812, -1
19201, 2504, -1
3365, 433, -1
12739, 433, -1
19201, 433, -1
3365, 8504, -1
3365, 13715, -1
12739, 8504, -1
12739, 13715, -1
19201, 8504, -1
19201, 13715, -1
3365, 1081, -1
12739, 1081, -1
19201, 1081, -1
3365, 12565, -1
12739, 12565, -1
19201, 12565, -1
3365, 10143, -1
12739, 10143, -1
19201, 10143, -1
6812, 4993, -1
6812, 10240, -1
2504, 4993, -1
2504, 10240, -1
6812, 9, -1
6812, 9517, -1
6812, 13336, -1
2504, 9, -1
2504, 9517, -1
2504, 13336, -1
6812, 3365, -1
6812, 12739, -1
6812, 19201, -1
2504, 3365, -1
2504, 12739, -1
2504, 19201, -1
6812, 433, -1
2504, 433, -1
6812, 8504, -1
6812, 13715, -1
2504, 8504, -1
2504, 13715, -1
6812, 1081, -1
2504, 1081, -1
6812, 12565, -1
2504, 12565, -1
6812, 10143, -1
2504, 10143, -1
433, 4993, -1
433, 10240, -1
433, 9, -1
433, 9517, -1
433, 13336, -1
433, 3365, -1
433, 12739, -1
433, 19201, -1
433, 6812, -1
433, 2504, -1
433, 8504, -1
433, 13715, -1
433, 1081, -1
433, 12565, -1
433, 10143, -1
8504, 4993, -1
8504, 10240, -1
13715, 4993, -1
13715, 10240, -1
8504, 9, -1
8504, 9517, -1
8504, 13336, -1
13715, 9, -1
13715, 9517, -1
13715, 13336, -1
8504, 3365, -1
8504, 12739, -1
8504, 19201, -1
13715, 3365, -1
13715, 12739, -1
13715, 19201, -1
8504, 6812, -1
8504, 2504, -1
13715, 6812, -1
13715, 2504, -1
8504, 433, -1
13715, 433, -1
8504, 1081, -1
13715, 1081, -1
8504, 12565, -1
13715, 12565, -1
8504, 10143, -1
13715, 10143, -1
1081, 4993, -1
1081, 10240, -1
1081, 9, -1
1081, 9517, -1
1081, 13336, -1
1081, 3365, -1
1081, 12739, -1
1081, 19201, -1
1081, 6812, -1
1081, 2504, -1
1081, 433, -1
1081, 8504, -1
1081, 13715, -1
1081, 12565, -1
1081, 10143, -1
12565, 4993, -1
12565, 10240, -1
12565, 9, -1
12565, 9517, -1
12565, 13336, -1
12565, 3365, -1
12565, 12739, -1
12565, 19201, -1
12565, 6812, -1
12565, 2504, -1
12565, 433, -1
12565, 8504, -1
12565, 13715, -1
12565, 1081, -1
12565, 10143, -1
10143, 4993, -1
10143, 10240, -1
10143, 9, -1
10143, 9517, -1
10143, 13336, -1
10143, 3365, -1
10143, 12739, -1
10143, 19201, -1
10143, 6812, -1
10143, 2504, -1
10143, 433, -1
10143, 8504, -1
10143, 13715, -1
10143, 1081, -1
10143, 12565, -1

4993, 10240, 1
10240, 4993, 1
9, 9517, 1
9, 13336, 1
9517, 9, 1
9517, 13336, 1
13336, 9, 1
13336, 9517, 1
3365, 12739, 1
3365, 19201, 1
12739, 3365, 1
12739, 19201, 1
19201, 3365, 1
19201, 12739, 1
6812, 2504, 1
2504, 6812, 1
8504, 13715, 1
13715, 8504, 1
4993, 9, -1
4993, 9517, -1
4993, 13336, -1
10240, 9, -1
10240, 9517, -1
10240, 13336, -1
4993, 3365, -1
4993, 12739, -1
4993, 19201, -1
10240, 3365, -1
10240, 12739, -1
10240, 19201, -1
4993, 6812, -1
4993, 2504, -1
10240, 6812, -1
10240, 2504, -1
4993, 433, -1
10240, 433, -1
4993, 8504, -1
4993, 13715, -1
10240, 8504, -1
10240, 13715, -1
4993, 1081, -1
10240, 1081, -1
4993, 12565, -1
10240, 12565, -1
4993, 10143, -1
10240, 10143, -1
4993, 18195, -1
10240, 18195, -1
9, 4993, -1
9, 10240, -1
9517, 4993, -1
9517, 10240, -1
13336, 4993, -1
13336, 10240, -1
9, 3365, -1
9, 12739, -1
9, 19201, -1
9517, 3365, -1
9517, 12739, -1
9517, 19201, -1
13336, 3365, -1
13336, 12739, -1
13336, 19201, -1
9, 6812, -1
9, 2504, -1
9517, 6812, -1
9517, 2504, -1
13336, 6812, -1
13336, 2504, -1
9, 433, -1
9517, 433, -1
13336, 433, -1
9, 8504, -1
9, 13715, -1
9517, 8504, -1
9517, 13715, -1
13336, 8504, -1
13336, 13715, -1
9, 1081, -1
9517, 1081, -1
13336, 1081, -1
9, 12565, -1
9517, 12565, -1
13336, 12565, -1
9, 10143, -1
9517, 10143, -1
13336, 10143, -1
9, 18195, -1
9517, 18195, -1
13336, 18195, -1
3365, 4993, -1
3365, 10240, -1
12739, 4993, -1
12739, 10240, -1
19201, 4993, -1
19201, 10240, -1
3365, 9, -1
3365, 9517, -1
3365, 13336, -1
12739, 9, -1
12739, 9517, -1
12739, 13336, -1
19201, 9, -1
19201, 9517, -1
19201, 13336, -1
3365, 6812, -1
3365, 2504, -1
12739, 6812, -1
12739, 2504, -1
19201, 6812, -1
19201, 2504, -1
3365, 433, -1
12739, 433, -1
19201, 433, -1
3365, 8504, -1
3365, 13715, -1
12739, 8504, -1
12739, 13715, -1
19201, 8504, -1
19201, 13715, -1
3365, 1081, -1
12739, 1081, -1
19201, 1081, -1
3365, 12565, -1
12739, 12565, -1
19201, 12565, -1
3365, 10143, -1
12739, 10143, -1
19201, 10143, -1
3365, 18195, -1
12739, 18195, -1
19201, 18195, -1
6812, 4993, -1
6812, 10240, -1
2504, 4993, -1
2504, 10240, -1
6812, 9, -1
6812, 9517, -1
6812, 13336, -1
2504, 9, -1
2504, 9517, -1
2504, 13336, -1
6812, 3365, -1
6812, 12739, -1
6812, 19201, -1
2504, 3365, -1
2504, 12739, -1
2504, 19201, -1
6812, 433, -1
2504, 433, -1
6812, 8504, -1
6812, 13715, -1
2504, 8504, -1
2504, 13715, -1
6812, 1081, -1
2504, 1081, -1
6812, 12565, -1
2504, 12565, -1
6812, 10143, -1
2504, 10143, -1
6812, 18195, -1
2504, 18195, -1
433, 4993, -1
433, 10240, -1
433, 9, -1
433, 9517, -1
433, 13336, -1
433, 3365, -1
433, 12739, -1
433, 19201, -1
433, 6812, -1
433, 2504, -1
433, 8504, -1
433, 13715, -1
433, 1081, -1
433, 12565, -1
433, 10143, -1
433, 18195, -1
8504, 4993, -1
8504, 10240, -1
13715, 4993, -1
13715, 10240, -1
8504, 9, -1
8504, 9517, -1
8504, 13336, -1
13715, 9, -1
13715, 9517, -1
13715, 13336, -1
8504, 3365, -1
8504, 12739, -1
8504, 19201, -1
13715, 3365, -1
13715, 12739, -1
13715, 19201, -1
8504, 6812, -1
8504, 2504, -1
13715, 6812, -1
13715, 2504, -1
8504, 433, -1
13715, 433, -1
8504, 1081, -1
13715, 1081, -1
8504, 12565, -1
13715, 12565, -1
8504, 10143, -1
13715, 10143, -1
8504, 18195, -1
13715, 18195, -1
1081, 4993, -1
1081, 10240, -1
1081, 9, -1
1081, 9517, -1
1081, 13336, -1
1081, 3365, -1
1081, 12739, -1
1081, 19201, -1
1081, 6812, -1
1081, 2504, -1
1081, 433, -1
1081, 8504, -1
1081, 13715, -1
1081, 12565, -1
1081, 10143, -1
1081, 18195, -1
12565, 4993, -1
12565, 10240, -1
12565, 9, -1
12565, 9517, -1
12565, 13336, -1
12565, 3365, -1
12565, 12739, -1
12565, 19201, -1
12565, 6812, -1
12565, 2504, -1
12565, 433, -1
12565, 8504, -1
12565, 13715, -1
12565, 1081, -1
12565, 10143, -1
12565, 18195, -1
10143, 4993, -1
10143, 10240, -1
10143, 9, -1
10143, 9517, -1
10143, 13336, -1
10143, 3365, -1
10143, 12739, -1
10143, 19201, -1
10143, 6812, -1
10143, 2504, -1
10143, 433, -1
10143, 8504, -1
10143, 13715, -1
10143, 1081, -1
10143, 12565, -1
10143, 18195, -1
18195, 4993, -1
18195, 10240, -1
18195, 9, -1
18195, 9517, -1
18195, 13336, -1
18195, 3365, -1
18195, 12739, -1
18195, 19201, -1
18195, 6812, -1
18195, 2504, -1
18195, 433, -1
18195, 8504, -1
18195, 13715, -1
18195, 1081, -1
18195, 12565, -1
18195, 10143, -1

4993, 10240, 1
10240, 4993, 1
9, 9517, 1
9, 13336, 1
9517, 9, 1
9517, 13336, 1
13336, 9, 1
13336, 9517, 1
3365, 12739, 1
3365, 19201, 1
12739, 3365, 1
12739, 19201, 1
19201, 3365, 1
19201, 12739, 1
6812, 2504, 1
2504, 6812, 1
8504, 13715, 1
13715, 8504, 1
4993, 9, -1
4993, 9517, -1
4993, 13336, -1
10240, 9, -1
10240, 9517, -1
10240, 13336, -1
4993, 3365, -1
4993, 12739, -1
4993, 19201, -1
10240, 3365, -1
10240, 12739, -1
10240, 19201, -1
4993, 6812, -1
4993, 2504, -1
10240, 6812, -1
10240, 2504, -1
4993, 433, -1
10240, 433, -1
4993, 8504, -1
4993, 13715, -1
10240, 8504, -1
10240, 13715, -1
4993, 1081, -1
10240, 1081, -1
4993, 12565, -1
10240, 12565, -1
4993, 10143, -1
10240, 10143, -1
4993, 18195, -1
10240, 18195, -1
4993, 5417, -1
10240, 5417, -1
9, 4993, -1
9, 10240, -1
9517, 4993, -1
9517, 10240, -1
13336, 4993, -1
13336, 10240, -1
9, 3365, -1
9, 12739, -1
9, 19201, -1
9517, 3365, -1
9517, 12739, -1
9517, 19201, -1
13336, 3365, -1
13336, 12739, -1
13336, 19201, -1
9, 6812, -1
9, 2504, -1
9517, 6812, -1
9517, 2504, -1
13336, 6812, -1
13336, 2504, -1
9, 433, -1
9517, 433, -1
13336, 433, -1
9, 8504, -1
9, 13715, -1
9517, 8504, -1
9517, 13715, -1
13336, 8504, -1
13336, 13715, -1
9, 1081, -1
9517, 1081, -1
13336, 1081, -1
9, 12565, -1
9517, 12565, -1
13336, 12565, -1
9, 10143, -1
9517, 10143, -1
13336, 10143, -1
9, 18195, -1
9517, 18195, -1
13336, 18195, -1
9, 5417, -1
9517, 5417, -1
13336, 5417, -1
3365, 4993, -1
3365, 10240, -1
12739, 4993, -1
12739, 10240, -1
19201, 4993, -1
19201, 10240, -1
3365, 9, -1
3365, 9517, -1
3365, 13336, -1
12739, 9, -1
12739, 9517, -1
12739, 13336, -1
19201, 9, -1
19201, 9517, -1
19201, 13336, -1
3365, 6812, -1
3365, 2504, -1
12739, 6812, -1
12739, 2504, -1
19201, 6812, -1
19201, 2504, -1
3365, 433, -1
12739, 433, -1
19201, 433, -1
3365, 8504, -1
3365, 13715, -1
12739, 8504, -1
12739, 13715, -1
19201, 8504, -1
19201, 13715, -1
3365, 1081, -1
12739, 1081, -1
19201, 1081, -1
3365, 12565, -1
12739, 12565, -1
19201, 12565, -1
3365, 10143, -1
12739, 10143, -1
19201, 10143, -1
3365, 18195, -1
12739, 18195, -1
19201, 18195, -1
3365, 5417, -1
12739, 5417, -1
19201, 5417, -1
6812, 4993, -1
6812, 10240, -1
2504, 4993, -1
2504, 10240, -1
6812, 9, -1
6812, 9517, -1
6812, 13336, -1
2504, 9, -1
2504, 9517, -1
2504, 13336, -1
6812, 3365, -1
6812, 12739, -1
6812, 19201, -1
2504, 3365, -1
2504, 12739, -1
2504, 19201, -1
6812, 433, -1
2504, 433, -1
6812, 8504, -1
6812, 13715, -1
2504, 8504, -1
2504, 13715, -1
6812, 1081, -1
2504, 1081, -1
6812, 12565, -1
2504, 12565, -1
6812, 10143, -1
2504, 10143, -1
6812, 18195, -1
2504, 18195, -1
6812, 5417, -1
2504, 5417, -1
433, 4993, -1
433, 10240, -1
433, 9, -1
433, 9517, -1
433, 13336, -1
433, 3365, -1
433, 12739, -1
433, 19201, -1
433, 6812, -1
433, 2504, -1
433, 8504, -1
433, 13715, -1
433, 1081, -1
433, 12565, -1
433, 10143, -1
433, 18195, -1
433, 5417, -1
8504, 4993, -1
8504, 10240, -1
13715, 4993, -1
13715, 10240, -1
8504, 9, -1
8504, 9517, -1
8504, 13336, -1
13715, 9, -1
13715, 9517, -1
13715, 13336, -1
8504, 3365, -1
8504, 12739, -1
8504, 19201, -1
13715, 3365, -1
13715, 12739, -1
13715, 19201, -1
8504, 6812, -1
8504, 2504, -1
13715, 6812, -1
13715, 2504, -1
8504, 433, -1
13715, 433, -1
8504, 1081, -1
13715, 1081, -1
8504, 12565, -1
13715, 12565, -1
8504, 10143, -1
13715, 10143, -1
8504, 18195, -1
13715, 18195, -1
8504, 5417, -1
13715, 5417, -1
1081, 4993, -1
1081, 10240, -1
1081, 9, -1
1081, 9517, -1
1081, 13336, -1
1081, 3365, -1
1081, 12739, -1
1081, 19201, -1
1081, 6812, -1
1081, 2504, -1
1081, 433, -1
1081, 8504, -1
1081, 13715, -1
1081, 12565, -1
1081, 10143, -1
1081, 18195, -1
1081, 5417, -1
12565, 4993, -1
12565, 10240, -1
12565, 9, -1
12565, 9517, -1
12565, 13336, -1
12565, 3365, -1
12565, 12739, -1
12565, 19201, -1
12565, 6812, -1
12565, 2504, -1
12565, 433, -1
12565, 8504, -1
12565, 13715, -1
12565, 1081, -1
12565, 10143, -1
12565, 18195, -1
12565, 5417, -1
10143, 4993, -1
10143, 10240, -1
10143, 9, -1
10143, 9517, -1
10143, 13336, -1
10143, 3365, -1
10143, 12739, -1
10143, 19201, -1
10143, 6812, -1
10143, 2504, -1
10143, 433, -1
10143, 8504, -1
10143, 13715, -1
10143, 1081, -1
10143, 12565, -1
10143, 18195, -1
10143, 5417, -1
18195, 4993, -1
18195, 10240, -1
18195, 9, -1
18195, 9517, -1
18195, 13336, -1
18195, 3365, -1
18195, 12739, -1
18195, 19201, -1
18195, 6812, -1
18195, 2504, -1
18195, 433, -1
18195, 8504, -1
18195, 13715, -1
18195, 1081, -1
18195, 12565, -1
18195, 10143, -1
18195, 5417, -1
5417, 4993, -1
5417, 10240, -1
5417, 9, -1
5417, 9517, -1
5417, 13336, -1
5417, 3365, -1
5417, 12739, -1
5417, 19201, -1
5417, 6812, -1
5417, 2504, -1
5417, 433, -1
5417, 8504, -1
5417, 13715, -1
5417, 1081, -1
5417, 12565, -1
5417, 10143, -1
5417, 18195, -1

4993, 10240, 1
10240, 4993, 1
9, 9517, 1
9, 13336, 1
9517, 9, 1
9517, 13336, 1
13336, 9, 1
13336, 9517, 1
3365, 12739, 1
3365, 19201, 1
12739, 3365, 1
12739, 19201, 1
19201, 3365, 1
19201, 12739, 1
6812, 2504, 1
2504, 6812, 1
8504, 13715, 1
13715, 8504, 1
4993, 9, -1
4993, 9517, -1
4993, 13336, -1
10240, 9, -1
10240, 9517, -1
10240, 13336, -1
4993, 3365, -1
4993, 12739, -1
4993, 19201, -1
10240, 3365, -1
10240, 12739, -1
10240, 19201, -1
4993, 6812, -1
4993, 2504, -1
10240, 6812, -1
10240, 2504, -1
4993, 433, -1
10240, 433, -1
4993, 8504, -1
4993, 13715, -1
10240, 8504, -1
10240, 13715, -1
4993, 1081, -1
10240, 1081, -1
4993, 12565, -1
10240, 12565, -1
4993, 10143, -1
10240, 10143, -1
4993, 18195, -1
10240, 18195, -1
4993, 5417, -1
10240, 5417, -1
9, 4993, -1
9, 10240, -1
9517, 4993, -1
9517, 10240, -1
13336, 4993, -1
13336, 10240, -1
9, 3365, -1
9, 12739, -1
9, 19201, -1
9517, 3365, -1
9517, 12739, -1
9517, 19201, -1
13336, 3365, -1
13336, 12739, -1
13336, 19201, -1
9, 6812, -1
9, 2504, -1
9517, 6812, -1
9517, 2504, -1
13336, 6812, -1
13336, 2504, -1
9, 433, -1
9517, 433, -1
13336, 433, -1
9, 8504, -1
9, 13715, -1
9517, 8504, -1
9517, 13715, -1
13336, 8504, -1
13336, 13715, -1
9, 1081, -1
9517, 1081, -1
13336, 1081, -1
9, 12565, -1
9517, 12565, -1
13336, 12565, -1
9, 10143, -1
9517, 10143, -1
13336, 10143, -1
9, 18195, -1
9517, 18195, -1
13336, 18195, -1
9, 5417, -1
9517, 5417, -1
13336, 5417, -1
3365, 4993, -1
3365, 10240, -1
12739, 4993, -1
12739, 10240, -1
19201, 4993, -1
19201, 10240, -1
3365, 9, -1
3365, 9517, -1
3365, 13336, -1
12739, 9, -1
12739, 9517, -1
12739, 13336, -1
19201, 9, -1
19201, 9517, -1
19201, 13336, -1
3365, 6812, -1
3365, 2504, -1
12739, 6812, -1
12739, 2504, -1
19201, 6812, -1
19201, 2504, -1
3365, 433, -1
12739, 433, -1
19201, 433, -1
3365, 8504, -1
3365, 13715, -1
12739, 8504, -1
12739, 13715, -1
19201, 8504, -1
19201, 13715, -1
3365, 1081, -1
12739, 1081, -1
19201, 1081, -1
3365, 12565, -1
12739, 12565, -1
19201, 12565, -1
3365, 10143, -1
12739, 10143, -1
19201, 10143, -1
3365, 18195, -1
12739, 18195, -1
19201, 18195, -1
3365, 5417, -1
12739, 5417, -1
19201, 5417, -1
6812, 4993, -1
6812, 10240, -1
2504, 4993, -1
2504, 10240, -1
6812, 9, -1
6812, 9517, -1
6812, 13336, -1
2504, 9, -1
2504, 9517, -1
2504, 13336, -1
6812, 3365, -1
6812, 12739, -1
6812, 19201, -1
2504, 3365, -1
2504, 12739, -1
2504, 19201, -1
6812, 433, -1
2504, 433, -1
6812, 8504, -1
6812, 13715, -1
2504, 8504, -1
2504, 13715, -1
6812, 1081, -1
2504, 1081, -1
6812, 12565, -1
2504, 12565, -1
6812, 10143, -1
2504, 10143, -1
6812, 18195, -1
2504, 18195, -1
6812, 5417, -1
2504, 5417, -1
433, 4993, -1
433, 10240, -1
433, 9, -1
433, 9517, -1
433, 13336, -1
433, 3365, -1
433, 12739, -1
433, 19201, -1
433, 6812, -1
433, 2504, -1
433, 8504, -1
433, 13715, -1
433, 1081, -1
433, 12565, -1
433, 10143, -1
433, 18195, -1
433, 5417, -1
8504, 4993, -1
8504, 10240, -1
13715, 4993, -1
13715, 10240, -1
8504, 9, -1
8504, 9517, -1
8504, 13336, -1
13715, 9, -1
13715, 9517, -1
13715, 13336, -1
8504, 3365, -1
8504, 12739, -1
8504, 19201, -1
13715, 3365, -1
13715, 12739, -1
13715, 19201, -1
8504, 6812, -1
8504, 2504, -1
13715, 6812, -1
13715, 2504, -1
8504, 433, -1
13715, 433, -1
8504, 1081, -1
13715, 1081, -1
8504, 12565, -1
13715, 12565, -1
8504, 10143, -1
13715, 10143, -1
8504, 18195, -1
13715, 18195, -1
8504, 5417, -1
13715, 5417, -1
1081, 4993, -1
1081, 10240, -1
1081, 9, -1
1081, 9517, -1
1081, 13336, -1
1081, 3365, -1
1081, 12739, -1
1081, 19201, -1
1081, 6812, -1
1081, 2504, -1
1081, 433, -1
1081, 8504, -1
1081, 13715, -1
1081, 12565, -1
1081, 10143, -1
1081, 18195, -1
1081, 5417, -1
12565, 4993, -1
12565, 10240, -1
12565, 9, -1
12565, 9517, -1
12565, 13336, -1
12565, 3365, -1
12565, 12739, -1
12565, 19201, -1
12565, 6812, -1
12565, 2504, -1
12565, 433, -1
12565, 8504, -1
12565, 13715, -1
12565, 1081, -1
12565, 10143, -1
12565, 18195, -1
12565, 5417, -1
10143, 4993, -1
10143, 10240, -1
10143, 9, -1
10143, 9517, -1
10143, 13336, -1
10143, 3365, -1
10143, 12739, -1
10143, 19201, -1
10143, 6812, -1
10143, 2504, -1
10143, 433, -1
10143, 8504, -1
10143, 13715, -1
10143, 1081, -1
10143, 12565, -1
10143, 18195, -1
10143, 5417, -1
18195, 4993, -1
18195, 10240, -1
18195, 9, -1
18195, 9517, -1
18195, 13336, -1
18195, 3365, -1
18195, 12739, -1
18195, 19201, -1
18195, 6812, -1
18195, 2504, -1
18195, 433, -1
18195, 8504, -1
18195, 13715, -1
18195, 1081, -1
18195, 12565, -1
18195, 10143, -1
18195, 5417, -1
5417, 4993, -1
5417, 10240, -1
5417, 9, -1
5417, 9517, -1
5417, 13336, -1
5417, 3365, -1
5417, 12739, -1
5417, 19201, -1
5417, 6812, -1
5417, 2504, -1
5417, 433, -1
5417, 8504, -1
5417, 13715, -1
5417, 1081, -1
5417, 12565, -1
5417, 10143, -1
5417, 18195, -1

