15416, 16286, -1
15416, 19708, -1
15416, 8717, -1
15416, 9517, -1
16286, 15416, -1
16286, 19708, -1
16286, 8717, -1
16286, 9517, -1
19708, 15416, -1
19708, 16286, -1
19708, 8717, -1
19708, 9517, -1
8717, 15416, -1
8717, 16286, -1
8717, 19708, -1
8717, 9517, -1
9517, 15416, -1
9517, 16286, -1
9517, 19708, -1
9517, 8717, -1

9517, 9, 1
9, 9517, 1
15416, 16286, -1
15416, 19708, -1
15416, 8717, -1
15416, 9517, -1
15416, 9, -1
15416, 9625, -1
16286, 15416, -1
16286, 19708, -1
16286, 8717, -1
16286, 9517, -1
16286, 9, -1
16286, 9625, -1
19708, 15416, -1
19708, 16286, -1
19708, 8717, -1
19708, 9517, -1
19708, 9, -1
19708, 9625, -1
8717, 15416, -1
8717, 16286, -1
8717, 19708, -1
8717, 9517, -1
8717, 9, -1
8717, 9625, -1
9517, 15416, -1
9, 15416, -1
9517, 16286, -1
9, 16286, -1
9517, 19708, -1
9, 19708, -1
9517, 8717, -1
9, 8717, -1
9517, 9625, -1
9, 9625, -1
9625, 15416, -1
9625, 16286, -1
9625, 19708, -1
9625, 8717, -1
9625, 9517, -1
9625, 9, -1

9517, 9, 1
9, 9517, 1
15416, 16286, -1
15416, 19708, -1
15416, 8717, -1
15416, 9517, -1
15416, 9, -1
15416, 9625, -1
15416, 3695, -1
16286, 15416, -1
16286, 19708, -1
16286, 8717, -1
16286, 9517, -1
16286, 9, -1
16286, 9625, -1
16286, 3695, -1
19708, 15416, -1
19708, 16286, -1
19708, 8717, -1
19708, 9517, -1
19708, 9, -1
19708, 9625, -1
19708, 3695, -1
8717, 15416, -1
8717, 16286, -1
8717, 19708, -1
8717, 9517, -1
8717, 9, -1
8717, 9625, -1
8717, 3695, -1
9517, 15416, -1
9, 15416, -1
9517, 16286, -1
9, 16286, -1
9517, 19708, -1
9, 19708, -1
9517, 8717, -1
9, 8717, -1
9517, 9625, -1
9, 9625, -1
9517, 3695, -1
9, 3695, -1
9625, 15416, -1
9625, 16286, -1
9625, 19708, -1
9625, 8717, -1
9625, 9517, -1
9625, 9, -1
9625, 3695, -1
3695, 15416, -1
3695, 16286, -1
3695, 19708, -1
3695, 8717, -1
3695, 9517, -1
3695, 9, -1
3695, 9625, -1

9517, 9, 1
9, 9517, 1
15416, 16286, -1
15416, 19708, -1
15416, 8717, -1
15416, 9517, -1
15416, 9, -1
15416, 9625, -1
15416, 3695, -1
15416, 1670, -1
16286, 15416, -1
16286, 19708, -1
16286, 8717, -1
16286, 9517, -1
16286, 9, -1
16286, 9625, -1
16286, 3695, -1
16286, 1670, -1
19708, 15416, -1
19708, 16286, -1
19708, 8717, -1
19708, 9517, -1
19708, 9, -1
19708, 9625, -1
19708, 3695, -1
19708, 1670, -1
8717, 15416, -1
8717, 16286, -1
8717, 19708, -1
8717, 9517, -1
8717, 9, -1
8717, 9625, -1
8717, 3695, -1
8717, 1670, -1
9517, 15416, -1
9, 15416, -1
9517, 16286, -1
9, 16286, -1
9517, 19708, -1
9, 19708, -1
9517, 8717, -1
9, 8717, -1
9517, 9625, -1
9, 9625, -1
9517, 3695, -1
9, 3695, -1
9517, 1670, -1
9, 1670, -1
9625, 15416, -1
9625, 16286, -1
9625, 19708, -1
9625, 8717, -1
9625, 9517, -1
9625, 9, -1
9625, 3695, -1
9625, 1670, -1
3695, 15416, -1
3695, 16286, -1
3695, 19708, -1
3695, 8717, -1
3695, 9517, -1
3695, 9, -1
3695, 9625, -1
3695, 1670, -1
1670, 15416, -1
1670, 16286, -1
1670, 19708, -1
1670, 8717, -1
1670, 9517, -1
1670, 9, -1
1670, 9625, -1
1670, 3695, -1

9517, 9, 1
9, 9517, 1
15416, 16286, -1
15416, 19708, -1
15416, 8717, -1
15416, 9517, -1
15416, 9, -1
15416, 9625, -1
15416, 3695, -1
15416, 1670, -1
15416, 15495, -1
16286, 15416, -1
16286, 19708, -1
16286, 8717, -1
16286, 9517, -1
16286, 9, -1
16286, 9625, -1
16286, 3695, -1
16286, 1670, -1
16286, 15495, -1
19708, 15416, -1
19708, 16286, -1
19708, 8717, -1
19708, 9517, -1
19708, 9, -1
19708, 9625, -1
19708, 3695, -1
19708, 1670, -1
19708, 15495, -1
8717, 15416, -1
8717, 16286, -1
8717, 19708, -1
8717, 9517, -1
8717, 9, -1
8717, 9625, -1
8717, 3695, -1
8717, 1670, -1
8717, 15495, -1
9517, 15416, -1
9, 15416, -1
9517, 16286, -1
9, 16286, -1
9517, 19708, -1
9, 19708, -1
9517, 8717, -1
9, 8717, -1
9517, 9625, -1
9, 9625, -1
9517, 3695, -1
9, 3695, -1
9517, 1670, -1
9, 1670, -1
9517, 15495, -1
9, 15495, -1
9625, 15416, -1
9625, 16286, -1
9625, 19708, -1
9625, 8717, -1
9625, 9517, -1
9625, 9, -1
9625, 3695, -1
9625, 1670, -1
9625, 15495, -1
3695, 15416, -1
3695, 16286, -1
3695, 19708, -1
3695, 8717, -1
3695, 9517, -1
3695, 9, -1
3695, 9625, -1
3695, 1670, -1
3695, 15495, -1
1670, 15416, -1
1670, 16286, -1
1670, 19708, -1
1670, 8717, -1
1670, 9517, -1
1670, 9, -1
1670, 9625, -1
1670, 3695, -1
1670, 15495, -1
15495, 15416, -1
15495, 16286, -1
15495, 19708, -1
15495, 8717, -1
15495, 9517, -1
15495, 9, -1
15495, 9625, -1
15495, 3695, -1
15495, 1670, -1

9517, 9, 1
9, 9517, 1
15416, 16286, -1
15416, 19708, -1
15416, 8717, -1
15416, 9517, -1
15416, 9, -1
15416, 9625, -1
15416, 3695, -1
15416, 1670, -1
15416, 15495, -1
15416, 17125, -1
16286, 15416, -1
16286, 19708, -1
16286, 8717, -1
16286, 9517, -1
16286, 9, -1
16286, 9625, -1
16286, 3695, -1
16286, 1670, -1
16286, 15495, -1
16286, 17125, -1
19708, 15416, -1
19708, 16286, -1
19708, 8717, -1
19708, 9517, -1
19708, 9, -1
19708, 9625, -1
19708, 3695, -1
19708, 1670, -1
19708, 15495, -1
19708, 17125, -1
8717, 15416, -1
8717, 16286, -1
8717, 19708, -1
8717, 9517, -1
8717, 9, -1
8717, 9625, -1
8717, 3695, -1
8717, 1670, -1
8717, 15495, -1
8717, 17125, -1
9517, 15416, -1
9, 15416, -1
9517, 16286, -1
9, 16286, -1
9517, 19708, -1
9, 19708, -1
9517, 8717, -1
9, 8717, -1
9517, 9625, -1
9, 9625, -1
9517, 3695, -1
9, 3695, -1
9517, 1670, -1
9, 1670, -1
9517, 15495, -1
9, 15495, -1
9517, 17125, -1
9, 17125, -1
9625, 15416, -1
9625, 16286, -1
9625, 19708, -1
9625, 8717, -1
9625, 9517, -1
9625, 9, -1
9625, 3695, -1
9625, 1670, -1
9625, 15495, -1
9625, 17125, -1
3695, 15416, -1
3695, 16286, -1
3695, 19708, -1
3695, 8717, -1
3695, 9517, -1
3695, 9, -1
3695, 9625, -1
3695, 1670, -1
3695, 15495, -1
3695, 17125, -1
1670, 15416, -1
1670, 16286, -1
1670, 19708, -1
1670, 8717, -1
1670, 9517, -1
1670, 9, -1
1670, 9625, -1
1670, 3695, -1
1670, 15495, -1
1670, 17125, -1
15495, 15416, -1
15495, 16286, -1
15495, 19708, -1
15495, 8717, -1
15495, 9517, -1
15495, 9, -1
15495, 9625, -1
15495, 3695, -1
15495, 1670, -1
15495, 17125, -1
17125, 15416, -1
17125, 16286, -1
17125, 19708, -1
17125, 8717, -1
17125, 9517, -1
17125, 9, -1
17125, 9625, -1
17125, 3695, -1
17125, 1670, -1
17125, 15495, -1

9517, 9, 1
9, 9517, 1
15416, 16286, -1
15416, 19708, -1
15416, 8717, -1
15416, 9517, -1
15416, 9, -1
15416, 9625, -1
15416, 3695, -1
15416, 1670, -1
15416, 15495, -1
15416, 17125, -1
15416, 7423, -1
16286, 15416, -1
16286, 19708, -1
16286, 8717, -1
16286, 9517, -1
16286, 9, -1
16286, 9625, -1
16286, 3695, -1
16286, 1670, -1
16286, 15495, -1
16286, 17125, -1
16286, 7423, -1
19708, 15416, -1
19708, 16286, -1
19708, 8717, -1
19708, 9517, -1
19708, 9, -1
19708, 9625, -1
19708, 3695, -1
19708, 1670, -1
19708, 15495, -1
19708, 17125, -1
19708, 7423, -1
8717, 15416, -1
8717, 16286, -1
8717, 19708, -1
8717, 9517, -1
8717, 9, -1
8717, 9625, -1
8717, 3695, -1
8717, 1670, -1
8717, 15495, -1
8717, 17125, -1
8717, 7423, -1
9517, 15416, -1
9, 15416, -1
9517, 16286, -1
9, 16286, -1
9517, 19708, -1
9, 19708, -1
9517, 8717, -1
9, 8717, -1
9517, 9625, -1
9, 9625, -1
9517, 3695, -1
9, 3695, -1
9517, 1670, -1
9, 1670, -1
9517, 15495, -1
9, 15495, -1
9517, 17125, -1
9, 17125, -1
9517, 7423, -1
9, 7423, -1
9625, 15416, -1
9625, 16286, -1
9625, 19708, -1
9625, 8717, -1
9625, 9517, -1
9625, 9, -1
9625, 3695, -1
9625, 1670, -1
9625, 15495, -1
9625, 17125, -1
9625, 7423, -1
3695, 15416, -1
3695, 16286, -1
3695, 19708, -1
3695, 8717, -1
3695, 9517, -1
3695, 9, -1
3695, 9625, -1
3695, 1670, -1
3695, 15495, -1
3695, 17125, -1
3695, 7423, -1
1670, 15416, -1
1670, 16286, -1
1670, 19708, -1
1670, 8717, -1
1670, 9517, -1
1670, 9, -1
1670, 9625, -1
1670, 3695, -1
1670, 15495, -1
1670, 17125, -1
1670, 7423, -1
15495, 15416, -1
15495, 16286, -1
15495, 19708, -1
15495, 8717, -1
15495, 9517, -1
15495, 9, -1
15495, 9625, -1
15495, 3695, -1
15495, 1670, -1
15495, 17125, -1
15495, 7423, -1
17125, 15416, -1
17125, 16286, -1
17125, 19708, -1
17125, 8717, -1
17125, 9517, -1
17125, 9, -1
17125, 9625, -1
17125, 3695, -1
17125, 1670, -1
17125, 15495, -1
17125, 7423, -1
7423, 15416, -1
7423, 16286, -1
7423, 19708, -1
7423, 8717, -1
7423, 9517, -1
7423, 9, -1
7423, 9625, -1
7423, 3695, -1
7423, 1670, -1
7423, 15495, -1
7423, 17125, -1

16286, 5672, 1
5672, 16286, 1
9517, 9, 1
9517, 1884, 1
9, 9517, 1
9, 1884, 1
1884, 9517, 1
1884, 9, 1
15416, 16286, -1
15416, 5672, -1
15416, 19708, -1
15416, 8717, -1
15416, 9517, -1
15416, 9, -1
15416, 1884, -1
15416, 9625, -1
15416, 3695, -1
15416, 1670, -1
15416, 15495, -1
15416, 17125, -1
15416, 7423, -1
16286, 15416, -1
5672, 15416, -1
16286, 19708, -1
5672, 19708, -1
16286, 8717, -1
5672, 8717, -1
16286, 9517, -1
16286, 9, -1
16286, 1884, -1
5672, 9517, -1
5672, 9, -1
5672, 1884, -1
16286, 9625, -1
5672, 9625, -1
16286, 3695, -1
5672, 3695, -1
16286, 1670, -1
5672, 1670, -1
16286, 15495, -1
5672, 15495, -1
16286, 17125, -1
5672, 17125, -1
16286, 7423, -1
5672, 7423, -1
19708, 15416, -1
19708, 16286, -1
19708, 5672, -1
19708, 8717, -1
19708, 9517, -1
19708, 9, -1
19708, 1884, -1
19708, 9625, -1
19708, 3695, -1
19708, 1670, -1
19708, 15495, -1
19708, 17125, -1
19708, 7423, -1
8717, 15416, -1
8717, 16286, -1
8717, 5672, -1
8717, 19708, -1
8717, 9517, -1
8717, 9, -1
8717, 1884, -1
8717, 9625, -1
8717, 3695, -1
8717, 1670, -1
8717, 15495, -1
8717, 17125, -1
8717, 7423, -1
9517, 15416, -1
9, 15416, -1
1884, 15416, -1
9517, 16286, -1
9517, 5672, -1
9, 16286, -1
9, 5672, -1
1884, 16286, -1
1884, 5672, -1
9517, 19708, -1
9, 19708, -1
1884, 19708, -1
9517, 8717, -1
9, 8717, -1
1884, 8717, -1
9517, 9625, -1
9, 9625, -1
1884, 9625, -1
9517, 3695, -1
9, 3695, -1
1884, 3695, -1
9517, 1670, -1
9, 1670, -1
1884, 1670, -1
9517, 15495, -1
9, 15495, -1
1884, 15495, -1
9517, 17125, -1
9, 17125, -1
1884, 17125, -1
9517, 7423, -1
9, 7423, -1
1884, 7423, -1
9625, 15416, -1
9625, 16286, -1
9625, 5672, -1
9625, 19708, -1
9625, 8717, -1
9625, 9517, -1
9625, 9, -1
9625, 1884, -1
9625, 3695, -1
9625, 1670, -1
9625, 15495, -1
9625, 17125, -1
9625, 7423, -1
3695, 15416, -1
3695, 16286, -1
3695, 5672, -1
3695, 19708, -1
3695, 8717, -1
3695, 9517, -1
3695, 9, -1
3695, 1884, -1
3695, 9625, -1
3695, 1670, -1
3695, 15495, -1
3695, 17125, -1
3695, 7423, -1
1670, 15416, -1
1670, 16286, -1
1670, 5672, -1
1670, 19708, -1
1670, 8717, -1
1670, 9517, -1
1670, 9, -1
1670, 1884, -1
1670, 9625, -1
1670, 3695, -1
1670, 15495, -1
1670, 17125, -1
1670, 7423, -1
15495, 15416, -1
15495, 16286, -1
15495, 5672, -1
15495, 19708, -1
15495, 8717, -1
15495, 9517, -1
15495, 9, -1
15495, 1884, -1
15495, 9625, -1
15495, 3695, -1
15495, 1670, -1
15495, 17125, -1
15495, 7423, -1
17125, 15416, -1
17125, 16286, -1
17125, 5672, -1
17125, 19708, -1
17125, 8717, -1
17125, 9517, -1
17125, 9, -1
17125, 1884, -1
17125, 9625, -1
17125, 3695, -1
17125, 1670, -1
17125, 15495, -1
17125, 7423, -1
7423, 15416, -1
7423, 16286, -1
7423, 5672, -1
7423, 19708, -1
7423, 8717, -1
7423, 9517, -1
7423, 9, -1
7423, 1884, -1
7423, 9625, -1
7423, 3695, -1
7423, 1670, -1
7423, 15495, -1
7423, 17125, -1

16286, 5672, 1
5672, 16286, 1
9517, 9, 1
9517, 1884, 1
9, 9517, 1
9, 1884, 1
1884, 9517, 1
1884, 9, 1
15416, 16286, -1
15416, 5672, -1
15416, 19708, -1
15416, 8717, -1
15416, 9517, -1
15416, 9, -1
15416, 1884, -1
15416, 9625, -1
15416, 3695, -1
15416, 1670, -1
15416, 15495, -1
15416, 17125, -1
15416, 7423, -1
16286, 15416, -1
5672, 15416, -1
16286, 19708, -1
5672, 19708, -1
16286, 8717, -1
5672, 8717, -1
16286, 9517, -1
16286, 9, -1
16286, 1884, -1
5672, 9517, -1
5672, 9, -1
5672, 1884, -1
16286, 9625, -1
5672, 9625, -1
16286, 3695, -1
5672, 3695, -1
16286, 1670, -1
5672, 1670, -1
16286, 15495, -1
5672, 15495, -1
16286, 17125, -1
5672, 17125, -1
16286, 7423, -1
5672, 7423, -1
19708, 15416, -1
19708, 16286, -1
19708, 5672, -1
19708, 8717, -1
19708, 9517, -1
19708, 9, -1
19708, 1884, -1
19708, 9625, -1
19708, 3695, -1
19708, 1670, -1
19708, 15495, -1
19708, 17125, -1
19708, 7423, -1
8717, 15416, -1
8717, 16286, -1
8717, 5672, -1
8717, 19708, -1
8717, 9517, -1
8717, 9, -1
8717, 1884, -1
8717, 9625, -1
8717, 3695, -1
8717, 1670, -1
8717, 15495, -1
8717, 17125, -1
8717, 7423, -1
9517, 15416, -1
9, 15416, -1
1884, 15416, -1
9517, 16286, -1
9517, 5672, -1
9, 16286, -1
9, 5672, -1
1884, 16286, -1
1884, 5672, -1
9517, 19708, -1
9, 19708, -1
1884, 19708, -1
9517, 8717, -1
9, 8717, -1
1884, 8717, -1
9517, 9625, -1
9, 9625, -1
1884, 9625, -1
9517, 3695, -1
9, 3695, -1
1884, 3695, -1
9517, 1670, -1
9, 1670, -1
1884, 1670, -1
9517, 15495, -1
9, 15495, -1
1884, 15495, -1
9517, 17125, -1
9, 17125, -1
1884, 17125, -1
9517, 7423, -1
9, 7423, -1
1884, 7423, -1
9625, 15416, -1
9625, 16286, -1
9625, 5672, -1
9625, 19708, -1
9625, 8717, -1
9625, 9517, -1
9625, 9, -1
9625, 1884, -1
9625, 3695, -1
9625, 1670, -1
9625, 15495, -1
9625, 17125, -1
9625, 7423, -1
3695, 15416, -1
3695, 16286, -1
3695, 5672, -1
3695, 19708, -1
3695, 8717, -1
3695, 9517, -1
3695, 9, -1
3695, 1884, -1
3695, 9625, -1
3695, 1670, -1
3695, 15495, -1
3695, 17125, -1
3695, 7423, -1
1670, 15416, -1
1670, 16286, -1
1670, 5672, -1
1670, 19708, -1
1670, 8717, -1
1670, 9517, -1
1670, 9, -1
1670, 1884, -1
1670, 9625, -1
1670, 3695, -1
1670, 15495, -1
1670, 17125, -1
1670, 7423, -1
15495, 15416, -1
15495, 16286, -1
15495, 5672, -1
15495, 19708, -1
15495, 8717, -1
15495, 9517, -1
15495, 9, -1
15495, 1884, -1
15495, 9625, -1
15495, 3695, -1
15495, 1670, -1
15495, 17125, -1
15495, 7423, -1
17125, 15416, -1
17125, 16286, -1
17125, 5672, -1
17125, 19708, -1
17125, 8717, -1
17125, 9517, -1
17125, 9, -1
17125, 1884, -1
17125, 9625, -1
17125, 3695, -1
17125, 1670, -1
17125, 15495, -1
17125, 7423, -1
7423, 15416, -1
7423, 16286, -1
7423, 5672, -1
7423, 19708, -1
7423, 8717, -1
7423, 9517, -1
7423, 9, -1
7423, 1884, -1
7423, 9625, -1
7423, 3695, -1
7423, 1670, -1
7423, 15495, -1
7423, 17125, -1

16286, 5672, 1
5672, 16286, 1
9517, 9, 1
9517, 1884, 1
9, 9517, 1
9, 1884, 1
1884, 9517, 1
1884, 9, 1
15416, 16286, -1
15416, 5672, -1
15416, 19708, -1
15416, 8717, -1
15416, 9517, -1
15416, 9, -1
15416, 1884, -1
15416, 9625, -1
15416, 3695, -1
15416, 1670, -1
15416, 15495, -1
15416, 17125, -1
15416, 7423, -1
16286, 15416, -1
5672, 15416, -1
16286, 19708, -1
5672, 19708, -1
16286, 8717, -1
5672, 8717, -1
16286, 9517, -1
16286, 9, -1
16286, 1884, -1
5672, 9517, -1
5672, 9, -1
5672, 1884, -1
16286, 9625, -1
5672, 9625, -1
16286, 3695, -1
5672, 3695, -1
16286, 1670, -1
5672, 1670, -1
16286, 15495, -1
5672, 15495, -1
16286, 17125, -1
5672, 17125, -1
16286, 7423, -1
5672, 7423, -1
19708, 15416, -1
19708, 16286, -1
19708, 5672, -1
19708, 8717, -1
19708, 9517, -1
19708, 9, -1
19708, 1884, -1
19708, 9625, -1
19708, 3695, -1
19708, 1670, -1
19708, 15495, -1
19708, 17125, -1
19708, 7423, -1
8717, 15416, -1
8717, 16286, -1
8717, 5672, -1
8717, 19708, -1
8717, 9517, -1
8717, 9, -1
8717, 1884, -1
8717, 9625, -1
8717, 3695, -1
8717, 1670, -1
8717, 15495, -1
8717, 17125, -1
8717, 7423, -1
9517, 15416, -1
9, 15416, -1
1884, 15416, -1
9517, 16286, -1
9517, 5672, -1
9, 16286, -1
9, 5672, -1
1884, 16286, -1
1884, 5672, -1
9517, 19708, -1
9, 19708, -1
1884, 19708, -1
9517, 8717, -1
9, 8717, -1
1884, 8717, -1
9517, 9625, -1
9, 9625, -1
1884, 9625, -1
9517, 3695, -1
9, 3695, -1
1884, 3695, -1
9517, 1670, -1
9, 1670, -1
1884, 1670, -1
9517, 15495, -1
9, 15495, -1
1884, 15495, -1
9517, 17125, -1
9, 17125, -1
1884, 17125, -1
9517, 7423, -1
9, 7423, -1
1884, 7423, -1
9625, 15416, -1
9625, 16286, -1
9625, 5672, -1
9625, 19708, -1
9625, 8717, -1
9625, 9517, -1
9625, 9, -1
9625, 1884, -1
9625, 3695, -1
9625, 1670, -1
9625, 15495, -1
9625, 17125, -1
9625, 7423, -1
3695, 15416, -1
3695, 16286, -1
3695, 5672, -1
3695, 19708, -1
3695, 8717, -1
3695, 9517, -1
3695, 9, -1
3695, 1884, -1
3695, 9625, -1
3695, 1670, -1
3695, 15495, -1
3695, 17125, -1
3695, 7423, -1
1670, 15416, -1
1670, 16286, -1
1670, 5672, -1
1670, 19708, -1
1670, 8717, -1
1670, 9517, -1
1670, 9, -1
1670, 1884, -1
1670, 9625, -1
1670, 3695, -1
1670, 15495, -1
1670, 17125, -1
1670, 7423, -1
15495, 15416, -1
15495, 16286, -1
15495, 5672, -1
15495, 19708, -1
15495, 8717, -1
15495, 9517, -1
15495, 9, -1
15495, 1884, -1
15495, 9625, -1
15495, 3695, -1
15495, 1670, -1
15495, 17125, -1
15495, 7423, -1
17125, 15416, -1
17125, 16286, -1
17125, 5672, -1
17125, 19708, -1
17125, 8717, -1
17125, 9517, -1
17125, 9, -1
17125, 1884, -1
17125, 9625, -1
17125, 3695, -1
17125, 1670, -1
17125, 15495, -1
17125, 7423, -1
7423, 15416, -1
7423, 16286, -1
7423, 5672, -1
7423, 19708, -1
7423, 8717, -1
7423, 9517, -1
7423, 9, -1
7423, 1884, -1
7423, 9625, -1
7423, 3695, -1
7423, 1670, -1
7423, 15495, -1
7423, 17125, -1

