9517, 5955, 1
5955, 9517, 1
15613, 9517, -1
15613, 5955, -1
15613, 779, -1
15613, 14576, -1
9517, 15613, -1
5955, 15613, -1
9517, 779, -1
5955, 779, -1
9517, 14576, -1
5955, 14576, -1
779, 15613, -1
779, 9517, -1
779, 5955, -1
779, 14576, -1
14576, 15613, -1
14576, 9517, -1
14576, 5955, -1
14576, 779, -1

9517, 5955, 1
5955, 9517, 1
15613, 9517, -1
15613, 5955, -1
15613, 779, -1
15613, 14576, -1
15613, 3685, -1
15613, 1916, -1
9517, 15613, -1
5955, 15613, -1
9517, 779, -1
5955, 779, -1
9517, 14576, -1
5955, 14576, -1
9517, 3685, -1
5955, 3685, -1
9517, 1916, -1
5955, 1916, -1
779, 15613, -1
779, 9517, -1
779, 5955, -1
779, 14576, -1
779, 3685, -1
779, 1916, -1
14576, 15613, -1
14576, 9517, -1
14576, 5955, -1
14576, 779, -1
14576, 3685, -1
14576, 1916, -1
3685, 15613, -1
3685, 9517, -1
3685, 5955, -1
3685, 779, -1
3685, 14576, -1
3685, 1916, -1
1916, 15613, -1
1916, 9517, -1
1916, 5955, -1
1916, 779, -1
1916, 14576, -1
1916, 3685, -1

9517, 5955, 1
5955, 9517, 1
15613, 9517, -1
15613, 5955, -1
15613, 779, -1
15613, 14576, -1
15613, 3685, -1
15613, 1916, -1
15613, 12737, -1
9517, 15613, -1
5955, 15613, -1
9517, 779, -1
5955, 779, -1
9517, 14576, -1
5955, 14576, -1
9517, 3685, -1
5955, 3685, -1
9517, 1916, -1
5955, 1916, -1
9517, 12737, -1
5955, 12737, -1
779, 15613, -1
779, 9517, -1
779, 5955, -1
779, 14576, -1
779, 3685, -1
779, 1916, -1
779, 12737, -1
14576, 15613, -1
14576, 9517, -1
14576, 5955, -1
14576, 779, -1
14576, 3685, -1
14576, 1916, -1
14576, 12737, -1
3685, 15613, -1
3685, 9517, -1
3685, 5955, -1
3685, 779, -1
3685, 14576, -1
3685, 1916, -1
3685, 12737, -1
1916, 15613, -1
1916, 9517, -1
1916, 5955, -1
1916, 779, -1
1916, 14576, -1
1916, 3685, -1
1916, 12737, -1
12737, 15613, -1
12737, 9517, -1
12737, 5955, -1
12737, 779, -1
12737, 14576, -1
12737, 3685, -1
12737, 1916, -1

9517, 5955, 1
5955, 9517, 1
15613, 9517, -1
15613, 5955, -1
15613, 779, -1
15613, 14576, -1
15613, 3685, -1
15613, 1916, -1
15613, 12737, -1
15613, 17289, -1
9517, 15613, -1
5955, 15613, -1
9517, 779, -1
5955, 779, -1
9517, 14576, -1
5955, 14576, -1
9517, 3685, -1
5955, 3685, -1
9517, 1916, -1
5955, 1916, -1
9517, 12737, -1
5955, 12737, -1
9517, 17289, -1
5955, 17289, -1
779, 15613, -1
779, 9517, -1
779, 5955, -1
779, 14576, -1
779, 3685, -1
779, 1916, -1
779, 12737, -1
779, 17289, -1
14576, 15613, -1
14576, 9517, -1
14576, 5955, -1
14576, 779, -1
14576, 3685, -1
14576, 1916, -1
14576, 12737, -1
14576, 17289, -1
3685, 15613, -1
3685, 9517, -1
3685, 5955, -1
3685, 779, -1
3685, 14576, -1
3685, 1916, -1
3685, 12737, -1
3685, 17289, -1
1916, 15613, -1
1916, 9517, -1
1916, 5955, -1
1916, 779, -1
1916, 14576, -1
1916, 3685, -1
1916, 12737, -1
1916, 17289, -1
12737, 15613, -1
12737, 9517, -1
12737, 5955, -1
12737, 779, -1
12737, 14576, -1
12737, 3685, -1
12737, 1916, -1
12737, 17289, -1
17289, 15613, -1
17289, 9517, -1
17289, 5955, -1
17289, 779, -1
17289, 14576, -1
17289, 3685, -1
17289, 1916, -1
17289, 12737, -1

9517, 5955, 1
5955, 9517, 1
15613, 9517, -1
15613, 5955, -1
15613, 779, -1
15613, 14576, -1
15613, 3685, -1
15613, 1916, -1
15613, 12737, -1
15613, 17289, -1
15613, 13226, -1
9517, 15613, -1
5955, 15613, -1
9517, 779, -1
5955, 779, -1
9517, 14576, -1
5955, 14576, -1
9517, 3685, -1
5955, 3685, -1
9517, 1916, -1
5955, 1916, -1
9517, 12737, -1
5955, 12737, -1
9517, 17289, -1
5955, 17289, -1
9517, 13226, -1
5955, 13226, -1
779, 15613, -1
779, 9517, -1
779, 5955, -1
779, 14576, -1
779, 3685, -1
779, 1916, -1
779, 12737, -1
779, 17289, -1
779, 13226, -1
14576, 15613, -1
14576, 9517, -1
14576, 5955, -1
14576, 779, -1
14576, 3685, -1
14576, 1916, -1
14576, 12737, -1
14576, 17289, -1
14576, 13226, -1
3685, 15613, -1
3685, 9517, -1
3685, 5955, -1
3685, 779, -1
3685, 14576, -1
3685, 1916, -1
3685, 12737, -1
3685, 17289, -1
3685, 13226, -1
1916, 15613, -1
1916, 9517, -1
1916, 5955, -1
1916, 779, -1
1916, 14576, -1
1916, 3685, -1
1916, 12737, -1
1916, 17289, -1
1916, 13226, -1
12737, 15613, -1
12737, 9517, -1
12737, 5955, -1
12737, 779, -1
12737, 14576, -1
12737, 3685, -1
12737, 1916, -1
12737, 17289, -1
12737, 13226, -1
17289, 15613, -1
17289, 9517, -1
17289, 5955, -1
17289, 779, -1
17289, 14576, -1
17289, 3685, -1
17289, 1916, -1
17289, 12737, -1
17289, 13226, -1
13226, 15613, -1
13226, 9517, -1
13226, 5955, -1
13226, 779, -1
13226, 14576, -1
13226, 3685, -1
13226, 1916, -1
13226, 12737, -1
13226, 17289, -1

9517, 5955, 1
5955, 9517, 1
15613, 9517, -1
15613, 5955, -1
15613, 779, -1
15613, 14576, -1
15613, 3685, -1
15613, 1916, -1
15613, 12737, -1
15613, 17289, -1
15613, 13226, -1
15613, 2441, -1
9517, 15613, -1
5955, 15613, -1
9517, 779, -1
5955, 779, -1
9517, 14576, -1
5955, 14576, -1
9517, 3685, -1
5955, 3685, -1
9517, 1916, -1
5955, 1916, -1
9517, 12737, -1
5955, 12737, -1
9517, 17289, -1
5955, 17289, -1
9517, 13226, -1
5955, 13226, -1
9517, 2441, -1
5955, 2441, -1
779, 15613, -1
779, 9517, -1
779, 5955, -1
779, 14576, -1
779, 3685, -1
779, 1916, -1
779, 12737, -1
779, 17289, -1
779, 13226, -1
779, 2441, -1
14576, 15613, -1
14576, 9517, -1
14576, 5955, -1
14576, 779, -1
14576, 3685, -1
14576, 1916, -1
14576, 12737, -1
14576, 17289, -1
14576, 13226, -1
14576, 2441, -1
3685, 15613, -1
3685, 9517, -1
3685, 5955, -1
3685, 779, -1
3685, 14576, -1
3685, 1916, -1
3685, 12737, -1
3685, 17289, -1
3685, 13226, -1
3685, 2441, -1
1916, 15613, -1
1916, 9517, -1
1916, 5955, -1
1916, 779, -1
1916, 14576, -1
1916, 3685, -1
1916, 12737, -1
1916, 17289, -1
1916, 13226, -1
1916, 2441, -1
12737, 15613, -1
12737, 9517, -1
12737, 5955, -1
12737, 779, -1
12737, 14576, -1
12737, 3685, -1
12737, 1916, -1
12737, 17289, -1
12737, 13226, -1
12737, 2441, -1
17289, 15613, -1
17289, 9517, -1
17289, 5955, -1
17289, 779, -1
17289, 14576, -1
17289, 3685, -1
17289, 1916, -1
17289, 12737, -1
17289, 13226, -1
17289, 2441, -1
13226, 15613, -1
13226, 9517, -1
13226, 5955, -1
13226, 779, -1
13226, 14576, -1
13226, 3685, -1
13226, 1916, -1
13226, 12737, -1
13226, 17289, -1
13226, 2441, -1
2441, 15613, -1
2441, 9517, -1
2441, 5955, -1
2441, 779, -1
2441, 14576, -1
2441, 3685, -1
2441, 1916, -1
2441, 12737, -1
2441, 17289, -1
2441, 13226, -1

9517, 5955, 1
5955, 9517, 1
1916, 4290, 1
4290, 1916, 1
15613, 9517, -1
15613, 5955, -1
15613, 779, -1
15613, 14576, -1
15613, 3685, -1
15613, 1916, -1
15613, 4290, -1
15613, 12737, -1
15613, 17289, -1
15613, 13226, -1
15613, 2441, -1
9517, 15613, -1
5955, 15613, -1
9517, 779, -1
5955, 779, -1
9517, 14576, -1
5955, 14576, -1
9517, 3685, -1
5955, 3685, -1
9517, 1916, -1
9517, 4290, -1
5955, 1916, -1
5955, 4290, -1
9517, 12737, -1
5955, 12737, -1
9517, 17289, -1
5955, 17289, -1
9517, 13226, -1
5955, 13226, -1
9517, 2441, -1
5955, 2441, -1
779, 15613, -1
779, 9517, -1
779, 5955, -1
779, 14576, -1
779, 3685, -1
779, 1916, -1
779, 4290, -1
779, 12737, -1
779, 17289, -1
779, 13226, -1
779, 2441, -1
14576, 15613, -1
14576, 9517, -1
14576, 5955, -1
14576, 779, -1
14576, 3685, -1
14576, 1916, -1
14576, 4290, -1
14576, 12737, -1
14576, 17289, -1
14576, 13226, -1
14576, 2441, -1
3685, 15613, -1
3685, 9517, -1
3685, 5955, -1
3685, 779, -1
3685, 14576, -1
3685, 1916, -1
3685, 4290, -1
3685, 12737, -1
3685, 17289, -1
3685, 13226, -1
3685, 2441, -1
1916, 15613, -1
4290, 15613, -1
1916, 9517, -1
1916, 5955, -1
4290, 9517, -1
4290, 5955, -1
1916, 779, -1
4290, 779, -1
1916, 14576, -1
4290, 14576, -1
1916, 3685, -1
4290, 3685, -1
1916, 12737, -1
4290, 12737, -1
1916, 17289, -1
4290, 17289, -1
1916, 13226, -1
4290, 13226, -1
1916, 2441, -1
4290, 2441, -1
12737, 15613, -1
12737, 9517, -1
12737, 5955, -1
12737, 779, -1
12737, 14576, -1
12737, 3685, -1
12737, 1916, -1
12737, 4290, -1
12737, 17289, -1
12737, 13226, -1
12737, 2441, -1
17289, 15613, -1
17289, 9517, -1
17289, 5955, -1
17289, 779, -1
17289, 14576, -1
17289, 3685, -1
17289, 1916, -1
17289, 4290, -1
17289, 12737, -1
17289, 13226, -1
17289, 2441, -1
13226, 15613, -1
13226, 9517, -1
13226, 5955, -1
13226, 779, -1
13226, 14576, -1
13226, 3685, -1
13226, 1916, -1
13226, 4290, -1
13226, 12737, -1
13226, 17289, -1
13226, 2441, -1
2441, 15613, -1
2441, 9517, -1
2441, 5955, -1
2441, 779, -1
2441, 14576, -1
2441, 3685, -1
2441, 1916, -1
2441, 4290, -1
2441, 12737, -1
2441, 17289, -1
2441, 13226, -1

9517, 5955, 1
5955, 9517, 1
1916, 4290, 1
4290, 1916, 1
15613, 9517, -1
15613, 5955, -1
15613, 779, -1
15613, 14576, -1
15613, 3685, -1
15613, 1916, -1
15613, 4290, -1
15613, 12737, -1
15613, 17289, -1
15613, 13226, -1
15613, 2441, -1
15613, 2139, -1
9517, 15613, -1
5955, 15613, -1
9517, 779, -1
5955, 779, -1
9517, 14576, -1
5955, 14576, -1
9517, 3685, -1
5955, 3685, -1
9517, 1916, -1
9517, 4290, -1
5955, 1916, -1
5955, 4290, -1
9517, 12737, -1
5955, 12737, -1
9517, 17289, -1
5955, 17289, -1
9517, 13226, -1
5955, 13226, -1
9517, 2441, -1
5955, 2441, -1
9517, 2139, -1
5955, 2139, -1
779, 15613, -1
779, 9517, -1
779, 5955, -1
779, 14576, -1
779, 3685, -1
779, 1916, -1
779, 4290, -1
779, 12737, -1
779, 17289, -1
779, 13226, -1
779, 2441, -1
779, 2139, -1
14576, 15613, -1
14576, 9517, -1
14576, 5955, -1
14576, 779, -1
14576, 3685, -1
14576, 1916, -1
14576, 4290, -1
14576, 12737, -1
14576, 17289, -1
14576, 13226, -1
14576, 2441, -1
14576, 2139, -1
3685, 15613, -1
3685, 9517, -1
3685, 5955, -1
3685, 779, -1
3685, 14576, -1
3685, 1916, -1
3685, 4290, -1
3685, 12737, -1
3685, 17289, -1
3685, 13226, -1
3685, 2441, -1
3685, 2139, -1
1916, 15613, -1
4290, 15613, -1
1916, 9517, -1
1916, 5955, -1
4290, 9517, -1
4290, 5955, -1
1916, 779, -1
4290, 779, -1
1916, 14576, -1
4290, 14576, -1
1916, 3685, -1
4290, 3685, -1
1916, 12737, -1
4290, 12737, -1
1916, 17289, -1
4290, 17289, -1
1916, 13226, -1
4290, 13226, -1
1916, 2441, -1
4290, 2441, -1
1916, 2139, -1
4290, 2139, -1
12737, 15613, -1
12737, 9517, -1
12737, 5955, -1
12737, 779, -1
12737, 14576, -1
12737, 3685, -1
12737, 1916, -1
12737, 4290, -1
12737, 17289, -1
12737, 13226, -1
12737, 2441, -1
12737, 2139, -1
17289, 15613, -1
17289, 9517, -1
17289, 5955, -1
17289, 779, -1
17289, 14576, -1
17289, 3685, -1
17289, 1916, -1
17289, 4290, -1
17289, 12737, -1
17289, 13226, -1
17289, 2441, -1
17289, 2139, -1
13226, 15613, -1
13226, 9517, -1
13226, 5955, -1
13226, 779, -1
13226, 14576, -1
13226, 3685, -1
13226, 1916, -1
13226, 4290, -1
13226, 12737, -1
13226, 17289, -1
13226, 2441, -1
13226, 2139, -1
2441, 15613, -1
2441, 9517, -1
2441, 5955, -1
2441, 779, -1
2441, 14576, -1
2441, 3685, -1
2441, 1916, -1
2441, 4290, -1
2441, 12737, -1
2441, 17289, -1
2441, 13226, -1
2441, 2139, -1
2139, 15613, -1
2139, 9517, -1
2139, 5955, -1
2139, 779, -1
2139, 14576, -1
2139, 3685, -1
2139, 1916, -1
2139, 4290, -1
2139, 12737, -1
2139, 17289, -1
2139, 13226, -1
2139, 2441, -1

9517, 5955, 1
9517, 16449, 1
5955, 9517, 1
5955, 16449, 1
16449, 9517, 1
16449, 5955, 1
3685, 6812, 1
6812, 3685, 1
1916, 4290, 1
4290, 1916, 1
15613, 9517, -1
15613, 5955, -1
15613, 16449, -1
15613, 779, -1
15613, 14576, -1
15613, 3685, -1
15613, 6812, -1
15613, 1916, -1
15613, 4290, -1
15613, 12737, -1
15613, 17289, -1
15613, 13226, -1
15613, 2441, -1
15613, 2139, -1
9517, 15613, -1
5955, 15613, -1
16449, 15613, -1
9517, 779, -1
5955, 779, -1
16449, 779, -1
9517, 14576, -1
5955, 14576, -1
16449, 14576, -1
9517, 3685, -1
9517, 6812, -1
5955, 3685, -1
5955, 6812, -1
16449, 3685, -1
16449, 6812, -1
9517, 1916, -1
9517, 4290, -1
5955, 1916, -1
5955, 4290, -1
16449, 1916, -1
16449, 4290, -1
9517, 12737, -1
5955, 12737, -1
16449, 12737, -1
9517, 17289, -1
5955, 17289, -1
16449, 17289, -1
9517, 13226, -1
5955, 13226, -1
16449, 13226, -1
9517, 2441, -1
5955, 2441, -1
16449, 2441, -1
9517, 2139, -1
5955, 2139, -1
16449, 2139, -1
779, 15613, -1
779, 9517, -1
779, 5955, -1
779, 16449, -1
779, 14576, -1
779, 3685, -1
779, 6812, -1
779, 1916, -1
779, 4290, -1
779, 12737, -1
779, 17289, -1
779, 13226, -1
779, 2441, -1
779, 2139, -1
14576, 15613, -1
14576, 9517, -1
14576, 5955, -1
14576, 16449, -1
14576, 779, -1
14576, 3685, -1
14576, 6812, -1
14576, 1916, -1
14576, 4290, -1
14576, 12737, -1
14576, 17289, -1
14576, 13226, -1
14576, 2441, -1
14576, 2139, -1
3685, 15613, -1
6812, 15613, -1
3685, 9517, -1
3685, 5955, -1
3685, 16449, -1
6812, 9517, -1
6812, 5955, -1
6812, 16449, -1
3685, 779, -1
6812, 779, -1
3685, 14576, -1
6812, 14576, -1
3685, 1916, -1
3685, 4290, -1
6812, 1916, -1
6812, 4290, -1
3685, 12737, -1
6812, 12737, -1
3685, 17289, -1
6812, 17289, -1
3685, 13226, -1
6812, 13226, -1
3685, 2441, -1
6812, 2441, -1
3685, 2139, -1
6812, 2139, -1
1916, 15613, -1
4290, 15613, -1
1916, 9517, -1
1916, 5955, -1
1916, 16449, -1
4290, 9517, -1
4290, 5955, -1
4290, 16449, -1
1916, 779, -1
4290, 779, -1
1916, 14576, -1
4290, 14576, -1
1916, 3685, -1
1916, 6812, -1
4290, 3685, -1
4290, 6812, -1
1916, 12737, -1
4290, 12737, -1
1916, 17289, -1
4290, 17289, -1
1916, 13226, -1
4290, 13226, -1
1916, 2441, -1
4290, 2441, -1
1916, 2139, -1
4290, 2139, -1
12737, 15613, -1
12737, 9517, -1
12737, 5955, -1
12737, 16449, -1
12737, 779, -1
12737, 14576, -1
12737, 3685, -1
12737, 6812, -1
12737, 1916, -1
12737, 4290, -1
12737, 17289, -1
12737, 13226, -1
12737, 2441, -1
12737, 2139, -1
17289, 15613, -1
17289, 9517, -1
17289, 5955, -1
17289, 16449, -1
17289, 779, -1
17289, 14576, -1
17289, 3685, -1
17289, 6812, -1
17289, 1916, -1
17289, 4290, -1
17289, 12737, -1
17289, 13226, -1
17289, 2441, -1
17289, 2139, -1
13226, 15613, -1
13226, 9517, -1
13226, 5955, -1
13226, 16449, -1
13226, 779, -1
13226, 14576, -1
13226, 3685, -1
13226, 6812, -1
13226, 1916, -1
13226, 4290, -1
13226, 12737, -1
13226, 17289, -1
13226, 2441, -1
13226, 2139, -1
2441, 15613, -1
2441, 9517, -1
2441, 5955, -1
2441, 16449, -1
2441, 779, -1
2441, 14576, -1
2441, 3685, -1
2441, 6812, -1
2441, 1916, -1
2441, 4290, -1
2441, 12737, -1
2441, 17289, -1
2441, 13226, -1
2441, 2139, -1
2139, 15613, -1
2139, 9517, -1
2139, 5955, -1
2139, 16449, -1
2139, 779, -1
2139, 14576, -1
2139, 3685, -1
2139, 6812, -1
2139, 1916, -1
2139, 4290, -1
2139, 12737, -1
2139, 17289, -1
2139, 13226, -1
2139, 2441, -1

9517, 5955, 1
9517, 16449, 1
5955, 9517, 1
5955, 16449, 1
16449, 9517, 1
16449, 5955, 1
14576, 10865, 1
10865, 14576, 1
3685, 6812, 1
6812, 3685, 1
1916, 4290, 1
4290, 1916, 1
15613, 9517, -1
15613, 5955, -1
15613, 16449, -1
15613, 779, -1
15613, 14576, -1
15613, 10865, -1
15613, 3685, -1
15613, 6812, -1
15613, 1916, -1
15613, 4290, -1
15613, 12737, -1
15613, 17289, -1
15613, 13226, -1
15613, 2441, -1
15613, 2139, -1
9517, 15613, -1
5955, 15613, -1
16449, 15613, -1
9517, 779, -1
5955, 779, -1
16449, 779, -1
9517, 14576, -1
9517, 10865, -1
5955, 14576, -1
5955, 10865, -1
16449, 14576, -1
16449, 10865, -1
9517, 3685, -1
9517, 6812, -1
5955, 3685, -1
5955, 6812, -1
16449, 3685, -1
16449, 6812, -1
9517, 1916, -1
9517, 4290, -1
5955, 1916, -1
5955, 4290, -1
16449, 1916, -1
16449, 4290, -1
9517, 12737, -1
5955, 12737, -1
16449, 12737, -1
9517, 17289, -1
5955, 17289, -1
16449, 17289, -1
9517, 13226, -1
5955, 13226, -1
16449, 13226, -1
9517, 2441, -1
5955, 2441, -1
16449, 2441, -1
9517, 2139, -1
5955, 2139, -1
16449, 2139, -1
779, 15613, -1
779, 9517, -1
779, 5955, -1
779, 16449, -1
779, 14576, -1
779, 10865, -1
779, 3685, -1
779, 6812, -1
779, 1916, -1
779, 4290, -1
779, 12737, -1
779, 17289, -1
779, 13226, -1
779, 2441, -1
779, 2139, -1
14576, 15613, -1
10865, 15613, -1
14576, 9517, -1
14576, 5955, -1
14576, 16449, -1
10865, 9517, -1
10865, 5955, -1
10865, 16449, -1
14576, 779, -1
10865, 779, -1
14576, 3685, -1
14576, 6812, -1
10865, 3685, -1
10865, 6812, -1
14576, 1916, -1
14576, 4290, -1
10865, 1916, -1
10865, 4290, -1
14576, 12737, -1
10865, 12737, -1
14576, 17289, -1
10865, 17289, -1
14576, 13226, -1
10865, 13226, -1
14576, 2441, -1
10865, 2441, -1
14576, 2139, -1
10865, 2139, -1
3685, 15613, -1
6812, 15613, -1
3685, 9517, -1
3685, 5955, -1
3685, 16449, -1
6812, 9517, -1
6812, 5955, -1
6812, 16449, -1
3685, 779, -1
6812, 779, -1
3685, 14576, -1
3685, 10865, -1
6812, 14576, -1
6812, 10865, -1
3685, 1916, -1
3685, 4290, -1
6812, 1916, -1
6812, 4290, -1
3685, 12737, -1
6812, 12737, -1
3685, 17289, -1
6812, 17289, -1
3685, 13226, -1
6812, 13226, -1
3685, 2441, -1
6812, 2441, -1
3685, 2139, -1
6812, 2139, -1
1916, 15613, -1
4290, 15613, -1
1916, 9517, -1
1916, 5955, -1
1916, 16449, -1
4290, 9517, -1
4290, 5955, -1
4290, 16449, -1
1916, 779, -1
4290, 779, -1
1916, 14576, -1
1916, 10865, -1
4290, 14576, -1
4290, 10865, -1
1916, 3685, -1
1916, 6812, -1
4290, 3685, -1
4290, 6812, -1
1916, 12737, -1
4290, 12737, -1
1916, 17289, -1
4290, 17289, -1
1916, 13226, -1
4290, 13226, -1
1916, 2441, -1
4290, 2441, -1
1916, 2139, -1
4290, 2139, -1
12737, 15613, -1
12737, 9517, -1
12737, 5955, -1
12737, 16449, -1
12737, 779, -1
12737, 14576, -1
12737, 10865, -1
12737, 3685, -1
12737, 6812, -1
12737, 1916, -1
12737, 4290, -1
12737, 17289, -1
12737, 13226, -1
12737, 2441, -1
12737, 2139, -1
17289, 15613, -1
17289, 9517, -1
17289, 5955, -1
17289, 16449, -1
17289, 779, -1
17289, 14576, -1
17289, 10865, -1
17289, 3685, -1
17289, 6812, -1
17289, 1916, -1
17289, 4290, -1
17289, 12737, -1
17289, 13226, -1
17289, 2441, -1
17289, 2139, -1
13226, 15613, -1
13226, 9517, -1
13226, 5955, -1
13226, 16449, -1
13226, 779, -1
13226, 14576, -1
13226, 10865, -1
13226, 3685, -1
13226, 6812, -1
13226, 1916, -1
13226, 4290, -1
13226, 12737, -1
13226, 17289, -1
13226, 2441, -1
13226, 2139, -1
2441, 15613, -1
2441, 9517, -1
2441, 5955, -1
2441, 16449, -1
2441, 779, -1
2441, 14576, -1
2441, 10865, -1
2441, 3685, -1
2441, 6812, -1
2441, 1916, -1
2441, 4290, -1
2441, 12737, -1
2441, 17289, -1
2441, 13226, -1
2441, 2139, -1
2139, 15613, -1
2139, 9517, -1
2139, 5955, -1
2139, 16449, -1
2139, 779, -1
2139, 14576, -1
2139, 10865, -1
2139, 3685, -1
2139, 6812, -1
2139, 1916, -1
2139, 4290, -1
2139, 12737, -1
2139, 17289, -1
2139, 13226, -1
2139, 2441, -1

