15822, 9, -1
15822, 16286, -1
15822, 17125, -1
15822, 8717, -1
9, 15822, -1
9, 16286, -1
9, 17125, -1
9, 8717, -1
16286, 15822, -1
16286, 9, -1
16286, 17125, -1
16286, 8717, -1
17125, 15822, -1
17125, 9, -1
17125, 16286, -1
17125, 8717, -1
8717, 15822, -1
8717, 9, -1
8717, 16286, -1
8717, 17125, -1

9, 9517, 1
9517, 9, 1
15822, 9, -1
15822, 9517, -1
15822, 16286, -1
15822, 17125, -1
15822, 8717, -1
15822, 1895, -1
9, 15822, -1
9517, 15822, -1
9, 16286, -1
9517, 16286, -1
9, 17125, -1
9517, 17125, -1
9, 8717, -1
9517, 8717, -1
9, 1895, -1
9517, 1895, -1
16286, 15822, -1
16286, 9, -1
16286, 9517, -1
16286, 17125, -1
16286, 8717, -1
16286, 1895, -1
17125, 15822, -1
17125, 9, -1
17125, 9517, -1
17125, 16286, -1
17125, 8717, -1
17125, 1895, -1
8717, 15822, -1
8717, 9, -1
8717, 9517, -1
8717, 16286, -1
8717, 17125, -1
8717, 1895, -1
1895, 15822, -1
1895, 9, -1
1895, 9517, -1
1895, 16286, -1
1895, 17125, -1
1895, 8717, -1

9, 9517, 1
9517, 9, 1
15822, 9, -1
15822, 9517, -1
15822, 16286, -1
15822, 17125, -1
15822, 8717, -1
15822, 1895, -1
15822, 2441, -1
9, 15822, -1
9517, 15822, -1
9, 16286, -1
9517, 16286, -1
9, 17125, -1
9517, 17125, -1
9, 8717, -1
9517, 8717, -1
9, 1895, -1
9517, 1895, -1
9, 2441, -1
9517, 2441, -1
16286, 15822, -1
16286, 9, -1
16286, 9517, -1
16286, 17125, -1
16286, 8717, -1
16286, 1895, -1
16286, 2441, -1
17125, 15822, -1
17125, 9, -1
17125, 9517, -1
17125, 16286, -1
17125, 8717, -1
17125, 1895, -1
17125, 2441, -1
8717, 15822, -1
8717, 9, -1
8717, 9517, -1
8717, 16286, -1
8717, 17125, -1
8717, 1895, -1
8717, 2441, -1
1895, 15822, -1
1895, 9, -1
1895, 9517, -1
1895, 16286, -1
1895, 17125, -1
1895, 8717, -1
1895, 2441, -1
2441, 15822, -1
2441, 9, -1
2441, 9517, -1
2441, 16286, -1
2441, 17125, -1
2441, 8717, -1
2441, 1895, -1

9, 9517, 1
9517, 9, 1
15822, 9, -1
15822, 9517, -1
15822, 16286, -1
15822, 17125, -1
15822, 8717, -1
15822, 1895, -1
15822, 2441, -1
15822, 14243, -1
9, 15822, -1
9517, 15822, -1
9, 16286, -1
9517, 16286, -1
9, 17125, -1
9517, 17125, -1
9, 8717, -1
9517, 8717, -1
9, 1895, -1
9517, 1895, -1
9, 2441, -1
9517, 2441, -1
9, 14243, -1
9517, 14243, -1
16286, 15822, -1
16286, 9, -1
16286, 9517, -1
16286, 17125, -1
16286, 8717, -1
16286, 1895, -1
16286, 2441, -1
16286, 14243, -1
17125, 15822, -1
17125, 9, -1
17125, 9517, -1
17125, 16286, -1
17125, 8717, -1
17125, 1895, -1
17125, 2441, -1
17125, 14243, -1
8717, 15822, -1
8717, 9, -1
8717, 9517, -1
8717, 16286, -1
8717, 17125, -1
8717, 1895, -1
8717, 2441, -1
8717, 14243, -1
1895, 15822, -1
1895, 9, -1
1895, 9517, -1
1895, 16286, -1
1895, 17125, -1
1895, 8717, -1
1895, 2441, -1
1895, 14243, -1
2441, 15822, -1
2441, 9, -1
2441, 9517, -1
2441, 16286, -1
2441, 17125, -1
2441, 8717, -1
2441, 1895, -1
2441, 14243, -1
14243, 15822, -1
14243, 9, -1
14243, 9517, -1
14243, 16286, -1
14243, 17125, -1
14243, 8717, -1
14243, 1895, -1
14243, 2441, -1

9, 9517, 1
9517, 9, 1
15822, 9, -1
15822, 9517, -1
15822, 16286, -1
15822, 17125, -1
15822, 8717, -1
15822, 1895, -1
15822, 2441, -1
15822, 14243, -1
15822, 2902, -1
9, 15822, -1
9517, 15822, -1
9, 16286, -1
9517, 16286, -1
9, 17125, -1
9517, 17125, -1
9, 8717, -1
9517, 8717, -1
9, 1895, -1
9517, 1895, -1
9, 2441, -1
9517, 2441, -1
9, 14243, -1
9517, 14243, -1
9, 2902, -1
9517, 2902, -1
16286, 15822, -1
16286, 9, -1
16286, 9517, -1
16286, 17125, -1
16286, 8717, -1
16286, 1895, -1
16286, 2441, -1
16286, 14243, -1
16286, 2902, -1
17125, 15822, -1
17125, 9, -1
17125, 9517, -1
17125, 16286, -1
17125, 8717, -1
17125, 1895, -1
17125, 2441, -1
17125, 14243, -1
17125, 2902, -1
8717, 15822, -1
8717, 9, -1
8717, 9517, -1
8717, 16286, -1
8717, 17125, -1
8717, 1895, -1
8717, 2441, -1
8717, 14243, -1
8717, 2902, -1
1895, 15822, -1
1895, 9, -1
1895, 9517, -1
1895, 16286, -1
1895, 17125, -1
1895, 8717, -1
1895, 2441, -1
1895, 14243, -1
1895, 2902, -1
2441, 15822, -1
2441, 9, -1
2441, 9517, -1
2441, 16286, -1
2441, 17125, -1
2441, 8717, -1
2441, 1895, -1
2441, 14243, -1
2441, 2902, -1
14243, 15822, -1
14243, 9, -1
14243, 9517, -1
14243, 16286, -1
14243, 17125, -1
14243, 8717, -1
14243, 1895, -1
14243, 2441, -1
14243, 2902, -1
2902, 15822, -1
2902, 9, -1
2902, 9517, -1
2902, 16286, -1
2902, 17125, -1
2902, 8717, -1
2902, 1895, -1
2902, 2441, -1
2902, 14243, -1

9, 9517, 1
9517, 9, 1
15822, 9, -1
15822, 9517, -1
15822, 16286, -1
15822, 17125, -1
15822, 8717, -1
15822, 1895, -1
15822, 2441, -1
15822, 14243, -1
15822, 2902, -1
15822, 17180, -1
9, 15822, -1
9517, 15822, -1
9, 16286, -1
9517, 16286, -1
9, 17125, -1
9517, 17125, -1
9, 8717, -1
9517, 8717, -1
9, 1895, -1
9517, 1895, -1
9, 2441, -1
9517, 2441, -1
9, 14243, -1
9517, 14243, -1
9, 2902, -1
9517, 2902, -1
9, 17180, -1
9517, 17180, -1
16286, 15822, -1
16286, 9, -1
16286, 9517, -1
16286, 17125, -1
16286, 8717, -1
16286, 1895, -1
16286, 2441, -1
16286, 14243, -1
16286, 2902, -1
16286, 17180, -1
17125, 15822, -1
17125, 9, -1
17125, 9517, -1
17125, 16286, -1
17125, 8717, -1
17125, 1895, -1
17125, 2441, -1
17125, 14243, -1
17125, 2902, -1
17125, 17180, -1
8717, 15822, -1
8717, 9, -1
8717, 9517, -1
8717, 16286, -1
8717, 17125, -1
8717, 1895, -1
8717, 2441, -1
8717, 14243, -1
8717, 2902, -1
8717, 17180, -1
1895, 15822, -1
1895, 9, -1
1895, 9517, -1
1895, 16286, -1
1895, 17125, -1
1895, 8717, -1
1895, 2441, -1
1895, 14243, -1
1895, 2902, -1
1895, 17180, -1
2441, 15822, -1
2441, 9, -1
2441, 9517, -1
2441, 16286, -1
2441, 17125, -1
2441, 8717, -1
2441, 1895, -1
2441, 14243, -1
2441, 2902, -1
2441, 17180, -1
14243, 15822, -1
14243, 9, -1
14243, 9517, -1
14243, 16286, -1
14243, 17125, -1
14243, 8717, -1
14243, 1895, -1
14243, 2441, -1
14243, 2902, -1
14243, 17180, -1
2902, 15822, -1
2902, 9, -1
2902, 9517, -1
2902, 16286, -1
2902, 17125, -1
2902, 8717, -1
2902, 1895, -1
2902, 2441, -1
2902, 14243, -1
2902, 17180, -1
17180, 15822, -1
17180, 9, -1
17180, 9517, -1
17180, 16286, -1
17180, 17125, -1
17180, 8717, -1
17180, 1895, -1
17180, 2441, -1
17180, 14243, -1
17180, 2902, -1

9, 9517, 1
9, 497, 1
9517, 9, 1
9517, 497, 1
497, 9, 1
497, 9517, 1
16286, 3685, 1
3685, 16286, 1
17125, 19118, 1
19118, 17125, 1
15822, 9, -1
15822, 9517, -1
15822, 497, -1
15822, 16286, -1
15822, 3685, -1
15822, 17125, -1
15822, 19118, -1
15822, 8717, -1
15822, 1895, -1
15822, 2441, -1
15822, 14243, -1
15822, 2902, -1
15822, 17180, -1
9, 15822, -1
9517, 15822, -1
497, 15822, -1
9, 16286, -1
9, 3685, -1
9517, 16286, -1
9517, 3685, -1
497, 16286, -1
497, 3685, -1
9, 17125, -1
9, 19118, -1
9517, 17125, -1
9517, 19118, -1
497, 17125, -1
497, 19118, -1
9, 8717, -1
9517, 8717, -1
497, 8717, -1
9, 1895, -1
9517, 1895, -1
497, 1895, -1
9, 2441, -1
9517, 2441, -1
497, 2441, -1
9, 14243, -1
9517, 14243, -1
497, 14243, -1
9, 2902, -1
9517, 2902, -1
497, 2902, -1
9, 17180, -1
9517, 17180, -1
497, 17180, -1
16286, 15822, -1
3685, 15822, -1
16286, 9, -1
16286, 9517, -1
16286, 497, -1
3685, 9, -1
3685, 9517, -1
3685, 497, -1
16286, 17125, -1
16286, 19118, -1
3685, 17125, -1
3685, 19118, -1
16286, 8717, -1
3685, 8717, -1
16286, 1895, -1
3685, 1895, -1
16286, 2441, -1
3685, 2441, -1
16286, 14243, -1
3685, 14243, -1
16286, 2902, -1
3685, 2902, -1
16286, 17180, -1
3685, 17180, -1
17125, 15822, -1
19118, 15822, -1
17125, 9, -1
17125, 9517, -1
17125, 497, -1
19118, 9, -1
19118, 9517, -1
19118, 497, -1
17125, 16286, -1
17125, 3685, -1
19118, 16286, -1
19118, 3685, -1
17125, 8717, -1
19118, 8717, -1
17125, 1895, -1
19118, 1895, -1
17125, 2441, -1
19118, 2441, -1
17125, 14243, -1
19118, 14243, -1
17125, 2902, -1
19118, 2902, -1
17125, 17180, -1
19118, 17180, -1
8717, 15822, -1
8717, 9, -1
8717, 9517, -1
8717, 497, -1
8717, 16286, -1
8717, 3685, -1
8717, 17125, -1
8717, 19118, -1
8717, 1895, -1
8717, 2441, -1
8717, 14243, -1
8717, 2902, -1
8717, 17180, -1
1895, 15822, -1
1895, 9, -1
1895, 9517, -1
1895, 497, -1
1895, 16286, -1
1895, 3685, -1
1895, 17125, -1
1895, 19118, -1
1895, 8717, -1
1895, 2441, -1
1895, 14243, -1
1895, 2902, -1
1895, 17180, -1
2441, 15822, -1
2441, 9, -1
2441, 9517, -1
2441, 497, -1
2441, 16286, -1
2441, 3685, -1
2441, 17125, -1
2441, 19118, -1
2441, 8717, -1
2441, 1895, -1
2441, 14243, -1
2441, 2902, -1
2441, 17180, -1
14243, 15822, -1
14243, 9, -1
14243, 9517, -1
14243, 497, -1
14243, 16286, -1
14243, 3685, -1
14243, 17125, -1
14243, 19118, -1
14243, 8717, -1
14243, 1895, -1
14243, 2441, -1
14243, 2902, -1
14243, 17180, -1
2902, 15822, -1
2902, 9, -1
2902, 9517, -1
2902, 497, -1
2902, 16286, -1
2902, 3685, -1
2902, 17125, -1
2902, 19118, -1
2902, 8717, -1
2902, 1895, -1
2902, 2441, -1
2902, 14243, -1
2902, 17180, -1
17180, 15822, -1
17180, 9, -1
17180, 9517, -1
17180, 497, -1
17180, 16286, -1
17180, 3685, -1
17180, 17125, -1
17180, 19118, -1
17180, 8717, -1
17180, 1895, -1
17180, 2441, -1
17180, 14243, -1
17180, 2902, -1

9, 9517, 1
9, 497, 1
9517, 9, 1
9517, 497, 1
497, 9, 1
497, 9517, 1
16286, 3685, 1
3685, 16286, 1
17125, 19118, 1
19118, 17125, 1
15822, 9, -1
15822, 9517, -1
15822, 497, -1
15822, 16286, -1
15822, 3685, -1
15822, 17125, -1
15822, 19118, -1
15822, 8717, -1
15822, 1895, -1
15822, 2441, -1
15822, 14243, -1
15822, 2902, -1
15822, 17180, -1
15822, 16154, -1
9, 15822, -1
9517, 15822, -1
497, 15822, -1
9, 16286, -1
9, 3685, -1
9517, 16286, -1
9517, 3685, -1
497, 16286, -1
497, 3685, -1
9, 17125, -1
9, 19118, -1
9517, 17125, -1
9517, 19118, -1
497, 17125, -1
497, 19118, -1
9, 8717, -1
9517, 8717, -1
497, 8717, -1
9, 1895, -1
9517, 1895, -1
497, 1895, -1
9, 2441, -1
9517, 2441, -1
497, 2441, -1
9, 14243, -1
9517, 14243, -1
497, 14243, -1
9, 2902, -1
9517, 2902, -1
497, 2902, -1
9, 17180, -1
9517, 17180, -1
497, 17180, -1
9, 16154, -1
9517, 16154, -1
497, 16154, -1
16286, 15822, -1
3685, 15822, -1
16286, 9, -1
16286, 9517, -1
16286, 497, -1
3685, 9, -1
3685, 9517, -1
3685, 497, -1
16286, 17125, -1
16286, 19118, -1
3685, 17125, -1
3685, 19118, -1
16286, 8717, -1
3685, 8717, -1
16286, 1895, -1
3685, 1895, -1
16286, 2441, -1
3685, 2441, -1
16286, 14243, -1
3685, 14243, -1
16286, 2902, -1
3685, 2902, -1
16286, 17180, -1
3685, 17180, -1
16286, 16154, -1
3685, 16154, -1
17125, 15822, -1
19118, 15822, -1
17125, 9, -1
17125, 9517, -1
17125, 497, -1
19118, 9, -1
19118, 9517, -1
19118, 497, -1
17125, 16286, -1
17125, 3685, -1
19118, 16286, -1
19118, 3685, -1
17125, 8717, -1
19118, 8717, -1
17125, 1895, -1
19118, 1895, -1
17125, 2441, -1
19118, 2441, -1
17125, 14243, -1
19118, 14243, -1
17125, 2902, -1
19118, 2902, -1
17125, 17180, -1
19118, 17180, -1
17125, 16154, -1
19118, 16154, -1
8717, 15822, -1
8717, 9, -1
8717, 9517, -1
8717, 497, -1
8717, 16286, -1
8717, 3685, -1
8717, 17125, -1
8717, 19118, -1
8717, 1895, -1
8717, 2441, -1
8717, 14243, -1
8717, 2902, -1
8717, 17180, -1
8717, 16154, -1
1895, 15822, -1
1895, 9, -1
1895, 9517, -1
1895, 497, -1
1895, 16286, -1
1895, 3685, -1
1895, 17125, -1
1895, 19118, -1
1895, 8717, -1
1895, 2441, -1
1895, 14243, -1
1895, 2902, -1
1895, 17180, -1
1895, 16154, -1
2441, 15822, -1
2441, 9, -1
2441, 9517, -1
2441, 497, -1
2441, 16286, -1
2441, 3685, -1
2441, 17125, -1
2441, 19118, -1
2441, 8717, -1
2441, 1895, -1
2441, 14243, -1
2441, 2902, -1
2441, 17180, -1
2441, 16154, -1
14243, 15822, -1
14243, 9, -1
14243, 9517, -1
14243, 497, -1
14243, 16286, -1
14243, 3685, -1
14243, 17125, -1
14243, 19118, -1
14243, 8717, -1
14243, 1895, -1
14243, 2441, -1
14243, 2902, -1
14243, 17180, -1
14243, 16154, -1
2902, 15822, -1
2902, 9, -1
2902, 9517, -1
2902, 497, -1
2902, 16286, -1
2902, 3685, -1
2902, 17125, -1
2902, 19118, -1
2902, 8717, -1
2902, 1895, -1
2902, 2441, -1
2902, 14243, -1
2902, 17180, -1
2902, 16154, -1
17180, 15822, -1
17180, 9, -1
17180, 9517, -1
17180, 497, -1
17180, 16286, -1
17180, 3685, -1
17180, 17125, -1
17180, 19118, -1
17180, 8717, -1
17180, 1895, -1
17180, 2441, -1
17180, 14243, -1
17180, 2902, -1
17180, 16154, -1
16154, 15822, -1
16154, 9, -1
16154, 9517, -1
16154, 497, -1
16154, 16286, -1
16154, 3685, -1
16154, 17125, -1
16154, 19118, -1
16154, 8717, -1
16154, 1895, -1
16154, 2441, -1
16154, 14243, -1
16154, 2902, -1
16154, 17180, -1

9, 9517, 1
9, 497, 1
9517, 9, 1
9517, 497, 1
497, 9, 1
497, 9517, 1
16286, 3685, 1
3685, 16286, 1
17125, 19118, 1
17125, 12276, 1
19118, 17125, 1
19118, 12276, 1
12276, 17125, 1
12276, 19118, 1
15822, 9, -1
15822, 9517, -1
15822, 497, -1
15822, 16286, -1
15822, 3685, -1
15822, 17125, -1
15822, 19118, -1
15822, 12276, -1
15822, 8717, -1
15822, 1895, -1
15822, 2441, -1
15822, 14243, -1
15822, 2902, -1
15822, 17180, -1
15822, 16154, -1
9, 15822, -1
9517, 15822, -1
497, 15822, -1
9, 16286, -1
9, 3685, -1
9517, 16286, -1
9517, 3685, -1
497, 16286, -1
497, 3685, -1
9, 17125, -1
9, 19118, -1
9, 12276, -1
9517, 17125, -1
9517, 19118, -1
9517, 12276, -1
497, 17125, -1
497, 19118, -1
497, 12276, -1
9, 8717, -1
9517, 8717, -1
497, 8717, -1
9, 1895, -1
9517, 1895, -1
497, 1895, -1
9, 2441, -1
9517, 2441, -1
497, 2441, -1
9, 14243, -1
9517, 14243, -1
497, 14243, -1
9, 2902, -1
9517, 2902, -1
497, 2902, -1
9, 17180, -1
9517, 17180, -1
497, 17180, -1
9, 16154, -1
9517, 16154, -1
497, 16154, -1
16286, 15822, -1
3685, 15822, -1
16286, 9, -1
16286, 9517, -1
16286, 497, -1
3685, 9, -1
3685, 9517, -1
3685, 497, -1
16286, 17125, -1
16286, 19118, -1
16286, 12276, -1
3685, 17125, -1
3685, 19118, -1
3685, 12276, -1
16286, 8717, -1
3685, 8717, -1
16286, 1895, -1
3685, 1895, -1
16286, 2441, -1
3685, 2441, -1
16286, 14243, -1
3685, 14243, -1
16286, 2902, -1
3685, 2902, -1
16286, 17180, -1
3685, 17180, -1
16286, 16154, -1
3685, 16154, -1
17125, 15822, -1
19118, 15822, -1
12276, 15822, -1
17125, 9, -1
17125, 9517, -1
17125, 497, -1
19118, 9, -1
19118, 9517, -1
19118, 497, -1
12276, 9, -1
12276, 9517, -1
12276, 497, -1
17125, 16286, -1
17125, 3685, -1
19118, 16286, -1
19118, 3685, -1
12276, 16286, -1
12276, 3685, -1
17125, 8717, -1
19118, 8717, -1
12276, 8717, -1
17125, 1895, -1
19118, 1895, -1
12276, 1895, -1
17125, 2441, -1
19118, 2441, -1
12276, 2441, -1
17125, 14243, -1
19118, 14243, -1
12276, 14243, -1
17125, 2902, -1
19118, 2902, -1
12276, 2902, -1
17125, 17180, -1
19118, 17180, -1
12276, 17180, -1
17125, 16154, -1
19118, 16154, -1
12276, 16154, -1
8717, 15822, -1
8717, 9, -1
8717, 9517, -1
8717, 497, -1
8717, 16286, -1
8717, 3685, -1
8717, 17125, -1
8717, 19118, -1
8717, 12276, -1
8717, 1895, -1
8717, 2441, -1
8717, 14243, -1
8717, 2902, -1
8717, 17180, -1
8717, 16154, -1
1895, 15822, -1
1895, 9, -1
1895, 9517, -1
1895, 497, -1
1895, 16286, -1
1895, 3685, -1
1895, 17125, -1
1895, 19118, -1
1895, 12276, -1
1895, 8717, -1
1895, 2441, -1
1895, 14243, -1
1895, 2902, -1
1895, 17180, -1
1895, 16154, -1
2441, 15822, -1
2441, 9, -1
2441, 9517, -1
2441, 497, -1
2441, 16286, -1
2441, 3685, -1
2441, 17125, -1
2441, 19118, -1
2441, 12276, -1
2441, 8717, -1
2441, 1895, -1
2441, 14243, -1
2441, 2902, -1
2441, 17180, -1
2441, 16154, -1
14243, 15822, -1
14243, 9, -1
14243, 9517, -1
14243, 497, -1
14243, 16286, -1
14243, 3685, -1
14243, 17125, -1
14243, 19118, -1
14243, 12276, -1
14243, 8717, -1
14243, 1895, -1
14243, 2441, -1
14243, 2902, -1
14243, 17180, -1
14243, 16154, -1
2902, 15822, -1
2902, 9, -1
2902, 9517, -1
2902, 497, -1
2902, 16286, -1
2902, 3685, -1
2902, 17125, -1
2902, 19118, -1
2902, 12276, -1
2902, 8717, -1
2902, 1895, -1
2902, 2441, -1
2902, 14243, -1
2902, 17180, -1
2902, 16154, -1
17180, 15822, -1
17180, 9, -1
17180, 9517, -1
17180, 497, -1
17180, 16286, -1
17180, 3685, -1
17180, 17125, -1
17180, 19118, -1
17180, 12276, -1
17180, 8717, -1
17180, 1895, -1
17180, 2441, -1
17180, 14243, -1
17180, 2902, -1
17180, 16154, -1
16154, 15822, -1
16154, 9, -1
16154, 9517, -1
16154, 497, -1
16154, 16286, -1
16154, 3685, -1
16154, 17125, -1
16154, 19118, -1
16154, 12276, -1
16154, 8717, -1
16154, 1895, -1
16154, 2441, -1
16154, 14243, -1
16154, 2902, -1
16154, 17180, -1

9, 9517, 1
9, 497, 1
9517, 9, 1
9517, 497, 1
497, 9, 1
497, 9517, 1
16286, 3685, 1
3685, 16286, 1
17125, 19118, 1
17125, 12276, 1
19118, 17125, 1
19118, 12276, 1
12276, 17125, 1
12276, 19118, 1
15822, 9, -1
15822, 9517, -1
15822, 497, -1
15822, 16286, -1
15822, 3685, -1
15822, 17125, -1
15822, 19118, -1
15822, 12276, -1
15822, 8717, -1
15822, 1895, -1
15822, 2441, -1
15822, 14243, -1
15822, 2902, -1
15822, 17180, -1
15822, 16154, -1
9, 15822, -1
9517, 15822, -1
497, 15822, -1
9, 16286, -1
9, 3685, -1
9517, 16286, -1
9517, 3685, -1
497, 16286, -1
497, 3685, -1
9, 17125, -1
9, 19118, -1
9, 12276, -1
9517, 17125, -1
9517, 19118, -1
9517, 12276, -1
497, 17125, -1
497, 19118, -1
497, 12276, -1
9, 8717, -1
9517, 8717, -1
497, 8717, -1
9, 1895, -1
9517, 1895, -1
497, 1895, -1
9, 2441, -1
9517, 2441, -1
497, 2441, -1
9, 14243, -1
9517, 14243, -1
497, 14243, -1
9, 2902, -1
9517, 2902, -1
497, 2902, -1
9, 17180, -1
9517, 17180, -1
497, 17180, -1
9, 16154, -1
9517, 16154, -1
497, 16154, -1
16286, 15822, -1
3685, 15822, -1
16286, 9, -1
16286, 9517, -1
16286, 497, -1
3685, 9, -1
3685, 9517, -1
3685, 497, -1
16286, 17125, -1
16286, 19118, -1
16286, 12276, -1
3685, 17125, -1
3685, 19118, -1
3685, 12276, -1
16286, 8717, -1
3685, 8717, -1
16286, 1895, -1
3685, 1895, -1
16286, 2441, -1
3685, 2441, -1
16286, 14243, -1
3685, 14243, -1
16286, 2902, -1
3685, 2902, -1
16286, 17180, -1
3685, 17180, -1
16286, 16154, -1
3685, 16154, -1
17125, 15822, -1
19118, 15822, -1
12276, 15822, -1
17125, 9, -1
17125, 9517, -1
17125, 497, -1
19118, 9, -1
19118, 9517, -1
19118, 497, -1
12276, 9, -1
12276, 9517, -1
12276, 497, -1
17125, 16286, -1
17125, 3685, -1
19118, 16286, -1
19118, 3685, -1
12276, 16286, -1
12276, 3685, -1
17125, 8717, -1
19118, 8717, -1
12276, 8717, -1
17125, 1895, -1
19118, 1895, -1
12276, 1895, -1
17125, 2441, -1
19118, 2441, -1
12276, 2441, -1
17125, 14243, -1
19118, 14243, -1
12276, 14243, -1
17125, 2902, -1
19118, 2902, -1
12276, 2902, -1
17125, 17180, -1
19118, 17180, -1
12276, 17180, -1
17125, 16154, -1
19118, 16154, -1
12276, 16154, -1
8717, 15822, -1
8717, 9, -1
8717, 9517, -1
8717, 497, -1
8717, 16286, -1
8717, 3685, -1
8717, 17125, -1
8717, 19118, -1
8717, 12276, -1
8717, 1895, -1
8717, 2441, -1
8717, 14243, -1
8717, 2902, -1
8717, 17180, -1
8717, 16154, -1
1895, 15822, -1
1895, 9, -1
1895, 9517, -1
1895, 497, -1
1895, 16286, -1
1895, 3685, -1
1895, 17125, -1
1895, 19118, -1
1895, 12276, -1
1895, 8717, -1
1895, 2441, -1
1895, 14243, -1
1895, 2902, -1
1895, 17180, -1
1895, 16154, -1
2441, 15822, -1
2441, 9, -1
2441, 9517, -1
2441, 497, -1
2441, 16286, -1
2441, 3685, -1
2441, 17125, -1
2441, 19118, -1
2441, 12276, -1
2441, 8717, -1
2441, 1895, -1
2441, 14243, -1
2441, 2902, -1
2441, 17180, -1
2441, 16154, -1
14243, 15822, -1
14243, 9, -1
14243, 9517, -1
14243, 497, -1
14243, 16286, -1
14243, 3685, -1
14243, 17125, -1
14243, 19118, -1
14243, 12276, -1
14243, 8717, -1
14243, 1895, -1
14243, 2441, -1
14243, 2902, -1
14243, 17180, -1
14243, 16154, -1
2902, 15822, -1
2902, 9, -1
2902, 9517, -1
2902, 497, -1
2902, 16286, -1
2902, 3685, -1
2902, 17125, -1
2902, 19118, -1
2902, 12276, -1
2902, 8717, -1
2902, 1895, -1
2902, 2441, -1
2902, 14243, -1
2902, 17180, -1
2902, 16154, -1
17180, 15822, -1
17180, 9, -1
17180, 9517, -1
17180, 497, -1
17180, 16286, -1
17180, 3685, -1
17180, 17125, -1
17180, 19118, -1
17180, 12276, -1
17180, 8717, -1
17180, 1895, -1
17180, 2441, -1
17180, 14243, -1
17180, 2902, -1
17180, 16154, -1
16154, 15822, -1
16154, 9, -1
16154, 9517, -1
16154, 497, -1
16154, 16286, -1
16154, 3685, -1
16154, 17125, -1
16154, 19118, -1
16154, 12276, -1
16154, 8717, -1
16154, 1895, -1
16154, 2441, -1
16154, 14243, -1
16154, 2902, -1
16154, 17180, -1

