15736, 6812, -1
15736, 11842, -1
15736, 10490, -1
15736, 19509, -1
6812, 15736, -1
6812, 11842, -1
6812, 10490, -1
6812, 19509, -1
11842, 15736, -1
11842, 6812, -1
11842, 10490, -1
11842, 19509, -1
10490, 15736, -1
10490, 6812, -1
10490, 11842, -1
10490, 19509, -1
19509, 15736, -1
19509, 6812, -1
19509, 11842, -1
19509, 10490, -1

15736, 6812, -1
15736, 11842, -1
15736, 10490, -1
15736, 19509, -1
15736, 3710, -1
6812, 15736, -1
6812, 11842, -1
6812, 10490, -1
6812, 19509, -1
6812, 3710, -1
11842, 15736, -1
11842, 6812, -1
11842, 10490, -1
11842, 19509, -1
11842, 3710, -1
10490, 15736, -1
10490, 6812, -1
10490, 11842, -1
10490, 19509, -1
10490, 3710, -1
19509, 15736, -1
19509, 6812, -1
19509, 11842, -1
19509, 10490, -1
19509, 3710, -1
3710, 15736, -1
3710, 6812, -1
3710, 11842, -1
3710, 10490, -1
3710, 19509, -1

15736, 6812, -1
15736, 11842, -1
15736, 10490, -1
15736, 19509, -1
15736, 3710, -1
15736, 3456, -1
6812, 15736, -1
6812, 11842, -1
6812, 10490, -1
6812, 19509, -1
6812, 3710, -1
6812, 3456, -1
11842, 15736, -1
11842, 6812, -1
11842, 10490, -1
11842, 19509, -1
11842, 3710, -1
11842, 3456, -1
10490, 15736, -1
10490, 6812, -1
10490, 11842, -1
10490, 19509, -1
10490, 3710, -1
10490, 3456, -1
19509, 15736, -1
19509, 6812, -1
19509, 11842, -1
19509, 10490, -1
19509, 3710, -1
19509, 3456, -1
3710, 15736, -1
3710, 6812, -1
3710, 11842, -1
3710, 10490, -1
3710, 19509, -1
3710, 3456, -1
3456, 15736, -1
3456, 6812, -1
3456, 11842, -1
3456, 10490, -1
3456, 19509, -1
3456, 3710, -1

11842, 9, 1
9, 11842, 1
3710, 10611, 1
10611, 3710, 1
15736, 6812, -1
15736, 11842, -1
15736, 9, -1
15736, 10490, -1
15736, 19509, -1
15736, 3710, -1
15736, 10611, -1
15736, 3456, -1
6812, 15736, -1
6812, 11842, -1
6812, 9, -1
6812, 10490, -1
6812, 19509, -1
6812, 3710, -1
6812, 10611, -1
6812, 3456, -1
11842, 15736, -1
9, 15736, -1
11842, 6812, -1
9, 6812, -1
11842, 10490, -1
9, 10490, -1
11842, 19509, -1
9, 19509, -1
11842, 3710, -1
11842, 10611, -1
9, 3710, -1
9, 10611, -1
11842, 3456, -1
9, 3456, -1
10490, 15736, -1
10490, 6812, -1
10490, 11842, -1
10490, 9, -1
10490, 19509, -1
10490, 3710, -1
10490, 10611, -1
10490, 3456, -1
19509, 15736, -1
19509, 6812, -1
19509, 11842, -1
19509, 9, -1
19509, 10490, -1
19509, 3710, -1
19509, 10611, -1
19509, 3456, -1
3710, 15736, -1
10611, 15736, -1
3710, 6812, -1
10611, 6812, -1
3710, 11842, -1
3710, 9, -1
10611, 11842, -1
10611, 9, -1
3710, 10490, -1
10611, 10490, -1
3710, 19509, -1
10611, 19509, -1
3710, 3456, -1
10611, 3456, -1
3456, 15736, -1
3456, 6812, -1
3456, 11842, -1
3456, 9, -1
3456, 10490, -1
3456, 19509, -1
3456, 3710, -1
3456, 10611, -1

6812, 15413, 1
15413, 6812, 1
11842, 9, 1
9, 11842, 1
3710, 10611, 1
10611, 3710, 1
15736, 6812, -1
15736, 15413, -1
15736, 11842, -1
15736, 9, -1
15736, 10490, -1
15736, 19509, -1
15736, 3710, -1
15736, 10611, -1
15736, 3456, -1
15736, 13682, -1
6812, 15736, -1
15413, 15736, -1
6812, 11842, -1
6812, 9, -1
15413, 11842, -1
15413, 9, -1
6812, 10490, -1
15413, 10490, -1
6812, 19509, -1
15413, 19509, -1
6812, 3710, -1
6812, 10611, -1
15413, 3710, -1
15413, 10611, -1
6812, 3456, -1
15413, 3456, -1
6812, 13682, -1
15413, 13682, -1
11842, 15736, -1
9, 15736, -1
11842, 6812, -1
11842, 15413, -1
9, 6812, -1
9, 15413, -1
11842, 10490, -1
9, 10490, -1
11842, 19509, -1
9, 19509, -1
11842, 3710, -1
11842, 10611, -1
9, 3710, -1
9, 10611, -1
11842, 3456, -1
9, 3456, -1
11842, 13682, -1
9, 13682, -1
10490, 15736, -1
10490, 6812, -1
10490, 15413, -1
10490, 11842, -1
10490, 9, -1
10490, 19509, -1
10490, 3710, -1
10490, 10611, -1
10490, 3456, -1
10490, 13682, -1
19509, 15736, -1
19509, 6812, -1
19509, 15413, -1
19509, 11842, -1
19509, 9, -1
19509, 10490, -1
19509, 3710, -1
19509, 10611, -1
19509, 3456, -1
19509, 13682, -1
3710, 15736, -1
10611, 15736, -1
3710, 6812, -1
3710, 15413, -1
10611, 6812, -1
10611, 15413, -1
3710, 11842, -1
3710, 9, -1
10611, 11842, -1
10611, 9, -1
3710, 10490, -1
10611, 10490, -1
3710, 19509, -1
10611, 19509, -1
3710, 3456, -1
10611, 3456, -1
3710, 13682, -1
10611, 13682, -1
3456, 15736, -1
3456, 6812, -1
3456, 15413, -1
3456, 11842, -1
3456, 9, -1
3456, 10490, -1
3456, 19509, -1
3456, 3710, -1
3456, 10611, -1
3456, 13682, -1
13682, 15736, -1
13682, 6812, -1
13682, 15413, -1
13682, 11842, -1
13682, 9, -1
13682, 10490, -1
13682, 19509, -1
13682, 3710, -1
13682, 10611, -1
13682, 3456, -1

6812, 15413, 1
15413, 6812, 1
11842, 9, 1
9, 11842, 1
3710, 10611, 1
10611, 3710, 1
15736, 6812, -1
15736, 15413, -1
15736, 11842, -1
15736, 9, -1
15736, 10490, -1
15736, 19509, -1
15736, 3710, -1
15736, 10611, -1
15736, 3456, -1
15736, 13682, -1
15736, 3365, -1
6812, 15736, -1
15413, 15736, -1
6812, 11842, -1
6812, 9, -1
15413, 11842, -1
15413, 9, -1
6812, 10490, -1
15413, 10490, -1
6812, 19509, -1
15413, 19509, -1
6812, 3710, -1
6812, 10611, -1
15413, 3710, -1
15413, 10611, -1
6812, 3456, -1
15413, 3456, -1
6812, 13682, -1
15413, 13682, -1
6812, 3365, -1
15413, 3365, -1
11842, 15736, -1
9, 15736, -1
11842, 6812, -1
11842, 15413, -1
9, 6812, -1
9, 15413, -1
11842, 10490, -1
9, 10490, -1
11842, 19509, -1
9, 19509, -1
11842, 3710, -1
11842, 10611, -1
9, 3710, -1
9, 10611, -1
11842, 3456, -1
9, 3456, -1
11842, 13682, -1
9, 13682, -1
11842, 3365, -1
9, 3365, -1
10490, 15736, -1
10490, 6812, -1
10490, 15413, -1
10490, 11842, -1
10490, 9, -1
10490, 19509, -1
10490, 3710, -1
10490, 10611, -1
10490, 3456, -1
10490, 13682, -1
10490, 3365, -1
19509, 15736, -1
19509, 6812, -1
19509, 15413, -1
19509, 11842, -1
19509, 9, -1
19509, 10490, -1
19509, 3710, -1
19509, 10611, -1
19509, 3456, -1
19509, 13682, -1
19509, 3365, -1
3710, 15736, -1
10611, 15736, -1
3710, 6812, -1
3710, 15413, -1
10611, 6812, -1
10611, 15413, -1
3710, 11842, -1
3710, 9, -1
10611, 11842, -1
10611, 9, -1
3710, 10490, -1
10611, 10490, -1
3710, 19509, -1
10611, 19509, -1
3710, 3456, -1
10611, 3456, -1
3710, 13682, -1
10611, 13682, -1
3710, 3365, -1
10611, 3365, -1
3456, 15736, -1
3456, 6812, -1
3456, 15413, -1
3456, 11842, -1
3456, 9, -1
3456, 10490, -1
3456, 19509, -1
3456, 3710, -1
3456, 10611, -1
3456, 13682, -1
3456, 3365, -1
13682, 15736, -1
13682, 6812, -1
13682, 15413, -1
13682, 11842, -1
13682, 9, -1
13682, 10490, -1
13682, 19509, -1
13682, 3710, -1
13682, 10611, -1
13682, 3456, -1
13682, 3365, -1
3365, 15736, -1
3365, 6812, -1
3365, 15413, -1
3365, 11842, -1
3365, 9, -1
3365, 10490, -1
3365, 19509, -1
3365, 3710, -1
3365, 10611, -1
3365, 3456, -1
3365, 13682, -1

6812, 15413, 1
15413, 6812, 1
11842, 9, 1
9, 11842, 1
3710, 10611, 1
10611, 3710, 1
15736, 6812, -1
15736, 15413, -1
15736, 11842, -1
15736, 9, -1
15736, 10490, -1
15736, 19509, -1
15736, 3710, -1
15736, 10611, -1
15736, 3456, -1
15736, 13682, -1
15736, 3365, -1
15736, 16913, -1
6812, 15736, -1
15413, 15736, -1
6812, 11842, -1
6812, 9, -1
15413, 11842, -1
15413, 9, -1
6812, 10490, -1
15413, 10490, -1
6812, 19509, -1
15413, 19509, -1
6812, 3710, -1
6812, 10611, -1
15413, 3710, -1
15413, 10611, -1
6812, 3456, -1
15413, 3456, -1
6812, 13682, -1
15413, 13682, -1
6812, 3365, -1
15413, 3365, -1
6812, 16913, -1
15413, 16913, -1
11842, 15736, -1
9, 15736, -1
11842, 6812, -1
11842, 15413, -1
9, 6812, -1
9, 15413, -1
11842, 10490, -1
9, 10490, -1
11842, 19509, -1
9, 19509, -1
11842, 3710, -1
11842, 10611, -1
9, 3710, -1
9, 10611, -1
11842, 3456, -1
9, 3456, -1
11842, 13682, -1
9, 13682, -1
11842, 3365, -1
9, 3365, -1
11842, 16913, -1
9, 16913, -1
10490, 15736, -1
10490, 6812, -1
10490, 15413, -1
10490, 11842, -1
10490, 9, -1
10490, 19509, -1
10490, 3710, -1
10490, 10611, -1
10490, 3456, -1
10490, 13682, -1
10490, 3365, -1
10490, 16913, -1
19509, 15736, -1
19509, 6812, -1
19509, 15413, -1
19509, 11842, -1
19509, 9, -1
19509, 10490, -1
19509, 3710, -1
19509, 10611, -1
19509, 3456, -1
19509, 13682, -1
19509, 3365, -1
19509, 16913, -1
3710, 15736, -1
10611, 15736, -1
3710, 6812, -1
3710, 15413, -1
10611, 6812, -1
10611, 15413, -1
3710, 11842, -1
3710, 9, -1
10611, 11842, -1
10611, 9, -1
3710, 10490, -1
10611, 10490, -1
3710, 19509, -1
10611, 19509, -1
3710, 3456, -1
10611, 3456, -1
3710, 13682, -1
10611, 13682, -1
3710, 3365, -1
10611, 3365, -1
3710, 16913, -1
10611, 16913, -1
3456, 15736, -1
3456, 6812, -1
3456, 15413, -1
3456, 11842, -1
3456, 9, -1
3456, 10490, -1
3456, 19509, -1
3456, 3710, -1
3456, 10611, -1
3456, 13682, -1
3456, 3365, -1
3456, 16913, -1
13682, 15736, -1
13682, 6812, -1
13682, 15413, -1
13682, 11842, -1
13682, 9, -1
13682, 10490, -1
13682, 19509, -1
13682, 3710, -1
13682, 10611, -1
13682, 3456, -1
13682, 3365, -1
13682, 16913, -1
3365, 15736, -1
3365, 6812, -1
3365, 15413, -1
3365, 11842, -1
3365, 9, -1
3365, 10490, -1
3365, 19509, -1
3365, 3710, -1
3365, 10611, -1
3365, 3456, -1
3365, 13682, -1
3365, 16913, -1
16913, 15736, -1
16913, 6812, -1
16913, 15413, -1
16913, 11842, -1
16913, 9, -1
16913, 10490, -1
16913, 19509, -1
16913, 3710, -1
16913, 10611, -1
16913, 3456, -1
16913, 13682, -1
16913, 3365, -1

6812, 15413, 1
15413, 6812, 1
11842, 9, 1
9, 11842, 1
3710, 10611, 1
10611, 3710, 1
3456, 13715, 1
13715, 3456, 1
15736, 6812, -1
15736, 15413, -1
15736, 11842, -1
15736, 9, -1
15736, 10490, -1
15736, 19509, -1
15736, 3710, -1
15736, 10611, -1
15736, 3456, -1
15736, 13715, -1
15736, 13682, -1
15736, 3365, -1
15736, 16913, -1
6812, 15736, -1
15413, 15736, -1
6812, 11842, -1
6812, 9, -1
15413, 11842, -1
15413, 9, -1
6812, 10490, -1
15413, 10490, -1
6812, 19509, -1
15413, 19509, -1
6812, 3710, -1
6812, 10611, -1
15413, 3710, -1
15413, 10611, -1
6812, 3456, -1
6812, 13715, -1
15413, 3456, -1
15413, 13715, -1
6812, 13682, -1
15413, 13682, -1
6812, 3365, -1
15413, 3365, -1
6812, 16913, -1
15413, 16913, -1
11842, 15736, -1
9, 15736, -1
11842, 6812, -1
11842, 15413, -1
9, 6812, -1
9, 15413, -1
11842, 10490, -1
9, 10490, -1
11842, 19509, -1
9, 19509, -1
11842, 3710, -1
11842, 10611, -1
9, 3710, -1
9, 10611, -1
11842, 3456, -1
11842, 13715, -1
9, 3456, -1
9, 13715, -1
11842, 13682, -1
9, 13682, -1
11842, 3365, -1
9, 3365, -1
11842, 16913, -1
9, 16913, -1
10490, 15736, -1
10490, 6812, -1
10490, 15413, -1
10490, 11842, -1
10490, 9, -1
10490, 19509, -1
10490, 3710, -1
10490, 10611, -1
10490, 3456, -1
10490, 13715, -1
10490, 13682, -1
10490, 3365, -1
10490, 16913, -1
19509, 15736, -1
19509, 6812, -1
19509, 15413, -1
19509, 11842, -1
19509, 9, -1
19509, 10490, -1
19509, 3710, -1
19509, 10611, -1
19509, 3456, -1
19509, 13715, -1
19509, 13682, -1
19509, 3365, -1
19509, 16913, -1
3710, 15736, -1
10611, 15736, -1
3710, 6812, -1
3710, 15413, -1
10611, 6812, -1
10611, 15413, -1
3710, 11842, -1
3710, 9, -1
10611, 11842, -1
10611, 9, -1
3710, 10490, -1
10611, 10490, -1
3710, 19509, -1
10611, 19509, -1
3710, 3456, -1
3710, 13715, -1
10611, 3456, -1
10611, 13715, -1
3710, 13682, -1
10611, 13682, -1
3710, 3365, -1
10611, 3365, -1
3710, 16913, -1
10611, 16913, -1
3456, 15736, -1
13715, 15736, -1
3456, 6812, -1
3456, 15413, -1
13715, 6812, -1
13715, 15413, -1
3456, 11842, -1
3456, 9, -1
13715, 11842, -1
13715, 9, -1
3456, 10490, -1
13715, 10490, -1
3456, 19509, -1
13715, 19509, -1
3456, 3710, -1
3456, 10611, -1
13715, 3710, -1
13715, 10611, -1
3456, 13682, -1
13715, 13682, -1
3456, 3365, -1
13715, 3365, -1
3456, 16913, -1
13715, 16913, -1
13682, 15736, -1
13682, 6812, -1
13682, 15413, -1
13682, 11842, -1
13682, 9, -1
13682, 10490, -1
13682, 19509, -1
13682, 3710, -1
13682, 10611, -1
13682, 3456, -1
13682, 13715, -1
13682, 3365, -1
13682, 16913, -1
3365, 15736, -1
3365, 6812, -1
3365, 15413, -1
3365, 11842, -1
3365, 9, -1
3365, 10490, -1
3365, 19509, -1
3365, 3710, -1
3365, 10611, -1
3365, 3456, -1
3365, 13715, -1
3365, 13682, -1
3365, 16913, -1
16913, 15736, -1
16913, 6812, -1
16913, 15413, -1
16913, 11842, -1
16913, 9, -1
16913, 10490, -1
16913, 19509, -1
16913, 3710, -1
16913, 10611, -1
16913, 3456, -1
16913, 13715, -1
16913, 13682, -1
16913, 3365, -1

6812, 15413, 1
15413, 6812, 1
11842, 9, 1
9, 11842, 1
3710, 10611, 1
10611, 3710, 1
3456, 13715, 1
13715, 3456, 1
15736, 6812, -1
15736, 15413, -1
15736, 11842, -1
15736, 9, -1
15736, 10490, -1
15736, 19509, -1
15736, 3710, -1
15736, 10611, -1
15736, 3456, -1
15736, 13715, -1
15736, 13682, -1
15736, 3365, -1
15736, 16913, -1
15736, 4290, -1
6812, 15736, -1
15413, 15736, -1
6812, 11842, -1
6812, 9, -1
15413, 11842, -1
15413, 9, -1
6812, 10490, -1
15413, 10490, -1
6812, 19509, -1
15413, 19509, -1
6812, 3710, -1
6812, 10611, -1
15413, 3710, -1
15413, 10611, -1
6812, 3456, -1
6812, 13715, -1
15413, 3456, -1
15413, 13715, -1
6812, 13682, -1
15413, 13682, -1
6812, 3365, -1
15413, 3365, -1
6812, 16913, -1
15413, 16913, -1
6812, 4290, -1
15413, 4290, -1
11842, 15736, -1
9, 15736, -1
11842, 6812, -1
11842, 15413, -1
9, 6812, -1
9, 15413, -1
11842, 10490, -1
9, 10490, -1
11842, 19509, -1
9, 19509, -1
11842, 3710, -1
11842, 10611, -1
9, 3710, -1
9, 10611, -1
11842, 3456, -1
11842, 13715, -1
9, 3456, -1
9, 13715, -1
11842, 13682, -1
9, 13682, -1
11842, 3365, -1
9, 3365, -1
11842, 16913, -1
9, 16913, -1
11842, 4290, -1
9, 4290, -1
10490, 15736, -1
10490, 6812, -1
10490, 15413, -1
10490, 11842, -1
10490, 9, -1
10490, 19509, -1
10490, 3710, -1
10490, 10611, -1
10490, 3456, -1
10490, 13715, -1
10490, 13682, -1
10490, 3365, -1
10490, 16913, -1
10490, 4290, -1
19509, 15736, -1
19509, 6812, -1
19509, 15413, -1
19509, 11842, -1
19509, 9, -1
19509, 10490, -1
19509, 3710, -1
19509, 10611, -1
19509, 3456, -1
19509, 13715, -1
19509, 13682, -1
19509, 3365, -1
19509, 16913, -1
19509, 4290, -1
3710, 15736, -1
10611, 15736, -1
3710, 6812, -1
3710, 15413, -1
10611, 6812, -1
10611, 15413, -1
3710, 11842, -1
3710, 9, -1
10611, 11842, -1
10611, 9, -1
3710, 10490, -1
10611, 10490, -1
3710, 19509, -1
10611, 19509, -1
3710, 3456, -1
3710, 13715, -1
10611, 3456, -1
10611, 13715, -1
3710, 13682, -1
10611, 13682, -1
3710, 3365, -1
10611, 3365, -1
3710, 16913, -1
10611, 16913, -1
3710, 4290, -1
10611, 4290, -1
3456, 15736, -1
13715, 15736, -1
3456, 6812, -1
3456, 15413, -1
13715, 6812, -1
13715, 15413, -1
3456, 11842, -1
3456, 9, -1
13715, 11842, -1
13715, 9, -1
3456, 10490, -1
13715, 10490, -1
3456, 19509, -1
13715, 19509, -1
3456, 3710, -1
3456, 10611, -1
13715, 3710, -1
13715, 10611, -1
3456, 13682, -1
13715, 13682, -1
3456, 3365, -1
13715, 3365, -1
3456, 16913, -1
13715, 16913, -1
3456, 4290, -1
13715, 4290, -1
13682, 15736, -1
13682, 6812, -1
13682, 15413, -1
13682, 11842, -1
13682, 9, -1
13682, 10490, -1
13682, 19509, -1
13682, 3710, -1
13682, 10611, -1
13682, 3456, -1
13682, 13715, -1
13682, 3365, -1
13682, 16913, -1
13682, 4290, -1
3365, 15736, -1
3365, 6812, -1
3365, 15413, -1
3365, 11842, -1
3365, 9, -1
3365, 10490, -1
3365, 19509, -1
3365, 3710, -1
3365, 10611, -1
3365, 3456, -1
3365, 13715, -1
3365, 13682, -1
3365, 16913, -1
3365, 4290, -1
16913, 15736, -1
16913, 6812, -1
16913, 15413, -1
16913, 11842, -1
16913, 9, -1
16913, 10490, -1
16913, 19509, -1
16913, 3710, -1
16913, 10611, -1
16913, 3456, -1
16913, 13715, -1
16913, 13682, -1
16913, 3365, -1
16913, 4290, -1
4290, 15736, -1
4290, 6812, -1
4290, 15413, -1
4290, 11842, -1
4290, 9, -1
4290, 10490, -1
4290, 19509, -1
4290, 3710, -1
4290, 10611, -1
4290, 3456, -1
4290, 13715, -1
4290, 13682, -1
4290, 3365, -1
4290, 16913, -1

6812, 15413, 1
15413, 6812, 1
11842, 9, 1
9, 11842, 1
3710, 10611, 1
10611, 3710, 1
3456, 13715, 1
13715, 3456, 1
15736, 6812, -1
15736, 15413, -1
15736, 11842, -1
15736, 9, -1
15736, 10490, -1
15736, 19509, -1
15736, 3710, -1
15736, 10611, -1
15736, 3456, -1
15736, 13715, -1
15736, 13682, -1
15736, 3365, -1
15736, 16913, -1
15736, 4290, -1
6812, 15736, -1
15413, 15736, -1
6812, 11842, -1
6812, 9, -1
15413, 11842, -1
15413, 9, -1
6812, 10490, -1
15413, 10490, -1
6812, 19509, -1
15413, 19509, -1
6812, 3710, -1
6812, 10611, -1
15413, 3710, -1
15413, 10611, -1
6812, 3456, -1
6812, 13715, -1
15413, 3456, -1
15413, 13715, -1
6812, 13682, -1
15413, 13682, -1
6812, 3365, -1
15413, 3365, -1
6812, 16913, -1
15413, 16913, -1
6812, 4290, -1
15413, 4290, -1
11842, 15736, -1
9, 15736, -1
11842, 6812, -1
11842, 15413, -1
9, 6812, -1
9, 15413, -1
11842, 10490, -1
9, 10490, -1
11842, 19509, -1
9, 19509, -1
11842, 3710, -1
11842, 10611, -1
9, 3710, -1
9, 10611, -1
11842, 3456, -1
11842, 13715, -1
9, 3456, -1
9, 13715, -1
11842, 13682, -1
9, 13682, -1
11842, 3365, -1
9, 3365, -1
11842, 16913, -1
9, 16913, -1
11842, 4290, -1
9, 4290, -1
10490, 15736, -1
10490, 6812, -1
10490, 15413, -1
10490, 11842, -1
10490, 9, -1
10490, 19509, -1
10490, 3710, -1
10490, 10611, -1
10490, 3456, -1
10490, 13715, -1
10490, 13682, -1
10490, 3365, -1
10490, 16913, -1
10490, 4290, -1
19509, 15736, -1
19509, 6812, -1
19509, 15413, -1
19509, 11842, -1
19509, 9, -1
19509, 10490, -1
19509, 3710, -1
19509, 10611, -1
19509, 3456, -1
19509, 13715, -1
19509, 13682, -1
19509, 3365, -1
19509, 16913, -1
19509, 4290, -1
3710, 15736, -1
10611, 15736, -1
3710, 6812, -1
3710, 15413, -1
10611, 6812, -1
10611, 15413, -1
3710, 11842, -1
3710, 9, -1
10611, 11842, -1
10611, 9, -1
3710, 10490, -1
10611, 10490, -1
3710, 19509, -1
10611, 19509, -1
3710, 3456, -1
3710, 13715, -1
10611, 3456, -1
10611, 13715, -1
3710, 13682, -1
10611, 13682, -1
3710, 3365, -1
10611, 3365, -1
3710, 16913, -1
10611, 16913, -1
3710, 4290, -1
10611, 4290, -1
3456, 15736, -1
13715, 15736, -1
3456, 6812, -1
3456, 15413, -1
13715, 6812, -1
13715, 15413, -1
3456, 11842, -1
3456, 9, -1
13715, 11842, -1
13715, 9, -1
3456, 10490, -1
13715, 10490, -1
3456, 19509, -1
13715, 19509, -1
3456, 3710, -1
3456, 10611, -1
13715, 3710, -1
13715, 10611, -1
3456, 13682, -1
13715, 13682, -1
3456, 3365, -1
13715, 3365, -1
3456, 16913, -1
13715, 16913, -1
3456, 4290, -1
13715, 4290, -1
13682, 15736, -1
13682, 6812, -1
13682, 15413, -1
13682, 11842, -1
13682, 9, -1
13682, 10490, -1
13682, 19509, -1
13682, 3710, -1
13682, 10611, -1
13682, 3456, -1
13682, 13715, -1
13682, 3365, -1
13682, 16913, -1
13682, 4290, -1
3365, 15736, -1
3365, 6812, -1
3365, 15413, -1
3365, 11842, -1
3365, 9, -1
3365, 10490, -1
3365, 19509, -1
3365, 3710, -1
3365, 10611, -1
3365, 3456, -1
3365, 13715, -1
3365, 13682, -1
3365, 16913, -1
3365, 4290, -1
16913, 15736, -1
16913, 6812, -1
16913, 15413, -1
16913, 11842, -1
16913, 9, -1
16913, 10490, -1
16913, 19509, -1
16913, 3710, -1
16913, 10611, -1
16913, 3456, -1
16913, 13715, -1
16913, 13682, -1
16913, 3365, -1
16913, 4290, -1
4290, 15736, -1
4290, 6812, -1
4290, 15413, -1
4290, 11842, -1
4290, 9, -1
4290, 10490, -1
4290, 19509, -1
4290, 3710, -1
4290, 10611, -1
4290, 3456, -1
4290, 13715, -1
4290, 13682, -1
4290, 3365, -1
4290, 16913, -1

