9517, 5955, 1
5955, 9517, 1
7601, 9517, -1
7601, 5955, -1
7601, 779, -1
7601, 3685, -1
9517, 7601, -1
5955, 7601, -1
9517, 779, -1
5955, 779, -1
9517, 3685, -1
5955, 3685, -1
779, 7601, -1
779, 9517, -1
779, 5955, -1
779, 3685, -1
3685, 7601, -1
3685, 9517, -1
3685, 5955, -1
3685, 779, -1

9517, 5955, 1
5955, 9517, 1
7601, 9517, -1
7601, 5955, -1
7601, 779, -1
7601, 3685, -1
7601, 18849, -1
7601, 1916, -1
9517, 7601, -1
5955, 7601, -1
9517, 779, -1
5955, 779, -1
9517, 3685, -1
5955, 3685, -1
9517, 18849, -1
5955, 18849, -1
9517, 1916, -1
5955, 1916, -1
779, 7601, -1
779, 9517, -1
779, 5955, -1
779, 3685, -1
779, 18849, -1
779, 1916, -1
3685, 7601, -1
3685, 9517, -1
3685, 5955, -1
3685, 779, -1
3685, 18849, -1
3685, 1916, -1
18849, 7601, -1
18849, 9517, -1
18849, 5955, -1
18849, 779, -1
18849, 3685, -1
18849, 1916, -1
1916, 7601, -1
1916, 9517, -1
1916, 5955, -1
1916, 779, -1
1916, 3685, -1
1916, 18849, -1

9517, 5955, 1
5955, 9517, 1
779, 4810, 1
4810, 779, 1
7601, 9517, -1
7601, 5955, -1
7601, 779, -1
7601, 4810, -1
7601, 3685, -1
7601, 18849, -1
7601, 1916, -1
7601, 3695, -1
9517, 7601, -1
5955, 7601, -1
9517, 779, -1
9517, 4810, -1
5955, 779, -1
5955, 4810, -1
9517, 3685, -1
5955, 3685, -1
9517, 18849, -1
5955, 18849, -1
9517, 1916, -1
5955, 1916, -1
9517, 3695, -1
5955, 3695, -1
779, 7601, -1
4810, 7601, -1
779, 9517, -1
779, 5955, -1
4810, 9517, -1
4810, 5955, -1
779, 3685, -1
4810, 3685, -1
779, 18849, -1
4810, 18849, -1
779, 1916, -1
4810, 1916, -1
779, 3695, -1
4810, 3695, -1
3685, 7601, -1
3685, 9517, -1
3685, 5955, -1
3685, 779, -1
3685, 4810, -1
3685, 18849, -1
3685, 1916, -1
3685, 3695, -1
18849, 7601, -1
18849, 9517, -1
18849, 5955, -1
18849, 779, -1
18849, 4810, -1
18849, 3685, -1
18849, 1916, -1
18849, 3695, -1
1916, 7601, -1
1916, 9517, -1
1916, 5955, -1
1916, 779, -1
1916, 4810, -1
1916, 3685, -1
1916, 18849, -1
1916, 3695, -1
3695, 7601, -1
3695, 9517, -1
3695, 5955, -1
3695, 779, -1
3695, 4810, -1
3695, 3685, -1
3695, 18849, -1
3695, 1916, -1

9517, 5955, 1
5955, 9517, 1
779, 4810, 1
4810, 779, 1
7601, 9517, -1
7601, 5955, -1
7601, 779, -1
7601, 4810, -1
7601, 3685, -1
7601, 18849, -1
7601, 1916, -1
7601, 3695, -1
7601, 18821, -1
9517, 7601, -1
5955, 7601, -1
9517, 779, -1
9517, 4810, -1
5955, 779, -1
5955, 4810, -1
9517, 3685, -1
5955, 3685, -1
9517, 18849, -1
5955, 18849, -1
9517, 1916, -1
5955, 1916, -1
9517, 3695, -1
5955, 3695, -1
9517, 18821, -1
5955, 18821, -1
779, 7601, -1
4810, 7601, -1
779, 9517, -1
779, 5955, -1
4810, 9517, -1
4810, 5955, -1
779, 3685, -1
4810, 3685, -1
779, 18849, -1
4810, 18849, -1
779, 1916, -1
4810, 1916, -1
779, 3695, -1
4810, 3695, -1
779, 18821, -1
4810, 18821, -1
3685, 7601, -1
3685, 9517, -1
3685, 5955, -1
3685, 779, -1
3685, 4810, -1
3685, 18849, -1
3685, 1916, -1
3685, 3695, -1
3685, 18821, -1
18849, 7601, -1
18849, 9517, -1
18849, 5955, -1
18849, 779, -1
18849, 4810, -1
18849, 3685, -1
18849, 1916, -1
18849, 3695, -1
18849, 18821, -1
1916, 7601, -1
1916, 9517, -1
1916, 5955, -1
1916, 779, -1
1916, 4810, -1
1916, 3685, -1
1916, 18849, -1
1916, 3695, -1
1916, 18821, -1
3695, 7601, -1
3695, 9517, -1
3695, 5955, -1
3695, 779, -1
3695, 4810, -1
3695, 3685, -1
3695, 18849, -1
3695, 1916, -1
3695, 18821, -1
18821, 7601, -1
18821, 9517, -1
18821, 5955, -1
18821, 779, -1
18821, 4810, -1
18821, 3685, -1
18821, 18849, -1
18821, 1916, -1
18821, 3695, -1

9517, 5955, 1
5955, 9517, 1
779, 4810, 1
4810, 779, 1
7601, 9517, -1
7601, 5955, -1
7601, 779, -1
7601, 4810, -1
7601, 3685, -1
7601, 18849, -1
7601, 1916, -1
7601, 3695, -1
7601, 18821, -1
7601, 12649, -1
9517, 7601, -1
5955, 7601, -1
9517, 779, -1
9517, 4810, -1
5955, 779, -1
5955, 4810, -1
9517, 3685, -1
5955, 3685, -1
9517, 18849, -1
5955, 18849, -1
9517, 1916, -1
5955, 1916, -1
9517, 3695, -1
5955, 3695, -1
9517, 18821, -1
5955, 18821, -1
9517, 12649, -1
5955, 12649, -1
779, 7601, -1
4810, 7601, -1
779, 9517, -1
779, 5955, -1
4810, 9517, -1
4810, 5955, -1
779, 3685, -1
4810, 3685, -1
779, 18849, -1
4810, 18849, -1
779, 1916, -1
4810, 1916, -1
779, 3695, -1
4810, 3695, -1
779, 18821, -1
4810, 18821, -1
779, 12649, -1
4810, 12649, -1
3685, 7601, -1
3685, 9517, -1
3685, 5955, -1
3685, 779, -1
3685, 4810, -1
3685, 18849, -1
3685, 1916, -1
3685, 3695, -1
3685, 18821, -1
3685, 12649, -1
18849, 7601, -1
18849, 9517, -1
18849, 5955, -1
18849, 779, -1
18849, 4810, -1
18849, 3685, -1
18849, 1916, -1
18849, 3695, -1
18849, 18821, -1
18849, 12649, -1
1916, 7601, -1
1916, 9517, -1
1916, 5955, -1
1916, 779, -1
1916, 4810, -1
1916, 3685, -1
1916, 18849, -1
1916, 3695, -1
1916, 18821, -1
1916, 12649, -1
3695, 7601, -1
3695, 9517, -1
3695, 5955, -1
3695, 779, -1
3695, 4810, -1
3695, 3685, -1
3695, 18849, -1
3695, 1916, -1
3695, 18821, -1
3695, 12649, -1
18821, 7601, -1
18821, 9517, -1
18821, 5955, -1
18821, 779, -1
18821, 4810, -1
18821, 3685, -1
18821, 18849, -1
18821, 1916, -1
18821, 3695, -1
18821, 12649, -1
12649, 7601, -1
12649, 9517, -1
12649, 5955, -1
12649, 779, -1
12649, 4810, -1
12649, 3685, -1
12649, 18849, -1
12649, 1916, -1
12649, 3695, -1
12649, 18821, -1

9517, 5955, 1
5955, 9517, 1
779, 4810, 1
4810, 779, 1
7601, 9517, -1
7601, 5955, -1
7601, 779, -1
7601, 4810, -1
7601, 3685, -1
7601, 18849, -1
7601, 1916, -1
7601, 3695, -1
7601, 18821, -1
7601, 12649, -1
7601, 16621, -1
9517, 7601, -1
5955, 7601, -1
9517, 779, -1
9517, 4810, -1
5955, 779, -1
5955, 4810, -1
9517, 3685, -1
5955, 3685, -1
9517, 18849, -1
5955, 18849, -1
9517, 1916, -1
5955, 1916, -1
9517, 3695, -1
5955, 3695, -1
9517, 18821, -1
5955, 18821, -1
9517, 12649, -1
5955, 12649, -1
9517, 16621, -1
5955, 16621, -1
779, 7601, -1
4810, 7601, -1
779, 9517, -1
779, 5955, -1
4810, 9517, -1
4810, 5955, -1
779, 3685, -1
4810, 3685, -1
779, 18849, -1
4810, 18849, -1
779, 1916, -1
4810, 1916, -1
779, 3695, -1
4810, 3695, -1
779, 18821, -1
4810, 18821, -1
779, 12649, -1
4810, 12649, -1
779, 16621, -1
4810, 16621, -1
3685, 7601, -1
3685, 9517, -1
3685, 5955, -1
3685, 779, -1
3685, 4810, -1
3685, 18849, -1
3685, 1916, -1
3685, 3695, -1
3685, 18821, -1
3685, 12649, -1
3685, 16621, -1
18849, 7601, -1
18849, 9517, -1
18849, 5955, -1
18849, 779, -1
18849, 4810, -1
18849, 3685, -1
18849, 1916, -1
18849, 3695, -1
18849, 18821, -1
18849, 12649, -1
18849, 16621, -1
1916, 7601, -1
1916, 9517, -1
1916, 5955, -1
1916, 779, -1
1916, 4810, -1
1916, 3685, -1
1916, 18849, -1
1916, 3695, -1
1916, 18821, -1
1916, 12649, -1
1916, 16621, -1
3695, 7601, -1
3695, 9517, -1
3695, 5955, -1
3695, 779, -1
3695, 4810, -1
3695, 3685, -1
3695, 18849, -1
3695, 1916, -1
3695, 18821, -1
3695, 12649, -1
3695, 16621, -1
18821, 7601, -1
18821, 9517, -1
18821, 5955, -1
18821, 779, -1
18821, 4810, -1
18821, 3685, -1
18821, 18849, -1
18821, 1916, -1
18821, 3695, -1
18821, 12649, -1
18821, 16621, -1
12649, 7601, -1
12649, 9517, -1
12649, 5955, -1
12649, 779, -1
12649, 4810, -1
12649, 3685, -1
12649, 18849, -1
12649, 1916, -1
12649, 3695, -1
12649, 18821, -1
12649, 16621, -1
16621, 7601, -1
16621, 9517, -1
16621, 5955, -1
16621, 779, -1
16621, 4810, -1
16621, 3685, -1
16621, 18849, -1
16621, 1916, -1
16621, 3695, -1
16621, 18821, -1
16621, 12649, -1

9517, 5955, 1
5955, 9517, 1
779, 4810, 1
4810, 779, 1
7601, 9517, -1
7601, 5955, -1
7601, 779, -1
7601, 4810, -1
7601, 3685, -1
7601, 18849, -1
7601, 1916, -1
7601, 3695, -1
7601, 18821, -1
7601, 12649, -1
7601, 16621, -1
7601, 2441, -1
9517, 7601, -1
5955, 7601, -1
9517, 779, -1
9517, 4810, -1
5955, 779, -1
5955, 4810, -1
9517, 3685, -1
5955, 3685, -1
9517, 18849, -1
5955, 18849, -1
9517, 1916, -1
5955, 1916, -1
9517, 3695, -1
5955, 3695, -1
9517, 18821, -1
5955, 18821, -1
9517, 12649, -1
5955, 12649, -1
9517, 16621, -1
5955, 16621, -1
9517, 2441, -1
5955, 2441, -1
779, 7601, -1
4810, 7601, -1
779, 9517, -1
779, 5955, -1
4810, 9517, -1
4810, 5955, -1
779, 3685, -1
4810, 3685, -1
779, 18849, -1
4810, 18849, -1
779, 1916, -1
4810, 1916, -1
779, 3695, -1
4810, 3695, -1
779, 18821, -1
4810, 18821, -1
779, 12649, -1
4810, 12649, -1
779, 16621, -1
4810, 16621, -1
779, 2441, -1
4810, 2441, -1
3685, 7601, -1
3685, 9517, -1
3685, 5955, -1
3685, 779, -1
3685, 4810, -1
3685, 18849, -1
3685, 1916, -1
3685, 3695, -1
3685, 18821, -1
3685, 12649, -1
3685, 16621, -1
3685, 2441, -1
18849, 7601, -1
18849, 9517, -1
18849, 5955, -1
18849, 779, -1
18849, 4810, -1
18849, 3685, -1
18849, 1916, -1
18849, 3695, -1
18849, 18821, -1
18849, 12649, -1
18849, 16621, -1
18849, 2441, -1
1916, 7601, -1
1916, 9517, -1
1916, 5955, -1
1916, 779, -1
1916, 4810, -1
1916, 3685, -1
1916, 18849, -1
1916, 3695, -1
1916, 18821, -1
1916, 12649, -1
1916, 16621, -1
1916, 2441, -1
3695, 7601, -1
3695, 9517, -1
3695, 5955, -1
3695, 779, -1
3695, 4810, -1
3695, 3685, -1
3695, 18849, -1
3695, 1916, -1
3695, 18821, -1
3695, 12649, -1
3695, 16621, -1
3695, 2441, -1
18821, 7601, -1
18821, 9517, -1
18821, 5955, -1
18821, 779, -1
18821, 4810, -1
18821, 3685, -1
18821, 18849, -1
18821, 1916, -1
18821, 3695, -1
18821, 12649, -1
18821, 16621, -1
18821, 2441, -1
12649, 7601, -1
12649, 9517, -1
12649, 5955, -1
12649, 779, -1
12649, 4810, -1
12649, 3685, -1
12649, 18849, -1
12649, 1916, -1
12649, 3695, -1
12649, 18821, -1
12649, 16621, -1
12649, 2441, -1
16621, 7601, -1
16621, 9517, -1
16621, 5955, -1
16621, 779, -1
16621, 4810, -1
16621, 3685, -1
16621, 18849, -1
16621, 1916, -1
16621, 3695, -1
16621, 18821, -1
16621, 12649, -1
16621, 2441, -1
2441, 7601, -1
2441, 9517, -1
2441, 5955, -1
2441, 779, -1
2441, 4810, -1
2441, 3685, -1
2441, 18849, -1
2441, 1916, -1
2441, 3695, -1
2441, 18821, -1
2441, 12649, -1
2441, 16621, -1

9517, 5955, 1
5955, 9517, 1
779, 4810, 1
4810, 779, 1
7601, 9517, -1
7601, 5955, -1
7601, 779, -1
7601, 4810, -1
7601, 3685, -1
7601, 18849, -1
7601, 1916, -1
7601, 3695, -1
7601, 18821, -1
7601, 12649, -1
7601, 16621, -1
7601, 2441, -1
9517, 7601, -1
5955, 7601, -1
9517, 779, -1
9517, 4810, -1
5955, 779, -1
5955, 4810, -1
9517, 3685, -1
5955, 3685, -1
9517, 18849, -1
5955, 18849, -1
9517, 1916, -1
5955, 1916, -1
9517, 3695, -1
5955, 3695, -1
9517, 18821, -1
5955, 18821, -1
9517, 12649, -1
5955, 12649, -1
9517, 16621, -1
5955, 16621, -1
9517, 2441, -1
5955, 2441, -1
779, 7601, -1
4810, 7601, -1
779, 9517, -1
779, 5955, -1
4810, 9517, -1
4810, 5955, -1
779, 3685, -1
4810, 3685, -1
779, 18849, -1
4810, 18849, -1
779, 1916, -1
4810, 1916, -1
779, 3695, -1
4810, 3695, -1
779, 18821, -1
4810, 18821, -1
779, 12649, -1
4810, 12649, -1
779, 16621, -1
4810, 16621, -1
779, 2441, -1
4810, 2441, -1
3685, 7601, -1
3685, 9517, -1
3685, 5955, -1
3685, 779, -1
3685, 4810, -1
3685, 18849, -1
3685, 1916, -1
3685, 3695, -1
3685, 18821, -1
3685, 12649, -1
3685, 16621, -1
3685, 2441, -1
18849, 7601, -1
18849, 9517, -1
18849, 5955, -1
18849, 779, -1
18849, 4810, -1
18849, 3685, -1
18849, 1916, -1
18849, 3695, -1
18849, 18821, -1
18849, 12649, -1
18849, 16621, -1
18849, 2441, -1
1916, 7601, -1
1916, 9517, -1
1916, 5955, -1
1916, 779, -1
1916, 4810, -1
1916, 3685, -1
1916, 18849, -1
1916, 3695, -1
1916, 18821, -1
1916, 12649, -1
1916, 16621, -1
1916, 2441, -1
3695, 7601, -1
3695, 9517, -1
3695, 5955, -1
3695, 779, -1
3695, 4810, -1
3695, 3685, -1
3695, 18849, -1
3695, 1916, -1
3695, 18821, -1
3695, 12649, -1
3695, 16621, -1
3695, 2441, -1
18821, 7601, -1
18821, 9517, -1
18821, 5955, -1
18821, 779, -1
18821, 4810, -1
18821, 3685, -1
18821, 18849, -1
18821, 1916, -1
18821, 3695, -1
18821, 12649, -1
18821, 16621, -1
18821, 2441, -1
12649, 7601, -1
12649, 9517, -1
12649, 5955, -1
12649, 779, -1
12649, 4810, -1
12649, 3685, -1
12649, 18849, -1
12649, 1916, -1
12649, 3695, -1
12649, 18821, -1
12649, 16621, -1
12649, 2441, -1
16621, 7601, -1
16621, 9517, -1
16621, 5955, -1
16621, 779, -1
16621, 4810, -1
16621, 3685, -1
16621, 18849, -1
16621, 1916, -1
16621, 3695, -1
16621, 18821, -1
16621, 12649, -1
16621, 2441, -1
2441, 7601, -1
2441, 9517, -1
2441, 5955, -1
2441, 779, -1
2441, 4810, -1
2441, 3685, -1
2441, 18849, -1
2441, 1916, -1
2441, 3695, -1
2441, 18821, -1
2441, 12649, -1
2441, 16621, -1

9517, 5955, 1
5955, 9517, 1
779, 4810, 1
4810, 779, 1
7601, 9517, -1
7601, 5955, -1
7601, 779, -1
7601, 4810, -1
7601, 3685, -1
7601, 18849, -1
7601, 1916, -1
7601, 3695, -1
7601, 18821, -1
7601, 12649, -1
7601, 16621, -1
7601, 2441, -1
9517, 7601, -1
5955, 7601, -1
9517, 779, -1
9517, 4810, -1
5955, 779, -1
5955, 4810, -1
9517, 3685, -1
5955, 3685, -1
9517, 18849, -1
5955, 18849, -1
9517, 1916, -1
5955, 1916, -1
9517, 3695, -1
5955, 3695, -1
9517, 18821, -1
5955, 18821, -1
9517, 12649, -1
5955, 12649, -1
9517, 16621, -1
5955, 16621, -1
9517, 2441, -1
5955, 2441, -1
779, 7601, -1
4810, 7601, -1
779, 9517, -1
779, 5955, -1
4810, 9517, -1
4810, 5955, -1
779, 3685, -1
4810, 3685, -1
779, 18849, -1
4810, 18849, -1
779, 1916, -1
4810, 1916, -1
779, 3695, -1
4810, 3695, -1
779, 18821, -1
4810, 18821, -1
779, 12649, -1
4810, 12649, -1
779, 16621, -1
4810, 16621, -1
779, 2441, -1
4810, 2441, -1
3685, 7601, -1
3685, 9517, -1
3685, 5955, -1
3685, 779, -1
3685, 4810, -1
3685, 18849, -1
3685, 1916, -1
3685, 3695, -1
3685, 18821, -1
3685, 12649, -1
3685, 16621, -1
3685, 2441, -1
18849, 7601, -1
18849, 9517, -1
18849, 5955, -1
18849, 779, -1
18849, 4810, -1
18849, 3685, -1
18849, 1916, -1
18849, 3695, -1
18849, 18821, -1
18849, 12649, -1
18849, 16621, -1
18849, 2441, -1
1916, 7601, -1
1916, 9517, -1
1916, 5955, -1
1916, 779, -1
1916, 4810, -1
1916, 3685, -1
1916, 18849, -1
1916, 3695, -1
1916, 18821, -1
1916, 12649, -1
1916, 16621, -1
1916, 2441, -1
3695, 7601, -1
3695, 9517, -1
3695, 5955, -1
3695, 779, -1
3695, 4810, -1
3695, 3685, -1
3695, 18849, -1
3695, 1916, -1
3695, 18821, -1
3695, 12649, -1
3695, 16621, -1
3695, 2441, -1
18821, 7601, -1
18821, 9517, -1
18821, 5955, -1
18821, 779, -1
18821, 4810, -1
18821, 3685, -1
18821, 18849, -1
18821, 1916, -1
18821, 3695, -1
18821, 12649, -1
18821, 16621, -1
18821, 2441, -1
12649, 7601, -1
12649, 9517, -1
12649, 5955, -1
12649, 779, -1
12649, 4810, -1
12649, 3685, -1
12649, 18849, -1
12649, 1916, -1
12649, 3695, -1
12649, 18821, -1
12649, 16621, -1
12649, 2441, -1
16621, 7601, -1
16621, 9517, -1
16621, 5955, -1
16621, 779, -1
16621, 4810, -1
16621, 3685, -1
16621, 18849, -1
16621, 1916, -1
16621, 3695, -1
16621, 18821, -1
16621, 12649, -1
16621, 2441, -1
2441, 7601, -1
2441, 9517, -1
2441, 5955, -1
2441, 779, -1
2441, 4810, -1
2441, 3685, -1
2441, 18849, -1
2441, 1916, -1
2441, 3695, -1
2441, 18821, -1
2441, 12649, -1
2441, 16621, -1

9517, 5955, 1
5955, 9517, 1
779, 4810, 1
4810, 779, 1
7601, 9517, -1
7601, 5955, -1
7601, 779, -1
7601, 4810, -1
7601, 3685, -1
7601, 18849, -1
7601, 1916, -1
7601, 3695, -1
7601, 18821, -1
7601, 12649, -1
7601, 16621, -1
7601, 2441, -1
9517, 7601, -1
5955, 7601, -1
9517, 779, -1
9517, 4810, -1
5955, 779, -1
5955, 4810, -1
9517, 3685, -1
5955, 3685, -1
9517, 18849, -1
5955, 18849, -1
9517, 1916, -1
5955, 1916, -1
9517, 3695, -1
5955, 3695, -1
9517, 18821, -1
5955, 18821, -1
9517, 12649, -1
5955, 12649, -1
9517, 16621, -1
5955, 16621, -1
9517, 2441, -1
5955, 2441, -1
779, 7601, -1
4810, 7601, -1
779, 9517, -1
779, 5955, -1
4810, 9517, -1
4810, 5955, -1
779, 3685, -1
4810, 3685, -1
779, 18849, -1
4810, 18849, -1
779, 1916, -1
4810, 1916, -1
779, 3695, -1
4810, 3695, -1
779, 18821, -1
4810, 18821, -1
779, 12649, -1
4810, 12649, -1
779, 16621, -1
4810, 16621, -1
779, 2441, -1
4810, 2441, -1
3685, 7601, -1
3685, 9517, -1
3685, 5955, -1
3685, 779, -1
3685, 4810, -1
3685, 18849, -1
3685, 1916, -1
3685, 3695, -1
3685, 18821, -1
3685, 12649, -1
3685, 16621, -1
3685, 2441, -1
18849, 7601, -1
18849, 9517, -1
18849, 5955, -1
18849, 779, -1
18849, 4810, -1
18849, 3685, -1
18849, 1916, -1
18849, 3695, -1
18849, 18821, -1
18849, 12649, -1
18849, 16621, -1
18849, 2441, -1
1916, 7601, -1
1916, 9517, -1
1916, 5955, -1
1916, 779, -1
1916, 4810, -1
1916, 3685, -1
1916, 18849, -1
1916, 3695, -1
1916, 18821, -1
1916, 12649, -1
1916, 16621, -1
1916, 2441, -1
3695, 7601, -1
3695, 9517, -1
3695, 5955, -1
3695, 779, -1
3695, 4810, -1
3695, 3685, -1
3695, 18849, -1
3695, 1916, -1
3695, 18821, -1
3695, 12649, -1
3695, 16621, -1
3695, 2441, -1
18821, 7601, -1
18821, 9517, -1
18821, 5955, -1
18821, 779, -1
18821, 4810, -1
18821, 3685, -1
18821, 18849, -1
18821, 1916, -1
18821, 3695, -1
18821, 12649, -1
18821, 16621, -1
18821, 2441, -1
12649, 7601, -1
12649, 9517, -1
12649, 5955, -1
12649, 779, -1
12649, 4810, -1
12649, 3685, -1
12649, 18849, -1
12649, 1916, -1
12649, 3695, -1
12649, 18821, -1
12649, 16621, -1
12649, 2441, -1
16621, 7601, -1
16621, 9517, -1
16621, 5955, -1
16621, 779, -1
16621, 4810, -1
16621, 3685, -1
16621, 18849, -1
16621, 1916, -1
16621, 3695, -1
16621, 18821, -1
16621, 12649, -1
16621, 2441, -1
2441, 7601, -1
2441, 9517, -1
2441, 5955, -1
2441, 779, -1
2441, 4810, -1
2441, 3685, -1
2441, 18849, -1
2441, 1916, -1
2441, 3695, -1
2441, 18821, -1
2441, 12649, -1
2441, 16621, -1

