11842, 5955, 1
5955, 11842, 1
17412, 11842, -1
17412, 5955, -1
17412, 6812, -1
17412, 16154, -1
11842, 17412, -1
5955, 17412, -1
11842, 6812, -1
5955, 6812, -1
11842, 16154, -1
5955, 16154, -1
6812, 17412, -1
6812, 11842, -1
6812, 5955, -1
6812, 16154, -1
16154, 17412, -1
16154, 11842, -1
16154, 5955, -1
16154, 6812, -1

11842, 5955, 1
5955, 11842, 1
17412, 11842, -1
17412, 5955, -1
17412, 6812, -1
17412, 16154, -1
17412, 1916, -1
17412, 15051, -1
11842, 17412, -1
5955, 17412, -1
11842, 6812, -1
5955, 6812, -1
11842, 16154, -1
5955, 16154, -1
11842, 1916, -1
5955, 1916, -1
11842, 15051, -1
5955, 15051, -1
6812, 17412, -1
6812, 11842, -1
6812, 5955, -1
6812, 16154, -1
6812, 1916, -1
6812, 15051, -1
16154, 17412, -1
16154, 11842, -1
16154, 5955, -1
16154, 6812, -1
16154, 1916, -1
16154, 15051, -1
1916, 17412, -1
1916, 11842, -1
1916, 5955, -1
1916, 6812, -1
1916, 16154, -1
1916, 15051, -1
15051, 17412, -1
15051, 11842, -1
15051, 5955, -1
15051, 6812, -1
15051, 16154, -1
15051, 1916, -1

11842, 5955, 1
5955, 11842, 1
17412, 11842, -1
17412, 5955, -1
17412, 6812, -1
17412, 16154, -1
17412, 1916, -1
17412, 15051, -1
17412, 17218, -1
11842, 17412, -1
5955, 17412, -1
11842, 6812, -1
5955, 6812, -1
11842, 16154, -1
5955, 16154, -1
11842, 1916, -1
5955, 1916, -1
11842, 15051, -1
5955, 15051, -1
11842, 17218, -1
5955, 17218, -1
6812, 17412, -1
6812, 11842, -1
6812, 5955, -1
6812, 16154, -1
6812, 1916, -1
6812, 15051, -1
6812, 17218, -1
16154, 17412, -1
16154, 11842, -1
16154, 5955, -1
16154, 6812, -1
16154, 1916, -1
16154, 15051, -1
16154, 17218, -1
1916, 17412, -1
1916, 11842, -1
1916, 5955, -1
1916, 6812, -1
1916, 16154, -1
1916, 15051, -1
1916, 17218, -1
15051, 17412, -1
15051, 11842, -1
15051, 5955, -1
15051, 6812, -1
15051, 16154, -1
15051, 1916, -1
15051, 17218, -1
17218, 17412, -1
17218, 11842, -1
17218, 5955, -1
17218, 6812, -1
17218, 16154, -1
17218, 1916, -1
17218, 15051, -1

11842, 5955, 1
5955, 11842, 1
17412, 11842, -1
17412, 5955, -1
17412, 6812, -1
17412, 16154, -1
17412, 1916, -1
17412, 15051, -1
17412, 17218, -1
17412, 5729, -1
11842, 17412, -1
5955, 17412, -1
11842, 6812, -1
5955, 6812, -1
11842, 16154, -1
5955, 16154, -1
11842, 1916, -1
5955, 1916, -1
11842, 15051, -1
5955, 15051, -1
11842, 17218, -1
5955, 17218, -1
11842, 5729, -1
5955, 5729, -1
6812, 17412, -1
6812, 11842, -1
6812, 5955, -1
6812, 16154, -1
6812, 1916, -1
6812, 15051, -1
6812, 17218, -1
6812, 5729, -1
16154, 17412, -1
16154, 11842, -1
16154, 5955, -1
16154, 6812, -1
16154, 1916, -1
16154, 15051, -1
16154, 17218, -1
16154, 5729, -1
1916, 17412, -1
1916, 11842, -1
1916, 5955, -1
1916, 6812, -1
1916, 16154, -1
1916, 15051, -1
1916, 17218, -1
1916, 5729, -1
15051, 17412, -1
15051, 11842, -1
15051, 5955, -1
15051, 6812, -1
15051, 16154, -1
15051, 1916, -1
15051, 17218, -1
15051, 5729, -1
17218, 17412, -1
17218, 11842, -1
17218, 5955, -1
17218, 6812, -1
17218, 16154, -1
17218, 1916, -1
17218, 15051, -1
17218, 5729, -1
5729, 17412, -1
5729, 11842, -1
5729, 5955, -1
5729, 6812, -1
5729, 16154, -1
5729, 1916, -1
5729, 15051, -1
5729, 17218, -1

11842, 5955, 1
5955, 11842, 1
17412, 11842, -1
17412, 5955, -1
17412, 6812, -1
17412, 16154, -1
17412, 1916, -1
17412, 15051, -1
17412, 17218, -1
17412, 5729, -1
17412, 2441, -1
11842, 17412, -1
5955, 17412, -1
11842, 6812, -1
5955, 6812, -1
11842, 16154, -1
5955, 16154, -1
11842, 1916, -1
5955, 1916, -1
11842, 15051, -1
5955, 15051, -1
11842, 17218, -1
5955, 17218, -1
11842, 5729, -1
5955, 5729, -1
11842, 2441, -1
5955, 2441, -1
6812, 17412, -1
6812, 11842, -1
6812, 5955, -1
6812, 16154, -1
6812, 1916, -1
6812, 15051, -1
6812, 17218, -1
6812, 5729, -1
6812, 2441, -1
16154, 17412, -1
16154, 11842, -1
16154, 5955, -1
16154, 6812, -1
16154, 1916, -1
16154, 15051, -1
16154, 17218, -1
16154, 5729, -1
16154, 2441, -1
1916, 17412, -1
1916, 11842, -1
1916, 5955, -1
1916, 6812, -1
1916, 16154, -1
1916, 15051, -1
1916, 17218, -1
1916, 5729, -1
1916, 2441, -1
15051, 17412, -1
15051, 11842, -1
15051, 5955, -1
15051, 6812, -1
15051, 16154, -1
15051, 1916, -1
15051, 17218, -1
15051, 5729, -1
15051, 2441, -1
17218, 17412, -1
17218, 11842, -1
17218, 5955, -1
17218, 6812, -1
17218, 16154, -1
17218, 1916, -1
17218, 15051, -1
17218, 5729, -1
17218, 2441, -1
5729, 17412, -1
5729, 11842, -1
5729, 5955, -1
5729, 6812, -1
5729, 16154, -1
5729, 1916, -1
5729, 15051, -1
5729, 17218, -1
5729, 2441, -1
2441, 17412, -1
2441, 11842, -1
2441, 5955, -1
2441, 6812, -1
2441, 16154, -1
2441, 1916, -1
2441, 15051, -1
2441, 17218, -1
2441, 5729, -1

11842, 5955, 1
5955, 11842, 1
17412, 11842, -1
17412, 5955, -1
17412, 6812, -1
17412, 16154, -1
17412, 1916, -1
17412, 15051, -1
17412, 17218, -1
17412, 5729, -1
17412, 2441, -1
17412, 18821, -1
11842, 17412, -1
5955, 17412, -1
11842, 6812, -1
5955, 6812, -1
11842, 16154, -1
5955, 16154, -1
11842, 1916, -1
5955, 1916, -1
11842, 15051, -1
5955, 15051, -1
11842, 17218, -1
5955, 17218, -1
11842, 5729, -1
5955, 5729, -1
11842, 2441, -1
5955, 2441, -1
11842, 18821, -1
5955, 18821, -1
6812, 17412, -1
6812, 11842, -1
6812, 5955, -1
6812, 16154, -1
6812, 1916, -1
6812, 15051, -1
6812, 17218, -1
6812, 5729, -1
6812, 2441, -1
6812, 18821, -1
16154, 17412, -1
16154, 11842, -1
16154, 5955, -1
16154, 6812, -1
16154, 1916, -1
16154, 15051, -1
16154, 17218, -1
16154, 5729, -1
16154, 2441, -1
16154, 18821, -1
1916, 17412, -1
1916, 11842, -1
1916, 5955, -1
1916, 6812, -1
1916, 16154, -1
1916, 15051, -1
1916, 17218, -1
1916, 5729, -1
1916, 2441, -1
1916, 18821, -1
15051, 17412, -1
15051, 11842, -1
15051, 5955, -1
15051, 6812, -1
15051, 16154, -1
15051, 1916, -1
15051, 17218, -1
15051, 5729, -1
15051, 2441, -1
15051, 18821, -1
17218, 17412, -1
17218, 11842, -1
17218, 5955, -1
17218, 6812, -1
17218, 16154, -1
17218, 1916, -1
17218, 15051, -1
17218, 5729, -1
17218, 2441, -1
17218, 18821, -1
5729, 17412, -1
5729, 11842, -1
5729, 5955, -1
5729, 6812, -1
5729, 16154, -1
5729, 1916, -1
5729, 15051, -1
5729, 17218, -1
5729, 2441, -1
5729, 18821, -1
2441, 17412, -1
2441, 11842, -1
2441, 5955, -1
2441, 6812, -1
2441, 16154, -1
2441, 1916, -1
2441, 15051, -1
2441, 17218, -1
2441, 5729, -1
2441, 18821, -1
18821, 17412, -1
18821, 11842, -1
18821, 5955, -1
18821, 6812, -1
18821, 16154, -1
18821, 1916, -1
18821, 15051, -1
18821, 17218, -1
18821, 5729, -1
18821, 2441, -1

17412, 13839, 1
13839, 17412, 1
11842, 5955, 1
5955, 11842, 1
17218, 19947, 1
19947, 17218, 1
17412, 11842, -1
17412, 5955, -1
13839, 11842, -1
13839, 5955, -1
17412, 6812, -1
13839, 6812, -1
17412, 16154, -1
13839, 16154, -1
17412, 1916, -1
13839, 1916, -1
17412, 15051, -1
13839, 15051, -1
17412, 17218, -1
17412, 19947, -1
13839, 17218, -1
13839, 19947, -1
17412, 5729, -1
13839, 5729, -1
17412, 2441, -1
13839, 2441, -1
17412, 18821, -1
13839, 18821, -1
11842, 17412, -1
11842, 13839, -1
5955, 17412, -1
5955, 13839, -1
11842, 6812, -1
5955, 6812, -1
11842, 16154, -1
5955, 16154, -1
11842, 1916, -1
5955, 1916, -1
11842, 15051, -1
5955, 15051, -1
11842, 17218, -1
11842, 19947, -1
5955, 17218, -1
5955, 19947, -1
11842, 5729, -1
5955, 5729, -1
11842, 2441, -1
5955, 2441, -1
11842, 18821, -1
5955, 18821, -1
6812, 17412, -1
6812, 13839, -1
6812, 11842, -1
6812, 5955, -1
6812, 16154, -1
6812, 1916, -1
6812, 15051, -1
6812, 17218, -1
6812, 19947, -1
6812, 5729, -1
6812, 2441, -1
6812, 18821, -1
16154, 17412, -1
16154, 13839, -1
16154, 11842, -1
16154, 5955, -1
16154, 6812, -1
16154, 1916, -1
16154, 15051, -1
16154, 17218, -1
16154, 19947, -1
16154, 5729, -1
16154, 2441, -1
16154, 18821, -1
1916, 17412, -1
1916, 13839, -1
1916, 11842, -1
1916, 5955, -1
1916, 6812, -1
1916, 16154, -1
1916, 15051, -1
1916, 17218, -1
1916, 19947, -1
1916, 5729, -1
1916, 2441, -1
1916, 18821, -1
15051, 17412, -1
15051, 13839, -1
15051, 11842, -1
15051, 5955, -1
15051, 6812, -1
15051, 16154, -1
15051, 1916, -1
15051, 17218, -1
15051, 19947, -1
15051, 5729, -1
15051, 2441, -1
15051, 18821, -1
17218, 17412, -1
17218, 13839, -1
19947, 17412, -1
19947, 13839, -1
17218, 11842, -1
17218, 5955, -1
19947, 11842, -1
19947, 5955, -1
17218, 6812, -1
19947, 6812, -1
17218, 16154, -1
19947, 16154, -1
17218, 1916, -1
19947, 1916, -1
17218, 15051, -1
19947, 15051, -1
17218, 5729, -1
19947, 5729, -1
17218, 2441, -1
19947, 2441, -1
17218, 18821, -1
19947, 18821, -1
5729, 17412, -1
5729, 13839, -1
5729, 11842, -1
5729, 5955, -1
5729, 6812, -1
5729, 16154, -1
5729, 1916, -1
5729, 15051, -1
5729, 17218, -1
5729, 19947, -1
5729, 2441, -1
5729, 18821, -1
2441, 17412, -1
2441, 13839, -1
2441, 11842, -1
2441, 5955, -1
2441, 6812, -1
2441, 16154, -1
2441, 1916, -1
2441, 15051, -1
2441, 17218, -1
2441, 19947, -1
2441, 5729, -1
2441, 18821, -1
18821, 17412, -1
18821, 13839, -1
18821, 11842, -1
18821, 5955, -1
18821, 6812, -1
18821, 16154, -1
18821, 1916, -1
18821, 15051, -1
18821, 17218, -1
18821, 19947, -1
18821, 5729, -1
18821, 2441, -1

17412, 13839, 1
13839, 17412, 1
11842, 5955, 1
5955, 11842, 1
6812, 3685, 1
3685, 6812, 1
17218, 19947, 1
19947, 17218, 1
17412, 11842, -1
17412, 5955, -1
13839, 11842, -1
13839, 5955, -1
17412, 6812, -1
17412, 3685, -1
13839, 6812, -1
13839, 3685, -1
17412, 16154, -1
13839, 16154, -1
17412, 1916, -1
13839, 1916, -1
17412, 15051, -1
13839, 15051, -1
17412, 17218, -1
17412, 19947, -1
13839, 17218, -1
13839, 19947, -1
17412, 5729, -1
13839, 5729, -1
17412, 2441, -1
13839, 2441, -1
17412, 18821, -1
13839, 18821, -1
11842, 17412, -1
11842, 13839, -1
5955, 17412, -1
5955, 13839, -1
11842, 6812, -1
11842, 3685, -1
5955, 6812, -1
5955, 3685, -1
11842, 16154, -1
5955, 16154, -1
11842, 1916, -1
5955, 1916, -1
11842, 15051, -1
5955, 15051, -1
11842, 17218, -1
11842, 19947, -1
5955, 17218, -1
5955, 19947, -1
11842, 5729, -1
5955, 5729, -1
11842, 2441, -1
5955, 2441, -1
11842, 18821, -1
5955, 18821, -1
6812, 17412, -1
6812, 13839, -1
3685, 17412, -1
3685, 13839, -1
6812, 11842, -1
6812, 5955, -1
3685, 11842, -1
3685, 5955, -1
6812, 16154, -1
3685, 16154, -1
6812, 1916, -1
3685, 1916, -1
6812, 15051, -1
3685, 15051, -1
6812, 17218, -1
6812, 19947, -1
3685, 17218, -1
3685, 19947, -1
6812, 5729, -1
3685, 5729, -1
6812, 2441, -1
3685, 2441, -1
6812, 18821, -1
3685, 18821, -1
16154, 17412, -1
16154, 13839, -1
16154, 11842, -1
16154, 5955, -1
16154, 6812, -1
16154, 3685, -1
16154, 1916, -1
16154, 15051, -1
16154, 17218, -1
16154, 19947, -1
16154, 5729, -1
16154, 2441, -1
16154, 18821, -1
1916, 17412, -1
1916, 13839, -1
1916, 11842, -1
1916, 5955, -1
1916, 6812, -1
1916, 3685, -1
1916, 16154, -1
1916, 15051, -1
1916, 17218, -1
1916, 19947, -1
1916, 5729, -1
1916, 2441, -1
1916, 18821, -1
15051, 17412, -1
15051, 13839, -1
15051, 11842, -1
15051, 5955, -1
15051, 6812, -1
15051, 3685, -1
15051, 16154, -1
15051, 1916, -1
15051, 17218, -1
15051, 19947, -1
15051, 5729, -1
15051, 2441, -1
15051, 18821, -1
17218, 17412, -1
17218, 13839, -1
19947, 17412, -1
19947, 13839, -1
17218, 11842, -1
17218, 5955, -1
19947, 11842, -1
19947, 5955, -1
17218, 6812, -1
17218, 3685, -1
19947, 6812, -1
19947, 3685, -1
17218, 16154, -1
19947, 16154, -1
17218, 1916, -1
19947, 1916, -1
17218, 15051, -1
19947, 15051, -1
17218, 5729, -1
19947, 5729, -1
17218, 2441, -1
19947, 2441, -1
17218, 18821, -1
19947, 18821, -1
5729, 17412, -1
5729, 13839, -1
5729, 11842, -1
5729, 5955, -1
5729, 6812, -1
5729, 3685, -1
5729, 16154, -1
5729, 1916, -1
5729, 15051, -1
5729, 17218, -1
5729, 19947, -1
5729, 2441, -1
5729, 18821, -1
2441, 17412, -1
2441, 13839, -1
2441, 11842, -1
2441, 5955, -1
2441, 6812, -1
2441, 3685, -1
2441, 16154, -1
2441, 1916, -1
2441, 15051, -1
2441, 17218, -1
2441, 19947, -1
2441, 5729, -1
2441, 18821, -1
18821, 17412, -1
18821, 13839, -1
18821, 11842, -1
18821, 5955, -1
18821, 6812, -1
18821, 3685, -1
18821, 16154, -1
18821, 1916, -1
18821, 15051, -1
18821, 17218, -1
18821, 19947, -1
18821, 5729, -1
18821, 2441, -1

17412, 13839, 1
13839, 17412, 1
11842, 5955, 1
5955, 11842, 1
6812, 3685, 1
3685, 6812, 1
17218, 19947, 1
19947, 17218, 1
17412, 11842, -1
17412, 5955, -1
13839, 11842, -1
13839, 5955, -1
17412, 6812, -1
17412, 3685, -1
13839, 6812, -1
13839, 3685, -1
17412, 16154, -1
13839, 16154, -1
17412, 1916, -1
13839, 1916, -1
17412, 15051, -1
13839, 15051, -1
17412, 17218, -1
17412, 19947, -1
13839, 17218, -1
13839, 19947, -1
17412, 5729, -1
13839, 5729, -1
17412, 2441, -1
13839, 2441, -1
17412, 18821, -1
13839, 18821, -1
17412, 132, -1
13839, 132, -1
11842, 17412, -1
11842, 13839, -1
5955, 17412, -1
5955, 13839, -1
11842, 6812, -1
11842, 3685, -1
5955, 6812, -1
5955, 3685, -1
11842, 16154, -1
5955, 16154, -1
11842, 1916, -1
5955, 1916, -1
11842, 15051, -1
5955, 15051, -1
11842, 17218, -1
11842, 19947, -1
5955, 17218, -1
5955, 19947, -1
11842, 5729, -1
5955, 5729, -1
11842, 2441, -1
5955, 2441, -1
11842, 18821, -1
5955, 18821, -1
11842, 132, -1
5955, 132, -1
6812, 17412, -1
6812, 13839, -1
3685, 17412, -1
3685, 13839, -1
6812, 11842, -1
6812, 5955, -1
3685, 11842, -1
3685, 5955, -1
6812, 16154, -1
3685, 16154, -1
6812, 1916, -1
3685, 1916, -1
6812, 15051, -1
3685, 15051, -1
6812, 17218, -1
6812, 19947, -1
3685, 17218, -1
3685, 19947, -1
6812, 5729, -1
3685, 5729, -1
6812, 2441, -1
3685, 2441, -1
6812, 18821, -1
3685, 18821, -1
6812, 132, -1
3685, 132, -1
16154, 17412, -1
16154, 13839, -1
16154, 11842, -1
16154, 5955, -1
16154, 6812, -1
16154, 3685, -1
16154, 1916, -1
16154, 15051, -1
16154, 17218, -1
16154, 19947, -1
16154, 5729, -1
16154, 2441, -1
16154, 18821, -1
16154, 132, -1
1916, 17412, -1
1916, 13839, -1
1916, 11842, -1
1916, 5955, -1
1916, 6812, -1
1916, 3685, -1
1916, 16154, -1
1916, 15051, -1
1916, 17218, -1
1916, 19947, -1
1916, 5729, -1
1916, 2441, -1
1916, 18821, -1
1916, 132, -1
15051, 17412, -1
15051, 13839, -1
15051, 11842, -1
15051, 5955, -1
15051, 6812, -1
15051, 3685, -1
15051, 16154, -1
15051, 1916, -1
15051, 17218, -1
15051, 19947, -1
15051, 5729, -1
15051, 2441, -1
15051, 18821, -1
15051, 132, -1
17218, 17412, -1
17218, 13839, -1
19947, 17412, -1
19947, 13839, -1
17218, 11842, -1
17218, 5955, -1
19947, 11842, -1
19947, 5955, -1
17218, 6812, -1
17218, 3685, -1
19947, 6812, -1
19947, 3685, -1
17218, 16154, -1
19947, 16154, -1
17218, 1916, -1
19947, 1916, -1
17218, 15051, -1
19947, 15051, -1
17218, 5729, -1
19947, 5729, -1
17218, 2441, -1
19947, 2441, -1
17218, 18821, -1
19947, 18821, -1
17218, 132, -1
19947, 132, -1
5729, 17412, -1
5729, 13839, -1
5729, 11842, -1
5729, 5955, -1
5729, 6812, -1
5729, 3685, -1
5729, 16154, -1
5729, 1916, -1
5729, 15051, -1
5729, 17218, -1
5729, 19947, -1
5729, 2441, -1
5729, 18821, -1
5729, 132, -1
2441, 17412, -1
2441, 13839, -1
2441, 11842, -1
2441, 5955, -1
2441, 6812, -1
2441, 3685, -1
2441, 16154, -1
2441, 1916, -1
2441, 15051, -1
2441, 17218, -1
2441, 19947, -1
2441, 5729, -1
2441, 18821, -1
2441, 132, -1
18821, 17412, -1
18821, 13839, -1
18821, 11842, -1
18821, 5955, -1
18821, 6812, -1
18821, 3685, -1
18821, 16154, -1
18821, 1916, -1
18821, 15051, -1
18821, 17218, -1
18821, 19947, -1
18821, 5729, -1
18821, 2441, -1
18821, 132, -1
132, 17412, -1
132, 13839, -1
132, 11842, -1
132, 5955, -1
132, 6812, -1
132, 3685, -1
132, 16154, -1
132, 1916, -1
132, 15051, -1
132, 17218, -1
132, 19947, -1
132, 5729, -1
132, 2441, -1
132, 18821, -1

17412, 13839, 1
13839, 17412, 1
11842, 5955, 1
5955, 11842, 1
6812, 3685, 1
3685, 6812, 1
1916, 12276, 1
12276, 1916, 1
17218, 19947, 1
19947, 17218, 1
17412, 11842, -1
17412, 5955, -1
13839, 11842, -1
13839, 5955, -1
17412, 6812, -1
17412, 3685, -1
13839, 6812, -1
13839, 3685, -1
17412, 16154, -1
13839, 16154, -1
17412, 1916, -1
17412, 12276, -1
13839, 1916, -1
13839, 12276, -1
17412, 15051, -1
13839, 15051, -1
17412, 17218, -1
17412, 19947, -1
13839, 17218, -1
13839, 19947, -1
17412, 5729, -1
13839, 5729, -1
17412, 2441, -1
13839, 2441, -1
17412, 18821, -1
13839, 18821, -1
17412, 132, -1
13839, 132, -1
11842, 17412, -1
11842, 13839, -1
5955, 17412, -1
5955, 13839, -1
11842, 6812, -1
11842, 3685, -1
5955, 6812, -1
5955, 3685, -1
11842, 16154, -1
5955, 16154, -1
11842, 1916, -1
11842, 12276, -1
5955, 1916, -1
5955, 12276, -1
11842, 15051, -1
5955, 15051, -1
11842, 17218, -1
11842, 19947, -1
5955, 17218, -1
5955, 19947, -1
11842, 5729, -1
5955, 5729, -1
11842, 2441, -1
5955, 2441, -1
11842, 18821, -1
5955, 18821, -1
11842, 132, -1
5955, 132, -1
6812, 17412, -1
6812, 13839, -1
3685, 17412, -1
3685, 13839, -1
6812, 11842, -1
6812, 5955, -1
3685, 11842, -1
3685, 5955, -1
6812, 16154, -1
3685, 16154, -1
6812, 1916, -1
6812, 12276, -1
3685, 1916, -1
3685, 12276, -1
6812, 15051, -1
3685, 15051, -1
6812, 17218, -1
6812, 19947, -1
3685, 17218, -1
3685, 19947, -1
6812, 5729, -1
3685, 5729, -1
6812, 2441, -1
3685, 2441, -1
6812, 18821, -1
3685, 18821, -1
6812, 132, -1
3685, 132, -1
16154, 17412, -1
16154, 13839, -1
16154, 11842, -1
16154, 5955, -1
16154, 6812, -1
16154, 3685, -1
16154, 1916, -1
16154, 12276, -1
16154, 15051, -1
16154, 17218, -1
16154, 19947, -1
16154, 5729, -1
16154, 2441, -1
16154, 18821, -1
16154, 132, -1
1916, 17412, -1
1916, 13839, -1
12276, 17412, -1
12276, 13839, -1
1916, 11842, -1
1916, 5955, -1
12276, 11842, -1
12276, 5955, -1
1916, 6812, -1
1916, 3685, -1
12276, 6812, -1
12276, 3685, -1
1916, 16154, -1
12276, 16154, -1
1916, 15051, -1
12276, 15051, -1
1916, 17218, -1
1916, 19947, -1
12276, 17218, -1
12276, 19947, -1
1916, 5729, -1
12276, 5729, -1
1916, 2441, -1
12276, 2441, -1
1916, 18821, -1
12276, 18821, -1
1916, 132, -1
12276, 132, -1
15051, 17412, -1
15051, 13839, -1
15051, 11842, -1
15051, 5955, -1
15051, 6812, -1
15051, 3685, -1
15051, 16154, -1
15051, 1916, -1
15051, 12276, -1
15051, 17218, -1
15051, 19947, -1
15051, 5729, -1
15051, 2441, -1
15051, 18821, -1
15051, 132, -1
17218, 17412, -1
17218, 13839, -1
19947, 17412, -1
19947, 13839, -1
17218, 11842, -1
17218, 5955, -1
19947, 11842, -1
19947, 5955, -1
17218, 6812, -1
17218, 3685, -1
19947, 6812, -1
19947, 3685, -1
17218, 16154, -1
19947, 16154, -1
17218, 1916, -1
17218, 12276, -1
19947, 1916, -1
19947, 12276, -1
17218, 15051, -1
19947, 15051, -1
17218, 5729, -1
19947, 5729, -1
17218, 2441, -1
19947, 2441, -1
17218, 18821, -1
19947, 18821, -1
17218, 132, -1
19947, 132, -1
5729, 17412, -1
5729, 13839, -1
5729, 11842, -1
5729, 5955, -1
5729, 6812, -1
5729, 3685, -1
5729, 16154, -1
5729, 1916, -1
5729, 12276, -1
5729, 15051, -1
5729, 17218, -1
5729, 19947, -1
5729, 2441, -1
5729, 18821, -1
5729, 132, -1
2441, 17412, -1
2441, 13839, -1
2441, 11842, -1
2441, 5955, -1
2441, 6812, -1
2441, 3685, -1
2441, 16154, -1
2441, 1916, -1
2441, 12276, -1
2441, 15051, -1
2441, 17218, -1
2441, 19947, -1
2441, 5729, -1
2441, 18821, -1
2441, 132, -1
18821, 17412, -1
18821, 13839, -1
18821, 11842, -1
18821, 5955, -1
18821, 6812, -1
18821, 3685, -1
18821, 16154, -1
18821, 1916, -1
18821, 12276, -1
18821, 15051, -1
18821, 17218, -1
18821, 19947, -1
18821, 5729, -1
18821, 2441, -1
18821, 132, -1
132, 17412, -1
132, 13839, -1
132, 11842, -1
132, 5955, -1
132, 6812, -1
132, 3685, -1
132, 16154, -1
132, 1916, -1
132, 12276, -1
132, 15051, -1
132, 17218, -1
132, 19947, -1
132, 5729, -1
132, 2441, -1
132, 18821, -1

