18073, 6812, -1
18073, 9625, -1
18073, 9517, -1
18073, 10490, -1
6812, 18073, -1
6812, 9625, -1
6812, 9517, -1
6812, 10490, -1
9625, 18073, -1
9625, 6812, -1
9625, 9517, -1
9625, 10490, -1
9517, 18073, -1
9517, 6812, -1
9517, 9625, -1
9517, 10490, -1
10490, 18073, -1
10490, 6812, -1
10490, 9625, -1
10490, 9517, -1

18073, 6812, -1
18073, 9625, -1
18073, 9517, -1
18073, 10490, -1
18073, 14528, -1
6812, 18073, -1
6812, 9625, -1
6812, 9517, -1
6812, 10490, -1
6812, 14528, -1
9625, 18073, -1
9625, 6812, -1
9625, 9517, -1
9625, 10490, -1
9625, 14528, -1
9517, 18073, -1
9517, 6812, -1
9517, 9625, -1
9517, 10490, -1
9517, 14528, -1
10490, 18073, -1
10490, 6812, -1
10490, 9625, -1
10490, 9517, -1
10490, 14528, -1
14528, 18073, -1
14528, 6812, -1
14528, 9625, -1
14528, 9517, -1
14528, 10490, -1

18073, 6812, -1
18073, 9625, -1
18073, 9517, -1
18073, 10490, -1
18073, 14528, -1
18073, 3710, -1
6812, 18073, -1
6812, 9625, -1
6812, 9517, -1
6812, 10490, -1
6812, 14528, -1
6812, 3710, -1
9625, 18073, -1
9625, 6812, -1
9625, 9517, -1
9625, 10490, -1
9625, 14528, -1
9625, 3710, -1
9517, 18073, -1
9517, 6812, -1
9517, 9625, -1
9517, 10490, -1
9517, 14528, -1
9517, 3710, -1
10490, 18073, -1
10490, 6812, -1
10490, 9625, -1
10490, 9517, -1
10490, 14528, -1
10490, 3710, -1
14528, 18073, -1
14528, 6812, -1
14528, 9625, -1
14528, 9517, -1
14528, 10490, -1
14528, 3710, -1
3710, 18073, -1
3710, 6812, -1
3710, 9625, -1
3710, 9517, -1
3710, 10490, -1
3710, 14528, -1

18073, 6812, -1
18073, 9625, -1
18073, 9517, -1
18073, 10490, -1
18073, 14528, -1
18073, 3710, -1
18073, 3456, -1
6812, 18073, -1
6812, 9625, -1
6812, 9517, -1
6812, 10490, -1
6812, 14528, -1
6812, 3710, -1
6812, 3456, -1
9625, 18073, -1
9625, 6812, -1
9625, 9517, -1
9625, 10490, -1
9625, 14528, -1
9625, 3710, -1
9625, 3456, -1
9517, 18073, -1
9517, 6812, -1
9517, 9625, -1
9517, 10490, -1
9517, 14528, -1
9517, 3710, -1
9517, 3456, -1
10490, 18073, -1
10490, 6812, -1
10490, 9625, -1
10490, 9517, -1
10490, 14528, -1
10490, 3710, -1
10490, 3456, -1
14528, 18073, -1
14528, 6812, -1
14528, 9625, -1
14528, 9517, -1
14528, 10490, -1
14528, 3710, -1
14528, 3456, -1
3710, 18073, -1
3710, 6812, -1
3710, 9625, -1
3710, 9517, -1
3710, 10490, -1
3710, 14528, -1
3710, 3456, -1
3456, 18073, -1
3456, 6812, -1
3456, 9625, -1
3456, 9517, -1
3456, 10490, -1
3456, 14528, -1
3456, 3710, -1

18073, 6812, -1
18073, 9625, -1
18073, 9517, -1
18073, 10490, -1
18073, 14528, -1
18073, 3710, -1
18073, 3456, -1
18073, 13314, -1
6812, 18073, -1
6812, 9625, -1
6812, 9517, -1
6812, 10490, -1
6812, 14528, -1
6812, 3710, -1
6812, 3456, -1
6812, 13314, -1
9625, 18073, -1
9625, 6812, -1
9625, 9517, -1
9625, 10490, -1
9625, 14528, -1
9625, 3710, -1
9625, 3456, -1
9625, 13314, -1
9517, 18073, -1
9517, 6812, -1
9517, 9625, -1
9517, 10490, -1
9517, 14528, -1
9517, 3710, -1
9517, 3456, -1
9517, 13314, -1
10490, 18073, -1
10490, 6812, -1
10490, 9625, -1
10490, 9517, -1
10490, 14528, -1
10490, 3710, -1
10490, 3456, -1
10490, 13314, -1
14528, 18073, -1
14528, 6812, -1
14528, 9625, -1
14528, 9517, -1
14528, 10490, -1
14528, 3710, -1
14528, 3456, -1
14528, 13314, -1
3710, 18073, -1
3710, 6812, -1
3710, 9625, -1
3710, 9517, -1
3710, 10490, -1
3710, 14528, -1
3710, 3456, -1
3710, 13314, -1
3456, 18073, -1
3456, 6812, -1
3456, 9625, -1
3456, 9517, -1
3456, 10490, -1
3456, 14528, -1
3456, 3710, -1
3456, 13314, -1
13314, 18073, -1
13314, 6812, -1
13314, 9625, -1
13314, 9517, -1
13314, 10490, -1
13314, 14528, -1
13314, 3710, -1
13314, 3456, -1

6812, 15413, 1
15413, 6812, 1
9517, 9, 1
9517, 16449, 1
9, 9517, 1
9, 16449, 1
16449, 9517, 1
16449, 9, 1
18073, 6812, -1
18073, 15413, -1
18073, 9625, -1
18073, 9517, -1
18073, 9, -1
18073, 16449, -1
18073, 10490, -1
18073, 14528, -1
18073, 3710, -1
18073, 3456, -1
18073, 13314, -1
6812, 18073, -1
15413, 18073, -1
6812, 9625, -1
15413, 9625, -1
6812, 9517, -1
6812, 9, -1
6812, 16449, -1
15413, 9517, -1
15413, 9, -1
15413, 16449, -1
6812, 10490, -1
15413, 10490, -1
6812, 14528, -1
15413, 14528, -1
6812, 3710, -1
15413, 3710, -1
6812, 3456, -1
15413, 3456, -1
6812, 13314, -1
15413, 13314, -1
9625, 18073, -1
9625, 6812, -1
9625, 15413, -1
9625, 9517, -1
9625, 9, -1
9625, 16449, -1
9625, 10490, -1
9625, 14528, -1
9625, 3710, -1
9625, 3456, -1
9625, 13314, -1
9517, 18073, -1
9, 18073, -1
16449, 18073, -1
9517, 6812, -1
9517, 15413, -1
9, 6812, -1
9, 15413, -1
16449, 6812, -1
16449, 15413, -1
9517, 9625, -1
9, 9625, -1
16449, 9625, -1
9517, 10490, -1
9, 10490, -1
16449, 10490, -1
9517, 14528, -1
9, 14528, -1
16449, 14528, -1
9517, 3710, -1
9, 3710, -1
16449, 3710, -1
9517, 3456, -1
9, 3456, -1
16449, 3456, -1
9517, 13314, -1
9, 13314, -1
16449, 13314, -1
10490, 18073, -1
10490, 6812, -1
10490, 15413, -1
10490, 9625, -1
10490, 9517, -1
10490, 9, -1
10490, 16449, -1
10490, 14528, -1
10490, 3710, -1
10490, 3456, -1
10490, 13314, -1
14528, 18073, -1
14528, 6812, -1
14528, 15413, -1
14528, 9625, -1
14528, 9517, -1
14528, 9, -1
14528, 16449, -1
14528, 10490, -1
14528, 3710, -1
14528, 3456, -1
14528, 13314, -1
3710, 18073, -1
3710, 6812, -1
3710, 15413, -1
3710, 9625, -1
3710, 9517, -1
3710, 9, -1
3710, 16449, -1
3710, 10490, -1
3710, 14528, -1
3710, 3456, -1
3710, 13314, -1
3456, 18073, -1
3456, 6812, -1
3456, 15413, -1
3456, 9625, -1
3456, 9517, -1
3456, 9, -1
3456, 16449, -1
3456, 10490, -1
3456, 14528, -1
3456, 3710, -1
3456, 13314, -1
13314, 18073, -1
13314, 6812, -1
13314, 15413, -1
13314, 9625, -1
13314, 9517, -1
13314, 9, -1
13314, 16449, -1
13314, 10490, -1
13314, 14528, -1
13314, 3710, -1
13314, 3456, -1

6812, 15413, 1
15413, 6812, 1
9517, 9, 1
9517, 16449, 1
9, 9517, 1
9, 16449, 1
16449, 9517, 1
16449, 9, 1
18073, 6812, -1
18073, 15413, -1
18073, 9625, -1
18073, 9517, -1
18073, 9, -1
18073, 16449, -1
18073, 10490, -1
18073, 14528, -1
18073, 3710, -1
18073, 3456, -1
18073, 13314, -1
18073, 19936, -1
6812, 18073, -1
15413, 18073, -1
6812, 9625, -1
15413, 9625, -1
6812, 9517, -1
6812, 9, -1
6812, 16449, -1
15413, 9517, -1
15413, 9, -1
15413, 16449, -1
6812, 10490, -1
15413, 10490, -1
6812, 14528, -1
15413, 14528, -1
6812, 3710, -1
15413, 3710, -1
6812, 3456, -1
15413, 3456, -1
6812, 13314, -1
15413, 13314, -1
6812, 19936, -1
15413, 19936, -1
9625, 18073, -1
9625, 6812, -1
9625, 15413, -1
9625, 9517, -1
9625, 9, -1
9625, 16449, -1
9625, 10490, -1
9625, 14528, -1
9625, 3710, -1
9625, 3456, -1
9625, 13314, -1
9625, 19936, -1
9517, 18073, -1
9, 18073, -1
16449, 18073, -1
9517, 6812, -1
9517, 15413, -1
9, 6812, -1
9, 15413, -1
16449, 6812, -1
16449, 15413, -1
9517, 9625, -1
9, 9625, -1
16449, 9625, -1
9517, 10490, -1
9, 10490, -1
16449, 10490, -1
9517, 14528, -1
9, 14528, -1
16449, 14528, -1
9517, 3710, -1
9, 3710, -1
16449, 3710, -1
9517, 3456, -1
9, 3456, -1
16449, 3456, -1
9517, 13314, -1
9, 13314, -1
16449, 13314, -1
9517, 19936, -1
9, 19936, -1
16449, 19936, -1
10490, 18073, -1
10490, 6812, -1
10490, 15413, -1
10490, 9625, -1
10490, 9517, -1
10490, 9, -1
10490, 16449, -1
10490, 14528, -1
10490, 3710, -1
10490, 3456, -1
10490, 13314, -1
10490, 19936, -1
14528, 18073, -1
14528, 6812, -1
14528, 15413, -1
14528, 9625, -1
14528, 9517, -1
14528, 9, -1
14528, 16449, -1
14528, 10490, -1
14528, 3710, -1
14528, 3456, -1
14528, 13314, -1
14528, 19936, -1
3710, 18073, -1
3710, 6812, -1
3710, 15413, -1
3710, 9625, -1
3710, 9517, -1
3710, 9, -1
3710, 16449, -1
3710, 10490, -1
3710, 14528, -1
3710, 3456, -1
3710, 13314, -1
3710, 19936, -1
3456, 18073, -1
3456, 6812, -1
3456, 15413, -1
3456, 9625, -1
3456, 9517, -1
3456, 9, -1
3456, 16449, -1
3456, 10490, -1
3456, 14528, -1
3456, 3710, -1
3456, 13314, -1
3456, 19936, -1
13314, 18073, -1
13314, 6812, -1
13314, 15413, -1
13314, 9625, -1
13314, 9517, -1
13314, 9, -1
13314, 16449, -1
13314, 10490, -1
13314, 14528, -1
13314, 3710, -1
13314, 3456, -1
13314, 19936, -1
19936, 18073, -1
19936, 6812, -1
19936, 15413, -1
19936, 9625, -1
19936, 9517, -1
19936, 9, -1
19936, 16449, -1
19936, 10490, -1
19936, 14528, -1
19936, 3710, -1
19936, 3456, -1
19936, 13314, -1

6812, 15413, 1
15413, 6812, 1
9517, 9, 1
9517, 16449, 1
9, 9517, 1
9, 16449, 1
16449, 9517, 1
16449, 9, 1
18073, 6812, -1
18073, 15413, -1
18073, 9625, -1
18073, 9517, -1
18073, 9, -1
18073, 16449, -1
18073, 10490, -1
18073, 14528, -1
18073, 3710, -1
18073, 3456, -1
18073, 13314, -1
18073, 19936, -1
18073, 1822, -1
6812, 18073, -1
15413, 18073, -1
6812, 9625, -1
15413, 9625, -1
6812, 9517, -1
6812, 9, -1
6812, 16449, -1
15413, 9517, -1
15413, 9, -1
15413, 16449, -1
6812, 10490, -1
15413, 10490, -1
6812, 14528, -1
15413, 14528, -1
6812, 3710, -1
15413, 3710, -1
6812, 3456, -1
15413, 3456, -1
6812, 13314, -1
15413, 13314, -1
6812, 19936, -1
15413, 19936, -1
6812, 1822, -1
15413, 1822, -1
9625, 18073, -1
9625, 6812, -1
9625, 15413, -1
9625, 9517, -1
9625, 9, -1
9625, 16449, -1
9625, 10490, -1
9625, 14528, -1
9625, 3710, -1
9625, 3456, -1
9625, 13314, -1
9625, 19936, -1
9625, 1822, -1
9517, 18073, -1
9, 18073, -1
16449, 18073, -1
9517, 6812, -1
9517, 15413, -1
9, 6812, -1
9, 15413, -1
16449, 6812, -1
16449, 15413, -1
9517, 9625, -1
9, 9625, -1
16449, 9625, -1
9517, 10490, -1
9, 10490, -1
16449, 10490, -1
9517, 14528, -1
9, 14528, -1
16449, 14528, -1
9517, 3710, -1
9, 3710, -1
16449, 3710, -1
9517, 3456, -1
9, 3456, -1
16449, 3456, -1
9517, 13314, -1
9, 13314, -1
16449, 13314, -1
9517, 19936, -1
9, 19936, -1
16449, 19936, -1
9517, 1822, -1
9, 1822, -1
16449, 1822, -1
10490, 18073, -1
10490, 6812, -1
10490, 15413, -1
10490, 9625, -1
10490, 9517, -1
10490, 9, -1
10490, 16449, -1
10490, 14528, -1
10490, 3710, -1
10490, 3456, -1
10490, 13314, -1
10490, 19936, -1
10490, 1822, -1
14528, 18073, -1
14528, 6812, -1
14528, 15413, -1
14528, 9625, -1
14528, 9517, -1
14528, 9, -1
14528, 16449, -1
14528, 10490, -1
14528, 3710, -1
14528, 3456, -1
14528, 13314, -1
14528, 19936, -1
14528, 1822, -1
3710, 18073, -1
3710, 6812, -1
3710, 15413, -1
3710, 9625, -1
3710, 9517, -1
3710, 9, -1
3710, 16449, -1
3710, 10490, -1
3710, 14528, -1
3710, 3456, -1
3710, 13314, -1
3710, 19936, -1
3710, 1822, -1
3456, 18073, -1
3456, 6812, -1
3456, 15413, -1
3456, 9625, -1
3456, 9517, -1
3456, 9, -1
3456, 16449, -1
3456, 10490, -1
3456, 14528, -1
3456, 3710, -1
3456, 13314, -1
3456, 19936, -1
3456, 1822, -1
13314, 18073, -1
13314, 6812, -1
13314, 15413, -1
13314, 9625, -1
13314, 9517, -1
13314, 9, -1
13314, 16449, -1
13314, 10490, -1
13314, 14528, -1
13314, 3710, -1
13314, 3456, -1
13314, 19936, -1
13314, 1822, -1
19936, 18073, -1
19936, 6812, -1
19936, 15413, -1
19936, 9625, -1
19936, 9517, -1
19936, 9, -1
19936, 16449, -1
19936, 10490, -1
19936, 14528, -1
19936, 3710, -1
19936, 3456, -1
19936, 13314, -1
19936, 1822, -1
1822, 18073, -1
1822, 6812, -1
1822, 15413, -1
1822, 9625, -1
1822, 9517, -1
1822, 9, -1
1822, 16449, -1
1822, 10490, -1
1822, 14528, -1
1822, 3710, -1
1822, 3456, -1
1822, 13314, -1
1822, 19936, -1

18073, 19104, 1
19104, 18073, 1
6812, 15413, 1
15413, 6812, 1
9517, 9, 1
9517, 16449, 1
9517, 15136, 1
9, 9517, 1
9, 16449, 1
9, 15136, 1
16449, 9517, 1
16449, 9, 1
16449, 15136, 1
15136, 9517, 1
15136, 9, 1
15136, 16449, 1
18073, 6812, -1
18073, 15413, -1
19104, 6812, -1
19104, 15413, -1
18073, 9625, -1
19104, 9625, -1
18073, 9517, -1
18073, 9, -1
18073, 16449, -1
18073, 15136, -1
19104, 9517, -1
19104, 9, -1
19104, 16449, -1
19104, 15136, -1
18073, 10490, -1
19104, 10490, -1
18073, 14528, -1
19104, 14528, -1
18073, 3710, -1
19104, 3710, -1
18073, 3456, -1
19104, 3456, -1
18073, 13314, -1
19104, 13314, -1
18073, 19936, -1
19104, 19936, -1
18073, 1822, -1
19104, 1822, -1
6812, 18073, -1
6812, 19104, -1
15413, 18073, -1
15413, 19104, -1
6812, 9625, -1
15413, 9625, -1
6812, 9517, -1
6812, 9, -1
6812, 16449, -1
6812, 15136, -1
15413, 9517, -1
15413, 9, -1
15413, 16449, -1
15413, 15136, -1
6812, 10490, -1
15413, 10490, -1
6812, 14528, -1
15413, 14528, -1
6812, 3710, -1
15413, 3710, -1
6812, 3456, -1
15413, 3456, -1
6812, 13314, -1
15413, 13314, -1
6812, 19936, -1
15413, 19936, -1
6812, 1822, -1
15413, 1822, -1
9625, 18073, -1
9625, 19104, -1
9625, 6812, -1
9625, 15413, -1
9625, 9517, -1
9625, 9, -1
9625, 16449, -1
9625, 15136, -1
9625, 10490, -1
9625, 14528, -1
9625, 3710, -1
9625, 3456, -1
9625, 13314, -1
9625, 19936, -1
9625, 1822, -1
9517, 18073, -1
9517, 19104, -1
9, 18073, -1
9, 19104, -1
16449, 18073, -1
16449, 19104, -1
15136, 18073, -1
15136, 19104, -1
9517, 6812, -1
9517, 15413, -1
9, 6812, -1
9, 15413, -1
16449, 6812, -1
16449, 15413, -1
15136, 6812, -1
15136, 15413, -1
9517, 9625, -1
9, 9625, -1
16449, 9625, -1
15136, 9625, -1
9517, 10490, -1
9, 10490, -1
16449, 10490, -1
15136, 10490, -1
9517, 14528, -1
9, 14528, -1
16449, 14528, -1
15136, 14528, -1
9517, 3710, -1
9, 3710, -1
16449, 3710, -1
15136, 3710, -1
9517, 3456, -1
9, 3456, -1
16449, 3456, -1
15136, 3456, -1
9517, 13314, -1
9, 13314, -1
16449, 13314, -1
15136, 13314, -1
9517, 19936, -1
9, 19936, -1
16449, 19936, -1
15136, 19936, -1
9517, 1822, -1
9, 1822, -1
16449, 1822, -1
15136, 1822, -1
10490, 18073, -1
10490, 19104, -1
10490, 6812, -1
10490, 15413, -1
10490, 9625, -1
10490, 9517, -1
10490, 9, -1
10490, 16449, -1
10490, 15136, -1
10490, 14528, -1
10490, 3710, -1
10490, 3456, -1
10490, 13314, -1
10490, 19936, -1
10490, 1822, -1
14528, 18073, -1
14528, 19104, -1
14528, 6812, -1
14528, 15413, -1
14528, 9625, -1
14528, 9517, -1
14528, 9, -1
14528, 16449, -1
14528, 15136, -1
14528, 10490, -1
14528, 3710, -1
14528, 3456, -1
14528, 13314, -1
14528, 19936, -1
14528, 1822, -1
3710, 18073, -1
3710, 19104, -1
3710, 6812, -1
3710, 15413, -1
3710, 9625, -1
3710, 9517, -1
3710, 9, -1
3710, 16449, -1
3710, 15136, -1
3710, 10490, -1
3710, 14528, -1
3710, 3456, -1
3710, 13314, -1
3710, 19936, -1
3710, 1822, -1
3456, 18073, -1
3456, 19104, -1
3456, 6812, -1
3456, 15413, -1
3456, 9625, -1
3456, 9517, -1
3456, 9, -1
3456, 16449, -1
3456, 15136, -1
3456, 10490, -1
3456, 14528, -1
3456, 3710, -1
3456, 13314, -1
3456, 19936, -1
3456, 1822, -1
13314, 18073, -1
13314, 19104, -1
13314, 6812, -1
13314, 15413, -1
13314, 9625, -1
13314, 9517, -1
13314, 9, -1
13314, 16449, -1
13314, 15136, -1
13314, 10490, -1
13314, 14528, -1
13314, 3710, -1
13314, 3456, -1
13314, 19936, -1
13314, 1822, -1
19936, 18073, -1
19936, 19104, -1
19936, 6812, -1
19936, 15413, -1
19936, 9625, -1
19936, 9517, -1
19936, 9, -1
19936, 16449, -1
19936, 15136, -1
19936, 10490, -1
19936, 14528, -1
19936, 3710, -1
19936, 3456, -1
19936, 13314, -1
19936, 1822, -1
1822, 18073, -1
1822, 19104, -1
1822, 6812, -1
1822, 15413, -1
1822, 9625, -1
1822, 9517, -1
1822, 9, -1
1822, 16449, -1
1822, 15136, -1
1822, 10490, -1
1822, 14528, -1
1822, 3710, -1
1822, 3456, -1
1822, 13314, -1
1822, 19936, -1

18073, 19104, 1
19104, 18073, 1
6812, 15413, 1
15413, 6812, 1
9517, 9, 1
9517, 16449, 1
9517, 15136, 1
9, 9517, 1
9, 16449, 1
9, 15136, 1
16449, 9517, 1
16449, 9, 1
16449, 15136, 1
15136, 9517, 1
15136, 9, 1
15136, 16449, 1
3456, 17798, 1
17798, 3456, 1
18073, 6812, -1
18073, 15413, -1
19104, 6812, -1
19104, 15413, -1
18073, 9625, -1
19104, 9625, -1
18073, 9517, -1
18073, 9, -1
18073, 16449, -1
18073, 15136, -1
19104, 9517, -1
19104, 9, -1
19104, 16449, -1
19104, 15136, -1
18073, 10490, -1
19104, 10490, -1
18073, 14528, -1
19104, 14528, -1
18073, 3710, -1
19104, 3710, -1
18073, 3456, -1
18073, 17798, -1
19104, 3456, -1
19104, 17798, -1
18073, 13314, -1
19104, 13314, -1
18073, 19936, -1
19104, 19936, -1
18073, 1822, -1
19104, 1822, -1
6812, 18073, -1
6812, 19104, -1
15413, 18073, -1
15413, 19104, -1
6812, 9625, -1
15413, 9625, -1
6812, 9517, -1
6812, 9, -1
6812, 16449, -1
6812, 15136, -1
15413, 9517, -1
15413, 9, -1
15413, 16449, -1
15413, 15136, -1
6812, 10490, -1
15413, 10490, -1
6812, 14528, -1
15413, 14528, -1
6812, 3710, -1
15413, 3710, -1
6812, 3456, -1
6812, 17798, -1
15413, 3456, -1
15413, 17798, -1
6812, 13314, -1
15413, 13314, -1
6812, 19936, -1
15413, 19936, -1
6812, 1822, -1
15413, 1822, -1
9625, 18073, -1
9625, 19104, -1
9625, 6812, -1
9625, 15413, -1
9625, 9517, -1
9625, 9, -1
9625, 16449, -1
9625, 15136, -1
9625, 10490, -1
9625, 14528, -1
9625, 3710, -1
9625, 3456, -1
9625, 17798, -1
9625, 13314, -1
9625, 19936, -1
9625, 1822, -1
9517, 18073, -1
9517, 19104, -1
9, 18073, -1
9, 19104, -1
16449, 18073, -1
16449, 19104, -1
15136, 18073, -1
15136, 19104, -1
9517, 6812, -1
9517, 15413, -1
9, 6812, -1
9, 15413, -1
16449, 6812, -1
16449, 15413, -1
15136, 6812, -1
15136, 15413, -1
9517, 9625, -1
9, 9625, -1
16449, 9625, -1
15136, 9625, -1
9517, 10490, -1
9, 10490, -1
16449, 10490, -1
15136, 10490, -1
9517, 14528, -1
9, 14528, -1
16449, 14528, -1
15136, 14528, -1
9517, 3710, -1
9, 3710, -1
16449, 3710, -1
15136, 3710, -1
9517, 3456, -1
9517, 17798, -1
9, 3456, -1
9, 17798, -1
16449, 3456, -1
16449, 17798, -1
15136, 3456, -1
15136, 17798, -1
9517, 13314, -1
9, 13314, -1
16449, 13314, -1
15136, 13314, -1
9517, 19936, -1
9, 19936, -1
16449, 19936, -1
15136, 19936, -1
9517, 1822, -1
9, 1822, -1
16449, 1822, -1
15136, 1822, -1
10490, 18073, -1
10490, 19104, -1
10490, 6812, -1
10490, 15413, -1
10490, 9625, -1
10490, 9517, -1
10490, 9, -1
10490, 16449, -1
10490, 15136, -1
10490, 14528, -1
10490, 3710, -1
10490, 3456, -1
10490, 17798, -1
10490, 13314, -1
10490, 19936, -1
10490, 1822, -1
14528, 18073, -1
14528, 19104, -1
14528, 6812, -1
14528, 15413, -1
14528, 9625, -1
14528, 9517, -1
14528, 9, -1
14528, 16449, -1
14528, 15136, -1
14528, 10490, -1
14528, 3710, -1
14528, 3456, -1
14528, 17798, -1
14528, 13314, -1
14528, 19936, -1
14528, 1822, -1
3710, 18073, -1
3710, 19104, -1
3710, 6812, -1
3710, 15413, -1
3710, 9625, -1
3710, 9517, -1
3710, 9, -1
3710, 16449, -1
3710, 15136, -1
3710, 10490, -1
3710, 14528, -1
3710, 3456, -1
3710, 17798, -1
3710, 13314, -1
3710, 19936, -1
3710, 1822, -1
3456, 18073, -1
3456, 19104, -1
17798, 18073, -1
17798, 19104, -1
3456, 6812, -1
3456, 15413, -1
17798, 6812, -1
17798, 15413, -1
3456, 9625, -1
17798, 9625, -1
3456, 9517, -1
3456, 9, -1
3456, 16449, -1
3456, 15136, -1
17798, 9517, -1
17798, 9, -1
17798, 16449, -1
17798, 15136, -1
3456, 10490, -1
17798, 10490, -1
3456, 14528, -1
17798, 14528, -1
3456, 3710, -1
17798, 3710, -1
3456, 13314, -1
17798, 13314, -1
3456, 19936, -1
17798, 19936, -1
3456, 1822, -1
17798, 1822, -1
13314, 18073, -1
13314, 19104, -1
13314, 6812, -1
13314, 15413, -1
13314, 9625, -1
13314, 9517, -1
13314, 9, -1
13314, 16449, -1
13314, 15136, -1
13314, 10490, -1
13314, 14528, -1
13314, 3710, -1
13314, 3456, -1
13314, 17798, -1
13314, 19936, -1
13314, 1822, -1
19936, 18073, -1
19936, 19104, -1
19936, 6812, -1
19936, 15413, -1
19936, 9625, -1
19936, 9517, -1
19936, 9, -1
19936, 16449, -1
19936, 15136, -1
19936, 10490, -1
19936, 14528, -1
19936, 3710, -1
19936, 3456, -1
19936, 17798, -1
19936, 13314, -1
19936, 1822, -1
1822, 18073, -1
1822, 19104, -1
1822, 6812, -1
1822, 15413, -1
1822, 9625, -1
1822, 9517, -1
1822, 9, -1
1822, 16449, -1
1822, 15136, -1
1822, 10490, -1
1822, 14528, -1
1822, 3710, -1
1822, 3456, -1
1822, 17798, -1
1822, 13314, -1
1822, 19936, -1

