9980, 501, -1
0, 501, -1
0, 9980, -1
1, 501, -1
1, 9980, -1
1, 0, -1
2, 501, -1
2, 9980, -1
2, 0, -1
2, 1, -1

3, 501, -1
3, 9980, -1
3, 0, -1
3, 1, -1
3, 2, -1

4, 501, -1
4, 9980, -1
4, 0, -1
4, 1, -1
4, 2, -1
4, 3, -1

6196, 9980, 1
10990, 9980, 1
10990, 6196, 1
5, 501, -1
5, 9980, -1
5, 0, -1
5, 1, -1
5, 2, -1
5, 3, -1
5, 4, -1
6196, 501, -1
6196, 0, -1
6196, 1, -1
6196, 2, -1
6196, 3, -1
6196, 4, -1
6196, 5, -1
10990, 501, -1
10990, 0, -1
10990, 1, -1
10990, 2, -1
10990, 3, -1
10990, 4, -1
10990, 5, -1

3222, 0, 1
1639, 0, 1
1639, 3222, 1
4751, 9980, 1
4751, 6196, 1
4751, 10990, 1
19064, 501, 1
1285, 501, 1
1285, 19064, 1
4441, 501, 1
4441, 19064, 1
4441, 1285, 1
3222, 501, -1
3222, 9980, -1
3222, 6196, -1
3222, 10990, -1
3222, 1, -1
3222, 2, -1
3222, 3, -1
3222, 4, -1
3222, 5, -1
1639, 501, -1
1639, 9980, -1
1639, 6196, -1
1639, 10990, -1
1639, 1, -1
1639, 2, -1
1639, 3, -1
1639, 4, -1
1639, 5, -1
4751, 501, -1
4751, 0, -1
4751, 3222, -1
4751, 1639, -1
4751, 1, -1
4751, 2, -1
4751, 3, -1
4751, 4, -1
4751, 5, -1
19064, 9980, -1
19064, 6196, -1
19064, 10990, -1
19064, 4751, -1
19064, 0, -1
19064, 3222, -1
19064, 1639, -1
19064, 1, -1
19064, 2, -1
19064, 3, -1
19064, 4, -1
19064, 5, -1
1285, 9980, -1
1285, 6196, -1
1285, 10990, -1
1285, 4751, -1
1285, 0, -1
1285, 3222, -1
1285, 1639, -1
1285, 1, -1
1285, 2, -1
1285, 3, -1
1285, 4, -1
1285, 5, -1
4441, 9980, -1
4441, 6196, -1
4441, 10990, -1
4441, 4751, -1
4441, 0, -1
4441, 3222, -1
4441, 1639, -1
4441, 1, -1
4441, 2, -1
4441, 3, -1
4441, 4, -1
4441, 5, -1

7545, 9980, 1
7545, 6196, 1
7545, 10990, 1
7545, 4751, 1
15100, 501, 1
15100, 19064, 1
15100, 1285, 1
15100, 4441, 1
7545, 501, -1
7545, 19064, -1
7545, 1285, -1
7545, 4441, -1
7545, 0, -1
7545, 3222, -1
7545, 1639, -1
7545, 1, -1
7545, 2, -1
7545, 3, -1
7545, 4, -1
7545, 5, -1
15100, 9980, -1
15100, 6196, -1
15100, 10990, -1
15100, 4751, -1
15100, 7545, -1
15100, 0, -1
15100, 3222, -1
15100, 1639, -1
15100, 1, -1
15100, 2, -1
15100, 3, -1
15100, 4, -1
15100, 5, -1

8993, 0, 1
8993, 3222, 1
8993, 1639, 1
8993, 501, -1
8993, 19064, -1
8993, 1285, -1
8993, 4441, -1
8993, 15100, -1
8993, 9980, -1
8993, 6196, -1
8993, 10990, -1
8993, 4751, -1
8993, 7545, -1
8993, 1, -1
8993, 2, -1
8993, 3, -1
8993, 4, -1
8993, 5, -1
12189, 501, -1
12189, 19064, -1
12189, 1285, -1
12189, 4441, -1
12189, 15100, -1
12189, 9980, -1
12189, 6196, -1
12189, 10990, -1
12189, 4751, -1
12189, 7545, -1
12189, 0, -1
12189, 3222, -1
12189, 1639, -1
12189, 8993, -1
12189, 1, -1
12189, 2, -1
12189, 3, -1
12189, 4, -1
12189, 5, -1

6689, 0, 1
6689, 3222, 1
6689, 1639, 1
6689, 8993, 1
11149, 501, 1
11149, 19064, 1
11149, 1285, 1
11149, 4441, 1
11149, 15100, 1
6689, 501, -1
6689, 19064, -1
6689, 1285, -1
6689, 4441, -1
6689, 15100, -1
6689, 9980, -1
6689, 6196, -1
6689, 10990, -1
6689, 4751, -1
6689, 7545, -1
6689, 1, -1
6689, 2, -1
6689, 3, -1
6689, 4, -1
6689, 5, -1
6689, 12189, -1
11149, 9980, -1
11149, 6196, -1
11149, 10990, -1
11149, 4751, -1
11149, 7545, -1
11149, 0, -1
11149, 3222, -1
11149, 1639, -1
11149, 8993, -1
11149, 6689, -1
11149, 1, -1
11149, 2, -1
11149, 3, -1
11149, 4, -1
11149, 5, -1
11149, 12189, -1

3860, 0, 1
3860, 3222, 1
3860, 1639, 1
3860, 8993, 1
3860, 6689, 1
3860, 501, -1
3860, 19064, -1
3860, 1285, -1
3860, 4441, -1
3860, 15100, -1
3860, 11149, -1
3860, 9980, -1
3860, 6196, -1
3860, 10990, -1
3860, 4751, -1
3860, 7545, -1
3860, 1, -1
3860, 2, -1
3860, 3, -1
3860, 4, -1
3860, 5, -1
3860, 12189, -1

1680, 12189, 1
5109, 501, 1
5109, 19064, 1
5109, 1285, 1
5109, 4441, 1
5109, 15100, 1
5109, 11149, 1
2140, 0, 1
2140, 3222, 1
2140, 1639, 1
2140, 8993, 1
2140, 6689, 1
2140, 3860, 1
12207, 12189, 1
12207, 1680, 1
16058, 501, 1
16058, 19064, 1
16058, 1285, 1
16058, 4441, 1
16058, 15100, 1
16058, 11149, 1
16058, 5109, 1
1680, 501, -1
1680, 19064, -1
1680, 1285, -1
1680, 4441, -1
1680, 15100, -1
1680, 11149, -1
1680, 9980, -1
1680, 6196, -1
1680, 10990, -1
1680, 4751, -1
1680, 7545, -1
1680, 0, -1
1680, 3222, -1
1680, 1639, -1
1680, 8993, -1
1680, 6689, -1
1680, 3860, -1
1680, 1, -1
1680, 2, -1
1680, 3, -1
1680, 4, -1
1680, 5, -1
5109, 9980, -1
5109, 6196, -1
5109, 10990, -1
5109, 4751, -1
5109, 7545, -1
5109, 0, -1
5109, 3222, -1
5109, 1639, -1
5109, 8993, -1
5109, 6689, -1
5109, 3860, -1
5109, 1, -1
5109, 2, -1
5109, 3, -1
5109, 4, -1
5109, 5, -1
5109, 12189, -1
5109, 1680, -1
2140, 501, -1
2140, 19064, -1
2140, 1285, -1
2140, 4441, -1
2140, 15100, -1
2140, 11149, -1
2140, 5109, -1
2140, 9980, -1
2140, 6196, -1
2140, 10990, -1
2140, 4751, -1
2140, 7545, -1
2140, 1, -1
2140, 2, -1
2140, 3, -1
2140, 4, -1
2140, 5, -1
2140, 12189, -1
2140, 1680, -1
12207, 501, -1
12207, 19064, -1
12207, 1285, -1
12207, 4441, -1
12207, 15100, -1
12207, 11149, -1
12207, 5109, -1
12207, 9980, -1
12207, 6196, -1
12207, 10990, -1
12207, 4751, -1
12207, 7545, -1
12207, 0, -1
12207, 3222, -1
12207, 1639, -1
12207, 8993, -1
12207, 6689, -1
12207, 3860, -1
12207, 2140, -1
12207, 1, -1
12207, 2, -1
12207, 3, -1
12207, 4, -1
12207, 5, -1
16058, 9980, -1
16058, 6196, -1
16058, 10990, -1
16058, 4751, -1
16058, 7545, -1
16058, 0, -1
16058, 3222, -1
16058, 1639, -1
16058, 8993, -1
16058, 6689, -1
16058, 3860, -1
16058, 2140, -1
16058, 1, -1
16058, 2, -1
16058, 3, -1
16058, 4, -1
16058, 5, -1
16058, 12189, -1
16058, 1680, -1
16058, 12207, -1

