13244, 11842, -1
13244, 13268, -1
13244, 1916, -1
13244, 19215, -1
11842, 13244, -1
11842, 13268, -1
11842, 1916, -1
11842, 19215, -1
13268, 13244, -1
13268, 11842, -1
13268, 1916, -1
13268, 19215, -1
1916, 13244, -1
1916, 11842, -1
1916, 13268, -1
1916, 19215, -1
19215, 13244, -1
19215, 11842, -1
19215, 13268, -1
19215, 1916, -1

13244, 16286, 1
16286, 13244, 1
11842, 9, 1
11842, 4603, 1
9, 11842, 1
9, 4603, 1
4603, 11842, 1
4603, 9, 1
13244, 11842, -1
13244, 9, -1
13244, 4603, -1
16286, 11842, -1
16286, 9, -1
16286, 4603, -1
13244, 13268, -1
16286, 13268, -1
13244, 1916, -1
16286, 1916, -1
13244, 19215, -1
16286, 19215, -1
13244, 2902, -1
16286, 2902, -1
11842, 13244, -1
11842, 16286, -1
9, 13244, -1
9, 16286, -1
4603, 13244, -1
4603, 16286, -1
11842, 13268, -1
9, 13268, -1
4603, 13268, -1
11842, 1916, -1
9, 1916, -1
4603, 1916, -1
11842, 19215, -1
9, 19215, -1
4603, 19215, -1
11842, 2902, -1
9, 2902, -1
4603, 2902, -1
13268, 13244, -1
13268, 16286, -1
13268, 11842, -1
13268, 9, -1
13268, 4603, -1
13268, 1916, -1
13268, 19215, -1
13268, 2902, -1
1916, 13244, -1
1916, 16286, -1
1916, 11842, -1
1916, 9, -1
1916, 4603, -1
1916, 13268, -1
1916, 19215, -1
1916, 2902, -1
19215, 13244, -1
19215, 16286, -1
19215, 11842, -1
19215, 9, -1
19215, 4603, -1
19215, 13268, -1
19215, 1916, -1
19215, 2902, -1
2902, 13244, -1
2902, 16286, -1
2902, 11842, -1
2902, 9, -1
2902, 4603, -1
2902, 13268, -1
2902, 1916, -1
2902, 19215, -1

13244, 16286, 1
16286, 13244, 1
11842, 9, 1
11842, 4603, 1
9, 11842, 1
9, 4603, 1
4603, 11842, 1
4603, 9, 1
13244, 11842, -1
13244, 9, -1
13244, 4603, -1
16286, 11842, -1
16286, 9, -1
16286, 4603, -1
13244, 13268, -1
16286, 13268, -1
13244, 1916, -1
16286, 1916, -1
13244, 19215, -1
16286, 19215, -1
13244, 2902, -1
16286, 2902, -1
13244, 5215, -1
16286, 5215, -1
11842, 13244, -1
11842, 16286, -1
9, 13244, -1
9, 16286, -1
4603, 13244, -1
4603, 16286, -1
11842, 13268, -1
9, 13268, -1
4603, 13268, -1
11842, 1916, -1
9, 1916, -1
4603, 1916, -1
11842, 19215, -1
9, 19215, -1
4603, 19215, -1
11842, 2902, -1
9, 2902, -1
4603, 2902, -1
11842, 5215, -1
9, 5215, -1
4603, 5215, -1
13268, 13244, -1
13268, 16286, -1
13268, 11842, -1
13268, 9, -1
13268, 4603, -1
13268, 1916, -1
13268, 19215, -1
13268, 2902, -1
13268, 5215, -1
1916, 13244, -1
1916, 16286, -1
1916, 11842, -1
1916, 9, -1
1916, 4603, -1
1916, 13268, -1
1916, 19215, -1
1916, 2902, -1
1916, 5215, -1
19215, 13244, -1
19215, 16286, -1
19215, 11842, -1
19215, 9, -1
19215, 4603, -1
19215, 13268, -1
19215, 1916, -1
19215, 2902, -1
19215, 5215, -1
2902, 13244, -1
2902, 16286, -1
2902, 11842, -1
2902, 9, -1
2902, 4603, -1
2902, 13268, -1
2902, 1916, -1
2902, 19215, -1
2902, 5215, -1
5215, 13244, -1
5215, 16286, -1
5215, 11842, -1
5215, 9, -1
5215, 4603, -1
5215, 13268, -1
5215, 1916, -1
5215, 19215, -1
5215, 2902, -1

13244, 16286, 1
16286, 13244, 1
11842, 9, 1
11842, 4603, 1
9, 11842, 1
9, 4603, 1
4603, 11842, 1
4603, 9, 1
13244, 11842, -1
13244, 9, -1
13244, 4603, -1
16286, 11842, -1
16286, 9, -1
16286, 4603, -1
13244, 13268, -1
16286, 13268, -1
13244, 1916, -1
16286, 1916, -1
13244, 19215, -1
16286, 19215, -1
13244, 2902, -1
16286, 2902, -1
13244, 5215, -1
16286, 5215, -1
13244, 19497, -1
16286, 19497, -1
11842, 13244, -1
11842, 16286, -1
9, 13244, -1
9, 16286, -1
4603, 13244, -1
4603, 16286, -1
11842, 13268, -1
9, 13268, -1
4603, 13268, -1
11842, 1916, -1
9, 1916, -1
4603, 1916, -1
11842, 19215, -1
9, 19215, -1
4603, 19215, -1
11842, 2902, -1
9, 2902, -1
4603, 2902, -1
11842, 5215, -1
9, 5215, -1
4603, 5215, -1
11842, 19497, -1
9, 19497, -1
4603, 19497, -1
13268, 13244, -1
13268, 16286, -1
13268, 11842, -1
13268, 9, -1
13268, 4603, -1
13268, 1916, -1
13268, 19215, -1
13268, 2902, -1
13268, 5215, -1
13268, 19497, -1
1916, 13244, -1
1916, 16286, -1
1916, 11842, -1
1916, 9, -1
1916, 4603, -1
1916, 13268, -1
1916, 19215, -1
1916, 2902, -1
1916, 5215, -1
1916, 19497, -1
19215, 13244, -1
19215, 16286, -1
19215, 11842, -1
19215, 9, -1
19215, 4603, -1
19215, 13268, -1
19215, 1916, -1
19215, 2902, -1
19215, 5215, -1
19215, 19497, -1
2902, 13244, -1
2902, 16286, -1
2902, 11842, -1
2902, 9, -1
2902, 4603, -1
2902, 13268, -1
2902, 1916, -1
2902, 19215, -1
2902, 5215, -1
2902, 19497, -1
5215, 13244, -1
5215, 16286, -1
5215, 11842, -1
5215, 9, -1
5215, 4603, -1
5215, 13268, -1
5215, 1916, -1
5215, 19215, -1
5215, 2902, -1
5215, 19497, -1
19497, 13244, -1
19497, 16286, -1
19497, 11842, -1
19497, 9, -1
19497, 4603, -1
19497, 13268, -1
19497, 1916, -1
19497, 19215, -1
19497, 2902, -1
19497, 5215, -1

13244, 16286, 1
16286, 13244, 1
11842, 9, 1
11842, 4603, 1
9, 11842, 1
9, 4603, 1
4603, 11842, 1
4603, 9, 1
13244, 11842, -1
13244, 9, -1
13244, 4603, -1
16286, 11842, -1
16286, 9, -1
16286, 4603, -1
13244, 13268, -1
16286, 13268, -1
13244, 1916, -1
16286, 1916, -1
13244, 19215, -1
16286, 19215, -1
13244, 2902, -1
16286, 2902, -1
13244, 5215, -1
16286, 5215, -1
13244, 19497, -1
16286, 19497, -1
13244, 6327, -1
16286, 6327, -1
11842, 13244, -1
11842, 16286, -1
9, 13244, -1
9, 16286, -1
4603, 13244, -1
4603, 16286, -1
11842, 13268, -1
9, 13268, -1
4603, 13268, -1
11842, 1916, -1
9, 1916, -1
4603, 1916, -1
11842, 19215, -1
9, 19215, -1
4603, 19215, -1
11842, 2902, -1
9, 2902, -1
4603, 2902, -1
11842, 5215, -1
9, 5215, -1
4603, 5215, -1
11842, 19497, -1
9, 19497, -1
4603, 19497, -1
11842, 6327, -1
9, 6327, -1
4603, 6327, -1
13268, 13244, -1
13268, 16286, -1
13268, 11842, -1
13268, 9, -1
13268, 4603, -1
13268, 1916, -1
13268, 19215, -1
13268, 2902, -1
13268, 5215, -1
13268, 19497, -1
13268, 6327, -1
1916, 13244, -1
1916, 16286, -1
1916, 11842, -1
1916, 9, -1
1916, 4603, -1
1916, 13268, -1
1916, 19215, -1
1916, 2902, -1
1916, 5215, -1
1916, 19497, -1
1916, 6327, -1
19215, 13244, -1
19215, 16286, -1
19215, 11842, -1
19215, 9, -1
19215, 4603, -1
19215, 13268, -1
19215, 1916, -1
19215, 2902, -1
19215, 5215, -1
19215, 19497, -1
19215, 6327, -1
2902, 13244, -1
2902, 16286, -1
2902, 11842, -1
2902, 9, -1
2902, 4603, -1
2902, 13268, -1
2902, 1916, -1
2902, 19215, -1
2902, 5215, -1
2902, 19497, -1
2902, 6327, -1
5215, 13244, -1
5215, 16286, -1
5215, 11842, -1
5215, 9, -1
5215, 4603, -1
5215, 13268, -1
5215, 1916, -1
5215, 19215, -1
5215, 2902, -1
5215, 19497, -1
5215, 6327, -1
19497, 13244, -1
19497, 16286, -1
19497, 11842, -1
19497, 9, -1
19497, 4603, -1
19497, 13268, -1
19497, 1916, -1
19497, 19215, -1
19497, 2902, -1
19497, 5215, -1
19497, 6327, -1
6327, 13244, -1
6327, 16286, -1
6327, 11842, -1
6327, 9, -1
6327, 4603, -1
6327, 13268, -1
6327, 1916, -1
6327, 19215, -1
6327, 2902, -1
6327, 5215, -1
6327, 19497, -1

13244, 16286, 1
16286, 13244, 1
11842, 9, 1
11842, 4603, 1
11842, 17379, 1
9, 11842, 1
9, 4603, 1
9, 17379, 1
4603, 11842, 1
4603, 9, 1
4603, 17379, 1
17379, 11842, 1
17379, 9, 1
17379, 4603, 1
2902, 1545, 1
1545, 2902, 1
13244, 11842, -1
13244, 9, -1
13244, 4603, -1
13244, 17379, -1
16286, 11842, -1
16286, 9, -1
16286, 4603, -1
16286, 17379, -1
13244, 13268, -1
16286, 13268, -1
13244, 1916, -1
16286, 1916, -1
13244, 19215, -1
16286, 19215, -1
13244, 2902, -1
13244, 1545, -1
16286, 2902, -1
16286, 1545, -1
13244, 5215, -1
16286, 5215, -1
13244, 19497, -1
16286, 19497, -1
13244, 6327, -1
16286, 6327, -1
11842, 13244, -1
11842, 16286, -1
9, 13244, -1
9, 16286, -1
4603, 13244, -1
4603, 16286, -1
17379, 13244, -1
17379, 16286, -1
11842, 13268, -1
9, 13268, -1
4603, 13268, -1
17379, 13268, -1
11842, 1916, -1
9, 1916, -1
4603, 1916, -1
17379, 1916, -1
11842, 19215, -1
9, 19215, -1
4603, 19215, -1
17379, 19215, -1
11842, 2902, -1
11842, 1545, -1
9, 2902, -1
9, 1545, -1
4603, 2902, -1
4603, 1545, -1
17379, 2902, -1
17379, 1545, -1
11842, 5215, -1
9, 5215, -1
4603, 5215, -1
17379, 5215, -1
11842, 19497, -1
9, 19497, -1
4603, 19497, -1
17379, 19497, -1
11842, 6327, -1
9, 6327, -1
4603, 6327, -1
17379, 6327, -1
13268, 13244, -1
13268, 16286, -1
13268, 11842, -1
13268, 9, -1
13268, 4603, -1
13268, 17379, -1
13268, 1916, -1
13268, 19215, -1
13268, 2902, -1
13268, 1545, -1
13268, 5215, -1
13268, 19497, -1
13268, 6327, -1
1916, 13244, -1
1916, 16286, -1
1916, 11842, -1
1916, 9, -1
1916, 4603, -1
1916, 17379, -1
1916, 13268, -1
1916, 19215, -1
1916, 2902, -1
1916, 1545, -1
1916, 5215, -1
1916, 19497, -1
1916, 6327, -1
19215, 13244, -1
19215, 16286, -1
19215, 11842, -1
19215, 9, -1
19215, 4603, -1
19215, 17379, -1
19215, 13268, -1
19215, 1916, -1
19215, 2902, -1
19215, 1545, -1
19215, 5215, -1
19215, 19497, -1
19215, 6327, -1
2902, 13244, -1
2902, 16286, -1
1545, 13244, -1
1545, 16286, -1
2902, 11842, -1
2902, 9, -1
2902, 4603, -1
2902, 17379, -1
1545, 11842, -1
1545, 9, -1
1545, 4603, -1
1545, 17379, -1
2902, 13268, -1
1545, 13268, -1
2902, 1916, -1
1545, 1916, -1
2902, 19215, -1
1545, 19215, -1
2902, 5215, -1
1545, 5215, -1
2902, 19497, -1
1545, 19497, -1
2902, 6327, -1
1545, 6327, -1
5215, 13244, -1
5215, 16286, -1
5215, 11842, -1
5215, 9, -1
5215, 4603, -1
5215, 17379, -1
5215, 13268, -1
5215, 1916, -1
5215, 19215, -1
5215, 2902, -1
5215, 1545, -1
5215, 19497, -1
5215, 6327, -1
19497, 13244, -1
19497, 16286, -1
19497, 11842, -1
19497, 9, -1
19497, 4603, -1
19497, 17379, -1
19497, 13268, -1
19497, 1916, -1
19497, 19215, -1
19497, 2902, -1
19497, 1545, -1
19497, 5215, -1
19497, 6327, -1
6327, 13244, -1
6327, 16286, -1
6327, 11842, -1
6327, 9, -1
6327, 4603, -1
6327, 17379, -1
6327, 13268, -1
6327, 1916, -1
6327, 19215, -1
6327, 2902, -1
6327, 1545, -1
6327, 5215, -1
6327, 19497, -1

13244, 16286, 1
16286, 13244, 1
11842, 9, 1
11842, 4603, 1
11842, 17379, 1
9, 11842, 1
9, 4603, 1
9, 17379, 1
4603, 11842, 1
4603, 9, 1
4603, 17379, 1
17379, 11842, 1
17379, 9, 1
17379, 4603, 1
2902, 1545, 1
1545, 2902, 1
13244, 11842, -1
13244, 9, -1
13244, 4603, -1
13244, 17379, -1
16286, 11842, -1
16286, 9, -1
16286, 4603, -1
16286, 17379, -1
13244, 13268, -1
16286, 13268, -1
13244, 1916, -1
16286, 1916, -1
13244, 19215, -1
16286, 19215, -1
13244, 2902, -1
13244, 1545, -1
16286, 2902, -1
16286, 1545, -1
13244, 5215, -1
16286, 5215, -1
13244, 19497, -1
16286, 19497, -1
13244, 6327, -1
16286, 6327, -1
13244, 14930, -1
16286, 14930, -1
11842, 13244, -1
11842, 16286, -1
9, 13244, -1
9, 16286, -1
4603, 13244, -1
4603, 16286, -1
17379, 13244, -1
17379, 16286, -1
11842, 13268, -1
9, 13268, -1
4603, 13268, -1
17379, 13268, -1
11842, 1916, -1
9, 1916, -1
4603, 1916, -1
17379, 1916, -1
11842, 19215, -1
9, 19215, -1
4603, 19215, -1
17379, 19215, -1
11842, 2902, -1
11842, 1545, -1
9, 2902, -1
9, 1545, -1
4603, 2902, -1
4603, 1545, -1
17379, 2902, -1
17379, 1545, -1
11842, 5215, -1
9, 5215, -1
4603, 5215, -1
17379, 5215, -1
11842, 19497, -1
9, 19497, -1
4603, 19497, -1
17379, 19497, -1
11842, 6327, -1
9, 6327, -1
4603, 6327, -1
17379, 6327, -1
11842, 14930, -1
9, 14930, -1
4603, 14930, -1
17379, 14930, -1
13268, 13244, -1
13268, 16286, -1
13268, 11842, -1
13268, 9, -1
13268, 4603, -1
13268, 17379, -1
13268, 1916, -1
13268, 19215, -1
13268, 2902, -1
13268, 1545, -1
13268, 5215, -1
13268, 19497, -1
13268, 6327, -1
13268, 14930, -1
1916, 13244, -1
1916, 16286, -1
1916, 11842, -1
1916, 9, -1
1916, 4603, -1
1916, 17379, -1
1916, 13268, -1
1916, 19215, -1
1916, 2902, -1
1916, 1545, -1
1916, 5215, -1
1916, 19497, -1
1916, 6327, -1
1916, 14930, -1
19215, 13244, -1
19215, 16286, -1
19215, 11842, -1
19215, 9, -1
19215, 4603, -1
19215, 17379, -1
19215, 13268, -1
19215, 1916, -1
19215, 2902, -1
19215, 1545, -1
19215, 5215, -1
19215, 19497, -1
19215, 6327, -1
19215, 14930, -1
2902, 13244, -1
2902, 16286, -1
1545, 13244, -1
1545, 16286, -1
2902, 11842, -1
2902, 9, -1
2902, 4603, -1
2902, 17379, -1
1545, 11842, -1
1545, 9, -1
1545, 4603, -1
1545, 17379, -1
2902, 13268, -1
1545, 13268, -1
2902, 1916, -1
1545, 1916, -1
2902, 19215, -1
1545, 19215, -1
2902, 5215, -1
1545, 5215, -1
2902, 19497, -1
1545, 19497, -1
2902, 6327, -1
1545, 6327, -1
2902, 14930, -1
1545, 14930, -1
5215, 13244, -1
5215, 16286, -1
5215, 11842, -1
5215, 9, -1
5215, 4603, -1
5215, 17379, -1
5215, 13268, -1
5215, 1916, -1
5215, 19215, -1
5215, 2902, -1
5215, 1545, -1
5215, 19497, -1
5215, 6327, -1
5215, 14930, -1
19497, 13244, -1
19497, 16286, -1
19497, 11842, -1
19497, 9, -1
19497, 4603, -1
19497, 17379, -1
19497, 13268, -1
19497, 1916, -1
19497, 19215, -1
19497, 2902, -1
19497, 1545, -1
19497, 5215, -1
19497, 6327, -1
19497, 14930, -1
6327, 13244, -1
6327, 16286, -1
6327, 11842, -1
6327, 9, -1
6327, 4603, -1
6327, 17379, -1
6327, 13268, -1
6327, 1916, -1
6327, 19215, -1
6327, 2902, -1
6327, 1545, -1
6327, 5215, -1
6327, 19497, -1
6327, 14930, -1
14930, 13244, -1
14930, 16286, -1
14930, 11842, -1
14930, 9, -1
14930, 4603, -1
14930, 17379, -1
14930, 13268, -1
14930, 1916, -1
14930, 19215, -1
14930, 2902, -1
14930, 1545, -1
14930, 5215, -1
14930, 19497, -1
14930, 6327, -1

13244, 16286, 1
16286, 13244, 1
11842, 9, 1
11842, 4603, 1
11842, 17379, 1
9, 11842, 1
9, 4603, 1
9, 17379, 1
4603, 11842, 1
4603, 9, 1
4603, 17379, 1
17379, 11842, 1
17379, 9, 1
17379, 4603, 1
2902, 1545, 1
1545, 2902, 1
13244, 11842, -1
13244, 9, -1
13244, 4603, -1
13244, 17379, -1
16286, 11842, -1
16286, 9, -1
16286, 4603, -1
16286, 17379, -1
13244, 13268, -1
16286, 13268, -1
13244, 1916, -1
16286, 1916, -1
13244, 19215, -1
16286, 19215, -1
13244, 2902, -1
13244, 1545, -1
16286, 2902, -1
16286, 1545, -1
13244, 5215, -1
16286, 5215, -1
13244, 19497, -1
16286, 19497, -1
13244, 6327, -1
16286, 6327, -1
13244, 14930, -1
16286, 14930, -1
13244, 14776, -1
16286, 14776, -1
11842, 13244, -1
11842, 16286, -1
9, 13244, -1
9, 16286, -1
4603, 13244, -1
4603, 16286, -1
17379, 13244, -1
17379, 16286, -1
11842, 13268, -1
9, 13268, -1
4603, 13268, -1
17379, 13268, -1
11842, 1916, -1
9, 1916, -1
4603, 1916, -1
17379, 1916, -1
11842, 19215, -1
9, 19215, -1
4603, 19215, -1
17379, 19215, -1
11842, 2902, -1
11842, 1545, -1
9, 2902, -1
9, 1545, -1
4603, 2902, -1
4603, 1545, -1
17379, 2902, -1
17379, 1545, -1
11842, 5215, -1
9, 5215, -1
4603, 5215, -1
17379, 5215, -1
11842, 19497, -1
9, 19497, -1
4603, 19497, -1
17379, 19497, -1
11842, 6327, -1
9, 6327, -1
4603, 6327, -1
17379, 6327, -1
11842, 14930, -1
9, 14930, -1
4603, 14930, -1
17379, 14930, -1
11842, 14776, -1
9, 14776, -1
4603, 14776, -1
17379, 14776, -1
13268, 13244, -1
13268, 16286, -1
13268, 11842, -1
13268, 9, -1
13268, 4603, -1
13268, 17379, -1
13268, 1916, -1
13268, 19215, -1
13268, 2902, -1
13268, 1545, -1
13268, 5215, -1
13268, 19497, -1
13268, 6327, -1
13268, 14930, -1
13268, 14776, -1
1916, 13244, -1
1916, 16286, -1
1916, 11842, -1
1916, 9, -1
1916, 4603, -1
1916, 17379, -1
1916, 13268, -1
1916, 19215, -1
1916, 2902, -1
1916, 1545, -1
1916, 5215, -1
1916, 19497, -1
1916, 6327, -1
1916, 14930, -1
1916, 14776, -1
19215, 13244, -1
19215, 16286, -1
19215, 11842, -1
19215, 9, -1
19215, 4603, -1
19215, 17379, -1
19215, 13268, -1
19215, 1916, -1
19215, 2902, -1
19215, 1545, -1
19215, 5215, -1
19215, 19497, -1
19215, 6327, -1
19215, 14930, -1
19215, 14776, -1
2902, 13244, -1
2902, 16286, -1
1545, 13244, -1
1545, 16286, -1
2902, 11842, -1
2902, 9, -1
2902, 4603, -1
2902, 17379, -1
1545, 11842, -1
1545, 9, -1
1545, 4603, -1
1545, 17379, -1
2902, 13268, -1
1545, 13268, -1
2902, 1916, -1
1545, 1916, -1
2902, 19215, -1
1545, 19215, -1
2902, 5215, -1
1545, 5215, -1
2902, 19497, -1
1545, 19497, -1
2902, 6327, -1
1545, 6327, -1
2902, 14930, -1
1545, 14930, -1
2902, 14776, -1
1545, 14776, -1
5215, 13244, -1
5215, 16286, -1
5215, 11842, -1
5215, 9, -1
5215, 4603, -1
5215, 17379, -1
5215, 13268, -1
5215, 1916, -1
5215, 19215, -1
5215, 2902, -1
5215, 1545, -1
5215, 19497, -1
5215, 6327, -1
5215, 14930, -1
5215, 14776, -1
19497, 13244, -1
19497, 16286, -1
19497, 11842, -1
19497, 9, -1
19497, 4603, -1
19497, 17379, -1
19497, 13268, -1
19497, 1916, -1
19497, 19215, -1
19497, 2902, -1
19497, 1545, -1
19497, 5215, -1
19497, 6327, -1
19497, 14930, -1
19497, 14776, -1
6327, 13244, -1
6327, 16286, -1
6327, 11842, -1
6327, 9, -1
6327, 4603, -1
6327, 17379, -1
6327, 13268, -1
6327, 1916, -1
6327, 19215, -1
6327, 2902, -1
6327, 1545, -1
6327, 5215, -1
6327, 19497, -1
6327, 14930, -1
6327, 14776, -1
14930, 13244, -1
14930, 16286, -1
14930, 11842, -1
14930, 9, -1
14930, 4603, -1
14930, 17379, -1
14930, 13268, -1
14930, 1916, -1
14930, 19215, -1
14930, 2902, -1
14930, 1545, -1
14930, 5215, -1
14930, 19497, -1
14930, 6327, -1
14930, 14776, -1
14776, 13244, -1
14776, 16286, -1
14776, 11842, -1
14776, 9, -1
14776, 4603, -1
14776, 17379, -1
14776, 13268, -1
14776, 1916, -1
14776, 19215, -1
14776, 2902, -1
14776, 1545, -1
14776, 5215, -1
14776, 19497, -1
14776, 6327, -1
14776, 14930, -1

13244, 16286, 1
16286, 13244, 1
11842, 9, 1
11842, 4603, 1
11842, 17379, 1
9, 11842, 1
9, 4603, 1
9, 17379, 1
4603, 11842, 1
4603, 9, 1
4603, 17379, 1
17379, 11842, 1
17379, 9, 1
17379, 4603, 1
2902, 1545, 1
1545, 2902, 1
13244, 11842, -1
13244, 9, -1
13244, 4603, -1
13244, 17379, -1
16286, 11842, -1
16286, 9, -1
16286, 4603, -1
16286, 17379, -1
13244, 13268, -1
16286, 13268, -1
13244, 1916, -1
16286, 1916, -1
13244, 19215, -1
16286, 19215, -1
13244, 2902, -1
13244, 1545, -1
16286, 2902, -1
16286, 1545, -1
13244, 5215, -1
16286, 5215, -1
13244, 19497, -1
16286, 19497, -1
13244, 6327, -1
16286, 6327, -1
13244, 14930, -1
16286, 14930, -1
13244, 14776, -1
16286, 14776, -1
11842, 13244, -1
11842, 16286, -1
9, 13244, -1
9, 16286, -1
4603, 13244, -1
4603, 16286, -1
17379, 13244, -1
17379, 16286, -1
11842, 13268, -1
9, 13268, -1
4603, 13268, -1
17379, 13268, -1
11842, 1916, -1
9, 1916, -1
4603, 1916, -1
17379, 1916, -1
11842, 19215, -1
9, 19215, -1
4603, 19215, -1
17379, 19215, -1
11842, 2902, -1
11842, 1545, -1
9, 2902, -1
9, 1545, -1
4603, 2902, -1
4603, 1545, -1
17379, 2902, -1
17379, 1545, -1
11842, 5215, -1
9, 5215, -1
4603, 5215, -1
17379, 5215, -1
11842, 19497, -1
9, 19497, -1
4603, 19497, -1
17379, 19497, -1
11842, 6327, -1
9, 6327, -1
4603, 6327, -1
17379, 6327, -1
11842, 14930, -1
9, 14930, -1
4603, 14930, -1
17379, 14930, -1
11842, 14776, -1
9, 14776, -1
4603, 14776, -1
17379, 14776, -1
13268, 13244, -1
13268, 16286, -1
13268, 11842, -1
13268, 9, -1
13268, 4603, -1
13268, 17379, -1
13268, 1916, -1
13268, 19215, -1
13268, 2902, -1
13268, 1545, -1
13268, 5215, -1
13268, 19497, -1
13268, 6327, -1
13268, 14930, -1
13268, 14776, -1
1916, 13244, -1
1916, 16286, -1
1916, 11842, -1
1916, 9, -1
1916, 4603, -1
1916, 17379, -1
1916, 13268, -1
1916, 19215, -1
1916, 2902, -1
1916, 1545, -1
1916, 5215, -1
1916, 19497, -1
1916, 6327, -1
1916, 14930, -1
1916, 14776, -1
19215, 13244, -1
19215, 16286, -1
19215, 11842, -1
19215, 9, -1
19215, 4603, -1
19215, 17379, -1
19215, 13268, -1
19215, 1916, -1
19215, 2902, -1
19215, 1545, -1
19215, 5215, -1
19215, 19497, -1
19215, 6327, -1
19215, 14930, -1
19215, 14776, -1
2902, 13244, -1
2902, 16286, -1
1545, 13244, -1
1545, 16286, -1
2902, 11842, -1
2902, 9, -1
2902, 4603, -1
2902, 17379, -1
1545, 11842, -1
1545, 9, -1
1545, 4603, -1
1545, 17379, -1
2902, 13268, -1
1545, 13268, -1
2902, 1916, -1
1545, 1916, -1
2902, 19215, -1
1545, 19215, -1
2902, 5215, -1
1545, 5215, -1
2902, 19497, -1
1545, 19497, -1
2902, 6327, -1
1545, 6327, -1
2902, 14930, -1
1545, 14930, -1
2902, 14776, -1
1545, 14776, -1
5215, 13244, -1
5215, 16286, -1
5215, 11842, -1
5215, 9, -1
5215, 4603, -1
5215, 17379, -1
5215, 13268, -1
5215, 1916, -1
5215, 19215, -1
5215, 2902, -1
5215, 1545, -1
5215, 19497, -1
5215, 6327, -1
5215, 14930, -1
5215, 14776, -1
19497, 13244, -1
19497, 16286, -1
19497, 11842, -1
19497, 9, -1
19497, 4603, -1
19497, 17379, -1
19497, 13268, -1
19497, 1916, -1
19497, 19215, -1
19497, 2902, -1
19497, 1545, -1
19497, 5215, -1
19497, 6327, -1
19497, 14930, -1
19497, 14776, -1
6327, 13244, -1
6327, 16286, -1
6327, 11842, -1
6327, 9, -1
6327, 4603, -1
6327, 17379, -1
6327, 13268, -1
6327, 1916, -1
6327, 19215, -1
6327, 2902, -1
6327, 1545, -1
6327, 5215, -1
6327, 19497, -1
6327, 14930, -1
6327, 14776, -1
14930, 13244, -1
14930, 16286, -1
14930, 11842, -1
14930, 9, -1
14930, 4603, -1
14930, 17379, -1
14930, 13268, -1
14930, 1916, -1
14930, 19215, -1
14930, 2902, -1
14930, 1545, -1
14930, 5215, -1
14930, 19497, -1
14930, 6327, -1
14930, 14776, -1
14776, 13244, -1
14776, 16286, -1
14776, 11842, -1
14776, 9, -1
14776, 4603, -1
14776, 17379, -1
14776, 13268, -1
14776, 1916, -1
14776, 19215, -1
14776, 2902, -1
14776, 1545, -1
14776, 5215, -1
14776, 19497, -1
14776, 6327, -1
14776, 14930, -1

13244, 16286, 1
16286, 13244, 1
11842, 9, 1
11842, 4603, 1
11842, 17379, 1
9, 11842, 1
9, 4603, 1
9, 17379, 1
4603, 11842, 1
4603, 9, 1
4603, 17379, 1
17379, 11842, 1
17379, 9, 1
17379, 4603, 1
2902, 1545, 1
1545, 2902, 1
13244, 11842, -1
13244, 9, -1
13244, 4603, -1
13244, 17379, -1
16286, 11842, -1
16286, 9, -1
16286, 4603, -1
16286, 17379, -1
13244, 13268, -1
16286, 13268, -1
13244, 1916, -1
16286, 1916, -1
13244, 19215, -1
16286, 19215, -1
13244, 2902, -1
13244, 1545, -1
16286, 2902, -1
16286, 1545, -1
13244, 5215, -1
16286, 5215, -1
13244, 19497, -1
16286, 19497, -1
13244, 6327, -1
16286, 6327, -1
13244, 14930, -1
16286, 14930, -1
13244, 14776, -1
16286, 14776, -1
11842, 13244, -1
11842, 16286, -1
9, 13244, -1
9, 16286, -1
4603, 13244, -1
4603, 16286, -1
17379, 13244, -1
17379, 16286, -1
11842, 13268, -1
9, 13268, -1
4603, 13268, -1
17379, 13268, -1
11842, 1916, -1
9, 1916, -1
4603, 1916, -1
17379, 1916, -1
11842, 19215, -1
9, 19215, -1
4603, 19215, -1
17379, 19215, -1
11842, 2902, -1
11842, 1545, -1
9, 2902, -1
9, 1545, -1
4603, 2902, -1
4603, 1545, -1
17379, 2902, -1
17379, 1545, -1
11842, 5215, -1
9, 5215, -1
4603, 5215, -1
17379, 5215, -1
11842, 19497, -1
9, 19497, -1
4603, 19497, -1
17379, 19497, -1
11842, 6327, -1
9, 6327, -1
4603, 6327, -1
17379, 6327, -1
11842, 14930, -1
9, 14930, -1
4603, 14930, -1
17379, 14930, -1
11842, 14776, -1
9, 14776, -1
4603, 14776, -1
17379, 14776, -1
13268, 13244, -1
13268, 16286, -1
13268, 11842, -1
13268, 9, -1
13268, 4603, -1
13268, 17379, -1
13268, 1916, -1
13268, 19215, -1
13268, 2902, -1
13268, 1545, -1
13268, 5215, -1
13268, 19497, -1
13268, 6327, -1
13268, 14930, -1
13268, 14776, -1
1916, 13244, -1
1916, 16286, -1
1916, 11842, -1
1916, 9, -1
1916, 4603, -1
1916, 17379, -1
1916, 13268, -1
1916, 19215, -1
1916, 2902, -1
1916, 1545, -1
1916, 5215, -1
1916, 19497, -1
1916, 6327, -1
1916, 14930, -1
1916, 14776, -1
19215, 13244, -1
19215, 16286, -1
19215, 11842, -1
19215, 9, -1
19215, 4603, -1
19215, 17379, -1
19215, 13268, -1
19215, 1916, -1
19215, 2902, -1
19215, 1545, -1
19215, 5215, -1
19215, 19497, -1
19215, 6327, -1
19215, 14930, -1
19215, 14776, -1
2902, 13244, -1
2902, 16286, -1
1545, 13244, -1
1545, 16286, -1
2902, 11842, -1
2902, 9, -1
2902, 4603, -1
2902, 17379, -1
1545, 11842, -1
1545, 9, -1
1545, 4603, -1
1545, 17379, -1
2902, 13268, -1
1545, 13268, -1
2902, 1916, -1
1545, 1916, -1
2902, 19215, -1
1545, 19215, -1
2902, 5215, -1
1545, 5215, -1
2902, 19497, -1
1545, 19497, -1
2902, 6327, -1
1545, 6327, -1
2902, 14930, -1
1545, 14930, -1
2902, 14776, -1
1545, 14776, -1
5215, 13244, -1
5215, 16286, -1
5215, 11842, -1
5215, 9, -1
5215, 4603, -1
5215, 17379, -1
5215, 13268, -1
5215, 1916, -1
5215, 19215, -1
5215, 2902, -1
5215, 1545, -1
5215, 19497, -1
5215, 6327, -1
5215, 14930, -1
5215, 14776, -1
19497, 13244, -1
19497, 16286, -1
19497, 11842, -1
19497, 9, -1
19497, 4603, -1
19497, 17379, -1
19497, 13268, -1
19497, 1916, -1
19497, 19215, -1
19497, 2902, -1
19497, 1545, -1
19497, 5215, -1
19497, 6327, -1
19497, 14930, -1
19497, 14776, -1
6327, 13244, -1
6327, 16286, -1
6327, 11842, -1
6327, 9, -1
6327, 4603, -1
6327, 17379, -1
6327, 13268, -1
6327, 1916, -1
6327, 19215, -1
6327, 2902, -1
6327, 1545, -1
6327, 5215, -1
6327, 19497, -1
6327, 14930, -1
6327, 14776, -1
14930, 13244, -1
14930, 16286, -1
14930, 11842, -1
14930, 9, -1
14930, 4603, -1
14930, 17379, -1
14930, 13268, -1
14930, 1916, -1
14930, 19215, -1
14930, 2902, -1
14930, 1545, -1
14930, 5215, -1
14930, 19497, -1
14930, 6327, -1
14930, 14776, -1
14776, 13244, -1
14776, 16286, -1
14776, 11842, -1
14776, 9, -1
14776, 4603, -1
14776, 17379, -1
14776, 13268, -1
14776, 1916, -1
14776, 19215, -1
14776, 2902, -1
14776, 1545, -1
14776, 5215, -1
14776, 19497, -1
14776, 6327, -1
14776, 14930, -1

