1846, 9517, 1
1846, 5955, 1
9517, 1846, 1
9517, 5955, 1
5955, 1846, 1
5955, 9517, 1
1846, 2902, -1
9517, 2902, -1
5955, 2902, -1
1846, 3685, -1
9517, 3685, -1
5955, 3685, -1
1846, 3652, -1
9517, 3652, -1
5955, 3652, -1
2902, 1846, -1
2902, 9517, -1
2902, 5955, -1
2902, 3685, -1
2902, 3652, -1
3685, 1846, -1
3685, 9517, -1
3685, 5955, -1
3685, 2902, -1
3685, 3652, -1
3652, 1846, -1
3652, 9517, -1
3652, 5955, -1
3652, 2902, -1
3652, 3685, -1

1846, 9517, 1
1846, 5955, 1
1846, 19979, 1
9517, 1846, 1
9517, 5955, 1
9517, 19979, 1
5955, 1846, 1
5955, 9517, 1
5955, 19979, 1
19979, 1846, 1
19979, 9517, 1
19979, 5955, 1
1846, 2902, -1
9517, 2902, -1
5955, 2902, -1
19979, 2902, -1
1846, 3685, -1
9517, 3685, -1
5955, 3685, -1
19979, 3685, -1
1846, 3652, -1
9517, 3652, -1
5955, 3652, -1
19979, 3652, -1
1846, 6599, -1
9517, 6599, -1
5955, 6599, -1
19979, 6599, -1
1846, 12649, -1
9517, 12649, -1
5955, 12649, -1
19979, 12649, -1
2902, 1846, -1
2902, 9517, -1
2902, 5955, -1
2902, 19979, -1
2902, 3685, -1
2902, 3652, -1
2902, 6599, -1
2902, 12649, -1
3685, 1846, -1
3685, 9517, -1
3685, 5955, -1
3685, 19979, -1
3685, 2902, -1
3685, 3652, -1
3685, 6599, -1
3685, 12649, -1
3652, 1846, -1
3652, 9517, -1
3652, 5955, -1
3652, 19979, -1
3652, 2902, -1
3652, 3685, -1
3652, 6599, -1
3652, 12649, -1
6599, 1846, -1
6599, 9517, -1
6599, 5955, -1
6599, 19979, -1
6599, 2902, -1
6599, 3685, -1
6599, 3652, -1
6599, 12649, -1
12649, 1846, -1
12649, 9517, -1
12649, 5955, -1
12649, 19979, -1
12649, 2902, -1
12649, 3685, -1
12649, 3652, -1
12649, 6599, -1

1846, 9517, 1
1846, 5955, 1
1846, 19979, 1
9517, 1846, 1
9517, 5955, 1
9517, 19979, 1
5955, 1846, 1
5955, 9517, 1
5955, 19979, 1
19979, 1846, 1
19979, 9517, 1
19979, 5955, 1
1846, 2902, -1
9517, 2902, -1
5955, 2902, -1
19979, 2902, -1
1846, 3685, -1
9517, 3685, -1
5955, 3685, -1
19979, 3685, -1
1846, 3652, -1
9517, 3652, -1
5955, 3652, -1
19979, 3652, -1
1846, 6599, -1
9517, 6599, -1
5955, 6599, -1
19979, 6599, -1
1846, 12649, -1
9517, 12649, -1
5955, 12649, -1
19979, 12649, -1
1846, 14744, -1
9517, 14744, -1
5955, 14744, -1
19979, 14744, -1
2902, 1846, -1
2902, 9517, -1
2902, 5955, -1
2902, 19979, -1
2902, 3685, -1
2902, 3652, -1
2902, 6599, -1
2902, 12649, -1
2902, 14744, -1
3685, 1846, -1
3685, 9517, -1
3685, 5955, -1
3685, 19979, -1
3685, 2902, -1
3685, 3652, -1
3685, 6599, -1
3685, 12649, -1
3685, 14744, -1
3652, 1846, -1
3652, 9517, -1
3652, 5955, -1
3652, 19979, -1
3652, 2902, -1
3652, 3685, -1
3652, 6599, -1
3652, 12649, -1
3652, 14744, -1
6599, 1846, -1
6599, 9517, -1
6599, 5955, -1
6599, 19979, -1
6599, 2902, -1
6599, 3685, -1
6599, 3652, -1
6599, 12649, -1
6599, 14744, -1
12649, 1846, -1
12649, 9517, -1
12649, 5955, -1
12649, 19979, -1
12649, 2902, -1
12649, 3685, -1
12649, 3652, -1
12649, 6599, -1
12649, 14744, -1
14744, 1846, -1
14744, 9517, -1
14744, 5955, -1
14744, 19979, -1
14744, 2902, -1
14744, 3685, -1
14744, 3652, -1
14744, 6599, -1
14744, 12649, -1

1846, 9517, 1
1846, 5955, 1
1846, 19979, 1
9517, 1846, 1
9517, 5955, 1
9517, 19979, 1
5955, 1846, 1
5955, 9517, 1
5955, 19979, 1
19979, 1846, 1
19979, 9517, 1
19979, 5955, 1
1846, 2902, -1
9517, 2902, -1
5955, 2902, -1
19979, 2902, -1
1846, 3685, -1
9517, 3685, -1
5955, 3685, -1
19979, 3685, -1
1846, 3652, -1
9517, 3652, -1
5955, 3652, -1
19979, 3652, -1
1846, 6599, -1
9517, 6599, -1
5955, 6599, -1
19979, 6599, -1
1846, 12649, -1
9517, 12649, -1
5955, 12649, -1
19979, 12649, -1
1846, 14744, -1
9517, 14744, -1
5955, 14744, -1
19979, 14744, -1
1846, 17218, -1
9517, 17218, -1
5955, 17218, -1
19979, 17218, -1
2902, 1846, -1
2902, 9517, -1
2902, 5955, -1
2902, 19979, -1
2902, 3685, -1
2902, 3652, -1
2902, 6599, -1
2902, 12649, -1
2902, 14744, -1
2902, 17218, -1
3685, 1846, -1
3685, 9517, -1
3685, 5955, -1
3685, 19979, -1
3685, 2902, -1
3685, 3652, -1
3685, 6599, -1
3685, 12649, -1
3685, 14744, -1
3685, 17218, -1
3652, 1846, -1
3652, 9517, -1
3652, 5955, -1
3652, 19979, -1
3652, 2902, -1
3652, 3685, -1
3652, 6599, -1
3652, 12649, -1
3652, 14744, -1
3652, 17218, -1
6599, 1846, -1
6599, 9517, -1
6599, 5955, -1
6599, 19979, -1
6599, 2902, -1
6599, 3685, -1
6599, 3652, -1
6599, 12649, -1
6599, 14744, -1
6599, 17218, -1
12649, 1846, -1
12649, 9517, -1
12649, 5955, -1
12649, 19979, -1
12649, 2902, -1
12649, 3685, -1
12649, 3652, -1
12649, 6599, -1
12649, 14744, -1
12649, 17218, -1
14744, 1846, -1
14744, 9517, -1
14744, 5955, -1
14744, 19979, -1
14744, 2902, -1
14744, 3685, -1
14744, 3652, -1
14744, 6599, -1
14744, 12649, -1
14744, 17218, -1
17218, 1846, -1
17218, 9517, -1
17218, 5955, -1
17218, 19979, -1
17218, 2902, -1
17218, 3685, -1
17218, 3652, -1
17218, 6599, -1
17218, 12649, -1
17218, 14744, -1

1846, 9517, 1
1846, 5955, 1
1846, 19979, 1
9517, 1846, 1
9517, 5955, 1
9517, 19979, 1
5955, 1846, 1
5955, 9517, 1
5955, 19979, 1
19979, 1846, 1
19979, 9517, 1
19979, 5955, 1
1846, 2902, -1
9517, 2902, -1
5955, 2902, -1
19979, 2902, -1
1846, 3685, -1
9517, 3685, -1
5955, 3685, -1
19979, 3685, -1
1846, 3652, -1
9517, 3652, -1
5955, 3652, -1
19979, 3652, -1
1846, 6599, -1
9517, 6599, -1
5955, 6599, -1
19979, 6599, -1
1846, 12649, -1
9517, 12649, -1
5955, 12649, -1
19979, 12649, -1
1846, 14744, -1
9517, 14744, -1
5955, 14744, -1
19979, 14744, -1
1846, 17218, -1
9517, 17218, -1
5955, 17218, -1
19979, 17218, -1
1846, 14073, -1
9517, 14073, -1
5955, 14073, -1
19979, 14073, -1
2902, 1846, -1
2902, 9517, -1
2902, 5955, -1
2902, 19979, -1
2902, 3685, -1
2902, 3652, -1
2902, 6599, -1
2902, 12649, -1
2902, 14744, -1
2902, 17218, -1
2902, 14073, -1
3685, 1846, -1
3685, 9517, -1
3685, 5955, -1
3685, 19979, -1
3685, 2902, -1
3685, 3652, -1
3685, 6599, -1
3685, 12649, -1
3685, 14744, -1
3685, 17218, -1
3685, 14073, -1
3652, 1846, -1
3652, 9517, -1
3652, 5955, -1
3652, 19979, -1
3652, 2902, -1
3652, 3685, -1
3652, 6599, -1
3652, 12649, -1
3652, 14744, -1
3652, 17218, -1
3652, 14073, -1
6599, 1846, -1
6599, 9517, -1
6599, 5955, -1
6599, 19979, -1
6599, 2902, -1
6599, 3685, -1
6599, 3652, -1
6599, 12649, -1
6599, 14744, -1
6599, 17218, -1
6599, 14073, -1
12649, 1846, -1
12649, 9517, -1
12649, 5955, -1
12649, 19979, -1
12649, 2902, -1
12649, 3685, -1
12649, 3652, -1
12649, 6599, -1
12649, 14744, -1
12649, 17218, -1
12649, 14073, -1
14744, 1846, -1
14744, 9517, -1
14744, 5955, -1
14744, 19979, -1
14744, 2902, -1
14744, 3685, -1
14744, 3652, -1
14744, 6599, -1
14744, 12649, -1
14744, 17218, -1
14744, 14073, -1
17218, 1846, -1
17218, 9517, -1
17218, 5955, -1
17218, 19979, -1
17218, 2902, -1
17218, 3685, -1
17218, 3652, -1
17218, 6599, -1
17218, 12649, -1
17218, 14744, -1
17218, 14073, -1
14073, 1846, -1
14073, 9517, -1
14073, 5955, -1
14073, 19979, -1
14073, 2902, -1
14073, 3685, -1
14073, 3652, -1
14073, 6599, -1
14073, 12649, -1
14073, 14744, -1
14073, 17218, -1

1846, 9517, 1
1846, 5955, 1
1846, 19979, 1
9517, 1846, 1
9517, 5955, 1
9517, 19979, 1
5955, 1846, 1
5955, 9517, 1
5955, 19979, 1
19979, 1846, 1
19979, 9517, 1
19979, 5955, 1
1846, 2902, -1
9517, 2902, -1
5955, 2902, -1
19979, 2902, -1
1846, 3685, -1
9517, 3685, -1
5955, 3685, -1
19979, 3685, -1
1846, 3652, -1
9517, 3652, -1
5955, 3652, -1
19979, 3652, -1
1846, 6599, -1
9517, 6599, -1
5955, 6599, -1
19979, 6599, -1
1846, 12649, -1
9517, 12649, -1
5955, 12649, -1
19979, 12649, -1
1846, 14744, -1
9517, 14744, -1
5955, 14744, -1
19979, 14744, -1
1846, 17218, -1
9517, 17218, -1
5955, 17218, -1
19979, 17218, -1
1846, 14073, -1
9517, 14073, -1
5955, 14073, -1
19979, 14073, -1
1846, 8167, -1
9517, 8167, -1
5955, 8167, -1
19979, 8167, -1
2902, 1846, -1
2902, 9517, -1
2902, 5955, -1
2902, 19979, -1
2902, 3685, -1
2902, 3652, -1
2902, 6599, -1
2902, 12649, -1
2902, 14744, -1
2902, 17218, -1
2902, 14073, -1
2902, 8167, -1
3685, 1846, -1
3685, 9517, -1
3685, 5955, -1
3685, 19979, -1
3685, 2902, -1
3685, 3652, -1
3685, 6599, -1
3685, 12649, -1
3685, 14744, -1
3685, 17218, -1
3685, 14073, -1
3685, 8167, -1
3652, 1846, -1
3652, 9517, -1
3652, 5955, -1
3652, 19979, -1
3652, 2902, -1
3652, 3685, -1
3652, 6599, -1
3652, 12649, -1
3652, 14744, -1
3652, 17218, -1
3652, 14073, -1
3652, 8167, -1
6599, 1846, -1
6599, 9517, -1
6599, 5955, -1
6599, 19979, -1
6599, 2902, -1
6599, 3685, -1
6599, 3652, -1
6599, 12649, -1
6599, 14744, -1
6599, 17218, -1
6599, 14073, -1
6599, 8167, -1
12649, 1846, -1
12649, 9517, -1
12649, 5955, -1
12649, 19979, -1
12649, 2902, -1
12649, 3685, -1
12649, 3652, -1
12649, 6599, -1
12649, 14744, -1
12649, 17218, -1
12649, 14073, -1
12649, 8167, -1
14744, 1846, -1
14744, 9517, -1
14744, 5955, -1
14744, 19979, -1
14744, 2902, -1
14744, 3685, -1
14744, 3652, -1
14744, 6599, -1
14744, 12649, -1
14744, 17218, -1
14744, 14073, -1
14744, 8167, -1
17218, 1846, -1
17218, 9517, -1
17218, 5955, -1
17218, 19979, -1
17218, 2902, -1
17218, 3685, -1
17218, 3652, -1
17218, 6599, -1
17218, 12649, -1
17218, 14744, -1
17218, 14073, -1
17218, 8167, -1
14073, 1846, -1
14073, 9517, -1
14073, 5955, -1
14073, 19979, -1
14073, 2902, -1
14073, 3685, -1
14073, 3652, -1
14073, 6599, -1
14073, 12649, -1
14073, 14744, -1
14073, 17218, -1
14073, 8167, -1
8167, 1846, -1
8167, 9517, -1
8167, 5955, -1
8167, 19979, -1
8167, 2902, -1
8167, 3685, -1
8167, 3652, -1
8167, 6599, -1
8167, 12649, -1
8167, 14744, -1
8167, 17218, -1
8167, 14073, -1

1846, 9517, 1
1846, 5955, 1
1846, 19979, 1
9517, 1846, 1
9517, 5955, 1
9517, 19979, 1
5955, 1846, 1
5955, 9517, 1
5955, 19979, 1
19979, 1846, 1
19979, 9517, 1
19979, 5955, 1
1846, 2902, -1
9517, 2902, -1
5955, 2902, -1
19979, 2902, -1
1846, 3685, -1
9517, 3685, -1
5955, 3685, -1
19979, 3685, -1
1846, 3652, -1
9517, 3652, -1
5955, 3652, -1
19979, 3652, -1
1846, 6599, -1
9517, 6599, -1
5955, 6599, -1
19979, 6599, -1
1846, 12649, -1
9517, 12649, -1
5955, 12649, -1
19979, 12649, -1
1846, 14744, -1
9517, 14744, -1
5955, 14744, -1
19979, 14744, -1
1846, 17218, -1
9517, 17218, -1
5955, 17218, -1
19979, 17218, -1
1846, 14073, -1
9517, 14073, -1
5955, 14073, -1
19979, 14073, -1
1846, 8167, -1
9517, 8167, -1
5955, 8167, -1
19979, 8167, -1
1846, 19936, -1
9517, 19936, -1
5955, 19936, -1
19979, 19936, -1
2902, 1846, -1
2902, 9517, -1
2902, 5955, -1
2902, 19979, -1
2902, 3685, -1
2902, 3652, -1
2902, 6599, -1
2902, 12649, -1
2902, 14744, -1
2902, 17218, -1
2902, 14073, -1
2902, 8167, -1
2902, 19936, -1
3685, 1846, -1
3685, 9517, -1
3685, 5955, -1
3685, 19979, -1
3685, 2902, -1
3685, 3652, -1
3685, 6599, -1
3685, 12649, -1
3685, 14744, -1
3685, 17218, -1
3685, 14073, -1
3685, 8167, -1
3685, 19936, -1
3652, 1846, -1
3652, 9517, -1
3652, 5955, -1
3652, 19979, -1
3652, 2902, -1
3652, 3685, -1
3652, 6599, -1
3652, 12649, -1
3652, 14744, -1
3652, 17218, -1
3652, 14073, -1
3652, 8167, -1
3652, 19936, -1
6599, 1846, -1
6599, 9517, -1
6599, 5955, -1
6599, 19979, -1
6599, 2902, -1
6599, 3685, -1
6599, 3652, -1
6599, 12649, -1
6599, 14744, -1
6599, 17218, -1
6599, 14073, -1
6599, 8167, -1
6599, 19936, -1
12649, 1846, -1
12649, 9517, -1
12649, 5955, -1
12649, 19979, -1
12649, 2902, -1
12649, 3685, -1
12649, 3652, -1
12649, 6599, -1
12649, 14744, -1
12649, 17218, -1
12649, 14073, -1
12649, 8167, -1
12649, 19936, -1
14744, 1846, -1
14744, 9517, -1
14744, 5955, -1
14744, 19979, -1
14744, 2902, -1
14744, 3685, -1
14744, 3652, -1
14744, 6599, -1
14744, 12649, -1
14744, 17218, -1
14744, 14073, -1
14744, 8167, -1
14744, 19936, -1
17218, 1846, -1
17218, 9517, -1
17218, 5955, -1
17218, 19979, -1
17218, 2902, -1
17218, 3685, -1
17218, 3652, -1
17218, 6599, -1
17218, 12649, -1
17218, 14744, -1
17218, 14073, -1
17218, 8167, -1
17218, 19936, -1
14073, 1846, -1
14073, 9517, -1
14073, 5955, -1
14073, 19979, -1
14073, 2902, -1
14073, 3685, -1
14073, 3652, -1
14073, 6599, -1
14073, 12649, -1
14073, 14744, -1
14073, 17218, -1
14073, 8167, -1
14073, 19936, -1
8167, 1846, -1
8167, 9517, -1
8167, 5955, -1
8167, 19979, -1
8167, 2902, -1
8167, 3685, -1
8167, 3652, -1
8167, 6599, -1
8167, 12649, -1
8167, 14744, -1
8167, 17218, -1
8167, 14073, -1
8167, 19936, -1
19936, 1846, -1
19936, 9517, -1
19936, 5955, -1
19936, 19979, -1
19936, 2902, -1
19936, 3685, -1
19936, 3652, -1
19936, 6599, -1
19936, 12649, -1
19936, 14744, -1
19936, 17218, -1
19936, 14073, -1
19936, 8167, -1

1846, 9517, 1
1846, 5955, 1
1846, 19979, 1
9517, 1846, 1
9517, 5955, 1
9517, 19979, 1
5955, 1846, 1
5955, 9517, 1
5955, 19979, 1
19979, 1846, 1
19979, 9517, 1
19979, 5955, 1
3685, 3940, 1
3940, 3685, 1
14744, 15727, 1
15727, 14744, 1
1846, 2902, -1
9517, 2902, -1
5955, 2902, -1
19979, 2902, -1
1846, 3685, -1
1846, 3940, -1
9517, 3685, -1
9517, 3940, -1
5955, 3685, -1
5955, 3940, -1
19979, 3685, -1
19979, 3940, -1
1846, 3652, -1
9517, 3652, -1
5955, 3652, -1
19979, 3652, -1
1846, 6599, -1
9517, 6599, -1
5955, 6599, -1
19979, 6599, -1
1846, 12649, -1
9517, 12649, -1
5955, 12649, -1
19979, 12649, -1
1846, 14744, -1
1846, 15727, -1
9517, 14744, -1
9517, 15727, -1
5955, 14744, -1
5955, 15727, -1
19979, 14744, -1
19979, 15727, -1
1846, 17218, -1
9517, 17218, -1
5955, 17218, -1
19979, 17218, -1
1846, 14073, -1
9517, 14073, -1
5955, 14073, -1
19979, 14073, -1
1846, 8167, -1
9517, 8167, -1
5955, 8167, -1
19979, 8167, -1
1846, 19936, -1
9517, 19936, -1
5955, 19936, -1
19979, 19936, -1
2902, 1846, -1
2902, 9517, -1
2902, 5955, -1
2902, 19979, -1
2902, 3685, -1
2902, 3940, -1
2902, 3652, -1
2902, 6599, -1
2902, 12649, -1
2902, 14744, -1
2902, 15727, -1
2902, 17218, -1
2902, 14073, -1
2902, 8167, -1
2902, 19936, -1
3685, 1846, -1
3685, 9517, -1
3685, 5955, -1
3685, 19979, -1
3940, 1846, -1
3940, 9517, -1
3940, 5955, -1
3940, 19979, -1
3685, 2902, -1
3940, 2902, -1
3685, 3652, -1
3940, 3652, -1
3685, 6599, -1
3940, 6599, -1
3685, 12649, -1
3940, 12649, -1
3685, 14744, -1
3685, 15727, -1
3940, 14744, -1
3940, 15727, -1
3685, 17218, -1
3940, 17218, -1
3685, 14073, -1
3940, 14073, -1
3685, 8167, -1
3940, 8167, -1
3685, 19936, -1
3940, 19936, -1
3652, 1846, -1
3652, 9517, -1
3652, 5955, -1
3652, 19979, -1
3652, 2902, -1
3652, 3685, -1
3652, 3940, -1
3652, 6599, -1
3652, 12649, -1
3652, 14744, -1
3652, 15727, -1
3652, 17218, -1
3652, 14073, -1
3652, 8167, -1
3652, 19936, -1
6599, 1846, -1
6599, 9517, -1
6599, 5955, -1
6599, 19979, -1
6599, 2902, -1
6599, 3685, -1
6599, 3940, -1
6599, 3652, -1
6599, 12649, -1
6599, 14744, -1
6599, 15727, -1
6599, 17218, -1
6599, 14073, -1
6599, 8167, -1
6599, 19936, -1
12649, 1846, -1
12649, 9517, -1
12649, 5955, -1
12649, 19979, -1
12649, 2902, -1
12649, 3685, -1
12649, 3940, -1
12649, 3652, -1
12649, 6599, -1
12649, 14744, -1
12649, 15727, -1
12649, 17218, -1
12649, 14073, -1
12649, 8167, -1
12649, 19936, -1
14744, 1846, -1
14744, 9517, -1
14744, 5955, -1
14744, 19979, -1
15727, 1846, -1
15727, 9517, -1
15727, 5955, -1
15727, 19979, -1
14744, 2902, -1
15727, 2902, -1
14744, 3685, -1
14744, 3940, -1
15727, 3685, -1
15727, 3940, -1
14744, 3652, -1
15727, 3652, -1
14744, 6599, -1
15727, 6599, -1
14744, 12649, -1
15727, 12649, -1
14744, 17218, -1
15727, 17218, -1
14744, 14073, -1
15727, 14073, -1
14744, 8167, -1
15727, 8167, -1
14744, 19936, -1
15727, 19936, -1
17218, 1846, -1
17218, 9517, -1
17218, 5955, -1
17218, 19979, -1
17218, 2902, -1
17218, 3685, -1
17218, 3940, -1
17218, 3652, -1
17218, 6599, -1
17218, 12649, -1
17218, 14744, -1
17218, 15727, -1
17218, 14073, -1
17218, 8167, -1
17218, 19936, -1
14073, 1846, -1
14073, 9517, -1
14073, 5955, -1
14073, 19979, -1
14073, 2902, -1
14073, 3685, -1
14073, 3940, -1
14073, 3652, -1
14073, 6599, -1
14073, 12649, -1
14073, 14744, -1
14073, 15727, -1
14073, 17218, -1
14073, 8167, -1
14073, 19936, -1
8167, 1846, -1
8167, 9517, -1
8167, 5955, -1
8167, 19979, -1
8167, 2902, -1
8167, 3685, -1
8167, 3940, -1
8167, 3652, -1
8167, 6599, -1
8167, 12649, -1
8167, 14744, -1
8167, 15727, -1
8167, 17218, -1
8167, 14073, -1
8167, 19936, -1
19936, 1846, -1
19936, 9517, -1
19936, 5955, -1
19936, 19979, -1
19936, 2902, -1
19936, 3685, -1
19936, 3940, -1
19936, 3652, -1
19936, 6599, -1
19936, 12649, -1
19936, 14744, -1
19936, 15727, -1
19936, 17218, -1
19936, 14073, -1
19936, 8167, -1

1846, 9517, 1
1846, 5955, 1
1846, 19979, 1
9517, 1846, 1
9517, 5955, 1
9517, 19979, 1
5955, 1846, 1
5955, 9517, 1
5955, 19979, 1
19979, 1846, 1
19979, 9517, 1
19979, 5955, 1
3685, 3940, 1
3685, 16286, 1
3940, 3685, 1
3940, 16286, 1
16286, 3685, 1
16286, 3940, 1
6599, 15001, 1
15001, 6599, 1
14744, 15727, 1
15727, 14744, 1
1846, 2902, -1
9517, 2902, -1
5955, 2902, -1
19979, 2902, -1
1846, 3685, -1
1846, 3940, -1
1846, 16286, -1
9517, 3685, -1
9517, 3940, -1
9517, 16286, -1
5955, 3685, -1
5955, 3940, -1
5955, 16286, -1
19979, 3685, -1
19979, 3940, -1
19979, 16286, -1
1846, 3652, -1
9517, 3652, -1
5955, 3652, -1
19979, 3652, -1
1846, 6599, -1
1846, 15001, -1
9517, 6599, -1
9517, 15001, -1
5955, 6599, -1
5955, 15001, -1
19979, 6599, -1
19979, 15001, -1
1846, 12649, -1
9517, 12649, -1
5955, 12649, -1
19979, 12649, -1
1846, 14744, -1
1846, 15727, -1
9517, 14744, -1
9517, 15727, -1
5955, 14744, -1
5955, 15727, -1
19979, 14744, -1
19979, 15727, -1
1846, 17218, -1
9517, 17218, -1
5955, 17218, -1
19979, 17218, -1
1846, 14073, -1
9517, 14073, -1
5955, 14073, -1
19979, 14073, -1
1846, 8167, -1
9517, 8167, -1
5955, 8167, -1
19979, 8167, -1
1846, 19936, -1
9517, 19936, -1
5955, 19936, -1
19979, 19936, -1
2902, 1846, -1
2902, 9517, -1
2902, 5955, -1
2902, 19979, -1
2902, 3685, -1
2902, 3940, -1
2902, 16286, -1
2902, 3652, -1
2902, 6599, -1
2902, 15001, -1
2902, 12649, -1
2902, 14744, -1
2902, 15727, -1
2902, 17218, -1
2902, 14073, -1
2902, 8167, -1
2902, 19936, -1
3685, 1846, -1
3685, 9517, -1
3685, 5955, -1
3685, 19979, -1
3940, 1846, -1
3940, 9517, -1
3940, 5955, -1
3940, 19979, -1
16286, 1846, -1
16286, 9517, -1
16286, 5955, -1
16286, 19979, -1
3685, 2902, -1
3940, 2902, -1
16286, 2902, -1
3685, 3652, -1
3940, 3652, -1
16286, 3652, -1
3685, 6599, -1
3685, 15001, -1
3940, 6599, -1
3940, 15001, -1
16286, 6599, -1
16286, 15001, -1
3685, 12649, -1
3940, 12649, -1
16286, 12649, -1
3685, 14744, -1
3685, 15727, -1
3940, 14744, -1
3940, 15727, -1
16286, 14744, -1
16286, 15727, -1
3685, 17218, -1
3940, 17218, -1
16286, 17218, -1
3685, 14073, -1
3940, 14073, -1
16286, 14073, -1
3685, 8167, -1
3940, 8167, -1
16286, 8167, -1
3685, 19936, -1
3940, 19936, -1
16286, 19936, -1
3652, 1846, -1
3652, 9517, -1
3652, 5955, -1
3652, 19979, -1
3652, 2902, -1
3652, 3685, -1
3652, 3940, -1
3652, 16286, -1
3652, 6599, -1
3652, 15001, -1
3652, 12649, -1
3652, 14744, -1
3652, 15727, -1
3652, 17218, -1
3652, 14073, -1
3652, 8167, -1
3652, 19936, -1
6599, 1846, -1
6599, 9517, -1
6599, 5955, -1
6599, 19979, -1
15001, 1846, -1
15001, 9517, -1
15001, 5955, -1
15001, 19979, -1
6599, 2902, -1
15001, 2902, -1
6599, 3685, -1
6599, 3940, -1
6599, 16286, -1
15001, 3685, -1
15001, 3940, -1
15001, 16286, -1
6599, 3652, -1
15001, 3652, -1
6599, 12649, -1
15001, 12649, -1
6599, 14744, -1
6599, 15727, -1
15001, 14744, -1
15001, 15727, -1
6599, 17218, -1
15001, 17218, -1
6599, 14073, -1
15001, 14073, -1
6599, 8167, -1
15001, 8167, -1
6599, 19936, -1
15001, 19936, -1
12649, 1846, -1
12649, 9517, -1
12649, 5955, -1
12649, 19979, -1
12649, 2902, -1
12649, 3685, -1
12649, 3940, -1
12649, 16286, -1
12649, 3652, -1
12649, 6599, -1
12649, 15001, -1
12649, 14744, -1
12649, 15727, -1
12649, 17218, -1
12649, 14073, -1
12649, 8167, -1
12649, 19936, -1
14744, 1846, -1
14744, 9517, -1
14744, 5955, -1
14744, 19979, -1
15727, 1846, -1
15727, 9517, -1
15727, 5955, -1
15727, 19979, -1
14744, 2902, -1
15727, 2902, -1
14744, 3685, -1
14744, 3940, -1
14744, 16286, -1
15727, 3685, -1
15727, 3940, -1
15727, 16286, -1
14744, 3652, -1
15727, 3652, -1
14744, 6599, -1
14744, 15001, -1
15727, 6599, -1
15727, 15001, -1
14744, 12649, -1
15727, 12649, -1
14744, 17218, -1
15727, 17218, -1
14744, 14073, -1
15727, 14073, -1
14744, 8167, -1
15727, 8167, -1
14744, 19936, -1
15727, 19936, -1
17218, 1846, -1
17218, 9517, -1
17218, 5955, -1
17218, 19979, -1
17218, 2902, -1
17218, 3685, -1
17218, 3940, -1
17218, 16286, -1
17218, 3652, -1
17218, 6599, -1
17218, 15001, -1
17218, 12649, -1
17218, 14744, -1
17218, 15727, -1
17218, 14073, -1
17218, 8167, -1
17218, 19936, -1
14073, 1846, -1
14073, 9517, -1
14073, 5955, -1
14073, 19979, -1
14073, 2902, -1
14073, 3685, -1
14073, 3940, -1
14073, 16286, -1
14073, 3652, -1
14073, 6599, -1
14073, 15001, -1
14073, 12649, -1
14073, 14744, -1
14073, 15727, -1
14073, 17218, -1
14073, 8167, -1
14073, 19936, -1
8167, 1846, -1
8167, 9517, -1
8167, 5955, -1
8167, 19979, -1
8167, 2902, -1
8167, 3685, -1
8167, 3940, -1
8167, 16286, -1
8167, 3652, -1
8167, 6599, -1
8167, 15001, -1
8167, 12649, -1
8167, 14744, -1
8167, 15727, -1
8167, 17218, -1
8167, 14073, -1
8167, 19936, -1
19936, 1846, -1
19936, 9517, -1
19936, 5955, -1
19936, 19979, -1
19936, 2902, -1
19936, 3685, -1
19936, 3940, -1
19936, 16286, -1
19936, 3652, -1
19936, 6599, -1
19936, 15001, -1
19936, 12649, -1
19936, 14744, -1
19936, 15727, -1
19936, 17218, -1
19936, 14073, -1
19936, 8167, -1

1846, 9517, 1
1846, 5955, 1
1846, 19979, 1
9517, 1846, 1
9517, 5955, 1
9517, 19979, 1
5955, 1846, 1
5955, 9517, 1
5955, 19979, 1
19979, 1846, 1
19979, 9517, 1
19979, 5955, 1
3685, 3940, 1
3685, 16286, 1
3940, 3685, 1
3940, 16286, 1
16286, 3685, 1
16286, 3940, 1
6599, 15001, 1
15001, 6599, 1
14744, 15727, 1
15727, 14744, 1
1846, 2902, -1
9517, 2902, -1
5955, 2902, -1
19979, 2902, -1
1846, 3685, -1
1846, 3940, -1
1846, 16286, -1
9517, 3685, -1
9517, 3940, -1
9517, 16286, -1
5955, 3685, -1
5955, 3940, -1
5955, 16286, -1
19979, 3685, -1
19979, 3940, -1
19979, 16286, -1
1846, 3652, -1
9517, 3652, -1
5955, 3652, -1
19979, 3652, -1
1846, 6599, -1
1846, 15001, -1
9517, 6599, -1
9517, 15001, -1
5955, 6599, -1
5955, 15001, -1
19979, 6599, -1
19979, 15001, -1
1846, 12649, -1
9517, 12649, -1
5955, 12649, -1
19979, 12649, -1
1846, 14744, -1
1846, 15727, -1
9517, 14744, -1
9517, 15727, -1
5955, 14744, -1
5955, 15727, -1
19979, 14744, -1
19979, 15727, -1
1846, 17218, -1
9517, 17218, -1
5955, 17218, -1
19979, 17218, -1
1846, 14073, -1
9517, 14073, -1
5955, 14073, -1
19979, 14073, -1
1846, 8167, -1
9517, 8167, -1
5955, 8167, -1
19979, 8167, -1
1846, 19936, -1
9517, 19936, -1
5955, 19936, -1
19979, 19936, -1
2902, 1846, -1
2902, 9517, -1
2902, 5955, -1
2902, 19979, -1
2902, 3685, -1
2902, 3940, -1
2902, 16286, -1
2902, 3652, -1
2902, 6599, -1
2902, 15001, -1
2902, 12649, -1
2902, 14744, -1
2902, 15727, -1
2902, 17218, -1
2902, 14073, -1
2902, 8167, -1
2902, 19936, -1
3685, 1846, -1
3685, 9517, -1
3685, 5955, -1
3685, 19979, -1
3940, 1846, -1
3940, 9517, -1
3940, 5955, -1
3940, 19979, -1
16286, 1846, -1
16286, 9517, -1
16286, 5955, -1
16286, 19979, -1
3685, 2902, -1
3940, 2902, -1
16286, 2902, -1
3685, 3652, -1
3940, 3652, -1
16286, 3652, -1
3685, 6599, -1
3685, 15001, -1
3940, 6599, -1
3940, 15001, -1
16286, 6599, -1
16286, 15001, -1
3685, 12649, -1
3940, 12649, -1
16286, 12649, -1
3685, 14744, -1
3685, 15727, -1
3940, 14744, -1
3940, 15727, -1
16286, 14744, -1
16286, 15727, -1
3685, 17218, -1
3940, 17218, -1
16286, 17218, -1
3685, 14073, -1
3940, 14073, -1
16286, 14073, -1
3685, 8167, -1
3940, 8167, -1
16286, 8167, -1
3685, 19936, -1
3940, 19936, -1
16286, 19936, -1
3652, 1846, -1
3652, 9517, -1
3652, 5955, -1
3652, 19979, -1
3652, 2902, -1
3652, 3685, -1
3652, 3940, -1
3652, 16286, -1
3652, 6599, -1
3652, 15001, -1
3652, 12649, -1
3652, 14744, -1
3652, 15727, -1
3652, 17218, -1
3652, 14073, -1
3652, 8167, -1
3652, 19936, -1
6599, 1846, -1
6599, 9517, -1
6599, 5955, -1
6599, 19979, -1
15001, 1846, -1
15001, 9517, -1
15001, 5955, -1
15001, 19979, -1
6599, 2902, -1
15001, 2902, -1
6599, 3685, -1
6599, 3940, -1
6599, 16286, -1
15001, 3685, -1
15001, 3940, -1
15001, 16286, -1
6599, 3652, -1
15001, 3652, -1
6599, 12649, -1
15001, 12649, -1
6599, 14744, -1
6599, 15727, -1
15001, 14744, -1
15001, 15727, -1
6599, 17218, -1
15001, 17218, -1
6599, 14073, -1
15001, 14073, -1
6599, 8167, -1
15001, 8167, -1
6599, 19936, -1
15001, 19936, -1
12649, 1846, -1
12649, 9517, -1
12649, 5955, -1
12649, 19979, -1
12649, 2902, -1
12649, 3685, -1
12649, 3940, -1
12649, 16286, -1
12649, 3652, -1
12649, 6599, -1
12649, 15001, -1
12649, 14744, -1
12649, 15727, -1
12649, 17218, -1
12649, 14073, -1
12649, 8167, -1
12649, 19936, -1
14744, 1846, -1
14744, 9517, -1
14744, 5955, -1
14744, 19979, -1
15727, 1846, -1
15727, 9517, -1
15727, 5955, -1
15727, 19979, -1
14744, 2902, -1
15727, 2902, -1
14744, 3685, -1
14744, 3940, -1
14744, 16286, -1
15727, 3685, -1
15727, 3940, -1
15727, 16286, -1
14744, 3652, -1
15727, 3652, -1
14744, 6599, -1
14744, 15001, -1
15727, 6599, -1
15727, 15001, -1
14744, 12649, -1
15727, 12649, -1
14744, 17218, -1
15727, 17218, -1
14744, 14073, -1
15727, 14073, -1
14744, 8167, -1
15727, 8167, -1
14744, 19936, -1
15727, 19936, -1
17218, 1846, -1
17218, 9517, -1
17218, 5955, -1
17218, 19979, -1
17218, 2902, -1
17218, 3685, -1
17218, 3940, -1
17218, 16286, -1
17218, 3652, -1
17218, 6599, -1
17218, 15001, -1
17218, 12649, -1
17218, 14744, -1
17218, 15727, -1
17218, 14073, -1
17218, 8167, -1
17218, 19936, -1
14073, 1846, -1
14073, 9517, -1
14073, 5955, -1
14073, 19979, -1
14073, 2902, -1
14073, 3685, -1
14073, 3940, -1
14073, 16286, -1
14073, 3652, -1
14073, 6599, -1
14073, 15001, -1
14073, 12649, -1
14073, 14744, -1
14073, 15727, -1
14073, 17218, -1
14073, 8167, -1
14073, 19936, -1
8167, 1846, -1
8167, 9517, -1
8167, 5955, -1
8167, 19979, -1
8167, 2902, -1
8167, 3685, -1
8167, 3940, -1
8167, 16286, -1
8167, 3652, -1
8167, 6599, -1
8167, 15001, -1
8167, 12649, -1
8167, 14744, -1
8167, 15727, -1
8167, 17218, -1
8167, 14073, -1
8167, 19936, -1
19936, 1846, -1
19936, 9517, -1
19936, 5955, -1
19936, 19979, -1
19936, 2902, -1
19936, 3685, -1
19936, 3940, -1
19936, 16286, -1
19936, 3652, -1
19936, 6599, -1
19936, 15001, -1
19936, 12649, -1
19936, 14744, -1
19936, 15727, -1
19936, 17218, -1
19936, 14073, -1
19936, 8167, -1

