9517, 5955, 1
5955, 9517, 1
16079, 9517, -1
16079, 5955, -1
16079, 2902, -1
16079, 18849, -1
9517, 16079, -1
5955, 16079, -1
9517, 2902, -1
5955, 2902, -1
9517, 18849, -1
5955, 18849, -1
2902, 16079, -1
2902, 9517, -1
2902, 5955, -1
2902, 18849, -1
18849, 16079, -1
18849, 9517, -1
18849, 5955, -1
18849, 2902, -1

9517, 5955, 1
5955, 9517, 1
16079, 9517, -1
16079, 5955, -1
16079, 2902, -1
16079, 18849, -1
16079, 3685, -1
16079, 3365, -1
9517, 16079, -1
5955, 16079, -1
9517, 2902, -1
5955, 2902, -1
9517, 18849, -1
5955, 18849, -1
9517, 3685, -1
5955, 3685, -1
9517, 3365, -1
5955, 3365, -1
2902, 16079, -1
2902, 9517, -1
2902, 5955, -1
2902, 18849, -1
2902, 3685, -1
2902, 3365, -1
18849, 16079, -1
18849, 9517, -1
18849, 5955, -1
18849, 2902, -1
18849, 3685, -1
18849, 3365, -1
3685, 16079, -1
3685, 9517, -1
3685, 5955, -1
3685, 2902, -1
3685, 18849, -1
3685, 3365, -1
3365, 16079, -1
3365, 9517, -1
3365, 5955, -1
3365, 2902, -1
3365, 18849, -1
3365, 3685, -1

9517, 5955, 1
5955, 9517, 1
16079, 9517, -1
16079, 5955, -1
16079, 2902, -1
16079, 18849, -1
16079, 3685, -1
16079, 3365, -1
16079, 2429, -1
9517, 16079, -1
5955, 16079, -1
9517, 2902, -1
5955, 2902, -1
9517, 18849, -1
5955, 18849, -1
9517, 3685, -1
5955, 3685, -1
9517, 3365, -1
5955, 3365, -1
9517, 2429, -1
5955, 2429, -1
2902, 16079, -1
2902, 9517, -1
2902, 5955, -1
2902, 18849, -1
2902, 3685, -1
2902, 3365, -1
2902, 2429, -1
18849, 16079, -1
18849, 9517, -1
18849, 5955, -1
18849, 2902, -1
18849, 3685, -1
18849, 3365, -1
18849, 2429, -1
3685, 16079, -1
3685, 9517, -1
3685, 5955, -1
3685, 2902, -1
3685, 18849, -1
3685, 3365, -1
3685, 2429, -1
3365, 16079, -1
3365, 9517, -1
3365, 5955, -1
3365, 2902, -1
3365, 18849, -1
3365, 3685, -1
3365, 2429, -1
2429, 16079, -1
2429, 9517, -1
2429, 5955, -1
2429, 2902, -1
2429, 18849, -1
2429, 3685, -1
2429, 3365, -1

9517, 5955, 1
5955, 9517, 1
16079, 9517, -1
16079, 5955, -1
16079, 2902, -1
16079, 18849, -1
16079, 3685, -1
16079, 3365, -1
16079, 2429, -1
16079, 14094, -1
9517, 16079, -1
5955, 16079, -1
9517, 2902, -1
5955, 2902, -1
9517, 18849, -1
5955, 18849, -1
9517, 3685, -1
5955, 3685, -1
9517, 3365, -1
5955, 3365, -1
9517, 2429, -1
5955, 2429, -1
9517, 14094, -1
5955, 14094, -1
2902, 16079, -1
2902, 9517, -1
2902, 5955, -1
2902, 18849, -1
2902, 3685, -1
2902, 3365, -1
2902, 2429, -1
2902, 14094, -1
18849, 16079, -1
18849, 9517, -1
18849, 5955, -1
18849, 2902, -1
18849, 3685, -1
18849, 3365, -1
18849, 2429, -1
18849, 14094, -1
3685, 16079, -1
3685, 9517, -1
3685, 5955, -1
3685, 2902, -1
3685, 18849, -1
3685, 3365, -1
3685, 2429, -1
3685, 14094, -1
3365, 16079, -1
3365, 9517, -1
3365, 5955, -1
3365, 2902, -1
3365, 18849, -1
3365, 3685, -1
3365, 2429, -1
3365, 14094, -1
2429, 16079, -1
2429, 9517, -1
2429, 5955, -1
2429, 2902, -1
2429, 18849, -1
2429, 3685, -1
2429, 3365, -1
2429, 14094, -1
14094, 16079, -1
14094, 9517, -1
14094, 5955, -1
14094, 2902, -1
14094, 18849, -1
14094, 3685, -1
14094, 3365, -1
14094, 2429, -1

9517, 5955, 1
5955, 9517, 1
16079, 9517, -1
16079, 5955, -1
16079, 2902, -1
16079, 18849, -1
16079, 3685, -1
16079, 3365, -1
16079, 2429, -1
16079, 14094, -1
16079, 13226, -1
9517, 16079, -1
5955, 16079, -1
9517, 2902, -1
5955, 2902, -1
9517, 18849, -1
5955, 18849, -1
9517, 3685, -1
5955, 3685, -1
9517, 3365, -1
5955, 3365, -1
9517, 2429, -1
5955, 2429, -1
9517, 14094, -1
5955, 14094, -1
9517, 13226, -1
5955, 13226, -1
2902, 16079, -1
2902, 9517, -1
2902, 5955, -1
2902, 18849, -1
2902, 3685, -1
2902, 3365, -1
2902, 2429, -1
2902, 14094, -1
2902, 13226, -1
18849, 16079, -1
18849, 9517, -1
18849, 5955, -1
18849, 2902, -1
18849, 3685, -1
18849, 3365, -1
18849, 2429, -1
18849, 14094, -1
18849, 13226, -1
3685, 16079, -1
3685, 9517, -1
3685, 5955, -1
3685, 2902, -1
3685, 18849, -1
3685, 3365, -1
3685, 2429, -1
3685, 14094, -1
3685, 13226, -1
3365, 16079, -1
3365, 9517, -1
3365, 5955, -1
3365, 2902, -1
3365, 18849, -1
3365, 3685, -1
3365, 2429, -1
3365, 14094, -1
3365, 13226, -1
2429, 16079, -1
2429, 9517, -1
2429, 5955, -1
2429, 2902, -1
2429, 18849, -1
2429, 3685, -1
2429, 3365, -1
2429, 14094, -1
2429, 13226, -1
14094, 16079, -1
14094, 9517, -1
14094, 5955, -1
14094, 2902, -1
14094, 18849, -1
14094, 3685, -1
14094, 3365, -1
14094, 2429, -1
14094, 13226, -1
13226, 16079, -1
13226, 9517, -1
13226, 5955, -1
13226, 2902, -1
13226, 18849, -1
13226, 3685, -1
13226, 3365, -1
13226, 2429, -1
13226, 14094, -1

9517, 5955, 1
5955, 9517, 1
16079, 9517, -1
16079, 5955, -1
16079, 2902, -1
16079, 18849, -1
16079, 3685, -1
16079, 3365, -1
16079, 2429, -1
16079, 14094, -1
16079, 13226, -1
16079, 4244, -1
9517, 16079, -1
5955, 16079, -1
9517, 2902, -1
5955, 2902, -1
9517, 18849, -1
5955, 18849, -1
9517, 3685, -1
5955, 3685, -1
9517, 3365, -1
5955, 3365, -1
9517, 2429, -1
5955, 2429, -1
9517, 14094, -1
5955, 14094, -1
9517, 13226, -1
5955, 13226, -1
9517, 4244, -1
5955, 4244, -1
2902, 16079, -1
2902, 9517, -1
2902, 5955, -1
2902, 18849, -1
2902, 3685, -1
2902, 3365, -1
2902, 2429, -1
2902, 14094, -1
2902, 13226, -1
2902, 4244, -1
18849, 16079, -1
18849, 9517, -1
18849, 5955, -1
18849, 2902, -1
18849, 3685, -1
18849, 3365, -1
18849, 2429, -1
18849, 14094, -1
18849, 13226, -1
18849, 4244, -1
3685, 16079, -1
3685, 9517, -1
3685, 5955, -1
3685, 2902, -1
3685, 18849, -1
3685, 3365, -1
3685, 2429, -1
3685, 14094, -1
3685, 13226, -1
3685, 4244, -1
3365, 16079, -1
3365, 9517, -1
3365, 5955, -1
3365, 2902, -1
3365, 18849, -1
3365, 3685, -1
3365, 2429, -1
3365, 14094, -1
3365, 13226, -1
3365, 4244, -1
2429, 16079, -1
2429, 9517, -1
2429, 5955, -1
2429, 2902, -1
2429, 18849, -1
2429, 3685, -1
2429, 3365, -1
2429, 14094, -1
2429, 13226, -1
2429, 4244, -1
14094, 16079, -1
14094, 9517, -1
14094, 5955, -1
14094, 2902, -1
14094, 18849, -1
14094, 3685, -1
14094, 3365, -1
14094, 2429, -1
14094, 13226, -1
14094, 4244, -1
13226, 16079, -1
13226, 9517, -1
13226, 5955, -1
13226, 2902, -1
13226, 18849, -1
13226, 3685, -1
13226, 3365, -1
13226, 2429, -1
13226, 14094, -1
13226, 4244, -1
4244, 16079, -1
4244, 9517, -1
4244, 5955, -1
4244, 2902, -1
4244, 18849, -1
4244, 3685, -1
4244, 3365, -1
4244, 2429, -1
4244, 14094, -1
4244, 13226, -1

9517, 5955, 1
5955, 9517, 1
16079, 9517, -1
16079, 5955, -1
16079, 2902, -1
16079, 18849, -1
16079, 3685, -1
16079, 3365, -1
16079, 2429, -1
16079, 14094, -1
16079, 13226, -1
16079, 4244, -1
16079, 2441, -1
9517, 16079, -1
5955, 16079, -1
9517, 2902, -1
5955, 2902, -1
9517, 18849, -1
5955, 18849, -1
9517, 3685, -1
5955, 3685, -1
9517, 3365, -1
5955, 3365, -1
9517, 2429, -1
5955, 2429, -1
9517, 14094, -1
5955, 14094, -1
9517, 13226, -1
5955, 13226, -1
9517, 4244, -1
5955, 4244, -1
9517, 2441, -1
5955, 2441, -1
2902, 16079, -1
2902, 9517, -1
2902, 5955, -1
2902, 18849, -1
2902, 3685, -1
2902, 3365, -1
2902, 2429, -1
2902, 14094, -1
2902, 13226, -1
2902, 4244, -1
2902, 2441, -1
18849, 16079, -1
18849, 9517, -1
18849, 5955, -1
18849, 2902, -1
18849, 3685, -1
18849, 3365, -1
18849, 2429, -1
18849, 14094, -1
18849, 13226, -1
18849, 4244, -1
18849, 2441, -1
3685, 16079, -1
3685, 9517, -1
3685, 5955, -1
3685, 2902, -1
3685, 18849, -1
3685, 3365, -1
3685, 2429, -1
3685, 14094, -1
3685, 13226, -1
3685, 4244, -1
3685, 2441, -1
3365, 16079, -1
3365, 9517, -1
3365, 5955, -1
3365, 2902, -1
3365, 18849, -1
3365, 3685, -1
3365, 2429, -1
3365, 14094, -1
3365, 13226, -1
3365, 4244, -1
3365, 2441, -1
2429, 16079, -1
2429, 9517, -1
2429, 5955, -1
2429, 2902, -1
2429, 18849, -1
2429, 3685, -1
2429, 3365, -1
2429, 14094, -1
2429, 13226, -1
2429, 4244, -1
2429, 2441, -1
14094, 16079, -1
14094, 9517, -1
14094, 5955, -1
14094, 2902, -1
14094, 18849, -1
14094, 3685, -1
14094, 3365, -1
14094, 2429, -1
14094, 13226, -1
14094, 4244, -1
14094, 2441, -1
13226, 16079, -1
13226, 9517, -1
13226, 5955, -1
13226, 2902, -1
13226, 18849, -1
13226, 3685, -1
13226, 3365, -1
13226, 2429, -1
13226, 14094, -1
13226, 4244, -1
13226, 2441, -1
4244, 16079, -1
4244, 9517, -1
4244, 5955, -1
4244, 2902, -1
4244, 18849, -1
4244, 3685, -1
4244, 3365, -1
4244, 2429, -1
4244, 14094, -1
4244, 13226, -1
4244, 2441, -1
2441, 16079, -1
2441, 9517, -1
2441, 5955, -1
2441, 2902, -1
2441, 18849, -1
2441, 3685, -1
2441, 3365, -1
2441, 2429, -1
2441, 14094, -1
2441, 13226, -1
2441, 4244, -1

9517, 5955, 1
5955, 9517, 1
16079, 9517, -1
16079, 5955, -1
16079, 2902, -1
16079, 18849, -1
16079, 3685, -1
16079, 3365, -1
16079, 2429, -1
16079, 14094, -1
16079, 13226, -1
16079, 4244, -1
16079, 2441, -1
9517, 16079, -1
5955, 16079, -1
9517, 2902, -1
5955, 2902, -1
9517, 18849, -1
5955, 18849, -1
9517, 3685, -1
5955, 3685, -1
9517, 3365, -1
5955, 3365, -1
9517, 2429, -1
5955, 2429, -1
9517, 14094, -1
5955, 14094, -1
9517, 13226, -1
5955, 13226, -1
9517, 4244, -1
5955, 4244, -1
9517, 2441, -1
5955, 2441, -1
2902, 16079, -1
2902, 9517, -1
2902, 5955, -1
2902, 18849, -1
2902, 3685, -1
2902, 3365, -1
2902, 2429, -1
2902, 14094, -1
2902, 13226, -1
2902, 4244, -1
2902, 2441, -1
18849, 16079, -1
18849, 9517, -1
18849, 5955, -1
18849, 2902, -1
18849, 3685, -1
18849, 3365, -1
18849, 2429, -1
18849, 14094, -1
18849, 13226, -1
18849, 4244, -1
18849, 2441, -1
3685, 16079, -1
3685, 9517, -1
3685, 5955, -1
3685, 2902, -1
3685, 18849, -1
3685, 3365, -1
3685, 2429, -1
3685, 14094, -1
3685, 13226, -1
3685, 4244, -1
3685, 2441, -1
3365, 16079, -1
3365, 9517, -1
3365, 5955, -1
3365, 2902, -1
3365, 18849, -1
3365, 3685, -1
3365, 2429, -1
3365, 14094, -1
3365, 13226, -1
3365, 4244, -1
3365, 2441, -1
2429, 16079, -1
2429, 9517, -1
2429, 5955, -1
2429, 2902, -1
2429, 18849, -1
2429, 3685, -1
2429, 3365, -1
2429, 14094, -1
2429, 13226, -1
2429, 4244, -1
2429, 2441, -1
14094, 16079, -1
14094, 9517, -1
14094, 5955, -1
14094, 2902, -1
14094, 18849, -1
14094, 3685, -1
14094, 3365, -1
14094, 2429, -1
14094, 13226, -1
14094, 4244, -1
14094, 2441, -1
13226, 16079, -1
13226, 9517, -1
13226, 5955, -1
13226, 2902, -1
13226, 18849, -1
13226, 3685, -1
13226, 3365, -1
13226, 2429, -1
13226, 14094, -1
13226, 4244, -1
13226, 2441, -1
4244, 16079, -1
4244, 9517, -1
4244, 5955, -1
4244, 2902, -1
4244, 18849, -1
4244, 3685, -1
4244, 3365, -1
4244, 2429, -1
4244, 14094, -1
4244, 13226, -1
4244, 2441, -1
2441, 16079, -1
2441, 9517, -1
2441, 5955, -1
2441, 2902, -1
2441, 18849, -1
2441, 3685, -1
2441, 3365, -1
2441, 2429, -1
2441, 14094, -1
2441, 13226, -1
2441, 4244, -1

9517, 5955, 1
5955, 9517, 1
16079, 9517, -1
16079, 5955, -1
16079, 2902, -1
16079, 18849, -1
16079, 3685, -1
16079, 3365, -1
16079, 2429, -1
16079, 14094, -1
16079, 13226, -1
16079, 4244, -1
16079, 2441, -1
9517, 16079, -1
5955, 16079, -1
9517, 2902, -1
5955, 2902, -1
9517, 18849, -1
5955, 18849, -1
9517, 3685, -1
5955, 3685, -1
9517, 3365, -1
5955, 3365, -1
9517, 2429, -1
5955, 2429, -1
9517, 14094, -1
5955, 14094, -1
9517, 13226, -1
5955, 13226, -1
9517, 4244, -1
5955, 4244, -1
9517, 2441, -1
5955, 2441, -1
2902, 16079, -1
2902, 9517, -1
2902, 5955, -1
2902, 18849, -1
2902, 3685, -1
2902, 3365, -1
2902, 2429, -1
2902, 14094, -1
2902, 13226, -1
2902, 4244, -1
2902, 2441, -1
18849, 16079, -1
18849, 9517, -1
18849, 5955, -1
18849, 2902, -1
18849, 3685, -1
18849, 3365, -1
18849, 2429, -1
18849, 14094, -1
18849, 13226, -1
18849, 4244, -1
18849, 2441, -1
3685, 16079, -1
3685, 9517, -1
3685, 5955, -1
3685, 2902, -1
3685, 18849, -1
3685, 3365, -1
3685, 2429, -1
3685, 14094, -1
3685, 13226, -1
3685, 4244, -1
3685, 2441, -1
3365, 16079, -1
3365, 9517, -1
3365, 5955, -1
3365, 2902, -1
3365, 18849, -1
3365, 3685, -1
3365, 2429, -1
3365, 14094, -1
3365, 13226, -1
3365, 4244, -1
3365, 2441, -1
2429, 16079, -1
2429, 9517, -1
2429, 5955, -1
2429, 2902, -1
2429, 18849, -1
2429, 3685, -1
2429, 3365, -1
2429, 14094, -1
2429, 13226, -1
2429, 4244, -1
2429, 2441, -1
14094, 16079, -1
14094, 9517, -1
14094, 5955, -1
14094, 2902, -1
14094, 18849, -1
14094, 3685, -1
14094, 3365, -1
14094, 2429, -1
14094, 13226, -1
14094, 4244, -1
14094, 2441, -1
13226, 16079, -1
13226, 9517, -1
13226, 5955, -1
13226, 2902, -1
13226, 18849, -1
13226, 3685, -1
13226, 3365, -1
13226, 2429, -1
13226, 14094, -1
13226, 4244, -1
13226, 2441, -1
4244, 16079, -1
4244, 9517, -1
4244, 5955, -1
4244, 2902, -1
4244, 18849, -1
4244, 3685, -1
4244, 3365, -1
4244, 2429, -1
4244, 14094, -1
4244, 13226, -1
4244, 2441, -1
2441, 16079, -1
2441, 9517, -1
2441, 5955, -1
2441, 2902, -1
2441, 18849, -1
2441, 3685, -1
2441, 3365, -1
2441, 2429, -1
2441, 14094, -1
2441, 13226, -1
2441, 4244, -1

9517, 5955, 1
5955, 9517, 1
16079, 9517, -1
16079, 5955, -1
16079, 2902, -1
16079, 18849, -1
16079, 3685, -1
16079, 3365, -1
16079, 2429, -1
16079, 14094, -1
16079, 13226, -1
16079, 4244, -1
16079, 2441, -1
9517, 16079, -1
5955, 16079, -1
9517, 2902, -1
5955, 2902, -1
9517, 18849, -1
5955, 18849, -1
9517, 3685, -1
5955, 3685, -1
9517, 3365, -1
5955, 3365, -1
9517, 2429, -1
5955, 2429, -1
9517, 14094, -1
5955, 14094, -1
9517, 13226, -1
5955, 13226, -1
9517, 4244, -1
5955, 4244, -1
9517, 2441, -1
5955, 2441, -1
2902, 16079, -1
2902, 9517, -1
2902, 5955, -1
2902, 18849, -1
2902, 3685, -1
2902, 3365, -1
2902, 2429, -1
2902, 14094, -1
2902, 13226, -1
2902, 4244, -1
2902, 2441, -1
18849, 16079, -1
18849, 9517, -1
18849, 5955, -1
18849, 2902, -1
18849, 3685, -1
18849, 3365, -1
18849, 2429, -1
18849, 14094, -1
18849, 13226, -1
18849, 4244, -1
18849, 2441, -1
3685, 16079, -1
3685, 9517, -1
3685, 5955, -1
3685, 2902, -1
3685, 18849, -1
3685, 3365, -1
3685, 2429, -1
3685, 14094, -1
3685, 13226, -1
3685, 4244, -1
3685, 2441, -1
3365, 16079, -1
3365, 9517, -1
3365, 5955, -1
3365, 2902, -1
3365, 18849, -1
3365, 3685, -1
3365, 2429, -1
3365, 14094, -1
3365, 13226, -1
3365, 4244, -1
3365, 2441, -1
2429, 16079, -1
2429, 9517, -1
2429, 5955, -1
2429, 2902, -1
2429, 18849, -1
2429, 3685, -1
2429, 3365, -1
2429, 14094, -1
2429, 13226, -1
2429, 4244, -1
2429, 2441, -1
14094, 16079, -1
14094, 9517, -1
14094, 5955, -1
14094, 2902, -1
14094, 18849, -1
14094, 3685, -1
14094, 3365, -1
14094, 2429, -1
14094, 13226, -1
14094, 4244, -1
14094, 2441, -1
13226, 16079, -1
13226, 9517, -1
13226, 5955, -1
13226, 2902, -1
13226, 18849, -1
13226, 3685, -1
13226, 3365, -1
13226, 2429, -1
13226, 14094, -1
13226, 4244, -1
13226, 2441, -1
4244, 16079, -1
4244, 9517, -1
4244, 5955, -1
4244, 2902, -1
4244, 18849, -1
4244, 3685, -1
4244, 3365, -1
4244, 2429, -1
4244, 14094, -1
4244, 13226, -1
4244, 2441, -1
2441, 16079, -1
2441, 9517, -1
2441, 5955, -1
2441, 2902, -1
2441, 18849, -1
2441, 3685, -1
2441, 3365, -1
2441, 2429, -1
2441, 14094, -1
2441, 13226, -1
2441, 4244, -1

