190, 2, 1
313, 2, 1
313, 190, 1
379, 348, 1
277, 2, 1
277, 190, 1
277, 313, 1
348, 382, -1
2, 382, -1
2, 348, -1
190, 382, -1
190, 348, -1
313, 382, -1
313, 348, -1
379, 382, -1
379, 2, -1
379, 190, -1
379, 313, -1
277, 382, -1
277, 348, -1
277, 379, -1

489, 2, 1
489, 190, 1
489, 313, 1
489, 277, 1
489, 114, 1
14, 2, 1
14, 190, 1
14, 313, 1
14, 277, 1
14, 114, 1
14, 489, 1
187, 2, 1
187, 190, 1
187, 313, 1
187, 277, 1
187, 114, 1
187, 489, 1
187, 14, 1
489, 382, -1
489, 348, -1
489, 379, -1
14, 382, -1
14, 348, -1
14, 379, -1
187, 382, -1
187, 348, -1
187, 379, -1

434, 2, 1
434, 190, 1
434, 313, 1
434, 277, 1
434, 114, 1
434, 489, 1
434, 14, 1
434, 187, 1
434, 272, 1
405, 2, 1
405, 190, 1
405, 313, 1
405, 277, 1
405, 114, 1
405, 489, 1
405, 14, 1
405, 187, 1
405, 272, 1
405, 434, 1
64, 2, 1
64, 190, 1
64, 313, 1
64, 277, 1
64, 114, 1
64, 489, 1
64, 14, 1
64, 187, 1
64, 272, 1
64, 434, 1
64, 405, 1
170, 2, 1
170, 190, 1
170, 313, 1
170, 277, 1
170, 114, 1
170, 489, 1
170, 14, 1
170, 187, 1
170, 272, 1
170, 434, 1
170, 405, 1
170, 64, 1
434, 382, -1
434, 348, -1
434, 379, -1
405, 382, -1
405, 348, -1
405, 379, -1
64, 382, -1
64, 348, -1
64, 379, -1
170, 382, -1
170, 348, -1
170, 379, -1

470, 2, 1
470, 190, 1
470, 313, 1
470, 277, 1
470, 114, 1
470, 489, 1
470, 14, 1
470, 187, 1
470, 272, 1
470, 434, 1
470, 405, 1
470, 64, 1
470, 170, 1
470, 470, 1
191, 348, 1
191, 379, 1
488, 2, 1
488, 190, 1
488, 313, 1
488, 277, 1
488, 114, 1
488, 489, 1
488, 14, 1
488, 187, 1
488, 272, 1
488, 434, 1
488, 405, 1
488, 64, 1
488, 170, 1
488, 470, 1
488, 470, 1
421, 2, 1
421, 190, 1
421, 313, 1
421, 277, 1
421, 114, 1
421, 489, 1
421, 14, 1
421, 187, 1
421, 272, 1
421, 434, 1
421, 405, 1
421, 64, 1
421, 170, 1
421, 470, 1
421, 470, 1
421, 488, 1
470, 382, -1
470, 348, -1
470, 379, -1
191, 382, -1
191, 2, -1
191, 190, -1
191, 313, -1
191, 277, -1
191, 114, -1
191, 489, -1
191, 14, -1
191, 187, -1
191, 272, -1
191, 434, -1
191, 405, -1
191, 64, -1
191, 170, -1
191, 470, -1
191, 470, -1
488, 382, -1
488, 348, -1
488, 379, -1
488, 191, -1
421, 382, -1
421, 348, -1
421, 379, -1
421, 191, -1

33, 2, 1
33, 190, 1
33, 313, 1
33, 277, 1
33, 114, 1
33, 489, 1
33, 14, 1
33, 187, 1
33, 272, 1
33, 434, 1
33, 405, 1
33, 64, 1
33, 170, 1
33, 470, 1
33, 470, 1
33, 488, 1
33, 421, 1
33, 281, 1
324, 2, 1
324, 190, 1
324, 313, 1
324, 277, 1
324, 114, 1
324, 489, 1
324, 14, 1
324, 187, 1
324, 272, 1
324, 434, 1
324, 405, 1
324, 64, 1
324, 170, 1
324, 470, 1
324, 470, 1
324, 488, 1
324, 421, 1
324, 281, 1
324, 33, 1
319, 2, 1
319, 190, 1
319, 313, 1
319, 277, 1
319, 114, 1
319, 489, 1
319, 14, 1
319, 187, 1
319, 272, 1
319, 434, 1
319, 405, 1
319, 64, 1
319, 170, 1
319, 470, 1
319, 470, 1
319, 488, 1
319, 421, 1
319, 281, 1
319, 33, 1
319, 324, 1
218, 348, 1
218, 379, 1
218, 191, 1
218, 218, 1
33, 382, -1
33, 348, -1
33, 379, -1
33, 191, -1
33, 218, -1
324, 382, -1
324, 348, -1
324, 379, -1
324, 191, -1
324, 218, -1
319, 382, -1
319, 348, -1
319, 379, -1
319, 191, -1
319, 218, -1
218, 382, -1
218, 2, -1
218, 190, -1
218, 313, -1
218, 277, -1
218, 114, -1
218, 489, -1
218, 14, -1
218, 187, -1
218, 272, -1
218, 434, -1
218, 405, -1
218, 64, -1
218, 170, -1
218, 470, -1
218, 470, -1
218, 488, -1
218, 421, -1
218, 281, -1
218, 33, -1
218, 324, -1
218, 319, -1

479, 348, 1
479, 379, 1
479, 191, 1
479, 218, 1
479, 218, 1
479, 458, 1
428, 2, 1
428, 190, 1
428, 313, 1
428, 277, 1
428, 114, 1
428, 489, 1
428, 14, 1
428, 187, 1
428, 272, 1
428, 434, 1
428, 405, 1
428, 64, 1
428, 170, 1
428, 470, 1
428, 470, 1
428, 488, 1
428, 421, 1
428, 281, 1
428, 33, 1
428, 324, 1
428, 319, 1
428, 95, 1
240, 2, 1
240, 190, 1
240, 313, 1
240, 277, 1
240, 114, 1
240, 489, 1
240, 14, 1
240, 187, 1
240, 272, 1
240, 434, 1
240, 405, 1
240, 64, 1
240, 170, 1
240, 470, 1
240, 470, 1
240, 488, 1
240, 421, 1
240, 281, 1
240, 33, 1
240, 324, 1
240, 319, 1
240, 95, 1
240, 428, 1
95, 2, 1
95, 190, 1
95, 313, 1
95, 277, 1
95, 114, 1
95, 489, 1
95, 14, 1
95, 187, 1
95, 272, 1
95, 434, 1
95, 405, 1
95, 64, 1
95, 170, 1
95, 470, 1
95, 470, 1
95, 488, 1
95, 421, 1
95, 281, 1
95, 33, 1
95, 324, 1
95, 319, 1
95, 95, 1
95, 428, 1
95, 240, 1
479, 382, -1
479, 2, -1
479, 190, -1
479, 313, -1
479, 277, -1
479, 114, -1
479, 489, -1
479, 14, -1
479, 187, -1
479, 272, -1
479, 434, -1
479, 405, -1
479, 64, -1
479, 170, -1
479, 470, -1
479, 470, -1
479, 488, -1
479, 421, -1
479, 281, -1
479, 33, -1
479, 324, -1
479, 319, -1
479, 95, -1
428, 382, -1
428, 348, -1
428, 379, -1
428, 191, -1
428, 218, -1
428, 218, -1
428, 458, -1
428, 479, -1
240, 382, -1
240, 348, -1
240, 379, -1
240, 191, -1
240, 218, -1
240, 218, -1
240, 458, -1
240, 479, -1
95, 382, -1
95, 348, -1
95, 379, -1
95, 191, -1
95, 218, -1
95, 218, -1
95, 458, -1
95, 479, -1

332, 2, 1
332, 190, 1
332, 313, 1
332, 277, 1
332, 114, 1
332, 489, 1
332, 14, 1
332, 187, 1
332, 272, 1
332, 434, 1
332, 405, 1
332, 64, 1
332, 170, 1
332, 470, 1
332, 470, 1
332, 488, 1
332, 421, 1
332, 281, 1
332, 33, 1
332, 324, 1
332, 319, 1
332, 95, 1
332, 428, 1
332, 240, 1
332, 95, 1
332, 290, 1
37, 2, 1
37, 190, 1
37, 313, 1
37, 277, 1
37, 114, 1
37, 489, 1
37, 14, 1
37, 187, 1
37, 272, 1
37, 434, 1
37, 405, 1
37, 64, 1
37, 170, 1
37, 470, 1
37, 470, 1
37, 488, 1
37, 421, 1
37, 281, 1
37, 33, 1
37, 324, 1
37, 319, 1
37, 95, 1
37, 428, 1
37, 240, 1
37, 95, 1
37, 290, 1
37, 332, 1
444, 2, 1
444, 190, 1
444, 313, 1
444, 277, 1
444, 114, 1
444, 489, 1
444, 14, 1
444, 187, 1
444, 272, 1
444, 434, 1
444, 405, 1
444, 64, 1
444, 170, 1
444, 470, 1
444, 470, 1
444, 488, 1
444, 421, 1
444, 281, 1
444, 33, 1
444, 324, 1
444, 319, 1
444, 95, 1
444, 428, 1
444, 240, 1
444, 95, 1
444, 290, 1
444, 332, 1
444, 37, 1
282, 348, 1
282, 379, 1
282, 191, 1
282, 218, 1
282, 218, 1
282, 458, 1
282, 479, 1
282, 464, 1
332, 382, -1
332, 348, -1
332, 379, -1
332, 191, -1
332, 218, -1
332, 218, -1
332, 458, -1
332, 479, -1
332, 464, -1
37, 382, -1
37, 348, -1
37, 379, -1
37, 191, -1
37, 218, -1
37, 218, -1
37, 458, -1
37, 479, -1
37, 464, -1
444, 382, -1
444, 348, -1
444, 379, -1
444, 191, -1
444, 218, -1
444, 218, -1
444, 458, -1
444, 479, -1
444, 464, -1
282, 382, -1
282, 2, -1
282, 190, -1
282, 313, -1
282, 277, -1
282, 114, -1
282, 489, -1
282, 14, -1
282, 187, -1
282, 272, -1
282, 434, -1
282, 405, -1
282, 64, -1
282, 170, -1
282, 470, -1
282, 470, -1
282, 488, -1
282, 421, -1
282, 281, -1
282, 33, -1
282, 324, -1
282, 319, -1
282, 95, -1
282, 428, -1
282, 240, -1
282, 95, -1
282, 290, -1
282, 332, -1
282, 37, -1
282, 444, -1

224, 2, 1
224, 190, 1
224, 313, 1
224, 277, 1
224, 114, 1
224, 489, 1
224, 14, 1
224, 187, 1
224, 272, 1
224, 434, 1
224, 405, 1
224, 64, 1
224, 170, 1
224, 470, 1
224, 470, 1
224, 488, 1
224, 421, 1
224, 281, 1
224, 33, 1
224, 324, 1
224, 319, 1
224, 95, 1
224, 428, 1
224, 240, 1
224, 95, 1
224, 290, 1
224, 332, 1
224, 37, 1
224, 444, 1
224, 75, 1
376, 2, 1
376, 190, 1
376, 313, 1
376, 277, 1
376, 114, 1
376, 489, 1
376, 14, 1
376, 187, 1
376, 272, 1
376, 434, 1
376, 405, 1
376, 64, 1
376, 170, 1
376, 470, 1
376, 470, 1
376, 488, 1
376, 421, 1
376, 281, 1
376, 33, 1
376, 324, 1
376, 319, 1
376, 95, 1
376, 428, 1
376, 240, 1
376, 95, 1
376, 290, 1
376, 332, 1
376, 37, 1
376, 444, 1
376, 75, 1
376, 224, 1
250, 2, 1
250, 190, 1
250, 313, 1
250, 277, 1
250, 114, 1
250, 489, 1
250, 14, 1
250, 187, 1
250, 272, 1
250, 434, 1
250, 405, 1
250, 64, 1
250, 170, 1
250, 470, 1
250, 470, 1
250, 488, 1
250, 421, 1
250, 281, 1
250, 33, 1
250, 324, 1
250, 319, 1
250, 95, 1
250, 428, 1
250, 240, 1
250, 95, 1
250, 290, 1
250, 332, 1
250, 37, 1
250, 444, 1
250, 75, 1
250, 224, 1
250, 376, 1
340, 2, 1
340, 190, 1
340, 313, 1
340, 277, 1
340, 114, 1
340, 489, 1
340, 14, 1
340, 187, 1
340, 272, 1
340, 434, 1
340, 405, 1
340, 64, 1
340, 170, 1
340, 470, 1
340, 470, 1
340, 488, 1
340, 421, 1
340, 281, 1
340, 33, 1
340, 324, 1
340, 319, 1
340, 95, 1
340, 428, 1
340, 240, 1
340, 95, 1
340, 290, 1
340, 332, 1
340, 37, 1
340, 444, 1
340, 75, 1
340, 224, 1
340, 376, 1
340, 250, 1
224, 382, -1
224, 348, -1
224, 379, -1
224, 191, -1
224, 218, -1
224, 218, -1
224, 458, -1
224, 479, -1
224, 464, -1
224, 282, -1
224, 232, -1
376, 382, -1
376, 348, -1
376, 379, -1
376, 191, -1
376, 218, -1
376, 218, -1
376, 458, -1
376, 479, -1
376, 464, -1
376, 282, -1
376, 232, -1
250, 382, -1
250, 348, -1
250, 379, -1
250, 191, -1
250, 218, -1
250, 218, -1
250, 458, -1
250, 479, -1
250, 464, -1
250, 282, -1
250, 232, -1
340, 382, -1
340, 348, -1
340, 379, -1
340, 191, -1
340, 218, -1
340, 218, -1
340, 458, -1
340, 479, -1
340, 464, -1
340, 282, -1
340, 232, -1

21, 2, 1
21, 190, 1
21, 313, 1
21, 277, 1
21, 114, 1
21, 489, 1
21, 14, 1
21, 187, 1
21, 272, 1
21, 434, 1
21, 405, 1
21, 64, 1
21, 170, 1
21, 470, 1
21, 470, 1
21, 488, 1
21, 421, 1
21, 281, 1
21, 33, 1
21, 324, 1
21, 319, 1
21, 95, 1
21, 428, 1
21, 240, 1
21, 95, 1
21, 290, 1
21, 332, 1
21, 37, 1
21, 444, 1
21, 75, 1
21, 224, 1
21, 376, 1
21, 250, 1
21, 340, 1
21, 109, 1
480, 2, 1
480, 190, 1
480, 313, 1
480, 277, 1
480, 114, 1
480, 489, 1
480, 14, 1
480, 187, 1
480, 272, 1
480, 434, 1
480, 405, 1
480, 64, 1
480, 170, 1
480, 470, 1
480, 470, 1
480, 488, 1
480, 421, 1
480, 281, 1
480, 33, 1
480, 324, 1
480, 319, 1
480, 95, 1
480, 428, 1
480, 240, 1
480, 95, 1
480, 290, 1
480, 332, 1
480, 37, 1
480, 444, 1
480, 75, 1
480, 224, 1
480, 376, 1
480, 250, 1
480, 340, 1
480, 109, 1
480, 21, 1
109, 2, 1
109, 190, 1
109, 313, 1
109, 277, 1
109, 114, 1
109, 489, 1
109, 14, 1
109, 187, 1
109, 272, 1
109, 434, 1
109, 405, 1
109, 64, 1
109, 170, 1
109, 470, 1
109, 470, 1
109, 488, 1
109, 421, 1
109, 281, 1
109, 33, 1
109, 324, 1
109, 319, 1
109, 95, 1
109, 428, 1
109, 240, 1
109, 95, 1
109, 290, 1
109, 332, 1
109, 37, 1
109, 444, 1
109, 75, 1
109, 224, 1
109, 376, 1
109, 250, 1
109, 340, 1
109, 109, 1
109, 21, 1
109, 480, 1
124, 348, 1
124, 379, 1
124, 191, 1
124, 218, 1
124, 218, 1
124, 458, 1
124, 479, 1
124, 464, 1
124, 282, 1
124, 232, 1
124, 396, 1
21, 382, -1
21, 348, -1
21, 379, -1
21, 191, -1
21, 218, -1
21, 218, -1
21, 458, -1
21, 479, -1
21, 464, -1
21, 282, -1
21, 232, -1
21, 396, -1
480, 382, -1
480, 348, -1
480, 379, -1
480, 191, -1
480, 218, -1
480, 218, -1
480, 458, -1
480, 479, -1
480, 464, -1
480, 282, -1
480, 232, -1
480, 396, -1
109, 382, -1
109, 348, -1
109, 379, -1
109, 191, -1
109, 218, -1
109, 218, -1
109, 458, -1
109, 479, -1
109, 464, -1
109, 282, -1
109, 232, -1
109, 396, -1
124, 382, -1
124, 2, -1
124, 190, -1
124, 313, -1
124, 277, -1
124, 114, -1
124, 489, -1
124, 14, -1
124, 187, -1
124, 272, -1
124, 434, -1
124, 405, -1
124, 64, -1
124, 170, -1
124, 470, -1
124, 470, -1
124, 488, -1
124, 421, -1
124, 281, -1
124, 33, -1
124, 324, -1
124, 319, -1
124, 95, -1
124, 428, -1
124, 240, -1
124, 95, -1
124, 290, -1
124, 332, -1
124, 37, -1
124, 444, -1
124, 75, -1
124, 224, -1
124, 376, -1
124, 250, -1
124, 340, -1
124, 109, -1
124, 21, -1
124, 480, -1
124, 109, -1

443, 2, 1
443, 190, 1
443, 313, 1
443, 277, 1
443, 114, 1
443, 489, 1
443, 14, 1
443, 187, 1
443, 272, 1
443, 434, 1
443, 405, 1
443, 64, 1
443, 170, 1
443, 470, 1
443, 470, 1
443, 488, 1
443, 421, 1
443, 281, 1
443, 33, 1
443, 324, 1
443, 319, 1
443, 95, 1
443, 428, 1
443, 240, 1
443, 95, 1
443, 290, 1
443, 332, 1
443, 37, 1
443, 444, 1
443, 75, 1
443, 224, 1
443, 376, 1
443, 250, 1
443, 340, 1
443, 109, 1
443, 21, 1
443, 480, 1
443, 109, 1
443, 211, 1
497, 2, 1
497, 190, 1
497, 313, 1
497, 277, 1
497, 114, 1
497, 489, 1
497, 14, 1
497, 187, 1
497, 272, 1
497, 434, 1
497, 405, 1
497, 64, 1
497, 170, 1
497, 470, 1
497, 470, 1
497, 488, 1
497, 421, 1
497, 281, 1
497, 33, 1
497, 324, 1
497, 319, 1
497, 95, 1
497, 428, 1
497, 240, 1
497, 95, 1
497, 290, 1
497, 332, 1
497, 37, 1
497, 444, 1
497, 75, 1
497, 224, 1
497, 376, 1
497, 250, 1
497, 340, 1
497, 109, 1
497, 21, 1
497, 480, 1
497, 109, 1
497, 211, 1
497, 443, 1
259, 348, 1
259, 379, 1
259, 191, 1
259, 218, 1
259, 218, 1
259, 458, 1
259, 479, 1
259, 464, 1
259, 282, 1
259, 232, 1
259, 396, 1
259, 124, 1
259, 374, 1
443, 382, -1
443, 348, -1
443, 379, -1
443, 191, -1
443, 218, -1
443, 218, -1
443, 458, -1
443, 479, -1
443, 464, -1
443, 282, -1
443, 232, -1
443, 396, -1
443, 124, -1
443, 374, -1
497, 382, -1
497, 348, -1
497, 379, -1
497, 191, -1
497, 218, -1
497, 218, -1
497, 458, -1
497, 479, -1
497, 464, -1
497, 282, -1
497, 232, -1
497, 396, -1
497, 124, -1
497, 374, -1
259, 382, -1
259, 2, -1
259, 190, -1
259, 313, -1
259, 277, -1
259, 114, -1
259, 489, -1
259, 14, -1
259, 187, -1
259, 272, -1
259, 434, -1
259, 405, -1
259, 64, -1
259, 170, -1
259, 470, -1
259, 470, -1
259, 488, -1
259, 421, -1
259, 281, -1
259, 33, -1
259, 324, -1
259, 319, -1
259, 95, -1
259, 428, -1
259, 240, -1
259, 95, -1
259, 290, -1
259, 332, -1
259, 37, -1
259, 444, -1
259, 75, -1
259, 224, -1
259, 376, -1
259, 250, -1
259, 340, -1
259, 109, -1
259, 21, -1
259, 480, -1
259, 109, -1
259, 211, -1
259, 443, -1
259, 497, -1

