190, 2, 1
313, 2, 1
313, 190, 1
379, 348, 1
277, 2, 1
277, 190, 1
277, 313, 1
348, 382, -1
2, 382, -1
2, 348, -1
190, 382, -1
190, 348, -1
313, 382, -1
313, 348, -1
379, 382, -1
379, 2, -1
379, 190, -1
379, 313, -1
277, 382, -1
277, 348, -1
277, 379, -1

64, 2, 1
64, 190, 1
64, 313, 1
64, 277, 1
488, 2, 1
488, 190, 1
488, 313, 1
488, 277, 1
488, 64, 1
421, 2, 1
421, 190, 1
421, 313, 1
421, 277, 1
421, 64, 1
421, 488, 1
282, 348, 1
282, 379, 1
340, 2, 1
340, 190, 1
340, 313, 1
340, 277, 1
340, 64, 1
340, 488, 1
340, 421, 1
124, 348, 1
124, 379, 1
124, 282, 1
498, 348, 1
498, 379, 1
498, 282, 1
498, 124, 1
64, 382, -1
64, 348, -1
64, 379, -1
488, 382, -1
488, 348, -1
488, 379, -1
421, 382, -1
421, 348, -1
421, 379, -1
282, 382, -1
282, 2, -1
282, 190, -1
282, 313, -1
282, 277, -1
282, 64, -1
282, 488, -1
282, 421, -1
340, 382, -1
340, 348, -1
340, 379, -1
340, 282, -1
124, 382, -1
124, 2, -1
124, 190, -1
124, 313, -1
124, 277, -1
124, 64, -1
124, 488, -1
124, 421, -1
124, 340, -1
498, 382, -1
498, 2, -1
498, 190, -1
498, 313, -1
498, 277, -1
498, 64, -1
498, 488, -1
498, 421, -1
498, 340, -1

456, 2, 1
456, 190, 1
456, 313, 1
456, 277, 1
456, 64, 1
456, 488, 1
456, 421, 1
456, 340, 1
240, 2, 1
240, 190, 1
240, 313, 1
240, 277, 1
240, 64, 1
240, 488, 1
240, 421, 1
240, 340, 1
240, 456, 1
319, 2, 1
319, 190, 1
319, 313, 1
319, 277, 1
319, 64, 1
319, 488, 1
319, 421, 1
319, 340, 1
319, 456, 1
319, 240, 1
259, 348, 1
259, 379, 1
259, 282, 1
259, 124, 1
259, 498, 1
117, 2, 1
117, 190, 1
117, 313, 1
117, 277, 1
117, 64, 1
117, 488, 1
117, 421, 1
117, 340, 1
117, 456, 1
117, 240, 1
117, 319, 1
37, 2, 1
37, 190, 1
37, 313, 1
37, 277, 1
37, 64, 1
37, 488, 1
37, 421, 1
37, 340, 1
37, 456, 1
37, 240, 1
37, 319, 1
37, 117, 1
456, 382, -1
456, 348, -1
456, 379, -1
456, 282, -1
456, 124, -1
456, 498, -1
240, 382, -1
240, 348, -1
240, 379, -1
240, 282, -1
240, 124, -1
240, 498, -1
319, 382, -1
319, 348, -1
319, 379, -1
319, 282, -1
319, 124, -1
319, 498, -1
259, 382, -1
259, 2, -1
259, 190, -1
259, 313, -1
259, 277, -1
259, 64, -1
259, 488, -1
259, 421, -1
259, 340, -1
259, 456, -1
259, 240, -1
259, 319, -1
117, 382, -1
117, 348, -1
117, 379, -1
117, 282, -1
117, 124, -1
117, 498, -1
117, 259, -1
37, 382, -1
37, 348, -1
37, 379, -1
37, 282, -1
37, 124, -1
37, 498, -1
37, 259, -1

480, 2, 1
480, 190, 1
480, 313, 1
480, 277, 1
480, 64, 1
480, 488, 1
480, 421, 1
480, 340, 1
480, 456, 1
480, 240, 1
480, 319, 1
480, 117, 1
480, 37, 1
130, 348, 1
130, 379, 1
130, 282, 1
130, 124, 1
130, 498, 1
130, 259, 1
7, 2, 1
7, 190, 1
7, 313, 1
7, 277, 1
7, 64, 1
7, 488, 1
7, 421, 1
7, 340, 1
7, 456, 1
7, 240, 1
7, 319, 1
7, 117, 1
7, 37, 1
7, 480, 1
133, 2, 1
133, 190, 1
133, 313, 1
133, 277, 1
133, 64, 1
133, 488, 1
133, 421, 1
133, 340, 1
133, 456, 1
133, 240, 1
133, 319, 1
133, 117, 1
133, 37, 1
133, 480, 1
133, 7, 1
176, 348, 1
176, 379, 1
176, 282, 1
176, 124, 1
176, 498, 1
176, 259, 1
176, 130, 1
8, 348, 1
8, 379, 1
8, 282, 1
8, 124, 1
8, 498, 1
8, 259, 1
8, 130, 1
8, 176, 1
39, 348, 1
39, 379, 1
39, 282, 1
39, 124, 1
39, 498, 1
39, 259, 1
39, 130, 1
39, 176, 1
39, 8, 1
115, 348, 1
115, 379, 1
115, 282, 1
115, 124, 1
115, 498, 1
115, 259, 1
115, 130, 1
115, 176, 1
115, 8, 1
115, 39, 1
480, 382, -1
480, 348, -1
480, 379, -1
480, 282, -1
480, 124, -1
480, 498, -1
480, 259, -1
130, 382, -1
130, 2, -1
130, 190, -1
130, 313, -1
130, 277, -1
130, 64, -1
130, 488, -1
130, 421, -1
130, 340, -1
130, 456, -1
130, 240, -1
130, 319, -1
130, 117, -1
130, 37, -1
130, 480, -1
7, 382, -1
7, 348, -1
7, 379, -1
7, 282, -1
7, 124, -1
7, 498, -1
7, 259, -1
7, 130, -1
133, 382, -1
133, 348, -1
133, 379, -1
133, 282, -1
133, 124, -1
133, 498, -1
133, 259, -1
133, 130, -1
176, 382, -1
176, 2, -1
176, 190, -1
176, 313, -1
176, 277, -1
176, 64, -1
176, 488, -1
176, 421, -1
176, 340, -1
176, 456, -1
176, 240, -1
176, 319, -1
176, 117, -1
176, 37, -1
176, 480, -1
176, 7, -1
176, 133, -1
8, 382, -1
8, 2, -1
8, 190, -1
8, 313, -1
8, 277, -1
8, 64, -1
8, 488, -1
8, 421, -1
8, 340, -1
8, 456, -1
8, 240, -1
8, 319, -1
8, 117, -1
8, 37, -1
8, 480, -1
8, 7, -1
8, 133, -1
39, 382, -1
39, 2, -1
39, 190, -1
39, 313, -1
39, 277, -1
39, 64, -1
39, 488, -1
39, 421, -1
39, 340, -1
39, 456, -1
39, 240, -1
39, 319, -1
39, 117, -1
39, 37, -1
39, 480, -1
39, 7, -1
39, 133, -1
115, 382, -1
115, 2, -1
115, 190, -1
115, 313, -1
115, 277, -1
115, 64, -1
115, 488, -1
115, 421, -1
115, 340, -1
115, 456, -1
115, 240, -1
115, 319, -1
115, 117, -1
115, 37, -1
115, 480, -1
115, 7, -1
115, 133, -1

489, 2, 1
489, 190, 1
489, 313, 1
489, 277, 1
489, 64, 1
489, 488, 1
489, 421, 1
489, 340, 1
489, 456, 1
489, 240, 1
489, 319, 1
489, 117, 1
489, 37, 1
489, 480, 1
489, 7, 1
489, 133, 1
428, 2, 1
428, 190, 1
428, 313, 1
428, 277, 1
428, 64, 1
428, 488, 1
428, 421, 1
428, 340, 1
428, 456, 1
428, 240, 1
428, 319, 1
428, 117, 1
428, 37, 1
428, 480, 1
428, 7, 1
428, 133, 1
428, 489, 1
191, 348, 1
191, 379, 1
191, 282, 1
191, 124, 1
191, 498, 1
191, 259, 1
191, 130, 1
191, 176, 1
191, 8, 1
191, 39, 1
191, 115, 1
218, 348, 1
218, 379, 1
218, 282, 1
218, 124, 1
218, 498, 1
218, 259, 1
218, 130, 1
218, 176, 1
218, 8, 1
218, 39, 1
218, 115, 1
218, 191, 1
11, 348, 1
11, 379, 1
11, 282, 1
11, 124, 1
11, 498, 1
11, 259, 1
11, 130, 1
11, 176, 1
11, 8, 1
11, 39, 1
11, 115, 1
11, 191, 1
11, 218, 1
52, 348, 1
52, 379, 1
52, 282, 1
52, 124, 1
52, 498, 1
52, 259, 1
52, 130, 1
52, 176, 1
52, 8, 1
52, 39, 1
52, 115, 1
52, 191, 1
52, 218, 1
52, 11, 1
215, 348, 1
215, 379, 1
215, 282, 1
215, 124, 1
215, 498, 1
215, 259, 1
215, 130, 1
215, 176, 1
215, 8, 1
215, 39, 1
215, 115, 1
215, 191, 1
215, 218, 1
215, 11, 1
215, 52, 1
153, 348, 1
153, 379, 1
153, 282, 1
153, 124, 1
153, 498, 1
153, 259, 1
153, 130, 1
153, 176, 1
153, 8, 1
153, 39, 1
153, 115, 1
153, 191, 1
153, 218, 1
153, 11, 1
153, 52, 1
153, 215, 1
44, 348, 1
44, 379, 1
44, 282, 1
44, 124, 1
44, 498, 1
44, 259, 1
44, 130, 1
44, 176, 1
44, 8, 1
44, 39, 1
44, 115, 1
44, 191, 1
44, 218, 1
44, 11, 1
44, 52, 1
44, 215, 1
44, 153, 1
489, 382, -1
489, 348, -1
489, 379, -1
489, 282, -1
489, 124, -1
489, 498, -1
489, 259, -1
489, 130, -1
489, 176, -1
489, 8, -1
489, 39, -1
489, 115, -1
428, 382, -1
428, 348, -1
428, 379, -1
428, 282, -1
428, 124, -1
428, 498, -1
428, 259, -1
428, 130, -1
428, 176, -1
428, 8, -1
428, 39, -1
428, 115, -1
191, 382, -1
191, 2, -1
191, 190, -1
191, 313, -1
191, 277, -1
191, 64, -1
191, 488, -1
191, 421, -1
191, 340, -1
191, 456, -1
191, 240, -1
191, 319, -1
191, 117, -1
191, 37, -1
191, 480, -1
191, 7, -1
191, 133, -1
191, 489, -1
191, 428, -1
218, 382, -1
218, 2, -1
218, 190, -1
218, 313, -1
218, 277, -1
218, 64, -1
218, 488, -1
218, 421, -1
218, 340, -1
218, 456, -1
218, 240, -1
218, 319, -1
218, 117, -1
218, 37, -1
218, 480, -1
218, 7, -1
218, 133, -1
218, 489, -1
218, 428, -1
11, 382, -1
11, 2, -1
11, 190, -1
11, 313, -1
11, 277, -1
11, 64, -1
11, 488, -1
11, 421, -1
11, 340, -1
11, 456, -1
11, 240, -1
11, 319, -1
11, 117, -1
11, 37, -1
11, 480, -1
11, 7, -1
11, 133, -1
11, 489, -1
11, 428, -1
52, 382, -1
52, 2, -1
52, 190, -1
52, 313, -1
52, 277, -1
52, 64, -1
52, 488, -1
52, 421, -1
52, 340, -1
52, 456, -1
52, 240, -1
52, 319, -1
52, 117, -1
52, 37, -1
52, 480, -1
52, 7, -1
52, 133, -1
52, 489, -1
52, 428, -1
215, 382, -1
215, 2, -1
215, 190, -1
215, 313, -1
215, 277, -1
215, 64, -1
215, 488, -1
215, 421, -1
215, 340, -1
215, 456, -1
215, 240, -1
215, 319, -1
215, 117, -1
215, 37, -1
215, 480, -1
215, 7, -1
215, 133, -1
215, 489, -1
215, 428, -1
153, 382, -1
153, 2, -1
153, 190, -1
153, 313, -1
153, 277, -1
153, 64, -1
153, 488, -1
153, 421, -1
153, 340, -1
153, 456, -1
153, 240, -1
153, 319, -1
153, 117, -1
153, 37, -1
153, 480, -1
153, 7, -1
153, 133, -1
153, 489, -1
153, 428, -1
44, 382, -1
44, 2, -1
44, 190, -1
44, 313, -1
44, 277, -1
44, 64, -1
44, 488, -1
44, 421, -1
44, 340, -1
44, 456, -1
44, 240, -1
44, 319, -1
44, 117, -1
44, 37, -1
44, 480, -1
44, 7, -1
44, 133, -1
44, 489, -1
44, 428, -1

485, 2, 1
485, 190, 1
485, 313, 1
485, 277, 1
485, 64, 1
485, 488, 1
485, 421, 1
485, 340, 1
485, 456, 1
485, 240, 1
485, 319, 1
485, 117, 1
485, 37, 1
485, 480, 1
485, 7, 1
485, 133, 1
485, 489, 1
485, 428, 1
441, 2, 1
441, 190, 1
441, 313, 1
441, 277, 1
441, 64, 1
441, 488, 1
441, 421, 1
441, 340, 1
441, 456, 1
441, 240, 1
441, 319, 1
441, 117, 1
441, 37, 1
441, 480, 1
441, 7, 1
441, 133, 1
441, 489, 1
441, 428, 1
441, 485, 1
33, 2, 1
33, 190, 1
33, 313, 1
33, 277, 1
33, 64, 1
33, 488, 1
33, 421, 1
33, 340, 1
33, 456, 1
33, 240, 1
33, 319, 1
33, 117, 1
33, 37, 1
33, 480, 1
33, 7, 1
33, 133, 1
33, 489, 1
33, 428, 1
33, 485, 1
33, 441, 1
227, 2, 1
227, 190, 1
227, 313, 1
227, 277, 1
227, 64, 1
227, 488, 1
227, 421, 1
227, 340, 1
227, 456, 1
227, 240, 1
227, 319, 1
227, 117, 1
227, 37, 1
227, 480, 1
227, 7, 1
227, 133, 1
227, 489, 1
227, 428, 1
227, 485, 1
227, 441, 1
227, 33, 1
279, 2, 1
279, 190, 1
279, 313, 1
279, 277, 1
279, 64, 1
279, 488, 1
279, 421, 1
279, 340, 1
279, 456, 1
279, 240, 1
279, 319, 1
279, 117, 1
279, 37, 1
279, 480, 1
279, 7, 1
279, 133, 1
279, 489, 1
279, 428, 1
279, 485, 1
279, 441, 1
279, 33, 1
279, 227, 1
485, 382, -1
485, 348, -1
485, 379, -1
485, 282, -1
485, 124, -1
485, 498, -1
485, 259, -1
485, 130, -1
485, 176, -1
485, 8, -1
485, 39, -1
485, 115, -1
485, 191, -1
485, 218, -1
485, 11, -1
485, 52, -1
485, 215, -1
485, 153, -1
485, 44, -1
441, 382, -1
441, 348, -1
441, 379, -1
441, 282, -1
441, 124, -1
441, 498, -1
441, 259, -1
441, 130, -1
441, 176, -1
441, 8, -1
441, 39, -1
441, 115, -1
441, 191, -1
441, 218, -1
441, 11, -1
441, 52, -1
441, 215, -1
441, 153, -1
441, 44, -1
33, 382, -1
33, 348, -1
33, 379, -1
33, 282, -1
33, 124, -1
33, 498, -1
33, 259, -1
33, 130, -1
33, 176, -1
33, 8, -1
33, 39, -1
33, 115, -1
33, 191, -1
33, 218, -1
33, 11, -1
33, 52, -1
33, 215, -1
33, 153, -1
33, 44, -1
227, 382, -1
227, 348, -1
227, 379, -1
227, 282, -1
227, 124, -1
227, 498, -1
227, 259, -1
227, 130, -1
227, 176, -1
227, 8, -1
227, 39, -1
227, 115, -1
227, 191, -1
227, 218, -1
227, 11, -1
227, 52, -1
227, 215, -1
227, 153, -1
227, 44, -1
279, 382, -1
279, 348, -1
279, 379, -1
279, 282, -1
279, 124, -1
279, 498, -1
279, 259, -1
279, 130, -1
279, 176, -1
279, 8, -1
279, 39, -1
279, 115, -1
279, 191, -1
279, 218, -1
279, 11, -1
279, 52, -1
279, 215, -1
279, 153, -1
279, 44, -1

332, 2, 1
332, 190, 1
332, 313, 1
332, 277, 1
332, 64, 1
332, 488, 1
332, 421, 1
332, 340, 1
332, 456, 1
332, 240, 1
332, 319, 1
332, 117, 1
332, 37, 1
332, 480, 1
332, 7, 1
332, 133, 1
332, 489, 1
332, 428, 1
332, 485, 1
332, 441, 1
332, 33, 1
332, 227, 1
332, 279, 1
83, 2, 1
83, 190, 1
83, 313, 1
83, 277, 1
83, 64, 1
83, 488, 1
83, 421, 1
83, 340, 1
83, 456, 1
83, 240, 1
83, 319, 1
83, 117, 1
83, 37, 1
83, 480, 1
83, 7, 1
83, 133, 1
83, 489, 1
83, 428, 1
83, 485, 1
83, 441, 1
83, 33, 1
83, 227, 1
83, 279, 1
83, 332, 1
459, 2, 1
459, 190, 1
459, 313, 1
459, 277, 1
459, 64, 1
459, 488, 1
459, 421, 1
459, 340, 1
459, 456, 1
459, 240, 1
459, 319, 1
459, 117, 1
459, 37, 1
459, 480, 1
459, 7, 1
459, 133, 1
459, 489, 1
459, 428, 1
459, 485, 1
459, 441, 1
459, 33, 1
459, 227, 1
459, 279, 1
459, 332, 1
459, 83, 1
186, 2, 1
186, 190, 1
186, 313, 1
186, 277, 1
186, 64, 1
186, 488, 1
186, 421, 1
186, 340, 1
186, 456, 1
186, 240, 1
186, 319, 1
186, 117, 1
186, 37, 1
186, 480, 1
186, 7, 1
186, 133, 1
186, 489, 1
186, 428, 1
186, 485, 1
186, 441, 1
186, 33, 1
186, 227, 1
186, 279, 1
186, 332, 1
186, 83, 1
186, 459, 1
219, 2, 1
219, 190, 1
219, 313, 1
219, 277, 1
219, 64, 1
219, 488, 1
219, 421, 1
219, 340, 1
219, 456, 1
219, 240, 1
219, 319, 1
219, 117, 1
219, 37, 1
219, 480, 1
219, 7, 1
219, 133, 1
219, 489, 1
219, 428, 1
219, 485, 1
219, 441, 1
219, 33, 1
219, 227, 1
219, 279, 1
219, 332, 1
219, 83, 1
219, 459, 1
219, 186, 1
332, 382, -1
332, 348, -1
332, 379, -1
332, 282, -1
332, 124, -1
332, 498, -1
332, 259, -1
332, 130, -1
332, 176, -1
332, 8, -1
332, 39, -1
332, 115, -1
332, 191, -1
332, 218, -1
332, 11, -1
332, 52, -1
332, 215, -1
332, 153, -1
332, 44, -1
83, 382, -1
83, 348, -1
83, 379, -1
83, 282, -1
83, 124, -1
83, 498, -1
83, 259, -1
83, 130, -1
83, 176, -1
83, 8, -1
83, 39, -1
83, 115, -1
83, 191, -1
83, 218, -1
83, 11, -1
83, 52, -1
83, 215, -1
83, 153, -1
83, 44, -1
459, 382, -1
459, 348, -1
459, 379, -1
459, 282, -1
459, 124, -1
459, 498, -1
459, 259, -1
459, 130, -1
459, 176, -1
459, 8, -1
459, 39, -1
459, 115, -1
459, 191, -1
459, 218, -1
459, 11, -1
459, 52, -1
459, 215, -1
459, 153, -1
459, 44, -1
186, 382, -1
186, 348, -1
186, 379, -1
186, 282, -1
186, 124, -1
186, 498, -1
186, 259, -1
186, 130, -1
186, 176, -1
186, 8, -1
186, 39, -1
186, 115, -1
186, 191, -1
186, 218, -1
186, 11, -1
186, 52, -1
186, 215, -1
186, 153, -1
186, 44, -1
219, 382, -1
219, 348, -1
219, 379, -1
219, 282, -1
219, 124, -1
219, 498, -1
219, 259, -1
219, 130, -1
219, 176, -1
219, 8, -1
219, 39, -1
219, 115, -1
219, 191, -1
219, 218, -1
219, 11, -1
219, 52, -1
219, 215, -1
219, 153, -1
219, 44, -1

