190, 2, 1
313, 2, 1
313, 190, 1
379, 348, 1
277, 2, 1
277, 190, 1
277, 313, 1
348, 382, -1
2, 382, -1
2, 348, -1
190, 382, -1
190, 348, -1
313, 382, -1
313, 348, -1
379, 382, -1
379, 2, -1
379, 190, -1
379, 313, -1
277, 382, -1
277, 348, -1
277, 379, -1

64, 2, 1
64, 190, 1
64, 313, 1
64, 277, 1
488, 2, 1
488, 190, 1
488, 313, 1
488, 277, 1
488, 64, 1
421, 2, 1
421, 190, 1
421, 313, 1
421, 277, 1
421, 64, 1
421, 488, 1
282, 348, 1
282, 379, 1
340, 2, 1
340, 190, 1
340, 313, 1
340, 277, 1
340, 64, 1
340, 488, 1
340, 421, 1
124, 348, 1
124, 379, 1
124, 282, 1
498, 348, 1
498, 379, 1
498, 282, 1
498, 124, 1
64, 382, -1
64, 348, -1
64, 379, -1
488, 382, -1
488, 348, -1
488, 379, -1
421, 382, -1
421, 348, -1
421, 379, -1
282, 382, -1
282, 2, -1
282, 190, -1
282, 313, -1
282, 277, -1
282, 64, -1
282, 488, -1
282, 421, -1
340, 382, -1
340, 348, -1
340, 379, -1
340, 282, -1
124, 382, -1
124, 2, -1
124, 190, -1
124, 313, -1
124, 277, -1
124, 64, -1
124, 488, -1
124, 421, -1
124, 340, -1
498, 382, -1
498, 2, -1
498, 190, -1
498, 313, -1
498, 277, -1
498, 64, -1
498, 488, -1
498, 421, -1
498, 340, -1

456, 2, 1
456, 190, 1
456, 313, 1
456, 277, 1
456, 64, 1
456, 488, 1
456, 421, 1
456, 340, 1
240, 2, 1
240, 190, 1
240, 313, 1
240, 277, 1
240, 64, 1
240, 488, 1
240, 421, 1
240, 340, 1
240, 456, 1
319, 2, 1
319, 190, 1
319, 313, 1
319, 277, 1
319, 64, 1
319, 488, 1
319, 421, 1
319, 340, 1
319, 456, 1
319, 240, 1
259, 348, 1
259, 379, 1
259, 282, 1
259, 124, 1
259, 498, 1
117, 2, 1
117, 190, 1
117, 313, 1
117, 277, 1
117, 64, 1
117, 488, 1
117, 421, 1
117, 340, 1
117, 456, 1
117, 240, 1
117, 319, 1
37, 2, 1
37, 190, 1
37, 313, 1
37, 277, 1
37, 64, 1
37, 488, 1
37, 421, 1
37, 340, 1
37, 456, 1
37, 240, 1
37, 319, 1
37, 117, 1
456, 382, -1
456, 348, -1
456, 379, -1
456, 282, -1
456, 124, -1
456, 498, -1
240, 382, -1
240, 348, -1
240, 379, -1
240, 282, -1
240, 124, -1
240, 498, -1
319, 382, -1
319, 348, -1
319, 379, -1
319, 282, -1
319, 124, -1
319, 498, -1
259, 382, -1
259, 2, -1
259, 190, -1
259, 313, -1
259, 277, -1
259, 64, -1
259, 488, -1
259, 421, -1
259, 340, -1
259, 456, -1
259, 240, -1
259, 319, -1
117, 382, -1
117, 348, -1
117, 379, -1
117, 282, -1
117, 124, -1
117, 498, -1
117, 259, -1
37, 382, -1
37, 348, -1
37, 379, -1
37, 282, -1
37, 124, -1
37, 498, -1
37, 259, -1

480, 2, 1
480, 190, 1
480, 313, 1
480, 277, 1
480, 64, 1
480, 488, 1
480, 421, 1
480, 340, 1
480, 456, 1
480, 240, 1
480, 319, 1
480, 117, 1
480, 37, 1
130, 348, 1
130, 379, 1
130, 282, 1
130, 124, 1
130, 498, 1
130, 259, 1
7, 2, 1
7, 190, 1
7, 313, 1
7, 277, 1
7, 64, 1
7, 488, 1
7, 421, 1
7, 340, 1
7, 456, 1
7, 240, 1
7, 319, 1
7, 117, 1
7, 37, 1
7, 480, 1
133, 2, 1
133, 190, 1
133, 313, 1
133, 277, 1
133, 64, 1
133, 488, 1
133, 421, 1
133, 340, 1
133, 456, 1
133, 240, 1
133, 319, 1
133, 117, 1
133, 37, 1
133, 480, 1
133, 7, 1
176, 348, 1
176, 379, 1
176, 282, 1
176, 124, 1
176, 498, 1
176, 259, 1
176, 130, 1
8, 348, 1
8, 379, 1
8, 282, 1
8, 124, 1
8, 498, 1
8, 259, 1
8, 130, 1
8, 176, 1
39, 348, 1
39, 379, 1
39, 282, 1
39, 124, 1
39, 498, 1
39, 259, 1
39, 130, 1
39, 176, 1
39, 8, 1
115, 348, 1
115, 379, 1
115, 282, 1
115, 124, 1
115, 498, 1
115, 259, 1
115, 130, 1
115, 176, 1
115, 8, 1
115, 39, 1
480, 382, -1
480, 348, -1
480, 379, -1
480, 282, -1
480, 124, -1
480, 498, -1
480, 259, -1
130, 382, -1
130, 2, -1
130, 190, -1
130, 313, -1
130, 277, -1
130, 64, -1
130, 488, -1
130, 421, -1
130, 340, -1
130, 456, -1
130, 240, -1
130, 319, -1
130, 117, -1
130, 37, -1
130, 480, -1
7, 382, -1
7, 348, -1
7, 379, -1
7, 282, -1
7, 124, -1
7, 498, -1
7, 259, -1
7, 130, -1
133, 382, -1
133, 348, -1
133, 379, -1
133, 282, -1
133, 124, -1
133, 498, -1
133, 259, -1
133, 130, -1
176, 382, -1
176, 2, -1
176, 190, -1
176, 313, -1
176, 277, -1
176, 64, -1
176, 488, -1
176, 421, -1
176, 340, -1
176, 456, -1
176, 240, -1
176, 319, -1
176, 117, -1
176, 37, -1
176, 480, -1
176, 7, -1
176, 133, -1
8, 382, -1
8, 2, -1
8, 190, -1
8, 313, -1
8, 277, -1
8, 64, -1
8, 488, -1
8, 421, -1
8, 340, -1
8, 456, -1
8, 240, -1
8, 319, -1
8, 117, -1
8, 37, -1
8, 480, -1
8, 7, -1
8, 133, -1
39, 382, -1
39, 2, -1
39, 190, -1
39, 313, -1
39, 277, -1
39, 64, -1
39, 488, -1
39, 421, -1
39, 340, -1
39, 456, -1
39, 240, -1
39, 319, -1
39, 117, -1
39, 37, -1
39, 480, -1
39, 7, -1
39, 133, -1
115, 382, -1
115, 2, -1
115, 190, -1
115, 313, -1
115, 277, -1
115, 64, -1
115, 488, -1
115, 421, -1
115, 340, -1
115, 456, -1
115, 240, -1
115, 319, -1
115, 117, -1
115, 37, -1
115, 480, -1
115, 7, -1
115, 133, -1

489, 2, 1
489, 190, 1
489, 313, 1
489, 277, 1
489, 64, 1
489, 488, 1
489, 421, 1
489, 340, 1
489, 456, 1
489, 240, 1
489, 319, 1
489, 117, 1
489, 37, 1
489, 480, 1
489, 7, 1
489, 133, 1
428, 2, 1
428, 190, 1
428, 313, 1
428, 277, 1
428, 64, 1
428, 488, 1
428, 421, 1
428, 340, 1
428, 456, 1
428, 240, 1
428, 319, 1
428, 117, 1
428, 37, 1
428, 480, 1
428, 7, 1
428, 133, 1
428, 489, 1
191, 348, 1
191, 379, 1
191, 282, 1
191, 124, 1
191, 498, 1
191, 259, 1
191, 130, 1
191, 176, 1
191, 8, 1
191, 39, 1
191, 115, 1
218, 348, 1
218, 379, 1
218, 282, 1
218, 124, 1
218, 498, 1
218, 259, 1
218, 130, 1
218, 176, 1
218, 8, 1
218, 39, 1
218, 115, 1
218, 191, 1
11, 348, 1
11, 379, 1
11, 282, 1
11, 124, 1
11, 498, 1
11, 259, 1
11, 130, 1
11, 176, 1
11, 8, 1
11, 39, 1
11, 115, 1
11, 191, 1
11, 218, 1
52, 348, 1
52, 379, 1
52, 282, 1
52, 124, 1
52, 498, 1
52, 259, 1
52, 130, 1
52, 176, 1
52, 8, 1
52, 39, 1
52, 115, 1
52, 191, 1
52, 218, 1
52, 11, 1
215, 348, 1
215, 379, 1
215, 282, 1
215, 124, 1
215, 498, 1
215, 259, 1
215, 130, 1
215, 176, 1
215, 8, 1
215, 39, 1
215, 115, 1
215, 191, 1
215, 218, 1
215, 11, 1
215, 52, 1
153, 348, 1
153, 379, 1
153, 282, 1
153, 124, 1
153, 498, 1
153, 259, 1
153, 130, 1
153, 176, 1
153, 8, 1
153, 39, 1
153, 115, 1
153, 191, 1
153, 218, 1
153, 11, 1
153, 52, 1
153, 215, 1
44, 348, 1
44, 379, 1
44, 282, 1
44, 124, 1
44, 498, 1
44, 259, 1
44, 130, 1
44, 176, 1
44, 8, 1
44, 39, 1
44, 115, 1
44, 191, 1
44, 218, 1
44, 11, 1
44, 52, 1
44, 215, 1
44, 153, 1
489, 382, -1
489, 348, -1
489, 379, -1
489, 282, -1
489, 124, -1
489, 498, -1
489, 259, -1
489, 130, -1
489, 176, -1
489, 8, -1
489, 39, -1
489, 115, -1
428, 382, -1
428, 348, -1
428, 379, -1
428, 282, -1
428, 124, -1
428, 498, -1
428, 259, -1
428, 130, -1
428, 176, -1
428, 8, -1
428, 39, -1
428, 115, -1
191, 382, -1
191, 2, -1
191, 190, -1
191, 313, -1
191, 277, -1
191, 64, -1
191, 488, -1
191, 421, -1
191, 340, -1
191, 456, -1
191, 240, -1
191, 319, -1
191, 117, -1
191, 37, -1
191, 480, -1
191, 7, -1
191, 133, -1
191, 489, -1
191, 428, -1
218, 382, -1
218, 2, -1
218, 190, -1
218, 313, -1
218, 277, -1
218, 64, -1
218, 488, -1
218, 421, -1
218, 340, -1
218, 456, -1
218, 240, -1
218, 319, -1
218, 117, -1
218, 37, -1
218, 480, -1
218, 7, -1
218, 133, -1
218, 489, -1
218, 428, -1
11, 382, -1
11, 2, -1
11, 190, -1
11, 313, -1
11, 277, -1
11, 64, -1
11, 488, -1
11, 421, -1
11, 340, -1
11, 456, -1
11, 240, -1
11, 319, -1
11, 117, -1
11, 37, -1
11, 480, -1
11, 7, -1
11, 133, -1
11, 489, -1
11, 428, -1
52, 382, -1
52, 2, -1
52, 190, -1
52, 313, -1
52, 277, -1
52, 64, -1
52, 488, -1
52, 421, -1
52, 340, -1
52, 456, -1
52, 240, -1
52, 319, -1
52, 117, -1
52, 37, -1
52, 480, -1
52, 7, -1
52, 133, -1
52, 489, -1
52, 428, -1
215, 382, -1
215, 2, -1
215, 190, -1
215, 313, -1
215, 277, -1
215, 64, -1
215, 488, -1
215, 421, -1
215, 340, -1
215, 456, -1
215, 240, -1
215, 319, -1
215, 117, -1
215, 37, -1
215, 480, -1
215, 7, -1
215, 133, -1
215, 489, -1
215, 428, -1
153, 382, -1
153, 2, -1
153, 190, -1
153, 313, -1
153, 277, -1
153, 64, -1
153, 488, -1
153, 421, -1
153, 340, -1
153, 456, -1
153, 240, -1
153, 319, -1
153, 117, -1
153, 37, -1
153, 480, -1
153, 7, -1
153, 133, -1
153, 489, -1
153, 428, -1
44, 382, -1
44, 2, -1
44, 190, -1
44, 313, -1
44, 277, -1
44, 64, -1
44, 488, -1
44, 421, -1
44, 340, -1
44, 456, -1
44, 240, -1
44, 319, -1
44, 117, -1
44, 37, -1
44, 480, -1
44, 7, -1
44, 133, -1
44, 489, -1
44, 428, -1

485, 2, 1
485, 190, 1
485, 313, 1
485, 277, 1
485, 64, 1
485, 488, 1
485, 421, 1
485, 340, 1
485, 456, 1
485, 240, 1
485, 319, 1
485, 117, 1
485, 37, 1
485, 480, 1
485, 7, 1
485, 133, 1
485, 489, 1
485, 428, 1
441, 2, 1
441, 190, 1
441, 313, 1
441, 277, 1
441, 64, 1
441, 488, 1
441, 421, 1
441, 340, 1
441, 456, 1
441, 240, 1
441, 319, 1
441, 117, 1
441, 37, 1
441, 480, 1
441, 7, 1
441, 133, 1
441, 489, 1
441, 428, 1
441, 485, 1
33, 2, 1
33, 190, 1
33, 313, 1
33, 277, 1
33, 64, 1
33, 488, 1
33, 421, 1
33, 340, 1
33, 456, 1
33, 240, 1
33, 319, 1
33, 117, 1
33, 37, 1
33, 480, 1
33, 7, 1
33, 133, 1
33, 489, 1
33, 428, 1
33, 485, 1
33, 441, 1
227, 2, 1
227, 190, 1
227, 313, 1
227, 277, 1
227, 64, 1
227, 488, 1
227, 421, 1
227, 340, 1
227, 456, 1
227, 240, 1
227, 319, 1
227, 117, 1
227, 37, 1
227, 480, 1
227, 7, 1
227, 133, 1
227, 489, 1
227, 428, 1
227, 485, 1
227, 441, 1
227, 33, 1
279, 2, 1
279, 190, 1
279, 313, 1
279, 277, 1
279, 64, 1
279, 488, 1
279, 421, 1
279, 340, 1
279, 456, 1
279, 240, 1
279, 319, 1
279, 117, 1
279, 37, 1
279, 480, 1
279, 7, 1
279, 133, 1
279, 489, 1
279, 428, 1
279, 485, 1
279, 441, 1
279, 33, 1
279, 227, 1
485, 382, -1
485, 348, -1
485, 379, -1
485, 282, -1
485, 124, -1
485, 498, -1
485, 259, -1
485, 130, -1
485, 176, -1
485, 8, -1
485, 39, -1
485, 115, -1
485, 191, -1
485, 218, -1
485, 11, -1
485, 52, -1
485, 215, -1
485, 153, -1
485, 44, -1
441, 382, -1
441, 348, -1
441, 379, -1
441, 282, -1
441, 124, -1
441, 498, -1
441, 259, -1
441, 130, -1
441, 176, -1
441, 8, -1
441, 39, -1
441, 115, -1
441, 191, -1
441, 218, -1
441, 11, -1
441, 52, -1
441, 215, -1
441, 153, -1
441, 44, -1
33, 382, -1
33, 348, -1
33, 379, -1
33, 282, -1
33, 124, -1
33, 498, -1
33, 259, -1
33, 130, -1
33, 176, -1
33, 8, -1
33, 39, -1
33, 115, -1
33, 191, -1
33, 218, -1
33, 11, -1
33, 52, -1
33, 215, -1
33, 153, -1
33, 44, -1
227, 382, -1
227, 348, -1
227, 379, -1
227, 282, -1
227, 124, -1
227, 498, -1
227, 259, -1
227, 130, -1
227, 176, -1
227, 8, -1
227, 39, -1
227, 115, -1
227, 191, -1
227, 218, -1
227, 11, -1
227, 52, -1
227, 215, -1
227, 153, -1
227, 44, -1
279, 382, -1
279, 348, -1
279, 379, -1
279, 282, -1
279, 124, -1
279, 498, -1
279, 259, -1
279, 130, -1
279, 176, -1
279, 8, -1
279, 39, -1
279, 115, -1
279, 191, -1
279, 218, -1
279, 11, -1
279, 52, -1
279, 215, -1
279, 153, -1
279, 44, -1

332, 2, 1
332, 190, 1
332, 313, 1
332, 277, 1
332, 64, 1
332, 488, 1
332, 421, 1
332, 340, 1
332, 456, 1
332, 240, 1
332, 319, 1
332, 117, 1
332, 37, 1
332, 480, 1
332, 7, 1
332, 133, 1
332, 489, 1
332, 428, 1
332, 485, 1
332, 441, 1
332, 33, 1
332, 227, 1
332, 279, 1
83, 2, 1
83, 190, 1
83, 313, 1
83, 277, 1
83, 64, 1
83, 488, 1
83, 421, 1
83, 340, 1
83, 456, 1
83, 240, 1
83, 319, 1
83, 117, 1
83, 37, 1
83, 480, 1
83, 7, 1
83, 133, 1
83, 489, 1
83, 428, 1
83, 485, 1
83, 441, 1
83, 33, 1
83, 227, 1
83, 279, 1
83, 332, 1
459, 2, 1
459, 190, 1
459, 313, 1
459, 277, 1
459, 64, 1
459, 488, 1
459, 421, 1
459, 340, 1
459, 456, 1
459, 240, 1
459, 319, 1
459, 117, 1
459, 37, 1
459, 480, 1
459, 7, 1
459, 133, 1
459, 489, 1
459, 428, 1
459, 485, 1
459, 441, 1
459, 33, 1
459, 227, 1
459, 279, 1
459, 332, 1
459, 83, 1
186, 2, 1
186, 190, 1
186, 313, 1
186, 277, 1
186, 64, 1
186, 488, 1
186, 421, 1
186, 340, 1
186, 456, 1
186, 240, 1
186, 319, 1
186, 117, 1
186, 37, 1
186, 480, 1
186, 7, 1
186, 133, 1
186, 489, 1
186, 428, 1
186, 485, 1
186, 441, 1
186, 33, 1
186, 227, 1
186, 279, 1
186, 332, 1
186, 83, 1
186, 459, 1
219, 2, 1
219, 190, 1
219, 313, 1
219, 277, 1
219, 64, 1
219, 488, 1
219, 421, 1
219, 340, 1
219, 456, 1
219, 240, 1
219, 319, 1
219, 117, 1
219, 37, 1
219, 480, 1
219, 7, 1
219, 133, 1
219, 489, 1
219, 428, 1
219, 485, 1
219, 441, 1
219, 33, 1
219, 227, 1
219, 279, 1
219, 332, 1
219, 83, 1
219, 459, 1
219, 186, 1
332, 382, -1
332, 348, -1
332, 379, -1
332, 282, -1
332, 124, -1
332, 498, -1
332, 259, -1
332, 130, -1
332, 176, -1
332, 8, -1
332, 39, -1
332, 115, -1
332, 191, -1
332, 218, -1
332, 11, -1
332, 52, -1
332, 215, -1
332, 153, -1
332, 44, -1
83, 382, -1
83, 348, -1
83, 379, -1
83, 282, -1
83, 124, -1
83, 498, -1
83, 259, -1
83, 130, -1
83, 176, -1
83, 8, -1
83, 39, -1
83, 115, -1
83, 191, -1
83, 218, -1
83, 11, -1
83, 52, -1
83, 215, -1
83, 153, -1
83, 44, -1
459, 382, -1
459, 348, -1
459, 379, -1
459, 282, -1
459, 124, -1
459, 498, -1
459, 259, -1
459, 130, -1
459, 176, -1
459, 8, -1
459, 39, -1
459, 115, -1
459, 191, -1
459, 218, -1
459, 11, -1
459, 52, -1
459, 215, -1
459, 153, -1
459, 44, -1
186, 382, -1
186, 348, -1
186, 379, -1
186, 282, -1
186, 124, -1
186, 498, -1
186, 259, -1
186, 130, -1
186, 176, -1
186, 8, -1
186, 39, -1
186, 115, -1
186, 191, -1
186, 218, -1
186, 11, -1
186, 52, -1
186, 215, -1
186, 153, -1
186, 44, -1
219, 382, -1
219, 348, -1
219, 379, -1
219, 282, -1
219, 124, -1
219, 498, -1
219, 259, -1
219, 130, -1
219, 176, -1
219, 8, -1
219, 39, -1
219, 115, -1
219, 191, -1
219, 218, -1
219, 11, -1
219, 52, -1
219, 215, -1
219, 153, -1
219, 44, -1

443, 2, 1
443, 190, 1
443, 313, 1
443, 277, 1
443, 64, 1
443, 488, 1
443, 421, 1
443, 340, 1
443, 456, 1
443, 240, 1
443, 319, 1
443, 117, 1
443, 37, 1
443, 480, 1
443, 7, 1
443, 133, 1
443, 489, 1
443, 428, 1
443, 485, 1
443, 441, 1
443, 33, 1
443, 227, 1
443, 279, 1
443, 332, 1
443, 83, 1
443, 459, 1
443, 186, 1
443, 219, 1
447, 2, 1
447, 190, 1
447, 313, 1
447, 277, 1
447, 64, 1
447, 488, 1
447, 421, 1
447, 340, 1
447, 456, 1
447, 240, 1
447, 319, 1
447, 117, 1
447, 37, 1
447, 480, 1
447, 7, 1
447, 133, 1
447, 489, 1
447, 428, 1
447, 485, 1
447, 441, 1
447, 33, 1
447, 227, 1
447, 279, 1
447, 332, 1
447, 83, 1
447, 459, 1
447, 186, 1
447, 219, 1
447, 443, 1
274, 2, 1
274, 190, 1
274, 313, 1
274, 277, 1
274, 64, 1
274, 488, 1
274, 421, 1
274, 340, 1
274, 456, 1
274, 240, 1
274, 319, 1
274, 117, 1
274, 37, 1
274, 480, 1
274, 7, 1
274, 133, 1
274, 489, 1
274, 428, 1
274, 485, 1
274, 441, 1
274, 33, 1
274, 227, 1
274, 279, 1
274, 332, 1
274, 83, 1
274, 459, 1
274, 186, 1
274, 219, 1
274, 443, 1
274, 447, 1
239, 2, 1
239, 190, 1
239, 313, 1
239, 277, 1
239, 64, 1
239, 488, 1
239, 421, 1
239, 340, 1
239, 456, 1
239, 240, 1
239, 319, 1
239, 117, 1
239, 37, 1
239, 480, 1
239, 7, 1
239, 133, 1
239, 489, 1
239, 428, 1
239, 485, 1
239, 441, 1
239, 33, 1
239, 227, 1
239, 279, 1
239, 332, 1
239, 83, 1
239, 459, 1
239, 186, 1
239, 219, 1
239, 443, 1
239, 447, 1
239, 274, 1
224, 2, 1
224, 190, 1
224, 313, 1
224, 277, 1
224, 64, 1
224, 488, 1
224, 421, 1
224, 340, 1
224, 456, 1
224, 240, 1
224, 319, 1
224, 117, 1
224, 37, 1
224, 480, 1
224, 7, 1
224, 133, 1
224, 489, 1
224, 428, 1
224, 485, 1
224, 441, 1
224, 33, 1
224, 227, 1
224, 279, 1
224, 332, 1
224, 83, 1
224, 459, 1
224, 186, 1
224, 219, 1
224, 443, 1
224, 447, 1
224, 274, 1
224, 239, 1
443, 382, -1
443, 348, -1
443, 379, -1
443, 282, -1
443, 124, -1
443, 498, -1
443, 259, -1
443, 130, -1
443, 176, -1
443, 8, -1
443, 39, -1
443, 115, -1
443, 191, -1
443, 218, -1
443, 11, -1
443, 52, -1
443, 215, -1
443, 153, -1
443, 44, -1
447, 382, -1
447, 348, -1
447, 379, -1
447, 282, -1
447, 124, -1
447, 498, -1
447, 259, -1
447, 130, -1
447, 176, -1
447, 8, -1
447, 39, -1
447, 115, -1
447, 191, -1
447, 218, -1
447, 11, -1
447, 52, -1
447, 215, -1
447, 153, -1
447, 44, -1
274, 382, -1
274, 348, -1
274, 379, -1
274, 282, -1
274, 124, -1
274, 498, -1
274, 259, -1
274, 130, -1
274, 176, -1
274, 8, -1
274, 39, -1
274, 115, -1
274, 191, -1
274, 218, -1
274, 11, -1
274, 52, -1
274, 215, -1
274, 153, -1
274, 44, -1
239, 382, -1
239, 348, -1
239, 379, -1
239, 282, -1
239, 124, -1
239, 498, -1
239, 259, -1
239, 130, -1
239, 176, -1
239, 8, -1
239, 39, -1
239, 115, -1
239, 191, -1
239, 218, -1
239, 11, -1
239, 52, -1
239, 215, -1
239, 153, -1
239, 44, -1
224, 382, -1
224, 348, -1
224, 379, -1
224, 282, -1
224, 124, -1
224, 498, -1
224, 259, -1
224, 130, -1
224, 176, -1
224, 8, -1
224, 39, -1
224, 115, -1
224, 191, -1
224, 218, -1
224, 11, -1
224, 52, -1
224, 215, -1
224, 153, -1
224, 44, -1

21, 2, 1
21, 190, 1
21, 313, 1
21, 277, 1
21, 64, 1
21, 488, 1
21, 421, 1
21, 340, 1
21, 456, 1
21, 240, 1
21, 319, 1
21, 117, 1
21, 37, 1
21, 480, 1
21, 7, 1
21, 133, 1
21, 489, 1
21, 428, 1
21, 485, 1
21, 441, 1
21, 33, 1
21, 227, 1
21, 279, 1
21, 332, 1
21, 83, 1
21, 459, 1
21, 186, 1
21, 219, 1
21, 443, 1
21, 447, 1
21, 274, 1
21, 239, 1
21, 224, 1
199, 2, 1
199, 190, 1
199, 313, 1
199, 277, 1
199, 64, 1
199, 488, 1
199, 421, 1
199, 340, 1
199, 456, 1
199, 240, 1
199, 319, 1
199, 117, 1
199, 37, 1
199, 480, 1
199, 7, 1
199, 133, 1
199, 489, 1
199, 428, 1
199, 485, 1
199, 441, 1
199, 33, 1
199, 227, 1
199, 279, 1
199, 332, 1
199, 83, 1
199, 459, 1
199, 186, 1
199, 219, 1
199, 443, 1
199, 447, 1
199, 274, 1
199, 239, 1
199, 224, 1
199, 21, 1
376, 2, 1
376, 190, 1
376, 313, 1
376, 277, 1
376, 64, 1
376, 488, 1
376, 421, 1
376, 340, 1
376, 456, 1
376, 240, 1
376, 319, 1
376, 117, 1
376, 37, 1
376, 480, 1
376, 7, 1
376, 133, 1
376, 489, 1
376, 428, 1
376, 485, 1
376, 441, 1
376, 33, 1
376, 227, 1
376, 279, 1
376, 332, 1
376, 83, 1
376, 459, 1
376, 186, 1
376, 219, 1
376, 443, 1
376, 447, 1
376, 274, 1
376, 239, 1
376, 224, 1
376, 21, 1
376, 199, 1
433, 2, 1
433, 190, 1
433, 313, 1
433, 277, 1
433, 64, 1
433, 488, 1
433, 421, 1
433, 340, 1
433, 456, 1
433, 240, 1
433, 319, 1
433, 117, 1
433, 37, 1
433, 480, 1
433, 7, 1
433, 133, 1
433, 489, 1
433, 428, 1
433, 485, 1
433, 441, 1
433, 33, 1
433, 227, 1
433, 279, 1
433, 332, 1
433, 83, 1
433, 459, 1
433, 186, 1
433, 219, 1
433, 443, 1
433, 447, 1
433, 274, 1
433, 239, 1
433, 224, 1
433, 21, 1
433, 199, 1
433, 376, 1
10, 2, 1
10, 190, 1
10, 313, 1
10, 277, 1
10, 64, 1
10, 488, 1
10, 421, 1
10, 340, 1
10, 456, 1
10, 240, 1
10, 319, 1
10, 117, 1
10, 37, 1
10, 480, 1
10, 7, 1
10, 133, 1
10, 489, 1
10, 428, 1
10, 485, 1
10, 441, 1
10, 33, 1
10, 227, 1
10, 279, 1
10, 332, 1
10, 83, 1
10, 459, 1
10, 186, 1
10, 219, 1
10, 443, 1
10, 447, 1
10, 274, 1
10, 239, 1
10, 224, 1
10, 21, 1
10, 199, 1
10, 376, 1
10, 433, 1
413, 382, 1
40, 2, 1
40, 190, 1
40, 313, 1
40, 277, 1
40, 64, 1
40, 488, 1
40, 421, 1
40, 340, 1
40, 456, 1
40, 240, 1
40, 319, 1
40, 117, 1
40, 37, 1
40, 480, 1
40, 7, 1
40, 133, 1
40, 489, 1
40, 428, 1
40, 485, 1
40, 441, 1
40, 33, 1
40, 227, 1
40, 279, 1
40, 332, 1
40, 83, 1
40, 459, 1
40, 186, 1
40, 219, 1
40, 443, 1
40, 447, 1
40, 274, 1
40, 239, 1
40, 224, 1
40, 21, 1
40, 199, 1
40, 376, 1
40, 433, 1
40, 10, 1
168, 382, 1
168, 413, 1
21, 382, -1
21, 348, -1
21, 379, -1
21, 282, -1
21, 124, -1
21, 498, -1
21, 259, -1
21, 130, -1
21, 176, -1
21, 8, -1
21, 39, -1
21, 115, -1
21, 191, -1
21, 218, -1
21, 11, -1
21, 52, -1
21, 215, -1
21, 153, -1
21, 44, -1
199, 382, -1
199, 348, -1
199, 379, -1
199, 282, -1
199, 124, -1
199, 498, -1
199, 259, -1
199, 130, -1
199, 176, -1
199, 8, -1
199, 39, -1
199, 115, -1
199, 191, -1
199, 218, -1
199, 11, -1
199, 52, -1
199, 215, -1
199, 153, -1
199, 44, -1
376, 382, -1
376, 348, -1
376, 379, -1
376, 282, -1
376, 124, -1
376, 498, -1
376, 259, -1
376, 130, -1
376, 176, -1
376, 8, -1
376, 39, -1
376, 115, -1
376, 191, -1
376, 218, -1
376, 11, -1
376, 52, -1
376, 215, -1
376, 153, -1
376, 44, -1
433, 382, -1
433, 348, -1
433, 379, -1
433, 282, -1
433, 124, -1
433, 498, -1
433, 259, -1
433, 130, -1
433, 176, -1
433, 8, -1
433, 39, -1
433, 115, -1
433, 191, -1
433, 218, -1
433, 11, -1
433, 52, -1
433, 215, -1
433, 153, -1
433, 44, -1
10, 382, -1
10, 348, -1
10, 379, -1
10, 282, -1
10, 124, -1
10, 498, -1
10, 259, -1
10, 130, -1
10, 176, -1
10, 8, -1
10, 39, -1
10, 115, -1
10, 191, -1
10, 218, -1
10, 11, -1
10, 52, -1
10, 215, -1
10, 153, -1
10, 44, -1
413, 348, -1
413, 379, -1
413, 282, -1
413, 124, -1
413, 498, -1
413, 259, -1
413, 130, -1
413, 176, -1
413, 8, -1
413, 39, -1
413, 115, -1
413, 191, -1
413, 218, -1
413, 11, -1
413, 52, -1
413, 215, -1
413, 153, -1
413, 44, -1
413, 2, -1
413, 190, -1
413, 313, -1
413, 277, -1
413, 64, -1
413, 488, -1
413, 421, -1
413, 340, -1
413, 456, -1
413, 240, -1
413, 319, -1
413, 117, -1
413, 37, -1
413, 480, -1
413, 7, -1
413, 133, -1
413, 489, -1
413, 428, -1
413, 485, -1
413, 441, -1
413, 33, -1
413, 227, -1
413, 279, -1
413, 332, -1
413, 83, -1
413, 459, -1
413, 186, -1
413, 219, -1
413, 443, -1
413, 447, -1
413, 274, -1
413, 239, -1
413, 224, -1
413, 21, -1
413, 199, -1
413, 376, -1
413, 433, -1
413, 10, -1
40, 382, -1
40, 413, -1
40, 348, -1
40, 379, -1
40, 282, -1
40, 124, -1
40, 498, -1
40, 259, -1
40, 130, -1
40, 176, -1
40, 8, -1
40, 39, -1
40, 115, -1
40, 191, -1
40, 218, -1
40, 11, -1
40, 52, -1
40, 215, -1
40, 153, -1
40, 44, -1
168, 348, -1
168, 379, -1
168, 282, -1
168, 124, -1
168, 498, -1
168, 259, -1
168, 130, -1
168, 176, -1
168, 8, -1
168, 39, -1
168, 115, -1
168, 191, -1
168, 218, -1
168, 11, -1
168, 52, -1
168, 215, -1
168, 153, -1
168, 44, -1
168, 2, -1
168, 190, -1
168, 313, -1
168, 277, -1
168, 64, -1
168, 488, -1
168, 421, -1
168, 340, -1
168, 456, -1
168, 240, -1
168, 319, -1
168, 117, -1
168, 37, -1
168, 480, -1
168, 7, -1
168, 133, -1
168, 489, -1
168, 428, -1
168, 485, -1
168, 441, -1
168, 33, -1
168, 227, -1
168, 279, -1
168, 332, -1
168, 83, -1
168, 459, -1
168, 186, -1
168, 219, -1
168, 443, -1
168, 447, -1
168, 274, -1
168, 239, -1
168, 224, -1
168, 21, -1
168, 199, -1
168, 376, -1
168, 433, -1
168, 10, -1
168, 40, -1

388, 2, 1
388, 190, 1
388, 313, 1
388, 277, 1
388, 64, 1
388, 488, 1
388, 421, 1
388, 340, 1
388, 456, 1
388, 240, 1
388, 319, 1
388, 117, 1
388, 37, 1
388, 480, 1
388, 7, 1
388, 133, 1
388, 489, 1
388, 428, 1
388, 485, 1
388, 441, 1
388, 33, 1
388, 227, 1
388, 279, 1
388, 332, 1
388, 83, 1
388, 459, 1
388, 186, 1
388, 219, 1
388, 443, 1
388, 447, 1
388, 274, 1
388, 239, 1
388, 224, 1
388, 21, 1
388, 199, 1
388, 376, 1
388, 433, 1
388, 10, 1
388, 40, 1
187, 2, 1
187, 190, 1
187, 313, 1
187, 277, 1
187, 64, 1
187, 488, 1
187, 421, 1
187, 340, 1
187, 456, 1
187, 240, 1
187, 319, 1
187, 117, 1
187, 37, 1
187, 480, 1
187, 7, 1
187, 133, 1
187, 489, 1
187, 428, 1
187, 485, 1
187, 441, 1
187, 33, 1
187, 227, 1
187, 279, 1
187, 332, 1
187, 83, 1
187, 459, 1
187, 186, 1
187, 219, 1
187, 443, 1
187, 447, 1
187, 274, 1
187, 239, 1
187, 224, 1
187, 21, 1
187, 199, 1
187, 376, 1
187, 433, 1
187, 10, 1
187, 40, 1
187, 388, 1
89, 2, 1
89, 190, 1
89, 313, 1
89, 277, 1
89, 64, 1
89, 488, 1
89, 421, 1
89, 340, 1
89, 456, 1
89, 240, 1
89, 319, 1
89, 117, 1
89, 37, 1
89, 480, 1
89, 7, 1
89, 133, 1
89, 489, 1
89, 428, 1
89, 485, 1
89, 441, 1
89, 33, 1
89, 227, 1
89, 279, 1
89, 332, 1
89, 83, 1
89, 459, 1
89, 186, 1
89, 219, 1
89, 443, 1
89, 447, 1
89, 274, 1
89, 239, 1
89, 224, 1
89, 21, 1
89, 199, 1
89, 376, 1
89, 433, 1
89, 10, 1
89, 40, 1
89, 388, 1
89, 187, 1
439, 2, 1
439, 190, 1
439, 313, 1
439, 277, 1
439, 64, 1
439, 488, 1
439, 421, 1
439, 340, 1
439, 456, 1
439, 240, 1
439, 319, 1
439, 117, 1
439, 37, 1
439, 480, 1
439, 7, 1
439, 133, 1
439, 489, 1
439, 428, 1
439, 485, 1
439, 441, 1
439, 33, 1
439, 227, 1
439, 279, 1
439, 332, 1
439, 83, 1
439, 459, 1
439, 186, 1
439, 219, 1
439, 443, 1
439, 447, 1
439, 274, 1
439, 239, 1
439, 224, 1
439, 21, 1
439, 199, 1
439, 376, 1
439, 433, 1
439, 10, 1
439, 40, 1
439, 388, 1
439, 187, 1
439, 89, 1
38, 2, 1
38, 190, 1
38, 313, 1
38, 277, 1
38, 64, 1
38, 488, 1
38, 421, 1
38, 340, 1
38, 456, 1
38, 240, 1
38, 319, 1
38, 117, 1
38, 37, 1
38, 480, 1
38, 7, 1
38, 133, 1
38, 489, 1
38, 428, 1
38, 485, 1
38, 441, 1
38, 33, 1
38, 227, 1
38, 279, 1
38, 332, 1
38, 83, 1
38, 459, 1
38, 186, 1
38, 219, 1
38, 443, 1
38, 447, 1
38, 274, 1
38, 239, 1
38, 224, 1
38, 21, 1
38, 199, 1
38, 376, 1
38, 433, 1
38, 10, 1
38, 40, 1
38, 388, 1
38, 187, 1
38, 89, 1
38, 439, 1
23, 2, 1
23, 190, 1
23, 313, 1
23, 277, 1
23, 64, 1
23, 488, 1
23, 421, 1
23, 340, 1
23, 456, 1
23, 240, 1
23, 319, 1
23, 117, 1
23, 37, 1
23, 480, 1
23, 7, 1
23, 133, 1
23, 489, 1
23, 428, 1
23, 485, 1
23, 441, 1
23, 33, 1
23, 227, 1
23, 279, 1
23, 332, 1
23, 83, 1
23, 459, 1
23, 186, 1
23, 219, 1
23, 443, 1
23, 447, 1
23, 274, 1
23, 239, 1
23, 224, 1
23, 21, 1
23, 199, 1
23, 376, 1
23, 433, 1
23, 10, 1
23, 40, 1
23, 388, 1
23, 187, 1
23, 89, 1
23, 439, 1
23, 38, 1
68, 2, 1
68, 190, 1
68, 313, 1
68, 277, 1
68, 64, 1
68, 488, 1
68, 421, 1
68, 340, 1
68, 456, 1
68, 240, 1
68, 319, 1
68, 117, 1
68, 37, 1
68, 480, 1
68, 7, 1
68, 133, 1
68, 489, 1
68, 428, 1
68, 485, 1
68, 441, 1
68, 33, 1
68, 227, 1
68, 279, 1
68, 332, 1
68, 83, 1
68, 459, 1
68, 186, 1
68, 219, 1
68, 443, 1
68, 447, 1
68, 274, 1
68, 239, 1
68, 224, 1
68, 21, 1
68, 199, 1
68, 376, 1
68, 433, 1
68, 10, 1
68, 40, 1
68, 388, 1
68, 187, 1
68, 89, 1
68, 439, 1
68, 38, 1
68, 23, 1
91, 2, 1
91, 190, 1
91, 313, 1
91, 277, 1
91, 64, 1
91, 488, 1
91, 421, 1
91, 340, 1
91, 456, 1
91, 240, 1
91, 319, 1
91, 117, 1
91, 37, 1
91, 480, 1
91, 7, 1
91, 133, 1
91, 489, 1
91, 428, 1
91, 485, 1
91, 441, 1
91, 33, 1
91, 227, 1
91, 279, 1
91, 332, 1
91, 83, 1
91, 459, 1
91, 186, 1
91, 219, 1
91, 443, 1
91, 447, 1
91, 274, 1
91, 239, 1
91, 224, 1
91, 21, 1
91, 199, 1
91, 376, 1
91, 433, 1
91, 10, 1
91, 40, 1
91, 388, 1
91, 187, 1
91, 89, 1
91, 439, 1
91, 38, 1
91, 23, 1
91, 68, 1
145, 2, 1
145, 190, 1
145, 313, 1
145, 277, 1
145, 64, 1
145, 488, 1
145, 421, 1
145, 340, 1
145, 456, 1
145, 240, 1
145, 319, 1
145, 117, 1
145, 37, 1
145, 480, 1
145, 7, 1
145, 133, 1
145, 489, 1
145, 428, 1
145, 485, 1
145, 441, 1
145, 33, 1
145, 227, 1
145, 279, 1
145, 332, 1
145, 83, 1
145, 459, 1
145, 186, 1
145, 219, 1
145, 443, 1
145, 447, 1
145, 274, 1
145, 239, 1
145, 224, 1
145, 21, 1
145, 199, 1
145, 376, 1
145, 433, 1
145, 10, 1
145, 40, 1
145, 388, 1
145, 187, 1
145, 89, 1
145, 439, 1
145, 38, 1
145, 23, 1
145, 68, 1
145, 91, 1
36, 2, 1
36, 190, 1
36, 313, 1
36, 277, 1
36, 64, 1
36, 488, 1
36, 421, 1
36, 340, 1
36, 456, 1
36, 240, 1
36, 319, 1
36, 117, 1
36, 37, 1
36, 480, 1
36, 7, 1
36, 133, 1
36, 489, 1
36, 428, 1
36, 485, 1
36, 441, 1
36, 33, 1
36, 227, 1
36, 279, 1
36, 332, 1
36, 83, 1
36, 459, 1
36, 186, 1
36, 219, 1
36, 443, 1
36, 447, 1
36, 274, 1
36, 239, 1
36, 224, 1
36, 21, 1
36, 199, 1
36, 376, 1
36, 433, 1
36, 10, 1
36, 40, 1
36, 388, 1
36, 187, 1
36, 89, 1
36, 439, 1
36, 38, 1
36, 23, 1
36, 68, 1
36, 91, 1
36, 145, 1
388, 382, -1
388, 413, -1
388, 168, -1
388, 348, -1
388, 379, -1
388, 282, -1
388, 124, -1
388, 498, -1
388, 259, -1
388, 130, -1
388, 176, -1
388, 8, -1
388, 39, -1
388, 115, -1
388, 191, -1
388, 218, -1
388, 11, -1
388, 52, -1
388, 215, -1
388, 153, -1
388, 44, -1
187, 382, -1
187, 413, -1
187, 168, -1
187, 348, -1
187, 379, -1
187, 282, -1
187, 124, -1
187, 498, -1
187, 259, -1
187, 130, -1
187, 176, -1
187, 8, -1
187, 39, -1
187, 115, -1
187, 191, -1
187, 218, -1
187, 11, -1
187, 52, -1
187, 215, -1
187, 153, -1
187, 44, -1
89, 382, -1
89, 413, -1
89, 168, -1
89, 348, -1
89, 379, -1
89, 282, -1
89, 124, -1
89, 498, -1
89, 259, -1
89, 130, -1
89, 176, -1
89, 8, -1
89, 39, -1
89, 115, -1
89, 191, -1
89, 218, -1
89, 11, -1
89, 52, -1
89, 215, -1
89, 153, -1
89, 44, -1
439, 382, -1
439, 413, -1
439, 168, -1
439, 348, -1
439, 379, -1
439, 282, -1
439, 124, -1
439, 498, -1
439, 259, -1
439, 130, -1
439, 176, -1
439, 8, -1
439, 39, -1
439, 115, -1
439, 191, -1
439, 218, -1
439, 11, -1
439, 52, -1
439, 215, -1
439, 153, -1
439, 44, -1
38, 382, -1
38, 413, -1
38, 168, -1
38, 348, -1
38, 379, -1
38, 282, -1
38, 124, -1
38, 498, -1
38, 259, -1
38, 130, -1
38, 176, -1
38, 8, -1
38, 39, -1
38, 115, -1
38, 191, -1
38, 218, -1
38, 11, -1
38, 52, -1
38, 215, -1
38, 153, -1
38, 44, -1
23, 382, -1
23, 413, -1
23, 168, -1
23, 348, -1
23, 379, -1
23, 282, -1
23, 124, -1
23, 498, -1
23, 259, -1
23, 130, -1
23, 176, -1
23, 8, -1
23, 39, -1
23, 115, -1
23, 191, -1
23, 218, -1
23, 11, -1
23, 52, -1
23, 215, -1
23, 153, -1
23, 44, -1
68, 382, -1
68, 413, -1
68, 168, -1
68, 348, -1
68, 379, -1
68, 282, -1
68, 124, -1
68, 498, -1
68, 259, -1
68, 130, -1
68, 176, -1
68, 8, -1
68, 39, -1
68, 115, -1
68, 191, -1
68, 218, -1
68, 11, -1
68, 52, -1
68, 215, -1
68, 153, -1
68, 44, -1
91, 382, -1
91, 413, -1
91, 168, -1
91, 348, -1
91, 379, -1
91, 282, -1
91, 124, -1
91, 498, -1
91, 259, -1
91, 130, -1
91, 176, -1
91, 8, -1
91, 39, -1
91, 115, -1
91, 191, -1
91, 218, -1
91, 11, -1
91, 52, -1
91, 215, -1
91, 153, -1
91, 44, -1
145, 382, -1
145, 413, -1
145, 168, -1
145, 348, -1
145, 379, -1
145, 282, -1
145, 124, -1
145, 498, -1
145, 259, -1
145, 130, -1
145, 176, -1
145, 8, -1
145, 39, -1
145, 115, -1
145, 191, -1
145, 218, -1
145, 11, -1
145, 52, -1
145, 215, -1
145, 153, -1
145, 44, -1
36, 382, -1
36, 413, -1
36, 168, -1
36, 348, -1
36, 379, -1
36, 282, -1
36, 124, -1
36, 498, -1
36, 259, -1
36, 130, -1
36, 176, -1
36, 8, -1
36, 39, -1
36, 115, -1
36, 191, -1
36, 218, -1
36, 11, -1
36, 52, -1
36, 215, -1
36, 153, -1
36, 44, -1

