348, 382, 1
404, 640, 1
410, 640, 1
410, 404, 1
659, 640, 1
659, 404, 1
659, 410, 1
640, 382, -1
640, 348, -1
0, 382, -1
0, 348, -1
0, 640, -1
2, 382, -1
2, 348, -1
2, 640, -1
2, 0, -1
404, 382, -1
404, 348, -1
404, 0, -1
404, 2, -1
410, 382, -1
410, 348, -1
410, 0, -1
410, 2, -1
659, 382, -1
659, 348, -1
659, 0, -1
659, 2, -1

768, 2, 1
399, 0, 1
768, 382, -1
768, 348, -1
768, 33, -1
768, 640, -1
768, 404, -1
768, 410, -1
768, 659, -1
768, 546, -1
768, 0, -1
399, 382, -1
399, 348, -1
399, 33, -1
399, 640, -1
399, 404, -1
399, 410, -1
399, 659, -1
399, 546, -1
399, 2, -1
399, 768, -1

530, 640, 1
530, 404, 1
530, 410, 1
530, 659, 1
530, 546, 1
530, 523, 1
1, 382, -1
1, 348, -1
1, 33, -1
1, 349, -1
1, 640, -1
1, 404, -1
1, 410, -1
1, 659, -1
1, 546, -1
1, 523, -1
1, 0, -1
1, 399, -1
1, 2, -1
1, 768, -1
530, 382, -1
530, 348, -1
530, 33, -1
530, 349, -1
530, 0, -1
530, 399, -1
530, 2, -1
530, 768, -1
530, 1, -1

667, 640, 1
667, 404, 1
667, 410, 1
667, 659, 1
667, 546, 1
667, 523, 1
667, 530, 1
667, 727, 1
445, 640, 1
445, 404, 1
445, 410, 1
445, 659, 1
445, 546, 1
445, 523, 1
445, 530, 1
445, 727, 1
445, 667, 1
667, 382, -1
667, 348, -1
667, 33, -1
667, 349, -1
667, 16, -1
667, 0, -1
667, 399, -1
667, 2, -1
667, 768, -1
667, 1, -1
445, 382, -1
445, 348, -1
445, 33, -1
445, 349, -1
445, 16, -1
445, 0, -1
445, 399, -1
445, 2, -1
445, 768, -1
445, 1, -1

652, 640, 1
652, 404, 1
652, 410, 1
652, 659, 1
652, 546, 1
652, 523, 1
652, 530, 1
652, 727, 1
652, 667, 1
652, 445, 1
652, 490, 1
603, 640, 1
603, 404, 1
603, 410, 1
603, 659, 1
603, 546, 1
603, 523, 1
603, 530, 1
603, 727, 1
603, 667, 1
603, 445, 1
603, 490, 1
603, 652, 1
652, 382, -1
652, 348, -1
652, 33, -1
652, 349, -1
652, 16, -1
652, 0, -1
652, 399, -1
652, 2, -1
652, 768, -1
652, 1, -1
603, 382, -1
603, 348, -1
603, 33, -1
603, 349, -1
603, 16, -1
603, 0, -1
603, 399, -1
603, 2, -1
603, 768, -1
603, 1, -1

700, 640, 1
700, 404, 1
700, 410, 1
700, 659, 1
700, 546, 1
700, 523, 1
700, 530, 1
700, 727, 1
700, 667, 1
700, 445, 1
700, 490, 1
700, 652, 1
700, 603, 1
700, 601, 1
742, 640, 1
742, 404, 1
742, 410, 1
742, 659, 1
742, 546, 1
742, 523, 1
742, 530, 1
742, 727, 1
742, 667, 1
742, 445, 1
742, 490, 1
742, 652, 1
742, 603, 1
742, 601, 1
742, 700, 1
700, 382, -1
700, 348, -1
700, 33, -1
700, 349, -1
700, 16, -1
700, 0, -1
700, 399, -1
700, 2, -1
700, 768, -1
700, 1, -1
742, 382, -1
742, 348, -1
742, 33, -1
742, 349, -1
742, 16, -1
742, 0, -1
742, 399, -1
742, 2, -1
742, 768, -1
742, 1, -1

401, 2, 1
401, 768, 1
617, 640, 1
617, 404, 1
617, 410, 1
617, 659, 1
617, 546, 1
617, 523, 1
617, 530, 1
617, 727, 1
617, 667, 1
617, 445, 1
617, 490, 1
617, 652, 1
617, 603, 1
617, 601, 1
617, 700, 1
617, 742, 1
617, 617, 1
401, 382, -1
401, 348, -1
401, 33, -1
401, 349, -1
401, 16, -1
401, 640, -1
401, 404, -1
401, 410, -1
401, 659, -1
401, 546, -1
401, 523, -1
401, 530, -1
401, 727, -1
401, 667, -1
401, 445, -1
401, 490, -1
401, 652, -1
401, 603, -1
401, 601, -1
401, 700, -1
401, 742, -1
401, 617, -1
401, 0, -1
401, 399, -1
401, 1, -1
617, 382, -1
617, 348, -1
617, 33, -1
617, 349, -1
617, 16, -1
617, 0, -1
617, 399, -1
617, 2, -1
617, 768, -1
617, 401, -1
617, 1, -1

131, 382, 1
131, 348, 1
131, 33, 1
131, 349, 1
131, 16, 1
508, 640, 1
508, 404, 1
508, 410, 1
508, 659, 1
508, 546, 1
508, 523, 1
508, 530, 1
508, 727, 1
508, 667, 1
508, 445, 1
508, 490, 1
508, 652, 1
508, 603, 1
508, 601, 1
508, 700, 1
508, 742, 1
508, 617, 1
508, 617, 1
131, 640, -1
131, 404, -1
131, 410, -1
131, 659, -1
131, 546, -1
131, 523, -1
131, 530, -1
131, 727, -1
131, 667, -1
131, 445, -1
131, 490, -1
131, 652, -1
131, 603, -1
131, 601, -1
131, 700, -1
131, 742, -1
131, 617, -1
131, 617, -1
131, 0, -1
131, 399, -1
131, 2, -1
131, 768, -1
131, 401, -1
131, 1, -1
508, 382, -1
508, 348, -1
508, 33, -1
508, 349, -1
508, 16, -1
508, 131, -1
508, 0, -1
508, 399, -1
508, 2, -1
508, 768, -1
508, 401, -1
508, 1, -1

512, 640, 1
512, 404, 1
512, 410, 1
512, 659, 1
512, 546, 1
512, 523, 1
512, 530, 1
512, 727, 1
512, 667, 1
512, 445, 1
512, 490, 1
512, 652, 1
512, 603, 1
512, 601, 1
512, 700, 1
512, 742, 1
512, 617, 1
512, 617, 1
512, 508, 1
769, 382, -1
769, 348, -1
769, 33, -1
769, 349, -1
769, 16, -1
769, 131, -1
769, 222, -1
769, 640, -1
769, 404, -1
769, 410, -1
769, 659, -1
769, 546, -1
769, 523, -1
769, 530, -1
769, 727, -1
769, 667, -1
769, 445, -1
769, 490, -1
769, 652, -1
769, 603, -1
769, 601, -1
769, 700, -1
769, 742, -1
769, 617, -1
769, 617, -1
769, 508, -1
769, 0, -1
769, 399, -1
769, 2, -1
769, 768, -1
769, 401, -1
769, 1, -1
512, 382, -1
512, 348, -1
512, 33, -1
512, 349, -1
512, 16, -1
512, 131, -1
512, 222, -1
512, 0, -1
512, 399, -1
512, 2, -1
512, 768, -1
512, 401, -1
512, 1, -1
512, 769, -1

402, 769, 1
402, 382, -1
402, 348, -1
402, 33, -1
402, 349, -1
402, 16, -1
402, 131, -1
402, 222, -1
402, 125, -1
402, 640, -1
402, 404, -1
402, 410, -1
402, 659, -1
402, 546, -1
402, 523, -1
402, 530, -1
402, 727, -1
402, 667, -1
402, 445, -1
402, 490, -1
402, 652, -1
402, 603, -1
402, 601, -1
402, 700, -1
402, 742, -1
402, 617, -1
402, 617, -1
402, 508, -1
402, 512, -1
402, 560, -1
402, 0, -1
402, 399, -1
402, 2, -1
402, 768, -1
402, 401, -1
402, 1, -1

