348, 382, 1
404, 640, 1
410, 640, 1
410, 404, 1
659, 640, 1
659, 404, 1
659, 410, 1
640, 382, -1
640, 348, -1
0, 382, -1
0, 348, -1
0, 640, -1
2, 382, -1
2, 348, -1
2, 640, -1
2, 0, -1
404, 382, -1
404, 348, -1
404, 0, -1
404, 2, -1
410, 382, -1
410, 348, -1
410, 0, -1
410, 2, -1
659, 382, -1
659, 348, -1
659, 0, -1
659, 2, -1

401, 2, 1
401, 382, -1
401, 348, -1
401, 640, -1
401, 404, -1
401, 410, -1
401, 659, -1
401, 0, -1
1, 382, -1
1, 348, -1
1, 640, -1
1, 404, -1
1, 410, -1
1, 659, -1
1, 0, -1
1, 2, -1
1, 401, -1

530, 640, 1
530, 404, 1
530, 410, 1
530, 659, 1
769, 382, -1
769, 348, -1
769, 640, -1
769, 404, -1
769, 410, -1
769, 659, -1
769, 0, -1
769, 2, -1
769, 401, -1
769, 1, -1
530, 382, -1
530, 348, -1
530, 0, -1
530, 2, -1
530, 401, -1
530, 1, -1
530, 769, -1

402, 769, 1
402, 382, -1
402, 348, -1
402, 640, -1
402, 404, -1
402, 410, -1
402, 659, -1
402, 530, -1
402, 546, -1
402, 0, -1
402, 2, -1
402, 401, -1
402, 1, -1

3, 769, 1
3, 402, 1
3, 382, -1
3, 348, -1
3, 640, -1
3, 404, -1
3, 410, -1
3, 659, -1
3, 530, -1
3, 546, -1
3, 0, -1
3, 2, -1
3, 401, -1
3, 1, -1

766, 0, 1
766, 382, -1
766, 348, -1
766, 640, -1
766, 404, -1
766, 410, -1
766, 659, -1
766, 530, -1
766, 546, -1
766, 2, -1
766, 401, -1
766, 1, -1
766, 769, -1
766, 402, -1
766, 3, -1

667, 640, 1
667, 404, 1
667, 410, 1
667, 659, 1
667, 530, 1
667, 546, 1
667, 617, 1
667, 382, -1
667, 348, -1
667, 0, -1
667, 766, -1
667, 2, -1
667, 401, -1
667, 1, -1
667, 769, -1
667, 402, -1
667, 3, -1

603, 640, 1
603, 404, 1
603, 410, 1
603, 659, 1
603, 530, 1
603, 546, 1
603, 617, 1
603, 667, 1
603, 603, 1
603, 382, -1
603, 348, -1
603, 0, -1
603, 766, -1
603, 2, -1
603, 401, -1
603, 1, -1
603, 769, -1
603, 402, -1
603, 3, -1

490, 640, 1
490, 404, 1
490, 410, 1
490, 659, 1
490, 530, 1
490, 546, 1
490, 617, 1
490, 667, 1
490, 603, 1
490, 603, 1
490, 490, 1
490, 382, -1
490, 348, -1
490, 0, -1
490, 766, -1
490, 2, -1
490, 401, -1
490, 1, -1
490, 769, -1
490, 402, -1
490, 3, -1

509, 640, 1
509, 404, 1
509, 410, 1
509, 659, 1
509, 530, 1
509, 546, 1
509, 617, 1
509, 667, 1
509, 603, 1
509, 603, 1
509, 490, 1
509, 490, 1
509, 382, -1
509, 348, -1
509, 0, -1
509, 766, -1
509, 2, -1
509, 401, -1
509, 1, -1
509, 769, -1
509, 402, -1
509, 3, -1

