348, 382, 1
404, 640, 1
410, 640, 1
410, 404, 1
659, 640, 1
659, 404, 1
659, 410, 1
640, 382, -1
640, 348, -1
0, 382, -1
0, 348, -1
0, 640, -1
2, 382, -1
2, 348, -1
2, 640, -1
2, 0, -1
404, 382, -1
404, 348, -1
404, 0, -1
404, 2, -1
410, 382, -1
410, 348, -1
410, 0, -1
410, 2, -1
659, 382, -1
659, 348, -1
659, 0, -1
659, 2, -1

1, 382, -1
1, 348, -1
1, 640, -1
1, 404, -1
1, 410, -1
1, 659, -1
1, 0, -1
1, 2, -1
3, 382, -1
3, 348, -1
3, 640, -1
3, 404, -1
3, 410, -1
3, 659, -1
3, 0, -1
3, 2, -1
3, 1, -1

449, 640, 1
449, 404, 1
449, 410, 1
449, 659, 1
491, 640, 1
491, 404, 1
491, 410, 1
491, 659, 1
491, 449, 1
457, 640, 1
457, 404, 1
457, 410, 1
457, 659, 1
457, 449, 1
457, 491, 1
589, 640, 1
589, 404, 1
589, 410, 1
589, 659, 1
589, 449, 1
589, 491, 1
589, 457, 1
601, 640, 1
601, 404, 1
601, 410, 1
601, 659, 1
601, 449, 1
601, 491, 1
601, 457, 1
601, 589, 1
449, 382, -1
449, 348, -1
449, 0, -1
449, 2, -1
449, 1, -1
449, 3, -1
491, 382, -1
491, 348, -1
491, 0, -1
491, 2, -1
491, 1, -1
491, 3, -1
457, 382, -1
457, 348, -1
457, 0, -1
457, 2, -1
457, 1, -1
457, 3, -1
589, 382, -1
589, 348, -1
589, 0, -1
589, 2, -1
589, 1, -1
589, 3, -1
601, 382, -1
601, 348, -1
601, 0, -1
601, 2, -1
601, 1, -1
601, 3, -1

603, 640, 1
603, 404, 1
603, 410, 1
603, 659, 1
603, 449, 1
603, 491, 1
603, 457, 1
603, 589, 1
603, 601, 1
617, 640, 1
617, 404, 1
617, 410, 1
617, 659, 1
617, 449, 1
617, 491, 1
617, 457, 1
617, 589, 1
617, 601, 1
617, 603, 1
667, 640, 1
667, 404, 1
667, 410, 1
667, 659, 1
667, 449, 1
667, 491, 1
667, 457, 1
667, 589, 1
667, 601, 1
667, 603, 1
667, 617, 1
490, 640, 1
490, 404, 1
490, 410, 1
490, 659, 1
490, 449, 1
490, 491, 1
490, 457, 1
490, 589, 1
490, 601, 1
490, 603, 1
490, 617, 1
490, 667, 1
727, 640, 1
727, 404, 1
727, 410, 1
727, 659, 1
727, 449, 1
727, 491, 1
727, 457, 1
727, 589, 1
727, 601, 1
727, 603, 1
727, 617, 1
727, 667, 1
727, 490, 1
523, 640, 1
523, 404, 1
523, 410, 1
523, 659, 1
523, 449, 1
523, 491, 1
523, 457, 1
523, 589, 1
523, 601, 1
523, 603, 1
523, 617, 1
523, 667, 1
523, 490, 1
523, 727, 1
546, 640, 1
546, 404, 1
546, 410, 1
546, 659, 1
546, 449, 1
546, 491, 1
546, 457, 1
546, 589, 1
546, 601, 1
546, 603, 1
546, 617, 1
546, 667, 1
546, 490, 1
546, 727, 1
546, 523, 1
563, 640, 1
563, 404, 1
563, 410, 1
563, 659, 1
563, 449, 1
563, 491, 1
563, 457, 1
563, 589, 1
563, 601, 1
563, 603, 1
563, 617, 1
563, 667, 1
563, 490, 1
563, 727, 1
563, 523, 1
563, 546, 1
441, 640, 1
441, 404, 1
441, 410, 1
441, 659, 1
441, 449, 1
441, 491, 1
441, 457, 1
441, 589, 1
441, 601, 1
441, 603, 1
441, 617, 1
441, 667, 1
441, 490, 1
441, 727, 1
441, 523, 1
441, 546, 1
441, 563, 1
603, 382, -1
603, 348, -1
603, 0, -1
603, 2, -1
603, 1, -1
603, 3, -1
617, 382, -1
617, 348, -1
617, 0, -1
617, 2, -1
617, 1, -1
617, 3, -1
667, 382, -1
667, 348, -1
667, 0, -1
667, 2, -1
667, 1, -1
667, 3, -1
490, 382, -1
490, 348, -1
490, 0, -1
490, 2, -1
490, 1, -1
490, 3, -1
727, 382, -1
727, 348, -1
727, 0, -1
727, 2, -1
727, 1, -1
727, 3, -1
523, 382, -1
523, 348, -1
523, 0, -1
523, 2, -1
523, 1, -1
523, 3, -1
546, 382, -1
546, 348, -1
546, 0, -1
546, 2, -1
546, 1, -1
546, 3, -1
563, 382, -1
563, 348, -1
563, 0, -1
563, 2, -1
563, 1, -1
563, 3, -1
441, 382, -1
441, 348, -1
441, 0, -1
441, 2, -1
441, 1, -1
441, 3, -1

197, 382, 1
197, 348, 1
214, 382, 1
214, 348, 1
214, 197, 1
57, 382, 1
57, 348, 1
57, 197, 1
57, 214, 1
218, 382, 1
218, 348, 1
218, 197, 1
218, 214, 1
218, 57, 1
489, 640, 1
489, 404, 1
489, 410, 1
489, 659, 1
489, 449, 1
489, 491, 1
489, 457, 1
489, 589, 1
489, 601, 1
489, 603, 1
489, 617, 1
489, 667, 1
489, 490, 1
489, 727, 1
489, 523, 1
489, 546, 1
489, 563, 1
489, 441, 1
118, 382, 1
118, 348, 1
118, 197, 1
118, 214, 1
118, 57, 1
118, 218, 1
87, 382, 1
87, 348, 1
87, 197, 1
87, 214, 1
87, 57, 1
87, 218, 1
87, 118, 1
560, 640, 1
560, 404, 1
560, 410, 1
560, 659, 1
560, 449, 1
560, 491, 1
560, 457, 1
560, 589, 1
560, 601, 1
560, 603, 1
560, 617, 1
560, 667, 1
560, 490, 1
560, 727, 1
560, 523, 1
560, 546, 1
560, 563, 1
560, 441, 1
560, 489, 1
197, 640, -1
197, 404, -1
197, 410, -1
197, 659, -1
197, 449, -1
197, 491, -1
197, 457, -1
197, 589, -1
197, 601, -1
197, 603, -1
197, 617, -1
197, 667, -1
197, 490, -1
197, 727, -1
197, 523, -1
197, 546, -1
197, 563, -1
197, 441, -1
197, 0, -1
197, 2, -1
197, 1, -1
197, 3, -1
214, 640, -1
214, 404, -1
214, 410, -1
214, 659, -1
214, 449, -1
214, 491, -1
214, 457, -1
214, 589, -1
214, 601, -1
214, 603, -1
214, 617, -1
214, 667, -1
214, 490, -1
214, 727, -1
214, 523, -1
214, 546, -1
214, 563, -1
214, 441, -1
214, 0, -1
214, 2, -1
214, 1, -1
214, 3, -1
57, 640, -1
57, 404, -1
57, 410, -1
57, 659, -1
57, 449, -1
57, 491, -1
57, 457, -1
57, 589, -1
57, 601, -1
57, 603, -1
57, 617, -1
57, 667, -1
57, 490, -1
57, 727, -1
57, 523, -1
57, 546, -1
57, 563, -1
57, 441, -1
57, 0, -1
57, 2, -1
57, 1, -1
57, 3, -1
218, 640, -1
218, 404, -1
218, 410, -1
218, 659, -1
218, 449, -1
218, 491, -1
218, 457, -1
218, 589, -1
218, 601, -1
218, 603, -1
218, 617, -1
218, 667, -1
218, 490, -1
218, 727, -1
218, 523, -1
218, 546, -1
218, 563, -1
218, 441, -1
218, 0, -1
218, 2, -1
218, 1, -1
218, 3, -1
489, 382, -1
489, 348, -1
489, 197, -1
489, 214, -1
489, 57, -1
489, 218, -1
489, 0, -1
489, 2, -1
489, 1, -1
489, 3, -1
118, 640, -1
118, 404, -1
118, 410, -1
118, 659, -1
118, 449, -1
118, 491, -1
118, 457, -1
118, 589, -1
118, 601, -1
118, 603, -1
118, 617, -1
118, 667, -1
118, 490, -1
118, 727, -1
118, 523, -1
118, 546, -1
118, 563, -1
118, 441, -1
118, 489, -1
118, 0, -1
118, 2, -1
118, 1, -1
118, 3, -1
87, 640, -1
87, 404, -1
87, 410, -1
87, 659, -1
87, 449, -1
87, 491, -1
87, 457, -1
87, 589, -1
87, 601, -1
87, 603, -1
87, 617, -1
87, 667, -1
87, 490, -1
87, 727, -1
87, 523, -1
87, 546, -1
87, 563, -1
87, 441, -1
87, 489, -1
87, 0, -1
87, 2, -1
87, 1, -1
87, 3, -1
560, 382, -1
560, 348, -1
560, 197, -1
560, 214, -1
560, 57, -1
560, 218, -1
560, 118, -1
560, 87, -1
560, 0, -1
560, 2, -1
560, 1, -1
560, 3, -1

278, 382, 1
278, 348, 1
278, 197, 1
278, 214, 1
278, 57, 1
278, 218, 1
278, 118, 1
278, 87, 1
310, 382, 1
310, 348, 1
310, 197, 1
310, 214, 1
310, 57, 1
310, 218, 1
310, 118, 1
310, 87, 1
310, 278, 1
436, 640, 1
436, 404, 1
436, 410, 1
436, 659, 1
436, 449, 1
436, 491, 1
436, 457, 1
436, 589, 1
436, 601, 1
436, 603, 1
436, 617, 1
436, 667, 1
436, 490, 1
436, 727, 1
436, 523, 1
436, 546, 1
436, 563, 1
436, 441, 1
436, 489, 1
436, 560, 1
602, 640, 1
602, 404, 1
602, 410, 1
602, 659, 1
602, 449, 1
602, 491, 1
602, 457, 1
602, 589, 1
602, 601, 1
602, 603, 1
602, 617, 1
602, 667, 1
602, 490, 1
602, 727, 1
602, 523, 1
602, 546, 1
602, 563, 1
602, 441, 1
602, 489, 1
602, 560, 1
602, 436, 1
542, 640, 1
542, 404, 1
542, 410, 1
542, 659, 1
542, 449, 1
542, 491, 1
542, 457, 1
542, 589, 1
542, 601, 1
542, 603, 1
542, 617, 1
542, 667, 1
542, 490, 1
542, 727, 1
542, 523, 1
542, 546, 1
542, 563, 1
542, 441, 1
542, 489, 1
542, 560, 1
542, 436, 1
542, 602, 1
668, 640, 1
668, 404, 1
668, 410, 1
668, 659, 1
668, 449, 1
668, 491, 1
668, 457, 1
668, 589, 1
668, 601, 1
668, 603, 1
668, 617, 1
668, 667, 1
668, 490, 1
668, 727, 1
668, 523, 1
668, 546, 1
668, 563, 1
668, 441, 1
668, 489, 1
668, 560, 1
668, 436, 1
668, 602, 1
668, 542, 1
737, 640, 1
737, 404, 1
737, 410, 1
737, 659, 1
737, 449, 1
737, 491, 1
737, 457, 1
737, 589, 1
737, 601, 1
737, 603, 1
737, 617, 1
737, 667, 1
737, 490, 1
737, 727, 1
737, 523, 1
737, 546, 1
737, 563, 1
737, 441, 1
737, 489, 1
737, 560, 1
737, 436, 1
737, 602, 1
737, 542, 1
737, 668, 1
595, 640, 1
595, 404, 1
595, 410, 1
595, 659, 1
595, 449, 1
595, 491, 1
595, 457, 1
595, 589, 1
595, 601, 1
595, 603, 1
595, 617, 1
595, 667, 1
595, 490, 1
595, 727, 1
595, 523, 1
595, 546, 1
595, 563, 1
595, 441, 1
595, 489, 1
595, 560, 1
595, 436, 1
595, 602, 1
595, 542, 1
595, 668, 1
595, 737, 1
484, 640, 1
484, 404, 1
484, 410, 1
484, 659, 1
484, 449, 1
484, 491, 1
484, 457, 1
484, 589, 1
484, 601, 1
484, 603, 1
484, 617, 1
484, 667, 1
484, 490, 1
484, 727, 1
484, 523, 1
484, 546, 1
484, 563, 1
484, 441, 1
484, 489, 1
484, 560, 1
484, 436, 1
484, 602, 1
484, 542, 1
484, 668, 1
484, 737, 1
484, 595, 1
29, 382, 1
29, 348, 1
29, 197, 1
29, 214, 1
29, 57, 1
29, 218, 1
29, 118, 1
29, 87, 1
29, 278, 1
29, 310, 1
278, 640, -1
278, 404, -1
278, 410, -1
278, 659, -1
278, 449, -1
278, 491, -1
278, 457, -1
278, 589, -1
278, 601, -1
278, 603, -1
278, 617, -1
278, 667, -1
278, 490, -1
278, 727, -1
278, 523, -1
278, 546, -1
278, 563, -1
278, 441, -1
278, 489, -1
278, 560, -1
278, 0, -1
278, 2, -1
278, 1, -1
278, 3, -1
310, 640, -1
310, 404, -1
310, 410, -1
310, 659, -1
310, 449, -1
310, 491, -1
310, 457, -1
310, 589, -1
310, 601, -1
310, 603, -1
310, 617, -1
310, 667, -1
310, 490, -1
310, 727, -1
310, 523, -1
310, 546, -1
310, 563, -1
310, 441, -1
310, 489, -1
310, 560, -1
310, 0, -1
310, 2, -1
310, 1, -1
310, 3, -1
436, 382, -1
436, 348, -1
436, 197, -1
436, 214, -1
436, 57, -1
436, 218, -1
436, 118, -1
436, 87, -1
436, 278, -1
436, 310, -1
436, 0, -1
436, 2, -1
436, 1, -1
436, 3, -1
602, 382, -1
602, 348, -1
602, 197, -1
602, 214, -1
602, 57, -1
602, 218, -1
602, 118, -1
602, 87, -1
602, 278, -1
602, 310, -1
602, 0, -1
602, 2, -1
602, 1, -1
602, 3, -1
542, 382, -1
542, 348, -1
542, 197, -1
542, 214, -1
542, 57, -1
542, 218, -1
542, 118, -1
542, 87, -1
542, 278, -1
542, 310, -1
542, 0, -1
542, 2, -1
542, 1, -1
542, 3, -1
668, 382, -1
668, 348, -1
668, 197, -1
668, 214, -1
668, 57, -1
668, 218, -1
668, 118, -1
668, 87, -1
668, 278, -1
668, 310, -1
668, 0, -1
668, 2, -1
668, 1, -1
668, 3, -1
737, 382, -1
737, 348, -1
737, 197, -1
737, 214, -1
737, 57, -1
737, 218, -1
737, 118, -1
737, 87, -1
737, 278, -1
737, 310, -1
737, 0, -1
737, 2, -1
737, 1, -1
737, 3, -1
595, 382, -1
595, 348, -1
595, 197, -1
595, 214, -1
595, 57, -1
595, 218, -1
595, 118, -1
595, 87, -1
595, 278, -1
595, 310, -1
595, 0, -1
595, 2, -1
595, 1, -1
595, 3, -1
484, 382, -1
484, 348, -1
484, 197, -1
484, 214, -1
484, 57, -1
484, 218, -1
484, 118, -1
484, 87, -1
484, 278, -1
484, 310, -1
484, 0, -1
484, 2, -1
484, 1, -1
484, 3, -1
29, 640, -1
29, 404, -1
29, 410, -1
29, 659, -1
29, 449, -1
29, 491, -1
29, 457, -1
29, 589, -1
29, 601, -1
29, 603, -1
29, 617, -1
29, 667, -1
29, 490, -1
29, 727, -1
29, 523, -1
29, 546, -1
29, 563, -1
29, 441, -1
29, 489, -1
29, 560, -1
29, 436, -1
29, 602, -1
29, 542, -1
29, 668, -1
29, 737, -1
29, 595, -1
29, 484, -1
29, 0, -1
29, 2, -1
29, 1, -1
29, 3, -1

562, 640, 1
562, 404, 1
562, 410, 1
562, 659, 1
562, 449, 1
562, 491, 1
562, 457, 1
562, 589, 1
562, 601, 1
562, 603, 1
562, 617, 1
562, 667, 1
562, 490, 1
562, 727, 1
562, 523, 1
562, 546, 1
562, 563, 1
562, 441, 1
562, 489, 1
562, 560, 1
562, 436, 1
562, 602, 1
562, 542, 1
562, 668, 1
562, 737, 1
562, 595, 1
562, 484, 1
50, 382, 1
50, 348, 1
50, 197, 1
50, 214, 1
50, 57, 1
50, 218, 1
50, 118, 1
50, 87, 1
50, 278, 1
50, 310, 1
50, 29, 1
653, 640, 1
653, 404, 1
653, 410, 1
653, 659, 1
653, 449, 1
653, 491, 1
653, 457, 1
653, 589, 1
653, 601, 1
653, 603, 1
653, 617, 1
653, 667, 1
653, 490, 1
653, 727, 1
653, 523, 1
653, 546, 1
653, 563, 1
653, 441, 1
653, 489, 1
653, 560, 1
653, 436, 1
653, 602, 1
653, 542, 1
653, 668, 1
653, 737, 1
653, 595, 1
653, 484, 1
653, 562, 1
505, 640, 1
505, 404, 1
505, 410, 1
505, 659, 1
505, 449, 1
505, 491, 1
505, 457, 1
505, 589, 1
505, 601, 1
505, 603, 1
505, 617, 1
505, 667, 1
505, 490, 1
505, 727, 1
505, 523, 1
505, 546, 1
505, 563, 1
505, 441, 1
505, 489, 1
505, 560, 1
505, 436, 1
505, 602, 1
505, 542, 1
505, 668, 1
505, 737, 1
505, 595, 1
505, 484, 1
505, 562, 1
505, 653, 1
562, 382, -1
562, 348, -1
562, 197, -1
562, 214, -1
562, 57, -1
562, 218, -1
562, 118, -1
562, 87, -1
562, 278, -1
562, 310, -1
562, 29, -1
562, 0, -1
562, 2, -1
562, 1, -1
562, 3, -1
50, 640, -1
50, 404, -1
50, 410, -1
50, 659, -1
50, 449, -1
50, 491, -1
50, 457, -1
50, 589, -1
50, 601, -1
50, 603, -1
50, 617, -1
50, 667, -1
50, 490, -1
50, 727, -1
50, 523, -1
50, 546, -1
50, 563, -1
50, 441, -1
50, 489, -1
50, 560, -1
50, 436, -1
50, 602, -1
50, 542, -1
50, 668, -1
50, 737, -1
50, 595, -1
50, 484, -1
50, 562, -1
50, 0, -1
50, 2, -1
50, 1, -1
50, 3, -1
653, 382, -1
653, 348, -1
653, 197, -1
653, 214, -1
653, 57, -1
653, 218, -1
653, 118, -1
653, 87, -1
653, 278, -1
653, 310, -1
653, 29, -1
653, 50, -1
653, 0, -1
653, 2, -1
653, 1, -1
653, 3, -1
505, 382, -1
505, 348, -1
505, 197, -1
505, 214, -1
505, 57, -1
505, 218, -1
505, 118, -1
505, 87, -1
505, 278, -1
505, 310, -1
505, 29, -1
505, 50, -1
505, 0, -1
505, 2, -1
505, 1, -1
505, 3, -1

84, 382, 1
84, 348, 1
84, 197, 1
84, 214, 1
84, 57, 1
84, 218, 1
84, 118, 1
84, 87, 1
84, 278, 1
84, 310, 1
84, 29, 1
84, 50, 1
40, 382, 1
40, 348, 1
40, 197, 1
40, 214, 1
40, 57, 1
40, 218, 1
40, 118, 1
40, 87, 1
40, 278, 1
40, 310, 1
40, 29, 1
40, 50, 1
40, 84, 1
143, 382, 1
143, 348, 1
143, 197, 1
143, 214, 1
143, 57, 1
143, 218, 1
143, 118, 1
143, 87, 1
143, 278, 1
143, 310, 1
143, 29, 1
143, 50, 1
143, 84, 1
143, 40, 1
15, 382, 1
15, 348, 1
15, 197, 1
15, 214, 1
15, 57, 1
15, 218, 1
15, 118, 1
15, 87, 1
15, 278, 1
15, 310, 1
15, 29, 1
15, 50, 1
15, 84, 1
15, 40, 1
15, 143, 1
389, 382, 1
389, 348, 1
389, 197, 1
389, 214, 1
389, 57, 1
389, 218, 1
389, 118, 1
389, 87, 1
389, 278, 1
389, 310, 1
389, 29, 1
389, 50, 1
389, 84, 1
389, 40, 1
389, 143, 1
389, 15, 1
136, 382, 1
136, 348, 1
136, 197, 1
136, 214, 1
136, 57, 1
136, 218, 1
136, 118, 1
136, 87, 1
136, 278, 1
136, 310, 1
136, 29, 1
136, 50, 1
136, 84, 1
136, 40, 1
136, 143, 1
136, 15, 1
136, 389, 1
725, 640, 1
725, 404, 1
725, 410, 1
725, 659, 1
725, 449, 1
725, 491, 1
725, 457, 1
725, 589, 1
725, 601, 1
725, 603, 1
725, 617, 1
725, 667, 1
725, 490, 1
725, 727, 1
725, 523, 1
725, 546, 1
725, 563, 1
725, 441, 1
725, 489, 1
725, 560, 1
725, 436, 1
725, 602, 1
725, 542, 1
725, 668, 1
725, 737, 1
725, 595, 1
725, 484, 1
725, 562, 1
725, 653, 1
725, 505, 1
702, 640, 1
702, 404, 1
702, 410, 1
702, 659, 1
702, 449, 1
702, 491, 1
702, 457, 1
702, 589, 1
702, 601, 1
702, 603, 1
702, 617, 1
702, 667, 1
702, 490, 1
702, 727, 1
702, 523, 1
702, 546, 1
702, 563, 1
702, 441, 1
702, 489, 1
702, 560, 1
702, 436, 1
702, 602, 1
702, 542, 1
702, 668, 1
702, 737, 1
702, 595, 1
702, 484, 1
702, 562, 1
702, 653, 1
702, 505, 1
702, 725, 1
84, 640, -1
84, 404, -1
84, 410, -1
84, 659, -1
84, 449, -1
84, 491, -1
84, 457, -1
84, 589, -1
84, 601, -1
84, 603, -1
84, 617, -1
84, 667, -1
84, 490, -1
84, 727, -1
84, 523, -1
84, 546, -1
84, 563, -1
84, 441, -1
84, 489, -1
84, 560, -1
84, 436, -1
84, 602, -1
84, 542, -1
84, 668, -1
84, 737, -1
84, 595, -1
84, 484, -1
84, 562, -1
84, 653, -1
84, 505, -1
84, 0, -1
84, 2, -1
84, 1, -1
84, 3, -1
40, 640, -1
40, 404, -1
40, 410, -1
40, 659, -1
40, 449, -1
40, 491, -1
40, 457, -1
40, 589, -1
40, 601, -1
40, 603, -1
40, 617, -1
40, 667, -1
40, 490, -1
40, 727, -1
40, 523, -1
40, 546, -1
40, 563, -1
40, 441, -1
40, 489, -1
40, 560, -1
40, 436, -1
40, 602, -1
40, 542, -1
40, 668, -1
40, 737, -1
40, 595, -1
40, 484, -1
40, 562, -1
40, 653, -1
40, 505, -1
40, 0, -1
40, 2, -1
40, 1, -1
40, 3, -1
143, 640, -1
143, 404, -1
143, 410, -1
143, 659, -1
143, 449, -1
143, 491, -1
143, 457, -1
143, 589, -1
143, 601, -1
143, 603, -1
143, 617, -1
143, 667, -1
143, 490, -1
143, 727, -1
143, 523, -1
143, 546, -1
143, 563, -1
143, 441, -1
143, 489, -1
143, 560, -1
143, 436, -1
143, 602, -1
143, 542, -1
143, 668, -1
143, 737, -1
143, 595, -1
143, 484, -1
143, 562, -1
143, 653, -1
143, 505, -1
143, 0, -1
143, 2, -1
143, 1, -1
143, 3, -1
15, 640, -1
15, 404, -1
15, 410, -1
15, 659, -1
15, 449, -1
15, 491, -1
15, 457, -1
15, 589, -1
15, 601, -1
15, 603, -1
15, 617, -1
15, 667, -1
15, 490, -1
15, 727, -1
15, 523, -1
15, 546, -1
15, 563, -1
15, 441, -1
15, 489, -1
15, 560, -1
15, 436, -1
15, 602, -1
15, 542, -1
15, 668, -1
15, 737, -1
15, 595, -1
15, 484, -1
15, 562, -1
15, 653, -1
15, 505, -1
15, 0, -1
15, 2, -1
15, 1, -1
15, 3, -1
389, 640, -1
389, 404, -1
389, 410, -1
389, 659, -1
389, 449, -1
389, 491, -1
389, 457, -1
389, 589, -1
389, 601, -1
389, 603, -1
389, 617, -1
389, 667, -1
389, 490, -1
389, 727, -1
389, 523, -1
389, 546, -1
389, 563, -1
389, 441, -1
389, 489, -1
389, 560, -1
389, 436, -1
389, 602, -1
389, 542, -1
389, 668, -1
389, 737, -1
389, 595, -1
389, 484, -1
389, 562, -1
389, 653, -1
389, 505, -1
389, 0, -1
389, 2, -1
389, 1, -1
389, 3, -1
136, 640, -1
136, 404, -1
136, 410, -1
136, 659, -1
136, 449, -1
136, 491, -1
136, 457, -1
136, 589, -1
136, 601, -1
136, 603, -1
136, 617, -1
136, 667, -1
136, 490, -1
136, 727, -1
136, 523, -1
136, 546, -1
136, 563, -1
136, 441, -1
136, 489, -1
136, 560, -1
136, 436, -1
136, 602, -1
136, 542, -1
136, 668, -1
136, 737, -1
136, 595, -1
136, 484, -1
136, 562, -1
136, 653, -1
136, 505, -1
136, 0, -1
136, 2, -1
136, 1, -1
136, 3, -1
725, 382, -1
725, 348, -1
725, 197, -1
725, 214, -1
725, 57, -1
725, 218, -1
725, 118, -1
725, 87, -1
725, 278, -1
725, 310, -1
725, 29, -1
725, 50, -1
725, 84, -1
725, 40, -1
725, 143, -1
725, 15, -1
725, 389, -1
725, 136, -1
725, 0, -1
725, 2, -1
725, 1, -1
725, 3, -1
702, 382, -1
702, 348, -1
702, 197, -1
702, 214, -1
702, 57, -1
702, 218, -1
702, 118, -1
702, 87, -1
702, 278, -1
702, 310, -1
702, 29, -1
702, 50, -1
702, 84, -1
702, 40, -1
702, 143, -1
702, 15, -1
702, 389, -1
702, 136, -1
702, 0, -1
702, 2, -1
702, 1, -1
702, 3, -1

36, 382, 1
36, 348, 1
36, 197, 1
36, 214, 1
36, 57, 1
36, 218, 1
36, 118, 1
36, 87, 1
36, 278, 1
36, 310, 1
36, 29, 1
36, 50, 1
36, 84, 1
36, 40, 1
36, 143, 1
36, 15, 1
36, 389, 1
36, 136, 1
39, 382, 1
39, 348, 1
39, 197, 1
39, 214, 1
39, 57, 1
39, 218, 1
39, 118, 1
39, 87, 1
39, 278, 1
39, 310, 1
39, 29, 1
39, 50, 1
39, 84, 1
39, 40, 1
39, 143, 1
39, 15, 1
39, 389, 1
39, 136, 1
39, 36, 1
466, 640, 1
466, 404, 1
466, 410, 1
466, 659, 1
466, 449, 1
466, 491, 1
466, 457, 1
466, 589, 1
466, 601, 1
466, 603, 1
466, 617, 1
466, 667, 1
466, 490, 1
466, 727, 1
466, 523, 1
466, 546, 1
466, 563, 1
466, 441, 1
466, 489, 1
466, 560, 1
466, 436, 1
466, 602, 1
466, 542, 1
466, 668, 1
466, 737, 1
466, 595, 1
466, 484, 1
466, 562, 1
466, 653, 1
466, 505, 1
466, 725, 1
466, 702, 1
494, 640, 1
494, 404, 1
494, 410, 1
494, 659, 1
494, 449, 1
494, 491, 1
494, 457, 1
494, 589, 1
494, 601, 1
494, 603, 1
494, 617, 1
494, 667, 1
494, 490, 1
494, 727, 1
494, 523, 1
494, 546, 1
494, 563, 1
494, 441, 1
494, 489, 1
494, 560, 1
494, 436, 1
494, 602, 1
494, 542, 1
494, 668, 1
494, 737, 1
494, 595, 1
494, 484, 1
494, 562, 1
494, 653, 1
494, 505, 1
494, 725, 1
494, 702, 1
494, 466, 1
530, 640, 1
530, 404, 1
530, 410, 1
530, 659, 1
530, 449, 1
530, 491, 1
530, 457, 1
530, 589, 1
530, 601, 1
530, 603, 1
530, 617, 1
530, 667, 1
530, 490, 1
530, 727, 1
530, 523, 1
530, 546, 1
530, 563, 1
530, 441, 1
530, 489, 1
530, 560, 1
530, 436, 1
530, 602, 1
530, 542, 1
530, 668, 1
530, 737, 1
530, 595, 1
530, 484, 1
530, 562, 1
530, 653, 1
530, 505, 1
530, 725, 1
530, 702, 1
530, 466, 1
530, 494, 1
36, 640, -1
36, 404, -1
36, 410, -1
36, 659, -1
36, 449, -1
36, 491, -1
36, 457, -1
36, 589, -1
36, 601, -1
36, 603, -1
36, 617, -1
36, 667, -1
36, 490, -1
36, 727, -1
36, 523, -1
36, 546, -1
36, 563, -1
36, 441, -1
36, 489, -1
36, 560, -1
36, 436, -1
36, 602, -1
36, 542, -1
36, 668, -1
36, 737, -1
36, 595, -1
36, 484, -1
36, 562, -1
36, 653, -1
36, 505, -1
36, 725, -1
36, 702, -1
36, 0, -1
36, 2, -1
36, 1, -1
36, 3, -1
39, 640, -1
39, 404, -1
39, 410, -1
39, 659, -1
39, 449, -1
39, 491, -1
39, 457, -1
39, 589, -1
39, 601, -1
39, 603, -1
39, 617, -1
39, 667, -1
39, 490, -1
39, 727, -1
39, 523, -1
39, 546, -1
39, 563, -1
39, 441, -1
39, 489, -1
39, 560, -1
39, 436, -1
39, 602, -1
39, 542, -1
39, 668, -1
39, 737, -1
39, 595, -1
39, 484, -1
39, 562, -1
39, 653, -1
39, 505, -1
39, 725, -1
39, 702, -1
39, 0, -1
39, 2, -1
39, 1, -1
39, 3, -1
466, 382, -1
466, 348, -1
466, 197, -1
466, 214, -1
466, 57, -1
466, 218, -1
466, 118, -1
466, 87, -1
466, 278, -1
466, 310, -1
466, 29, -1
466, 50, -1
466, 84, -1
466, 40, -1
466, 143, -1
466, 15, -1
466, 389, -1
466, 136, -1
466, 36, -1
466, 39, -1
466, 0, -1
466, 2, -1
466, 1, -1
466, 3, -1
494, 382, -1
494, 348, -1
494, 197, -1
494, 214, -1
494, 57, -1
494, 218, -1
494, 118, -1
494, 87, -1
494, 278, -1
494, 310, -1
494, 29, -1
494, 50, -1
494, 84, -1
494, 40, -1
494, 143, -1
494, 15, -1
494, 389, -1
494, 136, -1
494, 36, -1
494, 39, -1
494, 0, -1
494, 2, -1
494, 1, -1
494, 3, -1
530, 382, -1
530, 348, -1
530, 197, -1
530, 214, -1
530, 57, -1
530, 218, -1
530, 118, -1
530, 87, -1
530, 278, -1
530, 310, -1
530, 29, -1
530, 50, -1
530, 84, -1
530, 40, -1
530, 143, -1
530, 15, -1
530, 389, -1
530, 136, -1
530, 36, -1
530, 39, -1
530, 0, -1
530, 2, -1
530, 1, -1
530, 3, -1

345, 382, 1
345, 348, 1
345, 197, 1
345, 214, 1
345, 57, 1
345, 218, 1
345, 118, 1
345, 87, 1
345, 278, 1
345, 310, 1
345, 29, 1
345, 50, 1
345, 84, 1
345, 40, 1
345, 143, 1
345, 15, 1
345, 389, 1
345, 136, 1
345, 36, 1
345, 39, 1
102, 382, 1
102, 348, 1
102, 197, 1
102, 214, 1
102, 57, 1
102, 218, 1
102, 118, 1
102, 87, 1
102, 278, 1
102, 310, 1
102, 29, 1
102, 50, 1
102, 84, 1
102, 40, 1
102, 143, 1
102, 15, 1
102, 389, 1
102, 136, 1
102, 36, 1
102, 39, 1
102, 345, 1
10, 382, 1
10, 348, 1
10, 197, 1
10, 214, 1
10, 57, 1
10, 218, 1
10, 118, 1
10, 87, 1
10, 278, 1
10, 310, 1
10, 29, 1
10, 50, 1
10, 84, 1
10, 40, 1
10, 143, 1
10, 15, 1
10, 389, 1
10, 136, 1
10, 36, 1
10, 39, 1
10, 345, 1
10, 102, 1
630, 640, 1
630, 404, 1
630, 410, 1
630, 659, 1
630, 449, 1
630, 491, 1
630, 457, 1
630, 589, 1
630, 601, 1
630, 603, 1
630, 617, 1
630, 667, 1
630, 490, 1
630, 727, 1
630, 523, 1
630, 546, 1
630, 563, 1
630, 441, 1
630, 489, 1
630, 560, 1
630, 436, 1
630, 602, 1
630, 542, 1
630, 668, 1
630, 737, 1
630, 595, 1
630, 484, 1
630, 562, 1
630, 653, 1
630, 505, 1
630, 725, 1
630, 702, 1
630, 466, 1
630, 494, 1
630, 530, 1
475, 640, 1
475, 404, 1
475, 410, 1
475, 659, 1
475, 449, 1
475, 491, 1
475, 457, 1
475, 589, 1
475, 601, 1
475, 603, 1
475, 617, 1
475, 667, 1
475, 490, 1
475, 727, 1
475, 523, 1
475, 546, 1
475, 563, 1
475, 441, 1
475, 489, 1
475, 560, 1
475, 436, 1
475, 602, 1
475, 542, 1
475, 668, 1
475, 737, 1
475, 595, 1
475, 484, 1
475, 562, 1
475, 653, 1
475, 505, 1
475, 725, 1
475, 702, 1
475, 466, 1
475, 494, 1
475, 530, 1
475, 630, 1
745, 640, 1
745, 404, 1
745, 410, 1
745, 659, 1
745, 449, 1
745, 491, 1
745, 457, 1
745, 589, 1
745, 601, 1
745, 603, 1
745, 617, 1
745, 667, 1
745, 490, 1
745, 727, 1
745, 523, 1
745, 546, 1
745, 563, 1
745, 441, 1
745, 489, 1
745, 560, 1
745, 436, 1
745, 602, 1
745, 542, 1
745, 668, 1
745, 737, 1
745, 595, 1
745, 484, 1
745, 562, 1
745, 653, 1
745, 505, 1
745, 725, 1
745, 702, 1
745, 466, 1
745, 494, 1
745, 530, 1
745, 630, 1
745, 475, 1
559, 640, 1
559, 404, 1
559, 410, 1
559, 659, 1
559, 449, 1
559, 491, 1
559, 457, 1
559, 589, 1
559, 601, 1
559, 603, 1
559, 617, 1
559, 667, 1
559, 490, 1
559, 727, 1
559, 523, 1
559, 546, 1
559, 563, 1
559, 441, 1
559, 489, 1
559, 560, 1
559, 436, 1
559, 602, 1
559, 542, 1
559, 668, 1
559, 737, 1
559, 595, 1
559, 484, 1
559, 562, 1
559, 653, 1
559, 505, 1
559, 725, 1
559, 702, 1
559, 466, 1
559, 494, 1
559, 530, 1
559, 630, 1
559, 475, 1
559, 745, 1
345, 640, -1
345, 404, -1
345, 410, -1
345, 659, -1
345, 449, -1
345, 491, -1
345, 457, -1
345, 589, -1
345, 601, -1
345, 603, -1
345, 617, -1
345, 667, -1
345, 490, -1
345, 727, -1
345, 523, -1
345, 546, -1
345, 563, -1
345, 441, -1
345, 489, -1
345, 560, -1
345, 436, -1
345, 602, -1
345, 542, -1
345, 668, -1
345, 737, -1
345, 595, -1
345, 484, -1
345, 562, -1
345, 653, -1
345, 505, -1
345, 725, -1
345, 702, -1
345, 466, -1
345, 494, -1
345, 530, -1
345, 0, -1
345, 2, -1
345, 1, -1
345, 3, -1
102, 640, -1
102, 404, -1
102, 410, -1
102, 659, -1
102, 449, -1
102, 491, -1
102, 457, -1
102, 589, -1
102, 601, -1
102, 603, -1
102, 617, -1
102, 667, -1
102, 490, -1
102, 727, -1
102, 523, -1
102, 546, -1
102, 563, -1
102, 441, -1
102, 489, -1
102, 560, -1
102, 436, -1
102, 602, -1
102, 542, -1
102, 668, -1
102, 737, -1
102, 595, -1
102, 484, -1
102, 562, -1
102, 653, -1
102, 505, -1
102, 725, -1
102, 702, -1
102, 466, -1
102, 494, -1
102, 530, -1
102, 0, -1
102, 2, -1
102, 1, -1
102, 3, -1
10, 640, -1
10, 404, -1
10, 410, -1
10, 659, -1
10, 449, -1
10, 491, -1
10, 457, -1
10, 589, -1
10, 601, -1
10, 603, -1
10, 617, -1
10, 667, -1
10, 490, -1
10, 727, -1
10, 523, -1
10, 546, -1
10, 563, -1
10, 441, -1
10, 489, -1
10, 560, -1
10, 436, -1
10, 602, -1
10, 542, -1
10, 668, -1
10, 737, -1
10, 595, -1
10, 484, -1
10, 562, -1
10, 653, -1
10, 505, -1
10, 725, -1
10, 702, -1
10, 466, -1
10, 494, -1
10, 530, -1
10, 0, -1
10, 2, -1
10, 1, -1
10, 3, -1
630, 382, -1
630, 348, -1
630, 197, -1
630, 214, -1
630, 57, -1
630, 218, -1
630, 118, -1
630, 87, -1
630, 278, -1
630, 310, -1
630, 29, -1
630, 50, -1
630, 84, -1
630, 40, -1
630, 143, -1
630, 15, -1
630, 389, -1
630, 136, -1
630, 36, -1
630, 39, -1
630, 345, -1
630, 102, -1
630, 10, -1
630, 0, -1
630, 2, -1
630, 1, -1
630, 3, -1
475, 382, -1
475, 348, -1
475, 197, -1
475, 214, -1
475, 57, -1
475, 218, -1
475, 118, -1
475, 87, -1
475, 278, -1
475, 310, -1
475, 29, -1
475, 50, -1
475, 84, -1
475, 40, -1
475, 143, -1
475, 15, -1
475, 389, -1
475, 136, -1
475, 36, -1
475, 39, -1
475, 345, -1
475, 102, -1
475, 10, -1
475, 0, -1
475, 2, -1
475, 1, -1
475, 3, -1
745, 382, -1
745, 348, -1
745, 197, -1
745, 214, -1
745, 57, -1
745, 218, -1
745, 118, -1
745, 87, -1
745, 278, -1
745, 310, -1
745, 29, -1
745, 50, -1
745, 84, -1
745, 40, -1
745, 143, -1
745, 15, -1
745, 389, -1
745, 136, -1
745, 36, -1
745, 39, -1
745, 345, -1
745, 102, -1
745, 10, -1
745, 0, -1
745, 2, -1
745, 1, -1
745, 3, -1
559, 382, -1
559, 348, -1
559, 197, -1
559, 214, -1
559, 57, -1
559, 218, -1
559, 118, -1
559, 87, -1
559, 278, -1
559, 310, -1
559, 29, -1
559, 50, -1
559, 84, -1
559, 40, -1
559, 143, -1
559, 15, -1
559, 389, -1
559, 136, -1
559, 36, -1
559, 39, -1
559, 345, -1
559, 102, -1
559, 10, -1
559, 0, -1
559, 2, -1
559, 1, -1
559, 3, -1

