348, 382, 1
404, 640, 1
410, 640, 1
410, 404, 1
659, 640, 1
659, 404, 1
659, 410, 1
640, 382, -1
640, 348, -1
0, 382, -1
0, 348, -1
0, 640, -1
2, 382, -1
2, 348, -1
2, 640, -1
2, 0, -1
404, 382, -1
404, 348, -1
404, 0, -1
404, 2, -1
410, 382, -1
410, 348, -1
410, 0, -1
410, 2, -1
659, 382, -1
659, 348, -1
659, 0, -1
659, 2, -1

768, 2, 1
768, 382, -1
768, 348, -1
768, 640, -1
768, 404, -1
768, 410, -1
768, 659, -1
768, 0, -1
1, 382, -1
1, 348, -1
1, 640, -1
1, 404, -1
1, 410, -1
1, 659, -1
1, 0, -1
1, 2, -1
1, 768, -1

530, 640, 1
530, 404, 1
530, 410, 1
530, 659, 1
769, 382, -1
769, 348, -1
769, 640, -1
769, 404, -1
769, 410, -1
769, 659, -1
769, 0, -1
769, 2, -1
769, 768, -1
769, 1, -1
530, 382, -1
530, 348, -1
530, 0, -1
530, 2, -1
530, 768, -1
530, 1, -1
530, 769, -1

402, 769, 1
402, 382, -1
402, 348, -1
402, 640, -1
402, 404, -1
402, 410, -1
402, 659, -1
402, 530, -1
402, 546, -1
402, 0, -1
402, 2, -1
402, 768, -1
402, 1, -1

3, 769, 1
3, 402, 1
3, 382, -1
3, 348, -1
3, 640, -1
3, 404, -1
3, 410, -1
3, 659, -1
3, 530, -1
3, 546, -1
3, 0, -1
3, 2, -1
3, 768, -1
3, 1, -1

767, 1, 1
445, 640, 1
445, 404, 1
445, 410, 1
445, 659, 1
445, 530, 1
445, 546, 1
767, 382, -1
767, 348, -1
767, 640, -1
767, 404, -1
767, 410, -1
767, 659, -1
767, 530, -1
767, 546, -1
767, 0, -1
767, 2, -1
767, 768, -1
767, 769, -1
767, 402, -1
767, 3, -1
445, 382, -1
445, 348, -1
445, 0, -1
445, 2, -1
445, 768, -1
445, 1, -1
445, 767, -1
445, 769, -1
445, 402, -1
445, 3, -1

652, 640, 1
652, 404, 1
652, 410, 1
652, 659, 1
652, 530, 1
652, 546, 1
652, 445, 1
652, 617, 1
652, 382, -1
652, 348, -1
652, 0, -1
652, 2, -1
652, 768, -1
652, 1, -1
652, 767, -1
652, 769, -1
652, 402, -1
652, 3, -1

667, 640, 1
667, 404, 1
667, 410, 1
667, 659, 1
667, 530, 1
667, 546, 1
667, 445, 1
667, 617, 1
667, 652, 1
667, 603, 1
667, 382, -1
667, 348, -1
667, 0, -1
667, 2, -1
667, 768, -1
667, 1, -1
667, 767, -1
667, 769, -1
667, 402, -1
667, 3, -1

490, 640, 1
490, 404, 1
490, 410, 1
490, 659, 1
490, 530, 1
490, 546, 1
490, 445, 1
490, 617, 1
490, 652, 1
490, 603, 1
490, 667, 1
490, 490, 1
490, 382, -1
490, 348, -1
490, 0, -1
490, 2, -1
490, 768, -1
490, 1, -1
490, 767, -1
490, 769, -1
490, 402, -1
490, 3, -1

194, 382, 1
194, 348, 1
194, 640, -1
194, 404, -1
194, 410, -1
194, 659, -1
194, 530, -1
194, 546, -1
194, 445, -1
194, 617, -1
194, 652, -1
194, 603, -1
194, 667, -1
194, 490, -1
194, 490, -1
194, 0, -1
194, 2, -1
194, 768, -1
194, 1, -1
194, 767, -1
194, 769, -1
194, 402, -1
194, 3, -1

