429, 348, 1
154, 348, 1
154, 429, 1
403, 382, 1
112, 348, 1
112, 429, 1
112, 154, 1
71, 0, 1
348, 382, -1
0, 382, -1
0, 348, -1
429, 382, -1
429, 0, -1
154, 382, -1
154, 0, -1
403, 348, -1
403, 429, -1
403, 154, -1
403, 0, -1
112, 382, -1
112, 403, -1
112, 0, -1
71, 382, -1
71, 403, -1
71, 348, -1
71, 429, -1
71, 154, -1
71, 112, -1

440, 348, 1
440, 429, 1
440, 154, 1
440, 112, 1
394, 348, 1
394, 429, 1
394, 154, 1
394, 112, 1
394, 440, 1
220, 0, 1
220, 71, 1
352, 0, 1
352, 71, 1
352, 220, 1
191, 0, 1
191, 71, 1
191, 220, 1
191, 352, 1
490, 0, 1
490, 71, 1
490, 220, 1
490, 352, 1
490, 191, 1
188, 0, 1
188, 71, 1
188, 220, 1
188, 352, 1
188, 191, 1
188, 490, 1
199, 0, 1
199, 71, 1
199, 220, 1
199, 352, 1
199, 191, 1
199, 490, 1
199, 188, 1
440, 382, -1
440, 403, -1
440, 0, -1
440, 71, -1
394, 382, -1
394, 403, -1
394, 0, -1
394, 71, -1
220, 382, -1
220, 403, -1
220, 348, -1
220, 429, -1
220, 154, -1
220, 112, -1
220, 440, -1
220, 394, -1
352, 382, -1
352, 403, -1
352, 348, -1
352, 429, -1
352, 154, -1
352, 112, -1
352, 440, -1
352, 394, -1
191, 382, -1
191, 403, -1
191, 348, -1
191, 429, -1
191, 154, -1
191, 112, -1
191, 440, -1
191, 394, -1
490, 382, -1
490, 403, -1
490, 348, -1
490, 429, -1
490, 154, -1
490, 112, -1
490, 440, -1
490, 394, -1
188, 382, -1
188, 403, -1
188, 348, -1
188, 429, -1
188, 154, -1
188, 112, -1
188, 440, -1
188, 394, -1
199, 382, -1
199, 403, -1
199, 348, -1
199, 429, -1
199, 154, -1
199, 112, -1
199, 440, -1
199, 394, -1

329, 0, 1
329, 71, 1
329, 220, 1
329, 352, 1
329, 191, 1
329, 490, 1
329, 188, 1
329, 199, 1
212, 348, 1
212, 429, 1
212, 154, 1
212, 112, 1
212, 440, 1
212, 394, 1
202, 348, 1
202, 429, 1
202, 154, 1
202, 112, 1
202, 440, 1
202, 394, 1
202, 212, 1
181, 348, 1
181, 429, 1
181, 154, 1
181, 112, 1
181, 440, 1
181, 394, 1
181, 212, 1
181, 202, 1
70, 348, 1
70, 429, 1
70, 154, 1
70, 112, 1
70, 440, 1
70, 394, 1
70, 212, 1
70, 202, 1
70, 181, 1
57, 348, 1
57, 429, 1
57, 154, 1
57, 112, 1
57, 440, 1
57, 394, 1
57, 212, 1
57, 202, 1
57, 181, 1
57, 70, 1
95, 382, 1
95, 403, 1
72, 348, 1
72, 429, 1
72, 154, 1
72, 112, 1
72, 440, 1
72, 394, 1
72, 212, 1
72, 202, 1
72, 181, 1
72, 70, 1
72, 57, 1
134, 348, 1
134, 429, 1
134, 154, 1
134, 112, 1
134, 440, 1
134, 394, 1
134, 212, 1
134, 202, 1
134, 181, 1
134, 70, 1
134, 57, 1
134, 72, 1
13, 348, 1
13, 429, 1
13, 154, 1
13, 112, 1
13, 440, 1
13, 394, 1
13, 212, 1
13, 202, 1
13, 181, 1
13, 70, 1
13, 57, 1
13, 72, 1
13, 134, 1
329, 382, -1
329, 403, -1
329, 348, -1
329, 429, -1
329, 154, -1
329, 112, -1
329, 440, -1
329, 394, -1
212, 382, -1
212, 403, -1
212, 0, -1
212, 71, -1
212, 220, -1
212, 352, -1
212, 191, -1
212, 490, -1
212, 188, -1
212, 199, -1
212, 329, -1
202, 382, -1
202, 403, -1
202, 0, -1
202, 71, -1
202, 220, -1
202, 352, -1
202, 191, -1
202, 490, -1
202, 188, -1
202, 199, -1
202, 329, -1
181, 382, -1
181, 403, -1
181, 0, -1
181, 71, -1
181, 220, -1
181, 352, -1
181, 191, -1
181, 490, -1
181, 188, -1
181, 199, -1
181, 329, -1
70, 382, -1
70, 403, -1
70, 0, -1
70, 71, -1
70, 220, -1
70, 352, -1
70, 191, -1
70, 490, -1
70, 188, -1
70, 199, -1
70, 329, -1
57, 382, -1
57, 403, -1
57, 0, -1
57, 71, -1
57, 220, -1
57, 352, -1
57, 191, -1
57, 490, -1
57, 188, -1
57, 199, -1
57, 329, -1
95, 348, -1
95, 429, -1
95, 154, -1
95, 112, -1
95, 440, -1
95, 394, -1
95, 212, -1
95, 202, -1
95, 181, -1
95, 70, -1
95, 57, -1
95, 0, -1
95, 71, -1
95, 220, -1
95, 352, -1
95, 191, -1
95, 490, -1
95, 188, -1
95, 199, -1
95, 329, -1
72, 382, -1
72, 403, -1
72, 95, -1
72, 0, -1
72, 71, -1
72, 220, -1
72, 352, -1
72, 191, -1
72, 490, -1
72, 188, -1
72, 199, -1
72, 329, -1
134, 382, -1
134, 403, -1
134, 95, -1
134, 0, -1
134, 71, -1
134, 220, -1
134, 352, -1
134, 191, -1
134, 490, -1
134, 188, -1
134, 199, -1
134, 329, -1
13, 382, -1
13, 403, -1
13, 95, -1
13, 0, -1
13, 71, -1
13, 220, -1
13, 352, -1
13, 191, -1
13, 490, -1
13, 188, -1
13, 199, -1
13, 329, -1

21, 348, 1
21, 429, 1
21, 154, 1
21, 112, 1
21, 440, 1
21, 394, 1
21, 212, 1
21, 202, 1
21, 181, 1
21, 70, 1
21, 57, 1
21, 72, 1
21, 134, 1
21, 13, 1
45, 348, 1
45, 429, 1
45, 154, 1
45, 112, 1
45, 440, 1
45, 394, 1
45, 212, 1
45, 202, 1
45, 181, 1
45, 70, 1
45, 57, 1
45, 72, 1
45, 134, 1
45, 13, 1
45, 21, 1
201, 348, 1
201, 429, 1
201, 154, 1
201, 112, 1
201, 440, 1
201, 394, 1
201, 212, 1
201, 202, 1
201, 181, 1
201, 70, 1
201, 57, 1
201, 72, 1
201, 134, 1
201, 13, 1
201, 21, 1
201, 45, 1
118, 348, 1
118, 429, 1
118, 154, 1
118, 112, 1
118, 440, 1
118, 394, 1
118, 212, 1
118, 202, 1
118, 181, 1
118, 70, 1
118, 57, 1
118, 72, 1
118, 134, 1
118, 13, 1
118, 21, 1
118, 45, 1
118, 201, 1
4, 348, 1
4, 429, 1
4, 154, 1
4, 112, 1
4, 440, 1
4, 394, 1
4, 212, 1
4, 202, 1
4, 181, 1
4, 70, 1
4, 57, 1
4, 72, 1
4, 134, 1
4, 13, 1
4, 21, 1
4, 45, 1
4, 201, 1
4, 118, 1
186, 348, 1
186, 429, 1
186, 154, 1
186, 112, 1
186, 440, 1
186, 394, 1
186, 212, 1
186, 202, 1
186, 181, 1
186, 70, 1
186, 57, 1
186, 72, 1
186, 134, 1
186, 13, 1
186, 21, 1
186, 45, 1
186, 201, 1
186, 118, 1
186, 4, 1
349, 348, 1
349, 429, 1
349, 154, 1
349, 112, 1
349, 440, 1
349, 394, 1
349, 212, 1
349, 202, 1
349, 181, 1
349, 70, 1
349, 57, 1
349, 72, 1
349, 134, 1
349, 13, 1
349, 21, 1
349, 45, 1
349, 201, 1
349, 118, 1
349, 4, 1
349, 186, 1
260, 348, 1
260, 429, 1
260, 154, 1
260, 112, 1
260, 440, 1
260, 394, 1
260, 212, 1
260, 202, 1
260, 181, 1
260, 70, 1
260, 57, 1
260, 72, 1
260, 134, 1
260, 13, 1
260, 21, 1
260, 45, 1
260, 201, 1
260, 118, 1
260, 4, 1
260, 186, 1
260, 349, 1
132, 348, 1
132, 429, 1
132, 154, 1
132, 112, 1
132, 440, 1
132, 394, 1
132, 212, 1
132, 202, 1
132, 181, 1
132, 70, 1
132, 57, 1
132, 72, 1
132, 134, 1
132, 13, 1
132, 21, 1
132, 45, 1
132, 201, 1
132, 118, 1
132, 4, 1
132, 186, 1
132, 349, 1
132, 260, 1
122, 348, 1
122, 429, 1
122, 154, 1
122, 112, 1
122, 440, 1
122, 394, 1
122, 212, 1
122, 202, 1
122, 181, 1
122, 70, 1
122, 57, 1
122, 72, 1
122, 134, 1
122, 13, 1
122, 21, 1
122, 45, 1
122, 201, 1
122, 118, 1
122, 4, 1
122, 186, 1
122, 349, 1
122, 260, 1
122, 132, 1
21, 382, -1
21, 403, -1
21, 95, -1
21, 0, -1
21, 71, -1
21, 220, -1
21, 352, -1
21, 191, -1
21, 490, -1
21, 188, -1
21, 199, -1
21, 329, -1
45, 382, -1
45, 403, -1
45, 95, -1
45, 0, -1
45, 71, -1
45, 220, -1
45, 352, -1
45, 191, -1
45, 490, -1
45, 188, -1
45, 199, -1
45, 329, -1
201, 382, -1
201, 403, -1
201, 95, -1
201, 0, -1
201, 71, -1
201, 220, -1
201, 352, -1
201, 191, -1
201, 490, -1
201, 188, -1
201, 199, -1
201, 329, -1
118, 382, -1
118, 403, -1
118, 95, -1
118, 0, -1
118, 71, -1
118, 220, -1
118, 352, -1
118, 191, -1
118, 490, -1
118, 188, -1
118, 199, -1
118, 329, -1
4, 382, -1
4, 403, -1
4, 95, -1
4, 0, -1
4, 71, -1
4, 220, -1
4, 352, -1
4, 191, -1
4, 490, -1
4, 188, -1
4, 199, -1
4, 329, -1
186, 382, -1
186, 403, -1
186, 95, -1
186, 0, -1
186, 71, -1
186, 220, -1
186, 352, -1
186, 191, -1
186, 490, -1
186, 188, -1
186, 199, -1
186, 329, -1
349, 382, -1
349, 403, -1
349, 95, -1
349, 0, -1
349, 71, -1
349, 220, -1
349, 352, -1
349, 191, -1
349, 490, -1
349, 188, -1
349, 199, -1
349, 329, -1
260, 382, -1
260, 403, -1
260, 95, -1
260, 0, -1
260, 71, -1
260, 220, -1
260, 352, -1
260, 191, -1
260, 490, -1
260, 188, -1
260, 199, -1
260, 329, -1
132, 382, -1
132, 403, -1
132, 95, -1
132, 0, -1
132, 71, -1
132, 220, -1
132, 352, -1
132, 191, -1
132, 490, -1
132, 188, -1
132, 199, -1
132, 329, -1
122, 382, -1
122, 403, -1
122, 95, -1
122, 0, -1
122, 71, -1
122, 220, -1
122, 352, -1
122, 191, -1
122, 490, -1
122, 188, -1
122, 199, -1
122, 329, -1

35, 348, 1
35, 429, 1
35, 154, 1
35, 112, 1
35, 440, 1
35, 394, 1
35, 212, 1
35, 202, 1
35, 181, 1
35, 70, 1
35, 57, 1
35, 72, 1
35, 134, 1
35, 13, 1
35, 21, 1
35, 45, 1
35, 201, 1
35, 118, 1
35, 4, 1
35, 186, 1
35, 349, 1
35, 260, 1
35, 132, 1
35, 122, 1
272, 348, 1
272, 429, 1
272, 154, 1
272, 112, 1
272, 440, 1
272, 394, 1
272, 212, 1
272, 202, 1
272, 181, 1
272, 70, 1
272, 57, 1
272, 72, 1
272, 134, 1
272, 13, 1
272, 21, 1
272, 45, 1
272, 201, 1
272, 118, 1
272, 4, 1
272, 186, 1
272, 349, 1
272, 260, 1
272, 132, 1
272, 122, 1
272, 35, 1
55, 348, 1
55, 429, 1
55, 154, 1
55, 112, 1
55, 440, 1
55, 394, 1
55, 212, 1
55, 202, 1
55, 181, 1
55, 70, 1
55, 57, 1
55, 72, 1
55, 134, 1
55, 13, 1
55, 21, 1
55, 45, 1
55, 201, 1
55, 118, 1
55, 4, 1
55, 186, 1
55, 349, 1
55, 260, 1
55, 132, 1
55, 122, 1
55, 35, 1
55, 272, 1
338, 348, 1
338, 429, 1
338, 154, 1
338, 112, 1
338, 440, 1
338, 394, 1
338, 212, 1
338, 202, 1
338, 181, 1
338, 70, 1
338, 57, 1
338, 72, 1
338, 134, 1
338, 13, 1
338, 21, 1
338, 45, 1
338, 201, 1
338, 118, 1
338, 4, 1
338, 186, 1
338, 349, 1
338, 260, 1
338, 132, 1
338, 122, 1
338, 35, 1
338, 272, 1
338, 55, 1
236, 348, 1
236, 429, 1
236, 154, 1
236, 112, 1
236, 440, 1
236, 394, 1
236, 212, 1
236, 202, 1
236, 181, 1
236, 70, 1
236, 57, 1
236, 72, 1
236, 134, 1
236, 13, 1
236, 21, 1
236, 45, 1
236, 201, 1
236, 118, 1
236, 4, 1
236, 186, 1
236, 349, 1
236, 260, 1
236, 132, 1
236, 122, 1
236, 35, 1
236, 272, 1
236, 55, 1
236, 338, 1
261, 348, 1
261, 429, 1
261, 154, 1
261, 112, 1
261, 440, 1
261, 394, 1
261, 212, 1
261, 202, 1
261, 181, 1
261, 70, 1
261, 57, 1
261, 72, 1
261, 134, 1
261, 13, 1
261, 21, 1
261, 45, 1
261, 201, 1
261, 118, 1
261, 4, 1
261, 186, 1
261, 349, 1
261, 260, 1
261, 132, 1
261, 122, 1
261, 35, 1
261, 272, 1
261, 55, 1
261, 338, 1
261, 236, 1
193, 348, 1
193, 429, 1
193, 154, 1
193, 112, 1
193, 440, 1
193, 394, 1
193, 212, 1
193, 202, 1
193, 181, 1
193, 70, 1
193, 57, 1
193, 72, 1
193, 134, 1
193, 13, 1
193, 21, 1
193, 45, 1
193, 201, 1
193, 118, 1
193, 4, 1
193, 186, 1
193, 349, 1
193, 260, 1
193, 132, 1
193, 122, 1
193, 35, 1
193, 272, 1
193, 55, 1
193, 338, 1
193, 236, 1
193, 261, 1
93, 348, 1
93, 429, 1
93, 154, 1
93, 112, 1
93, 440, 1
93, 394, 1
93, 212, 1
93, 202, 1
93, 181, 1
93, 70, 1
93, 57, 1
93, 72, 1
93, 134, 1
93, 13, 1
93, 21, 1
93, 45, 1
93, 201, 1
93, 118, 1
93, 4, 1
93, 186, 1
93, 349, 1
93, 260, 1
93, 132, 1
93, 122, 1
93, 35, 1
93, 272, 1
93, 55, 1
93, 338, 1
93, 236, 1
93, 261, 1
93, 193, 1
430, 348, 1
430, 429, 1
430, 154, 1
430, 112, 1
430, 440, 1
430, 394, 1
430, 212, 1
430, 202, 1
430, 181, 1
430, 70, 1
430, 57, 1
430, 72, 1
430, 134, 1
430, 13, 1
430, 21, 1
430, 45, 1
430, 201, 1
430, 118, 1
430, 4, 1
430, 186, 1
430, 349, 1
430, 260, 1
430, 132, 1
430, 122, 1
430, 35, 1
430, 272, 1
430, 55, 1
430, 338, 1
430, 236, 1
430, 261, 1
430, 193, 1
430, 93, 1
467, 348, 1
467, 429, 1
467, 154, 1
467, 112, 1
467, 440, 1
467, 394, 1
467, 212, 1
467, 202, 1
467, 181, 1
467, 70, 1
467, 57, 1
467, 72, 1
467, 134, 1
467, 13, 1
467, 21, 1
467, 45, 1
467, 201, 1
467, 118, 1
467, 4, 1
467, 186, 1
467, 349, 1
467, 260, 1
467, 132, 1
467, 122, 1
467, 35, 1
467, 272, 1
467, 55, 1
467, 338, 1
467, 236, 1
467, 261, 1
467, 193, 1
467, 93, 1
467, 430, 1
35, 382, -1
35, 403, -1
35, 95, -1
35, 0, -1
35, 71, -1
35, 220, -1
35, 352, -1
35, 191, -1
35, 490, -1
35, 188, -1
35, 199, -1
35, 329, -1
272, 382, -1
272, 403, -1
272, 95, -1
272, 0, -1
272, 71, -1
272, 220, -1
272, 352, -1
272, 191, -1
272, 490, -1
272, 188, -1
272, 199, -1
272, 329, -1
55, 382, -1
55, 403, -1
55, 95, -1
55, 0, -1
55, 71, -1
55, 220, -1
55, 352, -1
55, 191, -1
55, 490, -1
55, 188, -1
55, 199, -1
55, 329, -1
338, 382, -1
338, 403, -1
338, 95, -1
338, 0, -1
338, 71, -1
338, 220, -1
338, 352, -1
338, 191, -1
338, 490, -1
338, 188, -1
338, 199, -1
338, 329, -1
236, 382, -1
236, 403, -1
236, 95, -1
236, 0, -1
236, 71, -1
236, 220, -1
236, 352, -1
236, 191, -1
236, 490, -1
236, 188, -1
236, 199, -1
236, 329, -1
261, 382, -1
261, 403, -1
261, 95, -1
261, 0, -1
261, 71, -1
261, 220, -1
261, 352, -1
261, 191, -1
261, 490, -1
261, 188, -1
261, 199, -1
261, 329, -1
193, 382, -1
193, 403, -1
193, 95, -1
193, 0, -1
193, 71, -1
193, 220, -1
193, 352, -1
193, 191, -1
193, 490, -1
193, 188, -1
193, 199, -1
193, 329, -1
93, 382, -1
93, 403, -1
93, 95, -1
93, 0, -1
93, 71, -1
93, 220, -1
93, 352, -1
93, 191, -1
93, 490, -1
93, 188, -1
93, 199, -1
93, 329, -1
430, 382, -1
430, 403, -1
430, 95, -1
430, 0, -1
430, 71, -1
430, 220, -1
430, 352, -1
430, 191, -1
430, 490, -1
430, 188, -1
430, 199, -1
430, 329, -1
467, 382, -1
467, 403, -1
467, 95, -1
467, 0, -1
467, 71, -1
467, 220, -1
467, 352, -1
467, 191, -1
467, 490, -1
467, 188, -1
467, 199, -1
467, 329, -1

67, 348, 1
67, 429, 1
67, 154, 1
67, 112, 1
67, 440, 1
67, 394, 1
67, 212, 1
67, 202, 1
67, 181, 1
67, 70, 1
67, 57, 1
67, 72, 1
67, 134, 1
67, 13, 1
67, 21, 1
67, 45, 1
67, 201, 1
67, 118, 1
67, 4, 1
67, 186, 1
67, 349, 1
67, 260, 1
67, 132, 1
67, 122, 1
67, 35, 1
67, 272, 1
67, 55, 1
67, 338, 1
67, 236, 1
67, 261, 1
67, 193, 1
67, 93, 1
67, 430, 1
67, 467, 1
276, 348, 1
276, 429, 1
276, 154, 1
276, 112, 1
276, 440, 1
276, 394, 1
276, 212, 1
276, 202, 1
276, 181, 1
276, 70, 1
276, 57, 1
276, 72, 1
276, 134, 1
276, 13, 1
276, 21, 1
276, 45, 1
276, 201, 1
276, 118, 1
276, 4, 1
276, 186, 1
276, 349, 1
276, 260, 1
276, 132, 1
276, 122, 1
276, 35, 1
276, 272, 1
276, 55, 1
276, 338, 1
276, 236, 1
276, 261, 1
276, 193, 1
276, 93, 1
276, 430, 1
276, 467, 1
276, 67, 1
194, 348, 1
194, 429, 1
194, 154, 1
194, 112, 1
194, 440, 1
194, 394, 1
194, 212, 1
194, 202, 1
194, 181, 1
194, 70, 1
194, 57, 1
194, 72, 1
194, 134, 1
194, 13, 1
194, 21, 1
194, 45, 1
194, 201, 1
194, 118, 1
194, 4, 1
194, 186, 1
194, 349, 1
194, 260, 1
194, 132, 1
194, 122, 1
194, 35, 1
194, 272, 1
194, 55, 1
194, 338, 1
194, 236, 1
194, 261, 1
194, 193, 1
194, 93, 1
194, 430, 1
194, 467, 1
194, 67, 1
194, 276, 1
100, 348, 1
100, 429, 1
100, 154, 1
100, 112, 1
100, 440, 1
100, 394, 1
100, 212, 1
100, 202, 1
100, 181, 1
100, 70, 1
100, 57, 1
100, 72, 1
100, 134, 1
100, 13, 1
100, 21, 1
100, 45, 1
100, 201, 1
100, 118, 1
100, 4, 1
100, 186, 1
100, 349, 1
100, 260, 1
100, 132, 1
100, 122, 1
100, 35, 1
100, 272, 1
100, 55, 1
100, 338, 1
100, 236, 1
100, 261, 1
100, 193, 1
100, 93, 1
100, 430, 1
100, 467, 1
100, 67, 1
100, 276, 1
100, 194, 1
448, 348, 1
448, 429, 1
448, 154, 1
448, 112, 1
448, 440, 1
448, 394, 1
448, 212, 1
448, 202, 1
448, 181, 1
448, 70, 1
448, 57, 1
448, 72, 1
448, 134, 1
448, 13, 1
448, 21, 1
448, 45, 1
448, 201, 1
448, 118, 1
448, 4, 1
448, 186, 1
448, 349, 1
448, 260, 1
448, 132, 1
448, 122, 1
448, 35, 1
448, 272, 1
448, 55, 1
448, 338, 1
448, 236, 1
448, 261, 1
448, 193, 1
448, 93, 1
448, 430, 1
448, 467, 1
448, 67, 1
448, 276, 1
448, 194, 1
448, 100, 1
294, 348, 1
294, 429, 1
294, 154, 1
294, 112, 1
294, 440, 1
294, 394, 1
294, 212, 1
294, 202, 1
294, 181, 1
294, 70, 1
294, 57, 1
294, 72, 1
294, 134, 1
294, 13, 1
294, 21, 1
294, 45, 1
294, 201, 1
294, 118, 1
294, 4, 1
294, 186, 1
294, 349, 1
294, 260, 1
294, 132, 1
294, 122, 1
294, 35, 1
294, 272, 1
294, 55, 1
294, 338, 1
294, 236, 1
294, 261, 1
294, 193, 1
294, 93, 1
294, 430, 1
294, 467, 1
294, 67, 1
294, 276, 1
294, 194, 1
294, 100, 1
294, 448, 1
256, 348, 1
256, 429, 1
256, 154, 1
256, 112, 1
256, 440, 1
256, 394, 1
256, 212, 1
256, 202, 1
256, 181, 1
256, 70, 1
256, 57, 1
256, 72, 1
256, 134, 1
256, 13, 1
256, 21, 1
256, 45, 1
256, 201, 1
256, 118, 1
256, 4, 1
256, 186, 1
256, 349, 1
256, 260, 1
256, 132, 1
256, 122, 1
256, 35, 1
256, 272, 1
256, 55, 1
256, 338, 1
256, 236, 1
256, 261, 1
256, 193, 1
256, 93, 1
256, 430, 1
256, 467, 1
256, 67, 1
256, 276, 1
256, 194, 1
256, 100, 1
256, 448, 1
256, 294, 1
143, 348, 1
143, 429, 1
143, 154, 1
143, 112, 1
143, 440, 1
143, 394, 1
143, 212, 1
143, 202, 1
143, 181, 1
143, 70, 1
143, 57, 1
143, 72, 1
143, 134, 1
143, 13, 1
143, 21, 1
143, 45, 1
143, 201, 1
143, 118, 1
143, 4, 1
143, 186, 1
143, 349, 1
143, 260, 1
143, 132, 1
143, 122, 1
143, 35, 1
143, 272, 1
143, 55, 1
143, 338, 1
143, 236, 1
143, 261, 1
143, 193, 1
143, 93, 1
143, 430, 1
143, 467, 1
143, 67, 1
143, 276, 1
143, 194, 1
143, 100, 1
143, 448, 1
143, 294, 1
143, 256, 1
449, 348, 1
449, 429, 1
449, 154, 1
449, 112, 1
449, 440, 1
449, 394, 1
449, 212, 1
449, 202, 1
449, 181, 1
449, 70, 1
449, 57, 1
449, 72, 1
449, 134, 1
449, 13, 1
449, 21, 1
449, 45, 1
449, 201, 1
449, 118, 1
449, 4, 1
449, 186, 1
449, 349, 1
449, 260, 1
449, 132, 1
449, 122, 1
449, 35, 1
449, 272, 1
449, 55, 1
449, 338, 1
449, 236, 1
449, 261, 1
449, 193, 1
449, 93, 1
449, 430, 1
449, 467, 1
449, 67, 1
449, 276, 1
449, 194, 1
449, 100, 1
449, 448, 1
449, 294, 1
449, 256, 1
449, 143, 1
331, 348, 1
331, 429, 1
331, 154, 1
331, 112, 1
331, 440, 1
331, 394, 1
331, 212, 1
331, 202, 1
331, 181, 1
331, 70, 1
331, 57, 1
331, 72, 1
331, 134, 1
331, 13, 1
331, 21, 1
331, 45, 1
331, 201, 1
331, 118, 1
331, 4, 1
331, 186, 1
331, 349, 1
331, 260, 1
331, 132, 1
331, 122, 1
331, 35, 1
331, 272, 1
331, 55, 1
331, 338, 1
331, 236, 1
331, 261, 1
331, 193, 1
331, 93, 1
331, 430, 1
331, 467, 1
331, 67, 1
331, 276, 1
331, 194, 1
331, 100, 1
331, 448, 1
331, 294, 1
331, 256, 1
331, 143, 1
331, 449, 1
67, 382, -1
67, 403, -1
67, 95, -1
67, 0, -1
67, 71, -1
67, 220, -1
67, 352, -1
67, 191, -1
67, 490, -1
67, 188, -1
67, 199, -1
67, 329, -1
276, 382, -1
276, 403, -1
276, 95, -1
276, 0, -1
276, 71, -1
276, 220, -1
276, 352, -1
276, 191, -1
276, 490, -1
276, 188, -1
276, 199, -1
276, 329, -1
194, 382, -1
194, 403, -1
194, 95, -1
194, 0, -1
194, 71, -1
194, 220, -1
194, 352, -1
194, 191, -1
194, 490, -1
194, 188, -1
194, 199, -1
194, 329, -1
100, 382, -1
100, 403, -1
100, 95, -1
100, 0, -1
100, 71, -1
100, 220, -1
100, 352, -1
100, 191, -1
100, 490, -1
100, 188, -1
100, 199, -1
100, 329, -1
448, 382, -1
448, 403, -1
448, 95, -1
448, 0, -1
448, 71, -1
448, 220, -1
448, 352, -1
448, 191, -1
448, 490, -1
448, 188, -1
448, 199, -1
448, 329, -1
294, 382, -1
294, 403, -1
294, 95, -1
294, 0, -1
294, 71, -1
294, 220, -1
294, 352, -1
294, 191, -1
294, 490, -1
294, 188, -1
294, 199, -1
294, 329, -1
256, 382, -1
256, 403, -1
256, 95, -1
256, 0, -1
256, 71, -1
256, 220, -1
256, 352, -1
256, 191, -1
256, 490, -1
256, 188, -1
256, 199, -1
256, 329, -1
143, 382, -1
143, 403, -1
143, 95, -1
143, 0, -1
143, 71, -1
143, 220, -1
143, 352, -1
143, 191, -1
143, 490, -1
143, 188, -1
143, 199, -1
143, 329, -1
449, 382, -1
449, 403, -1
449, 95, -1
449, 0, -1
449, 71, -1
449, 220, -1
449, 352, -1
449, 191, -1
449, 490, -1
449, 188, -1
449, 199, -1
449, 329, -1
331, 382, -1
331, 403, -1
331, 95, -1
331, 0, -1
331, 71, -1
331, 220, -1
331, 352, -1
331, 191, -1
331, 490, -1
331, 188, -1
331, 199, -1
331, 329, -1

262, 348, 1
262, 429, 1
262, 154, 1
262, 112, 1
262, 440, 1
262, 394, 1
262, 212, 1
262, 202, 1
262, 181, 1
262, 70, 1
262, 57, 1
262, 72, 1
262, 134, 1
262, 13, 1
262, 21, 1
262, 45, 1
262, 201, 1
262, 118, 1
262, 4, 1
262, 186, 1
262, 349, 1
262, 260, 1
262, 132, 1
262, 122, 1
262, 35, 1
262, 272, 1
262, 55, 1
262, 338, 1
262, 236, 1
262, 261, 1
262, 193, 1
262, 93, 1
262, 430, 1
262, 467, 1
262, 67, 1
262, 276, 1
262, 194, 1
262, 100, 1
262, 448, 1
262, 294, 1
262, 256, 1
262, 143, 1
262, 449, 1
262, 331, 1
454, 348, 1
454, 429, 1
454, 154, 1
454, 112, 1
454, 440, 1
454, 394, 1
454, 212, 1
454, 202, 1
454, 181, 1
454, 70, 1
454, 57, 1
454, 72, 1
454, 134, 1
454, 13, 1
454, 21, 1
454, 45, 1
454, 201, 1
454, 118, 1
454, 4, 1
454, 186, 1
454, 349, 1
454, 260, 1
454, 132, 1
454, 122, 1
454, 35, 1
454, 272, 1
454, 55, 1
454, 338, 1
454, 236, 1
454, 261, 1
454, 193, 1
454, 93, 1
454, 430, 1
454, 467, 1
454, 67, 1
454, 276, 1
454, 194, 1
454, 100, 1
454, 448, 1
454, 294, 1
454, 256, 1
454, 143, 1
454, 449, 1
454, 331, 1
454, 262, 1
275, 348, 1
275, 429, 1
275, 154, 1
275, 112, 1
275, 440, 1
275, 394, 1
275, 212, 1
275, 202, 1
275, 181, 1
275, 70, 1
275, 57, 1
275, 72, 1
275, 134, 1
275, 13, 1
275, 21, 1
275, 45, 1
275, 201, 1
275, 118, 1
275, 4, 1
275, 186, 1
275, 349, 1
275, 260, 1
275, 132, 1
275, 122, 1
275, 35, 1
275, 272, 1
275, 55, 1
275, 338, 1
275, 236, 1
275, 261, 1
275, 193, 1
275, 93, 1
275, 430, 1
275, 467, 1
275, 67, 1
275, 276, 1
275, 194, 1
275, 100, 1
275, 448, 1
275, 294, 1
275, 256, 1
275, 143, 1
275, 449, 1
275, 331, 1
275, 262, 1
275, 454, 1
360, 348, 1
360, 429, 1
360, 154, 1
360, 112, 1
360, 440, 1
360, 394, 1
360, 212, 1
360, 202, 1
360, 181, 1
360, 70, 1
360, 57, 1
360, 72, 1
360, 134, 1
360, 13, 1
360, 21, 1
360, 45, 1
360, 201, 1
360, 118, 1
360, 4, 1
360, 186, 1
360, 349, 1
360, 260, 1
360, 132, 1
360, 122, 1
360, 35, 1
360, 272, 1
360, 55, 1
360, 338, 1
360, 236, 1
360, 261, 1
360, 193, 1
360, 93, 1
360, 430, 1
360, 467, 1
360, 67, 1
360, 276, 1
360, 194, 1
360, 100, 1
360, 448, 1
360, 294, 1
360, 256, 1
360, 143, 1
360, 449, 1
360, 331, 1
360, 262, 1
360, 454, 1
360, 275, 1
278, 348, 1
278, 429, 1
278, 154, 1
278, 112, 1
278, 440, 1
278, 394, 1
278, 212, 1
278, 202, 1
278, 181, 1
278, 70, 1
278, 57, 1
278, 72, 1
278, 134, 1
278, 13, 1
278, 21, 1
278, 45, 1
278, 201, 1
278, 118, 1
278, 4, 1
278, 186, 1
278, 349, 1
278, 260, 1
278, 132, 1
278, 122, 1
278, 35, 1
278, 272, 1
278, 55, 1
278, 338, 1
278, 236, 1
278, 261, 1
278, 193, 1
278, 93, 1
278, 430, 1
278, 467, 1
278, 67, 1
278, 276, 1
278, 194, 1
278, 100, 1
278, 448, 1
278, 294, 1
278, 256, 1
278, 143, 1
278, 449, 1
278, 331, 1
278, 262, 1
278, 454, 1
278, 275, 1
278, 360, 1
164, 348, 1
164, 429, 1
164, 154, 1
164, 112, 1
164, 440, 1
164, 394, 1
164, 212, 1
164, 202, 1
164, 181, 1
164, 70, 1
164, 57, 1
164, 72, 1
164, 134, 1
164, 13, 1
164, 21, 1
164, 45, 1
164, 201, 1
164, 118, 1
164, 4, 1
164, 186, 1
164, 349, 1
164, 260, 1
164, 132, 1
164, 122, 1
164, 35, 1
164, 272, 1
164, 55, 1
164, 338, 1
164, 236, 1
164, 261, 1
164, 193, 1
164, 93, 1
164, 430, 1
164, 467, 1
164, 67, 1
164, 276, 1
164, 194, 1
164, 100, 1
164, 448, 1
164, 294, 1
164, 256, 1
164, 143, 1
164, 449, 1
164, 331, 1
164, 262, 1
164, 454, 1
164, 275, 1
164, 360, 1
164, 278, 1
283, 348, 1
283, 429, 1
283, 154, 1
283, 112, 1
283, 440, 1
283, 394, 1
283, 212, 1
283, 202, 1
283, 181, 1
283, 70, 1
283, 57, 1
283, 72, 1
283, 134, 1
283, 13, 1
283, 21, 1
283, 45, 1
283, 201, 1
283, 118, 1
283, 4, 1
283, 186, 1
283, 349, 1
283, 260, 1
283, 132, 1
283, 122, 1
283, 35, 1
283, 272, 1
283, 55, 1
283, 338, 1
283, 236, 1
283, 261, 1
283, 193, 1
283, 93, 1
283, 430, 1
283, 467, 1
283, 67, 1
283, 276, 1
283, 194, 1
283, 100, 1
283, 448, 1
283, 294, 1
283, 256, 1
283, 143, 1
283, 449, 1
283, 331, 1
283, 262, 1
283, 454, 1
283, 275, 1
283, 360, 1
283, 278, 1
283, 164, 1
279, 0, 1
279, 71, 1
279, 220, 1
279, 352, 1
279, 191, 1
279, 490, 1
279, 188, 1
279, 199, 1
279, 329, 1
262, 382, -1
262, 403, -1
262, 95, -1
262, 0, -1
262, 71, -1
262, 220, -1
262, 352, -1
262, 191, -1
262, 490, -1
262, 188, -1
262, 199, -1
262, 329, -1
454, 382, -1
454, 403, -1
454, 95, -1
454, 0, -1
454, 71, -1
454, 220, -1
454, 352, -1
454, 191, -1
454, 490, -1
454, 188, -1
454, 199, -1
454, 329, -1
275, 382, -1
275, 403, -1
275, 95, -1
275, 0, -1
275, 71, -1
275, 220, -1
275, 352, -1
275, 191, -1
275, 490, -1
275, 188, -1
275, 199, -1
275, 329, -1
360, 382, -1
360, 403, -1
360, 95, -1
360, 0, -1
360, 71, -1
360, 220, -1
360, 352, -1
360, 191, -1
360, 490, -1
360, 188, -1
360, 199, -1
360, 329, -1
278, 382, -1
278, 403, -1
278, 95, -1
278, 0, -1
278, 71, -1
278, 220, -1
278, 352, -1
278, 191, -1
278, 490, -1
278, 188, -1
278, 199, -1
278, 329, -1
164, 382, -1
164, 403, -1
164, 95, -1
164, 0, -1
164, 71, -1
164, 220, -1
164, 352, -1
164, 191, -1
164, 490, -1
164, 188, -1
164, 199, -1
164, 329, -1
283, 382, -1
283, 403, -1
283, 95, -1
283, 0, -1
283, 71, -1
283, 220, -1
283, 352, -1
283, 191, -1
283, 490, -1
283, 188, -1
283, 199, -1
283, 329, -1
279, 382, -1
279, 403, -1
279, 95, -1
279, 348, -1
279, 429, -1
279, 154, -1
279, 112, -1
279, 440, -1
279, 394, -1
279, 212, -1
279, 202, -1
279, 181, -1
279, 70, -1
279, 57, -1
279, 72, -1
279, 134, -1
279, 13, -1
279, 21, -1
279, 45, -1
279, 201, -1
279, 118, -1
279, 4, -1
279, 186, -1
279, 349, -1
279, 260, -1
279, 132, -1
279, 122, -1
279, 35, -1
279, 272, -1
279, 55, -1
279, 338, -1
279, 236, -1
279, 261, -1
279, 193, -1
279, 93, -1
279, 430, -1
279, 467, -1
279, 67, -1
279, 276, -1
279, 194, -1
279, 100, -1
279, 448, -1
279, 294, -1
279, 256, -1
279, 143, -1
279, 449, -1
279, 331, -1
279, 262, -1
279, 454, -1
279, 275, -1
279, 360, -1
279, 278, -1
279, 164, -1
279, 283, -1

176, 348, 1
176, 429, 1
176, 154, 1
176, 112, 1
176, 440, 1
176, 394, 1
176, 212, 1
176, 202, 1
176, 181, 1
176, 70, 1
176, 57, 1
176, 72, 1
176, 134, 1
176, 13, 1
176, 21, 1
176, 45, 1
176, 201, 1
176, 118, 1
176, 4, 1
176, 186, 1
176, 349, 1
176, 260, 1
176, 132, 1
176, 122, 1
176, 35, 1
176, 272, 1
176, 55, 1
176, 338, 1
176, 236, 1
176, 261, 1
176, 193, 1
176, 93, 1
176, 430, 1
176, 467, 1
176, 67, 1
176, 276, 1
176, 194, 1
176, 100, 1
176, 448, 1
176, 294, 1
176, 256, 1
176, 143, 1
176, 449, 1
176, 331, 1
176, 262, 1
176, 454, 1
176, 275, 1
176, 360, 1
176, 278, 1
176, 164, 1
176, 283, 1
208, 348, 1
208, 429, 1
208, 154, 1
208, 112, 1
208, 440, 1
208, 394, 1
208, 212, 1
208, 202, 1
208, 181, 1
208, 70, 1
208, 57, 1
208, 72, 1
208, 134, 1
208, 13, 1
208, 21, 1
208, 45, 1
208, 201, 1
208, 118, 1
208, 4, 1
208, 186, 1
208, 349, 1
208, 260, 1
208, 132, 1
208, 122, 1
208, 35, 1
208, 272, 1
208, 55, 1
208, 338, 1
208, 236, 1
208, 261, 1
208, 193, 1
208, 93, 1
208, 430, 1
208, 467, 1
208, 67, 1
208, 276, 1
208, 194, 1
208, 100, 1
208, 448, 1
208, 294, 1
208, 256, 1
208, 143, 1
208, 449, 1
208, 331, 1
208, 262, 1
208, 454, 1
208, 275, 1
208, 360, 1
208, 278, 1
208, 164, 1
208, 283, 1
208, 176, 1
69, 348, 1
69, 429, 1
69, 154, 1
69, 112, 1
69, 440, 1
69, 394, 1
69, 212, 1
69, 202, 1
69, 181, 1
69, 70, 1
69, 57, 1
69, 72, 1
69, 134, 1
69, 13, 1
69, 21, 1
69, 45, 1
69, 201, 1
69, 118, 1
69, 4, 1
69, 186, 1
69, 349, 1
69, 260, 1
69, 132, 1
69, 122, 1
69, 35, 1
69, 272, 1
69, 55, 1
69, 338, 1
69, 236, 1
69, 261, 1
69, 193, 1
69, 93, 1
69, 430, 1
69, 467, 1
69, 67, 1
69, 276, 1
69, 194, 1
69, 100, 1
69, 448, 1
69, 294, 1
69, 256, 1
69, 143, 1
69, 449, 1
69, 331, 1
69, 262, 1
69, 454, 1
69, 275, 1
69, 360, 1
69, 278, 1
69, 164, 1
69, 283, 1
69, 176, 1
69, 208, 1
81, 348, 1
81, 429, 1
81, 154, 1
81, 112, 1
81, 440, 1
81, 394, 1
81, 212, 1
81, 202, 1
81, 181, 1
81, 70, 1
81, 57, 1
81, 72, 1
81, 134, 1
81, 13, 1
81, 21, 1
81, 45, 1
81, 201, 1
81, 118, 1
81, 4, 1
81, 186, 1
81, 349, 1
81, 260, 1
81, 132, 1
81, 122, 1
81, 35, 1
81, 272, 1
81, 55, 1
81, 338, 1
81, 236, 1
81, 261, 1
81, 193, 1
81, 93, 1
81, 430, 1
81, 467, 1
81, 67, 1
81, 276, 1
81, 194, 1
81, 100, 1
81, 448, 1
81, 294, 1
81, 256, 1
81, 143, 1
81, 449, 1
81, 331, 1
81, 262, 1
81, 454, 1
81, 275, 1
81, 360, 1
81, 278, 1
81, 164, 1
81, 283, 1
81, 176, 1
81, 208, 1
81, 69, 1
104, 348, 1
104, 429, 1
104, 154, 1
104, 112, 1
104, 440, 1
104, 394, 1
104, 212, 1
104, 202, 1
104, 181, 1
104, 70, 1
104, 57, 1
104, 72, 1
104, 134, 1
104, 13, 1
104, 21, 1
104, 45, 1
104, 201, 1
104, 118, 1
104, 4, 1
104, 186, 1
104, 349, 1
104, 260, 1
104, 132, 1
104, 122, 1
104, 35, 1
104, 272, 1
104, 55, 1
104, 338, 1
104, 236, 1
104, 261, 1
104, 193, 1
104, 93, 1
104, 430, 1
104, 467, 1
104, 67, 1
104, 276, 1
104, 194, 1
104, 100, 1
104, 448, 1
104, 294, 1
104, 256, 1
104, 143, 1
104, 449, 1
104, 331, 1
104, 262, 1
104, 454, 1
104, 275, 1
104, 360, 1
104, 278, 1
104, 164, 1
104, 283, 1
104, 176, 1
104, 208, 1
104, 69, 1
104, 81, 1
43, 348, 1
43, 429, 1
43, 154, 1
43, 112, 1
43, 440, 1
43, 394, 1
43, 212, 1
43, 202, 1
43, 181, 1
43, 70, 1
43, 57, 1
43, 72, 1
43, 134, 1
43, 13, 1
43, 21, 1
43, 45, 1
43, 201, 1
43, 118, 1
43, 4, 1
43, 186, 1
43, 349, 1
43, 260, 1
43, 132, 1
43, 122, 1
43, 35, 1
43, 272, 1
43, 55, 1
43, 338, 1
43, 236, 1
43, 261, 1
43, 193, 1
43, 93, 1
43, 430, 1
43, 467, 1
43, 67, 1
43, 276, 1
43, 194, 1
43, 100, 1
43, 448, 1
43, 294, 1
43, 256, 1
43, 143, 1
43, 449, 1
43, 331, 1
43, 262, 1
43, 454, 1
43, 275, 1
43, 360, 1
43, 278, 1
43, 164, 1
43, 283, 1
43, 176, 1
43, 208, 1
43, 69, 1
43, 81, 1
43, 104, 1
105, 348, 1
105, 429, 1
105, 154, 1
105, 112, 1
105, 440, 1
105, 394, 1
105, 212, 1
105, 202, 1
105, 181, 1
105, 70, 1
105, 57, 1
105, 72, 1
105, 134, 1
105, 13, 1
105, 21, 1
105, 45, 1
105, 201, 1
105, 118, 1
105, 4, 1
105, 186, 1
105, 349, 1
105, 260, 1
105, 132, 1
105, 122, 1
105, 35, 1
105, 272, 1
105, 55, 1
105, 338, 1
105, 236, 1
105, 261, 1
105, 193, 1
105, 93, 1
105, 430, 1
105, 467, 1
105, 67, 1
105, 276, 1
105, 194, 1
105, 100, 1
105, 448, 1
105, 294, 1
105, 256, 1
105, 143, 1
105, 449, 1
105, 331, 1
105, 262, 1
105, 454, 1
105, 275, 1
105, 360, 1
105, 278, 1
105, 164, 1
105, 283, 1
105, 176, 1
105, 208, 1
105, 69, 1
105, 81, 1
105, 104, 1
105, 43, 1
114, 348, 1
114, 429, 1
114, 154, 1
114, 112, 1
114, 440, 1
114, 394, 1
114, 212, 1
114, 202, 1
114, 181, 1
114, 70, 1
114, 57, 1
114, 72, 1
114, 134, 1
114, 13, 1
114, 21, 1
114, 45, 1
114, 201, 1
114, 118, 1
114, 4, 1
114, 186, 1
114, 349, 1
114, 260, 1
114, 132, 1
114, 122, 1
114, 35, 1
114, 272, 1
114, 55, 1
114, 338, 1
114, 236, 1
114, 261, 1
114, 193, 1
114, 93, 1
114, 430, 1
114, 467, 1
114, 67, 1
114, 276, 1
114, 194, 1
114, 100, 1
114, 448, 1
114, 294, 1
114, 256, 1
114, 143, 1
114, 449, 1
114, 331, 1
114, 262, 1
114, 454, 1
114, 275, 1
114, 360, 1
114, 278, 1
114, 164, 1
114, 283, 1
114, 176, 1
114, 208, 1
114, 69, 1
114, 81, 1
114, 104, 1
114, 43, 1
114, 105, 1
129, 348, 1
129, 429, 1
129, 154, 1
129, 112, 1
129, 440, 1
129, 394, 1
129, 212, 1
129, 202, 1
129, 181, 1
129, 70, 1
129, 57, 1
129, 72, 1
129, 134, 1
129, 13, 1
129, 21, 1
129, 45, 1
129, 201, 1
129, 118, 1
129, 4, 1
129, 186, 1
129, 349, 1
129, 260, 1
129, 132, 1
129, 122, 1
129, 35, 1
129, 272, 1
129, 55, 1
129, 338, 1
129, 236, 1
129, 261, 1
129, 193, 1
129, 93, 1
129, 430, 1
129, 467, 1
129, 67, 1
129, 276, 1
129, 194, 1
129, 100, 1
129, 448, 1
129, 294, 1
129, 256, 1
129, 143, 1
129, 449, 1
129, 331, 1
129, 262, 1
129, 454, 1
129, 275, 1
129, 360, 1
129, 278, 1
129, 164, 1
129, 283, 1
129, 176, 1
129, 208, 1
129, 69, 1
129, 81, 1
129, 104, 1
129, 43, 1
129, 105, 1
129, 114, 1
170, 348, 1
170, 429, 1
170, 154, 1
170, 112, 1
170, 440, 1
170, 394, 1
170, 212, 1
170, 202, 1
170, 181, 1
170, 70, 1
170, 57, 1
170, 72, 1
170, 134, 1
170, 13, 1
170, 21, 1
170, 45, 1
170, 201, 1
170, 118, 1
170, 4, 1
170, 186, 1
170, 349, 1
170, 260, 1
170, 132, 1
170, 122, 1
170, 35, 1
170, 272, 1
170, 55, 1
170, 338, 1
170, 236, 1
170, 261, 1
170, 193, 1
170, 93, 1
170, 430, 1
170, 467, 1
170, 67, 1
170, 276, 1
170, 194, 1
170, 100, 1
170, 448, 1
170, 294, 1
170, 256, 1
170, 143, 1
170, 449, 1
170, 331, 1
170, 262, 1
170, 454, 1
170, 275, 1
170, 360, 1
170, 278, 1
170, 164, 1
170, 283, 1
170, 176, 1
170, 208, 1
170, 69, 1
170, 81, 1
170, 104, 1
170, 43, 1
170, 105, 1
170, 114, 1
170, 129, 1
176, 382, -1
176, 403, -1
176, 95, -1
176, 0, -1
176, 71, -1
176, 220, -1
176, 352, -1
176, 191, -1
176, 490, -1
176, 188, -1
176, 199, -1
176, 329, -1
176, 279, -1
208, 382, -1
208, 403, -1
208, 95, -1
208, 0, -1
208, 71, -1
208, 220, -1
208, 352, -1
208, 191, -1
208, 490, -1
208, 188, -1
208, 199, -1
208, 329, -1
208, 279, -1
69, 382, -1
69, 403, -1
69, 95, -1
69, 0, -1
69, 71, -1
69, 220, -1
69, 352, -1
69, 191, -1
69, 490, -1
69, 188, -1
69, 199, -1
69, 329, -1
69, 279, -1
81, 382, -1
81, 403, -1
81, 95, -1
81, 0, -1
81, 71, -1
81, 220, -1
81, 352, -1
81, 191, -1
81, 490, -1
81, 188, -1
81, 199, -1
81, 329, -1
81, 279, -1
104, 382, -1
104, 403, -1
104, 95, -1
104, 0, -1
104, 71, -1
104, 220, -1
104, 352, -1
104, 191, -1
104, 490, -1
104, 188, -1
104, 199, -1
104, 329, -1
104, 279, -1
43, 382, -1
43, 403, -1
43, 95, -1
43, 0, -1
43, 71, -1
43, 220, -1
43, 352, -1
43, 191, -1
43, 490, -1
43, 188, -1
43, 199, -1
43, 329, -1
43, 279, -1
105, 382, -1
105, 403, -1
105, 95, -1
105, 0, -1
105, 71, -1
105, 220, -1
105, 352, -1
105, 191, -1
105, 490, -1
105, 188, -1
105, 199, -1
105, 329, -1
105, 279, -1
114, 382, -1
114, 403, -1
114, 95, -1
114, 0, -1
114, 71, -1
114, 220, -1
114, 352, -1
114, 191, -1
114, 490, -1
114, 188, -1
114, 199, -1
114, 329, -1
114, 279, -1
129, 382, -1
129, 403, -1
129, 95, -1
129, 0, -1
129, 71, -1
129, 220, -1
129, 352, -1
129, 191, -1
129, 490, -1
129, 188, -1
129, 199, -1
129, 329, -1
129, 279, -1
170, 382, -1
170, 403, -1
170, 95, -1
170, 0, -1
170, 71, -1
170, 220, -1
170, 352, -1
170, 191, -1
170, 490, -1
170, 188, -1
170, 199, -1
170, 329, -1
170, 279, -1

438, 348, 1
438, 429, 1
438, 154, 1
438, 112, 1
438, 440, 1
438, 394, 1
438, 212, 1
438, 202, 1
438, 181, 1
438, 70, 1
438, 57, 1
438, 72, 1
438, 134, 1
438, 13, 1
438, 21, 1
438, 45, 1
438, 201, 1
438, 118, 1
438, 4, 1
438, 186, 1
438, 349, 1
438, 260, 1
438, 132, 1
438, 122, 1
438, 35, 1
438, 272, 1
438, 55, 1
438, 338, 1
438, 236, 1
438, 261, 1
438, 193, 1
438, 93, 1
438, 430, 1
438, 467, 1
438, 67, 1
438, 276, 1
438, 194, 1
438, 100, 1
438, 448, 1
438, 294, 1
438, 256, 1
438, 143, 1
438, 449, 1
438, 331, 1
438, 262, 1
438, 454, 1
438, 275, 1
438, 360, 1
438, 278, 1
438, 164, 1
438, 283, 1
438, 176, 1
438, 208, 1
438, 69, 1
438, 81, 1
438, 104, 1
438, 43, 1
438, 105, 1
438, 114, 1
438, 129, 1
438, 170, 1
254, 348, 1
254, 429, 1
254, 154, 1
254, 112, 1
254, 440, 1
254, 394, 1
254, 212, 1
254, 202, 1
254, 181, 1
254, 70, 1
254, 57, 1
254, 72, 1
254, 134, 1
254, 13, 1
254, 21, 1
254, 45, 1
254, 201, 1
254, 118, 1
254, 4, 1
254, 186, 1
254, 349, 1
254, 260, 1
254, 132, 1
254, 122, 1
254, 35, 1
254, 272, 1
254, 55, 1
254, 338, 1
254, 236, 1
254, 261, 1
254, 193, 1
254, 93, 1
254, 430, 1
254, 467, 1
254, 67, 1
254, 276, 1
254, 194, 1
254, 100, 1
254, 448, 1
254, 294, 1
254, 256, 1
254, 143, 1
254, 449, 1
254, 331, 1
254, 262, 1
254, 454, 1
254, 275, 1
254, 360, 1
254, 278, 1
254, 164, 1
254, 283, 1
254, 176, 1
254, 208, 1
254, 69, 1
254, 81, 1
254, 104, 1
254, 43, 1
254, 105, 1
254, 114, 1
254, 129, 1
254, 170, 1
254, 438, 1
453, 348, 1
453, 429, 1
453, 154, 1
453, 112, 1
453, 440, 1
453, 394, 1
453, 212, 1
453, 202, 1
453, 181, 1
453, 70, 1
453, 57, 1
453, 72, 1
453, 134, 1
453, 13, 1
453, 21, 1
453, 45, 1
453, 201, 1
453, 118, 1
453, 4, 1
453, 186, 1
453, 349, 1
453, 260, 1
453, 132, 1
453, 122, 1
453, 35, 1
453, 272, 1
453, 55, 1
453, 338, 1
453, 236, 1
453, 261, 1
453, 193, 1
453, 93, 1
453, 430, 1
453, 467, 1
453, 67, 1
453, 276, 1
453, 194, 1
453, 100, 1
453, 448, 1
453, 294, 1
453, 256, 1
453, 143, 1
453, 449, 1
453, 331, 1
453, 262, 1
453, 454, 1
453, 275, 1
453, 360, 1
453, 278, 1
453, 164, 1
453, 283, 1
453, 176, 1
453, 208, 1
453, 69, 1
453, 81, 1
453, 104, 1
453, 43, 1
453, 105, 1
453, 114, 1
453, 129, 1
453, 170, 1
453, 438, 1
453, 254, 1
342, 348, 1
342, 429, 1
342, 154, 1
342, 112, 1
342, 440, 1
342, 394, 1
342, 212, 1
342, 202, 1
342, 181, 1
342, 70, 1
342, 57, 1
342, 72, 1
342, 134, 1
342, 13, 1
342, 21, 1
342, 45, 1
342, 201, 1
342, 118, 1
342, 4, 1
342, 186, 1
342, 349, 1
342, 260, 1
342, 132, 1
342, 122, 1
342, 35, 1
342, 272, 1
342, 55, 1
342, 338, 1
342, 236, 1
342, 261, 1
342, 193, 1
342, 93, 1
342, 430, 1
342, 467, 1
342, 67, 1
342, 276, 1
342, 194, 1
342, 100, 1
342, 448, 1
342, 294, 1
342, 256, 1
342, 143, 1
342, 449, 1
342, 331, 1
342, 262, 1
342, 454, 1
342, 275, 1
342, 360, 1
342, 278, 1
342, 164, 1
342, 283, 1
342, 176, 1
342, 208, 1
342, 69, 1
342, 81, 1
342, 104, 1
342, 43, 1
342, 105, 1
342, 114, 1
342, 129, 1
342, 170, 1
342, 438, 1
342, 254, 1
342, 453, 1
471, 348, 1
471, 429, 1
471, 154, 1
471, 112, 1
471, 440, 1
471, 394, 1
471, 212, 1
471, 202, 1
471, 181, 1
471, 70, 1
471, 57, 1
471, 72, 1
471, 134, 1
471, 13, 1
471, 21, 1
471, 45, 1
471, 201, 1
471, 118, 1
471, 4, 1
471, 186, 1
471, 349, 1
471, 260, 1
471, 132, 1
471, 122, 1
471, 35, 1
471, 272, 1
471, 55, 1
471, 338, 1
471, 236, 1
471, 261, 1
471, 193, 1
471, 93, 1
471, 430, 1
471, 467, 1
471, 67, 1
471, 276, 1
471, 194, 1
471, 100, 1
471, 448, 1
471, 294, 1
471, 256, 1
471, 143, 1
471, 449, 1
471, 331, 1
471, 262, 1
471, 454, 1
471, 275, 1
471, 360, 1
471, 278, 1
471, 164, 1
471, 283, 1
471, 176, 1
471, 208, 1
471, 69, 1
471, 81, 1
471, 104, 1
471, 43, 1
471, 105, 1
471, 114, 1
471, 129, 1
471, 170, 1
471, 438, 1
471, 254, 1
471, 453, 1
471, 342, 1
395, 348, 1
395, 429, 1
395, 154, 1
395, 112, 1
395, 440, 1
395, 394, 1
395, 212, 1
395, 202, 1
395, 181, 1
395, 70, 1
395, 57, 1
395, 72, 1
395, 134, 1
395, 13, 1
395, 21, 1
395, 45, 1
395, 201, 1
395, 118, 1
395, 4, 1
395, 186, 1
395, 349, 1
395, 260, 1
395, 132, 1
395, 122, 1
395, 35, 1
395, 272, 1
395, 55, 1
395, 338, 1
395, 236, 1
395, 261, 1
395, 193, 1
395, 93, 1
395, 430, 1
395, 467, 1
395, 67, 1
395, 276, 1
395, 194, 1
395, 100, 1
395, 448, 1
395, 294, 1
395, 256, 1
395, 143, 1
395, 449, 1
395, 331, 1
395, 262, 1
395, 454, 1
395, 275, 1
395, 360, 1
395, 278, 1
395, 164, 1
395, 283, 1
395, 176, 1
395, 208, 1
395, 69, 1
395, 81, 1
395, 104, 1
395, 43, 1
395, 105, 1
395, 114, 1
395, 129, 1
395, 170, 1
395, 438, 1
395, 254, 1
395, 453, 1
395, 342, 1
395, 471, 1
19, 348, 1
19, 429, 1
19, 154, 1
19, 112, 1
19, 440, 1
19, 394, 1
19, 212, 1
19, 202, 1
19, 181, 1
19, 70, 1
19, 57, 1
19, 72, 1
19, 134, 1
19, 13, 1
19, 21, 1
19, 45, 1
19, 201, 1
19, 118, 1
19, 4, 1
19, 186, 1
19, 349, 1
19, 260, 1
19, 132, 1
19, 122, 1
19, 35, 1
19, 272, 1
19, 55, 1
19, 338, 1
19, 236, 1
19, 261, 1
19, 193, 1
19, 93, 1
19, 430, 1
19, 467, 1
19, 67, 1
19, 276, 1
19, 194, 1
19, 100, 1
19, 448, 1
19, 294, 1
19, 256, 1
19, 143, 1
19, 449, 1
19, 331, 1
19, 262, 1
19, 454, 1
19, 275, 1
19, 360, 1
19, 278, 1
19, 164, 1
19, 283, 1
19, 176, 1
19, 208, 1
19, 69, 1
19, 81, 1
19, 104, 1
19, 43, 1
19, 105, 1
19, 114, 1
19, 129, 1
19, 170, 1
19, 438, 1
19, 254, 1
19, 453, 1
19, 342, 1
19, 471, 1
19, 395, 1
421, 348, 1
421, 429, 1
421, 154, 1
421, 112, 1
421, 440, 1
421, 394, 1
421, 212, 1
421, 202, 1
421, 181, 1
421, 70, 1
421, 57, 1
421, 72, 1
421, 134, 1
421, 13, 1
421, 21, 1
421, 45, 1
421, 201, 1
421, 118, 1
421, 4, 1
421, 186, 1
421, 349, 1
421, 260, 1
421, 132, 1
421, 122, 1
421, 35, 1
421, 272, 1
421, 55, 1
421, 338, 1
421, 236, 1
421, 261, 1
421, 193, 1
421, 93, 1
421, 430, 1
421, 467, 1
421, 67, 1
421, 276, 1
421, 194, 1
421, 100, 1
421, 448, 1
421, 294, 1
421, 256, 1
421, 143, 1
421, 449, 1
421, 331, 1
421, 262, 1
421, 454, 1
421, 275, 1
421, 360, 1
421, 278, 1
421, 164, 1
421, 283, 1
421, 176, 1
421, 208, 1
421, 69, 1
421, 81, 1
421, 104, 1
421, 43, 1
421, 105, 1
421, 114, 1
421, 129, 1
421, 170, 1
421, 438, 1
421, 254, 1
421, 453, 1
421, 342, 1
421, 471, 1
421, 395, 1
421, 19, 1
79, 348, 1
79, 429, 1
79, 154, 1
79, 112, 1
79, 440, 1
79, 394, 1
79, 212, 1
79, 202, 1
79, 181, 1
79, 70, 1
79, 57, 1
79, 72, 1
79, 134, 1
79, 13, 1
79, 21, 1
79, 45, 1
79, 201, 1
79, 118, 1
79, 4, 1
79, 186, 1
79, 349, 1
79, 260, 1
79, 132, 1
79, 122, 1
79, 35, 1
79, 272, 1
79, 55, 1
79, 338, 1
79, 236, 1
79, 261, 1
79, 193, 1
79, 93, 1
79, 430, 1
79, 467, 1
79, 67, 1
79, 276, 1
79, 194, 1
79, 100, 1
79, 448, 1
79, 294, 1
79, 256, 1
79, 143, 1
79, 449, 1
79, 331, 1
79, 262, 1
79, 454, 1
79, 275, 1
79, 360, 1
79, 278, 1
79, 164, 1
79, 283, 1
79, 176, 1
79, 208, 1
79, 69, 1
79, 81, 1
79, 104, 1
79, 43, 1
79, 105, 1
79, 114, 1
79, 129, 1
79, 170, 1
79, 438, 1
79, 254, 1
79, 453, 1
79, 342, 1
79, 471, 1
79, 395, 1
79, 19, 1
79, 421, 1
42, 348, 1
42, 429, 1
42, 154, 1
42, 112, 1
42, 440, 1
42, 394, 1
42, 212, 1
42, 202, 1
42, 181, 1
42, 70, 1
42, 57, 1
42, 72, 1
42, 134, 1
42, 13, 1
42, 21, 1
42, 45, 1
42, 201, 1
42, 118, 1
42, 4, 1
42, 186, 1
42, 349, 1
42, 260, 1
42, 132, 1
42, 122, 1
42, 35, 1
42, 272, 1
42, 55, 1
42, 338, 1
42, 236, 1
42, 261, 1
42, 193, 1
42, 93, 1
42, 430, 1
42, 467, 1
42, 67, 1
42, 276, 1
42, 194, 1
42, 100, 1
42, 448, 1
42, 294, 1
42, 256, 1
42, 143, 1
42, 449, 1
42, 331, 1
42, 262, 1
42, 454, 1
42, 275, 1
42, 360, 1
42, 278, 1
42, 164, 1
42, 283, 1
42, 176, 1
42, 208, 1
42, 69, 1
42, 81, 1
42, 104, 1
42, 43, 1
42, 105, 1
42, 114, 1
42, 129, 1
42, 170, 1
42, 438, 1
42, 254, 1
42, 453, 1
42, 342, 1
42, 471, 1
42, 395, 1
42, 19, 1
42, 421, 1
42, 79, 1
438, 382, -1
438, 403, -1
438, 95, -1
438, 0, -1
438, 71, -1
438, 220, -1
438, 352, -1
438, 191, -1
438, 490, -1
438, 188, -1
438, 199, -1
438, 329, -1
438, 279, -1
254, 382, -1
254, 403, -1
254, 95, -1
254, 0, -1
254, 71, -1
254, 220, -1
254, 352, -1
254, 191, -1
254, 490, -1
254, 188, -1
254, 199, -1
254, 329, -1
254, 279, -1
453, 382, -1
453, 403, -1
453, 95, -1
453, 0, -1
453, 71, -1
453, 220, -1
453, 352, -1
453, 191, -1
453, 490, -1
453, 188, -1
453, 199, -1
453, 329, -1
453, 279, -1
342, 382, -1
342, 403, -1
342, 95, -1
342, 0, -1
342, 71, -1
342, 220, -1
342, 352, -1
342, 191, -1
342, 490, -1
342, 188, -1
342, 199, -1
342, 329, -1
342, 279, -1
471, 382, -1
471, 403, -1
471, 95, -1
471, 0, -1
471, 71, -1
471, 220, -1
471, 352, -1
471, 191, -1
471, 490, -1
471, 188, -1
471, 199, -1
471, 329, -1
471, 279, -1
395, 382, -1
395, 403, -1
395, 95, -1
395, 0, -1
395, 71, -1
395, 220, -1
395, 352, -1
395, 191, -1
395, 490, -1
395, 188, -1
395, 199, -1
395, 329, -1
395, 279, -1
19, 382, -1
19, 403, -1
19, 95, -1
19, 0, -1
19, 71, -1
19, 220, -1
19, 352, -1
19, 191, -1
19, 490, -1
19, 188, -1
19, 199, -1
19, 329, -1
19, 279, -1
421, 382, -1
421, 403, -1
421, 95, -1
421, 0, -1
421, 71, -1
421, 220, -1
421, 352, -1
421, 191, -1
421, 490, -1
421, 188, -1
421, 199, -1
421, 329, -1
421, 279, -1
79, 382, -1
79, 403, -1
79, 95, -1
79, 0, -1
79, 71, -1
79, 220, -1
79, 352, -1
79, 191, -1
79, 490, -1
79, 188, -1
79, 199, -1
79, 329, -1
79, 279, -1
42, 382, -1
42, 403, -1
42, 95, -1
42, 0, -1
42, 71, -1
42, 220, -1
42, 352, -1
42, 191, -1
42, 490, -1
42, 188, -1
42, 199, -1
42, 329, -1
42, 279, -1

198, 348, 1
198, 429, 1
198, 154, 1
198, 112, 1
198, 440, 1
198, 394, 1
198, 212, 1
198, 202, 1
198, 181, 1
198, 70, 1
198, 57, 1
198, 72, 1
198, 134, 1
198, 13, 1
198, 21, 1
198, 45, 1
198, 201, 1
198, 118, 1
198, 4, 1
198, 186, 1
198, 349, 1
198, 260, 1
198, 132, 1
198, 122, 1
198, 35, 1
198, 272, 1
198, 55, 1
198, 338, 1
198, 236, 1
198, 261, 1
198, 193, 1
198, 93, 1
198, 430, 1
198, 467, 1
198, 67, 1
198, 276, 1
198, 194, 1
198, 100, 1
198, 448, 1
198, 294, 1
198, 256, 1
198, 143, 1
198, 449, 1
198, 331, 1
198, 262, 1
198, 454, 1
198, 275, 1
198, 360, 1
198, 278, 1
198, 164, 1
198, 283, 1
198, 176, 1
198, 208, 1
198, 69, 1
198, 81, 1
198, 104, 1
198, 43, 1
198, 105, 1
198, 114, 1
198, 129, 1
198, 170, 1
198, 438, 1
198, 254, 1
198, 453, 1
198, 342, 1
198, 471, 1
198, 395, 1
198, 19, 1
198, 421, 1
198, 79, 1
198, 42, 1
344, 348, 1
344, 429, 1
344, 154, 1
344, 112, 1
344, 440, 1
344, 394, 1
344, 212, 1
344, 202, 1
344, 181, 1
344, 70, 1
344, 57, 1
344, 72, 1
344, 134, 1
344, 13, 1
344, 21, 1
344, 45, 1
344, 201, 1
344, 118, 1
344, 4, 1
344, 186, 1
344, 349, 1
344, 260, 1
344, 132, 1
344, 122, 1
344, 35, 1
344, 272, 1
344, 55, 1
344, 338, 1
344, 236, 1
344, 261, 1
344, 193, 1
344, 93, 1
344, 430, 1
344, 467, 1
344, 67, 1
344, 276, 1
344, 194, 1
344, 100, 1
344, 448, 1
344, 294, 1
344, 256, 1
344, 143, 1
344, 449, 1
344, 331, 1
344, 262, 1
344, 454, 1
344, 275, 1
344, 360, 1
344, 278, 1
344, 164, 1
344, 283, 1
344, 176, 1
344, 208, 1
344, 69, 1
344, 81, 1
344, 104, 1
344, 43, 1
344, 105, 1
344, 114, 1
344, 129, 1
344, 170, 1
344, 438, 1
344, 254, 1
344, 453, 1
344, 342, 1
344, 471, 1
344, 395, 1
344, 19, 1
344, 421, 1
344, 79, 1
344, 42, 1
344, 198, 1
200, 348, 1
200, 429, 1
200, 154, 1
200, 112, 1
200, 440, 1
200, 394, 1
200, 212, 1
200, 202, 1
200, 181, 1
200, 70, 1
200, 57, 1
200, 72, 1
200, 134, 1
200, 13, 1
200, 21, 1
200, 45, 1
200, 201, 1
200, 118, 1
200, 4, 1
200, 186, 1
200, 349, 1
200, 260, 1
200, 132, 1
200, 122, 1
200, 35, 1
200, 272, 1
200, 55, 1
200, 338, 1
200, 236, 1
200, 261, 1
200, 193, 1
200, 93, 1
200, 430, 1
200, 467, 1
200, 67, 1
200, 276, 1
200, 194, 1
200, 100, 1
200, 448, 1
200, 294, 1
200, 256, 1
200, 143, 1
200, 449, 1
200, 331, 1
200, 262, 1
200, 454, 1
200, 275, 1
200, 360, 1
200, 278, 1
200, 164, 1
200, 283, 1
200, 176, 1
200, 208, 1
200, 69, 1
200, 81, 1
200, 104, 1
200, 43, 1
200, 105, 1
200, 114, 1
200, 129, 1
200, 170, 1
200, 438, 1
200, 254, 1
200, 453, 1
200, 342, 1
200, 471, 1
200, 395, 1
200, 19, 1
200, 421, 1
200, 79, 1
200, 42, 1
200, 198, 1
200, 344, 1
295, 348, 1
295, 429, 1
295, 154, 1
295, 112, 1
295, 440, 1
295, 394, 1
295, 212, 1
295, 202, 1
295, 181, 1
295, 70, 1
295, 57, 1
295, 72, 1
295, 134, 1
295, 13, 1
295, 21, 1
295, 45, 1
295, 201, 1
295, 118, 1
295, 4, 1
295, 186, 1
295, 349, 1
295, 260, 1
295, 132, 1
295, 122, 1
295, 35, 1
295, 272, 1
295, 55, 1
295, 338, 1
295, 236, 1
295, 261, 1
295, 193, 1
295, 93, 1
295, 430, 1
295, 467, 1
295, 67, 1
295, 276, 1
295, 194, 1
295, 100, 1
295, 448, 1
295, 294, 1
295, 256, 1
295, 143, 1
295, 449, 1
295, 331, 1
295, 262, 1
295, 454, 1
295, 275, 1
295, 360, 1
295, 278, 1
295, 164, 1
295, 283, 1
295, 176, 1
295, 208, 1
295, 69, 1
295, 81, 1
295, 104, 1
295, 43, 1
295, 105, 1
295, 114, 1
295, 129, 1
295, 170, 1
295, 438, 1
295, 254, 1
295, 453, 1
295, 342, 1
295, 471, 1
295, 395, 1
295, 19, 1
295, 421, 1
295, 79, 1
295, 42, 1
295, 198, 1
295, 344, 1
295, 200, 1
6, 348, 1
6, 429, 1
6, 154, 1
6, 112, 1
6, 440, 1
6, 394, 1
6, 212, 1
6, 202, 1
6, 181, 1
6, 70, 1
6, 57, 1
6, 72, 1
6, 134, 1
6, 13, 1
6, 21, 1
6, 45, 1
6, 201, 1
6, 118, 1
6, 4, 1
6, 186, 1
6, 349, 1
6, 260, 1
6, 132, 1
6, 122, 1
6, 35, 1
6, 272, 1
6, 55, 1
6, 338, 1
6, 236, 1
6, 261, 1
6, 193, 1
6, 93, 1
6, 430, 1
6, 467, 1
6, 67, 1
6, 276, 1
6, 194, 1
6, 100, 1
6, 448, 1
6, 294, 1
6, 256, 1
6, 143, 1
6, 449, 1
6, 331, 1
6, 262, 1
6, 454, 1
6, 275, 1
6, 360, 1
6, 278, 1
6, 164, 1
6, 283, 1
6, 176, 1
6, 208, 1
6, 69, 1
6, 81, 1
6, 104, 1
6, 43, 1
6, 105, 1
6, 114, 1
6, 129, 1
6, 170, 1
6, 438, 1
6, 254, 1
6, 453, 1
6, 342, 1
6, 471, 1
6, 395, 1
6, 19, 1
6, 421, 1
6, 79, 1
6, 42, 1
6, 198, 1
6, 344, 1
6, 200, 1
6, 295, 1
321, 348, 1
321, 429, 1
321, 154, 1
321, 112, 1
321, 440, 1
321, 394, 1
321, 212, 1
321, 202, 1
321, 181, 1
321, 70, 1
321, 57, 1
321, 72, 1
321, 134, 1
321, 13, 1
321, 21, 1
321, 45, 1
321, 201, 1
321, 118, 1
321, 4, 1
321, 186, 1
321, 349, 1
321, 260, 1
321, 132, 1
321, 122, 1
321, 35, 1
321, 272, 1
321, 55, 1
321, 338, 1
321, 236, 1
321, 261, 1
321, 193, 1
321, 93, 1
321, 430, 1
321, 467, 1
321, 67, 1
321, 276, 1
321, 194, 1
321, 100, 1
321, 448, 1
321, 294, 1
321, 256, 1
321, 143, 1
321, 449, 1
321, 331, 1
321, 262, 1
321, 454, 1
321, 275, 1
321, 360, 1
321, 278, 1
321, 164, 1
321, 283, 1
321, 176, 1
321, 208, 1
321, 69, 1
321, 81, 1
321, 104, 1
321, 43, 1
321, 105, 1
321, 114, 1
321, 129, 1
321, 170, 1
321, 438, 1
321, 254, 1
321, 453, 1
321, 342, 1
321, 471, 1
321, 395, 1
321, 19, 1
321, 421, 1
321, 79, 1
321, 42, 1
321, 198, 1
321, 344, 1
321, 200, 1
321, 295, 1
321, 6, 1
9, 348, 1
9, 429, 1
9, 154, 1
9, 112, 1
9, 440, 1
9, 394, 1
9, 212, 1
9, 202, 1
9, 181, 1
9, 70, 1
9, 57, 1
9, 72, 1
9, 134, 1
9, 13, 1
9, 21, 1
9, 45, 1
9, 201, 1
9, 118, 1
9, 4, 1
9, 186, 1
9, 349, 1
9, 260, 1
9, 132, 1
9, 122, 1
9, 35, 1
9, 272, 1
9, 55, 1
9, 338, 1
9, 236, 1
9, 261, 1
9, 193, 1
9, 93, 1
9, 430, 1
9, 467, 1
9, 67, 1
9, 276, 1
9, 194, 1
9, 100, 1
9, 448, 1
9, 294, 1
9, 256, 1
9, 143, 1
9, 449, 1
9, 331, 1
9, 262, 1
9, 454, 1
9, 275, 1
9, 360, 1
9, 278, 1
9, 164, 1
9, 283, 1
9, 176, 1
9, 208, 1
9, 69, 1
9, 81, 1
9, 104, 1
9, 43, 1
9, 105, 1
9, 114, 1
9, 129, 1
9, 170, 1
9, 438, 1
9, 254, 1
9, 453, 1
9, 342, 1
9, 471, 1
9, 395, 1
9, 19, 1
9, 421, 1
9, 79, 1
9, 42, 1
9, 198, 1
9, 344, 1
9, 200, 1
9, 295, 1
9, 6, 1
9, 321, 1
123, 348, 1
123, 429, 1
123, 154, 1
123, 112, 1
123, 440, 1
123, 394, 1
123, 212, 1
123, 202, 1
123, 181, 1
123, 70, 1
123, 57, 1
123, 72, 1
123, 134, 1
123, 13, 1
123, 21, 1
123, 45, 1
123, 201, 1
123, 118, 1
123, 4, 1
123, 186, 1
123, 349, 1
123, 260, 1
123, 132, 1
123, 122, 1
123, 35, 1
123, 272, 1
123, 55, 1
123, 338, 1
123, 236, 1
123, 261, 1
123, 193, 1
123, 93, 1
123, 430, 1
123, 467, 1
123, 67, 1
123, 276, 1
123, 194, 1
123, 100, 1
123, 448, 1
123, 294, 1
123, 256, 1
123, 143, 1
123, 449, 1
123, 331, 1
123, 262, 1
123, 454, 1
123, 275, 1
123, 360, 1
123, 278, 1
123, 164, 1
123, 283, 1
123, 176, 1
123, 208, 1
123, 69, 1
123, 81, 1
123, 104, 1
123, 43, 1
123, 105, 1
123, 114, 1
123, 129, 1
123, 170, 1
123, 438, 1
123, 254, 1
123, 453, 1
123, 342, 1
123, 471, 1
123, 395, 1
123, 19, 1
123, 421, 1
123, 79, 1
123, 42, 1
123, 198, 1
123, 344, 1
123, 200, 1
123, 295, 1
123, 6, 1
123, 321, 1
123, 9, 1
23, 348, 1
23, 429, 1
23, 154, 1
23, 112, 1
23, 440, 1
23, 394, 1
23, 212, 1
23, 202, 1
23, 181, 1
23, 70, 1
23, 57, 1
23, 72, 1
23, 134, 1
23, 13, 1
23, 21, 1
23, 45, 1
23, 201, 1
23, 118, 1
23, 4, 1
23, 186, 1
23, 349, 1
23, 260, 1
23, 132, 1
23, 122, 1
23, 35, 1
23, 272, 1
23, 55, 1
23, 338, 1
23, 236, 1
23, 261, 1
23, 193, 1
23, 93, 1
23, 430, 1
23, 467, 1
23, 67, 1
23, 276, 1
23, 194, 1
23, 100, 1
23, 448, 1
23, 294, 1
23, 256, 1
23, 143, 1
23, 449, 1
23, 331, 1
23, 262, 1
23, 454, 1
23, 275, 1
23, 360, 1
23, 278, 1
23, 164, 1
23, 283, 1
23, 176, 1
23, 208, 1
23, 69, 1
23, 81, 1
23, 104, 1
23, 43, 1
23, 105, 1
23, 114, 1
23, 129, 1
23, 170, 1
23, 438, 1
23, 254, 1
23, 453, 1
23, 342, 1
23, 471, 1
23, 395, 1
23, 19, 1
23, 421, 1
23, 79, 1
23, 42, 1
23, 198, 1
23, 344, 1
23, 200, 1
23, 295, 1
23, 6, 1
23, 321, 1
23, 9, 1
23, 123, 1
41, 348, 1
41, 429, 1
41, 154, 1
41, 112, 1
41, 440, 1
41, 394, 1
41, 212, 1
41, 202, 1
41, 181, 1
41, 70, 1
41, 57, 1
41, 72, 1
41, 134, 1
41, 13, 1
41, 21, 1
41, 45, 1
41, 201, 1
41, 118, 1
41, 4, 1
41, 186, 1
41, 349, 1
41, 260, 1
41, 132, 1
41, 122, 1
41, 35, 1
41, 272, 1
41, 55, 1
41, 338, 1
41, 236, 1
41, 261, 1
41, 193, 1
41, 93, 1
41, 430, 1
41, 467, 1
41, 67, 1
41, 276, 1
41, 194, 1
41, 100, 1
41, 448, 1
41, 294, 1
41, 256, 1
41, 143, 1
41, 449, 1
41, 331, 1
41, 262, 1
41, 454, 1
41, 275, 1
41, 360, 1
41, 278, 1
41, 164, 1
41, 283, 1
41, 176, 1
41, 208, 1
41, 69, 1
41, 81, 1
41, 104, 1
41, 43, 1
41, 105, 1
41, 114, 1
41, 129, 1
41, 170, 1
41, 438, 1
41, 254, 1
41, 453, 1
41, 342, 1
41, 471, 1
41, 395, 1
41, 19, 1
41, 421, 1
41, 79, 1
41, 42, 1
41, 198, 1
41, 344, 1
41, 200, 1
41, 295, 1
41, 6, 1
41, 321, 1
41, 9, 1
41, 123, 1
41, 23, 1
198, 382, -1
198, 403, -1
198, 95, -1
198, 0, -1
198, 71, -1
198, 220, -1
198, 352, -1
198, 191, -1
198, 490, -1
198, 188, -1
198, 199, -1
198, 329, -1
198, 279, -1
344, 382, -1
344, 403, -1
344, 95, -1
344, 0, -1
344, 71, -1
344, 220, -1
344, 352, -1
344, 191, -1
344, 490, -1
344, 188, -1
344, 199, -1
344, 329, -1
344, 279, -1
200, 382, -1
200, 403, -1
200, 95, -1
200, 0, -1
200, 71, -1
200, 220, -1
200, 352, -1
200, 191, -1
200, 490, -1
200, 188, -1
200, 199, -1
200, 329, -1
200, 279, -1
295, 382, -1
295, 403, -1
295, 95, -1
295, 0, -1
295, 71, -1
295, 220, -1
295, 352, -1
295, 191, -1
295, 490, -1
295, 188, -1
295, 199, -1
295, 329, -1
295, 279, -1
6, 382, -1
6, 403, -1
6, 95, -1
6, 0, -1
6, 71, -1
6, 220, -1
6, 352, -1
6, 191, -1
6, 490, -1
6, 188, -1
6, 199, -1
6, 329, -1
6, 279, -1
321, 382, -1
321, 403, -1
321, 95, -1
321, 0, -1
321, 71, -1
321, 220, -1
321, 352, -1
321, 191, -1
321, 490, -1
321, 188, -1
321, 199, -1
321, 329, -1
321, 279, -1
9, 382, -1
9, 403, -1
9, 95, -1
9, 0, -1
9, 71, -1
9, 220, -1
9, 352, -1
9, 191, -1
9, 490, -1
9, 188, -1
9, 199, -1
9, 329, -1
9, 279, -1
123, 382, -1
123, 403, -1
123, 95, -1
123, 0, -1
123, 71, -1
123, 220, -1
123, 352, -1
123, 191, -1
123, 490, -1
123, 188, -1
123, 199, -1
123, 329, -1
123, 279, -1
23, 382, -1
23, 403, -1
23, 95, -1
23, 0, -1
23, 71, -1
23, 220, -1
23, 352, -1
23, 191, -1
23, 490, -1
23, 188, -1
23, 199, -1
23, 329, -1
23, 279, -1
41, 382, -1
41, 403, -1
41, 95, -1
41, 0, -1
41, 71, -1
41, 220, -1
41, 352, -1
41, 191, -1
41, 490, -1
41, 188, -1
41, 199, -1
41, 329, -1
41, 279, -1

