348, 382, 1
164, 126, 1
249, 126, 1
249, 164, 1
120, 382, 1
120, 348, 1
371, 382, 1
371, 348, 1
371, 120, 1
109, 126, 1
109, 164, 1
109, 249, 1
126, 382, -1
126, 348, -1
164, 382, -1
164, 348, -1
249, 382, -1
249, 348, -1
120, 126, -1
120, 164, -1
120, 249, -1
371, 126, -1
371, 164, -1
371, 249, -1
109, 382, -1
109, 348, -1
109, 120, -1
109, 371, -1

5, 126, 1
5, 164, 1
5, 249, 1
5, 109, 1
356, 126, 1
356, 164, 1
356, 249, 1
356, 109, 1
356, 5, 1
155, 126, 1
155, 164, 1
155, 249, 1
155, 109, 1
155, 5, 1
155, 356, 1
5, 382, -1
5, 348, -1
5, 120, -1
5, 371, -1
356, 382, -1
356, 348, -1
356, 120, -1
356, 371, -1
155, 382, -1
155, 348, -1
155, 120, -1
155, 371, -1

385, 382, 1
385, 348, 1
385, 120, 1
385, 371, 1
347, 126, 1
347, 164, 1
347, 249, 1
347, 109, 1
347, 5, 1
347, 356, 1
347, 155, 1
224, 126, 1
224, 164, 1
224, 249, 1
224, 109, 1
224, 5, 1
224, 356, 1
224, 155, 1
224, 347, 1
385, 126, -1
385, 164, -1
385, 249, -1
385, 109, -1
385, 5, -1
385, 356, -1
385, 155, -1
347, 382, -1
347, 348, -1
347, 120, -1
347, 371, -1
347, 385, -1
224, 382, -1
224, 348, -1
224, 120, -1
224, 371, -1
224, 385, -1

84, 126, 1
84, 164, 1
84, 249, 1
84, 109, 1
84, 5, 1
84, 356, 1
84, 155, 1
84, 347, 1
84, 224, 1
84, 382, -1
84, 348, -1
84, 120, -1
84, 371, -1
84, 385, -1



47, 126, 1
47, 164, 1
47, 249, 1
47, 109, 1
47, 5, 1
47, 356, 1
47, 155, 1
47, 347, 1
47, 224, 1
47, 84, 1
47, 382, -1
47, 348, -1
47, 120, -1
47, 371, -1
47, 385, -1




