176, 126, 1
132, 126, 1
132, 176, 1
33, 126, 1
33, 176, 1
33, 132, 1
184, 126, 1
184, 176, 1
184, 132, 1
184, 33, 1
126, 348, -1
176, 348, -1
132, 348, -1
33, 348, -1
184, 348, -1

164, 126, 1
164, 176, 1
164, 132, 1
164, 33, 1
164, 184, 1
69, 126, 1
69, 176, 1
69, 132, 1
69, 33, 1
69, 184, 1
69, 164, 1
330, 348, 1
12, 348, 1
12, 330, 1
257, 348, 1
257, 330, 1
257, 12, 1
341, 348, 1
341, 330, 1
341, 12, 1
341, 257, 1
286, 348, 1
286, 330, 1
286, 12, 1
286, 257, 1
286, 341, 1
201, 348, 1
201, 330, 1
201, 12, 1
201, 257, 1
201, 341, 1
201, 286, 1
164, 348, -1
69, 348, -1
330, 126, -1
330, 176, -1
330, 132, -1
330, 33, -1
330, 184, -1
330, 164, -1
330, 69, -1
12, 126, -1
12, 176, -1
12, 132, -1
12, 33, -1
12, 184, -1
12, 164, -1
12, 69, -1
257, 126, -1
257, 176, -1
257, 132, -1
257, 33, -1
257, 184, -1
257, 164, -1
257, 69, -1
341, 126, -1
341, 176, -1
341, 132, -1
341, 33, -1
341, 184, -1
341, 164, -1
341, 69, -1
286, 126, -1
286, 176, -1
286, 132, -1
286, 33, -1
286, 184, -1
286, 164, -1
286, 69, -1
201, 126, -1
201, 176, -1
201, 132, -1
201, 33, -1
201, 184, -1
201, 164, -1
201, 69, -1

115, 348, 1
115, 330, 1
115, 12, 1
115, 257, 1
115, 341, 1
115, 286, 1
115, 201, 1
279, 348, 1
279, 330, 1
279, 12, 1
279, 257, 1
279, 341, 1
279, 286, 1
279, 201, 1
279, 115, 1
190, 126, 1
190, 176, 1
190, 132, 1
190, 33, 1
190, 184, 1
190, 164, 1
190, 69, 1
7, 126, 1
7, 176, 1
7, 132, 1
7, 33, 1
7, 184, 1
7, 164, 1
7, 69, 1
7, 190, 1
278, 348, 1
278, 330, 1
278, 12, 1
278, 257, 1
278, 341, 1
278, 286, 1
278, 201, 1
278, 115, 1
278, 279, 1
262, 348, 1
262, 330, 1
262, 12, 1
262, 257, 1
262, 341, 1
262, 286, 1
262, 201, 1
262, 115, 1
262, 279, 1
262, 278, 1
221, 348, 1
221, 330, 1
221, 12, 1
221, 257, 1
221, 341, 1
221, 286, 1
221, 201, 1
221, 115, 1
221, 279, 1
221, 278, 1
221, 262, 1
115, 126, -1
115, 176, -1
115, 132, -1
115, 33, -1
115, 184, -1
115, 164, -1
115, 69, -1
279, 126, -1
279, 176, -1
279, 132, -1
279, 33, -1
279, 184, -1
279, 164, -1
279, 69, -1
190, 348, -1
190, 330, -1
190, 12, -1
190, 257, -1
190, 341, -1
190, 286, -1
190, 201, -1
190, 115, -1
190, 279, -1
7, 348, -1
7, 330, -1
7, 12, -1
7, 257, -1
7, 341, -1
7, 286, -1
7, 201, -1
7, 115, -1
7, 279, -1
278, 126, -1
278, 176, -1
278, 132, -1
278, 33, -1
278, 184, -1
278, 164, -1
278, 69, -1
278, 190, -1
278, 7, -1
262, 126, -1
262, 176, -1
262, 132, -1
262, 33, -1
262, 184, -1
262, 164, -1
262, 69, -1
262, 190, -1
262, 7, -1
221, 126, -1
221, 176, -1
221, 132, -1
221, 33, -1
221, 184, -1
221, 164, -1
221, 69, -1
221, 190, -1
221, 7, -1

53, 126, 1
53, 176, 1
53, 132, 1
53, 33, 1
53, 184, 1
53, 164, 1
53, 69, 1
53, 190, 1
53, 7, 1
202, 126, 1
202, 176, 1
202, 132, 1
202, 33, 1
202, 184, 1
202, 164, 1
202, 69, 1
202, 190, 1
202, 7, 1
202, 53, 1
232, 126, 1
232, 176, 1
232, 132, 1
232, 33, 1
232, 184, 1
232, 164, 1
232, 69, 1
232, 190, 1
232, 7, 1
232, 53, 1
232, 202, 1
157, 348, 1
157, 330, 1
157, 12, 1
157, 257, 1
157, 341, 1
157, 286, 1
157, 201, 1
157, 115, 1
157, 279, 1
157, 278, 1
157, 262, 1
157, 221, 1
246, 126, 1
246, 176, 1
246, 132, 1
246, 33, 1
246, 184, 1
246, 164, 1
246, 69, 1
246, 190, 1
246, 7, 1
246, 53, 1
246, 202, 1
246, 232, 1
68, 348, 1
68, 330, 1
68, 12, 1
68, 257, 1
68, 341, 1
68, 286, 1
68, 201, 1
68, 115, 1
68, 279, 1
68, 278, 1
68, 262, 1
68, 221, 1
68, 157, 1
53, 348, -1
53, 330, -1
53, 12, -1
53, 257, -1
53, 341, -1
53, 286, -1
53, 201, -1
53, 115, -1
53, 279, -1
53, 278, -1
53, 262, -1
53, 221, -1
202, 348, -1
202, 330, -1
202, 12, -1
202, 257, -1
202, 341, -1
202, 286, -1
202, 201, -1
202, 115, -1
202, 279, -1
202, 278, -1
202, 262, -1
202, 221, -1
232, 348, -1
232, 330, -1
232, 12, -1
232, 257, -1
232, 341, -1
232, 286, -1
232, 201, -1
232, 115, -1
232, 279, -1
232, 278, -1
232, 262, -1
232, 221, -1
157, 126, -1
157, 176, -1
157, 132, -1
157, 33, -1
157, 184, -1
157, 164, -1
157, 69, -1
157, 190, -1
157, 7, -1
157, 53, -1
157, 202, -1
157, 232, -1
246, 348, -1
246, 330, -1
246, 12, -1
246, 257, -1
246, 341, -1
246, 286, -1
246, 201, -1
246, 115, -1
246, 279, -1
246, 278, -1
246, 262, -1
246, 221, -1
246, 157, -1
68, 126, -1
68, 176, -1
68, 132, -1
68, 33, -1
68, 184, -1
68, 164, -1
68, 69, -1
68, 190, -1
68, 7, -1
68, 53, -1
68, 202, -1
68, 232, -1
68, 246, -1

17, 126, 1
17, 176, 1
17, 132, 1
17, 33, 1
17, 184, 1
17, 164, 1
17, 69, 1
17, 190, 1
17, 7, 1
17, 53, 1
17, 202, 1
17, 232, 1
17, 246, 1
182, 126, 1
182, 176, 1
182, 132, 1
182, 33, 1
182, 184, 1
182, 164, 1
182, 69, 1
182, 190, 1
182, 7, 1
182, 53, 1
182, 202, 1
182, 232, 1
182, 246, 1
182, 17, 1
124, 126, 1
124, 176, 1
124, 132, 1
124, 33, 1
124, 184, 1
124, 164, 1
124, 69, 1
124, 190, 1
124, 7, 1
124, 53, 1
124, 202, 1
124, 232, 1
124, 246, 1
124, 17, 1
124, 182, 1
218, 126, 1
218, 176, 1
218, 132, 1
218, 33, 1
218, 184, 1
218, 164, 1
218, 69, 1
218, 190, 1
218, 7, 1
218, 53, 1
218, 202, 1
218, 232, 1
218, 246, 1
218, 17, 1
218, 182, 1
218, 124, 1
252, 126, 1
252, 176, 1
252, 132, 1
252, 33, 1
252, 184, 1
252, 164, 1
252, 69, 1
252, 190, 1
252, 7, 1
252, 53, 1
252, 202, 1
252, 232, 1
252, 246, 1
252, 17, 1
252, 182, 1
252, 124, 1
252, 218, 1
17, 348, -1
17, 330, -1
17, 12, -1
17, 257, -1
17, 341, -1
17, 286, -1
17, 201, -1
17, 115, -1
17, 279, -1
17, 278, -1
17, 262, -1
17, 221, -1
17, 157, -1
17, 68, -1
182, 348, -1
182, 330, -1
182, 12, -1
182, 257, -1
182, 341, -1
182, 286, -1
182, 201, -1
182, 115, -1
182, 279, -1
182, 278, -1
182, 262, -1
182, 221, -1
182, 157, -1
182, 68, -1
124, 348, -1
124, 330, -1
124, 12, -1
124, 257, -1
124, 341, -1
124, 286, -1
124, 201, -1
124, 115, -1
124, 279, -1
124, 278, -1
124, 262, -1
124, 221, -1
124, 157, -1
124, 68, -1
218, 348, -1
218, 330, -1
218, 12, -1
218, 257, -1
218, 341, -1
218, 286, -1
218, 201, -1
218, 115, -1
218, 279, -1
218, 278, -1
218, 262, -1
218, 221, -1
218, 157, -1
218, 68, -1
252, 348, -1
252, 330, -1
252, 12, -1
252, 257, -1
252, 341, -1
252, 286, -1
252, 201, -1
252, 115, -1
252, 279, -1
252, 278, -1
252, 262, -1
252, 221, -1
252, 157, -1
252, 68, -1

166, 126, 1
166, 176, 1
166, 132, 1
166, 33, 1
166, 184, 1
166, 164, 1
166, 69, 1
166, 190, 1
166, 7, 1
166, 53, 1
166, 202, 1
166, 232, 1
166, 246, 1
166, 17, 1
166, 182, 1
166, 124, 1
166, 218, 1
166, 252, 1
231, 348, 1
231, 330, 1
231, 12, 1
231, 257, 1
231, 341, 1
231, 286, 1
231, 201, 1
231, 115, 1
231, 279, 1
231, 278, 1
231, 262, 1
231, 221, 1
231, 157, 1
231, 68, 1
66, 348, 1
66, 330, 1
66, 12, 1
66, 257, 1
66, 341, 1
66, 286, 1
66, 201, 1
66, 115, 1
66, 279, 1
66, 278, 1
66, 262, 1
66, 221, 1
66, 157, 1
66, 68, 1
66, 231, 1
103, 348, 1
103, 330, 1
103, 12, 1
103, 257, 1
103, 341, 1
103, 286, 1
103, 201, 1
103, 115, 1
103, 279, 1
103, 278, 1
103, 262, 1
103, 221, 1
103, 157, 1
103, 68, 1
103, 231, 1
103, 66, 1
269, 348, 1
269, 330, 1
269, 12, 1
269, 257, 1
269, 341, 1
269, 286, 1
269, 201, 1
269, 115, 1
269, 279, 1
269, 278, 1
269, 262, 1
269, 221, 1
269, 157, 1
269, 68, 1
269, 231, 1
269, 66, 1
269, 103, 1
186, 126, 1
186, 176, 1
186, 132, 1
186, 33, 1
186, 184, 1
186, 164, 1
186, 69, 1
186, 190, 1
186, 7, 1
186, 53, 1
186, 202, 1
186, 232, 1
186, 246, 1
186, 17, 1
186, 182, 1
186, 124, 1
186, 218, 1
186, 252, 1
186, 166, 1
28, 348, 1
28, 330, 1
28, 12, 1
28, 257, 1
28, 341, 1
28, 286, 1
28, 201, 1
28, 115, 1
28, 279, 1
28, 278, 1
28, 262, 1
28, 221, 1
28, 157, 1
28, 68, 1
28, 231, 1
28, 66, 1
28, 103, 1
28, 269, 1
166, 348, -1
166, 330, -1
166, 12, -1
166, 257, -1
166, 341, -1
166, 286, -1
166, 201, -1
166, 115, -1
166, 279, -1
166, 278, -1
166, 262, -1
166, 221, -1
166, 157, -1
166, 68, -1
231, 126, -1
231, 176, -1
231, 132, -1
231, 33, -1
231, 184, -1
231, 164, -1
231, 69, -1
231, 190, -1
231, 7, -1
231, 53, -1
231, 202, -1
231, 232, -1
231, 246, -1
231, 17, -1
231, 182, -1
231, 124, -1
231, 218, -1
231, 252, -1
231, 166, -1
66, 126, -1
66, 176, -1
66, 132, -1
66, 33, -1
66, 184, -1
66, 164, -1
66, 69, -1
66, 190, -1
66, 7, -1
66, 53, -1
66, 202, -1
66, 232, -1
66, 246, -1
66, 17, -1
66, 182, -1
66, 124, -1
66, 218, -1
66, 252, -1
66, 166, -1
103, 126, -1
103, 176, -1
103, 132, -1
103, 33, -1
103, 184, -1
103, 164, -1
103, 69, -1
103, 190, -1
103, 7, -1
103, 53, -1
103, 202, -1
103, 232, -1
103, 246, -1
103, 17, -1
103, 182, -1
103, 124, -1
103, 218, -1
103, 252, -1
103, 166, -1
269, 126, -1
269, 176, -1
269, 132, -1
269, 33, -1
269, 184, -1
269, 164, -1
269, 69, -1
269, 190, -1
269, 7, -1
269, 53, -1
269, 202, -1
269, 232, -1
269, 246, -1
269, 17, -1
269, 182, -1
269, 124, -1
269, 218, -1
269, 252, -1
269, 166, -1
186, 348, -1
186, 330, -1
186, 12, -1
186, 257, -1
186, 341, -1
186, 286, -1
186, 201, -1
186, 115, -1
186, 279, -1
186, 278, -1
186, 262, -1
186, 221, -1
186, 157, -1
186, 68, -1
186, 231, -1
186, 66, -1
186, 103, -1
186, 269, -1
28, 126, -1
28, 176, -1
28, 132, -1
28, 33, -1
28, 184, -1
28, 164, -1
28, 69, -1
28, 190, -1
28, 7, -1
28, 53, -1
28, 202, -1
28, 232, -1
28, 246, -1
28, 17, -1
28, 182, -1
28, 124, -1
28, 218, -1
28, 252, -1
28, 166, -1
28, 186, -1

36, 348, 1
36, 330, 1
36, 12, 1
36, 257, 1
36, 341, 1
36, 286, 1
36, 201, 1
36, 115, 1
36, 279, 1
36, 278, 1
36, 262, 1
36, 221, 1
36, 157, 1
36, 68, 1
36, 231, 1
36, 66, 1
36, 103, 1
36, 269, 1
36, 28, 1
101, 348, 1
101, 330, 1
101, 12, 1
101, 257, 1
101, 341, 1
101, 286, 1
101, 201, 1
101, 115, 1
101, 279, 1
101, 278, 1
101, 262, 1
101, 221, 1
101, 157, 1
101, 68, 1
101, 231, 1
101, 66, 1
101, 103, 1
101, 269, 1
101, 28, 1
101, 36, 1
350, 348, 1
350, 330, 1
350, 12, 1
350, 257, 1
350, 341, 1
350, 286, 1
350, 201, 1
350, 115, 1
350, 279, 1
350, 278, 1
350, 262, 1
350, 221, 1
350, 157, 1
350, 68, 1
350, 231, 1
350, 66, 1
350, 103, 1
350, 269, 1
350, 28, 1
350, 36, 1
350, 101, 1
323, 348, 1
323, 330, 1
323, 12, 1
323, 257, 1
323, 341, 1
323, 286, 1
323, 201, 1
323, 115, 1
323, 279, 1
323, 278, 1
323, 262, 1
323, 221, 1
323, 157, 1
323, 68, 1
323, 231, 1
323, 66, 1
323, 103, 1
323, 269, 1
323, 28, 1
323, 36, 1
323, 101, 1
323, 350, 1
120, 126, 1
120, 176, 1
120, 132, 1
120, 33, 1
120, 184, 1
120, 164, 1
120, 69, 1
120, 190, 1
120, 7, 1
120, 53, 1
120, 202, 1
120, 232, 1
120, 246, 1
120, 17, 1
120, 182, 1
120, 124, 1
120, 218, 1
120, 252, 1
120, 166, 1
120, 186, 1
320, 348, 1
320, 330, 1
320, 12, 1
320, 257, 1
320, 341, 1
320, 286, 1
320, 201, 1
320, 115, 1
320, 279, 1
320, 278, 1
320, 262, 1
320, 221, 1
320, 157, 1
320, 68, 1
320, 231, 1
320, 66, 1
320, 103, 1
320, 269, 1
320, 28, 1
320, 36, 1
320, 101, 1
320, 350, 1
320, 323, 1
204, 126, 1
204, 176, 1
204, 132, 1
204, 33, 1
204, 184, 1
204, 164, 1
204, 69, 1
204, 190, 1
204, 7, 1
204, 53, 1
204, 202, 1
204, 232, 1
204, 246, 1
204, 17, 1
204, 182, 1
204, 124, 1
204, 218, 1
204, 252, 1
204, 166, 1
204, 186, 1
204, 120, 1
345, 348, 1
345, 330, 1
345, 12, 1
345, 257, 1
345, 341, 1
345, 286, 1
345, 201, 1
345, 115, 1
345, 279, 1
345, 278, 1
345, 262, 1
345, 221, 1
345, 157, 1
345, 68, 1
345, 231, 1
345, 66, 1
345, 103, 1
345, 269, 1
345, 28, 1
345, 36, 1
345, 101, 1
345, 350, 1
345, 323, 1
345, 320, 1
36, 126, -1
36, 176, -1
36, 132, -1
36, 33, -1
36, 184, -1
36, 164, -1
36, 69, -1
36, 190, -1
36, 7, -1
36, 53, -1
36, 202, -1
36, 232, -1
36, 246, -1
36, 17, -1
36, 182, -1
36, 124, -1
36, 218, -1
36, 252, -1
36, 166, -1
36, 186, -1
101, 126, -1
101, 176, -1
101, 132, -1
101, 33, -1
101, 184, -1
101, 164, -1
101, 69, -1
101, 190, -1
101, 7, -1
101, 53, -1
101, 202, -1
101, 232, -1
101, 246, -1
101, 17, -1
101, 182, -1
101, 124, -1
101, 218, -1
101, 252, -1
101, 166, -1
101, 186, -1
350, 126, -1
350, 176, -1
350, 132, -1
350, 33, -1
350, 184, -1
350, 164, -1
350, 69, -1
350, 190, -1
350, 7, -1
350, 53, -1
350, 202, -1
350, 232, -1
350, 246, -1
350, 17, -1
350, 182, -1
350, 124, -1
350, 218, -1
350, 252, -1
350, 166, -1
350, 186, -1
323, 126, -1
323, 176, -1
323, 132, -1
323, 33, -1
323, 184, -1
323, 164, -1
323, 69, -1
323, 190, -1
323, 7, -1
323, 53, -1
323, 202, -1
323, 232, -1
323, 246, -1
323, 17, -1
323, 182, -1
323, 124, -1
323, 218, -1
323, 252, -1
323, 166, -1
323, 186, -1
120, 348, -1
120, 330, -1
120, 12, -1
120, 257, -1
120, 341, -1
120, 286, -1
120, 201, -1
120, 115, -1
120, 279, -1
120, 278, -1
120, 262, -1
120, 221, -1
120, 157, -1
120, 68, -1
120, 231, -1
120, 66, -1
120, 103, -1
120, 269, -1
120, 28, -1
120, 36, -1
120, 101, -1
120, 350, -1
120, 323, -1
320, 126, -1
320, 176, -1
320, 132, -1
320, 33, -1
320, 184, -1
320, 164, -1
320, 69, -1
320, 190, -1
320, 7, -1
320, 53, -1
320, 202, -1
320, 232, -1
320, 246, -1
320, 17, -1
320, 182, -1
320, 124, -1
320, 218, -1
320, 252, -1
320, 166, -1
320, 186, -1
320, 120, -1
204, 348, -1
204, 330, -1
204, 12, -1
204, 257, -1
204, 341, -1
204, 286, -1
204, 201, -1
204, 115, -1
204, 279, -1
204, 278, -1
204, 262, -1
204, 221, -1
204, 157, -1
204, 68, -1
204, 231, -1
204, 66, -1
204, 103, -1
204, 269, -1
204, 28, -1
204, 36, -1
204, 101, -1
204, 350, -1
204, 323, -1
204, 320, -1
345, 126, -1
345, 176, -1
345, 132, -1
345, 33, -1
345, 184, -1
345, 164, -1
345, 69, -1
345, 190, -1
345, 7, -1
345, 53, -1
345, 202, -1
345, 232, -1
345, 246, -1
345, 17, -1
345, 182, -1
345, 124, -1
345, 218, -1
345, 252, -1
345, 166, -1
345, 186, -1
345, 120, -1
345, 204, -1

321, 348, 1
321, 330, 1
321, 12, 1
321, 257, 1
321, 341, 1
321, 286, 1
321, 201, 1
321, 115, 1
321, 279, 1
321, 278, 1
321, 262, 1
321, 221, 1
321, 157, 1
321, 68, 1
321, 231, 1
321, 66, 1
321, 103, 1
321, 269, 1
321, 28, 1
321, 36, 1
321, 101, 1
321, 350, 1
321, 323, 1
321, 320, 1
321, 345, 1
29, 126, 1
29, 176, 1
29, 132, 1
29, 33, 1
29, 184, 1
29, 164, 1
29, 69, 1
29, 190, 1
29, 7, 1
29, 53, 1
29, 202, 1
29, 232, 1
29, 246, 1
29, 17, 1
29, 182, 1
29, 124, 1
29, 218, 1
29, 252, 1
29, 166, 1
29, 186, 1
29, 120, 1
29, 204, 1
49, 126, 1
49, 176, 1
49, 132, 1
49, 33, 1
49, 184, 1
49, 164, 1
49, 69, 1
49, 190, 1
49, 7, 1
49, 53, 1
49, 202, 1
49, 232, 1
49, 246, 1
49, 17, 1
49, 182, 1
49, 124, 1
49, 218, 1
49, 252, 1
49, 166, 1
49, 186, 1
49, 120, 1
49, 204, 1
49, 29, 1
15, 126, 1
15, 176, 1
15, 132, 1
15, 33, 1
15, 184, 1
15, 164, 1
15, 69, 1
15, 190, 1
15, 7, 1
15, 53, 1
15, 202, 1
15, 232, 1
15, 246, 1
15, 17, 1
15, 182, 1
15, 124, 1
15, 218, 1
15, 252, 1
15, 166, 1
15, 186, 1
15, 120, 1
15, 204, 1
15, 29, 1
15, 49, 1
165, 348, 1
165, 330, 1
165, 12, 1
165, 257, 1
165, 341, 1
165, 286, 1
165, 201, 1
165, 115, 1
165, 279, 1
165, 278, 1
165, 262, 1
165, 221, 1
165, 157, 1
165, 68, 1
165, 231, 1
165, 66, 1
165, 103, 1
165, 269, 1
165, 28, 1
165, 36, 1
165, 101, 1
165, 350, 1
165, 323, 1
165, 320, 1
165, 345, 1
165, 321, 1
106, 126, 1
106, 176, 1
106, 132, 1
106, 33, 1
106, 184, 1
106, 164, 1
106, 69, 1
106, 190, 1
106, 7, 1
106, 53, 1
106, 202, 1
106, 232, 1
106, 246, 1
106, 17, 1
106, 182, 1
106, 124, 1
106, 218, 1
106, 252, 1
106, 166, 1
106, 186, 1
106, 120, 1
106, 204, 1
106, 29, 1
106, 49, 1
106, 15, 1
321, 126, -1
321, 176, -1
321, 132, -1
321, 33, -1
321, 184, -1
321, 164, -1
321, 69, -1
321, 190, -1
321, 7, -1
321, 53, -1
321, 202, -1
321, 232, -1
321, 246, -1
321, 17, -1
321, 182, -1
321, 124, -1
321, 218, -1
321, 252, -1
321, 166, -1
321, 186, -1
321, 120, -1
321, 204, -1
29, 348, -1
29, 330, -1
29, 12, -1
29, 257, -1
29, 341, -1
29, 286, -1
29, 201, -1
29, 115, -1
29, 279, -1
29, 278, -1
29, 262, -1
29, 221, -1
29, 157, -1
29, 68, -1
29, 231, -1
29, 66, -1
29, 103, -1
29, 269, -1
29, 28, -1
29, 36, -1
29, 101, -1
29, 350, -1
29, 323, -1
29, 320, -1
29, 345, -1
29, 321, -1
49, 348, -1
49, 330, -1
49, 12, -1
49, 257, -1
49, 341, -1
49, 286, -1
49, 201, -1
49, 115, -1
49, 279, -1
49, 278, -1
49, 262, -1
49, 221, -1
49, 157, -1
49, 68, -1
49, 231, -1
49, 66, -1
49, 103, -1
49, 269, -1
49, 28, -1
49, 36, -1
49, 101, -1
49, 350, -1
49, 323, -1
49, 320, -1
49, 345, -1
49, 321, -1
15, 348, -1
15, 330, -1
15, 12, -1
15, 257, -1
15, 341, -1
15, 286, -1
15, 201, -1
15, 115, -1
15, 279, -1
15, 278, -1
15, 262, -1
15, 221, -1
15, 157, -1
15, 68, -1
15, 231, -1
15, 66, -1
15, 103, -1
15, 269, -1
15, 28, -1
15, 36, -1
15, 101, -1
15, 350, -1
15, 323, -1
15, 320, -1
15, 345, -1
15, 321, -1
165, 126, -1
165, 176, -1
165, 132, -1
165, 33, -1
165, 184, -1
165, 164, -1
165, 69, -1
165, 190, -1
165, 7, -1
165, 53, -1
165, 202, -1
165, 232, -1
165, 246, -1
165, 17, -1
165, 182, -1
165, 124, -1
165, 218, -1
165, 252, -1
165, 166, -1
165, 186, -1
165, 120, -1
165, 204, -1
165, 29, -1
165, 49, -1
165, 15, -1
106, 348, -1
106, 330, -1
106, 12, -1
106, 257, -1
106, 341, -1
106, 286, -1
106, 201, -1
106, 115, -1
106, 279, -1
106, 278, -1
106, 262, -1
106, 221, -1
106, 157, -1
106, 68, -1
106, 231, -1
106, 66, -1
106, 103, -1
106, 269, -1
106, 28, -1
106, 36, -1
106, 101, -1
106, 350, -1
106, 323, -1
106, 320, -1
106, 345, -1
106, 321, -1
106, 165, -1

21, 126, 1
21, 176, 1
21, 132, 1
21, 33, 1
21, 184, 1
21, 164, 1
21, 69, 1
21, 190, 1
21, 7, 1
21, 53, 1
21, 202, 1
21, 232, 1
21, 246, 1
21, 17, 1
21, 182, 1
21, 124, 1
21, 218, 1
21, 252, 1
21, 166, 1
21, 186, 1
21, 120, 1
21, 204, 1
21, 29, 1
21, 49, 1
21, 15, 1
21, 106, 1
292, 348, 1
292, 330, 1
292, 12, 1
292, 257, 1
292, 341, 1
292, 286, 1
292, 201, 1
292, 115, 1
292, 279, 1
292, 278, 1
292, 262, 1
292, 221, 1
292, 157, 1
292, 68, 1
292, 231, 1
292, 66, 1
292, 103, 1
292, 269, 1
292, 28, 1
292, 36, 1
292, 101, 1
292, 350, 1
292, 323, 1
292, 320, 1
292, 345, 1
292, 321, 1
292, 165, 1
32, 348, 1
32, 330, 1
32, 12, 1
32, 257, 1
32, 341, 1
32, 286, 1
32, 201, 1
32, 115, 1
32, 279, 1
32, 278, 1
32, 262, 1
32, 221, 1
32, 157, 1
32, 68, 1
32, 231, 1
32, 66, 1
32, 103, 1
32, 269, 1
32, 28, 1
32, 36, 1
32, 101, 1
32, 350, 1
32, 323, 1
32, 320, 1
32, 345, 1
32, 321, 1
32, 165, 1
32, 292, 1
259, 348, 1
259, 330, 1
259, 12, 1
259, 257, 1
259, 341, 1
259, 286, 1
259, 201, 1
259, 115, 1
259, 279, 1
259, 278, 1
259, 262, 1
259, 221, 1
259, 157, 1
259, 68, 1
259, 231, 1
259, 66, 1
259, 103, 1
259, 269, 1
259, 28, 1
259, 36, 1
259, 101, 1
259, 350, 1
259, 323, 1
259, 320, 1
259, 345, 1
259, 321, 1
259, 165, 1
259, 292, 1
259, 32, 1
87, 126, 1
87, 176, 1
87, 132, 1
87, 33, 1
87, 184, 1
87, 164, 1
87, 69, 1
87, 190, 1
87, 7, 1
87, 53, 1
87, 202, 1
87, 232, 1
87, 246, 1
87, 17, 1
87, 182, 1
87, 124, 1
87, 218, 1
87, 252, 1
87, 166, 1
87, 186, 1
87, 120, 1
87, 204, 1
87, 29, 1
87, 49, 1
87, 15, 1
87, 106, 1
87, 21, 1
22, 348, 1
22, 330, 1
22, 12, 1
22, 257, 1
22, 341, 1
22, 286, 1
22, 201, 1
22, 115, 1
22, 279, 1
22, 278, 1
22, 262, 1
22, 221, 1
22, 157, 1
22, 68, 1
22, 231, 1
22, 66, 1
22, 103, 1
22, 269, 1
22, 28, 1
22, 36, 1
22, 101, 1
22, 350, 1
22, 323, 1
22, 320, 1
22, 345, 1
22, 321, 1
22, 165, 1
22, 292, 1
22, 32, 1
22, 259, 1
239, 348, 1
239, 330, 1
239, 12, 1
239, 257, 1
239, 341, 1
239, 286, 1
239, 201, 1
239, 115, 1
239, 279, 1
239, 278, 1
239, 262, 1
239, 221, 1
239, 157, 1
239, 68, 1
239, 231, 1
239, 66, 1
239, 103, 1
239, 269, 1
239, 28, 1
239, 36, 1
239, 101, 1
239, 350, 1
239, 323, 1
239, 320, 1
239, 345, 1
239, 321, 1
239, 165, 1
239, 292, 1
239, 32, 1
239, 259, 1
239, 22, 1
121, 348, 1
121, 330, 1
121, 12, 1
121, 257, 1
121, 341, 1
121, 286, 1
121, 201, 1
121, 115, 1
121, 279, 1
121, 278, 1
121, 262, 1
121, 221, 1
121, 157, 1
121, 68, 1
121, 231, 1
121, 66, 1
121, 103, 1
121, 269, 1
121, 28, 1
121, 36, 1
121, 101, 1
121, 350, 1
121, 323, 1
121, 320, 1
121, 345, 1
121, 321, 1
121, 165, 1
121, 292, 1
121, 32, 1
121, 259, 1
121, 22, 1
121, 239, 1
21, 348, -1
21, 330, -1
21, 12, -1
21, 257, -1
21, 341, -1
21, 286, -1
21, 201, -1
21, 115, -1
21, 279, -1
21, 278, -1
21, 262, -1
21, 221, -1
21, 157, -1
21, 68, -1
21, 231, -1
21, 66, -1
21, 103, -1
21, 269, -1
21, 28, -1
21, 36, -1
21, 101, -1
21, 350, -1
21, 323, -1
21, 320, -1
21, 345, -1
21, 321, -1
21, 165, -1
292, 126, -1
292, 176, -1
292, 132, -1
292, 33, -1
292, 184, -1
292, 164, -1
292, 69, -1
292, 190, -1
292, 7, -1
292, 53, -1
292, 202, -1
292, 232, -1
292, 246, -1
292, 17, -1
292, 182, -1
292, 124, -1
292, 218, -1
292, 252, -1
292, 166, -1
292, 186, -1
292, 120, -1
292, 204, -1
292, 29, -1
292, 49, -1
292, 15, -1
292, 106, -1
292, 21, -1
32, 126, -1
32, 176, -1
32, 132, -1
32, 33, -1
32, 184, -1
32, 164, -1
32, 69, -1
32, 190, -1
32, 7, -1
32, 53, -1
32, 202, -1
32, 232, -1
32, 246, -1
32, 17, -1
32, 182, -1
32, 124, -1
32, 218, -1
32, 252, -1
32, 166, -1
32, 186, -1
32, 120, -1
32, 204, -1
32, 29, -1
32, 49, -1
32, 15, -1
32, 106, -1
32, 21, -1
259, 126, -1
259, 176, -1
259, 132, -1
259, 33, -1
259, 184, -1
259, 164, -1
259, 69, -1
259, 190, -1
259, 7, -1
259, 53, -1
259, 202, -1
259, 232, -1
259, 246, -1
259, 17, -1
259, 182, -1
259, 124, -1
259, 218, -1
259, 252, -1
259, 166, -1
259, 186, -1
259, 120, -1
259, 204, -1
259, 29, -1
259, 49, -1
259, 15, -1
259, 106, -1
259, 21, -1
87, 348, -1
87, 330, -1
87, 12, -1
87, 257, -1
87, 341, -1
87, 286, -1
87, 201, -1
87, 115, -1
87, 279, -1
87, 278, -1
87, 262, -1
87, 221, -1
87, 157, -1
87, 68, -1
87, 231, -1
87, 66, -1
87, 103, -1
87, 269, -1
87, 28, -1
87, 36, -1
87, 101, -1
87, 350, -1
87, 323, -1
87, 320, -1
87, 345, -1
87, 321, -1
87, 165, -1
87, 292, -1
87, 32, -1
87, 259, -1
22, 126, -1
22, 176, -1
22, 132, -1
22, 33, -1
22, 184, -1
22, 164, -1
22, 69, -1
22, 190, -1
22, 7, -1
22, 53, -1
22, 202, -1
22, 232, -1
22, 246, -1
22, 17, -1
22, 182, -1
22, 124, -1
22, 218, -1
22, 252, -1
22, 166, -1
22, 186, -1
22, 120, -1
22, 204, -1
22, 29, -1
22, 49, -1
22, 15, -1
22, 106, -1
22, 21, -1
22, 87, -1
239, 126, -1
239, 176, -1
239, 132, -1
239, 33, -1
239, 184, -1
239, 164, -1
239, 69, -1
239, 190, -1
239, 7, -1
239, 53, -1
239, 202, -1
239, 232, -1
239, 246, -1
239, 17, -1
239, 182, -1
239, 124, -1
239, 218, -1
239, 252, -1
239, 166, -1
239, 186, -1
239, 120, -1
239, 204, -1
239, 29, -1
239, 49, -1
239, 15, -1
239, 106, -1
239, 21, -1
239, 87, -1
121, 126, -1
121, 176, -1
121, 132, -1
121, 33, -1
121, 184, -1
121, 164, -1
121, 69, -1
121, 190, -1
121, 7, -1
121, 53, -1
121, 202, -1
121, 232, -1
121, 246, -1
121, 17, -1
121, 182, -1
121, 124, -1
121, 218, -1
121, 252, -1
121, 166, -1
121, 186, -1
121, 120, -1
121, 204, -1
121, 29, -1
121, 49, -1
121, 15, -1
121, 106, -1
121, 21, -1
121, 87, -1

129, 348, 1
129, 330, 1
129, 12, 1
129, 257, 1
129, 341, 1
129, 286, 1
129, 201, 1
129, 115, 1
129, 279, 1
129, 278, 1
129, 262, 1
129, 221, 1
129, 157, 1
129, 68, 1
129, 231, 1
129, 66, 1
129, 103, 1
129, 269, 1
129, 28, 1
129, 36, 1
129, 101, 1
129, 350, 1
129, 323, 1
129, 320, 1
129, 345, 1
129, 321, 1
129, 165, 1
129, 292, 1
129, 32, 1
129, 259, 1
129, 22, 1
129, 239, 1
129, 121, 1
332, 348, 1
332, 330, 1
332, 12, 1
332, 257, 1
332, 341, 1
332, 286, 1
332, 201, 1
332, 115, 1
332, 279, 1
332, 278, 1
332, 262, 1
332, 221, 1
332, 157, 1
332, 68, 1
332, 231, 1
332, 66, 1
332, 103, 1
332, 269, 1
332, 28, 1
332, 36, 1
332, 101, 1
332, 350, 1
332, 323, 1
332, 320, 1
332, 345, 1
332, 321, 1
332, 165, 1
332, 292, 1
332, 32, 1
332, 259, 1
332, 22, 1
332, 239, 1
332, 121, 1
332, 129, 1
152, 126, 1
152, 176, 1
152, 132, 1
152, 33, 1
152, 184, 1
152, 164, 1
152, 69, 1
152, 190, 1
152, 7, 1
152, 53, 1
152, 202, 1
152, 232, 1
152, 246, 1
152, 17, 1
152, 182, 1
152, 124, 1
152, 218, 1
152, 252, 1
152, 166, 1
152, 186, 1
152, 120, 1
152, 204, 1
152, 29, 1
152, 49, 1
152, 15, 1
152, 106, 1
152, 21, 1
152, 87, 1
346, 348, 1
346, 330, 1
346, 12, 1
346, 257, 1
346, 341, 1
346, 286, 1
346, 201, 1
346, 115, 1
346, 279, 1
346, 278, 1
346, 262, 1
346, 221, 1
346, 157, 1
346, 68, 1
346, 231, 1
346, 66, 1
346, 103, 1
346, 269, 1
346, 28, 1
346, 36, 1
346, 101, 1
346, 350, 1
346, 323, 1
346, 320, 1
346, 345, 1
346, 321, 1
346, 165, 1
346, 292, 1
346, 32, 1
346, 259, 1
346, 22, 1
346, 239, 1
346, 121, 1
346, 129, 1
346, 332, 1
118, 126, 1
118, 176, 1
118, 132, 1
118, 33, 1
118, 184, 1
118, 164, 1
118, 69, 1
118, 190, 1
118, 7, 1
118, 53, 1
118, 202, 1
118, 232, 1
118, 246, 1
118, 17, 1
118, 182, 1
118, 124, 1
118, 218, 1
118, 252, 1
118, 166, 1
118, 186, 1
118, 120, 1
118, 204, 1
118, 29, 1
118, 49, 1
118, 15, 1
118, 106, 1
118, 21, 1
118, 87, 1
118, 152, 1
199, 348, 1
199, 330, 1
199, 12, 1
199, 257, 1
199, 341, 1
199, 286, 1
199, 201, 1
199, 115, 1
199, 279, 1
199, 278, 1
199, 262, 1
199, 221, 1
199, 157, 1
199, 68, 1
199, 231, 1
199, 66, 1
199, 103, 1
199, 269, 1
199, 28, 1
199, 36, 1
199, 101, 1
199, 350, 1
199, 323, 1
199, 320, 1
199, 345, 1
199, 321, 1
199, 165, 1
199, 292, 1
199, 32, 1
199, 259, 1
199, 22, 1
199, 239, 1
199, 121, 1
199, 129, 1
199, 332, 1
199, 346, 1
63, 126, 1
63, 176, 1
63, 132, 1
63, 33, 1
63, 184, 1
63, 164, 1
63, 69, 1
63, 190, 1
63, 7, 1
63, 53, 1
63, 202, 1
63, 232, 1
63, 246, 1
63, 17, 1
63, 182, 1
63, 124, 1
63, 218, 1
63, 252, 1
63, 166, 1
63, 186, 1
63, 120, 1
63, 204, 1
63, 29, 1
63, 49, 1
63, 15, 1
63, 106, 1
63, 21, 1
63, 87, 1
63, 152, 1
63, 118, 1
129, 126, -1
129, 176, -1
129, 132, -1
129, 33, -1
129, 184, -1
129, 164, -1
129, 69, -1
129, 190, -1
129, 7, -1
129, 53, -1
129, 202, -1
129, 232, -1
129, 246, -1
129, 17, -1
129, 182, -1
129, 124, -1
129, 218, -1
129, 252, -1
129, 166, -1
129, 186, -1
129, 120, -1
129, 204, -1
129, 29, -1
129, 49, -1
129, 15, -1
129, 106, -1
129, 21, -1
129, 87, -1
332, 126, -1
332, 176, -1
332, 132, -1
332, 33, -1
332, 184, -1
332, 164, -1
332, 69, -1
332, 190, -1
332, 7, -1
332, 53, -1
332, 202, -1
332, 232, -1
332, 246, -1
332, 17, -1
332, 182, -1
332, 124, -1
332, 218, -1
332, 252, -1
332, 166, -1
332, 186, -1
332, 120, -1
332, 204, -1
332, 29, -1
332, 49, -1
332, 15, -1
332, 106, -1
332, 21, -1
332, 87, -1
152, 348, -1
152, 330, -1
152, 12, -1
152, 257, -1
152, 341, -1
152, 286, -1
152, 201, -1
152, 115, -1
152, 279, -1
152, 278, -1
152, 262, -1
152, 221, -1
152, 157, -1
152, 68, -1
152, 231, -1
152, 66, -1
152, 103, -1
152, 269, -1
152, 28, -1
152, 36, -1
152, 101, -1
152, 350, -1
152, 323, -1
152, 320, -1
152, 345, -1
152, 321, -1
152, 165, -1
152, 292, -1
152, 32, -1
152, 259, -1
152, 22, -1
152, 239, -1
152, 121, -1
152, 129, -1
152, 332, -1
346, 126, -1
346, 176, -1
346, 132, -1
346, 33, -1
346, 184, -1
346, 164, -1
346, 69, -1
346, 190, -1
346, 7, -1
346, 53, -1
346, 202, -1
346, 232, -1
346, 246, -1
346, 17, -1
346, 182, -1
346, 124, -1
346, 218, -1
346, 252, -1
346, 166, -1
346, 186, -1
346, 120, -1
346, 204, -1
346, 29, -1
346, 49, -1
346, 15, -1
346, 106, -1
346, 21, -1
346, 87, -1
346, 152, -1
118, 348, -1
118, 330, -1
118, 12, -1
118, 257, -1
118, 341, -1
118, 286, -1
118, 201, -1
118, 115, -1
118, 279, -1
118, 278, -1
118, 262, -1
118, 221, -1
118, 157, -1
118, 68, -1
118, 231, -1
118, 66, -1
118, 103, -1
118, 269, -1
118, 28, -1
118, 36, -1
118, 101, -1
118, 350, -1
118, 323, -1
118, 320, -1
118, 345, -1
118, 321, -1
118, 165, -1
118, 292, -1
118, 32, -1
118, 259, -1
118, 22, -1
118, 239, -1
118, 121, -1
118, 129, -1
118, 332, -1
118, 346, -1
199, 126, -1
199, 176, -1
199, 132, -1
199, 33, -1
199, 184, -1
199, 164, -1
199, 69, -1
199, 190, -1
199, 7, -1
199, 53, -1
199, 202, -1
199, 232, -1
199, 246, -1
199, 17, -1
199, 182, -1
199, 124, -1
199, 218, -1
199, 252, -1
199, 166, -1
199, 186, -1
199, 120, -1
199, 204, -1
199, 29, -1
199, 49, -1
199, 15, -1
199, 106, -1
199, 21, -1
199, 87, -1
199, 152, -1
199, 118, -1
63, 348, -1
63, 330, -1
63, 12, -1
63, 257, -1
63, 341, -1
63, 286, -1
63, 201, -1
63, 115, -1
63, 279, -1
63, 278, -1
63, 262, -1
63, 221, -1
63, 157, -1
63, 68, -1
63, 231, -1
63, 66, -1
63, 103, -1
63, 269, -1
63, 28, -1
63, 36, -1
63, 101, -1
63, 350, -1
63, 323, -1
63, 320, -1
63, 345, -1
63, 321, -1
63, 165, -1
63, 292, -1
63, 32, -1
63, 259, -1
63, 22, -1
63, 239, -1
63, 121, -1
63, 129, -1
63, 332, -1
63, 346, -1
63, 199, -1

