54, 382, 1
490, 348, 1
218, 348, 1
218, 490, 1
52, 348, 1
52, 490, 1
52, 218, 1
348, 382, -1
54, 348, -1
490, 382, -1
490, 54, -1
218, 382, -1
218, 54, -1
52, 382, -1
52, 54, -1
21, 382, -1
21, 54, -1
21, 348, -1
21, 490, -1
21, 218, -1
21, 52, -1

98, 348, 1
98, 490, 1
98, 218, 1
98, 52, 1
98, 312, 1
29, 382, 1
29, 54, 1
29, 207, 1
446, 382, 1
446, 54, 1
446, 207, 1
446, 29, 1
98, 382, -1
98, 54, -1
98, 207, -1
98, 21, -1
29, 348, -1
29, 490, -1
29, 218, -1
29, 52, -1
29, 312, -1
29, 98, -1
29, 21, -1
446, 348, -1
446, 490, -1
446, 218, -1
446, 52, -1
446, 312, -1
446, 98, -1
446, 21, -1

142, 348, 1
142, 490, 1
142, 218, 1
142, 52, 1
142, 312, 1
142, 98, 1
142, 295, 1
427, 382, 1
427, 54, 1
427, 207, 1
427, 29, 1
427, 446, 1
427, 76, 1
204, 382, 1
204, 54, 1
204, 207, 1
204, 29, 1
204, 446, 1
204, 76, 1
204, 427, 1
142, 382, -1
142, 54, -1
142, 207, -1
142, 29, -1
142, 446, -1
142, 76, -1
142, 21, -1
427, 348, -1
427, 490, -1
427, 218, -1
427, 52, -1
427, 312, -1
427, 98, -1
427, 295, -1
427, 142, -1
427, 21, -1
204, 348, -1
204, 490, -1
204, 218, -1
204, 52, -1
204, 312, -1
204, 98, -1
204, 295, -1
204, 142, -1
204, 21, -1

246, 382, 1
246, 54, 1
246, 207, 1
246, 29, 1
246, 446, 1
246, 76, 1
246, 427, 1
246, 204, 1
246, 241, 1
493, 348, 1
493, 490, 1
493, 218, 1
493, 52, 1
493, 312, 1
493, 98, 1
493, 295, 1
493, 142, 1
493, 94, 1
413, 382, 1
413, 54, 1
413, 207, 1
413, 29, 1
413, 446, 1
413, 76, 1
413, 427, 1
413, 204, 1
413, 241, 1
413, 246, 1
246, 348, -1
246, 490, -1
246, 218, -1
246, 52, -1
246, 312, -1
246, 98, -1
246, 295, -1
246, 142, -1
246, 94, -1
246, 21, -1
493, 382, -1
493, 54, -1
493, 207, -1
493, 29, -1
493, 446, -1
493, 76, -1
493, 427, -1
493, 204, -1
493, 241, -1
493, 246, -1
493, 21, -1
413, 348, -1
413, 490, -1
413, 218, -1
413, 52, -1
413, 312, -1
413, 98, -1
413, 295, -1
413, 142, -1
413, 94, -1
413, 493, -1
413, 21, -1

345, 348, 1
345, 490, 1
345, 218, 1
345, 52, 1
345, 312, 1
345, 98, 1
345, 295, 1
345, 142, 1
345, 94, 1
345, 493, 1
345, 120, 1
112, 382, 1
112, 54, 1
112, 207, 1
112, 29, 1
112, 446, 1
112, 76, 1
112, 427, 1
112, 204, 1
112, 241, 1
112, 246, 1
112, 413, 1
112, 257, 1
227, 21, 1
345, 382, -1
345, 54, -1
345, 207, -1
345, 29, -1
345, 446, -1
345, 76, -1
345, 427, -1
345, 204, -1
345, 241, -1
345, 246, -1
345, 413, -1
345, 257, -1
345, 21, -1
112, 348, -1
112, 490, -1
112, 218, -1
112, 52, -1
112, 312, -1
112, 98, -1
112, 295, -1
112, 142, -1
112, 94, -1
112, 493, -1
112, 120, -1
112, 345, -1
112, 21, -1
227, 382, -1
227, 54, -1
227, 207, -1
227, 29, -1
227, 446, -1
227, 76, -1
227, 427, -1
227, 204, -1
227, 241, -1
227, 246, -1
227, 413, -1
227, 257, -1
227, 112, -1
227, 348, -1
227, 490, -1
227, 218, -1
227, 52, -1
227, 312, -1
227, 98, -1
227, 295, -1
227, 142, -1
227, 94, -1
227, 493, -1
227, 120, -1
227, 345, -1

492, 382, 1
492, 54, 1
492, 207, 1
492, 29, 1
492, 446, 1
492, 76, 1
492, 427, 1
492, 204, 1
492, 241, 1
492, 246, 1
492, 413, 1
492, 257, 1
492, 112, 1
492, 137, 1
13, 348, 1
13, 490, 1
13, 218, 1
13, 52, 1
13, 312, 1
13, 98, 1
13, 295, 1
13, 142, 1
13, 94, 1
13, 493, 1
13, 120, 1
13, 345, 1
13, 96, 1
398, 382, 1
398, 54, 1
398, 207, 1
398, 29, 1
398, 446, 1
398, 76, 1
398, 427, 1
398, 204, 1
398, 241, 1
398, 246, 1
398, 413, 1
398, 257, 1
398, 112, 1
398, 137, 1
398, 492, 1
492, 348, -1
492, 490, -1
492, 218, -1
492, 52, -1
492, 312, -1
492, 98, -1
492, 295, -1
492, 142, -1
492, 94, -1
492, 493, -1
492, 120, -1
492, 345, -1
492, 96, -1
492, 21, -1
492, 227, -1
13, 382, -1
13, 54, -1
13, 207, -1
13, 29, -1
13, 446, -1
13, 76, -1
13, 427, -1
13, 204, -1
13, 241, -1
13, 246, -1
13, 413, -1
13, 257, -1
13, 112, -1
13, 137, -1
13, 492, -1
13, 21, -1
13, 227, -1
398, 348, -1
398, 490, -1
398, 218, -1
398, 52, -1
398, 312, -1
398, 98, -1
398, 295, -1
398, 142, -1
398, 94, -1
398, 493, -1
398, 120, -1
398, 345, -1
398, 96, -1
398, 13, -1
398, 21, -1
398, 227, -1

499, 382, 1
499, 54, 1
499, 207, 1
499, 29, 1
499, 446, 1
499, 76, 1
499, 427, 1
499, 204, 1
499, 241, 1
499, 246, 1
499, 413, 1
499, 257, 1
499, 112, 1
499, 137, 1
499, 492, 1
499, 398, 1
499, 20, 1
7, 21, 1
7, 227, 1
43, 348, 1
43, 490, 1
43, 218, 1
43, 52, 1
43, 312, 1
43, 98, 1
43, 295, 1
43, 142, 1
43, 94, 1
43, 493, 1
43, 120, 1
43, 345, 1
43, 96, 1
43, 13, 1
43, 238, 1
499, 348, -1
499, 490, -1
499, 218, -1
499, 52, -1
499, 312, -1
499, 98, -1
499, 295, -1
499, 142, -1
499, 94, -1
499, 493, -1
499, 120, -1
499, 345, -1
499, 96, -1
499, 13, -1
499, 238, -1
499, 21, -1
499, 227, -1
7, 382, -1
7, 54, -1
7, 207, -1
7, 29, -1
7, 446, -1
7, 76, -1
7, 427, -1
7, 204, -1
7, 241, -1
7, 246, -1
7, 413, -1
7, 257, -1
7, 112, -1
7, 137, -1
7, 492, -1
7, 398, -1
7, 20, -1
7, 499, -1
7, 348, -1
7, 490, -1
7, 218, -1
7, 52, -1
7, 312, -1
7, 98, -1
7, 295, -1
7, 142, -1
7, 94, -1
7, 493, -1
7, 120, -1
7, 345, -1
7, 96, -1
7, 13, -1
7, 238, -1
43, 382, -1
43, 54, -1
43, 207, -1
43, 29, -1
43, 446, -1
43, 76, -1
43, 427, -1
43, 204, -1
43, 241, -1
43, 246, -1
43, 413, -1
43, 257, -1
43, 112, -1
43, 137, -1
43, 492, -1
43, 398, -1
43, 20, -1
43, 499, -1
43, 21, -1
43, 227, -1
43, 7, -1

461, 382, 1
461, 54, 1
461, 207, 1
461, 29, 1
461, 446, 1
461, 76, 1
461, 427, 1
461, 204, 1
461, 241, 1
461, 246, 1
461, 413, 1
461, 257, 1
461, 112, 1
461, 137, 1
461, 492, 1
461, 398, 1
461, 20, 1
461, 499, 1
461, 373, 1
231, 348, 1
231, 490, 1
231, 218, 1
231, 52, 1
231, 312, 1
231, 98, 1
231, 295, 1
231, 142, 1
231, 94, 1
231, 493, 1
231, 120, 1
231, 345, 1
231, 96, 1
231, 13, 1
231, 238, 1
231, 43, 1
231, 298, 1
117, 21, 1
117, 227, 1
117, 7, 1
461, 348, -1
461, 490, -1
461, 218, -1
461, 52, -1
461, 312, -1
461, 98, -1
461, 295, -1
461, 142, -1
461, 94, -1
461, 493, -1
461, 120, -1
461, 345, -1
461, 96, -1
461, 13, -1
461, 238, -1
461, 43, -1
461, 298, -1
461, 21, -1
461, 227, -1
461, 7, -1
231, 382, -1
231, 54, -1
231, 207, -1
231, 29, -1
231, 446, -1
231, 76, -1
231, 427, -1
231, 204, -1
231, 241, -1
231, 246, -1
231, 413, -1
231, 257, -1
231, 112, -1
231, 137, -1
231, 492, -1
231, 398, -1
231, 20, -1
231, 499, -1
231, 373, -1
231, 461, -1
231, 21, -1
231, 227, -1
231, 7, -1
117, 382, -1
117, 54, -1
117, 207, -1
117, 29, -1
117, 446, -1
117, 76, -1
117, 427, -1
117, 204, -1
117, 241, -1
117, 246, -1
117, 413, -1
117, 257, -1
117, 112, -1
117, 137, -1
117, 492, -1
117, 398, -1
117, 20, -1
117, 499, -1
117, 373, -1
117, 461, -1
117, 348, -1
117, 490, -1
117, 218, -1
117, 52, -1
117, 312, -1
117, 98, -1
117, 295, -1
117, 142, -1
117, 94, -1
117, 493, -1
117, 120, -1
117, 345, -1
117, 96, -1
117, 13, -1
117, 238, -1
117, 43, -1
117, 298, -1
117, 231, -1

496, 382, 1
496, 54, 1
496, 207, 1
496, 29, 1
496, 446, 1
496, 76, 1
496, 427, 1
496, 204, 1
496, 241, 1
496, 246, 1
496, 413, 1
496, 257, 1
496, 112, 1
496, 137, 1
496, 492, 1
496, 398, 1
496, 20, 1
496, 499, 1
496, 373, 1
496, 461, 1
496, 305, 1
254, 348, 1
254, 490, 1
254, 218, 1
254, 52, 1
254, 312, 1
254, 98, 1
254, 295, 1
254, 142, 1
254, 94, 1
254, 493, 1
254, 120, 1
254, 345, 1
254, 96, 1
254, 13, 1
254, 238, 1
254, 43, 1
254, 298, 1
254, 231, 1
254, 196, 1
442, 21, 1
442, 227, 1
442, 7, 1
442, 117, 1
496, 348, -1
496, 490, -1
496, 218, -1
496, 52, -1
496, 312, -1
496, 98, -1
496, 295, -1
496, 142, -1
496, 94, -1
496, 493, -1
496, 120, -1
496, 345, -1
496, 96, -1
496, 13, -1
496, 238, -1
496, 43, -1
496, 298, -1
496, 231, -1
496, 196, -1
496, 21, -1
496, 227, -1
496, 7, -1
496, 117, -1
254, 382, -1
254, 54, -1
254, 207, -1
254, 29, -1
254, 446, -1
254, 76, -1
254, 427, -1
254, 204, -1
254, 241, -1
254, 246, -1
254, 413, -1
254, 257, -1
254, 112, -1
254, 137, -1
254, 492, -1
254, 398, -1
254, 20, -1
254, 499, -1
254, 373, -1
254, 461, -1
254, 305, -1
254, 496, -1
254, 21, -1
254, 227, -1
254, 7, -1
254, 117, -1
442, 382, -1
442, 54, -1
442, 207, -1
442, 29, -1
442, 446, -1
442, 76, -1
442, 427, -1
442, 204, -1
442, 241, -1
442, 246, -1
442, 413, -1
442, 257, -1
442, 112, -1
442, 137, -1
442, 492, -1
442, 398, -1
442, 20, -1
442, 499, -1
442, 373, -1
442, 461, -1
442, 305, -1
442, 496, -1
442, 348, -1
442, 490, -1
442, 218, -1
442, 52, -1
442, 312, -1
442, 98, -1
442, 295, -1
442, 142, -1
442, 94, -1
442, 493, -1
442, 120, -1
442, 345, -1
442, 96, -1
442, 13, -1
442, 238, -1
442, 43, -1
442, 298, -1
442, 231, -1
442, 196, -1
442, 254, -1

491, 382, 1
491, 54, 1
491, 207, 1
491, 29, 1
491, 446, 1
491, 76, 1
491, 427, 1
491, 204, 1
491, 241, 1
491, 246, 1
491, 413, 1
491, 257, 1
491, 112, 1
491, 137, 1
491, 492, 1
491, 398, 1
491, 20, 1
491, 499, 1
491, 373, 1
491, 461, 1
491, 305, 1
491, 496, 1
491, 358, 1
484, 348, 1
484, 490, 1
484, 218, 1
484, 52, 1
484, 312, 1
484, 98, 1
484, 295, 1
484, 142, 1
484, 94, 1
484, 493, 1
484, 120, 1
484, 345, 1
484, 96, 1
484, 13, 1
484, 238, 1
484, 43, 1
484, 298, 1
484, 231, 1
484, 196, 1
484, 254, 1
484, 192, 1
186, 21, 1
186, 227, 1
186, 7, 1
186, 117, 1
186, 442, 1
491, 348, -1
491, 490, -1
491, 218, -1
491, 52, -1
491, 312, -1
491, 98, -1
491, 295, -1
491, 142, -1
491, 94, -1
491, 493, -1
491, 120, -1
491, 345, -1
491, 96, -1
491, 13, -1
491, 238, -1
491, 43, -1
491, 298, -1
491, 231, -1
491, 196, -1
491, 254, -1
491, 192, -1
491, 21, -1
491, 227, -1
491, 7, -1
491, 117, -1
491, 442, -1
484, 382, -1
484, 54, -1
484, 207, -1
484, 29, -1
484, 446, -1
484, 76, -1
484, 427, -1
484, 204, -1
484, 241, -1
484, 246, -1
484, 413, -1
484, 257, -1
484, 112, -1
484, 137, -1
484, 492, -1
484, 398, -1
484, 20, -1
484, 499, -1
484, 373, -1
484, 461, -1
484, 305, -1
484, 496, -1
484, 358, -1
484, 491, -1
484, 21, -1
484, 227, -1
484, 7, -1
484, 117, -1
484, 442, -1
186, 382, -1
186, 54, -1
186, 207, -1
186, 29, -1
186, 446, -1
186, 76, -1
186, 427, -1
186, 204, -1
186, 241, -1
186, 246, -1
186, 413, -1
186, 257, -1
186, 112, -1
186, 137, -1
186, 492, -1
186, 398, -1
186, 20, -1
186, 499, -1
186, 373, -1
186, 461, -1
186, 305, -1
186, 496, -1
186, 358, -1
186, 491, -1
186, 348, -1
186, 490, -1
186, 218, -1
186, 52, -1
186, 312, -1
186, 98, -1
186, 295, -1
186, 142, -1
186, 94, -1
186, 493, -1
186, 120, -1
186, 345, -1
186, 96, -1
186, 13, -1
186, 238, -1
186, 43, -1
186, 298, -1
186, 231, -1
186, 196, -1
186, 254, -1
186, 192, -1
186, 484, -1

