176, 126, 1
33, 126, 1
33, 176, 1
137, 348, 1
286, 348, 1
286, 137, 1
123, 348, 1
123, 137, 1
123, 286, 1
323, 348, 1
323, 137, 1
323, 286, 1
323, 123, 1
18, 348, 1
18, 137, 1
18, 286, 1
18, 123, 1
18, 323, 1
126, 348, -1
176, 348, -1
33, 348, -1
137, 126, -1
137, 176, -1
137, 33, -1
286, 126, -1
286, 176, -1
286, 33, -1
123, 126, -1
123, 176, -1
123, 33, -1
323, 126, -1
323, 176, -1
323, 33, -1
18, 126, -1
18, 176, -1
18, 33, -1

51, 126, 1
51, 176, 1
51, 33, 1
4, 348, 1
4, 137, 1
4, 286, 1
4, 123, 1
4, 323, 1
4, 18, 1
51, 348, -1
51, 137, -1
51, 286, -1
51, 123, -1
51, 323, -1
51, 18, -1
4, 126, -1
4, 176, -1
4, 33, -1
4, 51, -1

78, 348, 1
78, 137, 1
78, 286, 1
78, 123, 1
78, 323, 1
78, 18, 1
78, 4, 1
115, 348, 1
115, 137, 1
115, 286, 1
115, 123, 1
115, 323, 1
115, 18, 1
115, 4, 1
115, 78, 1
134, 126, 1
134, 176, 1
134, 33, 1
134, 51, 1
78, 126, -1
78, 176, -1
78, 33, -1
78, 51, -1
115, 126, -1
115, 176, -1
115, 33, -1
115, 51, -1
134, 348, -1
134, 137, -1
134, 286, -1
134, 123, -1
134, 323, -1
134, 18, -1
134, 4, -1
134, 78, -1
134, 115, -1

142, 126, 1
142, 176, 1
142, 33, 1
142, 51, 1
142, 134, 1
120, 126, 1
120, 176, 1
120, 33, 1
120, 51, 1
120, 134, 1
120, 142, 1
183, 348, 1
183, 137, 1
183, 286, 1
183, 123, 1
183, 323, 1
183, 18, 1
183, 4, 1
183, 78, 1
183, 115, 1
142, 348, -1
142, 137, -1
142, 286, -1
142, 123, -1
142, 323, -1
142, 18, -1
142, 4, -1
142, 78, -1
142, 115, -1
120, 348, -1
120, 137, -1
120, 286, -1
120, 123, -1
120, 323, -1
120, 18, -1
120, 4, -1
120, 78, -1
120, 115, -1
183, 126, -1
183, 176, -1
183, 33, -1
183, 51, -1
183, 134, -1
183, 142, -1
183, 120, -1

264, 348, 1
264, 137, 1
264, 286, 1
264, 123, 1
264, 323, 1
264, 18, 1
264, 4, 1
264, 78, 1
264, 115, 1
264, 183, 1
250, 126, 1
250, 176, 1
250, 33, 1
250, 51, 1
250, 134, 1
250, 142, 1
250, 120, 1
132, 126, 1
132, 176, 1
132, 33, 1
132, 51, 1
132, 134, 1
132, 142, 1
132, 120, 1
132, 250, 1
273, 348, 1
273, 137, 1
273, 286, 1
273, 123, 1
273, 323, 1
273, 18, 1
273, 4, 1
273, 78, 1
273, 115, 1
273, 183, 1
273, 264, 1
264, 126, -1
264, 176, -1
264, 33, -1
264, 51, -1
264, 134, -1
264, 142, -1
264, 120, -1
250, 348, -1
250, 137, -1
250, 286, -1
250, 123, -1
250, 323, -1
250, 18, -1
250, 4, -1
250, 78, -1
250, 115, -1
250, 183, -1
250, 264, -1
132, 348, -1
132, 137, -1
132, 286, -1
132, 123, -1
132, 323, -1
132, 18, -1
132, 4, -1
132, 78, -1
132, 115, -1
132, 183, -1
132, 264, -1
273, 126, -1
273, 176, -1
273, 33, -1
273, 51, -1
273, 134, -1
273, 142, -1
273, 120, -1
273, 250, -1
273, 132, -1

93, 126, 1
93, 176, 1
93, 33, 1
93, 51, 1
93, 134, 1
93, 142, 1
93, 120, 1
93, 250, 1
93, 132, 1
209, 348, 1
209, 137, 1
209, 286, 1
209, 123, 1
209, 323, 1
209, 18, 1
209, 4, 1
209, 78, 1
209, 115, 1
209, 183, 1
209, 264, 1
209, 273, 1
42, 348, 1
42, 137, 1
42, 286, 1
42, 123, 1
42, 323, 1
42, 18, 1
42, 4, 1
42, 78, 1
42, 115, 1
42, 183, 1
42, 264, 1
42, 273, 1
42, 209, 1
93, 348, -1
93, 137, -1
93, 286, -1
93, 123, -1
93, 323, -1
93, 18, -1
93, 4, -1
93, 78, -1
93, 115, -1
93, 183, -1
93, 264, -1
93, 273, -1
209, 126, -1
209, 176, -1
209, 33, -1
209, 51, -1
209, 134, -1
209, 142, -1
209, 120, -1
209, 250, -1
209, 132, -1
209, 93, -1
42, 126, -1
42, 176, -1
42, 33, -1
42, 51, -1
42, 134, -1
42, 142, -1
42, 120, -1
42, 250, -1
42, 132, -1
42, 93, -1

79, 126, 1
79, 176, 1
79, 33, 1
79, 51, 1
79, 134, 1
79, 142, 1
79, 120, 1
79, 250, 1
79, 132, 1
79, 93, 1
340, 348, 1
340, 137, 1
340, 286, 1
340, 123, 1
340, 323, 1
340, 18, 1
340, 4, 1
340, 78, 1
340, 115, 1
340, 183, 1
340, 264, 1
340, 273, 1
340, 209, 1
340, 42, 1
177, 348, 1
177, 137, 1
177, 286, 1
177, 123, 1
177, 323, 1
177, 18, 1
177, 4, 1
177, 78, 1
177, 115, 1
177, 183, 1
177, 264, 1
177, 273, 1
177, 209, 1
177, 42, 1
177, 340, 1
109, 348, 1
109, 137, 1
109, 286, 1
109, 123, 1
109, 323, 1
109, 18, 1
109, 4, 1
109, 78, 1
109, 115, 1
109, 183, 1
109, 264, 1
109, 273, 1
109, 209, 1
109, 42, 1
109, 340, 1
109, 177, 1
79, 348, -1
79, 137, -1
79, 286, -1
79, 123, -1
79, 323, -1
79, 18, -1
79, 4, -1
79, 78, -1
79, 115, -1
79, 183, -1
79, 264, -1
79, 273, -1
79, 209, -1
79, 42, -1
340, 126, -1
340, 176, -1
340, 33, -1
340, 51, -1
340, 134, -1
340, 142, -1
340, 120, -1
340, 250, -1
340, 132, -1
340, 93, -1
340, 79, -1
177, 126, -1
177, 176, -1
177, 33, -1
177, 51, -1
177, 134, -1
177, 142, -1
177, 120, -1
177, 250, -1
177, 132, -1
177, 93, -1
177, 79, -1
109, 126, -1
109, 176, -1
109, 33, -1
109, 51, -1
109, 134, -1
109, 142, -1
109, 120, -1
109, 250, -1
109, 132, -1
109, 93, -1
109, 79, -1

19, 126, 1
19, 176, 1
19, 33, 1
19, 51, 1
19, 134, 1
19, 142, 1
19, 120, 1
19, 250, 1
19, 132, 1
19, 93, 1
19, 79, 1
184, 126, 1
184, 176, 1
184, 33, 1
184, 51, 1
184, 134, 1
184, 142, 1
184, 120, 1
184, 250, 1
184, 132, 1
184, 93, 1
184, 79, 1
184, 19, 1
328, 348, 1
328, 137, 1
328, 286, 1
328, 123, 1
328, 323, 1
328, 18, 1
328, 4, 1
328, 78, 1
328, 115, 1
328, 183, 1
328, 264, 1
328, 273, 1
328, 209, 1
328, 42, 1
328, 340, 1
328, 177, 1
328, 109, 1
199, 348, 1
199, 137, 1
199, 286, 1
199, 123, 1
199, 323, 1
199, 18, 1
199, 4, 1
199, 78, 1
199, 115, 1
199, 183, 1
199, 264, 1
199, 273, 1
199, 209, 1
199, 42, 1
199, 340, 1
199, 177, 1
199, 109, 1
199, 328, 1
19, 348, -1
19, 137, -1
19, 286, -1
19, 123, -1
19, 323, -1
19, 18, -1
19, 4, -1
19, 78, -1
19, 115, -1
19, 183, -1
19, 264, -1
19, 273, -1
19, 209, -1
19, 42, -1
19, 340, -1
19, 177, -1
19, 109, -1
184, 348, -1
184, 137, -1
184, 286, -1
184, 123, -1
184, 323, -1
184, 18, -1
184, 4, -1
184, 78, -1
184, 115, -1
184, 183, -1
184, 264, -1
184, 273, -1
184, 209, -1
184, 42, -1
184, 340, -1
184, 177, -1
184, 109, -1
328, 126, -1
328, 176, -1
328, 33, -1
328, 51, -1
328, 134, -1
328, 142, -1
328, 120, -1
328, 250, -1
328, 132, -1
328, 93, -1
328, 79, -1
328, 19, -1
328, 184, -1
199, 126, -1
199, 176, -1
199, 33, -1
199, 51, -1
199, 134, -1
199, 142, -1
199, 120, -1
199, 250, -1
199, 132, -1
199, 93, -1
199, 79, -1
199, 19, -1
199, 184, -1

206, 126, 1
206, 176, 1
206, 33, 1
206, 51, 1
206, 134, 1
206, 142, 1
206, 120, 1
206, 250, 1
206, 132, 1
206, 93, 1
206, 79, 1
206, 19, 1
206, 184, 1
222, 126, 1
222, 176, 1
222, 33, 1
222, 51, 1
222, 134, 1
222, 142, 1
222, 120, 1
222, 250, 1
222, 132, 1
222, 93, 1
222, 79, 1
222, 19, 1
222, 184, 1
222, 206, 1
110, 126, 1
110, 176, 1
110, 33, 1
110, 51, 1
110, 134, 1
110, 142, 1
110, 120, 1
110, 250, 1
110, 132, 1
110, 93, 1
110, 79, 1
110, 19, 1
110, 184, 1
110, 206, 1
110, 222, 1
244, 126, 1
244, 176, 1
244, 33, 1
244, 51, 1
244, 134, 1
244, 142, 1
244, 120, 1
244, 250, 1
244, 132, 1
244, 93, 1
244, 79, 1
244, 19, 1
244, 184, 1
244, 206, 1
244, 222, 1
244, 110, 1
206, 348, -1
206, 137, -1
206, 286, -1
206, 123, -1
206, 323, -1
206, 18, -1
206, 4, -1
206, 78, -1
206, 115, -1
206, 183, -1
206, 264, -1
206, 273, -1
206, 209, -1
206, 42, -1
206, 340, -1
206, 177, -1
206, 109, -1
206, 328, -1
206, 199, -1
222, 348, -1
222, 137, -1
222, 286, -1
222, 123, -1
222, 323, -1
222, 18, -1
222, 4, -1
222, 78, -1
222, 115, -1
222, 183, -1
222, 264, -1
222, 273, -1
222, 209, -1
222, 42, -1
222, 340, -1
222, 177, -1
222, 109, -1
222, 328, -1
222, 199, -1
110, 348, -1
110, 137, -1
110, 286, -1
110, 123, -1
110, 323, -1
110, 18, -1
110, 4, -1
110, 78, -1
110, 115, -1
110, 183, -1
110, 264, -1
110, 273, -1
110, 209, -1
110, 42, -1
110, 340, -1
110, 177, -1
110, 109, -1
110, 328, -1
110, 199, -1
244, 348, -1
244, 137, -1
244, 286, -1
244, 123, -1
244, 323, -1
244, 18, -1
244, 4, -1
244, 78, -1
244, 115, -1
244, 183, -1
244, 264, -1
244, 273, -1
244, 209, -1
244, 42, -1
244, 340, -1
244, 177, -1
244, 109, -1
244, 328, -1
244, 199, -1

252, 126, 1
252, 176, 1
252, 33, 1
252, 51, 1
252, 134, 1
252, 142, 1
252, 120, 1
252, 250, 1
252, 132, 1
252, 93, 1
252, 79, 1
252, 19, 1
252, 184, 1
252, 206, 1
252, 222, 1
252, 110, 1
252, 244, 1
104, 126, 1
104, 176, 1
104, 33, 1
104, 51, 1
104, 134, 1
104, 142, 1
104, 120, 1
104, 250, 1
104, 132, 1
104, 93, 1
104, 79, 1
104, 19, 1
104, 184, 1
104, 206, 1
104, 222, 1
104, 110, 1
104, 244, 1
104, 252, 1
173, 348, 1
173, 137, 1
173, 286, 1
173, 123, 1
173, 323, 1
173, 18, 1
173, 4, 1
173, 78, 1
173, 115, 1
173, 183, 1
173, 264, 1
173, 273, 1
173, 209, 1
173, 42, 1
173, 340, 1
173, 177, 1
173, 109, 1
173, 328, 1
173, 199, 1
129, 348, 1
129, 137, 1
129, 286, 1
129, 123, 1
129, 323, 1
129, 18, 1
129, 4, 1
129, 78, 1
129, 115, 1
129, 183, 1
129, 264, 1
129, 273, 1
129, 209, 1
129, 42, 1
129, 340, 1
129, 177, 1
129, 109, 1
129, 328, 1
129, 199, 1
129, 173, 1
252, 348, -1
252, 137, -1
252, 286, -1
252, 123, -1
252, 323, -1
252, 18, -1
252, 4, -1
252, 78, -1
252, 115, -1
252, 183, -1
252, 264, -1
252, 273, -1
252, 209, -1
252, 42, -1
252, 340, -1
252, 177, -1
252, 109, -1
252, 328, -1
252, 199, -1
104, 348, -1
104, 137, -1
104, 286, -1
104, 123, -1
104, 323, -1
104, 18, -1
104, 4, -1
104, 78, -1
104, 115, -1
104, 183, -1
104, 264, -1
104, 273, -1
104, 209, -1
104, 42, -1
104, 340, -1
104, 177, -1
104, 109, -1
104, 328, -1
104, 199, -1
173, 126, -1
173, 176, -1
173, 33, -1
173, 51, -1
173, 134, -1
173, 142, -1
173, 120, -1
173, 250, -1
173, 132, -1
173, 93, -1
173, 79, -1
173, 19, -1
173, 184, -1
173, 206, -1
173, 222, -1
173, 110, -1
173, 244, -1
173, 252, -1
173, 104, -1
129, 126, -1
129, 176, -1
129, 33, -1
129, 51, -1
129, 134, -1
129, 142, -1
129, 120, -1
129, 250, -1
129, 132, -1
129, 93, -1
129, 79, -1
129, 19, -1
129, 184, -1
129, 206, -1
129, 222, -1
129, 110, -1
129, 244, -1
129, 252, -1
129, 104, -1

