321, 989, 1
989, 321, 1
321, 470, -1
989, 470, -1
321, 84, -1
989, 84, -1
321, 114, -1
989, 114, -1
470, 321, -1
470, 989, -1
470, 84, -1
470, 114, -1
84, 321, -1
84, 989, -1
84, 470, -1
84, 114, -1
114, 321, -1
114, 989, -1
114, 470, -1
114, 84, -1

321, 989, 1
321, 501, 1
989, 321, 1
989, 501, 1
501, 321, 1
501, 989, 1
84, 1039, 1
1039, 84, 1
321, 470, -1
989, 470, -1
501, 470, -1
321, 84, -1
321, 1039, -1
989, 84, -1
989, 1039, -1
501, 84, -1
501, 1039, -1
321, 114, -1
989, 114, -1
501, 114, -1
321, 739, -1
989, 739, -1
501, 739, -1
470, 321, -1
470, 989, -1
470, 501, -1
470, 84, -1
470, 1039, -1
470, 114, -1
470, 739, -1
84, 321, -1
84, 989, -1
84, 501, -1
1039, 321, -1
1039, 989, -1
1039, 501, -1
84, 470, -1
1039, 470, -1
84, 114, -1
1039, 114, -1
84, 739, -1
1039, 739, -1
114, 321, -1
114, 989, -1
114, 501, -1
114, 470, -1
114, 84, -1
114, 1039, -1
114, 739, -1
739, 321, -1
739, 989, -1
739, 501, -1
739, 470, -1
739, 84, -1
739, 1039, -1
739, 114, -1

321, 989, 1
321, 501, 1
989, 321, 1
989, 501, 1
501, 321, 1
501, 989, 1
84, 1039, 1
1039, 84, 1
114, 695, 1
114, 841, 1
695, 114, 1
695, 841, 1
841, 114, 1
841, 695, 1
321, 470, -1
989, 470, -1
501, 470, -1
321, 84, -1
321, 1039, -1
989, 84, -1
989, 1039, -1
501, 84, -1
501, 1039, -1
321, 114, -1
321, 695, -1
321, 841, -1
989, 114, -1
989, 695, -1
989, 841, -1
501, 114, -1
501, 695, -1
501, 841, -1
321, 739, -1
989, 739, -1
501, 739, -1
470, 321, -1
470, 989, -1
470, 501, -1
470, 84, -1
470, 1039, -1
470, 114, -1
470, 695, -1
470, 841, -1
470, 739, -1
84, 321, -1
84, 989, -1
84, 501, -1
1039, 321, -1
1039, 989, -1
1039, 501, -1
84, 470, -1
1039, 470, -1
84, 114, -1
84, 695, -1
84, 841, -1
1039, 114, -1
1039, 695, -1
1039, 841, -1
84, 739, -1
1039, 739, -1
114, 321, -1
114, 989, -1
114, 501, -1
695, 321, -1
695, 989, -1
695, 501, -1
841, 321, -1
841, 989, -1
841, 501, -1
114, 470, -1
695, 470, -1
841, 470, -1
114, 84, -1
114, 1039, -1
695, 84, -1
695, 1039, -1
841, 84, -1
841, 1039, -1
114, 739, -1
695, 739, -1
841, 739, -1
739, 321, -1
739, 989, -1
739, 501, -1
739, 470, -1
739, 84, -1
739, 1039, -1
739, 114, -1
739, 695, -1
739, 841, -1

321, 989, 1
321, 501, 1
989, 321, 1
989, 501, 1
501, 321, 1
501, 989, 1
84, 1039, 1
84, 1357, 1
1039, 84, 1
1039, 1357, 1
1357, 84, 1
1357, 1039, 1
114, 695, 1
114, 841, 1
114, 553, 1
695, 114, 1
695, 841, 1
695, 553, 1
841, 114, 1
841, 695, 1
841, 553, 1
553, 114, 1
553, 695, 1
553, 841, 1
321, 470, -1
989, 470, -1
501, 470, -1
321, 84, -1
321, 1039, -1
321, 1357, -1
989, 84, -1
989, 1039, -1
989, 1357, -1
501, 84, -1
501, 1039, -1
501, 1357, -1
321, 114, -1
321, 695, -1
321, 841, -1
321, 553, -1
989, 114, -1
989, 695, -1
989, 841, -1
989, 553, -1
501, 114, -1
501, 695, -1
501, 841, -1
501, 553, -1
321, 739, -1
989, 739, -1
501, 739, -1
470, 321, -1
470, 989, -1
470, 501, -1
470, 84, -1
470, 1039, -1
470, 1357, -1
470, 114, -1
470, 695, -1
470, 841, -1
470, 553, -1
470, 739, -1
84, 321, -1
84, 989, -1
84, 501, -1
1039, 321, -1
1039, 989, -1
1039, 501, -1
1357, 321, -1
1357, 989, -1
1357, 501, -1
84, 470, -1
1039, 470, -1
1357, 470, -1
84, 114, -1
84, 695, -1
84, 841, -1
84, 553, -1
1039, 114, -1
1039, 695, -1
1039, 841, -1
1039, 553, -1
1357, 114, -1
1357, 695, -1
1357, 841, -1
1357, 553, -1
84, 739, -1
1039, 739, -1
1357, 739, -1
114, 321, -1
114, 989, -1
114, 501, -1
695, 321, -1
695, 989, -1
695, 501, -1
841, 321, -1
841, 989, -1
841, 501, -1
553, 321, -1
553, 989, -1
553, 501, -1
114, 470, -1
695, 470, -1
841, 470, -1
553, 470, -1
114, 84, -1
114, 1039, -1
114, 1357, -1
695, 84, -1
695, 1039, -1
695, 1357, -1
841, 84, -1
841, 1039, -1
841, 1357, -1
553, 84, -1
553, 1039, -1
553, 1357, -1
114, 739, -1
695, 739, -1
841, 739, -1
553, 739, -1
739, 321, -1
739, 989, -1
739, 501, -1
739, 470, -1
739, 84, -1
739, 1039, -1
739, 1357, -1
739, 114, -1
739, 695, -1
739, 841, -1
739, 553, -1

321, 989, 1
321, 501, 1
989, 321, 1
989, 501, 1
501, 321, 1
501, 989, 1
470, 503, 1
503, 470, 1
84, 1039, 1
84, 1357, 1
1039, 84, 1
1039, 1357, 1
1357, 84, 1
1357, 1039, 1
114, 695, 1
114, 841, 1
114, 553, 1
695, 114, 1
695, 841, 1
695, 553, 1
841, 114, 1
841, 695, 1
841, 553, 1
553, 114, 1
553, 695, 1
553, 841, 1
321, 470, -1
321, 503, -1
989, 470, -1
989, 503, -1
501, 470, -1
501, 503, -1
321, 84, -1
321, 1039, -1
321, 1357, -1
989, 84, -1
989, 1039, -1
989, 1357, -1
501, 84, -1
501, 1039, -1
501, 1357, -1
321, 114, -1
321, 695, -1
321, 841, -1
321, 553, -1
989, 114, -1
989, 695, -1
989, 841, -1
989, 553, -1
501, 114, -1
501, 695, -1
501, 841, -1
501, 553, -1
321, 739, -1
989, 739, -1
501, 739, -1
321, 229, -1
989, 229, -1
501, 229, -1
470, 321, -1
470, 989, -1
470, 501, -1
503, 321, -1
503, 989, -1
503, 501, -1
470, 84, -1
470, 1039, -1
470, 1357, -1
503, 84, -1
503, 1039, -1
503, 1357, -1
470, 114, -1
470, 695, -1
470, 841, -1
470, 553, -1
503, 114, -1
503, 695, -1
503, 841, -1
503, 553, -1
470, 739, -1
503, 739, -1
470, 229, -1
503, 229, -1
84, 321, -1
84, 989, -1
84, 501, -1
1039, 321, -1
1039, 989, -1
1039, 501, -1
1357, 321, -1
1357, 989, -1
1357, 501, -1
84, 470, -1
84, 503, -1
1039, 470, -1
1039, 503, -1
1357, 470, -1
1357, 503, -1
84, 114, -1
84, 695, -1
84, 841, -1
84, 553, -1
1039, 114, -1
1039, 695, -1
1039, 841, -1
1039, 553, -1
1357, 114, -1
1357, 695, -1
1357, 841, -1
1357, 553, -1
84, 739, -1
1039, 739, -1
1357, 739, -1
84, 229, -1
1039, 229, -1
1357, 229, -1
114, 321, -1
114, 989, -1
114, 501, -1
695, 321, -1
695, 989, -1
695, 501, -1
841, 321, -1
841, 989, -1
841, 501, -1
553, 321, -1
553, 989, -1
553, 501, -1
114, 470, -1
114, 503, -1
695, 470, -1
695, 503, -1
841, 470, -1
841, 503, -1
553, 470, -1
553, 503, -1
114, 84, -1
114, 1039, -1
114, 1357, -1
695, 84, -1
695, 1039, -1
695, 1357, -1
841, 84, -1
841, 1039, -1
841, 1357, -1
553, 84, -1
553, 1039, -1
553, 1357, -1
114, 739, -1
695, 739, -1
841, 739, -1
553, 739, -1
114, 229, -1
695, 229, -1
841, 229, -1
553, 229, -1
739, 321, -1
739, 989, -1
739, 501, -1
739, 470, -1
739, 503, -1
739, 84, -1
739, 1039, -1
739, 1357, -1
739, 114, -1
739, 695, -1
739, 841, -1
739, 553, -1
739, 229, -1
229, 321, -1
229, 989, -1
229, 501, -1
229, 470, -1
229, 503, -1
229, 84, -1
229, 1039, -1
229, 1357, -1
229, 114, -1
229, 695, -1
229, 841, -1
229, 553, -1
229, 739, -1

321, 989, 1
321, 501, 1
321, 500, 1
989, 321, 1
989, 501, 1
989, 500, 1
501, 321, 1
501, 989, 1
501, 500, 1
500, 321, 1
500, 989, 1
500, 501, 1
470, 503, 1
503, 470, 1
84, 1039, 1
84, 1357, 1
1039, 84, 1
1039, 1357, 1
1357, 84, 1
1357, 1039, 1
114, 695, 1
114, 841, 1
114, 553, 1
695, 114, 1
695, 841, 1
695, 553, 1
841, 114, 1
841, 695, 1
841, 553, 1
553, 114, 1
553, 695, 1
553, 841, 1
321, 470, -1
321, 503, -1
989, 470, -1
989, 503, -1
501, 470, -1
501, 503, -1
500, 470, -1
500, 503, -1
321, 84, -1
321, 1039, -1
321, 1357, -1
989, 84, -1
989, 1039, -1
989, 1357, -1
501, 84, -1
501, 1039, -1
501, 1357, -1
500, 84, -1
500, 1039, -1
500, 1357, -1
321, 114, -1
321, 695, -1
321, 841, -1
321, 553, -1
989, 114, -1
989, 695, -1
989, 841, -1
989, 553, -1
501, 114, -1
501, 695, -1
501, 841, -1
501, 553, -1
500, 114, -1
500, 695, -1
500, 841, -1
500, 553, -1
321, 739, -1
989, 739, -1
501, 739, -1
500, 739, -1
321, 229, -1
989, 229, -1
501, 229, -1
500, 229, -1
321, 276, -1
989, 276, -1
501, 276, -1
500, 276, -1
470, 321, -1
470, 989, -1
470, 501, -1
470, 500, -1
503, 321, -1
503, 989, -1
503, 501, -1
503, 500, -1
470, 84, -1
470, 1039, -1
470, 1357, -1
503, 84, -1
503, 1039, -1
503, 1357, -1
470, 114, -1
470, 695, -1
470, 841, -1
470, 553, -1
503, 114, -1
503, 695, -1
503, 841, -1
503, 553, -1
470, 739, -1
503, 739, -1
470, 229, -1
503, 229, -1
470, 276, -1
503, 276, -1
84, 321, -1
84, 989, -1
84, 501, -1
84, 500, -1
1039, 321, -1
1039, 989, -1
1039, 501, -1
1039, 500, -1
1357, 321, -1
1357, 989, -1
1357, 501, -1
1357, 500, -1
84, 470, -1
84, 503, -1
1039, 470, -1
1039, 503, -1
1357, 470, -1
1357, 503, -1
84, 114, -1
84, 695, -1
84, 841, -1
84, 553, -1
1039, 114, -1
1039, 695, -1
1039, 841, -1
1039, 553, -1
1357, 114, -1
1357, 695, -1
1357, 841, -1
1357, 553, -1
84, 739, -1
1039, 739, -1
1357, 739, -1
84, 229, -1
1039, 229, -1
1357, 229, -1
84, 276, -1
1039, 276, -1
1357, 276, -1
114, 321, -1
114, 989, -1
114, 501, -1
114, 500, -1
695, 321, -1
695, 989, -1
695, 501, -1
695, 500, -1
841, 321, -1
841, 989, -1
841, 501, -1
841, 500, -1
553, 321, -1
553, 989, -1
553, 501, -1
553, 500, -1
114, 470, -1
114, 503, -1
695, 470, -1
695, 503, -1
841, 470, -1
841, 503, -1
553, 470, -1
553, 503, -1
114, 84, -1
114, 1039, -1
114, 1357, -1
695, 84, -1
695, 1039, -1
695, 1357, -1
841, 84, -1
841, 1039, -1
841, 1357, -1
553, 84, -1
553, 1039, -1
553, 1357, -1
114, 739, -1
695, 739, -1
841, 739, -1
553, 739, -1
114, 229, -1
695, 229, -1
841, 229, -1
553, 229, -1
114, 276, -1
695, 276, -1
841, 276, -1
553, 276, -1
739, 321, -1
739, 989, -1
739, 501, -1
739, 500, -1
739, 470, -1
739, 503, -1
739, 84, -1
739, 1039, -1
739, 1357, -1
739, 114, -1
739, 695, -1
739, 841, -1
739, 553, -1
739, 229, -1
739, 276, -1
229, 321, -1
229, 989, -1
229, 501, -1
229, 500, -1
229, 470, -1
229, 503, -1
229, 84, -1
229, 1039, -1
229, 1357, -1
229, 114, -1
229, 695, -1
229, 841, -1
229, 553, -1
229, 739, -1
229, 276, -1
276, 321, -1
276, 989, -1
276, 501, -1
276, 500, -1
276, 470, -1
276, 503, -1
276, 84, -1
276, 1039, -1
276, 1357, -1
276, 114, -1
276, 695, -1
276, 841, -1
276, 553, -1
276, 739, -1
276, 229, -1

321, 989, 1
321, 501, 1
321, 500, 1
989, 321, 1
989, 501, 1
989, 500, 1
501, 321, 1
501, 989, 1
501, 500, 1
500, 321, 1
500, 989, 1
500, 501, 1
470, 503, 1
503, 470, 1
84, 1039, 1
84, 1357, 1
84, 463, 1
1039, 84, 1
1039, 1357, 1
1039, 463, 1
1357, 84, 1
1357, 1039, 1
1357, 463, 1
463, 84, 1
463, 1039, 1
463, 1357, 1
114, 695, 1
114, 841, 1
114, 553, 1
114, 339, 1
695, 114, 1
695, 841, 1
695, 553, 1
695, 339, 1
841, 114, 1
841, 695, 1
841, 553, 1
841, 339, 1
553, 114, 1
553, 695, 1
553, 841, 1
553, 339, 1
339, 114, 1
339, 695, 1
339, 841, 1
339, 553, 1
321, 470, -1
321, 503, -1
989, 470, -1
989, 503, -1
501, 470, -1
501, 503, -1
500, 470, -1
500, 503, -1
321, 84, -1
321, 1039, -1
321, 1357, -1
321, 463, -1
989, 84, -1
989, 1039, -1
989, 1357, -1
989, 463, -1
501, 84, -1
501, 1039, -1
501, 1357, -1
501, 463, -1
500, 84, -1
500, 1039, -1
500, 1357, -1
500, 463, -1
321, 114, -1
321, 695, -1
321, 841, -1
321, 553, -1
321, 339, -1
989, 114, -1
989, 695, -1
989, 841, -1
989, 553, -1
989, 339, -1
501, 114, -1
501, 695, -1
501, 841, -1
501, 553, -1
501, 339, -1
500, 114, -1
500, 695, -1
500, 841, -1
500, 553, -1
500, 339, -1
321, 739, -1
989, 739, -1
501, 739, -1
500, 739, -1
321, 229, -1
989, 229, -1
501, 229, -1
500, 229, -1
321, 276, -1
989, 276, -1
501, 276, -1
500, 276, -1
470, 321, -1
470, 989, -1
470, 501, -1
470, 500, -1
503, 321, -1
503, 989, -1
503, 501, -1
503, 500, -1
470, 84, -1
470, 1039, -1
470, 1357, -1
470, 463, -1
503, 84, -1
503, 1039, -1
503, 1357, -1
503, 463, -1
470, 114, -1
470, 695, -1
470, 841, -1
470, 553, -1
470, 339, -1
503, 114, -1
503, 695, -1
503, 841, -1
503, 553, -1
503, 339, -1
470, 739, -1
503, 739, -1
470, 229, -1
503, 229, -1
470, 276, -1
503, 276, -1
84, 321, -1
84, 989, -1
84, 501, -1
84, 500, -1
1039, 321, -1
1039, 989, -1
1039, 501, -1
1039, 500, -1
1357, 321, -1
1357, 989, -1
1357, 501, -1
1357, 500, -1
463, 321, -1
463, 989, -1
463, 501, -1
463, 500, -1
84, 470, -1
84, 503, -1
1039, 470, -1
1039, 503, -1
1357, 470, -1
1357, 503, -1
463, 470, -1
463, 503, -1
84, 114, -1
84, 695, -1
84, 841, -1
84, 553, -1
84, 339, -1
1039, 114, -1
1039, 695, -1
1039, 841, -1
1039, 553, -1
1039, 339, -1
1357, 114, -1
1357, 695, -1
1357, 841, -1
1357, 553, -1
1357, 339, -1
463, 114, -1
463, 695, -1
463, 841, -1
463, 553, -1
463, 339, -1
84, 739, -1
1039, 739, -1
1357, 739, -1
463, 739, -1
84, 229, -1
1039, 229, -1
1357, 229, -1
463, 229, -1
84, 276, -1
1039, 276, -1
1357, 276, -1
463, 276, -1
114, 321, -1
114, 989, -1
114, 501, -1
114, 500, -1
695, 321, -1
695, 989, -1
695, 501, -1
695, 500, -1
841, 321, -1
841, 989, -1
841, 501, -1
841, 500, -1
553, 321, -1
553, 989, -1
553, 501, -1
553, 500, -1
339, 321, -1
339, 989, -1
339, 501, -1
339, 500, -1
114, 470, -1
114, 503, -1
695, 470, -1
695, 503, -1
841, 470, -1
841, 503, -1
553, 470, -1
553, 503, -1
339, 470, -1
339, 503, -1
114, 84, -1
114, 1039, -1
114, 1357, -1
114, 463, -1
695, 84, -1
695, 1039, -1
695, 1357, -1
695, 463, -1
841, 84, -1
841, 1039, -1
841, 1357, -1
841, 463, -1
553, 84, -1
553, 1039, -1
553, 1357, -1
553, 463, -1
339, 84, -1
339, 1039, -1
339, 1357, -1
339, 463, -1
114, 739, -1
695, 739, -1
841, 739, -1
553, 739, -1
339, 739, -1
114, 229, -1
695, 229, -1
841, 229, -1
553, 229, -1
339, 229, -1
114, 276, -1
695, 276, -1
841, 276, -1
553, 276, -1
339, 276, -1
739, 321, -1
739, 989, -1
739, 501, -1
739, 500, -1
739, 470, -1
739, 503, -1
739, 84, -1
739, 1039, -1
739, 1357, -1
739, 463, -1
739, 114, -1
739, 695, -1
739, 841, -1
739, 553, -1
739, 339, -1
739, 229, -1
739, 276, -1
229, 321, -1
229, 989, -1
229, 501, -1
229, 500, -1
229, 470, -1
229, 503, -1
229, 84, -1
229, 1039, -1
229, 1357, -1
229, 463, -1
229, 114, -1
229, 695, -1
229, 841, -1
229, 553, -1
229, 339, -1
229, 739, -1
229, 276, -1
276, 321, -1
276, 989, -1
276, 501, -1
276, 500, -1
276, 470, -1
276, 503, -1
276, 84, -1
276, 1039, -1
276, 1357, -1
276, 463, -1
276, 114, -1
276, 695, -1
276, 841, -1
276, 553, -1
276, 339, -1
276, 739, -1
276, 229, -1

321, 989, 1
321, 501, 1
321, 500, 1
989, 321, 1
989, 501, 1
989, 500, 1
501, 321, 1
501, 989, 1
501, 500, 1
500, 321, 1
500, 989, 1
500, 501, 1
470, 503, 1
503, 470, 1
84, 1039, 1
84, 1357, 1
84, 463, 1
1039, 84, 1
1039, 1357, 1
1039, 463, 1
1357, 84, 1
1357, 1039, 1
1357, 463, 1
463, 84, 1
463, 1039, 1
463, 1357, 1
114, 695, 1
114, 841, 1
114, 553, 1
114, 339, 1
114, 1252, 1
695, 114, 1
695, 841, 1
695, 553, 1
695, 339, 1
695, 1252, 1
841, 114, 1
841, 695, 1
841, 553, 1
841, 339, 1
841, 1252, 1
553, 114, 1
553, 695, 1
553, 841, 1
553, 339, 1
553, 1252, 1
339, 114, 1
339, 695, 1
339, 841, 1
339, 553, 1
339, 1252, 1
1252, 114, 1
1252, 695, 1
1252, 841, 1
1252, 553, 1
1252, 339, 1
229, 720, 1
720, 229, 1
321, 470, -1
321, 503, -1
989, 470, -1
989, 503, -1
501, 470, -1
501, 503, -1
500, 470, -1
500, 503, -1
321, 84, -1
321, 1039, -1
321, 1357, -1
321, 463, -1
989, 84, -1
989, 1039, -1
989, 1357, -1
989, 463, -1
501, 84, -1
501, 1039, -1
501, 1357, -1
501, 463, -1
500, 84, -1
500, 1039, -1
500, 1357, -1
500, 463, -1
321, 114, -1
321, 695, -1
321, 841, -1
321, 553, -1
321, 339, -1
321, 1252, -1
989, 114, -1
989, 695, -1
989, 841, -1
989, 553, -1
989, 339, -1
989, 1252, -1
501, 114, -1
501, 695, -1
501, 841, -1
501, 553, -1
501, 339, -1
501, 1252, -1
500, 114, -1
500, 695, -1
500, 841, -1
500, 553, -1
500, 339, -1
500, 1252, -1
321, 739, -1
989, 739, -1
501, 739, -1
500, 739, -1
321, 229, -1
321, 720, -1
989, 229, -1
989, 720, -1
501, 229, -1
501, 720, -1
500, 229, -1
500, 720, -1
321, 276, -1
989, 276, -1
501, 276, -1
500, 276, -1
470, 321, -1
470, 989, -1
470, 501, -1
470, 500, -1
503, 321, -1
503, 989, -1
503, 501, -1
503, 500, -1
470, 84, -1
470, 1039, -1
470, 1357, -1
470, 463, -1
503, 84, -1
503, 1039, -1
503, 1357, -1
503, 463, -1
470, 114, -1
470, 695, -1
470, 841, -1
470, 553, -1
470, 339, -1
470, 1252, -1
503, 114, -1
503, 695, -1
503, 841, -1
503, 553, -1
503, 339, -1
503, 1252, -1
470, 739, -1
503, 739, -1
470, 229, -1
470, 720, -1
503, 229, -1
503, 720, -1
470, 276, -1
503, 276, -1
84, 321, -1
84, 989, -1
84, 501, -1
84, 500, -1
1039, 321, -1
1039, 989, -1
1039, 501, -1
1039, 500, -1
1357, 321, -1
1357, 989, -1
1357, 501, -1
1357, 500, -1
463, 321, -1
463, 989, -1
463, 501, -1
463, 500, -1
84, 470, -1
84, 503, -1
1039, 470, -1
1039, 503, -1
1357, 470, -1
1357, 503, -1
463, 470, -1
463, 503, -1
84, 114, -1
84, 695, -1
84, 841, -1
84, 553, -1
84, 339, -1
84, 1252, -1
1039, 114, -1
1039, 695, -1
1039, 841, -1
1039, 553, -1
1039, 339, -1
1039, 1252, -1
1357, 114, -1
1357, 695, -1
1357, 841, -1
1357, 553, -1
1357, 339, -1
1357, 1252, -1
463, 114, -1
463, 695, -1
463, 841, -1
463, 553, -1
463, 339, -1
463, 1252, -1
84, 739, -1
1039, 739, -1
1357, 739, -1
463, 739, -1
84, 229, -1
84, 720, -1
1039, 229, -1
1039, 720, -1
1357, 229, -1
1357, 720, -1
463, 229, -1
463, 720, -1
84, 276, -1
1039, 276, -1
1357, 276, -1
463, 276, -1
114, 321, -1
114, 989, -1
114, 501, -1
114, 500, -1
695, 321, -1
695, 989, -1
695, 501, -1
695, 500, -1
841, 321, -1
841, 989, -1
841, 501, -1
841, 500, -1
553, 321, -1
553, 989, -1
553, 501, -1
553, 500, -1
339, 321, -1
339, 989, -1
339, 501, -1
339, 500, -1
1252, 321, -1
1252, 989, -1
1252, 501, -1
1252, 500, -1
114, 470, -1
114, 503, -1
695, 470, -1
695, 503, -1
841, 470, -1
841, 503, -1
553, 470, -1
553, 503, -1
339, 470, -1
339, 503, -1
1252, 470, -1
1252, 503, -1
114, 84, -1
114, 1039, -1
114, 1357, -1
114, 463, -1
695, 84, -1
695, 1039, -1
695, 1357, -1
695, 463, -1
841, 84, -1
841, 1039, -1
841, 1357, -1
841, 463, -1
553, 84, -1
553, 1039, -1
553, 1357, -1
553, 463, -1
339, 84, -1
339, 1039, -1
339, 1357, -1
339, 463, -1
1252, 84, -1
1252, 1039, -1
1252, 1357, -1
1252, 463, -1
114, 739, -1
695, 739, -1
841, 739, -1
553, 739, -1
339, 739, -1
1252, 739, -1
114, 229, -1
114, 720, -1
695, 229, -1
695, 720, -1
841, 229, -1
841, 720, -1
553, 229, -1
553, 720, -1
339, 229, -1
339, 720, -1
1252, 229, -1
1252, 720, -1
114, 276, -1
695, 276, -1
841, 276, -1
553, 276, -1
339, 276, -1
1252, 276, -1
739, 321, -1
739, 989, -1
739, 501, -1
739, 500, -1
739, 470, -1
739, 503, -1
739, 84, -1
739, 1039, -1
739, 1357, -1
739, 463, -1
739, 114, -1
739, 695, -1
739, 841, -1
739, 553, -1
739, 339, -1
739, 1252, -1
739, 229, -1
739, 720, -1
739, 276, -1
229, 321, -1
229, 989, -1
229, 501, -1
229, 500, -1
720, 321, -1
720, 989, -1
720, 501, -1
720, 500, -1
229, 470, -1
229, 503, -1
720, 470, -1
720, 503, -1
229, 84, -1
229, 1039, -1
229, 1357, -1
229, 463, -1
720, 84, -1
720, 1039, -1
720, 1357, -1
720, 463, -1
229, 114, -1
229, 695, -1
229, 841, -1
229, 553, -1
229, 339, -1
229, 1252, -1
720, 114, -1
720, 695, -1
720, 841, -1
720, 553, -1
720, 339, -1
720, 1252, -1
229, 739, -1
720, 739, -1
229, 276, -1
720, 276, -1
276, 321, -1
276, 989, -1
276, 501, -1
276, 500, -1
276, 470, -1
276, 503, -1
276, 84, -1
276, 1039, -1
276, 1357, -1
276, 463, -1
276, 114, -1
276, 695, -1
276, 841, -1
276, 553, -1
276, 339, -1
276, 1252, -1
276, 739, -1
276, 229, -1
276, 720, -1

321, 989, 1
321, 501, 1
321, 500, 1
989, 321, 1
989, 501, 1
989, 500, 1
501, 321, 1
501, 989, 1
501, 500, 1
500, 321, 1
500, 989, 1
500, 501, 1
470, 503, 1
470, 424, 1
503, 470, 1
503, 424, 1
424, 470, 1
424, 503, 1
84, 1039, 1
84, 1357, 1
84, 463, 1
1039, 84, 1
1039, 1357, 1
1039, 463, 1
1357, 84, 1
1357, 1039, 1
1357, 463, 1
463, 84, 1
463, 1039, 1
463, 1357, 1
114, 695, 1
114, 841, 1
114, 553, 1
114, 339, 1
114, 1252, 1
114, 1125, 1
695, 114, 1
695, 841, 1
695, 553, 1
695, 339, 1
695, 1252, 1
695, 1125, 1
841, 114, 1
841, 695, 1
841, 553, 1
841, 339, 1
841, 1252, 1
841, 1125, 1
553, 114, 1
553, 695, 1
553, 841, 1
553, 339, 1
553, 1252, 1
553, 1125, 1
339, 114, 1
339, 695, 1
339, 841, 1
339, 553, 1
339, 1252, 1
339, 1125, 1
1252, 114, 1
1252, 695, 1
1252, 841, 1
1252, 553, 1
1252, 339, 1
1252, 1125, 1
1125, 114, 1
1125, 695, 1
1125, 841, 1
1125, 553, 1
1125, 339, 1
1125, 1252, 1
229, 720, 1
720, 229, 1
321, 470, -1
321, 503, -1
321, 424, -1
989, 470, -1
989, 503, -1
989, 424, -1
501, 470, -1
501, 503, -1
501, 424, -1
500, 470, -1
500, 503, -1
500, 424, -1
321, 84, -1
321, 1039, -1
321, 1357, -1
321, 463, -1
989, 84, -1
989, 1039, -1
989, 1357, -1
989, 463, -1
501, 84, -1
501, 1039, -1
501, 1357, -1
501, 463, -1
500, 84, -1
500, 1039, -1
500, 1357, -1
500, 463, -1
321, 114, -1
321, 695, -1
321, 841, -1
321, 553, -1
321, 339, -1
321, 1252, -1
321, 1125, -1
989, 114, -1
989, 695, -1
989, 841, -1
989, 553, -1
989, 339, -1
989, 1252, -1
989, 1125, -1
501, 114, -1
501, 695, -1
501, 841, -1
501, 553, -1
501, 339, -1
501, 1252, -1
501, 1125, -1
500, 114, -1
500, 695, -1
500, 841, -1
500, 553, -1
500, 339, -1
500, 1252, -1
500, 1125, -1
321, 739, -1
989, 739, -1
501, 739, -1
500, 739, -1
321, 229, -1
321, 720, -1
989, 229, -1
989, 720, -1
501, 229, -1
501, 720, -1
500, 229, -1
500, 720, -1
321, 276, -1
989, 276, -1
501, 276, -1
500, 276, -1
470, 321, -1
470, 989, -1
470, 501, -1
470, 500, -1
503, 321, -1
503, 989, -1
503, 501, -1
503, 500, -1
424, 321, -1
424, 989, -1
424, 501, -1
424, 500, -1
470, 84, -1
470, 1039, -1
470, 1357, -1
470, 463, -1
503, 84, -1
503, 1039, -1
503, 1357, -1
503, 463, -1
424, 84, -1
424, 1039, -1
424, 1357, -1
424, 463, -1
470, 114, -1
470, 695, -1
470, 841, -1
470, 553, -1
470, 339, -1
470, 1252, -1
470, 1125, -1
503, 114, -1
503, 695, -1
503, 841, -1
503, 553, -1
503, 339, -1
503, 1252, -1
503, 1125, -1
424, 114, -1
424, 695, -1
424, 841, -1
424, 553, -1
424, 339, -1
424, 1252, -1
424, 1125, -1
470, 739, -1
503, 739, -1
424, 739, -1
470, 229, -1
470, 720, -1
503, 229, -1
503, 720, -1
424, 229, -1
424, 720, -1
470, 276, -1
503, 276, -1
424, 276, -1
84, 321, -1
84, 989, -1
84, 501, -1
84, 500, -1
1039, 321, -1
1039, 989, -1
1039, 501, -1
1039, 500, -1
1357, 321, -1
1357, 989, -1
1357, 501, -1
1357, 500, -1
463, 321, -1
463, 989, -1
463, 501, -1
463, 500, -1
84, 470, -1
84, 503, -1
84, 424, -1
1039, 470, -1
1039, 503, -1
1039, 424, -1
1357, 470, -1
1357, 503, -1
1357, 424, -1
463, 470, -1
463, 503, -1
463, 424, -1
84, 114, -1
84, 695, -1
84, 841, -1
84, 553, -1
84, 339, -1
84, 1252, -1
84, 1125, -1
1039, 114, -1
1039, 695, -1
1039, 841, -1
1039, 553, -1
1039, 339, -1
1039, 1252, -1
1039, 1125, -1
1357, 114, -1
1357, 695, -1
1357, 841, -1
1357, 553, -1
1357, 339, -1
1357, 1252, -1
1357, 1125, -1
463, 114, -1
463, 695, -1
463, 841, -1
463, 553, -1
463, 339, -1
463, 1252, -1
463, 1125, -1
84, 739, -1
1039, 739, -1
1357, 739, -1
463, 739, -1
84, 229, -1
84, 720, -1
1039, 229, -1
1039, 720, -1
1357, 229, -1
1357, 720, -1
463, 229, -1
463, 720, -1
84, 276, -1
1039, 276, -1
1357, 276, -1
463, 276, -1
114, 321, -1
114, 989, -1
114, 501, -1
114, 500, -1
695, 321, -1
695, 989, -1
695, 501, -1
695, 500, -1
841, 321, -1
841, 989, -1
841, 501, -1
841, 500, -1
553, 321, -1
553, 989, -1
553, 501, -1
553, 500, -1
339, 321, -1
339, 989, -1
339, 501, -1
339, 500, -1
1252, 321, -1
1252, 989, -1
1252, 501, -1
1252, 500, -1
1125, 321, -1
1125, 989, -1
1125, 501, -1
1125, 500, -1
114, 470, -1
114, 503, -1
114, 424, -1
695, 470, -1
695, 503, -1
695, 424, -1
841, 470, -1
841, 503, -1
841, 424, -1
553, 470, -1
553, 503, -1
553, 424, -1
339, 470, -1
339, 503, -1
339, 424, -1
1252, 470, -1
1252, 503, -1
1252, 424, -1
1125, 470, -1
1125, 503, -1
1125, 424, -1
114, 84, -1
114, 1039, -1
114, 1357, -1
114, 463, -1
695, 84, -1
695, 1039, -1
695, 1357, -1
695, 463, -1
841, 84, -1
841, 1039, -1
841, 1357, -1
841, 463, -1
553, 84, -1
553, 1039, -1
553, 1357, -1
553, 463, -1
339, 84, -1
339, 1039, -1
339, 1357, -1
339, 463, -1
1252, 84, -1
1252, 1039, -1
1252, 1357, -1
1252, 463, -1
1125, 84, -1
1125, 1039, -1
1125, 1357, -1
1125, 463, -1
114, 739, -1
695, 739, -1
841, 739, -1
553, 739, -1
339, 739, -1
1252, 739, -1
1125, 739, -1
114, 229, -1
114, 720, -1
695, 229, -1
695, 720, -1
841, 229, -1
841, 720, -1
553, 229, -1
553, 720, -1
339, 229, -1
339, 720, -1
1252, 229, -1
1252, 720, -1
1125, 229, -1
1125, 720, -1
114, 276, -1
695, 276, -1
841, 276, -1
553, 276, -1
339, 276, -1
1252, 276, -1
1125, 276, -1
739, 321, -1
739, 989, -1
739, 501, -1
739, 500, -1
739, 470, -1
739, 503, -1
739, 424, -1
739, 84, -1
739, 1039, -1
739, 1357, -1
739, 463, -1
739, 114, -1
739, 695, -1
739, 841, -1
739, 553, -1
739, 339, -1
739, 1252, -1
739, 1125, -1
739, 229, -1
739, 720, -1
739, 276, -1
229, 321, -1
229, 989, -1
229, 501, -1
229, 500, -1
720, 321, -1
720, 989, -1
720, 501, -1
720, 500, -1
229, 470, -1
229, 503, -1
229, 424, -1
720, 470, -1
720, 503, -1
720, 424, -1
229, 84, -1
229, 1039, -1
229, 1357, -1
229, 463, -1
720, 84, -1
720, 1039, -1
720, 1357, -1
720, 463, -1
229, 114, -1
229, 695, -1
229, 841, -1
229, 553, -1
229, 339, -1
229, 1252, -1
229, 1125, -1
720, 114, -1
720, 695, -1
720, 841, -1
720, 553, -1
720, 339, -1
720, 1252, -1
720, 1125, -1
229, 739, -1
720, 739, -1
229, 276, -1
720, 276, -1
276, 321, -1
276, 989, -1
276, 501, -1
276, 500, -1
276, 470, -1
276, 503, -1
276, 424, -1
276, 84, -1
276, 1039, -1
276, 1357, -1
276, 463, -1
276, 114, -1
276, 695, -1
276, 841, -1
276, 553, -1
276, 339, -1
276, 1252, -1
276, 1125, -1
276, 739, -1
276, 229, -1
276, 720, -1

321, 989, 1
321, 501, 1
321, 500, 1
989, 321, 1
989, 501, 1
989, 500, 1
501, 321, 1
501, 989, 1
501, 500, 1
500, 321, 1
500, 989, 1
500, 501, 1
470, 503, 1
470, 424, 1
503, 470, 1
503, 424, 1
424, 470, 1
424, 503, 1
84, 1039, 1
84, 1357, 1
84, 463, 1
84, 589, 1
1039, 84, 1
1039, 1357, 1
1039, 463, 1
1039, 589, 1
1357, 84, 1
1357, 1039, 1
1357, 463, 1
1357, 589, 1
463, 84, 1
463, 1039, 1
463, 1357, 1
463, 589, 1
589, 84, 1
589, 1039, 1
589, 1357, 1
589, 463, 1
114, 695, 1
114, 841, 1
114, 553, 1
114, 339, 1
114, 1252, 1
114, 1125, 1
695, 114, 1
695, 841, 1
695, 553, 1
695, 339, 1
695, 1252, 1
695, 1125, 1
841, 114, 1
841, 695, 1
841, 553, 1
841, 339, 1
841, 1252, 1
841, 1125, 1
553, 114, 1
553, 695, 1
553, 841, 1
553, 339, 1
553, 1252, 1
553, 1125, 1
339, 114, 1
339, 695, 1
339, 841, 1
339, 553, 1
339, 1252, 1
339, 1125, 1
1252, 114, 1
1252, 695, 1
1252, 841, 1
1252, 553, 1
1252, 339, 1
1252, 1125, 1
1125, 114, 1
1125, 695, 1
1125, 841, 1
1125, 553, 1
1125, 339, 1
1125, 1252, 1
229, 720, 1
720, 229, 1
321, 470, -1
321, 503, -1
321, 424, -1
989, 470, -1
989, 503, -1
989, 424, -1
501, 470, -1
501, 503, -1
501, 424, -1
500, 470, -1
500, 503, -1
500, 424, -1
321, 84, -1
321, 1039, -1
321, 1357, -1
321, 463, -1
321, 589, -1
989, 84, -1
989, 1039, -1
989, 1357, -1
989, 463, -1
989, 589, -1
501, 84, -1
501, 1039, -1
501, 1357, -1
501, 463, -1
501, 589, -1
500, 84, -1
500, 1039, -1
500, 1357, -1
500, 463, -1
500, 589, -1
321, 114, -1
321, 695, -1
321, 841, -1
321, 553, -1
321, 339, -1
321, 1252, -1
321, 1125, -1
989, 114, -1
989, 695, -1
989, 841, -1
989, 553, -1
989, 339, -1
989, 1252, -1
989, 1125, -1
501, 114, -1
501, 695, -1
501, 841, -1
501, 553, -1
501, 339, -1
501, 1252, -1
501, 1125, -1
500, 114, -1
500, 695, -1
500, 841, -1
500, 553, -1
500, 339, -1
500, 1252, -1
500, 1125, -1
321, 739, -1
989, 739, -1
501, 739, -1
500, 739, -1
321, 229, -1
321, 720, -1
989, 229, -1
989, 720, -1
501, 229, -1
501, 720, -1
500, 229, -1
500, 720, -1
321, 276, -1
989, 276, -1
501, 276, -1
500, 276, -1
321, 85, -1
989, 85, -1
501, 85, -1
500, 85, -1
470, 321, -1
470, 989, -1
470, 501, -1
470, 500, -1
503, 321, -1
503, 989, -1
503, 501, -1
503, 500, -1
424, 321, -1
424, 989, -1
424, 501, -1
424, 500, -1
470, 84, -1
470, 1039, -1
470, 1357, -1
470, 463, -1
470, 589, -1
503, 84, -1
503, 1039, -1
503, 1357, -1
503, 463, -1
503, 589, -1
424, 84, -1
424, 1039, -1
424, 1357, -1
424, 463, -1
424, 589, -1
470, 114, -1
470, 695, -1
470, 841, -1
470, 553, -1
470, 339, -1
470, 1252, -1
470, 1125, -1
503, 114, -1
503, 695, -1
503, 841, -1
503, 553, -1
503, 339, -1
503, 1252, -1
503, 1125, -1
424, 114, -1
424, 695, -1
424, 841, -1
424, 553, -1
424, 339, -1
424, 1252, -1
424, 1125, -1
470, 739, -1
503, 739, -1
424, 739, -1
470, 229, -1
470, 720, -1
503, 229, -1
503, 720, -1
424, 229, -1
424, 720, -1
470, 276, -1
503, 276, -1
424, 276, -1
470, 85, -1
503, 85, -1
424, 85, -1
84, 321, -1
84, 989, -1
84, 501, -1
84, 500, -1
1039, 321, -1
1039, 989, -1
1039, 501, -1
1039, 500, -1
1357, 321, -1
1357, 989, -1
1357, 501, -1
1357, 500, -1
463, 321, -1
463, 989, -1
463, 501, -1
463, 500, -1
589, 321, -1
589, 989, -1
589, 501, -1
589, 500, -1
84, 470, -1
84, 503, -1
84, 424, -1
1039, 470, -1
1039, 503, -1
1039, 424, -1
1357, 470, -1
1357, 503, -1
1357, 424, -1
463, 470, -1
463, 503, -1
463, 424, -1
589, 470, -1
589, 503, -1
589, 424, -1
84, 114, -1
84, 695, -1
84, 841, -1
84, 553, -1
84, 339, -1
84, 1252, -1
84, 1125, -1
1039, 114, -1
1039, 695, -1
1039, 841, -1
1039, 553, -1
1039, 339, -1
1039, 1252, -1
1039, 1125, -1
1357, 114, -1
1357, 695, -1
1357, 841, -1
1357, 553, -1
1357, 339, -1
1357, 1252, -1
1357, 1125, -1
463, 114, -1
463, 695, -1
463, 841, -1
463, 553, -1
463, 339, -1
463, 1252, -1
463, 1125, -1
589, 114, -1
589, 695, -1
589, 841, -1
589, 553, -1
589, 339, -1
589, 1252, -1
589, 1125, -1
84, 739, -1
1039, 739, -1
1357, 739, -1
463, 739, -1
589, 739, -1
84, 229, -1
84, 720, -1
1039, 229, -1
1039, 720, -1
1357, 229, -1
1357, 720, -1
463, 229, -1
463, 720, -1
589, 229, -1
589, 720, -1
84, 276, -1
1039, 276, -1
1357, 276, -1
463, 276, -1
589, 276, -1
84, 85, -1
1039, 85, -1
1357, 85, -1
463, 85, -1
589, 85, -1
114, 321, -1
114, 989, -1
114, 501, -1
114, 500, -1
695, 321, -1
695, 989, -1
695, 501, -1
695, 500, -1
841, 321, -1
841, 989, -1
841, 501, -1
841, 500, -1
553, 321, -1
553, 989, -1
553, 501, -1
553, 500, -1
339, 321, -1
339, 989, -1
339, 501, -1
339, 500, -1
1252, 321, -1
1252, 989, -1
1252, 501, -1
1252, 500, -1
1125, 321, -1
1125, 989, -1
1125, 501, -1
1125, 500, -1
114, 470, -1
114, 503, -1
114, 424, -1
695, 470, -1
695, 503, -1
695, 424, -1
841, 470, -1
841, 503, -1
841, 424, -1
553, 470, -1
553, 503, -1
553, 424, -1
339, 470, -1
339, 503, -1
339, 424, -1
1252, 470, -1
1252, 503, -1
1252, 424, -1
1125, 470, -1
1125, 503, -1
1125, 424, -1
114, 84, -1
114, 1039, -1
114, 1357, -1
114, 463, -1
114, 589, -1
695, 84, -1
695, 1039, -1
695, 1357, -1
695, 463, -1
695, 589, -1
841, 84, -1
841, 1039, -1
841, 1357, -1
841, 463, -1
841, 589, -1
553, 84, -1
553, 1039, -1
553, 1357, -1
553, 463, -1
553, 589, -1
339, 84, -1
339, 1039, -1
339, 1357, -1
339, 463, -1
339, 589, -1
1252, 84, -1
1252, 1039, -1
1252, 1357, -1
1252, 463, -1
1252, 589, -1
1125, 84, -1
1125, 1039, -1
1125, 1357, -1
1125, 463, -1
1125, 589, -1
114, 739, -1
695, 739, -1
841, 739, -1
553, 739, -1
339, 739, -1
1252, 739, -1
1125, 739, -1
114, 229, -1
114, 720, -1
695, 229, -1
695, 720, -1
841, 229, -1
841, 720, -1
553, 229, -1
553, 720, -1
339, 229, -1
339, 720, -1
1252, 229, -1
1252, 720, -1
1125, 229, -1
1125, 720, -1
114, 276, -1
695, 276, -1
841, 276, -1
553, 276, -1
339, 276, -1
1252, 276, -1
1125, 276, -1
114, 85, -1
695, 85, -1
841, 85, -1
553, 85, -1
339, 85, -1
1252, 85, -1
1125, 85, -1
739, 321, -1
739, 989, -1
739, 501, -1
739, 500, -1
739, 470, -1
739, 503, -1
739, 424, -1
739, 84, -1
739, 1039, -1
739, 1357, -1
739, 463, -1
739, 589, -1
739, 114, -1
739, 695, -1
739, 841, -1
739, 553, -1
739, 339, -1
739, 1252, -1
739, 1125, -1
739, 229, -1
739, 720, -1
739, 276, -1
739, 85, -1
229, 321, -1
229, 989, -1
229, 501, -1
229, 500, -1
720, 321, -1
720, 989, -1
720, 501, -1
720, 500, -1
229, 470, -1
229, 503, -1
229, 424, -1
720, 470, -1
720, 503, -1
720, 424, -1
229, 84, -1
229, 1039, -1
229, 1357, -1
229, 463, -1
229, 589, -1
720, 84, -1
720, 1039, -1
720, 1357, -1
720, 463, -1
720, 589, -1
229, 114, -1
229, 695, -1
229, 841, -1
229, 553, -1
229, 339, -1
229, 1252, -1
229, 1125, -1
720, 114, -1
720, 695, -1
720, 841, -1
720, 553, -1
720, 339, -1
720, 1252, -1
720, 1125, -1
229, 739, -1
720, 739, -1
229, 276, -1
720, 276, -1
229, 85, -1
720, 85, -1
276, 321, -1
276, 989, -1
276, 501, -1
276, 500, -1
276, 470, -1
276, 503, -1
276, 424, -1
276, 84, -1
276, 1039, -1
276, 1357, -1
276, 463, -1
276, 589, -1
276, 114, -1
276, 695, -1
276, 841, -1
276, 553, -1
276, 339, -1
276, 1252, -1
276, 1125, -1
276, 739, -1
276, 229, -1
276, 720, -1
276, 85, -1
85, 321, -1
85, 989, -1
85, 501, -1
85, 500, -1
85, 470, -1
85, 503, -1
85, 424, -1
85, 84, -1
85, 1039, -1
85, 1357, -1
85, 463, -1
85, 589, -1
85, 114, -1
85, 695, -1
85, 841, -1
85, 553, -1
85, 339, -1
85, 1252, -1
85, 1125, -1
85, 739, -1
85, 229, -1
85, 720, -1
85, 276, -1

