584, 1079, 1
1079, 584, 1
989, 501, 1
501, 989, 1
584, 989, -1
584, 501, -1
1079, 989, -1
1079, 501, -1
584, 84, -1
1079, 84, -1
584, 470, -1
1079, 470, -1
989, 584, -1
989, 1079, -1
501, 584, -1
501, 1079, -1
989, 84, -1
501, 84, -1
989, 470, -1
501, 470, -1
84, 584, -1
84, 1079, -1
84, 989, -1
84, 501, -1
84, 470, -1
470, 584, -1
470, 1079, -1
470, 989, -1
470, 501, -1
470, 84, -1

584, 1079, 1
584, 841, 1
584, 553, 1
1079, 584, 1
1079, 841, 1
1079, 553, 1
841, 584, 1
841, 1079, 1
841, 553, 1
553, 584, 1
553, 1079, 1
553, 841, 1
989, 501, 1
501, 989, 1
584, 989, -1
584, 501, -1
1079, 989, -1
1079, 501, -1
841, 989, -1
841, 501, -1
553, 989, -1
553, 501, -1
584, 84, -1
1079, 84, -1
841, 84, -1
553, 84, -1
584, 470, -1
1079, 470, -1
841, 470, -1
553, 470, -1
584, 506, -1
1079, 506, -1
841, 506, -1
553, 506, -1
989, 584, -1
989, 1079, -1
989, 841, -1
989, 553, -1
501, 584, -1
501, 1079, -1
501, 841, -1
501, 553, -1
989, 84, -1
501, 84, -1
989, 470, -1
501, 470, -1
989, 506, -1
501, 506, -1
84, 584, -1
84, 1079, -1
84, 841, -1
84, 553, -1
84, 989, -1
84, 501, -1
84, 470, -1
84, 506, -1
470, 584, -1
470, 1079, -1
470, 841, -1
470, 553, -1
470, 989, -1
470, 501, -1
470, 84, -1
470, 506, -1
506, 584, -1
506, 1079, -1
506, 841, -1
506, 553, -1
506, 989, -1
506, 501, -1
506, 84, -1
506, 470, -1

584, 1079, 1
584, 841, 1
584, 553, 1
1079, 584, 1
1079, 841, 1
1079, 553, 1
841, 584, 1
841, 1079, 1
841, 553, 1
553, 584, 1
553, 1079, 1
553, 841, 1
989, 501, 1
989, 500, 1
501, 989, 1
501, 500, 1
500, 989, 1
500, 501, 1
84, 1039, 1
1039, 84, 1
584, 989, -1
584, 501, -1
584, 500, -1
1079, 989, -1
1079, 501, -1
1079, 500, -1
841, 989, -1
841, 501, -1
841, 500, -1
553, 989, -1
553, 501, -1
553, 500, -1
584, 84, -1
584, 1039, -1
1079, 84, -1
1079, 1039, -1
841, 84, -1
841, 1039, -1
553, 84, -1
553, 1039, -1
584, 470, -1
1079, 470, -1
841, 470, -1
553, 470, -1
584, 506, -1
1079, 506, -1
841, 506, -1
553, 506, -1
584, 796, -1
1079, 796, -1
841, 796, -1
553, 796, -1
989, 584, -1
989, 1079, -1
989, 841, -1
989, 553, -1
501, 584, -1
501, 1079, -1
501, 841, -1
501, 553, -1
500, 584, -1
500, 1079, -1
500, 841, -1
500, 553, -1
989, 84, -1
989, 1039, -1
501, 84, -1
501, 1039, -1
500, 84, -1
500, 1039, -1
989, 470, -1
501, 470, -1
500, 470, -1
989, 506, -1
501, 506, -1
500, 506, -1
989, 796, -1
501, 796, -1
500, 796, -1
84, 584, -1
84, 1079, -1
84, 841, -1
84, 553, -1
1039, 584, -1
1039, 1079, -1
1039, 841, -1
1039, 553, -1
84, 989, -1
84, 501, -1
84, 500, -1
1039, 989, -1
1039, 501, -1
1039, 500, -1
84, 470, -1
1039, 470, -1
84, 506, -1
1039, 506, -1
84, 796, -1
1039, 796, -1
470, 584, -1
470, 1079, -1
470, 841, -1
470, 553, -1
470, 989, -1
470, 501, -1
470, 500, -1
470, 84, -1
470, 1039, -1
470, 506, -1
470, 796, -1
506, 584, -1
506, 1079, -1
506, 841, -1
506, 553, -1
506, 989, -1
506, 501, -1
506, 500, -1
506, 84, -1
506, 1039, -1
506, 470, -1
506, 796, -1
796, 584, -1
796, 1079, -1
796, 841, -1
796, 553, -1
796, 989, -1
796, 501, -1
796, 500, -1
796, 84, -1
796, 1039, -1
796, 470, -1
796, 506, -1

584, 1079, 1
584, 841, 1
584, 553, 1
584, 1125, 1
584, 1109, 1
584, 707, 1
1079, 584, 1
1079, 841, 1
1079, 553, 1
1079, 1125, 1
1079, 1109, 1
1079, 707, 1
841, 584, 1
841, 1079, 1
841, 553, 1
841, 1125, 1
841, 1109, 1
841, 707, 1
553, 584, 1
553, 1079, 1
553, 841, 1
553, 1125, 1
553, 1109, 1
553, 707, 1
1125, 584, 1
1125, 1079, 1
1125, 841, 1
1125, 553, 1
1125, 1109, 1
1125, 707, 1
1109, 584, 1
1109, 1079, 1
1109, 841, 1
1109, 553, 1
1109, 1125, 1
1109, 707, 1
707, 584, 1
707, 1079, 1
707, 841, 1
707, 553, 1
707, 1125, 1
707, 1109, 1
989, 501, 1
989, 500, 1
501, 989, 1
501, 500, 1
500, 989, 1
500, 501, 1
84, 1039, 1
1039, 84, 1
584, 989, -1
584, 501, -1
584, 500, -1
1079, 989, -1
1079, 501, -1
1079, 500, -1
841, 989, -1
841, 501, -1
841, 500, -1
553, 989, -1
553, 501, -1
553, 500, -1
1125, 989, -1
1125, 501, -1
1125, 500, -1
1109, 989, -1
1109, 501, -1
1109, 500, -1
707, 989, -1
707, 501, -1
707, 500, -1
584, 84, -1
584, 1039, -1
1079, 84, -1
1079, 1039, -1
841, 84, -1
841, 1039, -1
553, 84, -1
553, 1039, -1
1125, 84, -1
1125, 1039, -1
1109, 84, -1
1109, 1039, -1
707, 84, -1
707, 1039, -1
584, 470, -1
1079, 470, -1
841, 470, -1
553, 470, -1
1125, 470, -1
1109, 470, -1
707, 470, -1
584, 506, -1
1079, 506, -1
841, 506, -1
553, 506, -1
1125, 506, -1
1109, 506, -1
707, 506, -1
584, 796, -1
1079, 796, -1
841, 796, -1
553, 796, -1
1125, 796, -1
1109, 796, -1
707, 796, -1
584, 229, -1
1079, 229, -1
841, 229, -1
553, 229, -1
1125, 229, -1
1109, 229, -1
707, 229, -1
989, 584, -1
989, 1079, -1
989, 841, -1
989, 553, -1
989, 1125, -1
989, 1109, -1
989, 707, -1
501, 584, -1
501, 1079, -1
501, 841, -1
501, 553, -1
501, 1125, -1
501, 1109, -1
501, 707, -1
500, 584, -1
500, 1079, -1
500, 841, -1
500, 553, -1
500, 1125, -1
500, 1109, -1
500, 707, -1
989, 84, -1
989, 1039, -1
501, 84, -1
501, 1039, -1
500, 84, -1
500, 1039, -1
989, 470, -1
501, 470, -1
500, 470, -1
989, 506, -1
501, 506, -1
500, 506, -1
989, 796, -1
501, 796, -1
500, 796, -1
989, 229, -1
501, 229, -1
500, 229, -1
84, 584, -1
84, 1079, -1
84, 841, -1
84, 553, -1
84, 1125, -1
84, 1109, -1
84, 707, -1
1039, 584, -1
1039, 1079, -1
1039, 841, -1
1039, 553, -1
1039, 1125, -1
1039, 1109, -1
1039, 707, -1
84, 989, -1
84, 501, -1
84, 500, -1
1039, 989, -1
1039, 501, -1
1039, 500, -1
84, 470, -1
1039, 470, -1
84, 506, -1
1039, 506, -1
84, 796, -1
1039, 796, -1
84, 229, -1
1039, 229, -1
470, 584, -1
470, 1079, -1
470, 841, -1
470, 553, -1
470, 1125, -1
470, 1109, -1
470, 707, -1
470, 989, -1
470, 501, -1
470, 500, -1
470, 84, -1
470, 1039, -1
470, 506, -1
470, 796, -1
470, 229, -1
506, 584, -1
506, 1079, -1
506, 841, -1
506, 553, -1
506, 1125, -1
506, 1109, -1
506, 707, -1
506, 989, -1
506, 501, -1
506, 500, -1
506, 84, -1
506, 1039, -1
506, 470, -1
506, 796, -1
506, 229, -1
796, 584, -1
796, 1079, -1
796, 841, -1
796, 553, -1
796, 1125, -1
796, 1109, -1
796, 707, -1
796, 989, -1
796, 501, -1
796, 500, -1
796, 84, -1
796, 1039, -1
796, 470, -1
796, 506, -1
796, 229, -1
229, 584, -1
229, 1079, -1
229, 841, -1
229, 553, -1
229, 1125, -1
229, 1109, -1
229, 707, -1
229, 989, -1
229, 501, -1
229, 500, -1
229, 84, -1
229, 1039, -1
229, 470, -1
229, 506, -1
229, 796, -1

584, 1079, 1
584, 841, 1
584, 553, 1
584, 1125, 1
584, 1109, 1
584, 707, 1
584, 392, 1
1079, 584, 1
1079, 841, 1
1079, 553, 1
1079, 1125, 1
1079, 1109, 1
1079, 707, 1
1079, 392, 1
841, 584, 1
841, 1079, 1
841, 553, 1
841, 1125, 1
841, 1109, 1
841, 707, 1
841, 392, 1
553, 584, 1
553, 1079, 1
553, 841, 1
553, 1125, 1
553, 1109, 1
553, 707, 1
553, 392, 1
1125, 584, 1
1125, 1079, 1
1125, 841, 1
1125, 553, 1
1125, 1109, 1
1125, 707, 1
1125, 392, 1
1109, 584, 1
1109, 1079, 1
1109, 841, 1
1109, 553, 1
1109, 1125, 1
1109, 707, 1
1109, 392, 1
707, 584, 1
707, 1079, 1
707, 841, 1
707, 553, 1
707, 1125, 1
707, 1109, 1
707, 392, 1
392, 584, 1
392, 1079, 1
392, 841, 1
392, 553, 1
392, 1125, 1
392, 1109, 1
392, 707, 1
989, 501, 1
989, 500, 1
501, 989, 1
501, 500, 1
500, 989, 1
500, 501, 1
84, 1039, 1
1039, 84, 1
584, 989, -1
584, 501, -1
584, 500, -1
1079, 989, -1
1079, 501, -1
1079, 500, -1
841, 989, -1
841, 501, -1
841, 500, -1
553, 989, -1
553, 501, -1
553, 500, -1
1125, 989, -1
1125, 501, -1
1125, 500, -1
1109, 989, -1
1109, 501, -1
1109, 500, -1
707, 989, -1
707, 501, -1
707, 500, -1
392, 989, -1
392, 501, -1
392, 500, -1
584, 84, -1
584, 1039, -1
1079, 84, -1
1079, 1039, -1
841, 84, -1
841, 1039, -1
553, 84, -1
553, 1039, -1
1125, 84, -1
1125, 1039, -1
1109, 84, -1
1109, 1039, -1
707, 84, -1
707, 1039, -1
392, 84, -1
392, 1039, -1
584, 470, -1
1079, 470, -1
841, 470, -1
553, 470, -1
1125, 470, -1
1109, 470, -1
707, 470, -1
392, 470, -1
584, 506, -1
1079, 506, -1
841, 506, -1
553, 506, -1
1125, 506, -1
1109, 506, -1
707, 506, -1
392, 506, -1
584, 796, -1
1079, 796, -1
841, 796, -1
553, 796, -1
1125, 796, -1
1109, 796, -1
707, 796, -1
392, 796, -1
584, 229, -1
1079, 229, -1
841, 229, -1
553, 229, -1
1125, 229, -1
1109, 229, -1
707, 229, -1
392, 229, -1
584, 1184, -1
1079, 1184, -1
841, 1184, -1
553, 1184, -1
1125, 1184, -1
1109, 1184, -1
707, 1184, -1
392, 1184, -1
989, 584, -1
989, 1079, -1
989, 841, -1
989, 553, -1
989, 1125, -1
989, 1109, -1
989, 707, -1
989, 392, -1
501, 584, -1
501, 1079, -1
501, 841, -1
501, 553, -1
501, 1125, -1
501, 1109, -1
501, 707, -1
501, 392, -1
500, 584, -1
500, 1079, -1
500, 841, -1
500, 553, -1
500, 1125, -1
500, 1109, -1
500, 707, -1
500, 392, -1
989, 84, -1
989, 1039, -1
501, 84, -1
501, 1039, -1
500, 84, -1
500, 1039, -1
989, 470, -1
501, 470, -1
500, 470, -1
989, 506, -1
501, 506, -1
500, 506, -1
989, 796, -1
501, 796, -1
500, 796, -1
989, 229, -1
501, 229, -1
500, 229, -1
989, 1184, -1
501, 1184, -1
500, 1184, -1
84, 584, -1
84, 1079, -1
84, 841, -1
84, 553, -1
84, 1125, -1
84, 1109, -1
84, 707, -1
84, 392, -1
1039, 584, -1
1039, 1079, -1
1039, 841, -1
1039, 553, -1
1039, 1125, -1
1039, 1109, -1
1039, 707, -1
1039, 392, -1
84, 989, -1
84, 501, -1
84, 500, -1
1039, 989, -1
1039, 501, -1
1039, 500, -1
84, 470, -1
1039, 470, -1
84, 506, -1
1039, 506, -1
84, 796, -1
1039, 796, -1
84, 229, -1
1039, 229, -1
84, 1184, -1
1039, 1184, -1
470, 584, -1
470, 1079, -1
470, 841, -1
470, 553, -1
470, 1125, -1
470, 1109, -1
470, 707, -1
470, 392, -1
470, 989, -1
470, 501, -1
470, 500, -1
470, 84, -1
470, 1039, -1
470, 506, -1
470, 796, -1
470, 229, -1
470, 1184, -1
506, 584, -1
506, 1079, -1
506, 841, -1
506, 553, -1
506, 1125, -1
506, 1109, -1
506, 707, -1
506, 392, -1
506, 989, -1
506, 501, -1
506, 500, -1
506, 84, -1
506, 1039, -1
506, 470, -1
506, 796, -1
506, 229, -1
506, 1184, -1
796, 584, -1
796, 1079, -1
796, 841, -1
796, 553, -1
796, 1125, -1
796, 1109, -1
796, 707, -1
796, 392, -1
796, 989, -1
796, 501, -1
796, 500, -1
796, 84, -1
796, 1039, -1
796, 470, -1
796, 506, -1
796, 229, -1
796, 1184, -1
229, 584, -1
229, 1079, -1
229, 841, -1
229, 553, -1
229, 1125, -1
229, 1109, -1
229, 707, -1
229, 392, -1
229, 989, -1
229, 501, -1
229, 500, -1
229, 84, -1
229, 1039, -1
229, 470, -1
229, 506, -1
229, 796, -1
229, 1184, -1
1184, 584, -1
1184, 1079, -1
1184, 841, -1
1184, 553, -1
1184, 1125, -1
1184, 1109, -1
1184, 707, -1
1184, 392, -1
1184, 989, -1
1184, 501, -1
1184, 500, -1
1184, 84, -1
1184, 1039, -1
1184, 470, -1
1184, 506, -1
1184, 796, -1
1184, 229, -1

584, 1079, 1
584, 841, 1
584, 553, 1
584, 1125, 1
584, 1109, 1
584, 707, 1
584, 392, 1
584, 145, 1
584, 1220, 1
1079, 584, 1
1079, 841, 1
1079, 553, 1
1079, 1125, 1
1079, 1109, 1
1079, 707, 1
1079, 392, 1
1079, 145, 1
1079, 1220, 1
841, 584, 1
841, 1079, 1
841, 553, 1
841, 1125, 1
841, 1109, 1
841, 707, 1
841, 392, 1
841, 145, 1
841, 1220, 1
553, 584, 1
553, 1079, 1
553, 841, 1
553, 1125, 1
553, 1109, 1
553, 707, 1
553, 392, 1
553, 145, 1
553, 1220, 1
1125, 584, 1
1125, 1079, 1
1125, 841, 1
1125, 553, 1
1125, 1109, 1
1125, 707, 1
1125, 392, 1
1125, 145, 1
1125, 1220, 1
1109, 584, 1
1109, 1079, 1
1109, 841, 1
1109, 553, 1
1109, 1125, 1
1109, 707, 1
1109, 392, 1
1109, 145, 1
1109, 1220, 1
707, 584, 1
707, 1079, 1
707, 841, 1
707, 553, 1
707, 1125, 1
707, 1109, 1
707, 392, 1
707, 145, 1
707, 1220, 1
392, 584, 1
392, 1079, 1
392, 841, 1
392, 553, 1
392, 1125, 1
392, 1109, 1
392, 707, 1
392, 145, 1
392, 1220, 1
145, 584, 1
145, 1079, 1
145, 841, 1
145, 553, 1
145, 1125, 1
145, 1109, 1
145, 707, 1
145, 392, 1
145, 1220, 1
1220, 584, 1
1220, 1079, 1
1220, 841, 1
1220, 553, 1
1220, 1125, 1
1220, 1109, 1
1220, 707, 1
1220, 392, 1
1220, 145, 1
989, 501, 1
989, 500, 1
501, 989, 1
501, 500, 1
500, 989, 1
500, 501, 1
84, 1039, 1
1039, 84, 1
229, 720, 1
720, 229, 1
584, 989, -1
584, 501, -1
584, 500, -1
1079, 989, -1
1079, 501, -1
1079, 500, -1
841, 989, -1
841, 501, -1
841, 500, -1
553, 989, -1
553, 501, -1
553, 500, -1
1125, 989, -1
1125, 501, -1
1125, 500, -1
1109, 989, -1
1109, 501, -1
1109, 500, -1
707, 989, -1
707, 501, -1
707, 500, -1
392, 989, -1
392, 501, -1
392, 500, -1
145, 989, -1
145, 501, -1
145, 500, -1
1220, 989, -1
1220, 501, -1
1220, 500, -1
584, 84, -1
584, 1039, -1
1079, 84, -1
1079, 1039, -1
841, 84, -1
841, 1039, -1
553, 84, -1
553, 1039, -1
1125, 84, -1
1125, 1039, -1
1109, 84, -1
1109, 1039, -1
707, 84, -1
707, 1039, -1
392, 84, -1
392, 1039, -1
145, 84, -1
145, 1039, -1
1220, 84, -1
1220, 1039, -1
584, 470, -1
1079, 470, -1
841, 470, -1
553, 470, -1
1125, 470, -1
1109, 470, -1
707, 470, -1
392, 470, -1
145, 470, -1
1220, 470, -1
584, 506, -1
1079, 506, -1
841, 506, -1
553, 506, -1
1125, 506, -1
1109, 506, -1
707, 506, -1
392, 506, -1
145, 506, -1
1220, 506, -1
584, 796, -1
1079, 796, -1
841, 796, -1
553, 796, -1
1125, 796, -1
1109, 796, -1
707, 796, -1
392, 796, -1
145, 796, -1
1220, 796, -1
584, 229, -1
584, 720, -1
1079, 229, -1
1079, 720, -1
841, 229, -1
841, 720, -1
553, 229, -1
553, 720, -1
1125, 229, -1
1125, 720, -1
1109, 229, -1
1109, 720, -1
707, 229, -1
707, 720, -1
392, 229, -1
392, 720, -1
145, 229, -1
145, 720, -1
1220, 229, -1
1220, 720, -1
584, 1184, -1
1079, 1184, -1
841, 1184, -1
553, 1184, -1
1125, 1184, -1
1109, 1184, -1
707, 1184, -1
392, 1184, -1
145, 1184, -1
1220, 1184, -1
989, 584, -1
989, 1079, -1
989, 841, -1
989, 553, -1
989, 1125, -1
989, 1109, -1
989, 707, -1
989, 392, -1
989, 145, -1
989, 1220, -1
501, 584, -1
501, 1079, -1
501, 841, -1
501, 553, -1
501, 1125, -1
501, 1109, -1
501, 707, -1
501, 392, -1
501, 145, -1
501, 1220, -1
500, 584, -1
500, 1079, -1
500, 841, -1
500, 553, -1
500, 1125, -1
500, 1109, -1
500, 707, -1
500, 392, -1
500, 145, -1
500, 1220, -1
989, 84, -1
989, 1039, -1
501, 84, -1
501, 1039, -1
500, 84, -1
500, 1039, -1
989, 470, -1
501, 470, -1
500, 470, -1
989, 506, -1
501, 506, -1
500, 506, -1
989, 796, -1
501, 796, -1
500, 796, -1
989, 229, -1
989, 720, -1
501, 229, -1
501, 720, -1
500, 229, -1
500, 720, -1
989, 1184, -1
501, 1184, -1
500, 1184, -1
84, 584, -1
84, 1079, -1
84, 841, -1
84, 553, -1
84, 1125, -1
84, 1109, -1
84, 707, -1
84, 392, -1
84, 145, -1
84, 1220, -1
1039, 584, -1
1039, 1079, -1
1039, 841, -1
1039, 553, -1
1039, 1125, -1
1039, 1109, -1
1039, 707, -1
1039, 392, -1
1039, 145, -1
1039, 1220, -1
84, 989, -1
84, 501, -1
84, 500, -1
1039, 989, -1
1039, 501, -1
1039, 500, -1
84, 470, -1
1039, 470, -1
84, 506, -1
1039, 506, -1
84, 796, -1
1039, 796, -1
84, 229, -1
84, 720, -1
1039, 229, -1
1039, 720, -1
84, 1184, -1
1039, 1184, -1
470, 584, -1
470, 1079, -1
470, 841, -1
470, 553, -1
470, 1125, -1
470, 1109, -1
470, 707, -1
470, 392, -1
470, 145, -1
470, 1220, -1
470, 989, -1
470, 501, -1
470, 500, -1
470, 84, -1
470, 1039, -1
470, 506, -1
470, 796, -1
470, 229, -1
470, 720, -1
470, 1184, -1
506, 584, -1
506, 1079, -1
506, 841, -1
506, 553, -1
506, 1125, -1
506, 1109, -1
506, 707, -1
506, 392, -1
506, 145, -1
506, 1220, -1
506, 989, -1
506, 501, -1
506, 500, -1
506, 84, -1
506, 1039, -1
506, 470, -1
506, 796, -1
506, 229, -1
506, 720, -1
506, 1184, -1
796, 584, -1
796, 1079, -1
796, 841, -1
796, 553, -1
796, 1125, -1
796, 1109, -1
796, 707, -1
796, 392, -1
796, 145, -1
796, 1220, -1
796, 989, -1
796, 501, -1
796, 500, -1
796, 84, -1
796, 1039, -1
796, 470, -1
796, 506, -1
796, 229, -1
796, 720, -1
796, 1184, -1
229, 584, -1
229, 1079, -1
229, 841, -1
229, 553, -1
229, 1125, -1
229, 1109, -1
229, 707, -1
229, 392, -1
229, 145, -1
229, 1220, -1
720, 584, -1
720, 1079, -1
720, 841, -1
720, 553, -1
720, 1125, -1
720, 1109, -1
720, 707, -1
720, 392, -1
720, 145, -1
720, 1220, -1
229, 989, -1
229, 501, -1
229, 500, -1
720, 989, -1
720, 501, -1
720, 500, -1
229, 84, -1
229, 1039, -1
720, 84, -1
720, 1039, -1
229, 470, -1
720, 470, -1
229, 506, -1
720, 506, -1
229, 796, -1
720, 796, -1
229, 1184, -1
720, 1184, -1
1184, 584, -1
1184, 1079, -1
1184, 841, -1
1184, 553, -1
1184, 1125, -1
1184, 1109, -1
1184, 707, -1
1184, 392, -1
1184, 145, -1
1184, 1220, -1
1184, 989, -1
1184, 501, -1
1184, 500, -1
1184, 84, -1
1184, 1039, -1
1184, 470, -1
1184, 506, -1
1184, 796, -1
1184, 229, -1
1184, 720, -1

584, 1079, 1
584, 841, 1
584, 553, 1
584, 1125, 1
584, 1109, 1
584, 707, 1
584, 392, 1
584, 145, 1
584, 1220, 1
584, 1201, 1
1079, 584, 1
1079, 841, 1
1079, 553, 1
1079, 1125, 1
1079, 1109, 1
1079, 707, 1
1079, 392, 1
1079, 145, 1
1079, 1220, 1
1079, 1201, 1
841, 584, 1
841, 1079, 1
841, 553, 1
841, 1125, 1
841, 1109, 1
841, 707, 1
841, 392, 1
841, 145, 1
841, 1220, 1
841, 1201, 1
553, 584, 1
553, 1079, 1
553, 841, 1
553, 1125, 1
553, 1109, 1
553, 707, 1
553, 392, 1
553, 145, 1
553, 1220, 1
553, 1201, 1
1125, 584, 1
1125, 1079, 1
1125, 841, 1
1125, 553, 1
1125, 1109, 1
1125, 707, 1
1125, 392, 1
1125, 145, 1
1125, 1220, 1
1125, 1201, 1
1109, 584, 1
1109, 1079, 1
1109, 841, 1
1109, 553, 1
1109, 1125, 1
1109, 707, 1
1109, 392, 1
1109, 145, 1
1109, 1220, 1
1109, 1201, 1
707, 584, 1
707, 1079, 1
707, 841, 1
707, 553, 1
707, 1125, 1
707, 1109, 1
707, 392, 1
707, 145, 1
707, 1220, 1
707, 1201, 1
392, 584, 1
392, 1079, 1
392, 841, 1
392, 553, 1
392, 1125, 1
392, 1109, 1
392, 707, 1
392, 145, 1
392, 1220, 1
392, 1201, 1
145, 584, 1
145, 1079, 1
145, 841, 1
145, 553, 1
145, 1125, 1
145, 1109, 1
145, 707, 1
145, 392, 1
145, 1220, 1
145, 1201, 1
1220, 584, 1
1220, 1079, 1
1220, 841, 1
1220, 553, 1
1220, 1125, 1
1220, 1109, 1
1220, 707, 1
1220, 392, 1
1220, 145, 1
1220, 1201, 1
1201, 584, 1
1201, 1079, 1
1201, 841, 1
1201, 553, 1
1201, 1125, 1
1201, 1109, 1
1201, 707, 1
1201, 392, 1
1201, 145, 1
1201, 1220, 1
989, 501, 1
989, 500, 1
501, 989, 1
501, 500, 1
500, 989, 1
500, 501, 1
84, 1039, 1
84, 899, 1
1039, 84, 1
1039, 899, 1
899, 84, 1
899, 1039, 1
796, 505, 1
505, 796, 1
229, 720, 1
720, 229, 1
584, 989, -1
584, 501, -1
584, 500, -1
1079, 989, -1
1079, 501, -1
1079, 500, -1
841, 989, -1
841, 501, -1
841, 500, -1
553, 989, -1
553, 501, -1
553, 500, -1
1125, 989, -1
1125, 501, -1
1125, 500, -1
1109, 989, -1
1109, 501, -1
1109, 500, -1
707, 989, -1
707, 501, -1
707, 500, -1
392, 989, -1
392, 501, -1
392, 500, -1
145, 989, -1
145, 501, -1
145, 500, -1
1220, 989, -1
1220, 501, -1
1220, 500, -1
1201, 989, -1
1201, 501, -1
1201, 500, -1
584, 84, -1
584, 1039, -1
584, 899, -1
1079, 84, -1
1079, 1039, -1
1079, 899, -1
841, 84, -1
841, 1039, -1
841, 899, -1
553, 84, -1
553, 1039, -1
553, 899, -1
1125, 84, -1
1125, 1039, -1
1125, 899, -1
1109, 84, -1
1109, 1039, -1
1109, 899, -1
707, 84, -1
707, 1039, -1
707, 899, -1
392, 84, -1
392, 1039, -1
392, 899, -1
145, 84, -1
145, 1039, -1
145, 899, -1
1220, 84, -1
1220, 1039, -1
1220, 899, -1
1201, 84, -1
1201, 1039, -1
1201, 899, -1
584, 470, -1
1079, 470, -1
841, 470, -1
553, 470, -1
1125, 470, -1
1109, 470, -1
707, 470, -1
392, 470, -1
145, 470, -1
1220, 470, -1
1201, 470, -1
584, 506, -1
1079, 506, -1
841, 506, -1
553, 506, -1
1125, 506, -1
1109, 506, -1
707, 506, -1
392, 506, -1
145, 506, -1
1220, 506, -1
1201, 506, -1
584, 796, -1
584, 505, -1
1079, 796, -1
1079, 505, -1
841, 796, -1
841, 505, -1
553, 796, -1
553, 505, -1
1125, 796, -1
1125, 505, -1
1109, 796, -1
1109, 505, -1
707, 796, -1
707, 505, -1
392, 796, -1
392, 505, -1
145, 796, -1
145, 505, -1
1220, 796, -1
1220, 505, -1
1201, 796, -1
1201, 505, -1
584, 229, -1
584, 720, -1
1079, 229, -1
1079, 720, -1
841, 229, -1
841, 720, -1
553, 229, -1
553, 720, -1
1125, 229, -1
1125, 720, -1
1109, 229, -1
1109, 720, -1
707, 229, -1
707, 720, -1
392, 229, -1
392, 720, -1
145, 229, -1
145, 720, -1
1220, 229, -1
1220, 720, -1
1201, 229, -1
1201, 720, -1
584, 1184, -1
1079, 1184, -1
841, 1184, -1
553, 1184, -1
1125, 1184, -1
1109, 1184, -1
707, 1184, -1
392, 1184, -1
145, 1184, -1
1220, 1184, -1
1201, 1184, -1
989, 584, -1
989, 1079, -1
989, 841, -1
989, 553, -1
989, 1125, -1
989, 1109, -1
989, 707, -1
989, 392, -1
989, 145, -1
989, 1220, -1
989, 1201, -1
501, 584, -1
501, 1079, -1
501, 841, -1
501, 553, -1
501, 1125, -1
501, 1109, -1
501, 707, -1
501, 392, -1
501, 145, -1
501, 1220, -1
501, 1201, -1
500, 584, -1
500, 1079, -1
500, 841, -1
500, 553, -1
500, 1125, -1
500, 1109, -1
500, 707, -1
500, 392, -1
500, 145, -1
500, 1220, -1
500, 1201, -1
989, 84, -1
989, 1039, -1
989, 899, -1
501, 84, -1
501, 1039, -1
501, 899, -1
500, 84, -1
500, 1039, -1
500, 899, -1
989, 470, -1
501, 470, -1
500, 470, -1
989, 506, -1
501, 506, -1
500, 506, -1
989, 796, -1
989, 505, -1
501, 796, -1
501, 505, -1
500, 796, -1
500, 505, -1
989, 229, -1
989, 720, -1
501, 229, -1
501, 720, -1
500, 229, -1
500, 720, -1
989, 1184, -1
501, 1184, -1
500, 1184, -1
84, 584, -1
84, 1079, -1
84, 841, -1
84, 553, -1
84, 1125, -1
84, 1109, -1
84, 707, -1
84, 392, -1
84, 145, -1
84, 1220, -1
84, 1201, -1
1039, 584, -1
1039, 1079, -1
1039, 841, -1
1039, 553, -1
1039, 1125, -1
1039, 1109, -1
1039, 707, -1
1039, 392, -1
1039, 145, -1
1039, 1220, -1
1039, 1201, -1
899, 584, -1
899, 1079, -1
899, 841, -1
899, 553, -1
899, 1125, -1
899, 1109, -1
899, 707, -1
899, 392, -1
899, 145, -1
899, 1220, -1
899, 1201, -1
84, 989, -1
84, 501, -1
84, 500, -1
1039, 989, -1
1039, 501, -1
1039, 500, -1
899, 989, -1
899, 501, -1
899, 500, -1
84, 470, -1
1039, 470, -1
899, 470, -1
84, 506, -1
1039, 506, -1
899, 506, -1
84, 796, -1
84, 505, -1
1039, 796, -1
1039, 505, -1
899, 796, -1
899, 505, -1
84, 229, -1
84, 720, -1
1039, 229, -1
1039, 720, -1
899, 229, -1
899, 720, -1
84, 1184, -1
1039, 1184, -1
899, 1184, -1
470, 584, -1
470, 1079, -1
470, 841, -1
470, 553, -1
470, 1125, -1
470, 1109, -1
470, 707, -1
470, 392, -1
470, 145, -1
470, 1220, -1
470, 1201, -1
470, 989, -1
470, 501, -1
470, 500, -1
470, 84, -1
470, 1039, -1
470, 899, -1
470, 506, -1
470, 796, -1
470, 505, -1
470, 229, -1
470, 720, -1
470, 1184, -1
506, 584, -1
506, 1079, -1
506, 841, -1
506, 553, -1
506, 1125, -1
506, 1109, -1
506, 707, -1
506, 392, -1
506, 145, -1
506, 1220, -1
506, 1201, -1
506, 989, -1
506, 501, -1
506, 500, -1
506, 84, -1
506, 1039, -1
506, 899, -1
506, 470, -1
506, 796, -1
506, 505, -1
506, 229, -1
506, 720, -1
506, 1184, -1
796, 584, -1
796, 1079, -1
796, 841, -1
796, 553, -1
796, 1125, -1
796, 1109, -1
796, 707, -1
796, 392, -1
796, 145, -1
796, 1220, -1
796, 1201, -1
505, 584, -1
505, 1079, -1
505, 841, -1
505, 553, -1
505, 1125, -1
505, 1109, -1
505, 707, -1
505, 392, -1
505, 145, -1
505, 1220, -1
505, 1201, -1
796, 989, -1
796, 501, -1
796, 500, -1
505, 989, -1
505, 501, -1
505, 500, -1
796, 84, -1
796, 1039, -1
796, 899, -1
505, 84, -1
505, 1039, -1
505, 899, -1
796, 470, -1
505, 470, -1
796, 506, -1
505, 506, -1
796, 229, -1
796, 720, -1
505, 229, -1
505, 720, -1
796, 1184, -1
505, 1184, -1
229, 584, -1
229, 1079, -1
229, 841, -1
229, 553, -1
229, 1125, -1
229, 1109, -1
229, 707, -1
229, 392, -1
229, 145, -1
229, 1220, -1
229, 1201, -1
720, 584, -1
720, 1079, -1
720, 841, -1
720, 553, -1
720, 1125, -1
720, 1109, -1
720, 707, -1
720, 392, -1
720, 145, -1
720, 1220, -1
720, 1201, -1
229, 989, -1
229, 501, -1
229, 500, -1
720, 989, -1
720, 501, -1
720, 500, -1
229, 84, -1
229, 1039, -1
229, 899, -1
720, 84, -1
720, 1039, -1
720, 899, -1
229, 470, -1
720, 470, -1
229, 506, -1
720, 506, -1
229, 796, -1
229, 505, -1
720, 796, -1
720, 505, -1
229, 1184, -1
720, 1184, -1
1184, 584, -1
1184, 1079, -1
1184, 841, -1
1184, 553, -1
1184, 1125, -1
1184, 1109, -1
1184, 707, -1
1184, 392, -1
1184, 145, -1
1184, 1220, -1
1184, 1201, -1
1184, 989, -1
1184, 501, -1
1184, 500, -1
1184, 84, -1
1184, 1039, -1
1184, 899, -1
1184, 470, -1
1184, 506, -1
1184, 796, -1
1184, 505, -1
1184, 229, -1
1184, 720, -1

584, 1079, 1
584, 841, 1
584, 553, 1
584, 1125, 1
584, 1109, 1
584, 707, 1
584, 392, 1
584, 145, 1
584, 1220, 1
584, 1201, 1
1079, 584, 1
1079, 841, 1
1079, 553, 1
1079, 1125, 1
1079, 1109, 1
1079, 707, 1
1079, 392, 1
1079, 145, 1
1079, 1220, 1
1079, 1201, 1
841, 584, 1
841, 1079, 1
841, 553, 1
841, 1125, 1
841, 1109, 1
841, 707, 1
841, 392, 1
841, 145, 1
841, 1220, 1
841, 1201, 1
553, 584, 1
553, 1079, 1
553, 841, 1
553, 1125, 1
553, 1109, 1
553, 707, 1
553, 392, 1
553, 145, 1
553, 1220, 1
553, 1201, 1
1125, 584, 1
1125, 1079, 1
1125, 841, 1
1125, 553, 1
1125, 1109, 1
1125, 707, 1
1125, 392, 1
1125, 145, 1
1125, 1220, 1
1125, 1201, 1
1109, 584, 1
1109, 1079, 1
1109, 841, 1
1109, 553, 1
1109, 1125, 1
1109, 707, 1
1109, 392, 1
1109, 145, 1
1109, 1220, 1
1109, 1201, 1
707, 584, 1
707, 1079, 1
707, 841, 1
707, 553, 1
707, 1125, 1
707, 1109, 1
707, 392, 1
707, 145, 1
707, 1220, 1
707, 1201, 1
392, 584, 1
392, 1079, 1
392, 841, 1
392, 553, 1
392, 1125, 1
392, 1109, 1
392, 707, 1
392, 145, 1
392, 1220, 1
392, 1201, 1
145, 584, 1
145, 1079, 1
145, 841, 1
145, 553, 1
145, 1125, 1
145, 1109, 1
145, 707, 1
145, 392, 1
145, 1220, 1
145, 1201, 1
1220, 584, 1
1220, 1079, 1
1220, 841, 1
1220, 553, 1
1220, 1125, 1
1220, 1109, 1
1220, 707, 1
1220, 392, 1
1220, 145, 1
1220, 1201, 1
1201, 584, 1
1201, 1079, 1
1201, 841, 1
1201, 553, 1
1201, 1125, 1
1201, 1109, 1
1201, 707, 1
1201, 392, 1
1201, 145, 1
1201, 1220, 1
989, 501, 1
989, 500, 1
501, 989, 1
501, 500, 1
500, 989, 1
500, 501, 1
84, 1039, 1
84, 899, 1
1039, 84, 1
1039, 899, 1
899, 84, 1
899, 1039, 1
470, 745, 1
745, 470, 1
506, 488, 1
488, 506, 1
796, 505, 1
505, 796, 1
229, 720, 1
720, 229, 1
584, 989, -1
584, 501, -1
584, 500, -1
1079, 989, -1
1079, 501, -1
1079, 500, -1
841, 989, -1
841, 501, -1
841, 500, -1
553, 989, -1
553, 501, -1
553, 500, -1
1125, 989, -1
1125, 501, -1
1125, 500, -1
1109, 989, -1
1109, 501, -1
1109, 500, -1
707, 989, -1
707, 501, -1
707, 500, -1
392, 989, -1
392, 501, -1
392, 500, -1
145, 989, -1
145, 501, -1
145, 500, -1
1220, 989, -1
1220, 501, -1
1220, 500, -1
1201, 989, -1
1201, 501, -1
1201, 500, -1
584, 84, -1
584, 1039, -1
584, 899, -1
1079, 84, -1
1079, 1039, -1
1079, 899, -1
841, 84, -1
841, 1039, -1
841, 899, -1
553, 84, -1
553, 1039, -1
553, 899, -1
1125, 84, -1
1125, 1039, -1
1125, 899, -1
1109, 84, -1
1109, 1039, -1
1109, 899, -1
707, 84, -1
707, 1039, -1
707, 899, -1
392, 84, -1
392, 1039, -1
392, 899, -1
145, 84, -1
145, 1039, -1
145, 899, -1
1220, 84, -1
1220, 1039, -1
1220, 899, -1
1201, 84, -1
1201, 1039, -1
1201, 899, -1
584, 470, -1
584, 745, -1
1079, 470, -1
1079, 745, -1
841, 470, -1
841, 745, -1
553, 470, -1
553, 745, -1
1125, 470, -1
1125, 745, -1
1109, 470, -1
1109, 745, -1
707, 470, -1
707, 745, -1
392, 470, -1
392, 745, -1
145, 470, -1
145, 745, -1
1220, 470, -1
1220, 745, -1
1201, 470, -1
1201, 745, -1
584, 506, -1
584, 488, -1
1079, 506, -1
1079, 488, -1
841, 506, -1
841, 488, -1
553, 506, -1
553, 488, -1
1125, 506, -1
1125, 488, -1
1109, 506, -1
1109, 488, -1
707, 506, -1
707, 488, -1
392, 506, -1
392, 488, -1
145, 506, -1
145, 488, -1
1220, 506, -1
1220, 488, -1
1201, 506, -1
1201, 488, -1
584, 796, -1
584, 505, -1
1079, 796, -1
1079, 505, -1
841, 796, -1
841, 505, -1
553, 796, -1
553, 505, -1
1125, 796, -1
1125, 505, -1
1109, 796, -1
1109, 505, -1
707, 796, -1
707, 505, -1
392, 796, -1
392, 505, -1
145, 796, -1
145, 505, -1
1220, 796, -1
1220, 505, -1
1201, 796, -1
1201, 505, -1
584, 229, -1
584, 720, -1
1079, 229, -1
1079, 720, -1
841, 229, -1
841, 720, -1
553, 229, -1
553, 720, -1
1125, 229, -1
1125, 720, -1
1109, 229, -1
1109, 720, -1
707, 229, -1
707, 720, -1
392, 229, -1
392, 720, -1
145, 229, -1
145, 720, -1
1220, 229, -1
1220, 720, -1
1201, 229, -1
1201, 720, -1
584, 1184, -1
1079, 1184, -1
841, 1184, -1
553, 1184, -1
1125, 1184, -1
1109, 1184, -1
707, 1184, -1
392, 1184, -1
145, 1184, -1
1220, 1184, -1
1201, 1184, -1
989, 584, -1
989, 1079, -1
989, 841, -1
989, 553, -1
989, 1125, -1
989, 1109, -1
989, 707, -1
989, 392, -1
989, 145, -1
989, 1220, -1
989, 1201, -1
501, 584, -1
501, 1079, -1
501, 841, -1
501, 553, -1
501, 1125, -1
501, 1109, -1
501, 707, -1
501, 392, -1
501, 145, -1
501, 1220, -1
501, 1201, -1
500, 584, -1
500, 1079, -1
500, 841, -1
500, 553, -1
500, 1125, -1
500, 1109, -1
500, 707, -1
500, 392, -1
500, 145, -1
500, 1220, -1
500, 1201, -1
989, 84, -1
989, 1039, -1
989, 899, -1
501, 84, -1
501, 1039, -1
501, 899, -1
500, 84, -1
500, 1039, -1
500, 899, -1
989, 470, -1
989, 745, -1
501, 470, -1
501, 745, -1
500, 470, -1
500, 745, -1
989, 506, -1
989, 488, -1
501, 506, -1
501, 488, -1
500, 506, -1
500, 488, -1
989, 796, -1
989, 505, -1
501, 796, -1
501, 505, -1
500, 796, -1
500, 505, -1
989, 229, -1
989, 720, -1
501, 229, -1
501, 720, -1
500, 229, -1
500, 720, -1
989, 1184, -1
501, 1184, -1
500, 1184, -1
84, 584, -1
84, 1079, -1
84, 841, -1
84, 553, -1
84, 1125, -1
84, 1109, -1
84, 707, -1
84, 392, -1
84, 145, -1
84, 1220, -1
84, 1201, -1
1039, 584, -1
1039, 1079, -1
1039, 841, -1
1039, 553, -1
1039, 1125, -1
1039, 1109, -1
1039, 707, -1
1039, 392, -1
1039, 145, -1
1039, 1220, -1
1039, 1201, -1
899, 584, -1
899, 1079, -1
899, 841, -1
899, 553, -1
899, 1125, -1
899, 1109, -1
899, 707, -1
899, 392, -1
899, 145, -1
899, 1220, -1
899, 1201, -1
84, 989, -1
84, 501, -1
84, 500, -1
1039, 989, -1
1039, 501, -1
1039, 500, -1
899, 989, -1
899, 501, -1
899, 500, -1
84, 470, -1
84, 745, -1
1039, 470, -1
1039, 745, -1
899, 470, -1
899, 745, -1
84, 506, -1
84, 488, -1
1039, 506, -1
1039, 488, -1
899, 506, -1
899, 488, -1
84, 796, -1
84, 505, -1
1039, 796, -1
1039, 505, -1
899, 796, -1
899, 505, -1
84, 229, -1
84, 720, -1
1039, 229, -1
1039, 720, -1
899, 229, -1
899, 720, -1
84, 1184, -1
1039, 1184, -1
899, 1184, -1
470, 584, -1
470, 1079, -1
470, 841, -1
470, 553, -1
470, 1125, -1
470, 1109, -1
470, 707, -1
470, 392, -1
470, 145, -1
470, 1220, -1
470, 1201, -1
745, 584, -1
745, 1079, -1
745, 841, -1
745, 553, -1
745, 1125, -1
745, 1109, -1
745, 707, -1
745, 392, -1
745, 145, -1
745, 1220, -1
745, 1201, -1
470, 989, -1
470, 501, -1
470, 500, -1
745, 989, -1
745, 501, -1
745, 500, -1
470, 84, -1
470, 1039, -1
470, 899, -1
745, 84, -1
745, 1039, -1
745, 899, -1
470, 506, -1
470, 488, -1
745, 506, -1
745, 488, -1
470, 796, -1
470, 505, -1
745, 796, -1
745, 505, -1
470, 229, -1
470, 720, -1
745, 229, -1
745, 720, -1
470, 1184, -1
745, 1184, -1
506, 584, -1
506, 1079, -1
506, 841, -1
506, 553, -1
506, 1125, -1
506, 1109, -1
506, 707, -1
506, 392, -1
506, 145, -1
506, 1220, -1
506, 1201, -1
488, 584, -1
488, 1079, -1
488, 841, -1
488, 553, -1
488, 1125, -1
488, 1109, -1
488, 707, -1
488, 392, -1
488, 145, -1
488, 1220, -1
488, 1201, -1
506, 989, -1
506, 501, -1
506, 500, -1
488, 989, -1
488, 501, -1
488, 500, -1
506, 84, -1
506, 1039, -1
506, 899, -1
488, 84, -1
488, 1039, -1
488, 899, -1
506, 470, -1
506, 745, -1
488, 470, -1
488, 745, -1
506, 796, -1
506, 505, -1
488, 796, -1
488, 505, -1
506, 229, -1
506, 720, -1
488, 229, -1
488, 720, -1
506, 1184, -1
488, 1184, -1
796, 584, -1
796, 1079, -1
796, 841, -1
796, 553, -1
796, 1125, -1
796, 1109, -1
796, 707, -1
796, 392, -1
796, 145, -1
796, 1220, -1
796, 1201, -1
505, 584, -1
505, 1079, -1
505, 841, -1
505, 553, -1
505, 1125, -1
505, 1109, -1
505, 707, -1
505, 392, -1
505, 145, -1
505, 1220, -1
505, 1201, -1
796, 989, -1
796, 501, -1
796, 500, -1
505, 989, -1
505, 501, -1
505, 500, -1
796, 84, -1
796, 1039, -1
796, 899, -1
505, 84, -1
505, 1039, -1
505, 899, -1
796, 470, -1
796, 745, -1
505, 470, -1
505, 745, -1
796, 506, -1
796, 488, -1
505, 506, -1
505, 488, -1
796, 229, -1
796, 720, -1
505, 229, -1
505, 720, -1
796, 1184, -1
505, 1184, -1
229, 584, -1
229, 1079, -1
229, 841, -1
229, 553, -1
229, 1125, -1
229, 1109, -1
229, 707, -1
229, 392, -1
229, 145, -1
229, 1220, -1
229, 1201, -1
720, 584, -1
720, 1079, -1
720, 841, -1
720, 553, -1
720, 1125, -1
720, 1109, -1
720, 707, -1
720, 392, -1
720, 145, -1
720, 1220, -1
720, 1201, -1
229, 989, -1
229, 501, -1
229, 500, -1
720, 989, -1
720, 501, -1
720, 500, -1
229, 84, -1
229, 1039, -1
229, 899, -1
720, 84, -1
720, 1039, -1
720, 899, -1
229, 470, -1
229, 745, -1
720, 470, -1
720, 745, -1
229, 506, -1
229, 488, -1
720, 506, -1
720, 488, -1
229, 796, -1
229, 505, -1
720, 796, -1
720, 505, -1
229, 1184, -1
720, 1184, -1
1184, 584, -1
1184, 1079, -1
1184, 841, -1
1184, 553, -1
1184, 1125, -1
1184, 1109, -1
1184, 707, -1
1184, 392, -1
1184, 145, -1
1184, 1220, -1
1184, 1201, -1
1184, 989, -1
1184, 501, -1
1184, 500, -1
1184, 84, -1
1184, 1039, -1
1184, 899, -1
1184, 470, -1
1184, 745, -1
1184, 506, -1
1184, 488, -1
1184, 796, -1
1184, 505, -1
1184, 229, -1
1184, 720, -1

584, 1079, 1
584, 841, 1
584, 553, 1
584, 1125, 1
584, 1109, 1
584, 707, 1
584, 392, 1
584, 145, 1
584, 1220, 1
584, 1201, 1
1079, 584, 1
1079, 841, 1
1079, 553, 1
1079, 1125, 1
1079, 1109, 1
1079, 707, 1
1079, 392, 1
1079, 145, 1
1079, 1220, 1
1079, 1201, 1
841, 584, 1
841, 1079, 1
841, 553, 1
841, 1125, 1
841, 1109, 1
841, 707, 1
841, 392, 1
841, 145, 1
841, 1220, 1
841, 1201, 1
553, 584, 1
553, 1079, 1
553, 841, 1
553, 1125, 1
553, 1109, 1
553, 707, 1
553, 392, 1
553, 145, 1
553, 1220, 1
553, 1201, 1
1125, 584, 1
1125, 1079, 1
1125, 841, 1
1125, 553, 1
1125, 1109, 1
1125, 707, 1
1125, 392, 1
1125, 145, 1
1125, 1220, 1
1125, 1201, 1
1109, 584, 1
1109, 1079, 1
1109, 841, 1
1109, 553, 1
1109, 1125, 1
1109, 707, 1
1109, 392, 1
1109, 145, 1
1109, 1220, 1
1109, 1201, 1
707, 584, 1
707, 1079, 1
707, 841, 1
707, 553, 1
707, 1125, 1
707, 1109, 1
707, 392, 1
707, 145, 1
707, 1220, 1
707, 1201, 1
392, 584, 1
392, 1079, 1
392, 841, 1
392, 553, 1
392, 1125, 1
392, 1109, 1
392, 707, 1
392, 145, 1
392, 1220, 1
392, 1201, 1
145, 584, 1
145, 1079, 1
145, 841, 1
145, 553, 1
145, 1125, 1
145, 1109, 1
145, 707, 1
145, 392, 1
145, 1220, 1
145, 1201, 1
1220, 584, 1
1220, 1079, 1
1220, 841, 1
1220, 553, 1
1220, 1125, 1
1220, 1109, 1
1220, 707, 1
1220, 392, 1
1220, 145, 1
1220, 1201, 1
1201, 584, 1
1201, 1079, 1
1201, 841, 1
1201, 553, 1
1201, 1125, 1
1201, 1109, 1
1201, 707, 1
1201, 392, 1
1201, 145, 1
1201, 1220, 1
989, 501, 1
989, 500, 1
501, 989, 1
501, 500, 1
500, 989, 1
500, 501, 1
84, 1039, 1
84, 899, 1
1039, 84, 1
1039, 899, 1
899, 84, 1
899, 1039, 1
470, 745, 1
745, 470, 1
506, 488, 1
488, 506, 1
796, 505, 1
505, 796, 1
229, 720, 1
229, 1145, 1
720, 229, 1
720, 1145, 1
1145, 229, 1
1145, 720, 1
584, 989, -1
584, 501, -1
584, 500, -1
1079, 989, -1
1079, 501, -1
1079, 500, -1
841, 989, -1
841, 501, -1
841, 500, -1
553, 989, -1
553, 501, -1
553, 500, -1
1125, 989, -1
1125, 501, -1
1125, 500, -1
1109, 989, -1
1109, 501, -1
1109, 500, -1
707, 989, -1
707, 501, -1
707, 500, -1
392, 989, -1
392, 501, -1
392, 500, -1
145, 989, -1
145, 501, -1
145, 500, -1
1220, 989, -1
1220, 501, -1
1220, 500, -1
1201, 989, -1
1201, 501, -1
1201, 500, -1
584, 84, -1
584, 1039, -1
584, 899, -1
1079, 84, -1
1079, 1039, -1
1079, 899, -1
841, 84, -1
841, 1039, -1
841, 899, -1
553, 84, -1
553, 1039, -1
553, 899, -1
1125, 84, -1
1125, 1039, -1
1125, 899, -1
1109, 84, -1
1109, 1039, -1
1109, 899, -1
707, 84, -1
707, 1039, -1
707, 899, -1
392, 84, -1
392, 1039, -1
392, 899, -1
145, 84, -1
145, 1039, -1
145, 899, -1
1220, 84, -1
1220, 1039, -1
1220, 899, -1
1201, 84, -1
1201, 1039, -1
1201, 899, -1
584, 470, -1
584, 745, -1
1079, 470, -1
1079, 745, -1
841, 470, -1
841, 745, -1
553, 470, -1
553, 745, -1
1125, 470, -1
1125, 745, -1
1109, 470, -1
1109, 745, -1
707, 470, -1
707, 745, -1
392, 470, -1
392, 745, -1
145, 470, -1
145, 745, -1
1220, 470, -1
1220, 745, -1
1201, 470, -1
1201, 745, -1
584, 506, -1
584, 488, -1
1079, 506, -1
1079, 488, -1
841, 506, -1
841, 488, -1
553, 506, -1
553, 488, -1
1125, 506, -1
1125, 488, -1
1109, 506, -1
1109, 488, -1
707, 506, -1
707, 488, -1
392, 506, -1
392, 488, -1
145, 506, -1
145, 488, -1
1220, 506, -1
1220, 488, -1
1201, 506, -1
1201, 488, -1
584, 796, -1
584, 505, -1
1079, 796, -1
1079, 505, -1
841, 796, -1
841, 505, -1
553, 796, -1
553, 505, -1
1125, 796, -1
1125, 505, -1
1109, 796, -1
1109, 505, -1
707, 796, -1
707, 505, -1
392, 796, -1
392, 505, -1
145, 796, -1
145, 505, -1
1220, 796, -1
1220, 505, -1
1201, 796, -1
1201, 505, -1
584, 229, -1
584, 720, -1
584, 1145, -1
1079, 229, -1
1079, 720, -1
1079, 1145, -1
841, 229, -1
841, 720, -1
841, 1145, -1
553, 229, -1
553, 720, -1
553, 1145, -1
1125, 229, -1
1125, 720, -1
1125, 1145, -1
1109, 229, -1
1109, 720, -1
1109, 1145, -1
707, 229, -1
707, 720, -1
707, 1145, -1
392, 229, -1
392, 720, -1
392, 1145, -1
145, 229, -1
145, 720, -1
145, 1145, -1
1220, 229, -1
1220, 720, -1
1220, 1145, -1
1201, 229, -1
1201, 720, -1
1201, 1145, -1
584, 1184, -1
1079, 1184, -1
841, 1184, -1
553, 1184, -1
1125, 1184, -1
1109, 1184, -1
707, 1184, -1
392, 1184, -1
145, 1184, -1
1220, 1184, -1
1201, 1184, -1
989, 584, -1
989, 1079, -1
989, 841, -1
989, 553, -1
989, 1125, -1
989, 1109, -1
989, 707, -1
989, 392, -1
989, 145, -1
989, 1220, -1
989, 1201, -1
501, 584, -1
501, 1079, -1
501, 841, -1
501, 553, -1
501, 1125, -1
501, 1109, -1
501, 707, -1
501, 392, -1
501, 145, -1
501, 1220, -1
501, 1201, -1
500, 584, -1
500, 1079, -1
500, 841, -1
500, 553, -1
500, 1125, -1
500, 1109, -1
500, 707, -1
500, 392, -1
500, 145, -1
500, 1220, -1
500, 1201, -1
989, 84, -1
989, 1039, -1
989, 899, -1
501, 84, -1
501, 1039, -1
501, 899, -1
500, 84, -1
500, 1039, -1
500, 899, -1
989, 470, -1
989, 745, -1
501, 470, -1
501, 745, -1
500, 470, -1
500, 745, -1
989, 506, -1
989, 488, -1
501, 506, -1
501, 488, -1
500, 506, -1
500, 488, -1
989, 796, -1
989, 505, -1
501, 796, -1
501, 505, -1
500, 796, -1
500, 505, -1
989, 229, -1
989, 720, -1
989, 1145, -1
501, 229, -1
501, 720, -1
501, 1145, -1
500, 229, -1
500, 720, -1
500, 1145, -1
989, 1184, -1
501, 1184, -1
500, 1184, -1
84, 584, -1
84, 1079, -1
84, 841, -1
84, 553, -1
84, 1125, -1
84, 1109, -1
84, 707, -1
84, 392, -1
84, 145, -1
84, 1220, -1
84, 1201, -1
1039, 584, -1
1039, 1079, -1
1039, 841, -1
1039, 553, -1
1039, 1125, -1
1039, 1109, -1
1039, 707, -1
1039, 392, -1
1039, 145, -1
1039, 1220, -1
1039, 1201, -1
899, 584, -1
899, 1079, -1
899, 841, -1
899, 553, -1
899, 1125, -1
899, 1109, -1
899, 707, -1
899, 392, -1
899, 145, -1
899, 1220, -1
899, 1201, -1
84, 989, -1
84, 501, -1
84, 500, -1
1039, 989, -1
1039, 501, -1
1039, 500, -1
899, 989, -1
899, 501, -1
899, 500, -1
84, 470, -1
84, 745, -1
1039, 470, -1
1039, 745, -1
899, 470, -1
899, 745, -1
84, 506, -1
84, 488, -1
1039, 506, -1
1039, 488, -1
899, 506, -1
899, 488, -1
84, 796, -1
84, 505, -1
1039, 796, -1
1039, 505, -1
899, 796, -1
899, 505, -1
84, 229, -1
84, 720, -1
84, 1145, -1
1039, 229, -1
1039, 720, -1
1039, 1145, -1
899, 229, -1
899, 720, -1
899, 1145, -1
84, 1184, -1
1039, 1184, -1
899, 1184, -1
470, 584, -1
470, 1079, -1
470, 841, -1
470, 553, -1
470, 1125, -1
470, 1109, -1
470, 707, -1
470, 392, -1
470, 145, -1
470, 1220, -1
470, 1201, -1
745, 584, -1
745, 1079, -1
745, 841, -1
745, 553, -1
745, 1125, -1
745, 1109, -1
745, 707, -1
745, 392, -1
745, 145, -1
745, 1220, -1
745, 1201, -1
470, 989, -1
470, 501, -1
470, 500, -1
745, 989, -1
745, 501, -1
745, 500, -1
470, 84, -1
470, 1039, -1
470, 899, -1
745, 84, -1
745, 1039, -1
745, 899, -1
470, 506, -1
470, 488, -1
745, 506, -1
745, 488, -1
470, 796, -1
470, 505, -1
745, 796, -1
745, 505, -1
470, 229, -1
470, 720, -1
470, 1145, -1
745, 229, -1
745, 720, -1
745, 1145, -1
470, 1184, -1
745, 1184, -1
506, 584, -1
506, 1079, -1
506, 841, -1
506, 553, -1
506, 1125, -1
506, 1109, -1
506, 707, -1
506, 392, -1
506, 145, -1
506, 1220, -1
506, 1201, -1
488, 584, -1
488, 1079, -1
488, 841, -1
488, 553, -1
488, 1125, -1
488, 1109, -1
488, 707, -1
488, 392, -1
488, 145, -1
488, 1220, -1
488, 1201, -1
506, 989, -1
506, 501, -1
506, 500, -1
488, 989, -1
488, 501, -1
488, 500, -1
506, 84, -1
506, 1039, -1
506, 899, -1
488, 84, -1
488, 1039, -1
488, 899, -1
506, 470, -1
506, 745, -1
488, 470, -1
488, 745, -1
506, 796, -1
506, 505, -1
488, 796, -1
488, 505, -1
506, 229, -1
506, 720, -1
506, 1145, -1
488, 229, -1
488, 720, -1
488, 1145, -1
506, 1184, -1
488, 1184, -1
796, 584, -1
796, 1079, -1
796, 841, -1
796, 553, -1
796, 1125, -1
796, 1109, -1
796, 707, -1
796, 392, -1
796, 145, -1
796, 1220, -1
796, 1201, -1
505, 584, -1
505, 1079, -1
505, 841, -1
505, 553, -1
505, 1125, -1
505, 1109, -1
505, 707, -1
505, 392, -1
505, 145, -1
505, 1220, -1
505, 1201, -1
796, 989, -1
796, 501, -1
796, 500, -1
505, 989, -1
505, 501, -1
505, 500, -1
796, 84, -1
796, 1039, -1
796, 899, -1
505, 84, -1
505, 1039, -1
505, 899, -1
796, 470, -1
796, 745, -1
505, 470, -1
505, 745, -1
796, 506, -1
796, 488, -1
505, 506, -1
505, 488, -1
796, 229, -1
796, 720, -1
796, 1145, -1
505, 229, -1
505, 720, -1
505, 1145, -1
796, 1184, -1
505, 1184, -1
229, 584, -1
229, 1079, -1
229, 841, -1
229, 553, -1
229, 1125, -1
229, 1109, -1
229, 707, -1
229, 392, -1
229, 145, -1
229, 1220, -1
229, 1201, -1
720, 584, -1
720, 1079, -1
720, 841, -1
720, 553, -1
720, 1125, -1
720, 1109, -1
720, 707, -1
720, 392, -1
720, 145, -1
720, 1220, -1
720, 1201, -1
1145, 584, -1
1145, 1079, -1
1145, 841, -1
1145, 553, -1
1145, 1125, -1
1145, 1109, -1
1145, 707, -1
1145, 392, -1
1145, 145, -1
1145, 1220, -1
1145, 1201, -1
229, 989, -1
229, 501, -1
229, 500, -1
720, 989, -1
720, 501, -1
720, 500, -1
1145, 989, -1
1145, 501, -1
1145, 500, -1
229, 84, -1
229, 1039, -1
229, 899, -1
720, 84, -1
720, 1039, -1
720, 899, -1
1145, 84, -1
1145, 1039, -1
1145, 899, -1
229, 470, -1
229, 745, -1
720, 470, -1
720, 745, -1
1145, 470, -1
1145, 745, -1
229, 506, -1
229, 488, -1
720, 506, -1
720, 488, -1
1145, 506, -1
1145, 488, -1
229, 796, -1
229, 505, -1
720, 796, -1
720, 505, -1
1145, 796, -1
1145, 505, -1
229, 1184, -1
720, 1184, -1
1145, 1184, -1
1184, 584, -1
1184, 1079, -1
1184, 841, -1
1184, 553, -1
1184, 1125, -1
1184, 1109, -1
1184, 707, -1
1184, 392, -1
1184, 145, -1
1184, 1220, -1
1184, 1201, -1
1184, 989, -1
1184, 501, -1
1184, 500, -1
1184, 84, -1
1184, 1039, -1
1184, 899, -1
1184, 470, -1
1184, 745, -1
1184, 506, -1
1184, 488, -1
1184, 796, -1
1184, 505, -1
1184, 229, -1
1184, 720, -1
1184, 1145, -1

584, 1079, 1
584, 841, 1
584, 553, 1
584, 1125, 1
584, 1109, 1
584, 707, 1
584, 392, 1
584, 145, 1
584, 1220, 1
584, 1201, 1
1079, 584, 1
1079, 841, 1
1079, 553, 1
1079, 1125, 1
1079, 1109, 1
1079, 707, 1
1079, 392, 1
1079, 145, 1
1079, 1220, 1
1079, 1201, 1
841, 584, 1
841, 1079, 1
841, 553, 1
841, 1125, 1
841, 1109, 1
841, 707, 1
841, 392, 1
841, 145, 1
841, 1220, 1
841, 1201, 1
553, 584, 1
553, 1079, 1
553, 841, 1
553, 1125, 1
553, 1109, 1
553, 707, 1
553, 392, 1
553, 145, 1
553, 1220, 1
553, 1201, 1
1125, 584, 1
1125, 1079, 1
1125, 841, 1
1125, 553, 1
1125, 1109, 1
1125, 707, 1
1125, 392, 1
1125, 145, 1
1125, 1220, 1
1125, 1201, 1
1109, 584, 1
1109, 1079, 1
1109, 841, 1
1109, 553, 1
1109, 1125, 1
1109, 707, 1
1109, 392, 1
1109, 145, 1
1109, 1220, 1
1109, 1201, 1
707, 584, 1
707, 1079, 1
707, 841, 1
707, 553, 1
707, 1125, 1
707, 1109, 1
707, 392, 1
707, 145, 1
707, 1220, 1
707, 1201, 1
392, 584, 1
392, 1079, 1
392, 841, 1
392, 553, 1
392, 1125, 1
392, 1109, 1
392, 707, 1
392, 145, 1
392, 1220, 1
392, 1201, 1
145, 584, 1
145, 1079, 1
145, 841, 1
145, 553, 1
145, 1125, 1
145, 1109, 1
145, 707, 1
145, 392, 1
145, 1220, 1
145, 1201, 1
1220, 584, 1
1220, 1079, 1
1220, 841, 1
1220, 553, 1
1220, 1125, 1
1220, 1109, 1
1220, 707, 1
1220, 392, 1
1220, 145, 1
1220, 1201, 1
1201, 584, 1
1201, 1079, 1
1201, 841, 1
1201, 553, 1
1201, 1125, 1
1201, 1109, 1
1201, 707, 1
1201, 392, 1
1201, 145, 1
1201, 1220, 1
989, 501, 1
989, 500, 1
501, 989, 1
501, 500, 1
500, 989, 1
500, 501, 1
84, 1039, 1
84, 899, 1
84, 463, 1
1039, 84, 1
1039, 899, 1
1039, 463, 1
899, 84, 1
899, 1039, 1
899, 463, 1
463, 84, 1
463, 1039, 1
463, 899, 1
470, 745, 1
745, 470, 1
506, 488, 1
488, 506, 1
796, 505, 1
796, 276, 1
505, 796, 1
505, 276, 1
276, 796, 1
276, 505, 1
229, 720, 1
229, 1145, 1
720, 229, 1
720, 1145, 1
1145, 229, 1
1145, 720, 1
584, 989, -1
584, 501, -1
584, 500, -1
1079, 989, -1
1079, 501, -1
1079, 500, -1
841, 989, -1
841, 501, -1
841, 500, -1
553, 989, -1
553, 501, -1
553, 500, -1
1125, 989, -1
1125, 501, -1
1125, 500, -1
1109, 989, -1
1109, 501, -1
1109, 500, -1
707, 989, -1
707, 501, -1
707, 500, -1
392, 989, -1
392, 501, -1
392, 500, -1
145, 989, -1
145, 501, -1
145, 500, -1
1220, 989, -1
1220, 501, -1
1220, 500, -1
1201, 989, -1
1201, 501, -1
1201, 500, -1
584, 84, -1
584, 1039, -1
584, 899, -1
584, 463, -1
1079, 84, -1
1079, 1039, -1
1079, 899, -1
1079, 463, -1
841, 84, -1
841, 1039, -1
841, 899, -1
841, 463, -1
553, 84, -1
553, 1039, -1
553, 899, -1
553, 463, -1
1125, 84, -1
1125, 1039, -1
1125, 899, -1
1125, 463, -1
1109, 84, -1
1109, 1039, -1
1109, 899, -1
1109, 463, -1
707, 84, -1
707, 1039, -1
707, 899, -1
707, 463, -1
392, 84, -1
392, 1039, -1
392, 899, -1
392, 463, -1
145, 84, -1
145, 1039, -1
145, 899, -1
145, 463, -1
1220, 84, -1
1220, 1039, -1
1220, 899, -1
1220, 463, -1
1201, 84, -1
1201, 1039, -1
1201, 899, -1
1201, 463, -1
584, 470, -1
584, 745, -1
1079, 470, -1
1079, 745, -1
841, 470, -1
841, 745, -1
553, 470, -1
553, 745, -1
1125, 470, -1
1125, 745, -1
1109, 470, -1
1109, 745, -1
707, 470, -1
707, 745, -1
392, 470, -1
392, 745, -1
145, 470, -1
145, 745, -1
1220, 470, -1
1220, 745, -1
1201, 470, -1
1201, 745, -1
584, 506, -1
584, 488, -1
1079, 506, -1
1079, 488, -1
841, 506, -1
841, 488, -1
553, 506, -1
553, 488, -1
1125, 506, -1
1125, 488, -1
1109, 506, -1
1109, 488, -1
707, 506, -1
707, 488, -1
392, 506, -1
392, 488, -1
145, 506, -1
145, 488, -1
1220, 506, -1
1220, 488, -1
1201, 506, -1
1201, 488, -1
584, 796, -1
584, 505, -1
584, 276, -1
1079, 796, -1
1079, 505, -1
1079, 276, -1
841, 796, -1
841, 505, -1
841, 276, -1
553, 796, -1
553, 505, -1
553, 276, -1
1125, 796, -1
1125, 505, -1
1125, 276, -1
1109, 796, -1
1109, 505, -1
1109, 276, -1
707, 796, -1
707, 505, -1
707, 276, -1
392, 796, -1
392, 505, -1
392, 276, -1
145, 796, -1
145, 505, -1
145, 276, -1
1220, 796, -1
1220, 505, -1
1220, 276, -1
1201, 796, -1
1201, 505, -1
1201, 276, -1
584, 229, -1
584, 720, -1
584, 1145, -1
1079, 229, -1
1079, 720, -1
1079, 1145, -1
841, 229, -1
841, 720, -1
841, 1145, -1
553, 229, -1
553, 720, -1
553, 1145, -1
1125, 229, -1
1125, 720, -1
1125, 1145, -1
1109, 229, -1
1109, 720, -1
1109, 1145, -1
707, 229, -1
707, 720, -1
707, 1145, -1
392, 229, -1
392, 720, -1
392, 1145, -1
145, 229, -1
145, 720, -1
145, 1145, -1
1220, 229, -1
1220, 720, -1
1220, 1145, -1
1201, 229, -1
1201, 720, -1
1201, 1145, -1
584, 1184, -1
1079, 1184, -1
841, 1184, -1
553, 1184, -1
1125, 1184, -1
1109, 1184, -1
707, 1184, -1
392, 1184, -1
145, 1184, -1
1220, 1184, -1
1201, 1184, -1
989, 584, -1
989, 1079, -1
989, 841, -1
989, 553, -1
989, 1125, -1
989, 1109, -1
989, 707, -1
989, 392, -1
989, 145, -1
989, 1220, -1
989, 1201, -1
501, 584, -1
501, 1079, -1
501, 841, -1
501, 553, -1
501, 1125, -1
501, 1109, -1
501, 707, -1
501, 392, -1
501, 145, -1
501, 1220, -1
501, 1201, -1
500, 584, -1
500, 1079, -1
500, 841, -1
500, 553, -1
500, 1125, -1
500, 1109, -1
500, 707, -1
500, 392, -1
500, 145, -1
500, 1220, -1
500, 1201, -1
989, 84, -1
989, 1039, -1
989, 899, -1
989, 463, -1
501, 84, -1
501, 1039, -1
501, 899, -1
501, 463, -1
500, 84, -1
500, 1039, -1
500, 899, -1
500, 463, -1
989, 470, -1
989, 745, -1
501, 470, -1
501, 745, -1
500, 470, -1
500, 745, -1
989, 506, -1
989, 488, -1
501, 506, -1
501, 488, -1
500, 506, -1
500, 488, -1
989, 796, -1
989, 505, -1
989, 276, -1
501, 796, -1
501, 505, -1
501, 276, -1
500, 796, -1
500, 505, -1
500, 276, -1
989, 229, -1
989, 720, -1
989, 1145, -1
501, 229, -1
501, 720, -1
501, 1145, -1
500, 229, -1
500, 720, -1
500, 1145, -1
989, 1184, -1
501, 1184, -1
500, 1184, -1
84, 584, -1
84, 1079, -1
84, 841, -1
84, 553, -1
84, 1125, -1
84, 1109, -1
84, 707, -1
84, 392, -1
84, 145, -1
84, 1220, -1
84, 1201, -1
1039, 584, -1
1039, 1079, -1
1039, 841, -1
1039, 553, -1
1039, 1125, -1
1039, 1109, -1
1039, 707, -1
1039, 392, -1
1039, 145, -1
1039, 1220, -1
1039, 1201, -1
899, 584, -1
899, 1079, -1
899, 841, -1
899, 553, -1
899, 1125, -1
899, 1109, -1
899, 707, -1
899, 392, -1
899, 145, -1
899, 1220, -1
899, 1201, -1
463, 584, -1
463, 1079, -1
463, 841, -1
463, 553, -1
463, 1125, -1
463, 1109, -1
463, 707, -1
463, 392, -1
463, 145, -1
463, 1220, -1
463, 1201, -1
84, 989, -1
84, 501, -1
84, 500, -1
1039, 989, -1
1039, 501, -1
1039, 500, -1
899, 989, -1
899, 501, -1
899, 500, -1
463, 989, -1
463, 501, -1
463, 500, -1
84, 470, -1
84, 745, -1
1039, 470, -1
1039, 745, -1
899, 470, -1
899, 745, -1
463, 470, -1
463, 745, -1
84, 506, -1
84, 488, -1
1039, 506, -1
1039, 488, -1
899, 506, -1
899, 488, -1
463, 506, -1
463, 488, -1
84, 796, -1
84, 505, -1
84, 276, -1
1039, 796, -1
1039, 505, -1
1039, 276, -1
899, 796, -1
899, 505, -1
899, 276, -1
463, 796, -1
463, 505, -1
463, 276, -1
84, 229, -1
84, 720, -1
84, 1145, -1
1039, 229, -1
1039, 720, -1
1039, 1145, -1
899, 229, -1
899, 720, -1
899, 1145, -1
463, 229, -1
463, 720, -1
463, 1145, -1
84, 1184, -1
1039, 1184, -1
899, 1184, -1
463, 1184, -1
470, 584, -1
470, 1079, -1
470, 841, -1
470, 553, -1
470, 1125, -1
470, 1109, -1
470, 707, -1
470, 392, -1
470, 145, -1
470, 1220, -1
470, 1201, -1
745, 584, -1
745, 1079, -1
745, 841, -1
745, 553, -1
745, 1125, -1
745, 1109, -1
745, 707, -1
745, 392, -1
745, 145, -1
745, 1220, -1
745, 1201, -1
470, 989, -1
470, 501, -1
470, 500, -1
745, 989, -1
745, 501, -1
745, 500, -1
470, 84, -1
470, 1039, -1
470, 899, -1
470, 463, -1
745, 84, -1
745, 1039, -1
745, 899, -1
745, 463, -1
470, 506, -1
470, 488, -1
745, 506, -1
745, 488, -1
470, 796, -1
470, 505, -1
470, 276, -1
745, 796, -1
745, 505, -1
745, 276, -1
470, 229, -1
470, 720, -1
470, 1145, -1
745, 229, -1
745, 720, -1
745, 1145, -1
470, 1184, -1
745, 1184, -1
506, 584, -1
506, 1079, -1
506, 841, -1
506, 553, -1
506, 1125, -1
506, 1109, -1
506, 707, -1
506, 392, -1
506, 145, -1
506, 1220, -1
506, 1201, -1
488, 584, -1
488, 1079, -1
488, 841, -1
488, 553, -1
488, 1125, -1
488, 1109, -1
488, 707, -1
488, 392, -1
488, 145, -1
488, 1220, -1
488, 1201, -1
506, 989, -1
506, 501, -1
506, 500, -1
488, 989, -1
488, 501, -1
488, 500, -1
506, 84, -1
506, 1039, -1
506, 899, -1
506, 463, -1
488, 84, -1
488, 1039, -1
488, 899, -1
488, 463, -1
506, 470, -1
506, 745, -1
488, 470, -1
488, 745, -1
506, 796, -1
506, 505, -1
506, 276, -1
488, 796, -1
488, 505, -1
488, 276, -1
506, 229, -1
506, 720, -1
506, 1145, -1
488, 229, -1
488, 720, -1
488, 1145, -1
506, 1184, -1
488, 1184, -1
796, 584, -1
796, 1079, -1
796, 841, -1
796, 553, -1
796, 1125, -1
796, 1109, -1
796, 707, -1
796, 392, -1
796, 145, -1
796, 1220, -1
796, 1201, -1
505, 584, -1
505, 1079, -1
505, 841, -1
505, 553, -1
505, 1125, -1
505, 1109, -1
505, 707, -1
505, 392, -1
505, 145, -1
505, 1220, -1
505, 1201, -1
276, 584, -1
276, 1079, -1
276, 841, -1
276, 553, -1
276, 1125, -1
276, 1109, -1
276, 707, -1
276, 392, -1
276, 145, -1
276, 1220, -1
276, 1201, -1
796, 989, -1
796, 501, -1
796, 500, -1
505, 989, -1
505, 501, -1
505, 500, -1
276, 989, -1
276, 501, -1
276, 500, -1
796, 84, -1
796, 1039, -1
796, 899, -1
796, 463, -1
505, 84, -1
505, 1039, -1
505, 899, -1
505, 463, -1
276, 84, -1
276, 1039, -1
276, 899, -1
276, 463, -1
796, 470, -1
796, 745, -1
505, 470, -1
505, 745, -1
276, 470, -1
276, 745, -1
796, 506, -1
796, 488, -1
505, 506, -1
505, 488, -1
276, 506, -1
276, 488, -1
796, 229, -1
796, 720, -1
796, 1145, -1
505, 229, -1
505, 720, -1
505, 1145, -1
276, 229, -1
276, 720, -1
276, 1145, -1
796, 1184, -1
505, 1184, -1
276, 1184, -1
229, 584, -1
229, 1079, -1
229, 841, -1
229, 553, -1
229, 1125, -1
229, 1109, -1
229, 707, -1
229, 392, -1
229, 145, -1
229, 1220, -1
229, 1201, -1
720, 584, -1
720, 1079, -1
720, 841, -1
720, 553, -1
720, 1125, -1
720, 1109, -1
720, 707, -1
720, 392, -1
720, 145, -1
720, 1220, -1
720, 1201, -1
1145, 584, -1
1145, 1079, -1
1145, 841, -1
1145, 553, -1
1145, 1125, -1
1145, 1109, -1
1145, 707, -1
1145, 392, -1
1145, 145, -1
1145, 1220, -1
1145, 1201, -1
229, 989, -1
229, 501, -1
229, 500, -1
720, 989, -1
720, 501, -1
720, 500, -1
1145, 989, -1
1145, 501, -1
1145, 500, -1
229, 84, -1
229, 1039, -1
229, 899, -1
229, 463, -1
720, 84, -1
720, 1039, -1
720, 899, -1
720, 463, -1
1145, 84, -1
1145, 1039, -1
1145, 899, -1
1145, 463, -1
229, 470, -1
229, 745, -1
720, 470, -1
720, 745, -1
1145, 470, -1
1145, 745, -1
229, 506, -1
229, 488, -1
720, 506, -1
720, 488, -1
1145, 506, -1
1145, 488, -1
229, 796, -1
229, 505, -1
229, 276, -1
720, 796, -1
720, 505, -1
720, 276, -1
1145, 796, -1
1145, 505, -1
1145, 276, -1
229, 1184, -1
720, 1184, -1
1145, 1184, -1
1184, 584, -1
1184, 1079, -1
1184, 841, -1
1184, 553, -1
1184, 1125, -1
1184, 1109, -1
1184, 707, -1
1184, 392, -1
1184, 145, -1
1184, 1220, -1
1184, 1201, -1
1184, 989, -1
1184, 501, -1
1184, 500, -1
1184, 84, -1
1184, 1039, -1
1184, 899, -1
1184, 463, -1
1184, 470, -1
1184, 745, -1
1184, 506, -1
1184, 488, -1
1184, 796, -1
1184, 505, -1
1184, 276, -1
1184, 229, -1
1184, 720, -1
1184, 1145, -1

