1212, 989, 1
1212, 501, 1
989, 1212, 1
989, 501, 1
501, 1212, 1
501, 989, 1
1212, 720, -1
989, 720, -1
501, 720, -1
1212, 1079, -1
989, 1079, -1
501, 1079, -1
1212, 470, -1
989, 470, -1
501, 470, -1
720, 1212, -1
720, 989, -1
720, 501, -1
720, 1079, -1
720, 470, -1
1079, 1212, -1
1079, 989, -1
1079, 501, -1
1079, 720, -1
1079, 470, -1
470, 1212, -1
470, 989, -1
470, 501, -1
470, 720, -1
470, 1079, -1

1212, 989, 1
1212, 501, 1
989, 1212, 1
989, 501, 1
501, 1212, 1
501, 989, 1
1079, 841, 1
1079, 553, 1
841, 1079, 1
841, 553, 1
553, 1079, 1
553, 841, 1
1212, 720, -1
989, 720, -1
501, 720, -1
1212, 1079, -1
1212, 841, -1
1212, 553, -1
989, 1079, -1
989, 841, -1
989, 553, -1
501, 1079, -1
501, 841, -1
501, 553, -1
1212, 470, -1
989, 470, -1
501, 470, -1
1212, 506, -1
989, 506, -1
501, 506, -1
720, 1212, -1
720, 989, -1
720, 501, -1
720, 1079, -1
720, 841, -1
720, 553, -1
720, 470, -1
720, 506, -1
1079, 1212, -1
1079, 989, -1
1079, 501, -1
841, 1212, -1
841, 989, -1
841, 501, -1
553, 1212, -1
553, 989, -1
553, 501, -1
1079, 720, -1
841, 720, -1
553, 720, -1
1079, 470, -1
841, 470, -1
553, 470, -1
1079, 506, -1
841, 506, -1
553, 506, -1
470, 1212, -1
470, 989, -1
470, 501, -1
470, 720, -1
470, 1079, -1
470, 841, -1
470, 553, -1
470, 506, -1
506, 1212, -1
506, 989, -1
506, 501, -1
506, 720, -1
506, 1079, -1
506, 841, -1
506, 553, -1
506, 470, -1

1212, 989, 1
1212, 501, 1
1212, 500, 1
989, 1212, 1
989, 501, 1
989, 500, 1
501, 1212, 1
501, 989, 1
501, 500, 1
500, 1212, 1
500, 989, 1
500, 501, 1
1079, 841, 1
1079, 553, 1
1079, 1109, 1
841, 1079, 1
841, 553, 1
841, 1109, 1
553, 1079, 1
553, 841, 1
553, 1109, 1
1109, 1079, 1
1109, 841, 1
1109, 553, 1
1212, 720, -1
989, 720, -1
501, 720, -1
500, 720, -1
1212, 1079, -1
1212, 841, -1
1212, 553, -1
1212, 1109, -1
989, 1079, -1
989, 841, -1
989, 553, -1
989, 1109, -1
501, 1079, -1
501, 841, -1
501, 553, -1
501, 1109, -1
500, 1079, -1
500, 841, -1
500, 553, -1
500, 1109, -1
1212, 470, -1
989, 470, -1
501, 470, -1
500, 470, -1
1212, 506, -1
989, 506, -1
501, 506, -1
500, 506, -1
1212, 796, -1
989, 796, -1
501, 796, -1
500, 796, -1
720, 1212, -1
720, 989, -1
720, 501, -1
720, 500, -1
720, 1079, -1
720, 841, -1
720, 553, -1
720, 1109, -1
720, 470, -1
720, 506, -1
720, 796, -1
1079, 1212, -1
1079, 989, -1
1079, 501, -1
1079, 500, -1
841, 1212, -1
841, 989, -1
841, 501, -1
841, 500, -1
553, 1212, -1
553, 989, -1
553, 501, -1
553, 500, -1
1109, 1212, -1
1109, 989, -1
1109, 501, -1
1109, 500, -1
1079, 720, -1
841, 720, -1
553, 720, -1
1109, 720, -1
1079, 470, -1
841, 470, -1
553, 470, -1
1109, 470, -1
1079, 506, -1
841, 506, -1
553, 506, -1
1109, 506, -1
1079, 796, -1
841, 796, -1
553, 796, -1
1109, 796, -1
470, 1212, -1
470, 989, -1
470, 501, -1
470, 500, -1
470, 720, -1
470, 1079, -1
470, 841, -1
470, 553, -1
470, 1109, -1
470, 506, -1
470, 796, -1
506, 1212, -1
506, 989, -1
506, 501, -1
506, 500, -1
506, 720, -1
506, 1079, -1
506, 841, -1
506, 553, -1
506, 1109, -1
506, 470, -1
506, 796, -1
796, 1212, -1
796, 989, -1
796, 501, -1
796, 500, -1
796, 720, -1
796, 1079, -1
796, 841, -1
796, 553, -1
796, 1109, -1
796, 470, -1
796, 506, -1

1212, 989, 1
1212, 501, 1
1212, 500, 1
989, 1212, 1
989, 501, 1
989, 500, 1
501, 1212, 1
501, 989, 1
501, 500, 1
500, 1212, 1
500, 989, 1
500, 501, 1
1079, 841, 1
1079, 553, 1
1079, 1109, 1
1079, 1125, 1
1079, 707, 1
841, 1079, 1
841, 553, 1
841, 1109, 1
841, 1125, 1
841, 707, 1
553, 1079, 1
553, 841, 1
553, 1109, 1
553, 1125, 1
553, 707, 1
1109, 1079, 1
1109, 841, 1
1109, 553, 1
1109, 1125, 1
1109, 707, 1
1125, 1079, 1
1125, 841, 1
1125, 553, 1
1125, 1109, 1
1125, 707, 1
707, 1079, 1
707, 841, 1
707, 553, 1
707, 1109, 1
707, 1125, 1
1212, 720, -1
989, 720, -1
501, 720, -1
500, 720, -1
1212, 1079, -1
1212, 841, -1
1212, 553, -1
1212, 1109, -1
1212, 1125, -1
1212, 707, -1
989, 1079, -1
989, 841, -1
989, 553, -1
989, 1109, -1
989, 1125, -1
989, 707, -1
501, 1079, -1
501, 841, -1
501, 553, -1
501, 1109, -1
501, 1125, -1
501, 707, -1
500, 1079, -1
500, 841, -1
500, 553, -1
500, 1109, -1
500, 1125, -1
500, 707, -1
1212, 470, -1
989, 470, -1
501, 470, -1
500, 470, -1
1212, 506, -1
989, 506, -1
501, 506, -1
500, 506, -1
1212, 796, -1
989, 796, -1
501, 796, -1
500, 796, -1
720, 1212, -1
720, 989, -1
720, 501, -1
720, 500, -1
720, 1079, -1
720, 841, -1
720, 553, -1
720, 1109, -1
720, 1125, -1
720, 707, -1
720, 470, -1
720, 506, -1
720, 796, -1
1079, 1212, -1
1079, 989, -1
1079, 501, -1
1079, 500, -1
841, 1212, -1
841, 989, -1
841, 501, -1
841, 500, -1
553, 1212, -1
553, 989, -1
553, 501, -1
553, 500, -1
1109, 1212, -1
1109, 989, -1
1109, 501, -1
1109, 500, -1
1125, 1212, -1
1125, 989, -1
1125, 501, -1
1125, 500, -1
707, 1212, -1
707, 989, -1
707, 501, -1
707, 500, -1
1079, 720, -1
841, 720, -1
553, 720, -1
1109, 720, -1
1125, 720, -1
707, 720, -1
1079, 470, -1
841, 470, -1
553, 470, -1
1109, 470, -1
1125, 470, -1
707, 470, -1
1079, 506, -1
841, 506, -1
553, 506, -1
1109, 506, -1
1125, 506, -1
707, 506, -1
1079, 796, -1
841, 796, -1
553, 796, -1
1109, 796, -1
1125, 796, -1
707, 796, -1
470, 1212, -1
470, 989, -1
470, 501, -1
470, 500, -1
470, 720, -1
470, 1079, -1
470, 841, -1
470, 553, -1
470, 1109, -1
470, 1125, -1
470, 707, -1
470, 506, -1
470, 796, -1
506, 1212, -1
506, 989, -1
506, 501, -1
506, 500, -1
506, 720, -1
506, 1079, -1
506, 841, -1
506, 553, -1
506, 1109, -1
506, 1125, -1
506, 707, -1
506, 470, -1
506, 796, -1
796, 1212, -1
796, 989, -1
796, 501, -1
796, 500, -1
796, 720, -1
796, 1079, -1
796, 841, -1
796, 553, -1
796, 1109, -1
796, 1125, -1
796, 707, -1
796, 470, -1
796, 506, -1

1212, 989, 1
1212, 501, 1
1212, 500, 1
989, 1212, 1
989, 501, 1
989, 500, 1
501, 1212, 1
501, 989, 1
501, 500, 1
500, 1212, 1
500, 989, 1
500, 501, 1
1079, 841, 1
1079, 553, 1
1079, 1109, 1
1079, 1125, 1
1079, 707, 1
841, 1079, 1
841, 553, 1
841, 1109, 1
841, 1125, 1
841, 707, 1
553, 1079, 1
553, 841, 1
553, 1109, 1
553, 1125, 1
553, 707, 1
1109, 1079, 1
1109, 841, 1
1109, 553, 1
1109, 1125, 1
1109, 707, 1
1125, 1079, 1
1125, 841, 1
1125, 553, 1
1125, 1109, 1
1125, 707, 1
707, 1079, 1
707, 841, 1
707, 553, 1
707, 1109, 1
707, 1125, 1
1212, 720, -1
989, 720, -1
501, 720, -1
500, 720, -1
1212, 1079, -1
1212, 841, -1
1212, 553, -1
1212, 1109, -1
1212, 1125, -1
1212, 707, -1
989, 1079, -1
989, 841, -1
989, 553, -1
989, 1109, -1
989, 1125, -1
989, 707, -1
501, 1079, -1
501, 841, -1
501, 553, -1
501, 1109, -1
501, 1125, -1
501, 707, -1
500, 1079, -1
500, 841, -1
500, 553, -1
500, 1109, -1
500, 1125, -1
500, 707, -1
1212, 470, -1
989, 470, -1
501, 470, -1
500, 470, -1
1212, 506, -1
989, 506, -1
501, 506, -1
500, 506, -1
1212, 796, -1
989, 796, -1
501, 796, -1
500, 796, -1
1212, 1039, -1
989, 1039, -1
501, 1039, -1
500, 1039, -1
720, 1212, -1
720, 989, -1
720, 501, -1
720, 500, -1
720, 1079, -1
720, 841, -1
720, 553, -1
720, 1109, -1
720, 1125, -1
720, 707, -1
720, 470, -1
720, 506, -1
720, 796, -1
720, 1039, -1
1079, 1212, -1
1079, 989, -1
1079, 501, -1
1079, 500, -1
841, 1212, -1
841, 989, -1
841, 501, -1
841, 500, -1
553, 1212, -1
553, 989, -1
553, 501, -1
553, 500, -1
1109, 1212, -1
1109, 989, -1
1109, 501, -1
1109, 500, -1
1125, 1212, -1
1125, 989, -1
1125, 501, -1
1125, 500, -1
707, 1212, -1
707, 989, -1
707, 501, -1
707, 500, -1
1079, 720, -1
841, 720, -1
553, 720, -1
1109, 720, -1
1125, 720, -1
707, 720, -1
1079, 470, -1
841, 470, -1
553, 470, -1
1109, 470, -1
1125, 470, -1
707, 470, -1
1079, 506, -1
841, 506, -1
553, 506, -1
1109, 506, -1
1125, 506, -1
707, 506, -1
1079, 796, -1
841, 796, -1
553, 796, -1
1109, 796, -1
1125, 796, -1
707, 796, -1
1079, 1039, -1
841, 1039, -1
553, 1039, -1
1109, 1039, -1
1125, 1039, -1
707, 1039, -1
470, 1212, -1
470, 989, -1
470, 501, -1
470, 500, -1
470, 720, -1
470, 1079, -1
470, 841, -1
470, 553, -1
470, 1109, -1
470, 1125, -1
470, 707, -1
470, 506, -1
470, 796, -1
470, 1039, -1
506, 1212, -1
506, 989, -1
506, 501, -1
506, 500, -1
506, 720, -1
506, 1079, -1
506, 841, -1
506, 553, -1
506, 1109, -1
506, 1125, -1
506, 707, -1
506, 470, -1
506, 796, -1
506, 1039, -1
796, 1212, -1
796, 989, -1
796, 501, -1
796, 500, -1
796, 720, -1
796, 1079, -1
796, 841, -1
796, 553, -1
796, 1109, -1
796, 1125, -1
796, 707, -1
796, 470, -1
796, 506, -1
796, 1039, -1
1039, 1212, -1
1039, 989, -1
1039, 501, -1
1039, 500, -1
1039, 720, -1
1039, 1079, -1
1039, 841, -1
1039, 553, -1
1039, 1109, -1
1039, 1125, -1
1039, 707, -1
1039, 470, -1
1039, 506, -1
1039, 796, -1

1212, 989, 1
1212, 501, 1
1212, 500, 1
989, 1212, 1
989, 501, 1
989, 500, 1
501, 1212, 1
501, 989, 1
501, 500, 1
500, 1212, 1
500, 989, 1
500, 501, 1
1079, 841, 1
1079, 553, 1
1079, 1109, 1
1079, 1125, 1
1079, 707, 1
841, 1079, 1
841, 553, 1
841, 1109, 1
841, 1125, 1
841, 707, 1
553, 1079, 1
553, 841, 1
553, 1109, 1
553, 1125, 1
553, 707, 1
1109, 1079, 1
1109, 841, 1
1109, 553, 1
1109, 1125, 1
1109, 707, 1
1125, 1079, 1
1125, 841, 1
1125, 553, 1
1125, 1109, 1
1125, 707, 1
707, 1079, 1
707, 841, 1
707, 553, 1
707, 1109, 1
707, 1125, 1
1039, 84, 1
84, 1039, 1
1212, 720, -1
989, 720, -1
501, 720, -1
500, 720, -1
1212, 1079, -1
1212, 841, -1
1212, 553, -1
1212, 1109, -1
1212, 1125, -1
1212, 707, -1
989, 1079, -1
989, 841, -1
989, 553, -1
989, 1109, -1
989, 1125, -1
989, 707, -1
501, 1079, -1
501, 841, -1
501, 553, -1
501, 1109, -1
501, 1125, -1
501, 707, -1
500, 1079, -1
500, 841, -1
500, 553, -1
500, 1109, -1
500, 1125, -1
500, 707, -1
1212, 470, -1
989, 470, -1
501, 470, -1
500, 470, -1
1212, 506, -1
989, 506, -1
501, 506, -1
500, 506, -1
1212, 796, -1
989, 796, -1
501, 796, -1
500, 796, -1
1212, 1039, -1
1212, 84, -1
989, 1039, -1
989, 84, -1
501, 1039, -1
501, 84, -1
500, 1039, -1
500, 84, -1
720, 1212, -1
720, 989, -1
720, 501, -1
720, 500, -1
720, 1079, -1
720, 841, -1
720, 553, -1
720, 1109, -1
720, 1125, -1
720, 707, -1
720, 470, -1
720, 506, -1
720, 796, -1
720, 1039, -1
720, 84, -1
1079, 1212, -1
1079, 989, -1
1079, 501, -1
1079, 500, -1
841, 1212, -1
841, 989, -1
841, 501, -1
841, 500, -1
553, 1212, -1
553, 989, -1
553, 501, -1
553, 500, -1
1109, 1212, -1
1109, 989, -1
1109, 501, -1
1109, 500, -1
1125, 1212, -1
1125, 989, -1
1125, 501, -1
1125, 500, -1
707, 1212, -1
707, 989, -1
707, 501, -1
707, 500, -1
1079, 720, -1
841, 720, -1
553, 720, -1
1109, 720, -1
1125, 720, -1
707, 720, -1
1079, 470, -1
841, 470, -1
553, 470, -1
1109, 470, -1
1125, 470, -1
707, 470, -1
1079, 506, -1
841, 506, -1
553, 506, -1
1109, 506, -1
1125, 506, -1
707, 506, -1
1079, 796, -1
841, 796, -1
553, 796, -1
1109, 796, -1
1125, 796, -1
707, 796, -1
1079, 1039, -1
1079, 84, -1
841, 1039, -1
841, 84, -1
553, 1039, -1
553, 84, -1
1109, 1039, -1
1109, 84, -1
1125, 1039, -1
1125, 84, -1
707, 1039, -1
707, 84, -1
470, 1212, -1
470, 989, -1
470, 501, -1
470, 500, -1
470, 720, -1
470, 1079, -1
470, 841, -1
470, 553, -1
470, 1109, -1
470, 1125, -1
470, 707, -1
470, 506, -1
470, 796, -1
470, 1039, -1
470, 84, -1
506, 1212, -1
506, 989, -1
506, 501, -1
506, 500, -1
506, 720, -1
506, 1079, -1
506, 841, -1
506, 553, -1
506, 1109, -1
506, 1125, -1
506, 707, -1
506, 470, -1
506, 796, -1
506, 1039, -1
506, 84, -1
796, 1212, -1
796, 989, -1
796, 501, -1
796, 500, -1
796, 720, -1
796, 1079, -1
796, 841, -1
796, 553, -1
796, 1109, -1
796, 1125, -1
796, 707, -1
796, 470, -1
796, 506, -1
796, 1039, -1
796, 84, -1
1039, 1212, -1
1039, 989, -1
1039, 501, -1
1039, 500, -1
84, 1212, -1
84, 989, -1
84, 501, -1
84, 500, -1
1039, 720, -1
84, 720, -1
1039, 1079, -1
1039, 841, -1
1039, 553, -1
1039, 1109, -1
1039, 1125, -1
1039, 707, -1
84, 1079, -1
84, 841, -1
84, 553, -1
84, 1109, -1
84, 1125, -1
84, 707, -1
1039, 470, -1
84, 470, -1
1039, 506, -1
84, 506, -1
1039, 796, -1
84, 796, -1

1212, 989, 1
1212, 501, 1
1212, 500, 1
989, 1212, 1
989, 501, 1
989, 500, 1
501, 1212, 1
501, 989, 1
501, 500, 1
500, 1212, 1
500, 989, 1
500, 501, 1
1079, 841, 1
1079, 553, 1
1079, 1109, 1
1079, 1125, 1
1079, 707, 1
1079, 145, 1
841, 1079, 1
841, 553, 1
841, 1109, 1
841, 1125, 1
841, 707, 1
841, 145, 1
553, 1079, 1
553, 841, 1
553, 1109, 1
553, 1125, 1
553, 707, 1
553, 145, 1
1109, 1079, 1
1109, 841, 1
1109, 553, 1
1109, 1125, 1
1109, 707, 1
1109, 145, 1
1125, 1079, 1
1125, 841, 1
1125, 553, 1
1125, 1109, 1
1125, 707, 1
1125, 145, 1
707, 1079, 1
707, 841, 1
707, 553, 1
707, 1109, 1
707, 1125, 1
707, 145, 1
145, 1079, 1
145, 841, 1
145, 553, 1
145, 1109, 1
145, 1125, 1
145, 707, 1
1039, 84, 1
84, 1039, 1
1212, 720, -1
989, 720, -1
501, 720, -1
500, 720, -1
1212, 1079, -1
1212, 841, -1
1212, 553, -1
1212, 1109, -1
1212, 1125, -1
1212, 707, -1
1212, 145, -1
989, 1079, -1
989, 841, -1
989, 553, -1
989, 1109, -1
989, 1125, -1
989, 707, -1
989, 145, -1
501, 1079, -1
501, 841, -1
501, 553, -1
501, 1109, -1
501, 1125, -1
501, 707, -1
501, 145, -1
500, 1079, -1
500, 841, -1
500, 553, -1
500, 1109, -1
500, 1125, -1
500, 707, -1
500, 145, -1
1212, 470, -1
989, 470, -1
501, 470, -1
500, 470, -1
1212, 506, -1
989, 506, -1
501, 506, -1
500, 506, -1
1212, 796, -1
989, 796, -1
501, 796, -1
500, 796, -1
1212, 1039, -1
1212, 84, -1
989, 1039, -1
989, 84, -1
501, 1039, -1
501, 84, -1
500, 1039, -1
500, 84, -1
1212, 1120, -1
989, 1120, -1
501, 1120, -1
500, 1120, -1
720, 1212, -1
720, 989, -1
720, 501, -1
720, 500, -1
720, 1079, -1
720, 841, -1
720, 553, -1
720, 1109, -1
720, 1125, -1
720, 707, -1
720, 145, -1
720, 470, -1
720, 506, -1
720, 796, -1
720, 1039, -1
720, 84, -1
720, 1120, -1
1079, 1212, -1
1079, 989, -1
1079, 501, -1
1079, 500, -1
841, 1212, -1
841, 989, -1
841, 501, -1
841, 500, -1
553, 1212, -1
553, 989, -1
553, 501, -1
553, 500, -1
1109, 1212, -1
1109, 989, -1
1109, 501, -1
1109, 500, -1
1125, 1212, -1
1125, 989, -1
1125, 501, -1
1125, 500, -1
707, 1212, -1
707, 989, -1
707, 501, -1
707, 500, -1
145, 1212, -1
145, 989, -1
145, 501, -1
145, 500, -1
1079, 720, -1
841, 720, -1
553, 720, -1
1109, 720, -1
1125, 720, -1
707, 720, -1
145, 720, -1
1079, 470, -1
841, 470, -1
553, 470, -1
1109, 470, -1
1125, 470, -1
707, 470, -1
145, 470, -1
1079, 506, -1
841, 506, -1
553, 506, -1
1109, 506, -1
1125, 506, -1
707, 506, -1
145, 506, -1
1079, 796, -1
841, 796, -1
553, 796, -1
1109, 796, -1
1125, 796, -1
707, 796, -1
145, 796, -1
1079, 1039, -1
1079, 84, -1
841, 1039, -1
841, 84, -1
553, 1039, -1
553, 84, -1
1109, 1039, -1
1109, 84, -1
1125, 1039, -1
1125, 84, -1
707, 1039, -1
707, 84, -1
145, 1039, -1
145, 84, -1
1079, 1120, -1
841, 1120, -1
553, 1120, -1
1109, 1120, -1
1125, 1120, -1
707, 1120, -1
145, 1120, -1
470, 1212, -1
470, 989, -1
470, 501, -1
470, 500, -1
470, 720, -1
470, 1079, -1
470, 841, -1
470, 553, -1
470, 1109, -1
470, 1125, -1
470, 707, -1
470, 145, -1
470, 506, -1
470, 796, -1
470, 1039, -1
470, 84, -1
470, 1120, -1
506, 1212, -1
506, 989, -1
506, 501, -1
506, 500, -1
506, 720, -1
506, 1079, -1
506, 841, -1
506, 553, -1
506, 1109, -1
506, 1125, -1
506, 707, -1
506, 145, -1
506, 470, -1
506, 796, -1
506, 1039, -1
506, 84, -1
506, 1120, -1
796, 1212, -1
796, 989, -1
796, 501, -1
796, 500, -1
796, 720, -1
796, 1079, -1
796, 841, -1
796, 553, -1
796, 1109, -1
796, 1125, -1
796, 707, -1
796, 145, -1
796, 470, -1
796, 506, -1
796, 1039, -1
796, 84, -1
796, 1120, -1
1039, 1212, -1
1039, 989, -1
1039, 501, -1
1039, 500, -1
84, 1212, -1
84, 989, -1
84, 501, -1
84, 500, -1
1039, 720, -1
84, 720, -1
1039, 1079, -1
1039, 841, -1
1039, 553, -1
1039, 1109, -1
1039, 1125, -1
1039, 707, -1
1039, 145, -1
84, 1079, -1
84, 841, -1
84, 553, -1
84, 1109, -1
84, 1125, -1
84, 707, -1
84, 145, -1
1039, 470, -1
84, 470, -1
1039, 506, -1
84, 506, -1
1039, 796, -1
84, 796, -1
1039, 1120, -1
84, 1120, -1
1120, 1212, -1
1120, 989, -1
1120, 501, -1
1120, 500, -1
1120, 720, -1
1120, 1079, -1
1120, 841, -1
1120, 553, -1
1120, 1109, -1
1120, 1125, -1
1120, 707, -1
1120, 145, -1
1120, 470, -1
1120, 506, -1
1120, 796, -1
1120, 1039, -1
1120, 84, -1

1212, 989, 1
1212, 501, 1
1212, 500, 1
989, 1212, 1
989, 501, 1
989, 500, 1
501, 1212, 1
501, 989, 1
501, 500, 1
500, 1212, 1
500, 989, 1
500, 501, 1
720, 110, 1
110, 720, 1
1079, 841, 1
1079, 553, 1
1079, 1109, 1
1079, 1125, 1
1079, 707, 1
1079, 145, 1
1079, 1201, 1
1079, 695, 1
841, 1079, 1
841, 553, 1
841, 1109, 1
841, 1125, 1
841, 707, 1
841, 145, 1
841, 1201, 1
841, 695, 1
553, 1079, 1
553, 841, 1
553, 1109, 1
553, 1125, 1
553, 707, 1
553, 145, 1
553, 1201, 1
553, 695, 1
1109, 1079, 1
1109, 841, 1
1109, 553, 1
1109, 1125, 1
1109, 707, 1
1109, 145, 1
1109, 1201, 1
1109, 695, 1
1125, 1079, 1
1125, 841, 1
1125, 553, 1
1125, 1109, 1
1125, 707, 1
1125, 145, 1
1125, 1201, 1
1125, 695, 1
707, 1079, 1
707, 841, 1
707, 553, 1
707, 1109, 1
707, 1125, 1
707, 145, 1
707, 1201, 1
707, 695, 1
145, 1079, 1
145, 841, 1
145, 553, 1
145, 1109, 1
145, 1125, 1
145, 707, 1
145, 1201, 1
145, 695, 1
1201, 1079, 1
1201, 841, 1
1201, 553, 1
1201, 1109, 1
1201, 1125, 1
1201, 707, 1
1201, 145, 1
1201, 695, 1
695, 1079, 1
695, 841, 1
695, 553, 1
695, 1109, 1
695, 1125, 1
695, 707, 1
695, 145, 1
695, 1201, 1
1039, 84, 1
84, 1039, 1
1212, 720, -1
1212, 110, -1
989, 720, -1
989, 110, -1
501, 720, -1
501, 110, -1
500, 720, -1
500, 110, -1
1212, 1079, -1
1212, 841, -1
1212, 553, -1
1212, 1109, -1
1212, 1125, -1
1212, 707, -1
1212, 145, -1
1212, 1201, -1
1212, 695, -1
989, 1079, -1
989, 841, -1
989, 553, -1
989, 1109, -1
989, 1125, -1
989, 707, -1
989, 145, -1
989, 1201, -1
989, 695, -1
501, 1079, -1
501, 841, -1
501, 553, -1
501, 1109, -1
501, 1125, -1
501, 707, -1
501, 145, -1
501, 1201, -1
501, 695, -1
500, 1079, -1
500, 841, -1
500, 553, -1
500, 1109, -1
500, 1125, -1
500, 707, -1
500, 145, -1
500, 1201, -1
500, 695, -1
1212, 470, -1
989, 470, -1
501, 470, -1
500, 470, -1
1212, 506, -1
989, 506, -1
501, 506, -1
500, 506, -1
1212, 796, -1
989, 796, -1
501, 796, -1
500, 796, -1
1212, 1039, -1
1212, 84, -1
989, 1039, -1
989, 84, -1
501, 1039, -1
501, 84, -1
500, 1039, -1
500, 84, -1
1212, 1120, -1
989, 1120, -1
501, 1120, -1
500, 1120, -1
720, 1212, -1
720, 989, -1
720, 501, -1
720, 500, -1
110, 1212, -1
110, 989, -1
110, 501, -1
110, 500, -1
720, 1079, -1
720, 841, -1
720, 553, -1
720, 1109, -1
720, 1125, -1
720, 707, -1
720, 145, -1
720, 1201, -1
720, 695, -1
110, 1079, -1
110, 841, -1
110, 553, -1
110, 1109, -1
110, 1125, -1
110, 707, -1
110, 145, -1
110, 1201, -1
110, 695, -1
720, 470, -1
110, 470, -1
720, 506, -1
110, 506, -1
720, 796, -1
110, 796, -1
720, 1039, -1
720, 84, -1
110, 1039, -1
110, 84, -1
720, 1120, -1
110, 1120, -1
1079, 1212, -1
1079, 989, -1
1079, 501, -1
1079, 500, -1
841, 1212, -1
841, 989, -1
841, 501, -1
841, 500, -1
553, 1212, -1
553, 989, -1
553, 501, -1
553, 500, -1
1109, 1212, -1
1109, 989, -1
1109, 501, -1
1109, 500, -1
1125, 1212, -1
1125, 989, -1
1125, 501, -1
1125, 500, -1
707, 1212, -1
707, 989, -1
707, 501, -1
707, 500, -1
145, 1212, -1
145, 989, -1
145, 501, -1
145, 500, -1
1201, 1212, -1
1201, 989, -1
1201, 501, -1
1201, 500, -1
695, 1212, -1
695, 989, -1
695, 501, -1
695, 500, -1
1079, 720, -1
1079, 110, -1
841, 720, -1
841, 110, -1
553, 720, -1
553, 110, -1
1109, 720, -1
1109, 110, -1
1125, 720, -1
1125, 110, -1
707, 720, -1
707, 110, -1
145, 720, -1
145, 110, -1
1201, 720, -1
1201, 110, -1
695, 720, -1
695, 110, -1
1079, 470, -1
841, 470, -1
553, 470, -1
1109, 470, -1
1125, 470, -1
707, 470, -1
145, 470, -1
1201, 470, -1
695, 470, -1
1079, 506, -1
841, 506, -1
553, 506, -1
1109, 506, -1
1125, 506, -1
707, 506, -1
145, 506, -1
1201, 506, -1
695, 506, -1
1079, 796, -1
841, 796, -1
553, 796, -1
1109, 796, -1
1125, 796, -1
707, 796, -1
145, 796, -1
1201, 796, -1
695, 796, -1
1079, 1039, -1
1079, 84, -1
841, 1039, -1
841, 84, -1
553, 1039, -1
553, 84, -1
1109, 1039, -1
1109, 84, -1
1125, 1039, -1
1125, 84, -1
707, 1039, -1
707, 84, -1
145, 1039, -1
145, 84, -1
1201, 1039, -1
1201, 84, -1
695, 1039, -1
695, 84, -1
1079, 1120, -1
841, 1120, -1
553, 1120, -1
1109, 1120, -1
1125, 1120, -1
707, 1120, -1
145, 1120, -1
1201, 1120, -1
695, 1120, -1
470, 1212, -1
470, 989, -1
470, 501, -1
470, 500, -1
470, 720, -1
470, 110, -1
470, 1079, -1
470, 841, -1
470, 553, -1
470, 1109, -1
470, 1125, -1
470, 707, -1
470, 145, -1
470, 1201, -1
470, 695, -1
470, 506, -1
470, 796, -1
470, 1039, -1
470, 84, -1
470, 1120, -1
506, 1212, -1
506, 989, -1
506, 501, -1
506, 500, -1
506, 720, -1
506, 110, -1
506, 1079, -1
506, 841, -1
506, 553, -1
506, 1109, -1
506, 1125, -1
506, 707, -1
506, 145, -1
506, 1201, -1
506, 695, -1
506, 470, -1
506, 796, -1
506, 1039, -1
506, 84, -1
506, 1120, -1
796, 1212, -1
796, 989, -1
796, 501, -1
796, 500, -1
796, 720, -1
796, 110, -1
796, 1079, -1
796, 841, -1
796, 553, -1
796, 1109, -1
796, 1125, -1
796, 707, -1
796, 145, -1
796, 1201, -1
796, 695, -1
796, 470, -1
796, 506, -1
796, 1039, -1
796, 84, -1
796, 1120, -1
1039, 1212, -1
1039, 989, -1
1039, 501, -1
1039, 500, -1
84, 1212, -1
84, 989, -1
84, 501, -1
84, 500, -1
1039, 720, -1
1039, 110, -1
84, 720, -1
84, 110, -1
1039, 1079, -1
1039, 841, -1
1039, 553, -1
1039, 1109, -1
1039, 1125, -1
1039, 707, -1
1039, 145, -1
1039, 1201, -1
1039, 695, -1
84, 1079, -1
84, 841, -1
84, 553, -1
84, 1109, -1
84, 1125, -1
84, 707, -1
84, 145, -1
84, 1201, -1
84, 695, -1
1039, 470, -1
84, 470, -1
1039, 506, -1
84, 506, -1
1039, 796, -1
84, 796, -1
1039, 1120, -1
84, 1120, -1
1120, 1212, -1
1120, 989, -1
1120, 501, -1
1120, 500, -1
1120, 720, -1
1120, 110, -1
1120, 1079, -1
1120, 841, -1
1120, 553, -1
1120, 1109, -1
1120, 1125, -1
1120, 707, -1
1120, 145, -1
1120, 1201, -1
1120, 695, -1
1120, 470, -1
1120, 506, -1
1120, 796, -1
1120, 1039, -1
1120, 84, -1

1212, 989, 1
1212, 501, 1
1212, 500, 1
989, 1212, 1
989, 501, 1
989, 500, 1
501, 1212, 1
501, 989, 1
501, 500, 1
500, 1212, 1
500, 989, 1
500, 501, 1
720, 110, 1
720, 1145, 1
110, 720, 1
110, 1145, 1
1145, 720, 1
1145, 110, 1
1079, 841, 1
1079, 553, 1
1079, 1109, 1
1079, 1125, 1
1079, 707, 1
1079, 145, 1
1079, 1201, 1
1079, 695, 1
841, 1079, 1
841, 553, 1
841, 1109, 1
841, 1125, 1
841, 707, 1
841, 145, 1
841, 1201, 1
841, 695, 1
553, 1079, 1
553, 841, 1
553, 1109, 1
553, 1125, 1
553, 707, 1
553, 145, 1
553, 1201, 1
553, 695, 1
1109, 1079, 1
1109, 841, 1
1109, 553, 1
1109, 1125, 1
1109, 707, 1
1109, 145, 1
1109, 1201, 1
1109, 695, 1
1125, 1079, 1
1125, 841, 1
1125, 553, 1
1125, 1109, 1
1125, 707, 1
1125, 145, 1
1125, 1201, 1
1125, 695, 1
707, 1079, 1
707, 841, 1
707, 553, 1
707, 1109, 1
707, 1125, 1
707, 145, 1
707, 1201, 1
707, 695, 1
145, 1079, 1
145, 841, 1
145, 553, 1
145, 1109, 1
145, 1125, 1
145, 707, 1
145, 1201, 1
145, 695, 1
1201, 1079, 1
1201, 841, 1
1201, 553, 1
1201, 1109, 1
1201, 1125, 1
1201, 707, 1
1201, 145, 1
1201, 695, 1
695, 1079, 1
695, 841, 1
695, 553, 1
695, 1109, 1
695, 1125, 1
695, 707, 1
695, 145, 1
695, 1201, 1
1039, 84, 1
1039, 587, 1
84, 1039, 1
84, 587, 1
587, 1039, 1
587, 84, 1
1212, 720, -1
1212, 110, -1
1212, 1145, -1
989, 720, -1
989, 110, -1
989, 1145, -1
501, 720, -1
501, 110, -1
501, 1145, -1
500, 720, -1
500, 110, -1
500, 1145, -1
1212, 1079, -1
1212, 841, -1
1212, 553, -1
1212, 1109, -1
1212, 1125, -1
1212, 707, -1
1212, 145, -1
1212, 1201, -1
1212, 695, -1
989, 1079, -1
989, 841, -1
989, 553, -1
989, 1109, -1
989, 1125, -1
989, 707, -1
989, 145, -1
989, 1201, -1
989, 695, -1
501, 1079, -1
501, 841, -1
501, 553, -1
501, 1109, -1
501, 1125, -1
501, 707, -1
501, 145, -1
501, 1201, -1
501, 695, -1
500, 1079, -1
500, 841, -1
500, 553, -1
500, 1109, -1
500, 1125, -1
500, 707, -1
500, 145, -1
500, 1201, -1
500, 695, -1
1212, 470, -1
989, 470, -1
501, 470, -1
500, 470, -1
1212, 506, -1
989, 506, -1
501, 506, -1
500, 506, -1
1212, 796, -1
989, 796, -1
501, 796, -1
500, 796, -1
1212, 1039, -1
1212, 84, -1
1212, 587, -1
989, 1039, -1
989, 84, -1
989, 587, -1
501, 1039, -1
501, 84, -1
501, 587, -1
500, 1039, -1
500, 84, -1
500, 587, -1
1212, 1120, -1
989, 1120, -1
501, 1120, -1
500, 1120, -1
720, 1212, -1
720, 989, -1
720, 501, -1
720, 500, -1
110, 1212, -1
110, 989, -1
110, 501, -1
110, 500, -1
1145, 1212, -1
1145, 989, -1
1145, 501, -1
1145, 500, -1
720, 1079, -1
720, 841, -1
720, 553, -1
720, 1109, -1
720, 1125, -1
720, 707, -1
720, 145, -1
720, 1201, -1
720, 695, -1
110, 1079, -1
110, 841, -1
110, 553, -1
110, 1109, -1
110, 1125, -1
110, 707, -1
110, 145, -1
110, 1201, -1
110, 695, -1
1145, 1079, -1
1145, 841, -1
1145, 553, -1
1145, 1109, -1
1145, 1125, -1
1145, 707, -1
1145, 145, -1
1145, 1201, -1
1145, 695, -1
720, 470, -1
110, 470, -1
1145, 470, -1
720, 506, -1
110, 506, -1
1145, 506, -1
720, 796, -1
110, 796, -1
1145, 796, -1
720, 1039, -1
720, 84, -1
720, 587, -1
110, 1039, -1
110, 84, -1
110, 587, -1
1145, 1039, -1
1145, 84, -1
1145, 587, -1
720, 1120, -1
110, 1120, -1
1145, 1120, -1
1079, 1212, -1
1079, 989, -1
1079, 501, -1
1079, 500, -1
841, 1212, -1
841, 989, -1
841, 501, -1
841, 500, -1
553, 1212, -1
553, 989, -1
553, 501, -1
553, 500, -1
1109, 1212, -1
1109, 989, -1
1109, 501, -1
1109, 500, -1
1125, 1212, -1
1125, 989, -1
1125, 501, -1
1125, 500, -1
707, 1212, -1
707, 989, -1
707, 501, -1
707, 500, -1
145, 1212, -1
145, 989, -1
145, 501, -1
145, 500, -1
1201, 1212, -1
1201, 989, -1
1201, 501, -1
1201, 500, -1
695, 1212, -1
695, 989, -1
695, 501, -1
695, 500, -1
1079, 720, -1
1079, 110, -1
1079, 1145, -1
841, 720, -1
841, 110, -1
841, 1145, -1
553, 720, -1
553, 110, -1
553, 1145, -1
1109, 720, -1
1109, 110, -1
1109, 1145, -1
1125, 720, -1
1125, 110, -1
1125, 1145, -1
707, 720, -1
707, 110, -1
707, 1145, -1
145, 720, -1
145, 110, -1
145, 1145, -1
1201, 720, -1
1201, 110, -1
1201, 1145, -1
695, 720, -1
695, 110, -1
695, 1145, -1
1079, 470, -1
841, 470, -1
553, 470, -1
1109, 470, -1
1125, 470, -1
707, 470, -1
145, 470, -1
1201, 470, -1
695, 470, -1
1079, 506, -1
841, 506, -1
553, 506, -1
1109, 506, -1
1125, 506, -1
707, 506, -1
145, 506, -1
1201, 506, -1
695, 506, -1
1079, 796, -1
841, 796, -1
553, 796, -1
1109, 796, -1
1125, 796, -1
707, 796, -1
145, 796, -1
1201, 796, -1
695, 796, -1
1079, 1039, -1
1079, 84, -1
1079, 587, -1
841, 1039, -1
841, 84, -1
841, 587, -1
553, 1039, -1
553, 84, -1
553, 587, -1
1109, 1039, -1
1109, 84, -1
1109, 587, -1
1125, 1039, -1
1125, 84, -1
1125, 587, -1
707, 1039, -1
707, 84, -1
707, 587, -1
145, 1039, -1
145, 84, -1
145, 587, -1
1201, 1039, -1
1201, 84, -1
1201, 587, -1
695, 1039, -1
695, 84, -1
695, 587, -1
1079, 1120, -1
841, 1120, -1
553, 1120, -1
1109, 1120, -1
1125, 1120, -1
707, 1120, -1
145, 1120, -1
1201, 1120, -1
695, 1120, -1
470, 1212, -1
470, 989, -1
470, 501, -1
470, 500, -1
470, 720, -1
470, 110, -1
470, 1145, -1
470, 1079, -1
470, 841, -1
470, 553, -1
470, 1109, -1
470, 1125, -1
470, 707, -1
470, 145, -1
470, 1201, -1
470, 695, -1
470, 506, -1
470, 796, -1
470, 1039, -1
470, 84, -1
470, 587, -1
470, 1120, -1
506, 1212, -1
506, 989, -1
506, 501, -1
506, 500, -1
506, 720, -1
506, 110, -1
506, 1145, -1
506, 1079, -1
506, 841, -1
506, 553, -1
506, 1109, -1
506, 1125, -1
506, 707, -1
506, 145, -1
506, 1201, -1
506, 695, -1
506, 470, -1
506, 796, -1
506, 1039, -1
506, 84, -1
506, 587, -1
506, 1120, -1
796, 1212, -1
796, 989, -1
796, 501, -1
796, 500, -1
796, 720, -1
796, 110, -1
796, 1145, -1
796, 1079, -1
796, 841, -1
796, 553, -1
796, 1109, -1
796, 1125, -1
796, 707, -1
796, 145, -1
796, 1201, -1
796, 695, -1
796, 470, -1
796, 506, -1
796, 1039, -1
796, 84, -1
796, 587, -1
796, 1120, -1
1039, 1212, -1
1039, 989, -1
1039, 501, -1
1039, 500, -1
84, 1212, -1
84, 989, -1
84, 501, -1
84, 500, -1
587, 1212, -1
587, 989, -1
587, 501, -1
587, 500, -1
1039, 720, -1
1039, 110, -1
1039, 1145, -1
84, 720, -1
84, 110, -1
84, 1145, -1
587, 720, -1
587, 110, -1
587, 1145, -1
1039, 1079, -1
1039, 841, -1
1039, 553, -1
1039, 1109, -1
1039, 1125, -1
1039, 707, -1
1039, 145, -1
1039, 1201, -1
1039, 695, -1
84, 1079, -1
84, 841, -1
84, 553, -1
84, 1109, -1
84, 1125, -1
84, 707, -1
84, 145, -1
84, 1201, -1
84, 695, -1
587, 1079, -1
587, 841, -1
587, 553, -1
587, 1109, -1
587, 1125, -1
587, 707, -1
587, 145, -1
587, 1201, -1
587, 695, -1
1039, 470, -1
84, 470, -1
587, 470, -1
1039, 506, -1
84, 506, -1
587, 506, -1
1039, 796, -1
84, 796, -1
587, 796, -1
1039, 1120, -1
84, 1120, -1
587, 1120, -1
1120, 1212, -1
1120, 989, -1
1120, 501, -1
1120, 500, -1
1120, 720, -1
1120, 110, -1
1120, 1145, -1
1120, 1079, -1
1120, 841, -1
1120, 553, -1
1120, 1109, -1
1120, 1125, -1
1120, 707, -1
1120, 145, -1
1120, 1201, -1
1120, 695, -1
1120, 470, -1
1120, 506, -1
1120, 796, -1
1120, 1039, -1
1120, 84, -1
1120, 587, -1

1212, 989, 1
1212, 501, 1
1212, 500, 1
989, 1212, 1
989, 501, 1
989, 500, 1
501, 1212, 1
501, 989, 1
501, 500, 1
500, 1212, 1
500, 989, 1
500, 501, 1
720, 110, 1
720, 1145, 1
110, 720, 1
110, 1145, 1
1145, 720, 1
1145, 110, 1
1079, 841, 1
1079, 553, 1
1079, 1109, 1
1079, 1125, 1
1079, 707, 1
1079, 145, 1
1079, 1201, 1
1079, 695, 1
841, 1079, 1
841, 553, 1
841, 1109, 1
841, 1125, 1
841, 707, 1
841, 145, 1
841, 1201, 1
841, 695, 1
553, 1079, 1
553, 841, 1
553, 1109, 1
553, 1125, 1
553, 707, 1
553, 145, 1
553, 1201, 1
553, 695, 1
1109, 1079, 1
1109, 841, 1
1109, 553, 1
1109, 1125, 1
1109, 707, 1
1109, 145, 1
1109, 1201, 1
1109, 695, 1
1125, 1079, 1
1125, 841, 1
1125, 553, 1
1125, 1109, 1
1125, 707, 1
1125, 145, 1
1125, 1201, 1
1125, 695, 1
707, 1079, 1
707, 841, 1
707, 553, 1
707, 1109, 1
707, 1125, 1
707, 145, 1
707, 1201, 1
707, 695, 1
145, 1079, 1
145, 841, 1
145, 553, 1
145, 1109, 1
145, 1125, 1
145, 707, 1
145, 1201, 1
145, 695, 1
1201, 1079, 1
1201, 841, 1
1201, 553, 1
1201, 1109, 1
1201, 1125, 1
1201, 707, 1
1201, 145, 1
1201, 695, 1
695, 1079, 1
695, 841, 1
695, 553, 1
695, 1109, 1
695, 1125, 1
695, 707, 1
695, 145, 1
695, 1201, 1
796, 276, 1
276, 796, 1
1039, 84, 1
1039, 587, 1
84, 1039, 1
84, 587, 1
587, 1039, 1
587, 84, 1
1212, 720, -1
1212, 110, -1
1212, 1145, -1
989, 720, -1
989, 110, -1
989, 1145, -1
501, 720, -1
501, 110, -1
501, 1145, -1
500, 720, -1
500, 110, -1
500, 1145, -1
1212, 1079, -1
1212, 841, -1
1212, 553, -1
1212, 1109, -1
1212, 1125, -1
1212, 707, -1
1212, 145, -1
1212, 1201, -1
1212, 695, -1
989, 1079, -1
989, 841, -1
989, 553, -1
989, 1109, -1
989, 1125, -1
989, 707, -1
989, 145, -1
989, 1201, -1
989, 695, -1
501, 1079, -1
501, 841, -1
501, 553, -1
501, 1109, -1
501, 1125, -1
501, 707, -1
501, 145, -1
501, 1201, -1
501, 695, -1
500, 1079, -1
500, 841, -1
500, 553, -1
500, 1109, -1
500, 1125, -1
500, 707, -1
500, 145, -1
500, 1201, -1
500, 695, -1
1212, 470, -1
989, 470, -1
501, 470, -1
500, 470, -1
1212, 506, -1
989, 506, -1
501, 506, -1
500, 506, -1
1212, 796, -1
1212, 276, -1
989, 796, -1
989, 276, -1
501, 796, -1
501, 276, -1
500, 796, -1
500, 276, -1
1212, 1039, -1
1212, 84, -1
1212, 587, -1
989, 1039, -1
989, 84, -1
989, 587, -1
501, 1039, -1
501, 84, -1
501, 587, -1
500, 1039, -1
500, 84, -1
500, 587, -1
1212, 1120, -1
989, 1120, -1
501, 1120, -1
500, 1120, -1
720, 1212, -1
720, 989, -1
720, 501, -1
720, 500, -1
110, 1212, -1
110, 989, -1
110, 501, -1
110, 500, -1
1145, 1212, -1
1145, 989, -1
1145, 501, -1
1145, 500, -1
720, 1079, -1
720, 841, -1
720, 553, -1
720, 1109, -1
720, 1125, -1
720, 707, -1
720, 145, -1
720, 1201, -1
720, 695, -1
110, 1079, -1
110, 841, -1
110, 553, -1
110, 1109, -1
110, 1125, -1
110, 707, -1
110, 145, -1
110, 1201, -1
110, 695, -1
1145, 1079, -1
1145, 841, -1
1145, 553, -1
1145, 1109, -1
1145, 1125, -1
1145, 707, -1
1145, 145, -1
1145, 1201, -1
1145, 695, -1
720, 470, -1
110, 470, -1
1145, 470, -1
720, 506, -1
110, 506, -1
1145, 506, -1
720, 796, -1
720, 276, -1
110, 796, -1
110, 276, -1
1145, 796, -1
1145, 276, -1
720, 1039, -1
720, 84, -1
720, 587, -1
110, 1039, -1
110, 84, -1
110, 587, -1
1145, 1039, -1
1145, 84, -1
1145, 587, -1
720, 1120, -1
110, 1120, -1
1145, 1120, -1
1079, 1212, -1
1079, 989, -1
1079, 501, -1
1079, 500, -1
841, 1212, -1
841, 989, -1
841, 501, -1
841, 500, -1
553, 1212, -1
553, 989, -1
553, 501, -1
553, 500, -1
1109, 1212, -1
1109, 989, -1
1109, 501, -1
1109, 500, -1
1125, 1212, -1
1125, 989, -1
1125, 501, -1
1125, 500, -1
707, 1212, -1
707, 989, -1
707, 501, -1
707, 500, -1
145, 1212, -1
145, 989, -1
145, 501, -1
145, 500, -1
1201, 1212, -1
1201, 989, -1
1201, 501, -1
1201, 500, -1
695, 1212, -1
695, 989, -1
695, 501, -1
695, 500, -1
1079, 720, -1
1079, 110, -1
1079, 1145, -1
841, 720, -1
841, 110, -1
841, 1145, -1
553, 720, -1
553, 110, -1
553, 1145, -1
1109, 720, -1
1109, 110, -1
1109, 1145, -1
1125, 720, -1
1125, 110, -1
1125, 1145, -1
707, 720, -1
707, 110, -1
707, 1145, -1
145, 720, -1
145, 110, -1
145, 1145, -1
1201, 720, -1
1201, 110, -1
1201, 1145, -1
695, 720, -1
695, 110, -1
695, 1145, -1
1079, 470, -1
841, 470, -1
553, 470, -1
1109, 470, -1
1125, 470, -1
707, 470, -1
145, 470, -1
1201, 470, -1
695, 470, -1
1079, 506, -1
841, 506, -1
553, 506, -1
1109, 506, -1
1125, 506, -1
707, 506, -1
145, 506, -1
1201, 506, -1
695, 506, -1
1079, 796, -1
1079, 276, -1
841, 796, -1
841, 276, -1
553, 796, -1
553, 276, -1
1109, 796, -1
1109, 276, -1
1125, 796, -1
1125, 276, -1
707, 796, -1
707, 276, -1
145, 796, -1
145, 276, -1
1201, 796, -1
1201, 276, -1
695, 796, -1
695, 276, -1
1079, 1039, -1
1079, 84, -1
1079, 587, -1
841, 1039, -1
841, 84, -1
841, 587, -1
553, 1039, -1
553, 84, -1
553, 587, -1
1109, 1039, -1
1109, 84, -1
1109, 587, -1
1125, 1039, -1
1125, 84, -1
1125, 587, -1
707, 1039, -1
707, 84, -1
707, 587, -1
145, 1039, -1
145, 84, -1
145, 587, -1
1201, 1039, -1
1201, 84, -1
1201, 587, -1
695, 1039, -1
695, 84, -1
695, 587, -1
1079, 1120, -1
841, 1120, -1
553, 1120, -1
1109, 1120, -1
1125, 1120, -1
707, 1120, -1
145, 1120, -1
1201, 1120, -1
695, 1120, -1
470, 1212, -1
470, 989, -1
470, 501, -1
470, 500, -1
470, 720, -1
470, 110, -1
470, 1145, -1
470, 1079, -1
470, 841, -1
470, 553, -1
470, 1109, -1
470, 1125, -1
470, 707, -1
470, 145, -1
470, 1201, -1
470, 695, -1
470, 506, -1
470, 796, -1
470, 276, -1
470, 1039, -1
470, 84, -1
470, 587, -1
470, 1120, -1
506, 1212, -1
506, 989, -1
506, 501, -1
506, 500, -1
506, 720, -1
506, 110, -1
506, 1145, -1
506, 1079, -1
506, 841, -1
506, 553, -1
506, 1109, -1
506, 1125, -1
506, 707, -1
506, 145, -1
506, 1201, -1
506, 695, -1
506, 470, -1
506, 796, -1
506, 276, -1
506, 1039, -1
506, 84, -1
506, 587, -1
506, 1120, -1
796, 1212, -1
796, 989, -1
796, 501, -1
796, 500, -1
276, 1212, -1
276, 989, -1
276, 501, -1
276, 500, -1
796, 720, -1
796, 110, -1
796, 1145, -1
276, 720, -1
276, 110, -1
276, 1145, -1
796, 1079, -1
796, 841, -1
796, 553, -1
796, 1109, -1
796, 1125, -1
796, 707, -1
796, 145, -1
796, 1201, -1
796, 695, -1
276, 1079, -1
276, 841, -1
276, 553, -1
276, 1109, -1
276, 1125, -1
276, 707, -1
276, 145, -1
276, 1201, -1
276, 695, -1
796, 470, -1
276, 470, -1
796, 506, -1
276, 506, -1
796, 1039, -1
796, 84, -1
796, 587, -1
276, 1039, -1
276, 84, -1
276, 587, -1
796, 1120, -1
276, 1120, -1
1039, 1212, -1
1039, 989, -1
1039, 501, -1
1039, 500, -1
84, 1212, -1
84, 989, -1
84, 501, -1
84, 500, -1
587, 1212, -1
587, 989, -1
587, 501, -1
587, 500, -1
1039, 720, -1
1039, 110, -1
1039, 1145, -1
84, 720, -1
84, 110, -1
84, 1145, -1
587, 720, -1
587, 110, -1
587, 1145, -1
1039, 1079, -1
1039, 841, -1
1039, 553, -1
1039, 1109, -1
1039, 1125, -1
1039, 707, -1
1039, 145, -1
1039, 1201, -1
1039, 695, -1
84, 1079, -1
84, 841, -1
84, 553, -1
84, 1109, -1
84, 1125, -1
84, 707, -1
84, 145, -1
84, 1201, -1
84, 695, -1
587, 1079, -1
587, 841, -1
587, 553, -1
587, 1109, -1
587, 1125, -1
587, 707, -1
587, 145, -1
587, 1201, -1
587, 695, -1
1039, 470, -1
84, 470, -1
587, 470, -1
1039, 506, -1
84, 506, -1
587, 506, -1
1039, 796, -1
1039, 276, -1
84, 796, -1
84, 276, -1
587, 796, -1
587, 276, -1
1039, 1120, -1
84, 1120, -1
587, 1120, -1
1120, 1212, -1
1120, 989, -1
1120, 501, -1
1120, 500, -1
1120, 720, -1
1120, 110, -1
1120, 1145, -1
1120, 1079, -1
1120, 841, -1
1120, 553, -1
1120, 1109, -1
1120, 1125, -1
1120, 707, -1
1120, 145, -1
1120, 1201, -1
1120, 695, -1
1120, 470, -1
1120, 506, -1
1120, 796, -1
1120, 276, -1
1120, 1039, -1
1120, 84, -1
1120, 587, -1

