412, 553, 1
412, 841, 1
553, 412, 1
553, 841, 1
841, 412, 1
841, 553, 1
989, 501, 1
501, 989, 1
412, 989, -1
412, 501, -1
553, 989, -1
553, 501, -1
841, 989, -1
841, 501, -1
412, 720, -1
553, 720, -1
841, 720, -1
412, 506, -1
553, 506, -1
841, 506, -1
989, 412, -1
989, 553, -1
989, 841, -1
501, 412, -1
501, 553, -1
501, 841, -1
989, 720, -1
501, 720, -1
989, 506, -1
501, 506, -1
720, 412, -1
720, 553, -1
720, 841, -1
720, 989, -1
720, 501, -1
720, 506, -1
506, 412, -1
506, 553, -1
506, 841, -1
506, 989, -1
506, 501, -1
506, 720, -1

412, 553, 1
412, 841, 1
412, 1109, 1
412, 1079, 1
553, 412, 1
553, 841, 1
553, 1109, 1
553, 1079, 1
841, 412, 1
841, 553, 1
841, 1109, 1
841, 1079, 1
1109, 412, 1
1109, 553, 1
1109, 841, 1
1109, 1079, 1
1079, 412, 1
1079, 553, 1
1079, 841, 1
1079, 1109, 1
989, 501, 1
989, 500, 1
501, 989, 1
501, 500, 1
500, 989, 1
500, 501, 1
412, 989, -1
412, 501, -1
412, 500, -1
553, 989, -1
553, 501, -1
553, 500, -1
841, 989, -1
841, 501, -1
841, 500, -1
1109, 989, -1
1109, 501, -1
1109, 500, -1
1079, 989, -1
1079, 501, -1
1079, 500, -1
412, 720, -1
553, 720, -1
841, 720, -1
1109, 720, -1
1079, 720, -1
412, 506, -1
553, 506, -1
841, 506, -1
1109, 506, -1
1079, 506, -1
412, 470, -1
553, 470, -1
841, 470, -1
1109, 470, -1
1079, 470, -1
989, 412, -1
989, 553, -1
989, 841, -1
989, 1109, -1
989, 1079, -1
501, 412, -1
501, 553, -1
501, 841, -1
501, 1109, -1
501, 1079, -1
500, 412, -1
500, 553, -1
500, 841, -1
500, 1109, -1
500, 1079, -1
989, 720, -1
501, 720, -1
500, 720, -1
989, 506, -1
501, 506, -1
500, 506, -1
989, 470, -1
501, 470, -1
500, 470, -1
720, 412, -1
720, 553, -1
720, 841, -1
720, 1109, -1
720, 1079, -1
720, 989, -1
720, 501, -1
720, 500, -1
720, 506, -1
720, 470, -1
506, 412, -1
506, 553, -1
506, 841, -1
506, 1109, -1
506, 1079, -1
506, 989, -1
506, 501, -1
506, 500, -1
506, 720, -1
506, 470, -1
470, 412, -1
470, 553, -1
470, 841, -1
470, 1109, -1
470, 1079, -1
470, 989, -1
470, 501, -1
470, 500, -1
470, 720, -1
470, 506, -1

412, 553, 1
412, 841, 1
412, 1109, 1
412, 1079, 1
553, 412, 1
553, 841, 1
553, 1109, 1
553, 1079, 1
841, 412, 1
841, 553, 1
841, 1109, 1
841, 1079, 1
1109, 412, 1
1109, 553, 1
1109, 841, 1
1109, 1079, 1
1079, 412, 1
1079, 553, 1
1079, 841, 1
1079, 1109, 1
989, 501, 1
989, 500, 1
501, 989, 1
501, 500, 1
500, 989, 1
500, 501, 1
470, 1356, 1
1356, 470, 1
412, 989, -1
412, 501, -1
412, 500, -1
553, 989, -1
553, 501, -1
553, 500, -1
841, 989, -1
841, 501, -1
841, 500, -1
1109, 989, -1
1109, 501, -1
1109, 500, -1
1079, 989, -1
1079, 501, -1
1079, 500, -1
412, 720, -1
553, 720, -1
841, 720, -1
1109, 720, -1
1079, 720, -1
412, 506, -1
553, 506, -1
841, 506, -1
1109, 506, -1
1079, 506, -1
412, 470, -1
412, 1356, -1
553, 470, -1
553, 1356, -1
841, 470, -1
841, 1356, -1
1109, 470, -1
1109, 1356, -1
1079, 470, -1
1079, 1356, -1
412, 1039, -1
553, 1039, -1
841, 1039, -1
1109, 1039, -1
1079, 1039, -1
989, 412, -1
989, 553, -1
989, 841, -1
989, 1109, -1
989, 1079, -1
501, 412, -1
501, 553, -1
501, 841, -1
501, 1109, -1
501, 1079, -1
500, 412, -1
500, 553, -1
500, 841, -1
500, 1109, -1
500, 1079, -1
989, 720, -1
501, 720, -1
500, 720, -1
989, 506, -1
501, 506, -1
500, 506, -1
989, 470, -1
989, 1356, -1
501, 470, -1
501, 1356, -1
500, 470, -1
500, 1356, -1
989, 1039, -1
501, 1039, -1
500, 1039, -1
720, 412, -1
720, 553, -1
720, 841, -1
720, 1109, -1
720, 1079, -1
720, 989, -1
720, 501, -1
720, 500, -1
720, 506, -1
720, 470, -1
720, 1356, -1
720, 1039, -1
506, 412, -1
506, 553, -1
506, 841, -1
506, 1109, -1
506, 1079, -1
506, 989, -1
506, 501, -1
506, 500, -1
506, 720, -1
506, 470, -1
506, 1356, -1
506, 1039, -1
470, 412, -1
470, 553, -1
470, 841, -1
470, 1109, -1
470, 1079, -1
1356, 412, -1
1356, 553, -1
1356, 841, -1
1356, 1109, -1
1356, 1079, -1
470, 989, -1
470, 501, -1
470, 500, -1
1356, 989, -1
1356, 501, -1
1356, 500, -1
470, 720, -1
1356, 720, -1
470, 506, -1
1356, 506, -1
470, 1039, -1
1356, 1039, -1
1039, 412, -1
1039, 553, -1
1039, 841, -1
1039, 1109, -1
1039, 1079, -1
1039, 989, -1
1039, 501, -1
1039, 500, -1
1039, 720, -1
1039, 506, -1
1039, 470, -1
1039, 1356, -1

412, 553, 1
412, 841, 1
412, 1109, 1
412, 1079, 1
412, 1125, 1
412, 707, 1
553, 412, 1
553, 841, 1
553, 1109, 1
553, 1079, 1
553, 1125, 1
553, 707, 1
841, 412, 1
841, 553, 1
841, 1109, 1
841, 1079, 1
841, 1125, 1
841, 707, 1
1109, 412, 1
1109, 553, 1
1109, 841, 1
1109, 1079, 1
1109, 1125, 1
1109, 707, 1
1079, 412, 1
1079, 553, 1
1079, 841, 1
1079, 1109, 1
1079, 1125, 1
1079, 707, 1
1125, 412, 1
1125, 553, 1
1125, 841, 1
1125, 1109, 1
1125, 1079, 1
1125, 707, 1
707, 412, 1
707, 553, 1
707, 841, 1
707, 1109, 1
707, 1079, 1
707, 1125, 1
989, 501, 1
989, 500, 1
501, 989, 1
501, 500, 1
500, 989, 1
500, 501, 1
470, 1356, 1
1356, 470, 1
412, 989, -1
412, 501, -1
412, 500, -1
553, 989, -1
553, 501, -1
553, 500, -1
841, 989, -1
841, 501, -1
841, 500, -1
1109, 989, -1
1109, 501, -1
1109, 500, -1
1079, 989, -1
1079, 501, -1
1079, 500, -1
1125, 989, -1
1125, 501, -1
1125, 500, -1
707, 989, -1
707, 501, -1
707, 500, -1
412, 720, -1
553, 720, -1
841, 720, -1
1109, 720, -1
1079, 720, -1
1125, 720, -1
707, 720, -1
412, 506, -1
553, 506, -1
841, 506, -1
1109, 506, -1
1079, 506, -1
1125, 506, -1
707, 506, -1
412, 470, -1
412, 1356, -1
553, 470, -1
553, 1356, -1
841, 470, -1
841, 1356, -1
1109, 470, -1
1109, 1356, -1
1079, 470, -1
1079, 1356, -1
1125, 470, -1
1125, 1356, -1
707, 470, -1
707, 1356, -1
412, 1039, -1
553, 1039, -1
841, 1039, -1
1109, 1039, -1
1079, 1039, -1
1125, 1039, -1
707, 1039, -1
412, 1120, -1
553, 1120, -1
841, 1120, -1
1109, 1120, -1
1079, 1120, -1
1125, 1120, -1
707, 1120, -1
989, 412, -1
989, 553, -1
989, 841, -1
989, 1109, -1
989, 1079, -1
989, 1125, -1
989, 707, -1
501, 412, -1
501, 553, -1
501, 841, -1
501, 1109, -1
501, 1079, -1
501, 1125, -1
501, 707, -1
500, 412, -1
500, 553, -1
500, 841, -1
500, 1109, -1
500, 1079, -1
500, 1125, -1
500, 707, -1
989, 720, -1
501, 720, -1
500, 720, -1
989, 506, -1
501, 506, -1
500, 506, -1
989, 470, -1
989, 1356, -1
501, 470, -1
501, 1356, -1
500, 470, -1
500, 1356, -1
989, 1039, -1
501, 1039, -1
500, 1039, -1
989, 1120, -1
501, 1120, -1
500, 1120, -1
720, 412, -1
720, 553, -1
720, 841, -1
720, 1109, -1
720, 1079, -1
720, 1125, -1
720, 707, -1
720, 989, -1
720, 501, -1
720, 500, -1
720, 506, -1
720, 470, -1
720, 1356, -1
720, 1039, -1
720, 1120, -1
506, 412, -1
506, 553, -1
506, 841, -1
506, 1109, -1
506, 1079, -1
506, 1125, -1
506, 707, -1
506, 989, -1
506, 501, -1
506, 500, -1
506, 720, -1
506, 470, -1
506, 1356, -1
506, 1039, -1
506, 1120, -1
470, 412, -1
470, 553, -1
470, 841, -1
470, 1109, -1
470, 1079, -1
470, 1125, -1
470, 707, -1
1356, 412, -1
1356, 553, -1
1356, 841, -1
1356, 1109, -1
1356, 1079, -1
1356, 1125, -1
1356, 707, -1
470, 989, -1
470, 501, -1
470, 500, -1
1356, 989, -1
1356, 501, -1
1356, 500, -1
470, 720, -1
1356, 720, -1
470, 506, -1
1356, 506, -1
470, 1039, -1
1356, 1039, -1
470, 1120, -1
1356, 1120, -1
1039, 412, -1
1039, 553, -1
1039, 841, -1
1039, 1109, -1
1039, 1079, -1
1039, 1125, -1
1039, 707, -1
1039, 989, -1
1039, 501, -1
1039, 500, -1
1039, 720, -1
1039, 506, -1
1039, 470, -1
1039, 1356, -1
1039, 1120, -1
1120, 412, -1
1120, 553, -1
1120, 841, -1
1120, 1109, -1
1120, 1079, -1
1120, 1125, -1
1120, 707, -1
1120, 989, -1
1120, 501, -1
1120, 500, -1
1120, 720, -1
1120, 506, -1
1120, 470, -1
1120, 1356, -1
1120, 1039, -1

412, 553, 1
412, 841, 1
412, 1109, 1
412, 1079, 1
412, 1125, 1
412, 707, 1
412, 695, 1
553, 412, 1
553, 841, 1
553, 1109, 1
553, 1079, 1
553, 1125, 1
553, 707, 1
553, 695, 1
841, 412, 1
841, 553, 1
841, 1109, 1
841, 1079, 1
841, 1125, 1
841, 707, 1
841, 695, 1
1109, 412, 1
1109, 553, 1
1109, 841, 1
1109, 1079, 1
1109, 1125, 1
1109, 707, 1
1109, 695, 1
1079, 412, 1
1079, 553, 1
1079, 841, 1
1079, 1109, 1
1079, 1125, 1
1079, 707, 1
1079, 695, 1
1125, 412, 1
1125, 553, 1
1125, 841, 1
1125, 1109, 1
1125, 1079, 1
1125, 707, 1
1125, 695, 1
707, 412, 1
707, 553, 1
707, 841, 1
707, 1109, 1
707, 1079, 1
707, 1125, 1
707, 695, 1
695, 412, 1
695, 553, 1
695, 841, 1
695, 1109, 1
695, 1079, 1
695, 1125, 1
695, 707, 1
989, 501, 1
989, 500, 1
501, 989, 1
501, 500, 1
500, 989, 1
500, 501, 1
720, 110, 1
110, 720, 1
470, 1356, 1
1356, 470, 1
1039, 84, 1
84, 1039, 1
412, 989, -1
412, 501, -1
412, 500, -1
553, 989, -1
553, 501, -1
553, 500, -1
841, 989, -1
841, 501, -1
841, 500, -1
1109, 989, -1
1109, 501, -1
1109, 500, -1
1079, 989, -1
1079, 501, -1
1079, 500, -1
1125, 989, -1
1125, 501, -1
1125, 500, -1
707, 989, -1
707, 501, -1
707, 500, -1
695, 989, -1
695, 501, -1
695, 500, -1
412, 720, -1
412, 110, -1
553, 720, -1
553, 110, -1
841, 720, -1
841, 110, -1
1109, 720, -1
1109, 110, -1
1079, 720, -1
1079, 110, -1
1125, 720, -1
1125, 110, -1
707, 720, -1
707, 110, -1
695, 720, -1
695, 110, -1
412, 506, -1
553, 506, -1
841, 506, -1
1109, 506, -1
1079, 506, -1
1125, 506, -1
707, 506, -1
695, 506, -1
412, 470, -1
412, 1356, -1
553, 470, -1
553, 1356, -1
841, 470, -1
841, 1356, -1
1109, 470, -1
1109, 1356, -1
1079, 470, -1
1079, 1356, -1
1125, 470, -1
1125, 1356, -1
707, 470, -1
707, 1356, -1
695, 470, -1
695, 1356, -1
412, 1039, -1
412, 84, -1
553, 1039, -1
553, 84, -1
841, 1039, -1
841, 84, -1
1109, 1039, -1
1109, 84, -1
1079, 1039, -1
1079, 84, -1
1125, 1039, -1
1125, 84, -1
707, 1039, -1
707, 84, -1
695, 1039, -1
695, 84, -1
412, 1120, -1
553, 1120, -1
841, 1120, -1
1109, 1120, -1
1079, 1120, -1
1125, 1120, -1
707, 1120, -1
695, 1120, -1
989, 412, -1
989, 553, -1
989, 841, -1
989, 1109, -1
989, 1079, -1
989, 1125, -1
989, 707, -1
989, 695, -1
501, 412, -1
501, 553, -1
501, 841, -1
501, 1109, -1
501, 1079, -1
501, 1125, -1
501, 707, -1
501, 695, -1
500, 412, -1
500, 553, -1
500, 841, -1
500, 1109, -1
500, 1079, -1
500, 1125, -1
500, 707, -1
500, 695, -1
989, 720, -1
989, 110, -1
501, 720, -1
501, 110, -1
500, 720, -1
500, 110, -1
989, 506, -1
501, 506, -1
500, 506, -1
989, 470, -1
989, 1356, -1
501, 470, -1
501, 1356, -1
500, 470, -1
500, 1356, -1
989, 1039, -1
989, 84, -1
501, 1039, -1
501, 84, -1
500, 1039, -1
500, 84, -1
989, 1120, -1
501, 1120, -1
500, 1120, -1
720, 412, -1
720, 553, -1
720, 841, -1
720, 1109, -1
720, 1079, -1
720, 1125, -1
720, 707, -1
720, 695, -1
110, 412, -1
110, 553, -1
110, 841, -1
110, 1109, -1
110, 1079, -1
110, 1125, -1
110, 707, -1
110, 695, -1
720, 989, -1
720, 501, -1
720, 500, -1
110, 989, -1
110, 501, -1
110, 500, -1
720, 506, -1
110, 506, -1
720, 470, -1
720, 1356, -1
110, 470, -1
110, 1356, -1
720, 1039, -1
720, 84, -1
110, 1039, -1
110, 84, -1
720, 1120, -1
110, 1120, -1
506, 412, -1
506, 553, -1
506, 841, -1
506, 1109, -1
506, 1079, -1
506, 1125, -1
506, 707, -1
506, 695, -1
506, 989, -1
506, 501, -1
506, 500, -1
506, 720, -1
506, 110, -1
506, 470, -1
506, 1356, -1
506, 1039, -1
506, 84, -1
506, 1120, -1
470, 412, -1
470, 553, -1
470, 841, -1
470, 1109, -1
470, 1079, -1
470, 1125, -1
470, 707, -1
470, 695, -1
1356, 412, -1
1356, 553, -1
1356, 841, -1
1356, 1109, -1
1356, 1079, -1
1356, 1125, -1
1356, 707, -1
1356, 695, -1
470, 989, -1
470, 501, -1
470, 500, -1
1356, 989, -1
1356, 501, -1
1356, 500, -1
470, 720, -1
470, 110, -1
1356, 720, -1
1356, 110, -1
470, 506, -1
1356, 506, -1
470, 1039, -1
470, 84, -1
1356, 1039, -1
1356, 84, -1
470, 1120, -1
1356, 1120, -1
1039, 412, -1
1039, 553, -1
1039, 841, -1
1039, 1109, -1
1039, 1079, -1
1039, 1125, -1
1039, 707, -1
1039, 695, -1
84, 412, -1
84, 553, -1
84, 841, -1
84, 1109, -1
84, 1079, -1
84, 1125, -1
84, 707, -1
84, 695, -1
1039, 989, -1
1039, 501, -1
1039, 500, -1
84, 989, -1
84, 501, -1
84, 500, -1
1039, 720, -1
1039, 110, -1
84, 720, -1
84, 110, -1
1039, 506, -1
84, 506, -1
1039, 470, -1
1039, 1356, -1
84, 470, -1
84, 1356, -1
1039, 1120, -1
84, 1120, -1
1120, 412, -1
1120, 553, -1
1120, 841, -1
1120, 1109, -1
1120, 1079, -1
1120, 1125, -1
1120, 707, -1
1120, 695, -1
1120, 989, -1
1120, 501, -1
1120, 500, -1
1120, 720, -1
1120, 110, -1
1120, 506, -1
1120, 470, -1
1120, 1356, -1
1120, 1039, -1
1120, 84, -1

412, 553, 1
412, 841, 1
412, 1109, 1
412, 1079, 1
412, 1125, 1
412, 707, 1
412, 695, 1
412, 145, 1
553, 412, 1
553, 841, 1
553, 1109, 1
553, 1079, 1
553, 1125, 1
553, 707, 1
553, 695, 1
553, 145, 1
841, 412, 1
841, 553, 1
841, 1109, 1
841, 1079, 1
841, 1125, 1
841, 707, 1
841, 695, 1
841, 145, 1
1109, 412, 1
1109, 553, 1
1109, 841, 1
1109, 1079, 1
1109, 1125, 1
1109, 707, 1
1109, 695, 1
1109, 145, 1
1079, 412, 1
1079, 553, 1
1079, 841, 1
1079, 1109, 1
1079, 1125, 1
1079, 707, 1
1079, 695, 1
1079, 145, 1
1125, 412, 1
1125, 553, 1
1125, 841, 1
1125, 1109, 1
1125, 1079, 1
1125, 707, 1
1125, 695, 1
1125, 145, 1
707, 412, 1
707, 553, 1
707, 841, 1
707, 1109, 1
707, 1079, 1
707, 1125, 1
707, 695, 1
707, 145, 1
695, 412, 1
695, 553, 1
695, 841, 1
695, 1109, 1
695, 1079, 1
695, 1125, 1
695, 707, 1
695, 145, 1
145, 412, 1
145, 553, 1
145, 841, 1
145, 1109, 1
145, 1079, 1
145, 1125, 1
145, 707, 1
145, 695, 1
989, 501, 1
989, 500, 1
501, 989, 1
501, 500, 1
500, 989, 1
500, 501, 1
720, 110, 1
720, 1145, 1
110, 720, 1
110, 1145, 1
1145, 720, 1
1145, 110, 1
470, 1356, 1
1356, 470, 1
1039, 84, 1
1039, 587, 1
84, 1039, 1
84, 587, 1
587, 1039, 1
587, 84, 1
412, 989, -1
412, 501, -1
412, 500, -1
553, 989, -1
553, 501, -1
553, 500, -1
841, 989, -1
841, 501, -1
841, 500, -1
1109, 989, -1
1109, 501, -1
1109, 500, -1
1079, 989, -1
1079, 501, -1
1079, 500, -1
1125, 989, -1
1125, 501, -1
1125, 500, -1
707, 989, -1
707, 501, -1
707, 500, -1
695, 989, -1
695, 501, -1
695, 500, -1
145, 989, -1
145, 501, -1
145, 500, -1
412, 720, -1
412, 110, -1
412, 1145, -1
553, 720, -1
553, 110, -1
553, 1145, -1
841, 720, -1
841, 110, -1
841, 1145, -1
1109, 720, -1
1109, 110, -1
1109, 1145, -1
1079, 720, -1
1079, 110, -1
1079, 1145, -1
1125, 720, -1
1125, 110, -1
1125, 1145, -1
707, 720, -1
707, 110, -1
707, 1145, -1
695, 720, -1
695, 110, -1
695, 1145, -1
145, 720, -1
145, 110, -1
145, 1145, -1
412, 506, -1
553, 506, -1
841, 506, -1
1109, 506, -1
1079, 506, -1
1125, 506, -1
707, 506, -1
695, 506, -1
145, 506, -1
412, 470, -1
412, 1356, -1
553, 470, -1
553, 1356, -1
841, 470, -1
841, 1356, -1
1109, 470, -1
1109, 1356, -1
1079, 470, -1
1079, 1356, -1
1125, 470, -1
1125, 1356, -1
707, 470, -1
707, 1356, -1
695, 470, -1
695, 1356, -1
145, 470, -1
145, 1356, -1
412, 1039, -1
412, 84, -1
412, 587, -1
553, 1039, -1
553, 84, -1
553, 587, -1
841, 1039, -1
841, 84, -1
841, 587, -1
1109, 1039, -1
1109, 84, -1
1109, 587, -1
1079, 1039, -1
1079, 84, -1
1079, 587, -1
1125, 1039, -1
1125, 84, -1
1125, 587, -1
707, 1039, -1
707, 84, -1
707, 587, -1
695, 1039, -1
695, 84, -1
695, 587, -1
145, 1039, -1
145, 84, -1
145, 587, -1
412, 1120, -1
553, 1120, -1
841, 1120, -1
1109, 1120, -1
1079, 1120, -1
1125, 1120, -1
707, 1120, -1
695, 1120, -1
145, 1120, -1
989, 412, -1
989, 553, -1
989, 841, -1
989, 1109, -1
989, 1079, -1
989, 1125, -1
989, 707, -1
989, 695, -1
989, 145, -1
501, 412, -1
501, 553, -1
501, 841, -1
501, 1109, -1
501, 1079, -1
501, 1125, -1
501, 707, -1
501, 695, -1
501, 145, -1
500, 412, -1
500, 553, -1
500, 841, -1
500, 1109, -1
500, 1079, -1
500, 1125, -1
500, 707, -1
500, 695, -1
500, 145, -1
989, 720, -1
989, 110, -1
989, 1145, -1
501, 720, -1
501, 110, -1
501, 1145, -1
500, 720, -1
500, 110, -1
500, 1145, -1
989, 506, -1
501, 506, -1
500, 506, -1
989, 470, -1
989, 1356, -1
501, 470, -1
501, 1356, -1
500, 470, -1
500, 1356, -1
989, 1039, -1
989, 84, -1
989, 587, -1
501, 1039, -1
501, 84, -1
501, 587, -1
500, 1039, -1
500, 84, -1
500, 587, -1
989, 1120, -1
501, 1120, -1
500, 1120, -1
720, 412, -1
720, 553, -1
720, 841, -1
720, 1109, -1
720, 1079, -1
720, 1125, -1
720, 707, -1
720, 695, -1
720, 145, -1
110, 412, -1
110, 553, -1
110, 841, -1
110, 1109, -1
110, 1079, -1
110, 1125, -1
110, 707, -1
110, 695, -1
110, 145, -1
1145, 412, -1
1145, 553, -1
1145, 841, -1
1145, 1109, -1
1145, 1079, -1
1145, 1125, -1
1145, 707, -1
1145, 695, -1
1145, 145, -1
720, 989, -1
720, 501, -1
720, 500, -1
110, 989, -1
110, 501, -1
110, 500, -1
1145, 989, -1
1145, 501, -1
1145, 500, -1
720, 506, -1
110, 506, -1
1145, 506, -1
720, 470, -1
720, 1356, -1
110, 470, -1
110, 1356, -1
1145, 470, -1
1145, 1356, -1
720, 1039, -1
720, 84, -1
720, 587, -1
110, 1039, -1
110, 84, -1
110, 587, -1
1145, 1039, -1
1145, 84, -1
1145, 587, -1
720, 1120, -1
110, 1120, -1
1145, 1120, -1
506, 412, -1
506, 553, -1
506, 841, -1
506, 1109, -1
506, 1079, -1
506, 1125, -1
506, 707, -1
506, 695, -1
506, 145, -1
506, 989, -1
506, 501, -1
506, 500, -1
506, 720, -1
506, 110, -1
506, 1145, -1
506, 470, -1
506, 1356, -1
506, 1039, -1
506, 84, -1
506, 587, -1
506, 1120, -1
470, 412, -1
470, 553, -1
470, 841, -1
470, 1109, -1
470, 1079, -1
470, 1125, -1
470, 707, -1
470, 695, -1
470, 145, -1
1356, 412, -1
1356, 553, -1
1356, 841, -1
1356, 1109, -1
1356, 1079, -1
1356, 1125, -1
1356, 707, -1
1356, 695, -1
1356, 145, -1
470, 989, -1
470, 501, -1
470, 500, -1
1356, 989, -1
1356, 501, -1
1356, 500, -1
470, 720, -1
470, 110, -1
470, 1145, -1
1356, 720, -1
1356, 110, -1
1356, 1145, -1
470, 506, -1
1356, 506, -1
470, 1039, -1
470, 84, -1
470, 587, -1
1356, 1039, -1
1356, 84, -1
1356, 587, -1
470, 1120, -1
1356, 1120, -1
1039, 412, -1
1039, 553, -1
1039, 841, -1
1039, 1109, -1
1039, 1079, -1
1039, 1125, -1
1039, 707, -1
1039, 695, -1
1039, 145, -1
84, 412, -1
84, 553, -1
84, 841, -1
84, 1109, -1
84, 1079, -1
84, 1125, -1
84, 707, -1
84, 695, -1
84, 145, -1
587, 412, -1
587, 553, -1
587, 841, -1
587, 1109, -1
587, 1079, -1
587, 1125, -1
587, 707, -1
587, 695, -1
587, 145, -1
1039, 989, -1
1039, 501, -1
1039, 500, -1
84, 989, -1
84, 501, -1
84, 500, -1
587, 989, -1
587, 501, -1
587, 500, -1
1039, 720, -1
1039, 110, -1
1039, 1145, -1
84, 720, -1
84, 110, -1
84, 1145, -1
587, 720, -1
587, 110, -1
587, 1145, -1
1039, 506, -1
84, 506, -1
587, 506, -1
1039, 470, -1
1039, 1356, -1
84, 470, -1
84, 1356, -1
587, 470, -1
587, 1356, -1
1039, 1120, -1
84, 1120, -1
587, 1120, -1
1120, 412, -1
1120, 553, -1
1120, 841, -1
1120, 1109, -1
1120, 1079, -1
1120, 1125, -1
1120, 707, -1
1120, 695, -1
1120, 145, -1
1120, 989, -1
1120, 501, -1
1120, 500, -1
1120, 720, -1
1120, 110, -1
1120, 1145, -1
1120, 506, -1
1120, 470, -1
1120, 1356, -1
1120, 1039, -1
1120, 84, -1
1120, 587, -1

412, 553, 1
412, 841, 1
412, 1109, 1
412, 1079, 1
412, 1125, 1
412, 707, 1
412, 695, 1
412, 145, 1
553, 412, 1
553, 841, 1
553, 1109, 1
553, 1079, 1
553, 1125, 1
553, 707, 1
553, 695, 1
553, 145, 1
841, 412, 1
841, 553, 1
841, 1109, 1
841, 1079, 1
841, 1125, 1
841, 707, 1
841, 695, 1
841, 145, 1
1109, 412, 1
1109, 553, 1
1109, 841, 1
1109, 1079, 1
1109, 1125, 1
1109, 707, 1
1109, 695, 1
1109, 145, 1
1079, 412, 1
1079, 553, 1
1079, 841, 1
1079, 1109, 1
1079, 1125, 1
1079, 707, 1
1079, 695, 1
1079, 145, 1
1125, 412, 1
1125, 553, 1
1125, 841, 1
1125, 1109, 1
1125, 1079, 1
1125, 707, 1
1125, 695, 1
1125, 145, 1
707, 412, 1
707, 553, 1
707, 841, 1
707, 1109, 1
707, 1079, 1
707, 1125, 1
707, 695, 1
707, 145, 1
695, 412, 1
695, 553, 1
695, 841, 1
695, 1109, 1
695, 1079, 1
695, 1125, 1
695, 707, 1
695, 145, 1
145, 412, 1
145, 553, 1
145, 841, 1
145, 1109, 1
145, 1079, 1
145, 1125, 1
145, 707, 1
145, 695, 1
989, 501, 1
989, 500, 1
989, 1019, 1
989, 962, 1
989, 1000, 1
501, 989, 1
501, 500, 1
501, 1019, 1
501, 962, 1
501, 1000, 1
500, 989, 1
500, 501, 1
500, 1019, 1
500, 962, 1
500, 1000, 1
1019, 989, 1
1019, 501, 1
1019, 500, 1
1019, 962, 1
1019, 1000, 1
962, 989, 1
962, 501, 1
962, 500, 1
962, 1019, 1
962, 1000, 1
1000, 989, 1
1000, 501, 1
1000, 500, 1
1000, 1019, 1
1000, 962, 1
720, 110, 1
720, 1145, 1
110, 720, 1
110, 1145, 1
1145, 720, 1
1145, 110, 1
470, 1356, 1
1356, 470, 1
1039, 84, 1
1039, 587, 1
84, 1039, 1
84, 587, 1
587, 1039, 1
587, 84, 1
412, 989, -1
412, 501, -1
412, 500, -1
412, 1019, -1
412, 962, -1
412, 1000, -1
553, 989, -1
553, 501, -1
553, 500, -1
553, 1019, -1
553, 962, -1
553, 1000, -1
841, 989, -1
841, 501, -1
841, 500, -1
841, 1019, -1
841, 962, -1
841, 1000, -1
1109, 989, -1
1109, 501, -1
1109, 500, -1
1109, 1019, -1
1109, 962, -1
1109, 1000, -1
1079, 989, -1
1079, 501, -1
1079, 500, -1
1079, 1019, -1
1079, 962, -1
1079, 1000, -1
1125, 989, -1
1125, 501, -1
1125, 500, -1
1125, 1019, -1
1125, 962, -1
1125, 1000, -1
707, 989, -1
707, 501, -1
707, 500, -1
707, 1019, -1
707, 962, -1
707, 1000, -1
695, 989, -1
695, 501, -1
695, 500, -1
695, 1019, -1
695, 962, -1
695, 1000, -1
145, 989, -1
145, 501, -1
145, 500, -1
145, 1019, -1
145, 962, -1
145, 1000, -1
412, 720, -1
412, 110, -1
412, 1145, -1
553, 720, -1
553, 110, -1
553, 1145, -1
841, 720, -1
841, 110, -1
841, 1145, -1
1109, 720, -1
1109, 110, -1
1109, 1145, -1
1079, 720, -1
1079, 110, -1
1079, 1145, -1
1125, 720, -1
1125, 110, -1
1125, 1145, -1
707, 720, -1
707, 110, -1
707, 1145, -1
695, 720, -1
695, 110, -1
695, 1145, -1
145, 720, -1
145, 110, -1
145, 1145, -1
412, 506, -1
553, 506, -1
841, 506, -1
1109, 506, -1
1079, 506, -1
1125, 506, -1
707, 506, -1
695, 506, -1
145, 506, -1
412, 470, -1
412, 1356, -1
553, 470, -1
553, 1356, -1
841, 470, -1
841, 1356, -1
1109, 470, -1
1109, 1356, -1
1079, 470, -1
1079, 1356, -1
1125, 470, -1
1125, 1356, -1
707, 470, -1
707, 1356, -1
695, 470, -1
695, 1356, -1
145, 470, -1
145, 1356, -1
412, 1039, -1
412, 84, -1
412, 587, -1
553, 1039, -1
553, 84, -1
553, 587, -1
841, 1039, -1
841, 84, -1
841, 587, -1
1109, 1039, -1
1109, 84, -1
1109, 587, -1
1079, 1039, -1
1079, 84, -1
1079, 587, -1
1125, 1039, -1
1125, 84, -1
1125, 587, -1
707, 1039, -1
707, 84, -1
707, 587, -1
695, 1039, -1
695, 84, -1
695, 587, -1
145, 1039, -1
145, 84, -1
145, 587, -1
412, 1120, -1
553, 1120, -1
841, 1120, -1
1109, 1120, -1
1079, 1120, -1
1125, 1120, -1
707, 1120, -1
695, 1120, -1
145, 1120, -1
989, 412, -1
989, 553, -1
989, 841, -1
989, 1109, -1
989, 1079, -1
989, 1125, -1
989, 707, -1
989, 695, -1
989, 145, -1
501, 412, -1
501, 553, -1
501, 841, -1
501, 1109, -1
501, 1079, -1
501, 1125, -1
501, 707, -1
501, 695, -1
501, 145, -1
500, 412, -1
500, 553, -1
500, 841, -1
500, 1109, -1
500, 1079, -1
500, 1125, -1
500, 707, -1
500, 695, -1
500, 145, -1
1019, 412, -1
1019, 553, -1
1019, 841, -1
1019, 1109, -1
1019, 1079, -1
1019, 1125, -1
1019, 707, -1
1019, 695, -1
1019, 145, -1
962, 412, -1
962, 553, -1
962, 841, -1
962, 1109, -1
962, 1079, -1
962, 1125, -1
962, 707, -1
962, 695, -1
962, 145, -1
1000, 412, -1
1000, 553, -1
1000, 841, -1
1000, 1109, -1
1000, 1079, -1
1000, 1125, -1
1000, 707, -1
1000, 695, -1
1000, 145, -1
989, 720, -1
989, 110, -1
989, 1145, -1
501, 720, -1
501, 110, -1
501, 1145, -1
500, 720, -1
500, 110, -1
500, 1145, -1
1019, 720, -1
1019, 110, -1
1019, 1145, -1
962, 720, -1
962, 110, -1
962, 1145, -1
1000, 720, -1
1000, 110, -1
1000, 1145, -1
989, 506, -1
501, 506, -1
500, 506, -1
1019, 506, -1
962, 506, -1
1000, 506, -1
989, 470, -1
989, 1356, -1
501, 470, -1
501, 1356, -1
500, 470, -1
500, 1356, -1
1019, 470, -1
1019, 1356, -1
962, 470, -1
962, 1356, -1
1000, 470, -1
1000, 1356, -1
989, 1039, -1
989, 84, -1
989, 587, -1
501, 1039, -1
501, 84, -1
501, 587, -1
500, 1039, -1
500, 84, -1
500, 587, -1
1019, 1039, -1
1019, 84, -1
1019, 587, -1
962, 1039, -1
962, 84, -1
962, 587, -1
1000, 1039, -1
1000, 84, -1
1000, 587, -1
989, 1120, -1
501, 1120, -1
500, 1120, -1
1019, 1120, -1
962, 1120, -1
1000, 1120, -1
720, 412, -1
720, 553, -1
720, 841, -1
720, 1109, -1
720, 1079, -1
720, 1125, -1
720, 707, -1
720, 695, -1
720, 145, -1
110, 412, -1
110, 553, -1
110, 841, -1
110, 1109, -1
110, 1079, -1
110, 1125, -1
110, 707, -1
110, 695, -1
110, 145, -1
1145, 412, -1
1145, 553, -1
1145, 841, -1
1145, 1109, -1
1145, 1079, -1
1145, 1125, -1
1145, 707, -1
1145, 695, -1
1145, 145, -1
720, 989, -1
720, 501, -1
720, 500, -1
720, 1019, -1
720, 962, -1
720, 1000, -1
110, 989, -1
110, 501, -1
110, 500, -1
110, 1019, -1
110, 962, -1
110, 1000, -1
1145, 989, -1
1145, 501, -1
1145, 500, -1
1145, 1019, -1
1145, 962, -1
1145, 1000, -1
720, 506, -1
110, 506, -1
1145, 506, -1
720, 470, -1
720, 1356, -1
110, 470, -1
110, 1356, -1
1145, 470, -1
1145, 1356, -1
720, 1039, -1
720, 84, -1
720, 587, -1
110, 1039, -1
110, 84, -1
110, 587, -1
1145, 1039, -1
1145, 84, -1
1145, 587, -1
720, 1120, -1
110, 1120, -1
1145, 1120, -1
506, 412, -1
506, 553, -1
506, 841, -1
506, 1109, -1
506, 1079, -1
506, 1125, -1
506, 707, -1
506, 695, -1
506, 145, -1
506, 989, -1
506, 501, -1
506, 500, -1
506, 1019, -1
506, 962, -1
506, 1000, -1
506, 720, -1
506, 110, -1
506, 1145, -1
506, 470, -1
506, 1356, -1
506, 1039, -1
506, 84, -1
506, 587, -1
506, 1120, -1
470, 412, -1
470, 553, -1
470, 841, -1
470, 1109, -1
470, 1079, -1
470, 1125, -1
470, 707, -1
470, 695, -1
470, 145, -1
1356, 412, -1
1356, 553, -1
1356, 841, -1
1356, 1109, -1
1356, 1079, -1
1356, 1125, -1
1356, 707, -1
1356, 695, -1
1356, 145, -1
470, 989, -1
470, 501, -1
470, 500, -1
470, 1019, -1
470, 962, -1
470, 1000, -1
1356, 989, -1
1356, 501, -1
1356, 500, -1
1356, 1019, -1
1356, 962, -1
1356, 1000, -1
470, 720, -1
470, 110, -1
470, 1145, -1
1356, 720, -1
1356, 110, -1
1356, 1145, -1
470, 506, -1
1356, 506, -1
470, 1039, -1
470, 84, -1
470, 587, -1
1356, 1039, -1
1356, 84, -1
1356, 587, -1
470, 1120, -1
1356, 1120, -1
1039, 412, -1
1039, 553, -1
1039, 841, -1
1039, 1109, -1
1039, 1079, -1
1039, 1125, -1
1039, 707, -1
1039, 695, -1
1039, 145, -1
84, 412, -1
84, 553, -1
84, 841, -1
84, 1109, -1
84, 1079, -1
84, 1125, -1
84, 707, -1
84, 695, -1
84, 145, -1
587, 412, -1
587, 553, -1
587, 841, -1
587, 1109, -1
587, 1079, -1
587, 1125, -1
587, 707, -1
587, 695, -1
587, 145, -1
1039, 989, -1
1039, 501, -1
1039, 500, -1
1039, 1019, -1
1039, 962, -1
1039, 1000, -1
84, 989, -1
84, 501, -1
84, 500, -1
84, 1019, -1
84, 962, -1
84, 1000, -1
587, 989, -1
587, 501, -1
587, 500, -1
587, 1019, -1
587, 962, -1
587, 1000, -1
1039, 720, -1
1039, 110, -1
1039, 1145, -1
84, 720, -1
84, 110, -1
84, 1145, -1
587, 720, -1
587, 110, -1
587, 1145, -1
1039, 506, -1
84, 506, -1
587, 506, -1
1039, 470, -1
1039, 1356, -1
84, 470, -1
84, 1356, -1
587, 470, -1
587, 1356, -1
1039, 1120, -1
84, 1120, -1
587, 1120, -1
1120, 412, -1
1120, 553, -1
1120, 841, -1
1120, 1109, -1
1120, 1079, -1
1120, 1125, -1
1120, 707, -1
1120, 695, -1
1120, 145, -1
1120, 989, -1
1120, 501, -1
1120, 500, -1
1120, 1019, -1
1120, 962, -1
1120, 1000, -1
1120, 720, -1
1120, 110, -1
1120, 1145, -1
1120, 506, -1
1120, 470, -1
1120, 1356, -1
1120, 1039, -1
1120, 84, -1
1120, 587, -1

412, 553, 1
412, 841, 1
412, 1109, 1
412, 1079, 1
412, 1125, 1
412, 707, 1
412, 695, 1
412, 145, 1
553, 412, 1
553, 841, 1
553, 1109, 1
553, 1079, 1
553, 1125, 1
553, 707, 1
553, 695, 1
553, 145, 1
841, 412, 1
841, 553, 1
841, 1109, 1
841, 1079, 1
841, 1125, 1
841, 707, 1
841, 695, 1
841, 145, 1
1109, 412, 1
1109, 553, 1
1109, 841, 1
1109, 1079, 1
1109, 1125, 1
1109, 707, 1
1109, 695, 1
1109, 145, 1
1079, 412, 1
1079, 553, 1
1079, 841, 1
1079, 1109, 1
1079, 1125, 1
1079, 707, 1
1079, 695, 1
1079, 145, 1
1125, 412, 1
1125, 553, 1
1125, 841, 1
1125, 1109, 1
1125, 1079, 1
1125, 707, 1
1125, 695, 1
1125, 145, 1
707, 412, 1
707, 553, 1
707, 841, 1
707, 1109, 1
707, 1079, 1
707, 1125, 1
707, 695, 1
707, 145, 1
695, 412, 1
695, 553, 1
695, 841, 1
695, 1109, 1
695, 1079, 1
695, 1125, 1
695, 707, 1
695, 145, 1
145, 412, 1
145, 553, 1
145, 841, 1
145, 1109, 1
145, 1079, 1
145, 1125, 1
145, 707, 1
145, 695, 1
989, 501, 1
989, 500, 1
989, 1019, 1
989, 962, 1
989, 1000, 1
501, 989, 1
501, 500, 1
501, 1019, 1
501, 962, 1
501, 1000, 1
500, 989, 1
500, 501, 1
500, 1019, 1
500, 962, 1
500, 1000, 1
1019, 989, 1
1019, 501, 1
1019, 500, 1
1019, 962, 1
1019, 1000, 1
962, 989, 1
962, 501, 1
962, 500, 1
962, 1019, 1
962, 1000, 1
1000, 989, 1
1000, 501, 1
1000, 500, 1
1000, 1019, 1
1000, 962, 1
720, 110, 1
720, 1145, 1
110, 720, 1
110, 1145, 1
1145, 720, 1
1145, 110, 1
470, 1356, 1
1356, 470, 1
1039, 84, 1
1039, 587, 1
84, 1039, 1
84, 587, 1
587, 1039, 1
587, 84, 1
412, 989, -1
412, 501, -1
412, 500, -1
412, 1019, -1
412, 962, -1
412, 1000, -1
553, 989, -1
553, 501, -1
553, 500, -1
553, 1019, -1
553, 962, -1
553, 1000, -1
841, 989, -1
841, 501, -1
841, 500, -1
841, 1019, -1
841, 962, -1
841, 1000, -1
1109, 989, -1
1109, 501, -1
1109, 500, -1
1109, 1019, -1
1109, 962, -1
1109, 1000, -1
1079, 989, -1
1079, 501, -1
1079, 500, -1
1079, 1019, -1
1079, 962, -1
1079, 1000, -1
1125, 989, -1
1125, 501, -1
1125, 500, -1
1125, 1019, -1
1125, 962, -1
1125, 1000, -1
707, 989, -1
707, 501, -1
707, 500, -1
707, 1019, -1
707, 962, -1
707, 1000, -1
695, 989, -1
695, 501, -1
695, 500, -1
695, 1019, -1
695, 962, -1
695, 1000, -1
145, 989, -1
145, 501, -1
145, 500, -1
145, 1019, -1
145, 962, -1
145, 1000, -1
412, 720, -1
412, 110, -1
412, 1145, -1
553, 720, -1
553, 110, -1
553, 1145, -1
841, 720, -1
841, 110, -1
841, 1145, -1
1109, 720, -1
1109, 110, -1
1109, 1145, -1
1079, 720, -1
1079, 110, -1
1079, 1145, -1
1125, 720, -1
1125, 110, -1
1125, 1145, -1
707, 720, -1
707, 110, -1
707, 1145, -1
695, 720, -1
695, 110, -1
695, 1145, -1
145, 720, -1
145, 110, -1
145, 1145, -1
412, 506, -1
553, 506, -1
841, 506, -1
1109, 506, -1
1079, 506, -1
1125, 506, -1
707, 506, -1
695, 506, -1
145, 506, -1
412, 470, -1
412, 1356, -1
553, 470, -1
553, 1356, -1
841, 470, -1
841, 1356, -1
1109, 470, -1
1109, 1356, -1
1079, 470, -1
1079, 1356, -1
1125, 470, -1
1125, 1356, -1
707, 470, -1
707, 1356, -1
695, 470, -1
695, 1356, -1
145, 470, -1
145, 1356, -1
412, 1039, -1
412, 84, -1
412, 587, -1
553, 1039, -1
553, 84, -1
553, 587, -1
841, 1039, -1
841, 84, -1
841, 587, -1
1109, 1039, -1
1109, 84, -1
1109, 587, -1
1079, 1039, -1
1079, 84, -1
1079, 587, -1
1125, 1039, -1
1125, 84, -1
1125, 587, -1
707, 1039, -1
707, 84, -1
707, 587, -1
695, 1039, -1
695, 84, -1
695, 587, -1
145, 1039, -1
145, 84, -1
145, 587, -1
412, 1120, -1
553, 1120, -1
841, 1120, -1
1109, 1120, -1
1079, 1120, -1
1125, 1120, -1
707, 1120, -1
695, 1120, -1
145, 1120, -1
412, 593, -1
553, 593, -1
841, 593, -1
1109, 593, -1
1079, 593, -1
1125, 593, -1
707, 593, -1
695, 593, -1
145, 593, -1
989, 412, -1
989, 553, -1
989, 841, -1
989, 1109, -1
989, 1079, -1
989, 1125, -1
989, 707, -1
989, 695, -1
989, 145, -1
501, 412, -1
501, 553, -1
501, 841, -1
501, 1109, -1
501, 1079, -1
501, 1125, -1
501, 707, -1
501, 695, -1
501, 145, -1
500, 412, -1
500, 553, -1
500, 841, -1
500, 1109, -1
500, 1079, -1
500, 1125, -1
500, 707, -1
500, 695, -1
500, 145, -1
1019, 412, -1
1019, 553, -1
1019, 841, -1
1019, 1109, -1
1019, 1079, -1
1019, 1125, -1
1019, 707, -1
1019, 695, -1
1019, 145, -1
962, 412, -1
962, 553, -1
962, 841, -1
962, 1109, -1
962, 1079, -1
962, 1125, -1
962, 707, -1
962, 695, -1
962, 145, -1
1000, 412, -1
1000, 553, -1
1000, 841, -1
1000, 1109, -1
1000, 1079, -1
1000, 1125, -1
1000, 707, -1
1000, 695, -1
1000, 145, -1
989, 720, -1
989, 110, -1
989, 1145, -1
501, 720, -1
501, 110, -1
501, 1145, -1
500, 720, -1
500, 110, -1
500, 1145, -1
1019, 720, -1
1019, 110, -1
1019, 1145, -1
962, 720, -1
962, 110, -1
962, 1145, -1
1000, 720, -1
1000, 110, -1
1000, 1145, -1
989, 506, -1
501, 506, -1
500, 506, -1
1019, 506, -1
962, 506, -1
1000, 506, -1
989, 470, -1
989, 1356, -1
501, 470, -1
501, 1356, -1
500, 470, -1
500, 1356, -1
1019, 470, -1
1019, 1356, -1
962, 470, -1
962, 1356, -1
1000, 470, -1
1000, 1356, -1
989, 1039, -1
989, 84, -1
989, 587, -1
501, 1039, -1
501, 84, -1
501, 587, -1
500, 1039, -1
500, 84, -1
500, 587, -1
1019, 1039, -1
1019, 84, -1
1019, 587, -1
962, 1039, -1
962, 84, -1
962, 587, -1
1000, 1039, -1
1000, 84, -1
1000, 587, -1
989, 1120, -1
501, 1120, -1
500, 1120, -1
1019, 1120, -1
962, 1120, -1
1000, 1120, -1
989, 593, -1
501, 593, -1
500, 593, -1
1019, 593, -1
962, 593, -1
1000, 593, -1
720, 412, -1
720, 553, -1
720, 841, -1
720, 1109, -1
720, 1079, -1
720, 1125, -1
720, 707, -1
720, 695, -1
720, 145, -1
110, 412, -1
110, 553, -1
110, 841, -1
110, 1109, -1
110, 1079, -1
110, 1125, -1
110, 707, -1
110, 695, -1
110, 145, -1
1145, 412, -1
1145, 553, -1
1145, 841, -1
1145, 1109, -1
1145, 1079, -1
1145, 1125, -1
1145, 707, -1
1145, 695, -1
1145, 145, -1
720, 989, -1
720, 501, -1
720, 500, -1
720, 1019, -1
720, 962, -1
720, 1000, -1
110, 989, -1
110, 501, -1
110, 500, -1
110, 1019, -1
110, 962, -1
110, 1000, -1
1145, 989, -1
1145, 501, -1
1145, 500, -1
1145, 1019, -1
1145, 962, -1
1145, 1000, -1
720, 506, -1
110, 506, -1
1145, 506, -1
720, 470, -1
720, 1356, -1
110, 470, -1
110, 1356, -1
1145, 470, -1
1145, 1356, -1
720, 1039, -1
720, 84, -1
720, 587, -1
110, 1039, -1
110, 84, -1
110, 587, -1
1145, 1039, -1
1145, 84, -1
1145, 587, -1
720, 1120, -1
110, 1120, -1
1145, 1120, -1
720, 593, -1
110, 593, -1
1145, 593, -1
506, 412, -1
506, 553, -1
506, 841, -1
506, 1109, -1
506, 1079, -1
506, 1125, -1
506, 707, -1
506, 695, -1
506, 145, -1
506, 989, -1
506, 501, -1
506, 500, -1
506, 1019, -1
506, 962, -1
506, 1000, -1
506, 720, -1
506, 110, -1
506, 1145, -1
506, 470, -1
506, 1356, -1
506, 1039, -1
506, 84, -1
506, 587, -1
506, 1120, -1
506, 593, -1
470, 412, -1
470, 553, -1
470, 841, -1
470, 1109, -1
470, 1079, -1
470, 1125, -1
470, 707, -1
470, 695, -1
470, 145, -1
1356, 412, -1
1356, 553, -1
1356, 841, -1
1356, 1109, -1
1356, 1079, -1
1356, 1125, -1
1356, 707, -1
1356, 695, -1
1356, 145, -1
470, 989, -1
470, 501, -1
470, 500, -1
470, 1019, -1
470, 962, -1
470, 1000, -1
1356, 989, -1
1356, 501, -1
1356, 500, -1
1356, 1019, -1
1356, 962, -1
1356, 1000, -1
470, 720, -1
470, 110, -1
470, 1145, -1
1356, 720, -1
1356, 110, -1
1356, 1145, -1
470, 506, -1
1356, 506, -1
470, 1039, -1
470, 84, -1
470, 587, -1
1356, 1039, -1
1356, 84, -1
1356, 587, -1
470, 1120, -1
1356, 1120, -1
470, 593, -1
1356, 593, -1
1039, 412, -1
1039, 553, -1
1039, 841, -1
1039, 1109, -1
1039, 1079, -1
1039, 1125, -1
1039, 707, -1
1039, 695, -1
1039, 145, -1
84, 412, -1
84, 553, -1
84, 841, -1
84, 1109, -1
84, 1079, -1
84, 1125, -1
84, 707, -1
84, 695, -1
84, 145, -1
587, 412, -1
587, 553, -1
587, 841, -1
587, 1109, -1
587, 1079, -1
587, 1125, -1
587, 707, -1
587, 695, -1
587, 145, -1
1039, 989, -1
1039, 501, -1
1039, 500, -1
1039, 1019, -1
1039, 962, -1
1039, 1000, -1
84, 989, -1
84, 501, -1
84, 500, -1
84, 1019, -1
84, 962, -1
84, 1000, -1
587, 989, -1
587, 501, -1
587, 500, -1
587, 1019, -1
587, 962, -1
587, 1000, -1
1039, 720, -1
1039, 110, -1
1039, 1145, -1
84, 720, -1
84, 110, -1
84, 1145, -1
587, 720, -1
587, 110, -1
587, 1145, -1
1039, 506, -1
84, 506, -1
587, 506, -1
1039, 470, -1
1039, 1356, -1
84, 470, -1
84, 1356, -1
587, 470, -1
587, 1356, -1
1039, 1120, -1
84, 1120, -1
587, 1120, -1
1039, 593, -1
84, 593, -1
587, 593, -1
1120, 412, -1
1120, 553, -1
1120, 841, -1
1120, 1109, -1
1120, 1079, -1
1120, 1125, -1
1120, 707, -1
1120, 695, -1
1120, 145, -1
1120, 989, -1
1120, 501, -1
1120, 500, -1
1120, 1019, -1
1120, 962, -1
1120, 1000, -1
1120, 720, -1
1120, 110, -1
1120, 1145, -1
1120, 506, -1
1120, 470, -1
1120, 1356, -1
1120, 1039, -1
1120, 84, -1
1120, 587, -1
1120, 593, -1
593, 412, -1
593, 553, -1
593, 841, -1
593, 1109, -1
593, 1079, -1
593, 1125, -1
593, 707, -1
593, 695, -1
593, 145, -1
593, 989, -1
593, 501, -1
593, 500, -1
593, 1019, -1
593, 962, -1
593, 1000, -1
593, 720, -1
593, 110, -1
593, 1145, -1
593, 506, -1
593, 470, -1
593, 1356, -1
593, 1039, -1
593, 84, -1
593, 587, -1
593, 1120, -1

412, 553, 1
412, 841, 1
412, 1109, 1
412, 1079, 1
412, 1125, 1
412, 707, 1
412, 695, 1
412, 145, 1
412, 1220, 1
553, 412, 1
553, 841, 1
553, 1109, 1
553, 1079, 1
553, 1125, 1
553, 707, 1
553, 695, 1
553, 145, 1
553, 1220, 1
841, 412, 1
841, 553, 1
841, 1109, 1
841, 1079, 1
841, 1125, 1
841, 707, 1
841, 695, 1
841, 145, 1
841, 1220, 1
1109, 412, 1
1109, 553, 1
1109, 841, 1
1109, 1079, 1
1109, 1125, 1
1109, 707, 1
1109, 695, 1
1109, 145, 1
1109, 1220, 1
1079, 412, 1
1079, 553, 1
1079, 841, 1
1079, 1109, 1
1079, 1125, 1
1079, 707, 1
1079, 695, 1
1079, 145, 1
1079, 1220, 1
1125, 412, 1
1125, 553, 1
1125, 841, 1
1125, 1109, 1
1125, 1079, 1
1125, 707, 1
1125, 695, 1
1125, 145, 1
1125, 1220, 1
707, 412, 1
707, 553, 1
707, 841, 1
707, 1109, 1
707, 1079, 1
707, 1125, 1
707, 695, 1
707, 145, 1
707, 1220, 1
695, 412, 1
695, 553, 1
695, 841, 1
695, 1109, 1
695, 1079, 1
695, 1125, 1
695, 707, 1
695, 145, 1
695, 1220, 1
145, 412, 1
145, 553, 1
145, 841, 1
145, 1109, 1
145, 1079, 1
145, 1125, 1
145, 707, 1
145, 695, 1
145, 1220, 1
1220, 412, 1
1220, 553, 1
1220, 841, 1
1220, 1109, 1
1220, 1079, 1
1220, 1125, 1
1220, 707, 1
1220, 695, 1
1220, 145, 1
989, 501, 1
989, 500, 1
989, 1019, 1
989, 962, 1
989, 1000, 1
501, 989, 1
501, 500, 1
501, 1019, 1
501, 962, 1
501, 1000, 1
500, 989, 1
500, 501, 1
500, 1019, 1
500, 962, 1
500, 1000, 1
1019, 989, 1
1019, 501, 1
1019, 500, 1
1019, 962, 1
1019, 1000, 1
962, 989, 1
962, 501, 1
962, 500, 1
962, 1019, 1
962, 1000, 1
1000, 989, 1
1000, 501, 1
1000, 500, 1
1000, 1019, 1
1000, 962, 1
720, 110, 1
720, 1145, 1
110, 720, 1
110, 1145, 1
1145, 720, 1
1145, 110, 1
506, 488, 1
488, 506, 1
470, 1356, 1
470, 503, 1
1356, 470, 1
1356, 503, 1
503, 470, 1
503, 1356, 1
1039, 84, 1
1039, 587, 1
84, 1039, 1
84, 587, 1
587, 1039, 1
587, 84, 1
412, 989, -1
412, 501, -1
412, 500, -1
412, 1019, -1
412, 962, -1
412, 1000, -1
553, 989, -1
553, 501, -1
553, 500, -1
553, 1019, -1
553, 962, -1
553, 1000, -1
841, 989, -1
841, 501, -1
841, 500, -1
841, 1019, -1
841, 962, -1
841, 1000, -1
1109, 989, -1
1109, 501, -1
1109, 500, -1
1109, 1019, -1
1109, 962, -1
1109, 1000, -1
1079, 989, -1
1079, 501, -1
1079, 500, -1
1079, 1019, -1
1079, 962, -1
1079, 1000, -1
1125, 989, -1
1125, 501, -1
1125, 500, -1
1125, 1019, -1
1125, 962, -1
1125, 1000, -1
707, 989, -1
707, 501, -1
707, 500, -1
707, 1019, -1
707, 962, -1
707, 1000, -1
695, 989, -1
695, 501, -1
695, 500, -1
695, 1019, -1
695, 962, -1
695, 1000, -1
145, 989, -1
145, 501, -1
145, 500, -1
145, 1019, -1
145, 962, -1
145, 1000, -1
1220, 989, -1
1220, 501, -1
1220, 500, -1
1220, 1019, -1
1220, 962, -1
1220, 1000, -1
412, 720, -1
412, 110, -1
412, 1145, -1
553, 720, -1
553, 110, -1
553, 1145, -1
841, 720, -1
841, 110, -1
841, 1145, -1
1109, 720, -1
1109, 110, -1
1109, 1145, -1
1079, 720, -1
1079, 110, -1
1079, 1145, -1
1125, 720, -1
1125, 110, -1
1125, 1145, -1
707, 720, -1
707, 110, -1
707, 1145, -1
695, 720, -1
695, 110, -1
695, 1145, -1
145, 720, -1
145, 110, -1
145, 1145, -1
1220, 720, -1
1220, 110, -1
1220, 1145, -1
412, 506, -1
412, 488, -1
553, 506, -1
553, 488, -1
841, 506, -1
841, 488, -1
1109, 506, -1
1109, 488, -1
1079, 506, -1
1079, 488, -1
1125, 506, -1
1125, 488, -1
707, 506, -1
707, 488, -1
695, 506, -1
695, 488, -1
145, 506, -1
145, 488, -1
1220, 506, -1
1220, 488, -1
412, 470, -1
412, 1356, -1
412, 503, -1
553, 470, -1
553, 1356, -1
553, 503, -1
841, 470, -1
841, 1356, -1
841, 503, -1
1109, 470, -1
1109, 1356, -1
1109, 503, -1
1079, 470, -1
1079, 1356, -1
1079, 503, -1
1125, 470, -1
1125, 1356, -1
1125, 503, -1
707, 470, -1
707, 1356, -1
707, 503, -1
695, 470, -1
695, 1356, -1
695, 503, -1
145, 470, -1
145, 1356, -1
145, 503, -1
1220, 470, -1
1220, 1356, -1
1220, 503, -1
412, 1039, -1
412, 84, -1
412, 587, -1
553, 1039, -1
553, 84, -1
553, 587, -1
841, 1039, -1
841, 84, -1
841, 587, -1
1109, 1039, -1
1109, 84, -1
1109, 587, -1
1079, 1039, -1
1079, 84, -1
1079, 587, -1
1125, 1039, -1
1125, 84, -1
1125, 587, -1
707, 1039, -1
707, 84, -1
707, 587, -1
695, 1039, -1
695, 84, -1
695, 587, -1
145, 1039, -1
145, 84, -1
145, 587, -1
1220, 1039, -1
1220, 84, -1
1220, 587, -1
412, 1120, -1
553, 1120, -1
841, 1120, -1
1109, 1120, -1
1079, 1120, -1
1125, 1120, -1
707, 1120, -1
695, 1120, -1
145, 1120, -1
1220, 1120, -1
412, 593, -1
553, 593, -1
841, 593, -1
1109, 593, -1
1079, 593, -1
1125, 593, -1
707, 593, -1
695, 593, -1
145, 593, -1
1220, 593, -1
989, 412, -1
989, 553, -1
989, 841, -1
989, 1109, -1
989, 1079, -1
989, 1125, -1
989, 707, -1
989, 695, -1
989, 145, -1
989, 1220, -1
501, 412, -1
501, 553, -1
501, 841, -1
501, 1109, -1
501, 1079, -1
501, 1125, -1
501, 707, -1
501, 695, -1
501, 145, -1
501, 1220, -1
500, 412, -1
500, 553, -1
500, 841, -1
500, 1109, -1
500, 1079, -1
500, 1125, -1
500, 707, -1
500, 695, -1
500, 145, -1
500, 1220, -1
1019, 412, -1
1019, 553, -1
1019, 841, -1
1019, 1109, -1
1019, 1079, -1
1019, 1125, -1
1019, 707, -1
1019, 695, -1
1019, 145, -1
1019, 1220, -1
962, 412, -1
962, 553, -1
962, 841, -1
962, 1109, -1
962, 1079, -1
962, 1125, -1
962, 707, -1
962, 695, -1
962, 145, -1
962, 1220, -1
1000, 412, -1
1000, 553, -1
1000, 841, -1
1000, 1109, -1
1000, 1079, -1
1000, 1125, -1
1000, 707, -1
1000, 695, -1
1000, 145, -1
1000, 1220, -1
989, 720, -1
989, 110, -1
989, 1145, -1
501, 720, -1
501, 110, -1
501, 1145, -1
500, 720, -1
500, 110, -1
500, 1145, -1
1019, 720, -1
1019, 110, -1
1019, 1145, -1
962, 720, -1
962, 110, -1
962, 1145, -1
1000, 720, -1
1000, 110, -1
1000, 1145, -1
989, 506, -1
989, 488, -1
501, 506, -1
501, 488, -1
500, 506, -1
500, 488, -1
1019, 506, -1
1019, 488, -1
962, 506, -1
962, 488, -1
1000, 506, -1
1000, 488, -1
989, 470, -1
989, 1356, -1
989, 503, -1
501, 470, -1
501, 1356, -1
501, 503, -1
500, 470, -1
500, 1356, -1
500, 503, -1
1019, 470, -1
1019, 1356, -1
1019, 503, -1
962, 470, -1
962, 1356, -1
962, 503, -1
1000, 470, -1
1000, 1356, -1
1000, 503, -1
989, 1039, -1
989, 84, -1
989, 587, -1
501, 1039, -1
501, 84, -1
501, 587, -1
500, 1039, -1
500, 84, -1
500, 587, -1
1019, 1039, -1
1019, 84, -1
1019, 587, -1
962, 1039, -1
962, 84, -1
962, 587, -1
1000, 1039, -1
1000, 84, -1
1000, 587, -1
989, 1120, -1
501, 1120, -1
500, 1120, -1
1019, 1120, -1
962, 1120, -1
1000, 1120, -1
989, 593, -1
501, 593, -1
500, 593, -1
1019, 593, -1
962, 593, -1
1000, 593, -1
720, 412, -1
720, 553, -1
720, 841, -1
720, 1109, -1
720, 1079, -1
720, 1125, -1
720, 707, -1
720, 695, -1
720, 145, -1
720, 1220, -1
110, 412, -1
110, 553, -1
110, 841, -1
110, 1109, -1
110, 1079, -1
110, 1125, -1
110, 707, -1
110, 695, -1
110, 145, -1
110, 1220, -1
1145, 412, -1
1145, 553, -1
1145, 841, -1
1145, 1109, -1
1145, 1079, -1
1145, 1125, -1
1145, 707, -1
1145, 695, -1
1145, 145, -1
1145, 1220, -1
720, 989, -1
720, 501, -1
720, 500, -1
720, 1019, -1
720, 962, -1
720, 1000, -1
110, 989, -1
110, 501, -1
110, 500, -1
110, 1019, -1
110, 962, -1
110, 1000, -1
1145, 989, -1
1145, 501, -1
1145, 500, -1
1145, 1019, -1
1145, 962, -1
1145, 1000, -1
720, 506, -1
720, 488, -1
110, 506, -1
110, 488, -1
1145, 506, -1
1145, 488, -1
720, 470, -1
720, 1356, -1
720, 503, -1
110, 470, -1
110, 1356, -1
110, 503, -1
1145, 470, -1
1145, 1356, -1
1145, 503, -1
720, 1039, -1
720, 84, -1
720, 587, -1
110, 1039, -1
110, 84, -1
110, 587, -1
1145, 1039, -1
1145, 84, -1
1145, 587, -1
720, 1120, -1
110, 1120, -1
1145, 1120, -1
720, 593, -1
110, 593, -1
1145, 593, -1
506, 412, -1
506, 553, -1
506, 841, -1
506, 1109, -1
506, 1079, -1
506, 1125, -1
506, 707, -1
506, 695, -1
506, 145, -1
506, 1220, -1
488, 412, -1
488, 553, -1
488, 841, -1
488, 1109, -1
488, 1079, -1
488, 1125, -1
488, 707, -1
488, 695, -1
488, 145, -1
488, 1220, -1
506, 989, -1
506, 501, -1
506, 500, -1
506, 1019, -1
506, 962, -1
506, 1000, -1
488, 989, -1
488, 501, -1
488, 500, -1
488, 1019, -1
488, 962, -1
488, 1000, -1
506, 720, -1
506, 110, -1
506, 1145, -1
488, 720, -1
488, 110, -1
488, 1145, -1
506, 470, -1
506, 1356, -1
506, 503, -1
488, 470, -1
488, 1356, -1
488, 503, -1
506, 1039, -1
506, 84, -1
506, 587, -1
488, 1039, -1
488, 84, -1
488, 587, -1
506, 1120, -1
488, 1120, -1
506, 593, -1
488, 593, -1
470, 412, -1
470, 553, -1
470, 841, -1
470, 1109, -1
470, 1079, -1
470, 1125, -1
470, 707, -1
470, 695, -1
470, 145, -1
470, 1220, -1
1356, 412, -1
1356, 553, -1
1356, 841, -1
1356, 1109, -1
1356, 1079, -1
1356, 1125, -1
1356, 707, -1
1356, 695, -1
1356, 145, -1
1356, 1220, -1
503, 412, -1
503, 553, -1
503, 841, -1
503, 1109, -1
503, 1079, -1
503, 1125, -1
503, 707, -1
503, 695, -1
503, 145, -1
503, 1220, -1
470, 989, -1
470, 501, -1
470, 500, -1
470, 1019, -1
470, 962, -1
470, 1000, -1
1356, 989, -1
1356, 501, -1
1356, 500, -1
1356, 1019, -1
1356, 962, -1
1356, 1000, -1
503, 989, -1
503, 501, -1
503, 500, -1
503, 1019, -1
503, 962, -1
503, 1000, -1
470, 720, -1
470, 110, -1
470, 1145, -1
1356, 720, -1
1356, 110, -1
1356, 1145, -1
503, 720, -1
503, 110, -1
503, 1145, -1
470, 506, -1
470, 488, -1
1356, 506, -1
1356, 488, -1
503, 506, -1
503, 488, -1
470, 1039, -1
470, 84, -1
470, 587, -1
1356, 1039, -1
1356, 84, -1
1356, 587, -1
503, 1039, -1
503, 84, -1
503, 587, -1
470, 1120, -1
1356, 1120, -1
503, 1120, -1
470, 593, -1
1356, 593, -1
503, 593, -1
1039, 412, -1
1039, 553, -1
1039, 841, -1
1039, 1109, -1
1039, 1079, -1
1039, 1125, -1
1039, 707, -1
1039, 695, -1
1039, 145, -1
1039, 1220, -1
84, 412, -1
84, 553, -1
84, 841, -1
84, 1109, -1
84, 1079, -1
84, 1125, -1
84, 707, -1
84, 695, -1
84, 145, -1
84, 1220, -1
587, 412, -1
587, 553, -1
587, 841, -1
587, 1109, -1
587, 1079, -1
587, 1125, -1
587, 707, -1
587, 695, -1
587, 145, -1
587, 1220, -1
1039, 989, -1
1039, 501, -1
1039, 500, -1
1039, 1019, -1
1039, 962, -1
1039, 1000, -1
84, 989, -1
84, 501, -1
84, 500, -1
84, 1019, -1
84, 962, -1
84, 1000, -1
587, 989, -1
587, 501, -1
587, 500, -1
587, 1019, -1
587, 962, -1
587, 1000, -1
1039, 720, -1
1039, 110, -1
1039, 1145, -1
84, 720, -1
84, 110, -1
84, 1145, -1
587, 720, -1
587, 110, -1
587, 1145, -1
1039, 506, -1
1039, 488, -1
84, 506, -1
84, 488, -1
587, 506, -1
587, 488, -1
1039, 470, -1
1039, 1356, -1
1039, 503, -1
84, 470, -1
84, 1356, -1
84, 503, -1
587, 470, -1
587, 1356, -1
587, 503, -1
1039, 1120, -1
84, 1120, -1
587, 1120, -1
1039, 593, -1
84, 593, -1
587, 593, -1
1120, 412, -1
1120, 553, -1
1120, 841, -1
1120, 1109, -1
1120, 1079, -1
1120, 1125, -1
1120, 707, -1
1120, 695, -1
1120, 145, -1
1120, 1220, -1
1120, 989, -1
1120, 501, -1
1120, 500, -1
1120, 1019, -1
1120, 962, -1
1120, 1000, -1
1120, 720, -1
1120, 110, -1
1120, 1145, -1
1120, 506, -1
1120, 488, -1
1120, 470, -1
1120, 1356, -1
1120, 503, -1
1120, 1039, -1
1120, 84, -1
1120, 587, -1
1120, 593, -1
593, 412, -1
593, 553, -1
593, 841, -1
593, 1109, -1
593, 1079, -1
593, 1125, -1
593, 707, -1
593, 695, -1
593, 145, -1
593, 1220, -1
593, 989, -1
593, 501, -1
593, 500, -1
593, 1019, -1
593, 962, -1
593, 1000, -1
593, 720, -1
593, 110, -1
593, 1145, -1
593, 506, -1
593, 488, -1
593, 470, -1
593, 1356, -1
593, 503, -1
593, 1039, -1
593, 84, -1
593, 587, -1
593, 1120, -1

412, 553, 1
412, 841, 1
412, 1109, 1
412, 1079, 1
412, 1125, 1
412, 707, 1
412, 695, 1
412, 145, 1
412, 1220, 1
553, 412, 1
553, 841, 1
553, 1109, 1
553, 1079, 1
553, 1125, 1
553, 707, 1
553, 695, 1
553, 145, 1
553, 1220, 1
841, 412, 1
841, 553, 1
841, 1109, 1
841, 1079, 1
841, 1125, 1
841, 707, 1
841, 695, 1
841, 145, 1
841, 1220, 1
1109, 412, 1
1109, 553, 1
1109, 841, 1
1109, 1079, 1
1109, 1125, 1
1109, 707, 1
1109, 695, 1
1109, 145, 1
1109, 1220, 1
1079, 412, 1
1079, 553, 1
1079, 841, 1
1079, 1109, 1
1079, 1125, 1
1079, 707, 1
1079, 695, 1
1079, 145, 1
1079, 1220, 1
1125, 412, 1
1125, 553, 1
1125, 841, 1
1125, 1109, 1
1125, 1079, 1
1125, 707, 1
1125, 695, 1
1125, 145, 1
1125, 1220, 1
707, 412, 1
707, 553, 1
707, 841, 1
707, 1109, 1
707, 1079, 1
707, 1125, 1
707, 695, 1
707, 145, 1
707, 1220, 1
695, 412, 1
695, 553, 1
695, 841, 1
695, 1109, 1
695, 1079, 1
695, 1125, 1
695, 707, 1
695, 145, 1
695, 1220, 1
145, 412, 1
145, 553, 1
145, 841, 1
145, 1109, 1
145, 1079, 1
145, 1125, 1
145, 707, 1
145, 695, 1
145, 1220, 1
1220, 412, 1
1220, 553, 1
1220, 841, 1
1220, 1109, 1
1220, 1079, 1
1220, 1125, 1
1220, 707, 1
1220, 695, 1
1220, 145, 1
989, 501, 1
989, 500, 1
989, 1019, 1
989, 962, 1
989, 1000, 1
501, 989, 1
501, 500, 1
501, 1019, 1
501, 962, 1
501, 1000, 1
500, 989, 1
500, 501, 1
500, 1019, 1
500, 962, 1
500, 1000, 1
1019, 989, 1
1019, 501, 1
1019, 500, 1
1019, 962, 1
1019, 1000, 1
962, 989, 1
962, 501, 1
962, 500, 1
962, 1019, 1
962, 1000, 1
1000, 989, 1
1000, 501, 1
1000, 500, 1
1000, 1019, 1
1000, 962, 1
720, 110, 1
720, 1145, 1
110, 720, 1
110, 1145, 1
1145, 720, 1
1145, 110, 1
506, 488, 1
488, 506, 1
470, 1356, 1
470, 503, 1
1356, 470, 1
1356, 503, 1
503, 470, 1
503, 1356, 1
1039, 84, 1
1039, 587, 1
84, 1039, 1
84, 587, 1
587, 1039, 1
587, 84, 1
1120, 1398, 1
1398, 1120, 1
412, 989, -1
412, 501, -1
412, 500, -1
412, 1019, -1
412, 962, -1
412, 1000, -1
553, 989, -1
553, 501, -1
553, 500, -1
553, 1019, -1
553, 962, -1
553, 1000, -1
841, 989, -1
841, 501, -1
841, 500, -1
841, 1019, -1
841, 962, -1
841, 1000, -1
1109, 989, -1
1109, 501, -1
1109, 500, -1
1109, 1019, -1
1109, 962, -1
1109, 1000, -1
1079, 989, -1
1079, 501, -1
1079, 500, -1
1079, 1019, -1
1079, 962, -1
1079, 1000, -1
1125, 989, -1
1125, 501, -1
1125, 500, -1
1125, 1019, -1
1125, 962, -1
1125, 1000, -1
707, 989, -1
707, 501, -1
707, 500, -1
707, 1019, -1
707, 962, -1
707, 1000, -1
695, 989, -1
695, 501, -1
695, 500, -1
695, 1019, -1
695, 962, -1
695, 1000, -1
145, 989, -1
145, 501, -1
145, 500, -1
145, 1019, -1
145, 962, -1
145, 1000, -1
1220, 989, -1
1220, 501, -1
1220, 500, -1
1220, 1019, -1
1220, 962, -1
1220, 1000, -1
412, 720, -1
412, 110, -1
412, 1145, -1
553, 720, -1
553, 110, -1
553, 1145, -1
841, 720, -1
841, 110, -1
841, 1145, -1
1109, 720, -1
1109, 110, -1
1109, 1145, -1
1079, 720, -1
1079, 110, -1
1079, 1145, -1
1125, 720, -1
1125, 110, -1
1125, 1145, -1
707, 720, -1
707, 110, -1
707, 1145, -1
695, 720, -1
695, 110, -1
695, 1145, -1
145, 720, -1
145, 110, -1
145, 1145, -1
1220, 720, -1
1220, 110, -1
1220, 1145, -1
412, 506, -1
412, 488, -1
553, 506, -1
553, 488, -1
841, 506, -1
841, 488, -1
1109, 506, -1
1109, 488, -1
1079, 506, -1
1079, 488, -1
1125, 506, -1
1125, 488, -1
707, 506, -1
707, 488, -1
695, 506, -1
695, 488, -1
145, 506, -1
145, 488, -1
1220, 506, -1
1220, 488, -1
412, 470, -1
412, 1356, -1
412, 503, -1
553, 470, -1
553, 1356, -1
553, 503, -1
841, 470, -1
841, 1356, -1
841, 503, -1
1109, 470, -1
1109, 1356, -1
1109, 503, -1
1079, 470, -1
1079, 1356, -1
1079, 503, -1
1125, 470, -1
1125, 1356, -1
1125, 503, -1
707, 470, -1
707, 1356, -1
707, 503, -1
695, 470, -1
695, 1356, -1
695, 503, -1
145, 470, -1
145, 1356, -1
145, 503, -1
1220, 470, -1
1220, 1356, -1
1220, 503, -1
412, 1039, -1
412, 84, -1
412, 587, -1
553, 1039, -1
553, 84, -1
553, 587, -1
841, 1039, -1
841, 84, -1
841, 587, -1
1109, 1039, -1
1109, 84, -1
1109, 587, -1
1079, 1039, -1
1079, 84, -1
1079, 587, -1
1125, 1039, -1
1125, 84, -1
1125, 587, -1
707, 1039, -1
707, 84, -1
707, 587, -1
695, 1039, -1
695, 84, -1
695, 587, -1
145, 1039, -1
145, 84, -1
145, 587, -1
1220, 1039, -1
1220, 84, -1
1220, 587, -1
412, 1120, -1
412, 1398, -1
553, 1120, -1
553, 1398, -1
841, 1120, -1
841, 1398, -1
1109, 1120, -1
1109, 1398, -1
1079, 1120, -1
1079, 1398, -1
1125, 1120, -1
1125, 1398, -1
707, 1120, -1
707, 1398, -1
695, 1120, -1
695, 1398, -1
145, 1120, -1
145, 1398, -1
1220, 1120, -1
1220, 1398, -1
412, 593, -1
553, 593, -1
841, 593, -1
1109, 593, -1
1079, 593, -1
1125, 593, -1
707, 593, -1
695, 593, -1
145, 593, -1
1220, 593, -1
989, 412, -1
989, 553, -1
989, 841, -1
989, 1109, -1
989, 1079, -1
989, 1125, -1
989, 707, -1
989, 695, -1
989, 145, -1
989, 1220, -1
501, 412, -1
501, 553, -1
501, 841, -1
501, 1109, -1
501, 1079, -1
501, 1125, -1
501, 707, -1
501, 695, -1
501, 145, -1
501, 1220, -1
500, 412, -1
500, 553, -1
500, 841, -1
500, 1109, -1
500, 1079, -1
500, 1125, -1
500, 707, -1
500, 695, -1
500, 145, -1
500, 1220, -1
1019, 412, -1
1019, 553, -1
1019, 841, -1
1019, 1109, -1
1019, 1079, -1
1019, 1125, -1
1019, 707, -1
1019, 695, -1
1019, 145, -1
1019, 1220, -1
962, 412, -1
962, 553, -1
962, 841, -1
962, 1109, -1
962, 1079, -1
962, 1125, -1
962, 707, -1
962, 695, -1
962, 145, -1
962, 1220, -1
1000, 412, -1
1000, 553, -1
1000, 841, -1
1000, 1109, -1
1000, 1079, -1
1000, 1125, -1
1000, 707, -1
1000, 695, -1
1000, 145, -1
1000, 1220, -1
989, 720, -1
989, 110, -1
989, 1145, -1
501, 720, -1
501, 110, -1
501, 1145, -1
500, 720, -1
500, 110, -1
500, 1145, -1
1019, 720, -1
1019, 110, -1
1019, 1145, -1
962, 720, -1
962, 110, -1
962, 1145, -1
1000, 720, -1
1000, 110, -1
1000, 1145, -1
989, 506, -1
989, 488, -1
501, 506, -1
501, 488, -1
500, 506, -1
500, 488, -1
1019, 506, -1
1019, 488, -1
962, 506, -1
962, 488, -1
1000, 506, -1
1000, 488, -1
989, 470, -1
989, 1356, -1
989, 503, -1
501, 470, -1
501, 1356, -1
501, 503, -1
500, 470, -1
500, 1356, -1
500, 503, -1
1019, 470, -1
1019, 1356, -1
1019, 503, -1
962, 470, -1
962, 1356, -1
962, 503, -1
1000, 470, -1
1000, 1356, -1
1000, 503, -1
989, 1039, -1
989, 84, -1
989, 587, -1
501, 1039, -1
501, 84, -1
501, 587, -1
500, 1039, -1
500, 84, -1
500, 587, -1
1019, 1039, -1
1019, 84, -1
1019, 587, -1
962, 1039, -1
962, 84, -1
962, 587, -1
1000, 1039, -1
1000, 84, -1
1000, 587, -1
989, 1120, -1
989, 1398, -1
501, 1120, -1
501, 1398, -1
500, 1120, -1
500, 1398, -1
1019, 1120, -1
1019, 1398, -1
962, 1120, -1
962, 1398, -1
1000, 1120, -1
1000, 1398, -1
989, 593, -1
501, 593, -1
500, 593, -1
1019, 593, -1
962, 593, -1
1000, 593, -1
720, 412, -1
720, 553, -1
720, 841, -1
720, 1109, -1
720, 1079, -1
720, 1125, -1
720, 707, -1
720, 695, -1
720, 145, -1
720, 1220, -1
110, 412, -1
110, 553, -1
110, 841, -1
110, 1109, -1
110, 1079, -1
110, 1125, -1
110, 707, -1
110, 695, -1
110, 145, -1
110, 1220, -1
1145, 412, -1
1145, 553, -1
1145, 841, -1
1145, 1109, -1
1145, 1079, -1
1145, 1125, -1
1145, 707, -1
1145, 695, -1
1145, 145, -1
1145, 1220, -1
720, 989, -1
720, 501, -1
720, 500, -1
720, 1019, -1
720, 962, -1
720, 1000, -1
110, 989, -1
110, 501, -1
110, 500, -1
110, 1019, -1
110, 962, -1
110, 1000, -1
1145, 989, -1
1145, 501, -1
1145, 500, -1
1145, 1019, -1
1145, 962, -1
1145, 1000, -1
720, 506, -1
720, 488, -1
110, 506, -1
110, 488, -1
1145, 506, -1
1145, 488, -1
720, 470, -1
720, 1356, -1
720, 503, -1
110, 470, -1
110, 1356, -1
110, 503, -1
1145, 470, -1
1145, 1356, -1
1145, 503, -1
720, 1039, -1
720, 84, -1
720, 587, -1
110, 1039, -1
110, 84, -1
110, 587, -1
1145, 1039, -1
1145, 84, -1
1145, 587, -1
720, 1120, -1
720, 1398, -1
110, 1120, -1
110, 1398, -1
1145, 1120, -1
1145, 1398, -1
720, 593, -1
110, 593, -1
1145, 593, -1
506, 412, -1
506, 553, -1
506, 841, -1
506, 1109, -1
506, 1079, -1
506, 1125, -1
506, 707, -1
506, 695, -1
506, 145, -1
506, 1220, -1
488, 412, -1
488, 553, -1
488, 841, -1
488, 1109, -1
488, 1079, -1
488, 1125, -1
488, 707, -1
488, 695, -1
488, 145, -1
488, 1220, -1
506, 989, -1
506, 501, -1
506, 500, -1
506, 1019, -1
506, 962, -1
506, 1000, -1
488, 989, -1
488, 501, -1
488, 500, -1
488, 1019, -1
488, 962, -1
488, 1000, -1
506, 720, -1
506, 110, -1
506, 1145, -1
488, 720, -1
488, 110, -1
488, 1145, -1
506, 470, -1
506, 1356, -1
506, 503, -1
488, 470, -1
488, 1356, -1
488, 503, -1
506, 1039, -1
506, 84, -1
506, 587, -1
488, 1039, -1
488, 84, -1
488, 587, -1
506, 1120, -1
506, 1398, -1
488, 1120, -1
488, 1398, -1
506, 593, -1
488, 593, -1
470, 412, -1
470, 553, -1
470, 841, -1
470, 1109, -1
470, 1079, -1
470, 1125, -1
470, 707, -1
470, 695, -1
470, 145, -1
470, 1220, -1
1356, 412, -1
1356, 553, -1
1356, 841, -1
1356, 1109, -1
1356, 1079, -1
1356, 1125, -1
1356, 707, -1
1356, 695, -1
1356, 145, -1
1356, 1220, -1
503, 412, -1
503, 553, -1
503, 841, -1
503, 1109, -1
503, 1079, -1
503, 1125, -1
503, 707, -1
503, 695, -1
503, 145, -1
503, 1220, -1
470, 989, -1
470, 501, -1
470, 500, -1
470, 1019, -1
470, 962, -1
470, 1000, -1
1356, 989, -1
1356, 501, -1
1356, 500, -1
1356, 1019, -1
1356, 962, -1
1356, 1000, -1
503, 989, -1
503, 501, -1
503, 500, -1
503, 1019, -1
503, 962, -1
503, 1000, -1
470, 720, -1
470, 110, -1
470, 1145, -1
1356, 720, -1
1356, 110, -1
1356, 1145, -1
503, 720, -1
503, 110, -1
503, 1145, -1
470, 506, -1
470, 488, -1
1356, 506, -1
1356, 488, -1
503, 506, -1
503, 488, -1
470, 1039, -1
470, 84, -1
470, 587, -1
1356, 1039, -1
1356, 84, -1
1356, 587, -1
503, 1039, -1
503, 84, -1
503, 587, -1
470, 1120, -1
470, 1398, -1
1356, 1120, -1
1356, 1398, -1
503, 1120, -1
503, 1398, -1
470, 593, -1
1356, 593, -1
503, 593, -1
1039, 412, -1
1039, 553, -1
1039, 841, -1
1039, 1109, -1
1039, 1079, -1
1039, 1125, -1
1039, 707, -1
1039, 695, -1
1039, 145, -1
1039, 1220, -1
84, 412, -1
84, 553, -1
84, 841, -1
84, 1109, -1
84, 1079, -1
84, 1125, -1
84, 707, -1
84, 695, -1
84, 145, -1
84, 1220, -1
587, 412, -1
587, 553, -1
587, 841, -1
587, 1109, -1
587, 1079, -1
587, 1125, -1
587, 707, -1
587, 695, -1
587, 145, -1
587, 1220, -1
1039, 989, -1
1039, 501, -1
1039, 500, -1
1039, 1019, -1
1039, 962, -1
1039, 1000, -1
84, 989, -1
84, 501, -1
84, 500, -1
84, 1019, -1
84, 962, -1
84, 1000, -1
587, 989, -1
587, 501, -1
587, 500, -1
587, 1019, -1
587, 962, -1
587, 1000, -1
1039, 720, -1
1039, 110, -1
1039, 1145, -1
84, 720, -1
84, 110, -1
84, 1145, -1
587, 720, -1
587, 110, -1
587, 1145, -1
1039, 506, -1
1039, 488, -1
84, 506, -1
84, 488, -1
587, 506, -1
587, 488, -1
1039, 470, -1
1039, 1356, -1
1039, 503, -1
84, 470, -1
84, 1356, -1
84, 503, -1
587, 470, -1
587, 1356, -1
587, 503, -1
1039, 1120, -1
1039, 1398, -1
84, 1120, -1
84, 1398, -1
587, 1120, -1
587, 1398, -1
1039, 593, -1
84, 593, -1
587, 593, -1
1120, 412, -1
1120, 553, -1
1120, 841, -1
1120, 1109, -1
1120, 1079, -1
1120, 1125, -1
1120, 707, -1
1120, 695, -1
1120, 145, -1
1120, 1220, -1
1398, 412, -1
1398, 553, -1
1398, 841, -1
1398, 1109, -1
1398, 1079, -1
1398, 1125, -1
1398, 707, -1
1398, 695, -1
1398, 145, -1
1398, 1220, -1
1120, 989, -1
1120, 501, -1
1120, 500, -1
1120, 1019, -1
1120, 962, -1
1120, 1000, -1
1398, 989, -1
1398, 501, -1
1398, 500, -1
1398, 1019, -1
1398, 962, -1
1398, 1000, -1
1120, 720, -1
1120, 110, -1
1120, 1145, -1
1398, 720, -1
1398, 110, -1
1398, 1145, -1
1120, 506, -1
1120, 488, -1
1398, 506, -1
1398, 488, -1
1120, 470, -1
1120, 1356, -1
1120, 503, -1
1398, 470, -1
1398, 1356, -1
1398, 503, -1
1120, 1039, -1
1120, 84, -1
1120, 587, -1
1398, 1039, -1
1398, 84, -1
1398, 587, -1
1120, 593, -1
1398, 593, -1
593, 412, -1
593, 553, -1
593, 841, -1
593, 1109, -1
593, 1079, -1
593, 1125, -1
593, 707, -1
593, 695, -1
593, 145, -1
593, 1220, -1
593, 989, -1
593, 501, -1
593, 500, -1
593, 1019, -1
593, 962, -1
593, 1000, -1
593, 720, -1
593, 110, -1
593, 1145, -1
593, 506, -1
593, 488, -1
593, 470, -1
593, 1356, -1
593, 503, -1
593, 1039, -1
593, 84, -1
593, 587, -1
593, 1120, -1
593, 1398, -1

