348, 382, 1
610, 647, 1
640, 382, -1
640, 348, -1
647, 382, -1
647, 348, -1
647, 640, -1
320, 382, -1
320, 348, -1
320, 640, -1
320, 647, -1
610, 382, -1
610, 348, -1
610, 640, -1
610, 320, -1

689, 382, 1
689, 348, 1
1166, 382, -1
1166, 348, -1
1166, 640, -1
1166, 647, -1
1166, 610, -1
1166, 320, -1
689, 640, -1
689, 647, -1
689, 610, -1
689, 320, -1
689, 1166, -1
1342, 382, -1
1342, 348, -1
1342, 689, -1
1342, 640, -1
1342, 647, -1
1342, 610, -1
1342, 320, -1
1342, 1166, -1

50, 382, 1
50, 348, 1
50, 689, 1
398, 640, 1
374, 382, 1
374, 348, 1
374, 689, 1
374, 50, 1
910, 640, 1
910, 398, 1
50, 640, -1
50, 647, -1
50, 610, -1
50, 320, -1
50, 1166, -1
50, 1342, -1
398, 382, -1
398, 348, -1
398, 689, -1
398, 50, -1
398, 647, -1
398, 610, -1
398, 320, -1
398, 1166, -1
398, 1342, -1
374, 640, -1
374, 398, -1
374, 647, -1
374, 610, -1
374, 320, -1
374, 1166, -1
374, 1342, -1
910, 382, -1
910, 348, -1
910, 689, -1
910, 50, -1
910, 374, -1
910, 647, -1
910, 610, -1
910, 320, -1
910, 1166, -1
910, 1342, -1

370, 382, 1
370, 348, 1
370, 689, 1
370, 50, 1
370, 374, 1
1309, 382, 1
1309, 348, 1
1309, 689, 1
1309, 50, 1
1309, 374, 1
1309, 370, 1
1117, 382, 1
1117, 348, 1
1117, 689, 1
1117, 50, 1
1117, 374, 1
1117, 370, 1
1117, 1309, 1
1175, 382, 1
1175, 348, 1
1175, 689, 1
1175, 50, 1
1175, 374, 1
1175, 370, 1
1175, 1309, 1
1175, 1117, 1
1347, 382, 1
1347, 348, 1
1347, 689, 1
1347, 50, 1
1347, 374, 1
1347, 370, 1
1347, 1309, 1
1347, 1117, 1
1347, 1175, 1
230, 640, 1
230, 398, 1
230, 910, 1
456, 382, 1
456, 348, 1
456, 689, 1
456, 50, 1
456, 374, 1
456, 370, 1
456, 1309, 1
456, 1117, 1
456, 1175, 1
456, 1347, 1
1138, 382, 1
1138, 348, 1
1138, 689, 1
1138, 50, 1
1138, 374, 1
1138, 370, 1
1138, 1309, 1
1138, 1117, 1
1138, 1175, 1
1138, 1347, 1
1138, 456, 1
370, 640, -1
370, 398, -1
370, 910, -1
370, 647, -1
370, 610, -1
370, 320, -1
370, 1166, -1
370, 1342, -1
1309, 640, -1
1309, 398, -1
1309, 910, -1
1309, 647, -1
1309, 610, -1
1309, 320, -1
1309, 1166, -1
1309, 1342, -1
1117, 640, -1
1117, 398, -1
1117, 910, -1
1117, 647, -1
1117, 610, -1
1117, 320, -1
1117, 1166, -1
1117, 1342, -1
1175, 640, -1
1175, 398, -1
1175, 910, -1
1175, 647, -1
1175, 610, -1
1175, 320, -1
1175, 1166, -1
1175, 1342, -1
1347, 640, -1
1347, 398, -1
1347, 910, -1
1347, 647, -1
1347, 610, -1
1347, 320, -1
1347, 1166, -1
1347, 1342, -1
230, 382, -1
230, 348, -1
230, 689, -1
230, 50, -1
230, 374, -1
230, 370, -1
230, 1309, -1
230, 1117, -1
230, 1175, -1
230, 1347, -1
230, 647, -1
230, 610, -1
230, 320, -1
230, 1166, -1
230, 1342, -1
456, 640, -1
456, 398, -1
456, 910, -1
456, 230, -1
456, 647, -1
456, 610, -1
456, 320, -1
456, 1166, -1
456, 1342, -1
1138, 640, -1
1138, 398, -1
1138, 910, -1
1138, 230, -1
1138, 647, -1
1138, 610, -1
1138, 320, -1
1138, 1166, -1
1138, 1342, -1

844, 640, 1
844, 398, 1
844, 910, 1
844, 230, 1
270, 382, 1
270, 348, 1
270, 689, 1
270, 50, 1
270, 374, 1
270, 370, 1
270, 1309, 1
270, 1117, 1
270, 1175, 1
270, 1347, 1
270, 456, 1
270, 1138, 1
550, 647, 1
550, 610, 1
153, 382, 1
153, 348, 1
153, 689, 1
153, 50, 1
153, 374, 1
153, 370, 1
153, 1309, 1
153, 1117, 1
153, 1175, 1
153, 1347, 1
153, 456, 1
153, 1138, 1
153, 270, 1
372, 382, 1
372, 348, 1
372, 689, 1
372, 50, 1
372, 374, 1
372, 370, 1
372, 1309, 1
372, 1117, 1
372, 1175, 1
372, 1347, 1
372, 456, 1
372, 1138, 1
372, 270, 1
372, 153, 1
419, 640, 1
419, 398, 1
419, 910, 1
419, 230, 1
419, 844, 1
844, 382, -1
844, 348, -1
844, 689, -1
844, 50, -1
844, 374, -1
844, 370, -1
844, 1309, -1
844, 1117, -1
844, 1175, -1
844, 1347, -1
844, 456, -1
844, 1138, -1
844, 647, -1
844, 610, -1
844, 320, -1
844, 1166, -1
844, 1342, -1
270, 640, -1
270, 398, -1
270, 910, -1
270, 230, -1
270, 844, -1
270, 647, -1
270, 610, -1
270, 320, -1
270, 1166, -1
270, 1342, -1
550, 382, -1
550, 348, -1
550, 689, -1
550, 50, -1
550, 374, -1
550, 370, -1
550, 1309, -1
550, 1117, -1
550, 1175, -1
550, 1347, -1
550, 456, -1
550, 1138, -1
550, 270, -1
550, 640, -1
550, 398, -1
550, 910, -1
550, 230, -1
550, 844, -1
550, 320, -1
550, 1166, -1
550, 1342, -1
153, 640, -1
153, 398, -1
153, 910, -1
153, 230, -1
153, 844, -1
153, 647, -1
153, 610, -1
153, 550, -1
153, 320, -1
153, 1166, -1
153, 1342, -1
372, 640, -1
372, 398, -1
372, 910, -1
372, 230, -1
372, 844, -1
372, 647, -1
372, 610, -1
372, 550, -1
372, 320, -1
372, 1166, -1
372, 1342, -1
419, 382, -1
419, 348, -1
419, 689, -1
419, 50, -1
419, 374, -1
419, 370, -1
419, 1309, -1
419, 1117, -1
419, 1175, -1
419, 1347, -1
419, 456, -1
419, 1138, -1
419, 270, -1
419, 153, -1
419, 372, -1
419, 647, -1
419, 610, -1
419, 550, -1
419, 320, -1
419, 1166, -1
419, 1342, -1

7, 640, 1
7, 398, 1
7, 910, 1
7, 230, 1
7, 844, 1
7, 419, 1
1313, 382, 1
1313, 348, 1
1313, 689, 1
1313, 50, 1
1313, 374, 1
1313, 370, 1
1313, 1309, 1
1313, 1117, 1
1313, 1175, 1
1313, 1347, 1
1313, 456, 1
1313, 1138, 1
1313, 270, 1
1313, 153, 1
1313, 372, 1
726, 320, 1
733, 382, 1
733, 348, 1
733, 689, 1
733, 50, 1
733, 374, 1
733, 370, 1
733, 1309, 1
733, 1117, 1
733, 1175, 1
733, 1347, 1
733, 456, 1
733, 1138, 1
733, 270, 1
733, 153, 1
733, 372, 1
733, 1313, 1
7, 382, -1
7, 348, -1
7, 689, -1
7, 50, -1
7, 374, -1
7, 370, -1
7, 1309, -1
7, 1117, -1
7, 1175, -1
7, 1347, -1
7, 456, -1
7, 1138, -1
7, 270, -1
7, 153, -1
7, 372, -1
7, 647, -1
7, 610, -1
7, 550, -1
7, 320, -1
7, 1166, -1
7, 1342, -1
1313, 640, -1
1313, 398, -1
1313, 910, -1
1313, 230, -1
1313, 844, -1
1313, 419, -1
1313, 7, -1
1313, 647, -1
1313, 610, -1
1313, 550, -1
1313, 320, -1
1313, 1166, -1
1313, 1342, -1
726, 382, -1
726, 348, -1
726, 689, -1
726, 50, -1
726, 374, -1
726, 370, -1
726, 1309, -1
726, 1117, -1
726, 1175, -1
726, 1347, -1
726, 456, -1
726, 1138, -1
726, 270, -1
726, 153, -1
726, 372, -1
726, 1313, -1
726, 640, -1
726, 398, -1
726, 910, -1
726, 230, -1
726, 844, -1
726, 419, -1
726, 7, -1
726, 647, -1
726, 610, -1
726, 550, -1
726, 1166, -1
726, 1342, -1
733, 640, -1
733, 398, -1
733, 910, -1
733, 230, -1
733, 844, -1
733, 419, -1
733, 7, -1
733, 647, -1
733, 610, -1
733, 550, -1
733, 320, -1
733, 726, -1
733, 1166, -1
733, 1342, -1

328, 382, 1
328, 348, 1
328, 689, 1
328, 50, 1
328, 374, 1
328, 370, 1
328, 1309, 1
328, 1117, 1
328, 1175, 1
328, 1347, 1
328, 456, 1
328, 1138, 1
328, 270, 1
328, 153, 1
328, 372, 1
328, 1313, 1
328, 733, 1
815, 382, 1
815, 348, 1
815, 689, 1
815, 50, 1
815, 374, 1
815, 370, 1
815, 1309, 1
815, 1117, 1
815, 1175, 1
815, 1347, 1
815, 456, 1
815, 1138, 1
815, 270, 1
815, 153, 1
815, 372, 1
815, 1313, 1
815, 733, 1
815, 328, 1
776, 640, 1
776, 398, 1
776, 910, 1
776, 230, 1
776, 844, 1
776, 419, 1
776, 7, 1
10, 640, 1
10, 398, 1
10, 910, 1
10, 230, 1
10, 844, 1
10, 419, 1
10, 7, 1
10, 776, 1
1241, 640, 1
1241, 398, 1
1241, 910, 1
1241, 230, 1
1241, 844, 1
1241, 419, 1
1241, 7, 1
1241, 776, 1
1241, 10, 1
1271, 640, 1
1271, 398, 1
1271, 910, 1
1271, 230, 1
1271, 844, 1
1271, 419, 1
1271, 7, 1
1271, 776, 1
1271, 10, 1
1271, 1241, 1
328, 640, -1
328, 398, -1
328, 910, -1
328, 230, -1
328, 844, -1
328, 419, -1
328, 7, -1
328, 647, -1
328, 610, -1
328, 550, -1
328, 320, -1
328, 726, -1
328, 1166, -1
328, 1342, -1
815, 640, -1
815, 398, -1
815, 910, -1
815, 230, -1
815, 844, -1
815, 419, -1
815, 7, -1
815, 647, -1
815, 610, -1
815, 550, -1
815, 320, -1
815, 726, -1
815, 1166, -1
815, 1342, -1
776, 382, -1
776, 348, -1
776, 689, -1
776, 50, -1
776, 374, -1
776, 370, -1
776, 1309, -1
776, 1117, -1
776, 1175, -1
776, 1347, -1
776, 456, -1
776, 1138, -1
776, 270, -1
776, 153, -1
776, 372, -1
776, 1313, -1
776, 733, -1
776, 328, -1
776, 815, -1
776, 647, -1
776, 610, -1
776, 550, -1
776, 320, -1
776, 726, -1
776, 1166, -1
776, 1342, -1
10, 382, -1
10, 348, -1
10, 689, -1
10, 50, -1
10, 374, -1
10, 370, -1
10, 1309, -1
10, 1117, -1
10, 1175, -1
10, 1347, -1
10, 456, -1
10, 1138, -1
10, 270, -1
10, 153, -1
10, 372, -1
10, 1313, -1
10, 733, -1
10, 328, -1
10, 815, -1
10, 647, -1
10, 610, -1
10, 550, -1
10, 320, -1
10, 726, -1
10, 1166, -1
10, 1342, -1
1241, 382, -1
1241, 348, -1
1241, 689, -1
1241, 50, -1
1241, 374, -1
1241, 370, -1
1241, 1309, -1
1241, 1117, -1
1241, 1175, -1
1241, 1347, -1
1241, 456, -1
1241, 1138, -1
1241, 270, -1
1241, 153, -1
1241, 372, -1
1241, 1313, -1
1241, 733, -1
1241, 328, -1
1241, 815, -1
1241, 647, -1
1241, 610, -1
1241, 550, -1
1241, 320, -1
1241, 726, -1
1241, 1166, -1
1241, 1342, -1
1271, 382, -1
1271, 348, -1
1271, 689, -1
1271, 50, -1
1271, 374, -1
1271, 370, -1
1271, 1309, -1
1271, 1117, -1
1271, 1175, -1
1271, 1347, -1
1271, 456, -1
1271, 1138, -1
1271, 270, -1
1271, 153, -1
1271, 372, -1
1271, 1313, -1
1271, 733, -1
1271, 328, -1
1271, 815, -1
1271, 647, -1
1271, 610, -1
1271, 550, -1
1271, 320, -1
1271, 726, -1
1271, 1166, -1
1271, 1342, -1

1290, 647, 1
1290, 610, 1
1290, 550, 1
1422, 640, 1
1422, 398, 1
1422, 910, 1
1422, 230, 1
1422, 844, 1
1422, 419, 1
1422, 7, 1
1422, 776, 1
1422, 10, 1
1422, 1241, 1
1422, 1271, 1
1034, 382, 1
1034, 348, 1
1034, 689, 1
1034, 50, 1
1034, 374, 1
1034, 370, 1
1034, 1309, 1
1034, 1117, 1
1034, 1175, 1
1034, 1347, 1
1034, 456, 1
1034, 1138, 1
1034, 270, 1
1034, 153, 1
1034, 372, 1
1034, 1313, 1
1034, 733, 1
1034, 328, 1
1034, 815, 1
1091, 640, 1
1091, 398, 1
1091, 910, 1
1091, 230, 1
1091, 844, 1
1091, 419, 1
1091, 7, 1
1091, 776, 1
1091, 10, 1
1091, 1241, 1
1091, 1271, 1
1091, 1422, 1
181, 382, 1
181, 348, 1
181, 689, 1
181, 50, 1
181, 374, 1
181, 370, 1
181, 1309, 1
181, 1117, 1
181, 1175, 1
181, 1347, 1
181, 456, 1
181, 1138, 1
181, 270, 1
181, 153, 1
181, 372, 1
181, 1313, 1
181, 733, 1
181, 328, 1
181, 815, 1
181, 1034, 1
15, 382, 1
15, 348, 1
15, 689, 1
15, 50, 1
15, 374, 1
15, 370, 1
15, 1309, 1
15, 1117, 1
15, 1175, 1
15, 1347, 1
15, 456, 1
15, 1138, 1
15, 270, 1
15, 153, 1
15, 372, 1
15, 1313, 1
15, 733, 1
15, 328, 1
15, 815, 1
15, 1034, 1
15, 181, 1
1290, 382, -1
1290, 348, -1
1290, 689, -1
1290, 50, -1
1290, 374, -1
1290, 370, -1
1290, 1309, -1
1290, 1117, -1
1290, 1175, -1
1290, 1347, -1
1290, 456, -1
1290, 1138, -1
1290, 270, -1
1290, 153, -1
1290, 372, -1
1290, 1313, -1
1290, 733, -1
1290, 328, -1
1290, 815, -1
1290, 640, -1
1290, 398, -1
1290, 910, -1
1290, 230, -1
1290, 844, -1
1290, 419, -1
1290, 7, -1
1290, 776, -1
1290, 10, -1
1290, 1241, -1
1290, 1271, -1
1290, 320, -1
1290, 726, -1
1290, 1166, -1
1290, 1342, -1
1422, 382, -1
1422, 348, -1
1422, 689, -1
1422, 50, -1
1422, 374, -1
1422, 370, -1
1422, 1309, -1
1422, 1117, -1
1422, 1175, -1
1422, 1347, -1
1422, 456, -1
1422, 1138, -1
1422, 270, -1
1422, 153, -1
1422, 372, -1
1422, 1313, -1
1422, 733, -1
1422, 328, -1
1422, 815, -1
1422, 647, -1
1422, 610, -1
1422, 550, -1
1422, 1290, -1
1422, 320, -1
1422, 726, -1
1422, 1166, -1
1422, 1342, -1
1034, 640, -1
1034, 398, -1
1034, 910, -1
1034, 230, -1
1034, 844, -1
1034, 419, -1
1034, 7, -1
1034, 776, -1
1034, 10, -1
1034, 1241, -1
1034, 1271, -1
1034, 1422, -1
1034, 647, -1
1034, 610, -1
1034, 550, -1
1034, 1290, -1
1034, 320, -1
1034, 726, -1
1034, 1166, -1
1034, 1342, -1
1091, 382, -1
1091, 348, -1
1091, 689, -1
1091, 50, -1
1091, 374, -1
1091, 370, -1
1091, 1309, -1
1091, 1117, -1
1091, 1175, -1
1091, 1347, -1
1091, 456, -1
1091, 1138, -1
1091, 270, -1
1091, 153, -1
1091, 372, -1
1091, 1313, -1
1091, 733, -1
1091, 328, -1
1091, 815, -1
1091, 1034, -1
1091, 647, -1
1091, 610, -1
1091, 550, -1
1091, 1290, -1
1091, 320, -1
1091, 726, -1
1091, 1166, -1
1091, 1342, -1
181, 640, -1
181, 398, -1
181, 910, -1
181, 230, -1
181, 844, -1
181, 419, -1
181, 7, -1
181, 776, -1
181, 10, -1
181, 1241, -1
181, 1271, -1
181, 1422, -1
181, 1091, -1
181, 647, -1
181, 610, -1
181, 550, -1
181, 1290, -1
181, 320, -1
181, 726, -1
181, 1166, -1
181, 1342, -1
15, 640, -1
15, 398, -1
15, 910, -1
15, 230, -1
15, 844, -1
15, 419, -1
15, 7, -1
15, 776, -1
15, 10, -1
15, 1241, -1
15, 1271, -1
15, 1422, -1
15, 1091, -1
15, 647, -1
15, 610, -1
15, 550, -1
15, 1290, -1
15, 320, -1
15, 726, -1
15, 1166, -1
15, 1342, -1

644, 640, 1
644, 398, 1
644, 910, 1
644, 230, 1
644, 844, 1
644, 419, 1
644, 7, 1
644, 776, 1
644, 10, 1
644, 1241, 1
644, 1271, 1
644, 1422, 1
644, 1091, 1
1289, 640, 1
1289, 398, 1
1289, 910, 1
1289, 230, 1
1289, 844, 1
1289, 419, 1
1289, 7, 1
1289, 776, 1
1289, 10, 1
1289, 1241, 1
1289, 1271, 1
1289, 1422, 1
1289, 1091, 1
1289, 644, 1
523, 382, 1
523, 348, 1
523, 689, 1
523, 50, 1
523, 374, 1
523, 370, 1
523, 1309, 1
523, 1117, 1
523, 1175, 1
523, 1347, 1
523, 456, 1
523, 1138, 1
523, 270, 1
523, 153, 1
523, 372, 1
523, 1313, 1
523, 733, 1
523, 328, 1
523, 815, 1
523, 1034, 1
523, 181, 1
523, 15, 1
700, 640, 1
700, 398, 1
700, 910, 1
700, 230, 1
700, 844, 1
700, 419, 1
700, 7, 1
700, 776, 1
700, 10, 1
700, 1241, 1
700, 1271, 1
700, 1422, 1
700, 1091, 1
700, 644, 1
700, 1289, 1
1293, 382, 1
1293, 348, 1
1293, 689, 1
1293, 50, 1
1293, 374, 1
1293, 370, 1
1293, 1309, 1
1293, 1117, 1
1293, 1175, 1
1293, 1347, 1
1293, 456, 1
1293, 1138, 1
1293, 270, 1
1293, 153, 1
1293, 372, 1
1293, 1313, 1
1293, 733, 1
1293, 328, 1
1293, 815, 1
1293, 1034, 1
1293, 181, 1
1293, 15, 1
1293, 523, 1
644, 382, -1
644, 348, -1
644, 689, -1
644, 50, -1
644, 374, -1
644, 370, -1
644, 1309, -1
644, 1117, -1
644, 1175, -1
644, 1347, -1
644, 456, -1
644, 1138, -1
644, 270, -1
644, 153, -1
644, 372, -1
644, 1313, -1
644, 733, -1
644, 328, -1
644, 815, -1
644, 1034, -1
644, 181, -1
644, 15, -1
644, 647, -1
644, 610, -1
644, 550, -1
644, 1290, -1
644, 320, -1
644, 726, -1
644, 1166, -1
644, 1342, -1
1289, 382, -1
1289, 348, -1
1289, 689, -1
1289, 50, -1
1289, 374, -1
1289, 370, -1
1289, 1309, -1
1289, 1117, -1
1289, 1175, -1
1289, 1347, -1
1289, 456, -1
1289, 1138, -1
1289, 270, -1
1289, 153, -1
1289, 372, -1
1289, 1313, -1
1289, 733, -1
1289, 328, -1
1289, 815, -1
1289, 1034, -1
1289, 181, -1
1289, 15, -1
1289, 647, -1
1289, 610, -1
1289, 550, -1
1289, 1290, -1
1289, 320, -1
1289, 726, -1
1289, 1166, -1
1289, 1342, -1
523, 640, -1
523, 398, -1
523, 910, -1
523, 230, -1
523, 844, -1
523, 419, -1
523, 7, -1
523, 776, -1
523, 10, -1
523, 1241, -1
523, 1271, -1
523, 1422, -1
523, 1091, -1
523, 644, -1
523, 1289, -1
523, 647, -1
523, 610, -1
523, 550, -1
523, 1290, -1
523, 320, -1
523, 726, -1
523, 1166, -1
523, 1342, -1
700, 382, -1
700, 348, -1
700, 689, -1
700, 50, -1
700, 374, -1
700, 370, -1
700, 1309, -1
700, 1117, -1
700, 1175, -1
700, 1347, -1
700, 456, -1
700, 1138, -1
700, 270, -1
700, 153, -1
700, 372, -1
700, 1313, -1
700, 733, -1
700, 328, -1
700, 815, -1
700, 1034, -1
700, 181, -1
700, 15, -1
700, 523, -1
700, 647, -1
700, 610, -1
700, 550, -1
700, 1290, -1
700, 320, -1
700, 726, -1
700, 1166, -1
700, 1342, -1
1293, 640, -1
1293, 398, -1
1293, 910, -1
1293, 230, -1
1293, 844, -1
1293, 419, -1
1293, 7, -1
1293, 776, -1
1293, 10, -1
1293, 1241, -1
1293, 1271, -1
1293, 1422, -1
1293, 1091, -1
1293, 644, -1
1293, 1289, -1
1293, 700, -1
1293, 647, -1
1293, 610, -1
1293, 550, -1
1293, 1290, -1
1293, 320, -1
1293, 726, -1
1293, 1166, -1
1293, 1342, -1

509, 382, 1
509, 348, 1
509, 689, 1
509, 50, 1
509, 374, 1
509, 370, 1
509, 1309, 1
509, 1117, 1
509, 1175, 1
509, 1347, 1
509, 456, 1
509, 1138, 1
509, 270, 1
509, 153, 1
509, 372, 1
509, 1313, 1
509, 733, 1
509, 328, 1
509, 815, 1
509, 1034, 1
509, 181, 1
509, 15, 1
509, 523, 1
509, 1293, 1
1196, 382, 1
1196, 348, 1
1196, 689, 1
1196, 50, 1
1196, 374, 1
1196, 370, 1
1196, 1309, 1
1196, 1117, 1
1196, 1175, 1
1196, 1347, 1
1196, 456, 1
1196, 1138, 1
1196, 270, 1
1196, 153, 1
1196, 372, 1
1196, 1313, 1
1196, 733, 1
1196, 328, 1
1196, 815, 1
1196, 1034, 1
1196, 181, 1
1196, 15, 1
1196, 523, 1
1196, 1293, 1
1196, 509, 1
1162, 640, 1
1162, 398, 1
1162, 910, 1
1162, 230, 1
1162, 844, 1
1162, 419, 1
1162, 7, 1
1162, 776, 1
1162, 10, 1
1162, 1241, 1
1162, 1271, 1
1162, 1422, 1
1162, 1091, 1
1162, 644, 1
1162, 1289, 1
1162, 700, 1
1368, 382, 1
1368, 348, 1
1368, 689, 1
1368, 50, 1
1368, 374, 1
1368, 370, 1
1368, 1309, 1
1368, 1117, 1
1368, 1175, 1
1368, 1347, 1
1368, 456, 1
1368, 1138, 1
1368, 270, 1
1368, 153, 1
1368, 372, 1
1368, 1313, 1
1368, 733, 1
1368, 328, 1
1368, 815, 1
1368, 1034, 1
1368, 181, 1
1368, 15, 1
1368, 523, 1
1368, 1293, 1
1368, 509, 1
1368, 1196, 1
18, 640, 1
18, 398, 1
18, 910, 1
18, 230, 1
18, 844, 1
18, 419, 1
18, 7, 1
18, 776, 1
18, 10, 1
18, 1241, 1
18, 1271, 1
18, 1422, 1
18, 1091, 1
18, 644, 1
18, 1289, 1
18, 700, 1
18, 1162, 1
1272, 640, 1
1272, 398, 1
1272, 910, 1
1272, 230, 1
1272, 844, 1
1272, 419, 1
1272, 7, 1
1272, 776, 1
1272, 10, 1
1272, 1241, 1
1272, 1271, 1
1272, 1422, 1
1272, 1091, 1
1272, 644, 1
1272, 1289, 1
1272, 700, 1
1272, 1162, 1
1272, 18, 1
509, 640, -1
509, 398, -1
509, 910, -1
509, 230, -1
509, 844, -1
509, 419, -1
509, 7, -1
509, 776, -1
509, 10, -1
509, 1241, -1
509, 1271, -1
509, 1422, -1
509, 1091, -1
509, 644, -1
509, 1289, -1
509, 700, -1
509, 647, -1
509, 610, -1
509, 550, -1
509, 1290, -1
509, 320, -1
509, 726, -1
509, 1166, -1
509, 1342, -1
1196, 640, -1
1196, 398, -1
1196, 910, -1
1196, 230, -1
1196, 844, -1
1196, 419, -1
1196, 7, -1
1196, 776, -1
1196, 10, -1
1196, 1241, -1
1196, 1271, -1
1196, 1422, -1
1196, 1091, -1
1196, 644, -1
1196, 1289, -1
1196, 700, -1
1196, 647, -1
1196, 610, -1
1196, 550, -1
1196, 1290, -1
1196, 320, -1
1196, 726, -1
1196, 1166, -1
1196, 1342, -1
1162, 382, -1
1162, 348, -1
1162, 689, -1
1162, 50, -1
1162, 374, -1
1162, 370, -1
1162, 1309, -1
1162, 1117, -1
1162, 1175, -1
1162, 1347, -1
1162, 456, -1
1162, 1138, -1
1162, 270, -1
1162, 153, -1
1162, 372, -1
1162, 1313, -1
1162, 733, -1
1162, 328, -1
1162, 815, -1
1162, 1034, -1
1162, 181, -1
1162, 15, -1
1162, 523, -1
1162, 1293, -1
1162, 509, -1
1162, 1196, -1
1162, 647, -1
1162, 610, -1
1162, 550, -1
1162, 1290, -1
1162, 320, -1
1162, 726, -1
1162, 1166, -1
1162, 1342, -1
1368, 640, -1
1368, 398, -1
1368, 910, -1
1368, 230, -1
1368, 844, -1
1368, 419, -1
1368, 7, -1
1368, 776, -1
1368, 10, -1
1368, 1241, -1
1368, 1271, -1
1368, 1422, -1
1368, 1091, -1
1368, 644, -1
1368, 1289, -1
1368, 700, -1
1368, 1162, -1
1368, 647, -1
1368, 610, -1
1368, 550, -1
1368, 1290, -1
1368, 320, -1
1368, 726, -1
1368, 1166, -1
1368, 1342, -1
18, 382, -1
18, 348, -1
18, 689, -1
18, 50, -1
18, 374, -1
18, 370, -1
18, 1309, -1
18, 1117, -1
18, 1175, -1
18, 1347, -1
18, 456, -1
18, 1138, -1
18, 270, -1
18, 153, -1
18, 372, -1
18, 1313, -1
18, 733, -1
18, 328, -1
18, 815, -1
18, 1034, -1
18, 181, -1
18, 15, -1
18, 523, -1
18, 1293, -1
18, 509, -1
18, 1196, -1
18, 1368, -1
18, 647, -1
18, 610, -1
18, 550, -1
18, 1290, -1
18, 320, -1
18, 726, -1
18, 1166, -1
18, 1342, -1
1272, 382, -1
1272, 348, -1
1272, 689, -1
1272, 50, -1
1272, 374, -1
1272, 370, -1
1272, 1309, -1
1272, 1117, -1
1272, 1175, -1
1272, 1347, -1
1272, 456, -1
1272, 1138, -1
1272, 270, -1
1272, 153, -1
1272, 372, -1
1272, 1313, -1
1272, 733, -1
1272, 328, -1
1272, 815, -1
1272, 1034, -1
1272, 181, -1
1272, 15, -1
1272, 523, -1
1272, 1293, -1
1272, 509, -1
1272, 1196, -1
1272, 1368, -1
1272, 647, -1
1272, 610, -1
1272, 550, -1
1272, 1290, -1
1272, 320, -1
1272, 726, -1
1272, 1166, -1
1272, 1342, -1

