114, 841, 1
841, 114, 1
79, 319, -1
79, 114, -1
79, 841, -1
79, 989, -1
319, 79, -1
319, 114, -1
319, 841, -1
319, 989, -1
114, 79, -1
841, 79, -1
114, 319, -1
841, 319, -1
114, 989, -1
841, 989, -1
989, 79, -1
989, 319, -1
989, 114, -1
989, 841, -1

114, 841, 1
841, 114, 1
79, 319, -1
79, 114, -1
79, 841, -1
79, 989, -1
79, 506, -1
79, 470, -1
319, 79, -1
319, 114, -1
319, 841, -1
319, 989, -1
319, 506, -1
319, 470, -1
114, 79, -1
841, 79, -1
114, 319, -1
841, 319, -1
114, 989, -1
841, 989, -1
114, 506, -1
841, 506, -1
114, 470, -1
841, 470, -1
989, 79, -1
989, 319, -1
989, 114, -1
989, 841, -1
989, 506, -1
989, 470, -1
506, 79, -1
506, 319, -1
506, 114, -1
506, 841, -1
506, 989, -1
506, 470, -1
470, 79, -1
470, 319, -1
470, 114, -1
470, 841, -1
470, 989, -1
470, 506, -1

114, 841, 1
114, 553, 1
841, 114, 1
841, 553, 1
553, 114, 1
553, 841, 1
79, 319, -1
79, 114, -1
79, 841, -1
79, 553, -1
79, 989, -1
79, 506, -1
79, 470, -1
79, 276, -1
319, 79, -1
319, 114, -1
319, 841, -1
319, 553, -1
319, 989, -1
319, 506, -1
319, 470, -1
319, 276, -1
114, 79, -1
841, 79, -1
553, 79, -1
114, 319, -1
841, 319, -1
553, 319, -1
114, 989, -1
841, 989, -1
553, 989, -1
114, 506, -1
841, 506, -1
553, 506, -1
114, 470, -1
841, 470, -1
553, 470, -1
114, 276, -1
841, 276, -1
553, 276, -1
989, 79, -1
989, 319, -1
989, 114, -1
989, 841, -1
989, 553, -1
989, 506, -1
989, 470, -1
989, 276, -1
506, 79, -1
506, 319, -1
506, 114, -1
506, 841, -1
506, 553, -1
506, 989, -1
506, 470, -1
506, 276, -1
470, 79, -1
470, 319, -1
470, 114, -1
470, 841, -1
470, 553, -1
470, 989, -1
470, 506, -1
470, 276, -1
276, 79, -1
276, 319, -1
276, 114, -1
276, 841, -1
276, 553, -1
276, 989, -1
276, 506, -1
276, 470, -1

114, 841, 1
114, 553, 1
114, 874, 1
841, 114, 1
841, 553, 1
841, 874, 1
553, 114, 1
553, 841, 1
553, 874, 1
874, 114, 1
874, 841, 1
874, 553, 1
470, 503, 1
503, 470, 1
79, 319, -1
79, 114, -1
79, 841, -1
79, 553, -1
79, 874, -1
79, 989, -1
79, 506, -1
79, 470, -1
79, 503, -1
79, 276, -1
319, 79, -1
319, 114, -1
319, 841, -1
319, 553, -1
319, 874, -1
319, 989, -1
319, 506, -1
319, 470, -1
319, 503, -1
319, 276, -1
114, 79, -1
841, 79, -1
553, 79, -1
874, 79, -1
114, 319, -1
841, 319, -1
553, 319, -1
874, 319, -1
114, 989, -1
841, 989, -1
553, 989, -1
874, 989, -1
114, 506, -1
841, 506, -1
553, 506, -1
874, 506, -1
114, 470, -1
114, 503, -1
841, 470, -1
841, 503, -1
553, 470, -1
553, 503, -1
874, 470, -1
874, 503, -1
114, 276, -1
841, 276, -1
553, 276, -1
874, 276, -1
989, 79, -1
989, 319, -1
989, 114, -1
989, 841, -1
989, 553, -1
989, 874, -1
989, 506, -1
989, 470, -1
989, 503, -1
989, 276, -1
506, 79, -1
506, 319, -1
506, 114, -1
506, 841, -1
506, 553, -1
506, 874, -1
506, 989, -1
506, 470, -1
506, 503, -1
506, 276, -1
470, 79, -1
503, 79, -1
470, 319, -1
503, 319, -1
470, 114, -1
470, 841, -1
470, 553, -1
470, 874, -1
503, 114, -1
503, 841, -1
503, 553, -1
503, 874, -1
470, 989, -1
503, 989, -1
470, 506, -1
503, 506, -1
470, 276, -1
503, 276, -1
276, 79, -1
276, 319, -1
276, 114, -1
276, 841, -1
276, 553, -1
276, 874, -1
276, 989, -1
276, 506, -1
276, 470, -1
276, 503, -1

319, 110, 1
110, 319, 1
114, 841, 1
114, 553, 1
114, 874, 1
114, 271, 1
114, 707, 1
841, 114, 1
841, 553, 1
841, 874, 1
841, 271, 1
841, 707, 1
553, 114, 1
553, 841, 1
553, 874, 1
553, 271, 1
553, 707, 1
874, 114, 1
874, 841, 1
874, 553, 1
874, 271, 1
874, 707, 1
271, 114, 1
271, 841, 1
271, 553, 1
271, 874, 1
271, 707, 1
707, 114, 1
707, 841, 1
707, 553, 1
707, 874, 1
707, 271, 1
470, 503, 1
503, 470, 1
79, 319, -1
79, 110, -1
79, 114, -1
79, 841, -1
79, 553, -1
79, 874, -1
79, 271, -1
79, 707, -1
79, 989, -1
79, 506, -1
79, 470, -1
79, 503, -1
79, 276, -1
319, 79, -1
110, 79, -1
319, 114, -1
319, 841, -1
319, 553, -1
319, 874, -1
319, 271, -1
319, 707, -1
110, 114, -1
110, 841, -1
110, 553, -1
110, 874, -1
110, 271, -1
110, 707, -1
319, 989, -1
110, 989, -1
319, 506, -1
110, 506, -1
319, 470, -1
319, 503, -1
110, 470, -1
110, 503, -1
319, 276, -1
110, 276, -1
114, 79, -1
841, 79, -1
553, 79, -1
874, 79, -1
271, 79, -1
707, 79, -1
114, 319, -1
114, 110, -1
841, 319, -1
841, 110, -1
553, 319, -1
553, 110, -1
874, 319, -1
874, 110, -1
271, 319, -1
271, 110, -1
707, 319, -1
707, 110, -1
114, 989, -1
841, 989, -1
553, 989, -1
874, 989, -1
271, 989, -1
707, 989, -1
114, 506, -1
841, 506, -1
553, 506, -1
874, 506, -1
271, 506, -1
707, 506, -1
114, 470, -1
114, 503, -1
841, 470, -1
841, 503, -1
553, 470, -1
553, 503, -1
874, 470, -1
874, 503, -1
271, 470, -1
271, 503, -1
707, 470, -1
707, 503, -1
114, 276, -1
841, 276, -1
553, 276, -1
874, 276, -1
271, 276, -1
707, 276, -1
989, 79, -1
989, 319, -1
989, 110, -1
989, 114, -1
989, 841, -1
989, 553, -1
989, 874, -1
989, 271, -1
989, 707, -1
989, 506, -1
989, 470, -1
989, 503, -1
989, 276, -1
506, 79, -1
506, 319, -1
506, 110, -1
506, 114, -1
506, 841, -1
506, 553, -1
506, 874, -1
506, 271, -1
506, 707, -1
506, 989, -1
506, 470, -1
506, 503, -1
506, 276, -1
470, 79, -1
503, 79, -1
470, 319, -1
470, 110, -1
503, 319, -1
503, 110, -1
470, 114, -1
470, 841, -1
470, 553, -1
470, 874, -1
470, 271, -1
470, 707, -1
503, 114, -1
503, 841, -1
503, 553, -1
503, 874, -1
503, 271, -1
503, 707, -1
470, 989, -1
503, 989, -1
470, 506, -1
503, 506, -1
470, 276, -1
503, 276, -1
276, 79, -1
276, 319, -1
276, 110, -1
276, 114, -1
276, 841, -1
276, 553, -1
276, 874, -1
276, 271, -1
276, 707, -1
276, 989, -1
276, 506, -1
276, 470, -1
276, 503, -1

319, 110, 1
110, 319, 1
114, 841, 1
114, 553, 1
114, 874, 1
114, 271, 1
114, 707, 1
841, 114, 1
841, 553, 1
841, 874, 1
841, 271, 1
841, 707, 1
553, 114, 1
553, 841, 1
553, 874, 1
553, 271, 1
553, 707, 1
874, 114, 1
874, 841, 1
874, 553, 1
874, 271, 1
874, 707, 1
271, 114, 1
271, 841, 1
271, 553, 1
271, 874, 1
271, 707, 1
707, 114, 1
707, 841, 1
707, 553, 1
707, 874, 1
707, 271, 1
989, 500, 1
500, 989, 1
470, 503, 1
503, 470, 1
79, 319, -1
79, 110, -1
79, 114, -1
79, 841, -1
79, 553, -1
79, 874, -1
79, 271, -1
79, 707, -1
79, 989, -1
79, 500, -1
79, 506, -1
79, 470, -1
79, 503, -1
79, 276, -1
319, 79, -1
110, 79, -1
319, 114, -1
319, 841, -1
319, 553, -1
319, 874, -1
319, 271, -1
319, 707, -1
110, 114, -1
110, 841, -1
110, 553, -1
110, 874, -1
110, 271, -1
110, 707, -1
319, 989, -1
319, 500, -1
110, 989, -1
110, 500, -1
319, 506, -1
110, 506, -1
319, 470, -1
319, 503, -1
110, 470, -1
110, 503, -1
319, 276, -1
110, 276, -1
114, 79, -1
841, 79, -1
553, 79, -1
874, 79, -1
271, 79, -1
707, 79, -1
114, 319, -1
114, 110, -1
841, 319, -1
841, 110, -1
553, 319, -1
553, 110, -1
874, 319, -1
874, 110, -1
271, 319, -1
271, 110, -1
707, 319, -1
707, 110, -1
114, 989, -1
114, 500, -1
841, 989, -1
841, 500, -1
553, 989, -1
553, 500, -1
874, 989, -1
874, 500, -1
271, 989, -1
271, 500, -1
707, 989, -1
707, 500, -1
114, 506, -1
841, 506, -1
553, 506, -1
874, 506, -1
271, 506, -1
707, 506, -1
114, 470, -1
114, 503, -1
841, 470, -1
841, 503, -1
553, 470, -1
553, 503, -1
874, 470, -1
874, 503, -1
271, 470, -1
271, 503, -1
707, 470, -1
707, 503, -1
114, 276, -1
841, 276, -1
553, 276, -1
874, 276, -1
271, 276, -1
707, 276, -1
989, 79, -1
500, 79, -1
989, 319, -1
989, 110, -1
500, 319, -1
500, 110, -1
989, 114, -1
989, 841, -1
989, 553, -1
989, 874, -1
989, 271, -1
989, 707, -1
500, 114, -1
500, 841, -1
500, 553, -1
500, 874, -1
500, 271, -1
500, 707, -1
989, 506, -1
500, 506, -1
989, 470, -1
989, 503, -1
500, 470, -1
500, 503, -1
989, 276, -1
500, 276, -1
506, 79, -1
506, 319, -1
506, 110, -1
506, 114, -1
506, 841, -1
506, 553, -1
506, 874, -1
506, 271, -1
506, 707, -1
506, 989, -1
506, 500, -1
506, 470, -1
506, 503, -1
506, 276, -1
470, 79, -1
503, 79, -1
470, 319, -1
470, 110, -1
503, 319, -1
503, 110, -1
470, 114, -1
470, 841, -1
470, 553, -1
470, 874, -1
470, 271, -1
470, 707, -1
503, 114, -1
503, 841, -1
503, 553, -1
503, 874, -1
503, 271, -1
503, 707, -1
470, 989, -1
470, 500, -1
503, 989, -1
503, 500, -1
470, 506, -1
503, 506, -1
470, 276, -1
503, 276, -1
276, 79, -1
276, 319, -1
276, 110, -1
276, 114, -1
276, 841, -1
276, 553, -1
276, 874, -1
276, 271, -1
276, 707, -1
276, 989, -1
276, 500, -1
276, 506, -1
276, 470, -1
276, 503, -1

319, 110, 1
110, 319, 1
114, 841, 1
114, 553, 1
114, 874, 1
114, 271, 1
114, 707, 1
841, 114, 1
841, 553, 1
841, 874, 1
841, 271, 1
841, 707, 1
553, 114, 1
553, 841, 1
553, 874, 1
553, 271, 1
553, 707, 1
874, 114, 1
874, 841, 1
874, 553, 1
874, 271, 1
874, 707, 1
271, 114, 1
271, 841, 1
271, 553, 1
271, 874, 1
271, 707, 1
707, 114, 1
707, 841, 1
707, 553, 1
707, 874, 1
707, 271, 1
989, 500, 1
500, 989, 1
470, 503, 1
503, 470, 1
79, 319, -1
79, 110, -1
79, 114, -1
79, 841, -1
79, 553, -1
79, 874, -1
79, 271, -1
79, 707, -1
79, 989, -1
79, 500, -1
79, 506, -1
79, 470, -1
79, 503, -1
79, 276, -1
79, 85, -1
319, 79, -1
110, 79, -1
319, 114, -1
319, 841, -1
319, 553, -1
319, 874, -1
319, 271, -1
319, 707, -1
110, 114, -1
110, 841, -1
110, 553, -1
110, 874, -1
110, 271, -1
110, 707, -1
319, 989, -1
319, 500, -1
110, 989, -1
110, 500, -1
319, 506, -1
110, 506, -1
319, 470, -1
319, 503, -1
110, 470, -1
110, 503, -1
319, 276, -1
110, 276, -1
319, 85, -1
110, 85, -1
114, 79, -1
841, 79, -1
553, 79, -1
874, 79, -1
271, 79, -1
707, 79, -1
114, 319, -1
114, 110, -1
841, 319, -1
841, 110, -1
553, 319, -1
553, 110, -1
874, 319, -1
874, 110, -1
271, 319, -1
271, 110, -1
707, 319, -1
707, 110, -1
114, 989, -1
114, 500, -1
841, 989, -1
841, 500, -1
553, 989, -1
553, 500, -1
874, 989, -1
874, 500, -1
271, 989, -1
271, 500, -1
707, 989, -1
707, 500, -1
114, 506, -1
841, 506, -1
553, 506, -1
874, 506, -1
271, 506, -1
707, 506, -1
114, 470, -1
114, 503, -1
841, 470, -1
841, 503, -1
553, 470, -1
553, 503, -1
874, 470, -1
874, 503, -1
271, 470, -1
271, 503, -1
707, 470, -1
707, 503, -1
114, 276, -1
841, 276, -1
553, 276, -1
874, 276, -1
271, 276, -1
707, 276, -1
114, 85, -1
841, 85, -1
553, 85, -1
874, 85, -1
271, 85, -1
707, 85, -1
989, 79, -1
500, 79, -1
989, 319, -1
989, 110, -1
500, 319, -1
500, 110, -1
989, 114, -1
989, 841, -1
989, 553, -1
989, 874, -1
989, 271, -1
989, 707, -1
500, 114, -1
500, 841, -1
500, 553, -1
500, 874, -1
500, 271, -1
500, 707, -1
989, 506, -1
500, 506, -1
989, 470, -1
989, 503, -1
500, 470, -1
500, 503, -1
989, 276, -1
500, 276, -1
989, 85, -1
500, 85, -1
506, 79, -1
506, 319, -1
506, 110, -1
506, 114, -1
506, 841, -1
506, 553, -1
506, 874, -1
506, 271, -1
506, 707, -1
506, 989, -1
506, 500, -1
506, 470, -1
506, 503, -1
506, 276, -1
506, 85, -1
470, 79, -1
503, 79, -1
470, 319, -1
470, 110, -1
503, 319, -1
503, 110, -1
470, 114, -1
470, 841, -1
470, 553, -1
470, 874, -1
470, 271, -1
470, 707, -1
503, 114, -1
503, 841, -1
503, 553, -1
503, 874, -1
503, 271, -1
503, 707, -1
470, 989, -1
470, 500, -1
503, 989, -1
503, 500, -1
470, 506, -1
503, 506, -1
470, 276, -1
503, 276, -1
470, 85, -1
503, 85, -1
276, 79, -1
276, 319, -1
276, 110, -1
276, 114, -1
276, 841, -1
276, 553, -1
276, 874, -1
276, 271, -1
276, 707, -1
276, 989, -1
276, 500, -1
276, 506, -1
276, 470, -1
276, 503, -1
276, 85, -1
85, 79, -1
85, 319, -1
85, 110, -1
85, 114, -1
85, 841, -1
85, 553, -1
85, 874, -1
85, 271, -1
85, 707, -1
85, 989, -1
85, 500, -1
85, 506, -1
85, 470, -1
85, 503, -1
85, 276, -1

79, 1039, 1
1039, 79, 1
319, 110, 1
110, 319, 1
114, 841, 1
114, 553, 1
114, 874, 1
114, 271, 1
114, 707, 1
114, 695, 1
841, 114, 1
841, 553, 1
841, 874, 1
841, 271, 1
841, 707, 1
841, 695, 1
553, 114, 1
553, 841, 1
553, 874, 1
553, 271, 1
553, 707, 1
553, 695, 1
874, 114, 1
874, 841, 1
874, 553, 1
874, 271, 1
874, 707, 1
874, 695, 1
271, 114, 1
271, 841, 1
271, 553, 1
271, 874, 1
271, 707, 1
271, 695, 1
707, 114, 1
707, 841, 1
707, 553, 1
707, 874, 1
707, 271, 1
707, 695, 1
695, 114, 1
695, 841, 1
695, 553, 1
695, 874, 1
695, 271, 1
695, 707, 1
989, 500, 1
989, 1167, 1
500, 989, 1
500, 1167, 1
1167, 989, 1
1167, 500, 1
470, 503, 1
503, 470, 1
79, 319, -1
79, 110, -1
1039, 319, -1
1039, 110, -1
79, 114, -1
79, 841, -1
79, 553, -1
79, 874, -1
79, 271, -1
79, 707, -1
79, 695, -1
1039, 114, -1
1039, 841, -1
1039, 553, -1
1039, 874, -1
1039, 271, -1
1039, 707, -1
1039, 695, -1
79, 989, -1
79, 500, -1
79, 1167, -1
1039, 989, -1
1039, 500, -1
1039, 1167, -1
79, 506, -1
1039, 506, -1
79, 470, -1
79, 503, -1
1039, 470, -1
1039, 503, -1
79, 276, -1
1039, 276, -1
79, 85, -1
1039, 85, -1
319, 79, -1
319, 1039, -1
110, 79, -1
110, 1039, -1
319, 114, -1
319, 841, -1
319, 553, -1
319, 874, -1
319, 271, -1
319, 707, -1
319, 695, -1
110, 114, -1
110, 841, -1
110, 553, -1
110, 874, -1
110, 271, -1
110, 707, -1
110, 695, -1
319, 989, -1
319, 500, -1
319, 1167, -1
110, 989, -1
110, 500, -1
110, 1167, -1
319, 506, -1
110, 506, -1
319, 470, -1
319, 503, -1
110, 470, -1
110, 503, -1
319, 276, -1
110, 276, -1
319, 85, -1
110, 85, -1
114, 79, -1
114, 1039, -1
841, 79, -1
841, 1039, -1
553, 79, -1
553, 1039, -1
874, 79, -1
874, 1039, -1
271, 79, -1
271, 1039, -1
707, 79, -1
707, 1039, -1
695, 79, -1
695, 1039, -1
114, 319, -1
114, 110, -1
841, 319, -1
841, 110, -1
553, 319, -1
553, 110, -1
874, 319, -1
874, 110, -1
271, 319, -1
271, 110, -1
707, 319, -1
707, 110, -1
695, 319, -1
695, 110, -1
114, 989, -1
114, 500, -1
114, 1167, -1
841, 989, -1
841, 500, -1
841, 1167, -1
553, 989, -1
553, 500, -1
553, 1167, -1
874, 989, -1
874, 500, -1
874, 1167, -1
271, 989, -1
271, 500, -1
271, 1167, -1
707, 989, -1
707, 500, -1
707, 1167, -1
695, 989, -1
695, 500, -1
695, 1167, -1
114, 506, -1
841, 506, -1
553, 506, -1
874, 506, -1
271, 506, -1
707, 506, -1
695, 506, -1
114, 470, -1
114, 503, -1
841, 470, -1
841, 503, -1
553, 470, -1
553, 503, -1
874, 470, -1
874, 503, -1
271, 470, -1
271, 503, -1
707, 470, -1
707, 503, -1
695, 470, -1
695, 503, -1
114, 276, -1
841, 276, -1
553, 276, -1
874, 276, -1
271, 276, -1
707, 276, -1
695, 276, -1
114, 85, -1
841, 85, -1
553, 85, -1
874, 85, -1
271, 85, -1
707, 85, -1
695, 85, -1
989, 79, -1
989, 1039, -1
500, 79, -1
500, 1039, -1
1167, 79, -1
1167, 1039, -1
989, 319, -1
989, 110, -1
500, 319, -1
500, 110, -1
1167, 319, -1
1167, 110, -1
989, 114, -1
989, 841, -1
989, 553, -1
989, 874, -1
989, 271, -1
989, 707, -1
989, 695, -1
500, 114, -1
500, 841, -1
500, 553, -1
500, 874, -1
500, 271, -1
500, 707, -1
500, 695, -1
1167, 114, -1
1167, 841, -1
1167, 553, -1
1167, 874, -1
1167, 271, -1
1167, 707, -1
1167, 695, -1
989, 506, -1
500, 506, -1
1167, 506, -1
989, 470, -1
989, 503, -1
500, 470, -1
500, 503, -1
1167, 470, -1
1167, 503, -1
989, 276, -1
500, 276, -1
1167, 276, -1
989, 85, -1
500, 85, -1
1167, 85, -1
506, 79, -1
506, 1039, -1
506, 319, -1
506, 110, -1
506, 114, -1
506, 841, -1
506, 553, -1
506, 874, -1
506, 271, -1
506, 707, -1
506, 695, -1
506, 989, -1
506, 500, -1
506, 1167, -1
506, 470, -1
506, 503, -1
506, 276, -1
506, 85, -1
470, 79, -1
470, 1039, -1
503, 79, -1
503, 1039, -1
470, 319, -1
470, 110, -1
503, 319, -1
503, 110, -1
470, 114, -1
470, 841, -1
470, 553, -1
470, 874, -1
470, 271, -1
470, 707, -1
470, 695, -1
503, 114, -1
503, 841, -1
503, 553, -1
503, 874, -1
503, 271, -1
503, 707, -1
503, 695, -1
470, 989, -1
470, 500, -1
470, 1167, -1
503, 989, -1
503, 500, -1
503, 1167, -1
470, 506, -1
503, 506, -1
470, 276, -1
503, 276, -1
470, 85, -1
503, 85, -1
276, 79, -1
276, 1039, -1
276, 319, -1
276, 110, -1
276, 114, -1
276, 841, -1
276, 553, -1
276, 874, -1
276, 271, -1
276, 707, -1
276, 695, -1
276, 989, -1
276, 500, -1
276, 1167, -1
276, 506, -1
276, 470, -1
276, 503, -1
276, 85, -1
85, 79, -1
85, 1039, -1
85, 319, -1
85, 110, -1
85, 114, -1
85, 841, -1
85, 553, -1
85, 874, -1
85, 271, -1
85, 707, -1
85, 695, -1
85, 989, -1
85, 500, -1
85, 1167, -1
85, 506, -1
85, 470, -1
85, 503, -1
85, 276, -1

79, 1039, 1
1039, 79, 1
319, 110, 1
110, 319, 1
114, 841, 1
114, 553, 1
114, 874, 1
114, 271, 1
114, 707, 1
114, 695, 1
114, 1252, 1
841, 114, 1
841, 553, 1
841, 874, 1
841, 271, 1
841, 707, 1
841, 695, 1
841, 1252, 1
553, 114, 1
553, 841, 1
553, 874, 1
553, 271, 1
553, 707, 1
553, 695, 1
553, 1252, 1
874, 114, 1
874, 841, 1
874, 553, 1
874, 271, 1
874, 707, 1
874, 695, 1
874, 1252, 1
271, 114, 1
271, 841, 1
271, 553, 1
271, 874, 1
271, 707, 1
271, 695, 1
271, 1252, 1
707, 114, 1
707, 841, 1
707, 553, 1
707, 874, 1
707, 271, 1
707, 695, 1
707, 1252, 1
695, 114, 1
695, 841, 1
695, 553, 1
695, 874, 1
695, 271, 1
695, 707, 1
695, 1252, 1
1252, 114, 1
1252, 841, 1
1252, 553, 1
1252, 874, 1
1252, 271, 1
1252, 707, 1
1252, 695, 1
989, 500, 1
989, 1167, 1
500, 989, 1
500, 1167, 1
1167, 989, 1
1167, 500, 1
470, 503, 1
470, 424, 1
503, 470, 1
503, 424, 1
424, 470, 1
424, 503, 1
79, 319, -1
79, 110, -1
1039, 319, -1
1039, 110, -1
79, 114, -1
79, 841, -1
79, 553, -1
79, 874, -1
79, 271, -1
79, 707, -1
79, 695, -1
79, 1252, -1
1039, 114, -1
1039, 841, -1
1039, 553, -1
1039, 874, -1
1039, 271, -1
1039, 707, -1
1039, 695, -1
1039, 1252, -1
79, 989, -1
79, 500, -1
79, 1167, -1
1039, 989, -1
1039, 500, -1
1039, 1167, -1
79, 506, -1
1039, 506, -1
79, 470, -1
79, 503, -1
79, 424, -1
1039, 470, -1
1039, 503, -1
1039, 424, -1
79, 276, -1
1039, 276, -1
79, 85, -1
1039, 85, -1
319, 79, -1
319, 1039, -1
110, 79, -1
110, 1039, -1
319, 114, -1
319, 841, -1
319, 553, -1
319, 874, -1
319, 271, -1
319, 707, -1
319, 695, -1
319, 1252, -1
110, 114, -1
110, 841, -1
110, 553, -1
110, 874, -1
110, 271, -1
110, 707, -1
110, 695, -1
110, 1252, -1
319, 989, -1
319, 500, -1
319, 1167, -1
110, 989, -1
110, 500, -1
110, 1167, -1
319, 506, -1
110, 506, -1
319, 470, -1
319, 503, -1
319, 424, -1
110, 470, -1
110, 503, -1
110, 424, -1
319, 276, -1
110, 276, -1
319, 85, -1
110, 85, -1
114, 79, -1
114, 1039, -1
841, 79, -1
841, 1039, -1
553, 79, -1
553, 1039, -1
874, 79, -1
874, 1039, -1
271, 79, -1
271, 1039, -1
707, 79, -1
707, 1039, -1
695, 79, -1
695, 1039, -1
1252, 79, -1
1252, 1039, -1
114, 319, -1
114, 110, -1
841, 319, -1
841, 110, -1
553, 319, -1
553, 110, -1
874, 319, -1
874, 110, -1
271, 319, -1
271, 110, -1
707, 319, -1
707, 110, -1
695, 319, -1
695, 110, -1
1252, 319, -1
1252, 110, -1
114, 989, -1
114, 500, -1
114, 1167, -1
841, 989, -1
841, 500, -1
841, 1167, -1
553, 989, -1
553, 500, -1
553, 1167, -1
874, 989, -1
874, 500, -1
874, 1167, -1
271, 989, -1
271, 500, -1
271, 1167, -1
707, 989, -1
707, 500, -1
707, 1167, -1
695, 989, -1
695, 500, -1
695, 1167, -1
1252, 989, -1
1252, 500, -1
1252, 1167, -1
114, 506, -1
841, 506, -1
553, 506, -1
874, 506, -1
271, 506, -1
707, 506, -1
695, 506, -1
1252, 506, -1
114, 470, -1
114, 503, -1
114, 424, -1
841, 470, -1
841, 503, -1
841, 424, -1
553, 470, -1
553, 503, -1
553, 424, -1
874, 470, -1
874, 503, -1
874, 424, -1
271, 470, -1
271, 503, -1
271, 424, -1
707, 470, -1
707, 503, -1
707, 424, -1
695, 470, -1
695, 503, -1
695, 424, -1
1252, 470, -1
1252, 503, -1
1252, 424, -1
114, 276, -1
841, 276, -1
553, 276, -1
874, 276, -1
271, 276, -1
707, 276, -1
695, 276, -1
1252, 276, -1
114, 85, -1
841, 85, -1
553, 85, -1
874, 85, -1
271, 85, -1
707, 85, -1
695, 85, -1
1252, 85, -1
989, 79, -1
989, 1039, -1
500, 79, -1
500, 1039, -1
1167, 79, -1
1167, 1039, -1
989, 319, -1
989, 110, -1
500, 319, -1
500, 110, -1
1167, 319, -1
1167, 110, -1
989, 114, -1
989, 841, -1
989, 553, -1
989, 874, -1
989, 271, -1
989, 707, -1
989, 695, -1
989, 1252, -1
500, 114, -1
500, 841, -1
500, 553, -1
500, 874, -1
500, 271, -1
500, 707, -1
500, 695, -1
500, 1252, -1
1167, 114, -1
1167, 841, -1
1167, 553, -1
1167, 874, -1
1167, 271, -1
1167, 707, -1
1167, 695, -1
1167, 1252, -1
989, 506, -1
500, 506, -1
1167, 506, -1
989, 470, -1
989, 503, -1
989, 424, -1
500, 470, -1
500, 503, -1
500, 424, -1
1167, 470, -1
1167, 503, -1
1167, 424, -1
989, 276, -1
500, 276, -1
1167, 276, -1
989, 85, -1
500, 85, -1
1167, 85, -1
506, 79, -1
506, 1039, -1
506, 319, -1
506, 110, -1
506, 114, -1
506, 841, -1
506, 553, -1
506, 874, -1
506, 271, -1
506, 707, -1
506, 695, -1
506, 1252, -1
506, 989, -1
506, 500, -1
506, 1167, -1
506, 470, -1
506, 503, -1
506, 424, -1
506, 276, -1
506, 85, -1
470, 79, -1
470, 1039, -1
503, 79, -1
503, 1039, -1
424, 79, -1
424, 1039, -1
470, 319, -1
470, 110, -1
503, 319, -1
503, 110, -1
424, 319, -1
424, 110, -1
470, 114, -1
470, 841, -1
470, 553, -1
470, 874, -1
470, 271, -1
470, 707, -1
470, 695, -1
470, 1252, -1
503, 114, -1
503, 841, -1
503, 553, -1
503, 874, -1
503, 271, -1
503, 707, -1
503, 695, -1
503, 1252, -1
424, 114, -1
424, 841, -1
424, 553, -1
424, 874, -1
424, 271, -1
424, 707, -1
424, 695, -1
424, 1252, -1
470, 989, -1
470, 500, -1
470, 1167, -1
503, 989, -1
503, 500, -1
503, 1167, -1
424, 989, -1
424, 500, -1
424, 1167, -1
470, 506, -1
503, 506, -1
424, 506, -1
470, 276, -1
503, 276, -1
424, 276, -1
470, 85, -1
503, 85, -1
424, 85, -1
276, 79, -1
276, 1039, -1
276, 319, -1
276, 110, -1
276, 114, -1
276, 841, -1
276, 553, -1
276, 874, -1
276, 271, -1
276, 707, -1
276, 695, -1
276, 1252, -1
276, 989, -1
276, 500, -1
276, 1167, -1
276, 506, -1
276, 470, -1
276, 503, -1
276, 424, -1
276, 85, -1
85, 79, -1
85, 1039, -1
85, 319, -1
85, 110, -1
85, 114, -1
85, 841, -1
85, 553, -1
85, 874, -1
85, 271, -1
85, 707, -1
85, 695, -1
85, 1252, -1
85, 989, -1
85, 500, -1
85, 1167, -1
85, 506, -1
85, 470, -1
85, 503, -1
85, 424, -1
85, 276, -1

79, 1039, 1
1039, 79, 1
319, 110, 1
110, 319, 1
114, 841, 1
114, 553, 1
114, 874, 1
114, 271, 1
114, 707, 1
114, 695, 1
114, 1252, 1
114, 1125, 1
841, 114, 1
841, 553, 1
841, 874, 1
841, 271, 1
841, 707, 1
841, 695, 1
841, 1252, 1
841, 1125, 1
553, 114, 1
553, 841, 1
553, 874, 1
553, 271, 1
553, 707, 1
553, 695, 1
553, 1252, 1
553, 1125, 1
874, 114, 1
874, 841, 1
874, 553, 1
874, 271, 1
874, 707, 1
874, 695, 1
874, 1252, 1
874, 1125, 1
271, 114, 1
271, 841, 1
271, 553, 1
271, 874, 1
271, 707, 1
271, 695, 1
271, 1252, 1
271, 1125, 1
707, 114, 1
707, 841, 1
707, 553, 1
707, 874, 1
707, 271, 1
707, 695, 1
707, 1252, 1
707, 1125, 1
695, 114, 1
695, 841, 1
695, 553, 1
695, 874, 1
695, 271, 1
695, 707, 1
695, 1252, 1
695, 1125, 1
1252, 114, 1
1252, 841, 1
1252, 553, 1
1252, 874, 1
1252, 271, 1
1252, 707, 1
1252, 695, 1
1252, 1125, 1
1125, 114, 1
1125, 841, 1
1125, 553, 1
1125, 874, 1
1125, 271, 1
1125, 707, 1
1125, 695, 1
1125, 1252, 1
989, 500, 1
989, 1167, 1
989, 501, 1
500, 989, 1
500, 1167, 1
500, 501, 1
1167, 989, 1
1167, 500, 1
1167, 501, 1
501, 989, 1
501, 500, 1
501, 1167, 1
470, 503, 1
470, 424, 1
503, 470, 1
503, 424, 1
424, 470, 1
424, 503, 1
79, 319, -1
79, 110, -1
1039, 319, -1
1039, 110, -1
79, 114, -1
79, 841, -1
79, 553, -1
79, 874, -1
79, 271, -1
79, 707, -1
79, 695, -1
79, 1252, -1
79, 1125, -1
1039, 114, -1
1039, 841, -1
1039, 553, -1
1039, 874, -1
1039, 271, -1
1039, 707, -1
1039, 695, -1
1039, 1252, -1
1039, 1125, -1
79, 989, -1
79, 500, -1
79, 1167, -1
79, 501, -1
1039, 989, -1
1039, 500, -1
1039, 1167, -1
1039, 501, -1
79, 506, -1
1039, 506, -1
79, 470, -1
79, 503, -1
79, 424, -1
1039, 470, -1
1039, 503, -1
1039, 424, -1
79, 276, -1
1039, 276, -1
79, 85, -1
1039, 85, -1
319, 79, -1
319, 1039, -1
110, 79, -1
110, 1039, -1
319, 114, -1
319, 841, -1
319, 553, -1
319, 874, -1
319, 271, -1
319, 707, -1
319, 695, -1
319, 1252, -1
319, 1125, -1
110, 114, -1
110, 841, -1
110, 553, -1
110, 874, -1
110, 271, -1
110, 707, -1
110, 695, -1
110, 1252, -1
110, 1125, -1
319, 989, -1
319, 500, -1
319, 1167, -1
319, 501, -1
110, 989, -1
110, 500, -1
110, 1167, -1
110, 501, -1
319, 506, -1
110, 506, -1
319, 470, -1
319, 503, -1
319, 424, -1
110, 470, -1
110, 503, -1
110, 424, -1
319, 276, -1
110, 276, -1
319, 85, -1
110, 85, -1
114, 79, -1
114, 1039, -1
841, 79, -1
841, 1039, -1
553, 79, -1
553, 1039, -1
874, 79, -1
874, 1039, -1
271, 79, -1
271, 1039, -1
707, 79, -1
707, 1039, -1
695, 79, -1
695, 1039, -1
1252, 79, -1
1252, 1039, -1
1125, 79, -1
1125, 1039, -1
114, 319, -1
114, 110, -1
841, 319, -1
841, 110, -1
553, 319, -1
553, 110, -1
874, 319, -1
874, 110, -1
271, 319, -1
271, 110, -1
707, 319, -1
707, 110, -1
695, 319, -1
695, 110, -1
1252, 319, -1
1252, 110, -1
1125, 319, -1
1125, 110, -1
114, 989, -1
114, 500, -1
114, 1167, -1
114, 501, -1
841, 989, -1
841, 500, -1
841, 1167, -1
841, 501, -1
553, 989, -1
553, 500, -1
553, 1167, -1
553, 501, -1
874, 989, -1
874, 500, -1
874, 1167, -1
874, 501, -1
271, 989, -1
271, 500, -1
271, 1167, -1
271, 501, -1
707, 989, -1
707, 500, -1
707, 1167, -1
707, 501, -1
695, 989, -1
695, 500, -1
695, 1167, -1
695, 501, -1
1252, 989, -1
1252, 500, -1
1252, 1167, -1
1252, 501, -1
1125, 989, -1
1125, 500, -1
1125, 1167, -1
1125, 501, -1
114, 506, -1
841, 506, -1
553, 506, -1
874, 506, -1
271, 506, -1
707, 506, -1
695, 506, -1
1252, 506, -1
1125, 506, -1
114, 470, -1
114, 503, -1
114, 424, -1
841, 470, -1
841, 503, -1
841, 424, -1
553, 470, -1
553, 503, -1
553, 424, -1
874, 470, -1
874, 503, -1
874, 424, -1
271, 470, -1
271, 503, -1
271, 424, -1
707, 470, -1
707, 503, -1
707, 424, -1
695, 470, -1
695, 503, -1
695, 424, -1
1252, 470, -1
1252, 503, -1
1252, 424, -1
1125, 470, -1
1125, 503, -1
1125, 424, -1
114, 276, -1
841, 276, -1
553, 276, -1
874, 276, -1
271, 276, -1
707, 276, -1
695, 276, -1
1252, 276, -1
1125, 276, -1
114, 85, -1
841, 85, -1
553, 85, -1
874, 85, -1
271, 85, -1
707, 85, -1
695, 85, -1
1252, 85, -1
1125, 85, -1
989, 79, -1
989, 1039, -1
500, 79, -1
500, 1039, -1
1167, 79, -1
1167, 1039, -1
501, 79, -1
501, 1039, -1
989, 319, -1
989, 110, -1
500, 319, -1
500, 110, -1
1167, 319, -1
1167, 110, -1
501, 319, -1
501, 110, -1
989, 114, -1
989, 841, -1
989, 553, -1
989, 874, -1
989, 271, -1
989, 707, -1
989, 695, -1
989, 1252, -1
989, 1125, -1
500, 114, -1
500, 841, -1
500, 553, -1
500, 874, -1
500, 271, -1
500, 707, -1
500, 695, -1
500, 1252, -1
500, 1125, -1
1167, 114, -1
1167, 841, -1
1167, 553, -1
1167, 874, -1
1167, 271, -1
1167, 707, -1
1167, 695, -1
1167, 1252, -1
1167, 1125, -1
501, 114, -1
501, 841, -1
501, 553, -1
501, 874, -1
501, 271, -1
501, 707, -1
501, 695, -1
501, 1252, -1
501, 1125, -1
989, 506, -1
500, 506, -1
1167, 506, -1
501, 506, -1
989, 470, -1
989, 503, -1
989, 424, -1
500, 470, -1
500, 503, -1
500, 424, -1
1167, 470, -1
1167, 503, -1
1167, 424, -1
501, 470, -1
501, 503, -1
501, 424, -1
989, 276, -1
500, 276, -1
1167, 276, -1
501, 276, -1
989, 85, -1
500, 85, -1
1167, 85, -1
501, 85, -1
506, 79, -1
506, 1039, -1
506, 319, -1
506, 110, -1
506, 114, -1
506, 841, -1
506, 553, -1
506, 874, -1
506, 271, -1
506, 707, -1
506, 695, -1
506, 1252, -1
506, 1125, -1
506, 989, -1
506, 500, -1
506, 1167, -1
506, 501, -1
506, 470, -1
506, 503, -1
506, 424, -1
506, 276, -1
506, 85, -1
470, 79, -1
470, 1039, -1
503, 79, -1
503, 1039, -1
424, 79, -1
424, 1039, -1
470, 319, -1
470, 110, -1
503, 319, -1
503, 110, -1
424, 319, -1
424, 110, -1
470, 114, -1
470, 841, -1
470, 553, -1
470, 874, -1
470, 271, -1
470, 707, -1
470, 695, -1
470, 1252, -1
470, 1125, -1
503, 114, -1
503, 841, -1
503, 553, -1
503, 874, -1
503, 271, -1
503, 707, -1
503, 695, -1
503, 1252, -1
503, 1125, -1
424, 114, -1
424, 841, -1
424, 553, -1
424, 874, -1
424, 271, -1
424, 707, -1
424, 695, -1
424, 1252, -1
424, 1125, -1
470, 989, -1
470, 500, -1
470, 1167, -1
470, 501, -1
503, 989, -1
503, 500, -1
503, 1167, -1
503, 501, -1
424, 989, -1
424, 500, -1
424, 1167, -1
424, 501, -1
470, 506, -1
503, 506, -1
424, 506, -1
470, 276, -1
503, 276, -1
424, 276, -1
470, 85, -1
503, 85, -1
424, 85, -1
276, 79, -1
276, 1039, -1
276, 319, -1
276, 110, -1
276, 114, -1
276, 841, -1
276, 553, -1
276, 874, -1
276, 271, -1
276, 707, -1
276, 695, -1
276, 1252, -1
276, 1125, -1
276, 989, -1
276, 500, -1
276, 1167, -1
276, 501, -1
276, 506, -1
276, 470, -1
276, 503, -1
276, 424, -1
276, 85, -1
85, 79, -1
85, 1039, -1
85, 319, -1
85, 110, -1
85, 114, -1
85, 841, -1
85, 553, -1
85, 874, -1
85, 271, -1
85, 707, -1
85, 695, -1
85, 1252, -1
85, 1125, -1
85, 989, -1
85, 500, -1
85, 1167, -1
85, 501, -1
85, 506, -1
85, 470, -1
85, 503, -1
85, 424, -1
85, 276, -1

