348, 382, 1
162, 382, 1
162, 348, 1
1166, 1329, 1
640, 382, -1
640, 348, -1
1329, 382, -1
1329, 348, -1
1329, 640, -1
0, 382, -1
0, 348, -1
0, 640, -1
0, 1329, -1
162, 640, -1
162, 1329, -1
162, 0, -1
1166, 382, -1
1166, 348, -1
1166, 162, -1
1166, 640, -1
1166, 0, -1

1158, 162, 1
776, 162, 1
10, 162, 1
20, 162, 1
21, 162, 1
660, 162, 1
1172, 162, 1
1175, 162, 1
413, 162, 1
162, 162, 1
1065, 162, 1
1196, 162, 1
689, 162, 1
50, 162, 1
1091, 162, 1
1221, 162, 1
348, 162, 1
736, 162, 1
230, 162, 1
747, 162, 1
880, 162, 1
1011, 162, 1
1012, 162, 1
253, 162, 1
382, 162, 1
767, 162, 1
1329, 1166, 1
1166, 1166, 1
1077, 1329, 1
1077, 1166, 1
6, 0, 1
1, 0, 1
1, 6, 1
516, 1329, 1
516, 1166, 1
516, 1077, 1
1077, 382, -1
1077, 348, -1
1077, 162, -1
1077, 640, -1
1077, 0, -1
6, 382, -1
6, 348, -1
6, 162, -1
6, 640, -1
6, 1329, -1
6, 1166, -1
6, 1077, -1
1, 382, -1
1, 348, -1
1, 162, -1
1, 640, -1
1, 1329, -1
1, 1166, -1
1, 1077, -1
516, 382, -1
516, 348, -1
516, 162, -1
516, 640, -1
516, 0, -1
516, 6, -1
516, 1, -1

1158, 162, 1
776, 162, 1
10, 162, 1
660, 162, 1
20, 162, 1
1172, 162, 1
1175, 162, 1
413, 162, 1
162, 162, 1
1065, 162, 1
1196, 162, 1
689, 162, 1
50, 162, 1
1091, 162, 1
1221, 162, 1
348, 162, 1
736, 162, 1
230, 162, 1
747, 162, 1
880, 162, 1
1011, 162, 1
1012, 162, 1
253, 162, 1
382, 162, 1
767, 162, 1
0, 0, 1
1, 0, 1
6, 0, 1
779, 0, 1
1421, 0, 1
1296, 0, 1
1428, 0, 1
30, 0, 1
287, 0, 1
290, 0, 1
291, 0, 1
1315, 0, 1
293, 0, 1
294, 0, 1
295, 0, 1
805, 0, 1
1066, 0, 1
1068, 0, 1
813, 0, 1
561, 0, 1
1458, 0, 1
309, 0, 1
1206, 0, 1
315, 0, 1
1086, 0, 1
1089, 0, 1
967, 0, 1
1481, 0, 1
1358, 0, 1
978, 0, 1
979, 0, 1
213, 0, 1
599, 0, 1
472, 0, 1
1115, 0, 1
222, 0, 1
862, 0, 1
871, 0, 1
490, 0, 1
1391, 0, 1
1411, 516, 1
516, 516, 1
905, 516, 1
1166, 516, 1
527, 516, 1
913, 516, 1
147, 516, 1
275, 516, 1
661, 516, 1
792, 516, 1
541, 516, 1
1438, 516, 1
798, 516, 1
414, 516, 1
1183, 516, 1
802, 516, 1
1060, 516, 1
165, 516, 1
166, 516, 1
1193, 516, 1
1198, 516, 1
303, 516, 1
431, 516, 1
307, 516, 1
1077, 516, 1
569, 516, 1
316, 516, 1
445, 516, 1
446, 516, 1
447, 516, 1
448, 516, 1
573, 516, 1
709, 516, 1
199, 516, 1
711, 516, 1
330, 516, 1
715, 516, 1
1228, 516, 1
1101, 516, 1
462, 516, 1
1102, 516, 1
340, 516, 1
1365, 516, 1
86, 516, 1
1111, 516, 1
474, 516, 1
1370, 516, 1
221, 516, 1
1119, 516, 1
1123, 516, 1
100, 516, 1
101, 516, 1
358, 516, 1
1124, 516, 1
1381, 516, 1
1383, 516, 1
1130, 516, 1
109, 516, 1
749, 516, 1
1390, 516, 1
1144, 516, 1
379, 516, 1
1151, 516, 1
4, 0, 1
4, 6, 1
4, 1, 1
4, 472, 1
1408, 382, -1
1408, 348, -1
1408, 162, -1
1408, 640, -1
1408, 1329, -1
1408, 1166, -1
1408, 1077, -1
1408, 516, -1
1408, 1365, -1
1408, 0, -1
1408, 6, -1
1408, 1, -1
1408, 472, -1
4, 382, -1
4, 348, -1
4, 162, -1
4, 640, -1
4, 1329, -1
4, 1166, -1
4, 1077, -1
4, 516, -1
4, 1365, -1
4, 1408, -1

1158, 162, 1
776, 162, 1
10, 162, 1
660, 162, 1
20, 162, 1
1172, 162, 1
1175, 162, 1
413, 162, 1
162, 162, 1
1065, 162, 1
1196, 162, 1
689, 162, 1
50, 162, 1
1091, 162, 1
1221, 162, 1
348, 162, 1
736, 162, 1
230, 162, 1
747, 162, 1
880, 162, 1
1011, 162, 1
1012, 162, 1
253, 162, 1
382, 162, 1
767, 162, 1
516, 516, 1
527, 516, 1
541, 516, 1
544, 516, 1
1060, 516, 1
1064, 516, 1
43, 516, 1
1067, 516, 1
1077, 516, 1
569, 516, 1
1102, 516, 1
85, 516, 1
86, 516, 1
1111, 516, 1
1119, 516, 1
1123, 516, 1
100, 516, 1
101, 516, 1
105, 516, 1
1130, 516, 1
111, 516, 1
1151, 516, 1
143, 516, 1
665, 516, 1
1183, 516, 1
165, 516, 1
166, 516, 1
167, 516, 1
1193, 516, 1
1198, 516, 1
709, 516, 1
199, 516, 1
711, 516, 1
715, 516, 1
1228, 516, 1
730, 516, 1
221, 516, 1
742, 516, 1
232, 516, 1
749, 516, 1
248, 516, 1
249, 516, 1
254, 516, 1
792, 516, 1
793, 516, 1
798, 516, 1
1312, 516, 1
802, 516, 1
1320, 516, 1
810, 516, 1
1329, 516, 1
316, 516, 1
320, 516, 1
330, 516, 1
332, 516, 1
1361, 516, 1
1362, 516, 1
340, 516, 1
1365, 516, 1
1381, 516, 1
1383, 516, 1
1390, 516, 1
1398, 516, 1
1407, 516, 1
1411, 516, 1
1413, 516, 1
905, 516, 1
913, 516, 1
410, 516, 1
414, 516, 1
1438, 516, 1
1445, 516, 1
431, 516, 1
442, 516, 1
444, 516, 1
445, 516, 1
446, 516, 1
447, 516, 1
448, 516, 1
449, 516, 1
468, 516, 1
474, 516, 1
481, 516, 1
485, 516, 1
0, 0, 1
1, 0, 1
387, 0, 1
4, 0, 1
6, 0, 1
263, 0, 1
1308, 0, 1
1057, 0, 1
291, 0, 1
1315, 0, 1
805, 0, 1
1444, 0, 1
299, 0, 1
557, 0, 1
1325, 0, 1
823, 0, 1
705, 0, 1
1346, 0, 1
966, 0, 1
967, 0, 1
1351, 0, 1
1232, 0, 1
213, 0, 1
472, 0, 1
1242, 0, 1
1243, 0, 1
999, 0, 1
490, 0, 1
1391, 0, 1
499, 0, 1
1287, 1329, 1
1287, 1166, 1
1287, 1077, 1
1287, 516, 1
1287, 1365, 1
1036, 1408, 1
1287, 382, -1
1287, 348, -1
1287, 162, -1
1287, 640, -1
1287, 0, -1
1287, 6, -1
1287, 1, -1
1287, 472, -1
1287, 4, -1
1287, 1408, -1
1036, 382, -1
1036, 348, -1
1036, 162, -1
1036, 640, -1
1036, 1329, -1
1036, 1166, -1
1036, 1077, -1
1036, 516, -1
1036, 1365, -1
1036, 1287, -1
1036, 0, -1
1036, 6, -1
1036, 1, -1
1036, 472, -1
1036, 4, -1

1158, 162, 1
776, 162, 1
10, 162, 1
660, 162, 1
20, 162, 1
1172, 162, 1
1175, 162, 1
413, 162, 1
162, 162, 1
1065, 162, 1
1196, 162, 1
689, 162, 1
50, 162, 1
1091, 162, 1
1221, 162, 1
348, 162, 1
736, 162, 1
230, 162, 1
747, 162, 1
880, 162, 1
1011, 162, 1
1012, 162, 1
253, 162, 1
382, 162, 1
767, 162, 1
516, 516, 1
527, 516, 1
1041, 516, 1
541, 516, 1
544, 516, 1
1060, 516, 1
1064, 516, 1
43, 516, 1
1067, 516, 1
1077, 516, 1
569, 516, 1
1102, 516, 1
85, 516, 1
86, 516, 1
1111, 516, 1
1119, 516, 1
1120, 516, 1
95, 516, 1
1123, 516, 1
100, 516, 1
101, 516, 1
105, 516, 1
1130, 516, 1
111, 516, 1
124, 516, 1
638, 516, 1
1159, 516, 1
143, 516, 1
665, 516, 1
1183, 516, 1
1184, 516, 1
165, 516, 1
166, 516, 1
167, 516, 1
677, 516, 1
169, 516, 1
1193, 516, 1
171, 516, 1
685, 516, 1
1198, 516, 1
687, 516, 1
1202, 516, 1
709, 516, 1
199, 516, 1
1226, 516, 1
715, 516, 1
1228, 516, 1
730, 516, 1
221, 516, 1
742, 516, 1
232, 516, 1
746, 516, 1
749, 516, 1
248, 516, 1
249, 516, 1
1287, 516, 1
780, 516, 1
280, 516, 1
792, 516, 1
793, 516, 1
794, 516, 1
285, 516, 1
798, 516, 1
799, 516, 1
1312, 516, 1
801, 516, 1
802, 516, 1
296, 516, 1
1320, 516, 1
810, 516, 1
1329, 516, 1
314, 516, 1
316, 516, 1
320, 516, 1
1344, 516, 1
324, 516, 1
330, 516, 1
332, 516, 1
1360, 516, 1
1361, 516, 1
1362, 516, 1
340, 516, 1
1365, 516, 1
344, 516, 1
353, 516, 1
1377, 516, 1
1380, 516, 1
1381, 516, 1
1383, 516, 1
1385, 516, 1
1390, 516, 1
1394, 516, 1
1405, 516, 1
1407, 516, 1
1411, 516, 1
1417, 516, 1
1419, 516, 1
1433, 516, 1
410, 516, 1
414, 516, 1
1438, 516, 1
1445, 516, 1
431, 516, 1
442, 516, 1
443, 516, 1
444, 516, 1
445, 516, 1
446, 516, 1
447, 516, 1
448, 516, 1
449, 516, 1
468, 516, 1
469, 516, 1
473, 516, 1
474, 516, 1
481, 516, 1
485, 516, 1
507, 516, 1
0, 0, 1
1, 0, 1
387, 0, 1
4, 0, 1
6, 0, 1
263, 0, 1
1308, 0, 1
1057, 0, 1
291, 0, 1
1315, 0, 1
805, 0, 1
1444, 0, 1
299, 0, 1
557, 0, 1
1325, 0, 1
823, 0, 1
705, 0, 1
1346, 0, 1
966, 0, 1
967, 0, 1
1351, 0, 1
1232, 0, 1
213, 0, 1
472, 0, 1
1242, 0, 1
1243, 0, 1
999, 0, 1
490, 0, 1
1391, 0, 1
499, 0, 1
1408, 1036, 1
482, 1036, 1
1420, 1036, 1
1036, 1036, 1
1456, 1036, 1
1268, 1036, 1
1268, 1408, 1
1268, 1036, 1
1268, 482, 1
1268, 382, -1
1268, 348, -1
1268, 162, -1
1268, 640, -1
1268, 1329, -1
1268, 1166, -1
1268, 1077, -1
1268, 516, -1
1268, 1365, -1
1268, 1287, -1
1268, 324, -1
1268, 0, -1
1268, 6, -1
1268, 1, -1
1268, 472, -1
1268, 4, -1
292, 382, -1
292, 348, -1
292, 162, -1
292, 640, -1
292, 1329, -1
292, 1166, -1
292, 1077, -1
292, 516, -1
292, 1365, -1
292, 1287, -1
292, 324, -1
292, 0, -1
292, 6, -1
292, 1, -1
292, 472, -1
292, 4, -1
292, 1408, -1
292, 1036, -1
292, 482, -1
292, 1268, -1

1158, 162, 1
776, 162, 1
10, 162, 1
660, 162, 1
20, 162, 1
1172, 162, 1
1175, 162, 1
413, 162, 1
162, 162, 1
1065, 162, 1
1196, 162, 1
689, 162, 1
50, 162, 1
1091, 162, 1
1221, 162, 1
348, 162, 1
736, 162, 1
230, 162, 1
747, 162, 1
880, 162, 1
1011, 162, 1
1012, 162, 1
253, 162, 1
382, 162, 1
767, 162, 1
0, 0, 1
1, 0, 1
387, 0, 1
4, 0, 1
6, 0, 1
263, 0, 1
1308, 0, 1
1057, 0, 1
291, 0, 1
1315, 0, 1
805, 0, 1
1444, 0, 1
299, 0, 1
557, 0, 1
1325, 0, 1
823, 0, 1
705, 0, 1
1346, 0, 1
966, 0, 1
967, 0, 1
1351, 0, 1
1232, 0, 1
1234, 0, 1
213, 0, 1
472, 0, 1
1242, 0, 1
1243, 0, 1
222, 0, 1
999, 0, 1
490, 0, 1
499, 0, 1
516, 324, 1
1287, 324, 1
1159, 324, 1
780, 324, 1
913, 324, 1
792, 324, 1
280, 324, 1
793, 324, 1
794, 324, 1
541, 324, 1
414, 324, 1
798, 324, 1
544, 324, 1
801, 324, 1
802, 324, 1
799, 324, 1
677, 324, 1
1445, 324, 1
169, 324, 1
810, 324, 1
1067, 324, 1
1193, 324, 1
685, 324, 1
1329, 324, 1
1077, 324, 1
316, 324, 1
1344, 324, 1
449, 324, 1
324, 324, 1
199, 324, 1
1226, 324, 1
332, 324, 1
1360, 324, 1
468, 324, 1
469, 324, 1
1365, 324, 1
473, 324, 1
474, 324, 1
353, 324, 1
481, 324, 1
1377, 324, 1
1380, 324, 1
1381, 324, 1
742, 324, 1
1383, 324, 1
232, 324, 1
1130, 324, 1
1390, 324, 1
1394, 324, 1
254, 324, 1
638, 324, 1
1151, 324, 1
1408, 482, 1
98, 482, 1
482, 482, 1
483, 482, 1
233, 482, 1
1354, 482, 1
1386, 482, 1
492, 482, 1
1036, 482, 1
1420, 482, 1
218, 482, 1
1456, 482, 1
305, 482, 1
1267, 482, 1
1268, 482, 1
1207, 482, 1
1208, 482, 1
634, 482, 1
488, 382, -1
488, 348, -1
488, 162, -1
488, 640, -1
488, 1329, -1
488, 1166, -1
488, 1077, -1
488, 516, -1
488, 1365, -1
488, 1287, -1
488, 324, -1
488, 0, -1
488, 6, -1
488, 1, -1
488, 472, -1
488, 4, -1
488, 1408, -1
488, 1036, -1
488, 482, -1
488, 1268, -1
488, 292, -1

0, 0, 1
1, 0, 1
2, 0, 1
4, 0, 1
6, 0, 1
1033, 0, 1
524, 0, 1
14, 0, 1
526, 0, 1
1051, 0, 1
28, 0, 1
1054, 0, 1
1057, 0, 1
557, 0, 1
48, 0, 1
1072, 0, 1
54, 0, 1
56, 0, 1
570, 0, 1
572, 0, 1
1086, 0, 1
576, 0, 1
1099, 0, 1
588, 0, 1
99, 0, 1
617, 0, 1
619, 0, 1
1131, 0, 1
130, 0, 1
646, 0, 1
1160, 0, 1
666, 0, 1
172, 0, 1
1205, 0, 1
184, 0, 1
188, 0, 1
1212, 0, 1
714, 0, 1
1227, 0, 1
204, 0, 1
1232, 0, 1
1234, 0, 1
213, 0, 1
1243, 0, 1
225, 0, 1
737, 0, 1
1269, 0, 1
1270, 0, 1
1284, 0, 1
262, 0, 1
790, 0, 1
795, 0, 1
288, 0, 1
293, 0, 1
294, 0, 1
295, 0, 1
299, 0, 1
300, 0, 1
301, 0, 1
813, 0, 1
1326, 0, 1
308, 0, 1
822, 0, 1
311, 0, 1
823, 0, 1
1337, 0, 1
315, 0, 1
1341, 0, 1
830, 0, 1
1343, 0, 1
1349, 0, 1
331, 0, 1
343, 0, 1
866, 0, 1
868, 0, 1
366, 0, 1
887, 0, 1
378, 0, 1
1402, 0, 1
896, 0, 1
385, 0, 1
386, 0, 1
897, 0, 1
901, 0, 1
1414, 0, 1
909, 0, 1
1444, 0, 1
938, 0, 1
428, 0, 1
945, 0, 1
1475, 0, 1
1476, 0, 1
1481, 0, 1
1483, 0, 1
461, 0, 1
978, 0, 1
471, 0, 1
472, 0, 1
477, 0, 1
997, 0, 1
999, 0, 1
162, 162, 1
382, 162, 1
516, 324, 1
1287, 324, 1
1159, 324, 1
780, 324, 1
913, 324, 1
147, 324, 1
792, 324, 1
280, 324, 1
793, 324, 1
154, 324, 1
794, 324, 1
541, 324, 1
414, 324, 1
798, 324, 1
544, 324, 1
801, 324, 1
802, 324, 1
799, 324, 1
421, 324, 1
677, 324, 1
169, 324, 1
1193, 324, 1
1067, 324, 1
685, 324, 1
303, 324, 1
944, 324, 1
1329, 324, 1
1077, 324, 1
316, 324, 1
1469, 324, 1
1344, 324, 1
449, 324, 1
324, 324, 1
199, 324, 1
1226, 324, 1
332, 324, 1
462, 324, 1
1360, 324, 1
468, 324, 1
469, 324, 1
1365, 324, 1
473, 324, 1
474, 324, 1
1370, 324, 1
353, 324, 1
1377, 324, 1
1380, 324, 1
1381, 324, 1
358, 324, 1
742, 324, 1
232, 324, 1
1383, 324, 1
1130, 324, 1
1390, 324, 1
1394, 324, 1
254, 324, 1
638, 324, 1
1151, 324, 1
1408, 482, 1
98, 482, 1
482, 482, 1
483, 482, 1
233, 482, 1
1354, 482, 1
1386, 482, 1
492, 482, 1
1036, 482, 1
1420, 482, 1
218, 482, 1
1456, 482, 1
305, 482, 1
1267, 482, 1
1268, 482, 1
1207, 482, 1
1208, 482, 1
634, 482, 1
1382, 640, 1
1382, 382, -1
1382, 348, -1
1382, 162, -1
1382, 1329, -1
1382, 1166, -1
1382, 1077, -1
1382, 516, -1
1382, 1365, -1
1382, 1287, -1
1382, 324, -1
1382, 801, -1
1382, 0, -1
1382, 6, -1
1382, 1, -1
1382, 472, -1
1382, 4, -1
1382, 1408, -1
1382, 1036, -1
1382, 482, -1
1382, 1268, -1
1382, 292, -1
1382, 488, -1

1158, 162, 1
776, 162, 1
10, 162, 1
660, 162, 1
20, 162, 1
1172, 162, 1
1175, 162, 1
413, 162, 1
162, 162, 1
1065, 162, 1
1196, 162, 1
689, 162, 1
50, 162, 1
1091, 162, 1
1221, 162, 1
348, 162, 1
736, 162, 1
230, 162, 1
747, 162, 1
880, 162, 1
1011, 162, 1
1012, 162, 1
253, 162, 1
382, 162, 1
767, 162, 1
0, 0, 1
1, 0, 1
387, 0, 1
4, 0, 1
6, 0, 1
263, 0, 1
1308, 0, 1
1057, 0, 1
291, 0, 1
1315, 0, 1
805, 0, 1
1444, 0, 1
299, 0, 1
557, 0, 1
1325, 0, 1
823, 0, 1
705, 0, 1
1346, 0, 1
966, 0, 1
967, 0, 1
1351, 0, 1
1232, 0, 1
1234, 0, 1
213, 0, 1
472, 0, 1
1242, 0, 1
1243, 0, 1
222, 0, 1
999, 0, 1
490, 0, 1
499, 0, 1
516, 324, 1
1287, 324, 1
1159, 324, 1
638, 324, 1
780, 324, 1
913, 324, 1
792, 324, 1
280, 324, 1
793, 324, 1
794, 324, 1
541, 324, 1
798, 324, 1
414, 324, 1
544, 324, 1
801, 324, 1
802, 324, 1
799, 324, 1
677, 324, 1
169, 324, 1
1193, 324, 1
1067, 324, 1
685, 324, 1
1329, 324, 1
1077, 324, 1
316, 324, 1
1344, 324, 1
449, 324, 1
324, 324, 1
199, 324, 1
1226, 324, 1
332, 324, 1
1360, 324, 1
468, 324, 1
469, 324, 1
1365, 324, 1
473, 324, 1
474, 324, 1
353, 324, 1
1377, 324, 1
1380, 324, 1
1381, 324, 1
742, 324, 1
1383, 324, 1
232, 324, 1
1130, 324, 1
1390, 324, 1
1394, 324, 1
254, 324, 1
1151, 324, 1
1408, 482, 1
98, 482, 1
482, 482, 1
483, 482, 1
233, 482, 1
1354, 482, 1
1386, 482, 1
492, 482, 1
1036, 482, 1
1420, 482, 1
218, 482, 1
1456, 482, 1
305, 482, 1
1267, 482, 1
1268, 482, 1
1207, 482, 1
1208, 482, 1
634, 482, 1
1085, 1408, 1
1085, 1036, 1
1085, 482, 1
1085, 1268, 1
1085, 382, -1
1085, 348, -1
1085, 162, -1
1085, 640, -1
1085, 1382, -1
1085, 1329, -1
1085, 1166, -1
1085, 1077, -1
1085, 516, -1
1085, 1365, -1
1085, 1287, -1
1085, 324, -1
1085, 801, -1
1085, 1377, -1
1085, 0, -1
1085, 6, -1
1085, 1, -1
1085, 472, -1
1085, 4, -1
1085, 292, -1
1085, 488, -1

1158, 162, 1
776, 162, 1
10, 162, 1
660, 162, 1
20, 162, 1
1172, 162, 1
1175, 162, 1
413, 162, 1
162, 162, 1
1065, 162, 1
1196, 162, 1
689, 162, 1
50, 162, 1
1091, 162, 1
1221, 162, 1
348, 162, 1
736, 162, 1
230, 162, 1
747, 162, 1
880, 162, 1
1011, 162, 1
1012, 162, 1
253, 162, 1
382, 162, 1
767, 162, 1
0, 0, 1
1, 0, 1
387, 0, 1
4, 0, 1
6, 0, 1
263, 0, 1
1308, 0, 1
1057, 0, 1
291, 0, 1
1444, 0, 1
805, 0, 1
299, 0, 1
557, 0, 1
1325, 0, 1
823, 0, 1
705, 0, 1
1346, 0, 1
966, 0, 1
967, 0, 1
1351, 0, 1
1232, 0, 1
1234, 0, 1
213, 0, 1
472, 0, 1
1242, 0, 1
1243, 0, 1
222, 0, 1
999, 0, 1
490, 0, 1
499, 0, 1
516, 324, 1
1287, 324, 1
1159, 324, 1
638, 324, 1
780, 324, 1
913, 324, 1
792, 324, 1
280, 324, 1
793, 324, 1
794, 324, 1
541, 324, 1
798, 324, 1
414, 324, 1
544, 324, 1
801, 324, 1
802, 324, 1
799, 324, 1
677, 324, 1
169, 324, 1
1193, 324, 1
1067, 324, 1
685, 324, 1
1329, 324, 1
1077, 324, 1
316, 324, 1
1344, 324, 1
449, 324, 1
324, 324, 1
199, 324, 1
1226, 324, 1
332, 324, 1
1360, 324, 1
468, 324, 1
469, 324, 1
1365, 324, 1
473, 324, 1
474, 324, 1
353, 324, 1
1377, 324, 1
1380, 324, 1
1381, 324, 1
742, 324, 1
1383, 324, 1
232, 324, 1
1130, 324, 1
1390, 324, 1
1394, 324, 1
254, 324, 1
1151, 324, 1
1408, 482, 1
1420, 482, 1
1036, 482, 1
1436, 482, 1
1195, 482, 1
1456, 482, 1
305, 482, 1
1207, 482, 1
1208, 482, 1
1085, 482, 1
190, 482, 1
1354, 482, 1
1363, 482, 1
218, 482, 1
98, 482, 1
482, 482, 1
483, 482, 1
233, 482, 1
1386, 482, 1
492, 482, 1
1267, 482, 1
1268, 482, 1
634, 482, 1
1145, 382, -1
1145, 348, -1
1145, 162, -1
1145, 640, -1
1145, 1382, -1
1145, 1329, -1
1145, 1166, -1
1145, 1077, -1
1145, 516, -1
1145, 1365, -1
1145, 1287, -1
1145, 324, -1
1145, 801, -1
1145, 1377, -1
1145, 780, -1
1145, 0, -1
1145, 6, -1
1145, 1, -1
1145, 472, -1
1145, 4, -1
1145, 1408, -1
1145, 1036, -1
1145, 482, -1
1145, 1268, -1
1145, 1085, -1
1145, 292, -1
1145, 488, -1

0, 0, 1
1, 0, 1
4, 0, 1
6, 0, 1
1033, 0, 1
524, 0, 1
14, 0, 1
526, 0, 1
1051, 0, 1
28, 0, 1
1054, 0, 1
1057, 0, 1
557, 0, 1
48, 0, 1
1072, 0, 1
54, 0, 1
56, 0, 1
570, 0, 1
572, 0, 1
1086, 0, 1
576, 0, 1
1099, 0, 1
588, 0, 1
99, 0, 1
617, 0, 1
619, 0, 1
1131, 0, 1
130, 0, 1
646, 0, 1
1160, 0, 1
666, 0, 1
172, 0, 1
184, 0, 1
188, 0, 1
1212, 0, 1
714, 0, 1
1227, 0, 1
204, 0, 1
1232, 0, 1
1234, 0, 1
213, 0, 1
1243, 0, 1
225, 0, 1
737, 0, 1
1269, 0, 1
1284, 0, 1
262, 0, 1
790, 0, 1
795, 0, 1
288, 0, 1
293, 0, 1
295, 0, 1
299, 0, 1
300, 0, 1
301, 0, 1
813, 0, 1
1326, 0, 1
308, 0, 1
822, 0, 1
823, 0, 1
1337, 0, 1
315, 0, 1
1341, 0, 1
830, 0, 1
1343, 0, 1
1349, 0, 1
331, 0, 1
343, 0, 1
866, 0, 1
868, 0, 1
366, 0, 1
887, 0, 1
1402, 0, 1
378, 0, 1
896, 0, 1
385, 0, 1
386, 0, 1
897, 0, 1
901, 0, 1
1414, 0, 1
909, 0, 1
1444, 0, 1
938, 0, 1
428, 0, 1
945, 0, 1
1475, 0, 1
1476, 0, 1
1481, 0, 1
1483, 0, 1
461, 0, 1
471, 0, 1
472, 0, 1
477, 0, 1
997, 0, 1
999, 0, 1
162, 162, 1
382, 162, 1
516, 324, 1
1287, 324, 1
1159, 324, 1
780, 324, 1
913, 324, 1
792, 324, 1
280, 324, 1
793, 324, 1
154, 324, 1
794, 324, 1
541, 324, 1
414, 324, 1
798, 324, 1
544, 324, 1
801, 324, 1
802, 324, 1
799, 324, 1
677, 324, 1
169, 324, 1
1193, 324, 1
1067, 324, 1
685, 324, 1
1329, 324, 1
1077, 324, 1
316, 324, 1
1344, 324, 1
449, 324, 1
324, 324, 1
199, 324, 1
1226, 324, 1
332, 324, 1
1360, 324, 1
468, 324, 1
469, 324, 1
1365, 324, 1
473, 324, 1
474, 324, 1
353, 324, 1
1377, 324, 1
1380, 324, 1
1381, 324, 1
742, 324, 1
1383, 324, 1
232, 324, 1
1130, 324, 1
1390, 324, 1
1394, 324, 1
254, 324, 1
638, 324, 1
1151, 324, 1
1408, 482, 1
1420, 482, 1
1036, 482, 1
1436, 482, 1
1195, 482, 1
1456, 482, 1
305, 482, 1
1207, 482, 1
1208, 482, 1
1085, 482, 1
190, 482, 1
1354, 482, 1
1363, 482, 1
218, 482, 1
98, 482, 1
482, 482, 1
483, 482, 1
233, 482, 1
1386, 482, 1
492, 482, 1
1267, 482, 1
1268, 482, 1
634, 482, 1
333, 1408, 1
333, 1036, 1
333, 482, 1
333, 1268, 1
333, 1085, 1
333, 382, -1
333, 348, -1
333, 162, -1
333, 640, -1
333, 1382, -1
333, 1329, -1
333, 1166, -1
333, 1077, -1
333, 516, -1
333, 1365, -1
333, 1287, -1
333, 324, -1
333, 801, -1
333, 1377, -1
333, 780, -1
333, 1383, -1
333, 0, -1
333, 6, -1
333, 1, -1
333, 472, -1
333, 4, -1
333, 292, -1
333, 488, -1
333, 1145, -1

