1201, 553, 1
1201, 841, 1
553, 1201, 1
553, 841, 1
841, 1201, 1
841, 553, 1
1201, 989, -1
553, 989, -1
841, 989, -1
1201, 720, -1
553, 720, -1
841, 720, -1
1201, 31, -1
553, 31, -1
841, 31, -1
989, 1201, -1
989, 553, -1
989, 841, -1
989, 720, -1
989, 31, -1
720, 1201, -1
720, 553, -1
720, 841, -1
720, 989, -1
720, 31, -1
31, 1201, -1
31, 553, -1
31, 841, -1
31, 989, -1
31, 720, -1

1201, 553, 1
1201, 841, 1
1201, 1109, 1
553, 1201, 1
553, 841, 1
553, 1109, 1
841, 1201, 1
841, 553, 1
841, 1109, 1
1109, 1201, 1
1109, 553, 1
1109, 841, 1
31, 1039, 1
1039, 31, 1
1201, 989, -1
553, 989, -1
841, 989, -1
1109, 989, -1
1201, 720, -1
553, 720, -1
841, 720, -1
1109, 720, -1
1201, 31, -1
1201, 1039, -1
553, 31, -1
553, 1039, -1
841, 31, -1
841, 1039, -1
1109, 31, -1
1109, 1039, -1
1201, 488, -1
553, 488, -1
841, 488, -1
1109, 488, -1
989, 1201, -1
989, 553, -1
989, 841, -1
989, 1109, -1
989, 720, -1
989, 31, -1
989, 1039, -1
989, 488, -1
720, 1201, -1
720, 553, -1
720, 841, -1
720, 1109, -1
720, 989, -1
720, 31, -1
720, 1039, -1
720, 488, -1
31, 1201, -1
31, 553, -1
31, 841, -1
31, 1109, -1
1039, 1201, -1
1039, 553, -1
1039, 841, -1
1039, 1109, -1
31, 989, -1
1039, 989, -1
31, 720, -1
1039, 720, -1
31, 488, -1
1039, 488, -1
488, 1201, -1
488, 553, -1
488, 841, -1
488, 1109, -1
488, 989, -1
488, 720, -1
488, 31, -1
488, 1039, -1

1201, 553, 1
1201, 841, 1
1201, 1109, 1
553, 1201, 1
553, 841, 1
553, 1109, 1
841, 1201, 1
841, 553, 1
841, 1109, 1
1109, 1201, 1
1109, 553, 1
1109, 841, 1
31, 1039, 1
1039, 31, 1
1201, 989, -1
553, 989, -1
841, 989, -1
1109, 989, -1
1201, 720, -1
553, 720, -1
841, 720, -1
1109, 720, -1
1201, 31, -1
1201, 1039, -1
553, 31, -1
553, 1039, -1
841, 31, -1
841, 1039, -1
1109, 31, -1
1109, 1039, -1
1201, 488, -1
553, 488, -1
841, 488, -1
1109, 488, -1
1201, 470, -1
553, 470, -1
841, 470, -1
1109, 470, -1
989, 1201, -1
989, 553, -1
989, 841, -1
989, 1109, -1
989, 720, -1
989, 31, -1
989, 1039, -1
989, 488, -1
989, 470, -1
720, 1201, -1
720, 553, -1
720, 841, -1
720, 1109, -1
720, 989, -1
720, 31, -1
720, 1039, -1
720, 488, -1
720, 470, -1
31, 1201, -1
31, 553, -1
31, 841, -1
31, 1109, -1
1039, 1201, -1
1039, 553, -1
1039, 841, -1
1039, 1109, -1
31, 989, -1
1039, 989, -1
31, 720, -1
1039, 720, -1
31, 488, -1
1039, 488, -1
31, 470, -1
1039, 470, -1
488, 1201, -1
488, 553, -1
488, 841, -1
488, 1109, -1
488, 989, -1
488, 720, -1
488, 31, -1
488, 1039, -1
488, 470, -1
470, 1201, -1
470, 553, -1
470, 841, -1
470, 1109, -1
470, 989, -1
470, 720, -1
470, 31, -1
470, 1039, -1
470, 488, -1

1201, 553, 1
1201, 841, 1
1201, 1109, 1
553, 1201, 1
553, 841, 1
553, 1109, 1
841, 1201, 1
841, 553, 1
841, 1109, 1
1109, 1201, 1
1109, 553, 1
1109, 841, 1
31, 1039, 1
31, 1332, 1
1039, 31, 1
1039, 1332, 1
1332, 31, 1
1332, 1039, 1
1201, 989, -1
553, 989, -1
841, 989, -1
1109, 989, -1
1201, 720, -1
553, 720, -1
841, 720, -1
1109, 720, -1
1201, 31, -1
1201, 1039, -1
1201, 1332, -1
553, 31, -1
553, 1039, -1
553, 1332, -1
841, 31, -1
841, 1039, -1
841, 1332, -1
1109, 31, -1
1109, 1039, -1
1109, 1332, -1
1201, 488, -1
553, 488, -1
841, 488, -1
1109, 488, -1
1201, 470, -1
553, 470, -1
841, 470, -1
1109, 470, -1
1201, 796, -1
553, 796, -1
841, 796, -1
1109, 796, -1
989, 1201, -1
989, 553, -1
989, 841, -1
989, 1109, -1
989, 720, -1
989, 31, -1
989, 1039, -1
989, 1332, -1
989, 488, -1
989, 470, -1
989, 796, -1
720, 1201, -1
720, 553, -1
720, 841, -1
720, 1109, -1
720, 989, -1
720, 31, -1
720, 1039, -1
720, 1332, -1
720, 488, -1
720, 470, -1
720, 796, -1
31, 1201, -1
31, 553, -1
31, 841, -1
31, 1109, -1
1039, 1201, -1
1039, 553, -1
1039, 841, -1
1039, 1109, -1
1332, 1201, -1
1332, 553, -1
1332, 841, -1
1332, 1109, -1
31, 989, -1
1039, 989, -1
1332, 989, -1
31, 720, -1
1039, 720, -1
1332, 720, -1
31, 488, -1
1039, 488, -1
1332, 488, -1
31, 470, -1
1039, 470, -1
1332, 470, -1
31, 796, -1
1039, 796, -1
1332, 796, -1
488, 1201, -1
488, 553, -1
488, 841, -1
488, 1109, -1
488, 989, -1
488, 720, -1
488, 31, -1
488, 1039, -1
488, 1332, -1
488, 470, -1
488, 796, -1
470, 1201, -1
470, 553, -1
470, 841, -1
470, 1109, -1
470, 989, -1
470, 720, -1
470, 31, -1
470, 1039, -1
470, 1332, -1
470, 488, -1
470, 796, -1
796, 1201, -1
796, 553, -1
796, 841, -1
796, 1109, -1
796, 989, -1
796, 720, -1
796, 31, -1
796, 1039, -1
796, 1332, -1
796, 488, -1
796, 470, -1

1201, 553, 1
1201, 841, 1
1201, 1109, 1
1201, 1252, 1
553, 1201, 1
553, 841, 1
553, 1109, 1
553, 1252, 1
841, 1201, 1
841, 553, 1
841, 1109, 1
841, 1252, 1
1109, 1201, 1
1109, 553, 1
1109, 841, 1
1109, 1252, 1
1252, 1201, 1
1252, 553, 1
1252, 841, 1
1252, 1109, 1
31, 1039, 1
31, 1332, 1
1039, 31, 1
1039, 1332, 1
1332, 31, 1
1332, 1039, 1
1201, 989, -1
553, 989, -1
841, 989, -1
1109, 989, -1
1252, 989, -1
1201, 720, -1
553, 720, -1
841, 720, -1
1109, 720, -1
1252, 720, -1
1201, 31, -1
1201, 1039, -1
1201, 1332, -1
553, 31, -1
553, 1039, -1
553, 1332, -1
841, 31, -1
841, 1039, -1
841, 1332, -1
1109, 31, -1
1109, 1039, -1
1109, 1332, -1
1252, 31, -1
1252, 1039, -1
1252, 1332, -1
1201, 488, -1
553, 488, -1
841, 488, -1
1109, 488, -1
1252, 488, -1
1201, 470, -1
553, 470, -1
841, 470, -1
1109, 470, -1
1252, 470, -1
1201, 796, -1
553, 796, -1
841, 796, -1
1109, 796, -1
1252, 796, -1
1201, 85, -1
553, 85, -1
841, 85, -1
1109, 85, -1
1252, 85, -1
989, 1201, -1
989, 553, -1
989, 841, -1
989, 1109, -1
989, 1252, -1
989, 720, -1
989, 31, -1
989, 1039, -1
989, 1332, -1
989, 488, -1
989, 470, -1
989, 796, -1
989, 85, -1
720, 1201, -1
720, 553, -1
720, 841, -1
720, 1109, -1
720, 1252, -1
720, 989, -1
720, 31, -1
720, 1039, -1
720, 1332, -1
720, 488, -1
720, 470, -1
720, 796, -1
720, 85, -1
31, 1201, -1
31, 553, -1
31, 841, -1
31, 1109, -1
31, 1252, -1
1039, 1201, -1
1039, 553, -1
1039, 841, -1
1039, 1109, -1
1039, 1252, -1
1332, 1201, -1
1332, 553, -1
1332, 841, -1
1332, 1109, -1
1332, 1252, -1
31, 989, -1
1039, 989, -1
1332, 989, -1
31, 720, -1
1039, 720, -1
1332, 720, -1
31, 488, -1
1039, 488, -1
1332, 488, -1
31, 470, -1
1039, 470, -1
1332, 470, -1
31, 796, -1
1039, 796, -1
1332, 796, -1
31, 85, -1
1039, 85, -1
1332, 85, -1
488, 1201, -1
488, 553, -1
488, 841, -1
488, 1109, -1
488, 1252, -1
488, 989, -1
488, 720, -1
488, 31, -1
488, 1039, -1
488, 1332, -1
488, 470, -1
488, 796, -1
488, 85, -1
470, 1201, -1
470, 553, -1
470, 841, -1
470, 1109, -1
470, 1252, -1
470, 989, -1
470, 720, -1
470, 31, -1
470, 1039, -1
470, 1332, -1
470, 488, -1
470, 796, -1
470, 85, -1
796, 1201, -1
796, 553, -1
796, 841, -1
796, 1109, -1
796, 1252, -1
796, 989, -1
796, 720, -1
796, 31, -1
796, 1039, -1
796, 1332, -1
796, 488, -1
796, 470, -1
796, 85, -1
85, 1201, -1
85, 553, -1
85, 841, -1
85, 1109, -1
85, 1252, -1
85, 989, -1
85, 720, -1
85, 31, -1
85, 1039, -1
85, 1332, -1
85, 488, -1
85, 470, -1
85, 796, -1

1201, 553, 1
1201, 841, 1
1201, 1109, 1
1201, 1252, 1
553, 1201, 1
553, 841, 1
553, 1109, 1
553, 1252, 1
841, 1201, 1
841, 553, 1
841, 1109, 1
841, 1252, 1
1109, 1201, 1
1109, 553, 1
1109, 841, 1
1109, 1252, 1
1252, 1201, 1
1252, 553, 1
1252, 841, 1
1252, 1109, 1
989, 500, 1
500, 989, 1
31, 1039, 1
31, 1332, 1
31, 463, 1
31, 84, 1
1039, 31, 1
1039, 1332, 1
1039, 463, 1
1039, 84, 1
1332, 31, 1
1332, 1039, 1
1332, 463, 1
1332, 84, 1
463, 31, 1
463, 1039, 1
463, 1332, 1
463, 84, 1
84, 31, 1
84, 1039, 1
84, 1332, 1
84, 463, 1
1201, 989, -1
1201, 500, -1
553, 989, -1
553, 500, -1
841, 989, -1
841, 500, -1
1109, 989, -1
1109, 500, -1
1252, 989, -1
1252, 500, -1
1201, 720, -1
553, 720, -1
841, 720, -1
1109, 720, -1
1252, 720, -1
1201, 31, -1
1201, 1039, -1
1201, 1332, -1
1201, 463, -1
1201, 84, -1
553, 31, -1
553, 1039, -1
553, 1332, -1
553, 463, -1
553, 84, -1
841, 31, -1
841, 1039, -1
841, 1332, -1
841, 463, -1
841, 84, -1
1109, 31, -1
1109, 1039, -1
1109, 1332, -1
1109, 463, -1
1109, 84, -1
1252, 31, -1
1252, 1039, -1
1252, 1332, -1
1252, 463, -1
1252, 84, -1
1201, 488, -1
553, 488, -1
841, 488, -1
1109, 488, -1
1252, 488, -1
1201, 470, -1
553, 470, -1
841, 470, -1
1109, 470, -1
1252, 470, -1
1201, 796, -1
553, 796, -1
841, 796, -1
1109, 796, -1
1252, 796, -1
1201, 85, -1
553, 85, -1
841, 85, -1
1109, 85, -1
1252, 85, -1
989, 1201, -1
989, 553, -1
989, 841, -1
989, 1109, -1
989, 1252, -1
500, 1201, -1
500, 553, -1
500, 841, -1
500, 1109, -1
500, 1252, -1
989, 720, -1
500, 720, -1
989, 31, -1
989, 1039, -1
989, 1332, -1
989, 463, -1
989, 84, -1
500, 31, -1
500, 1039, -1
500, 1332, -1
500, 463, -1
500, 84, -1
989, 488, -1
500, 488, -1
989, 470, -1
500, 470, -1
989, 796, -1
500, 796, -1
989, 85, -1
500, 85, -1
720, 1201, -1
720, 553, -1
720, 841, -1
720, 1109, -1
720, 1252, -1
720, 989, -1
720, 500, -1
720, 31, -1
720, 1039, -1
720, 1332, -1
720, 463, -1
720, 84, -1
720, 488, -1
720, 470, -1
720, 796, -1
720, 85, -1
31, 1201, -1
31, 553, -1
31, 841, -1
31, 1109, -1
31, 1252, -1
1039, 1201, -1
1039, 553, -1
1039, 841, -1
1039, 1109, -1
1039, 1252, -1
1332, 1201, -1
1332, 553, -1
1332, 841, -1
1332, 1109, -1
1332, 1252, -1
463, 1201, -1
463, 553, -1
463, 841, -1
463, 1109, -1
463, 1252, -1
84, 1201, -1
84, 553, -1
84, 841, -1
84, 1109, -1
84, 1252, -1
31, 989, -1
31, 500, -1
1039, 989, -1
1039, 500, -1
1332, 989, -1
1332, 500, -1
463, 989, -1
463, 500, -1
84, 989, -1
84, 500, -1
31, 720, -1
1039, 720, -1
1332, 720, -1
463, 720, -1
84, 720, -1
31, 488, -1
1039, 488, -1
1332, 488, -1
463, 488, -1
84, 488, -1
31, 470, -1
1039, 470, -1
1332, 470, -1
463, 470, -1
84, 470, -1
31, 796, -1
1039, 796, -1
1332, 796, -1
463, 796, -1
84, 796, -1
31, 85, -1
1039, 85, -1
1332, 85, -1
463, 85, -1
84, 85, -1
488, 1201, -1
488, 553, -1
488, 841, -1
488, 1109, -1
488, 1252, -1
488, 989, -1
488, 500, -1
488, 720, -1
488, 31, -1
488, 1039, -1
488, 1332, -1
488, 463, -1
488, 84, -1
488, 470, -1
488, 796, -1
488, 85, -1
470, 1201, -1
470, 553, -1
470, 841, -1
470, 1109, -1
470, 1252, -1
470, 989, -1
470, 500, -1
470, 720, -1
470, 31, -1
470, 1039, -1
470, 1332, -1
470, 463, -1
470, 84, -1
470, 488, -1
470, 796, -1
470, 85, -1
796, 1201, -1
796, 553, -1
796, 841, -1
796, 1109, -1
796, 1252, -1
796, 989, -1
796, 500, -1
796, 720, -1
796, 31, -1
796, 1039, -1
796, 1332, -1
796, 463, -1
796, 84, -1
796, 488, -1
796, 470, -1
796, 85, -1
85, 1201, -1
85, 553, -1
85, 841, -1
85, 1109, -1
85, 1252, -1
85, 989, -1
85, 500, -1
85, 720, -1
85, 31, -1
85, 1039, -1
85, 1332, -1
85, 463, -1
85, 84, -1
85, 488, -1
85, 470, -1
85, 796, -1

1201, 553, 1
1201, 841, 1
1201, 1109, 1
1201, 1252, 1
1201, 707, 1
553, 1201, 1
553, 841, 1
553, 1109, 1
553, 1252, 1
553, 707, 1
841, 1201, 1
841, 553, 1
841, 1109, 1
841, 1252, 1
841, 707, 1
1109, 1201, 1
1109, 553, 1
1109, 841, 1
1109, 1252, 1
1109, 707, 1
1252, 1201, 1
1252, 553, 1
1252, 841, 1
1252, 1109, 1
1252, 707, 1
707, 1201, 1
707, 553, 1
707, 841, 1
707, 1109, 1
707, 1252, 1
989, 500, 1
989, 1000, 1
500, 989, 1
500, 1000, 1
1000, 989, 1
1000, 500, 1
720, 110, 1
110, 720, 1
31, 1039, 1
31, 1332, 1
31, 463, 1
31, 84, 1
31, 1357, 1
1039, 31, 1
1039, 1332, 1
1039, 463, 1
1039, 84, 1
1039, 1357, 1
1332, 31, 1
1332, 1039, 1
1332, 463, 1
1332, 84, 1
1332, 1357, 1
463, 31, 1
463, 1039, 1
463, 1332, 1
463, 84, 1
463, 1357, 1
84, 31, 1
84, 1039, 1
84, 1332, 1
84, 463, 1
84, 1357, 1
1357, 31, 1
1357, 1039, 1
1357, 1332, 1
1357, 463, 1
1357, 84, 1
1201, 989, -1
1201, 500, -1
1201, 1000, -1
553, 989, -1
553, 500, -1
553, 1000, -1
841, 989, -1
841, 500, -1
841, 1000, -1
1109, 989, -1
1109, 500, -1
1109, 1000, -1
1252, 989, -1
1252, 500, -1
1252, 1000, -1
707, 989, -1
707, 500, -1
707, 1000, -1
1201, 720, -1
1201, 110, -1
553, 720, -1
553, 110, -1
841, 720, -1
841, 110, -1
1109, 720, -1
1109, 110, -1
1252, 720, -1
1252, 110, -1
707, 720, -1
707, 110, -1
1201, 31, -1
1201, 1039, -1
1201, 1332, -1
1201, 463, -1
1201, 84, -1
1201, 1357, -1
553, 31, -1
553, 1039, -1
553, 1332, -1
553, 463, -1
553, 84, -1
553, 1357, -1
841, 31, -1
841, 1039, -1
841, 1332, -1
841, 463, -1
841, 84, -1
841, 1357, -1
1109, 31, -1
1109, 1039, -1
1109, 1332, -1
1109, 463, -1
1109, 84, -1
1109, 1357, -1
1252, 31, -1
1252, 1039, -1
1252, 1332, -1
1252, 463, -1
1252, 84, -1
1252, 1357, -1
707, 31, -1
707, 1039, -1
707, 1332, -1
707, 463, -1
707, 84, -1
707, 1357, -1
1201, 488, -1
553, 488, -1
841, 488, -1
1109, 488, -1
1252, 488, -1
707, 488, -1
1201, 470, -1
553, 470, -1
841, 470, -1
1109, 470, -1
1252, 470, -1
707, 470, -1
1201, 796, -1
553, 796, -1
841, 796, -1
1109, 796, -1
1252, 796, -1
707, 796, -1
1201, 85, -1
553, 85, -1
841, 85, -1
1109, 85, -1
1252, 85, -1
707, 85, -1
989, 1201, -1
989, 553, -1
989, 841, -1
989, 1109, -1
989, 1252, -1
989, 707, -1
500, 1201, -1
500, 553, -1
500, 841, -1
500, 1109, -1
500, 1252, -1
500, 707, -1
1000, 1201, -1
1000, 553, -1
1000, 841, -1
1000, 1109, -1
1000, 1252, -1
1000, 707, -1
989, 720, -1
989, 110, -1
500, 720, -1
500, 110, -1
1000, 720, -1
1000, 110, -1
989, 31, -1
989, 1039, -1
989, 1332, -1
989, 463, -1
989, 84, -1
989, 1357, -1
500, 31, -1
500, 1039, -1
500, 1332, -1
500, 463, -1
500, 84, -1
500, 1357, -1
1000, 31, -1
1000, 1039, -1
1000, 1332, -1
1000, 463, -1
1000, 84, -1
1000, 1357, -1
989, 488, -1
500, 488, -1
1000, 488, -1
989, 470, -1
500, 470, -1
1000, 470, -1
989, 796, -1
500, 796, -1
1000, 796, -1
989, 85, -1
500, 85, -1
1000, 85, -1
720, 1201, -1
720, 553, -1
720, 841, -1
720, 1109, -1
720, 1252, -1
720, 707, -1
110, 1201, -1
110, 553, -1
110, 841, -1
110, 1109, -1
110, 1252, -1
110, 707, -1
720, 989, -1
720, 500, -1
720, 1000, -1
110, 989, -1
110, 500, -1
110, 1000, -1
720, 31, -1
720, 1039, -1
720, 1332, -1
720, 463, -1
720, 84, -1
720, 1357, -1
110, 31, -1
110, 1039, -1
110, 1332, -1
110, 463, -1
110, 84, -1
110, 1357, -1
720, 488, -1
110, 488, -1
720, 470, -1
110, 470, -1
720, 796, -1
110, 796, -1
720, 85, -1
110, 85, -1
31, 1201, -1
31, 553, -1
31, 841, -1
31, 1109, -1
31, 1252, -1
31, 707, -1
1039, 1201, -1
1039, 553, -1
1039, 841, -1
1039, 1109, -1
1039, 1252, -1
1039, 707, -1
1332, 1201, -1
1332, 553, -1
1332, 841, -1
1332, 1109, -1
1332, 1252, -1
1332, 707, -1
463, 1201, -1
463, 553, -1
463, 841, -1
463, 1109, -1
463, 1252, -1
463, 707, -1
84, 1201, -1
84, 553, -1
84, 841, -1
84, 1109, -1
84, 1252, -1
84, 707, -1
1357, 1201, -1
1357, 553, -1
1357, 841, -1
1357, 1109, -1
1357, 1252, -1
1357, 707, -1
31, 989, -1
31, 500, -1
31, 1000, -1
1039, 989, -1
1039, 500, -1
1039, 1000, -1
1332, 989, -1
1332, 500, -1
1332, 1000, -1
463, 989, -1
463, 500, -1
463, 1000, -1
84, 989, -1
84, 500, -1
84, 1000, -1
1357, 989, -1
1357, 500, -1
1357, 1000, -1
31, 720, -1
31, 110, -1
1039, 720, -1
1039, 110, -1
1332, 720, -1
1332, 110, -1
463, 720, -1
463, 110, -1
84, 720, -1
84, 110, -1
1357, 720, -1
1357, 110, -1
31, 488, -1
1039, 488, -1
1332, 488, -1
463, 488, -1
84, 488, -1
1357, 488, -1
31, 470, -1
1039, 470, -1
1332, 470, -1
463, 470, -1
84, 470, -1
1357, 470, -1
31, 796, -1
1039, 796, -1
1332, 796, -1
463, 796, -1
84, 796, -1
1357, 796, -1
31, 85, -1
1039, 85, -1
1332, 85, -1
463, 85, -1
84, 85, -1
1357, 85, -1
488, 1201, -1
488, 553, -1
488, 841, -1
488, 1109, -1
488, 1252, -1
488, 707, -1
488, 989, -1
488, 500, -1
488, 1000, -1
488, 720, -1
488, 110, -1
488, 31, -1
488, 1039, -1
488, 1332, -1
488, 463, -1
488, 84, -1
488, 1357, -1
488, 470, -1
488, 796, -1
488, 85, -1
470, 1201, -1
470, 553, -1
470, 841, -1
470, 1109, -1
470, 1252, -1
470, 707, -1
470, 989, -1
470, 500, -1
470, 1000, -1
470, 720, -1
470, 110, -1
470, 31, -1
470, 1039, -1
470, 1332, -1
470, 463, -1
470, 84, -1
470, 1357, -1
470, 488, -1
470, 796, -1
470, 85, -1
796, 1201, -1
796, 553, -1
796, 841, -1
796, 1109, -1
796, 1252, -1
796, 707, -1
796, 989, -1
796, 500, -1
796, 1000, -1
796, 720, -1
796, 110, -1
796, 31, -1
796, 1039, -1
796, 1332, -1
796, 463, -1
796, 84, -1
796, 1357, -1
796, 488, -1
796, 470, -1
796, 85, -1
85, 1201, -1
85, 553, -1
85, 841, -1
85, 1109, -1
85, 1252, -1
85, 707, -1
85, 989, -1
85, 500, -1
85, 1000, -1
85, 720, -1
85, 110, -1
85, 31, -1
85, 1039, -1
85, 1332, -1
85, 463, -1
85, 84, -1
85, 1357, -1
85, 488, -1
85, 470, -1
85, 796, -1

1201, 553, 1
1201, 841, 1
1201, 1109, 1
1201, 1252, 1
1201, 707, 1
1201, 1220, 1
1201, 1125, 1
1201, 114, 1
553, 1201, 1
553, 841, 1
553, 1109, 1
553, 1252, 1
553, 707, 1
553, 1220, 1
553, 1125, 1
553, 114, 1
841, 1201, 1
841, 553, 1
841, 1109, 1
841, 1252, 1
841, 707, 1
841, 1220, 1
841, 1125, 1
841, 114, 1
1109, 1201, 1
1109, 553, 1
1109, 841, 1
1109, 1252, 1
1109, 707, 1
1109, 1220, 1
1109, 1125, 1
1109, 114, 1
1252, 1201, 1
1252, 553, 1
1252, 841, 1
1252, 1109, 1
1252, 707, 1
1252, 1220, 1
1252, 1125, 1
1252, 114, 1
707, 1201, 1
707, 553, 1
707, 841, 1
707, 1109, 1
707, 1252, 1
707, 1220, 1
707, 1125, 1
707, 114, 1
1220, 1201, 1
1220, 553, 1
1220, 841, 1
1220, 1109, 1
1220, 1252, 1
1220, 707, 1
1220, 1125, 1
1220, 114, 1
1125, 1201, 1
1125, 553, 1
1125, 841, 1
1125, 1109, 1
1125, 1252, 1
1125, 707, 1
1125, 1220, 1
1125, 114, 1
114, 1201, 1
114, 553, 1
114, 841, 1
114, 1109, 1
114, 1252, 1
114, 707, 1
114, 1220, 1
114, 1125, 1
989, 500, 1
989, 1000, 1
989, 1216, 1
500, 989, 1
500, 1000, 1
500, 1216, 1
1000, 989, 1
1000, 500, 1
1000, 1216, 1
1216, 989, 1
1216, 500, 1
1216, 1000, 1
720, 110, 1
720, 1145, 1
110, 720, 1
110, 1145, 1
1145, 720, 1
1145, 110, 1
31, 1039, 1
31, 1332, 1
31, 463, 1
31, 84, 1
31, 1357, 1
1039, 31, 1
1039, 1332, 1
1039, 463, 1
1039, 84, 1
1039, 1357, 1
1332, 31, 1
1332, 1039, 1
1332, 463, 1
1332, 84, 1
1332, 1357, 1
463, 31, 1
463, 1039, 1
463, 1332, 1
463, 84, 1
463, 1357, 1
84, 31, 1
84, 1039, 1
84, 1332, 1
84, 463, 1
84, 1357, 1
1357, 31, 1
1357, 1039, 1
1357, 1332, 1
1357, 463, 1
1357, 84, 1
1201, 989, -1
1201, 500, -1
1201, 1000, -1
1201, 1216, -1
553, 989, -1
553, 500, -1
553, 1000, -1
553, 1216, -1
841, 989, -1
841, 500, -1
841, 1000, -1
841, 1216, -1
1109, 989, -1
1109, 500, -1
1109, 1000, -1
1109, 1216, -1
1252, 989, -1
1252, 500, -1
1252, 1000, -1
1252, 1216, -1
707, 989, -1
707, 500, -1
707, 1000, -1
707, 1216, -1
1220, 989, -1
1220, 500, -1
1220, 1000, -1
1220, 1216, -1
1125, 989, -1
1125, 500, -1
1125, 1000, -1
1125, 1216, -1
114, 989, -1
114, 500, -1
114, 1000, -1
114, 1216, -1
1201, 720, -1
1201, 110, -1
1201, 1145, -1
553, 720, -1
553, 110, -1
553, 1145, -1
841, 720, -1
841, 110, -1
841, 1145, -1
1109, 720, -1
1109, 110, -1
1109, 1145, -1
1252, 720, -1
1252, 110, -1
1252, 1145, -1
707, 720, -1
707, 110, -1
707, 1145, -1
1220, 720, -1
1220, 110, -1
1220, 1145, -1
1125, 720, -1
1125, 110, -1
1125, 1145, -1
114, 720, -1
114, 110, -1
114, 1145, -1
1201, 31, -1
1201, 1039, -1
1201, 1332, -1
1201, 463, -1
1201, 84, -1
1201, 1357, -1
553, 31, -1
553, 1039, -1
553, 1332, -1
553, 463, -1
553, 84, -1
553, 1357, -1
841, 31, -1
841, 1039, -1
841, 1332, -1
841, 463, -1
841, 84, -1
841, 1357, -1
1109, 31, -1
1109, 1039, -1
1109, 1332, -1
1109, 463, -1
1109, 84, -1
1109, 1357, -1
1252, 31, -1
1252, 1039, -1
1252, 1332, -1
1252, 463, -1
1252, 84, -1
1252, 1357, -1
707, 31, -1
707, 1039, -1
707, 1332, -1
707, 463, -1
707, 84, -1
707, 1357, -1
1220, 31, -1
1220, 1039, -1
1220, 1332, -1
1220, 463, -1
1220, 84, -1
1220, 1357, -1
1125, 31, -1
1125, 1039, -1
1125, 1332, -1
1125, 463, -1
1125, 84, -1
1125, 1357, -1
114, 31, -1
114, 1039, -1
114, 1332, -1
114, 463, -1
114, 84, -1
114, 1357, -1
1201, 488, -1
553, 488, -1
841, 488, -1
1109, 488, -1
1252, 488, -1
707, 488, -1
1220, 488, -1
1125, 488, -1
114, 488, -1
1201, 470, -1
553, 470, -1
841, 470, -1
1109, 470, -1
1252, 470, -1
707, 470, -1
1220, 470, -1
1125, 470, -1
114, 470, -1
1201, 796, -1
553, 796, -1
841, 796, -1
1109, 796, -1
1252, 796, -1
707, 796, -1
1220, 796, -1
1125, 796, -1
114, 796, -1
1201, 85, -1
553, 85, -1
841, 85, -1
1109, 85, -1
1252, 85, -1
707, 85, -1
1220, 85, -1
1125, 85, -1
114, 85, -1
989, 1201, -1
989, 553, -1
989, 841, -1
989, 1109, -1
989, 1252, -1
989, 707, -1
989, 1220, -1
989, 1125, -1
989, 114, -1
500, 1201, -1
500, 553, -1
500, 841, -1
500, 1109, -1
500, 1252, -1
500, 707, -1
500, 1220, -1
500, 1125, -1
500, 114, -1
1000, 1201, -1
1000, 553, -1
1000, 841, -1
1000, 1109, -1
1000, 1252, -1
1000, 707, -1
1000, 1220, -1
1000, 1125, -1
1000, 114, -1
1216, 1201, -1
1216, 553, -1
1216, 841, -1
1216, 1109, -1
1216, 1252, -1
1216, 707, -1
1216, 1220, -1
1216, 1125, -1
1216, 114, -1
989, 720, -1
989, 110, -1
989, 1145, -1
500, 720, -1
500, 110, -1
500, 1145, -1
1000, 720, -1
1000, 110, -1
1000, 1145, -1
1216, 720, -1
1216, 110, -1
1216, 1145, -1
989, 31, -1
989, 1039, -1
989, 1332, -1
989, 463, -1
989, 84, -1
989, 1357, -1
500, 31, -1
500, 1039, -1
500, 1332, -1
500, 463, -1
500, 84, -1
500, 1357, -1
1000, 31, -1
1000, 1039, -1
1000, 1332, -1
1000, 463, -1
1000, 84, -1
1000, 1357, -1
1216, 31, -1
1216, 1039, -1
1216, 1332, -1
1216, 463, -1
1216, 84, -1
1216, 1357, -1
989, 488, -1
500, 488, -1
1000, 488, -1
1216, 488, -1
989, 470, -1
500, 470, -1
1000, 470, -1
1216, 470, -1
989, 796, -1
500, 796, -1
1000, 796, -1
1216, 796, -1
989, 85, -1
500, 85, -1
1000, 85, -1
1216, 85, -1
720, 1201, -1
720, 553, -1
720, 841, -1
720, 1109, -1
720, 1252, -1
720, 707, -1
720, 1220, -1
720, 1125, -1
720, 114, -1
110, 1201, -1
110, 553, -1
110, 841, -1
110, 1109, -1
110, 1252, -1
110, 707, -1
110, 1220, -1
110, 1125, -1
110, 114, -1
1145, 1201, -1
1145, 553, -1
1145, 841, -1
1145, 1109, -1
1145, 1252, -1
1145, 707, -1
1145, 1220, -1
1145, 1125, -1
1145, 114, -1
720, 989, -1
720, 500, -1
720, 1000, -1
720, 1216, -1
110, 989, -1
110, 500, -1
110, 1000, -1
110, 1216, -1
1145, 989, -1
1145, 500, -1
1145, 1000, -1
1145, 1216, -1
720, 31, -1
720, 1039, -1
720, 1332, -1
720, 463, -1
720, 84, -1
720, 1357, -1
110, 31, -1
110, 1039, -1
110, 1332, -1
110, 463, -1
110, 84, -1
110, 1357, -1
1145, 31, -1
1145, 1039, -1
1145, 1332, -1
1145, 463, -1
1145, 84, -1
1145, 1357, -1
720, 488, -1
110, 488, -1
1145, 488, -1
720, 470, -1
110, 470, -1
1145, 470, -1
720, 796, -1
110, 796, -1
1145, 796, -1
720, 85, -1
110, 85, -1
1145, 85, -1
31, 1201, -1
31, 553, -1
31, 841, -1
31, 1109, -1
31, 1252, -1
31, 707, -1
31, 1220, -1
31, 1125, -1
31, 114, -1
1039, 1201, -1
1039, 553, -1
1039, 841, -1
1039, 1109, -1
1039, 1252, -1
1039, 707, -1
1039, 1220, -1
1039, 1125, -1
1039, 114, -1
1332, 1201, -1
1332, 553, -1
1332, 841, -1
1332, 1109, -1
1332, 1252, -1
1332, 707, -1
1332, 1220, -1
1332, 1125, -1
1332, 114, -1
463, 1201, -1
463, 553, -1
463, 841, -1
463, 1109, -1
463, 1252, -1
463, 707, -1
463, 1220, -1
463, 1125, -1
463, 114, -1
84, 1201, -1
84, 553, -1
84, 841, -1
84, 1109, -1
84, 1252, -1
84, 707, -1
84, 1220, -1
84, 1125, -1
84, 114, -1
1357, 1201, -1
1357, 553, -1
1357, 841, -1
1357, 1109, -1
1357, 1252, -1
1357, 707, -1
1357, 1220, -1
1357, 1125, -1
1357, 114, -1
31, 989, -1
31, 500, -1
31, 1000, -1
31, 1216, -1
1039, 989, -1
1039, 500, -1
1039, 1000, -1
1039, 1216, -1
1332, 989, -1
1332, 500, -1
1332, 1000, -1
1332, 1216, -1
463, 989, -1
463, 500, -1
463, 1000, -1
463, 1216, -1
84, 989, -1
84, 500, -1
84, 1000, -1
84, 1216, -1
1357, 989, -1
1357, 500, -1
1357, 1000, -1
1357, 1216, -1
31, 720, -1
31, 110, -1
31, 1145, -1
1039, 720, -1
1039, 110, -1
1039, 1145, -1
1332, 720, -1
1332, 110, -1
1332, 1145, -1
463, 720, -1
463, 110, -1
463, 1145, -1
84, 720, -1
84, 110, -1
84, 1145, -1
1357, 720, -1
1357, 110, -1
1357, 1145, -1
31, 488, -1
1039, 488, -1
1332, 488, -1
463, 488, -1
84, 488, -1
1357, 488, -1
31, 470, -1
1039, 470, -1
1332, 470, -1
463, 470, -1
84, 470, -1
1357, 470, -1
31, 796, -1
1039, 796, -1
1332, 796, -1
463, 796, -1
84, 796, -1
1357, 796, -1
31, 85, -1
1039, 85, -1
1332, 85, -1
463, 85, -1
84, 85, -1
1357, 85, -1
488, 1201, -1
488, 553, -1
488, 841, -1
488, 1109, -1
488, 1252, -1
488, 707, -1
488, 1220, -1
488, 1125, -1
488, 114, -1
488, 989, -1
488, 500, -1
488, 1000, -1
488, 1216, -1
488, 720, -1
488, 110, -1
488, 1145, -1
488, 31, -1
488, 1039, -1
488, 1332, -1
488, 463, -1
488, 84, -1
488, 1357, -1
488, 470, -1
488, 796, -1
488, 85, -1
470, 1201, -1
470, 553, -1
470, 841, -1
470, 1109, -1
470, 1252, -1
470, 707, -1
470, 1220, -1
470, 1125, -1
470, 114, -1
470, 989, -1
470, 500, -1
470, 1000, -1
470, 1216, -1
470, 720, -1
470, 110, -1
470, 1145, -1
470, 31, -1
470, 1039, -1
470, 1332, -1
470, 463, -1
470, 84, -1
470, 1357, -1
470, 488, -1
470, 796, -1
470, 85, -1
796, 1201, -1
796, 553, -1
796, 841, -1
796, 1109, -1
796, 1252, -1
796, 707, -1
796, 1220, -1
796, 1125, -1
796, 114, -1
796, 989, -1
796, 500, -1
796, 1000, -1
796, 1216, -1
796, 720, -1
796, 110, -1
796, 1145, -1
796, 31, -1
796, 1039, -1
796, 1332, -1
796, 463, -1
796, 84, -1
796, 1357, -1
796, 488, -1
796, 470, -1
796, 85, -1
85, 1201, -1
85, 553, -1
85, 841, -1
85, 1109, -1
85, 1252, -1
85, 707, -1
85, 1220, -1
85, 1125, -1
85, 114, -1
85, 989, -1
85, 500, -1
85, 1000, -1
85, 1216, -1
85, 720, -1
85, 110, -1
85, 1145, -1
85, 31, -1
85, 1039, -1
85, 1332, -1
85, 463, -1
85, 84, -1
85, 1357, -1
85, 488, -1
85, 470, -1
85, 796, -1

1201, 553, 1
1201, 841, 1
1201, 1109, 1
1201, 1252, 1
1201, 707, 1
1201, 1220, 1
1201, 1125, 1
1201, 114, 1
1201, 1250, 1
553, 1201, 1
553, 841, 1
553, 1109, 1
553, 1252, 1
553, 707, 1
553, 1220, 1
553, 1125, 1
553, 114, 1
553, 1250, 1
841, 1201, 1
841, 553, 1
841, 1109, 1
841, 1252, 1
841, 707, 1
841, 1220, 1
841, 1125, 1
841, 114, 1
841, 1250, 1
1109, 1201, 1
1109, 553, 1
1109, 841, 1
1109, 1252, 1
1109, 707, 1
1109, 1220, 1
1109, 1125, 1
1109, 114, 1
1109, 1250, 1
1252, 1201, 1
1252, 553, 1
1252, 841, 1
1252, 1109, 1
1252, 707, 1
1252, 1220, 1
1252, 1125, 1
1252, 114, 1
1252, 1250, 1
707, 1201, 1
707, 553, 1
707, 841, 1
707, 1109, 1
707, 1252, 1
707, 1220, 1
707, 1125, 1
707, 114, 1
707, 1250, 1
1220, 1201, 1
1220, 553, 1
1220, 841, 1
1220, 1109, 1
1220, 1252, 1
1220, 707, 1
1220, 1125, 1
1220, 114, 1
1220, 1250, 1
1125, 1201, 1
1125, 553, 1
1125, 841, 1
1125, 1109, 1
1125, 1252, 1
1125, 707, 1
1125, 1220, 1
1125, 114, 1
1125, 1250, 1
114, 1201, 1
114, 553, 1
114, 841, 1
114, 1109, 1
114, 1252, 1
114, 707, 1
114, 1220, 1
114, 1125, 1
114, 1250, 1
1250, 1201, 1
1250, 553, 1
1250, 841, 1
1250, 1109, 1
1250, 1252, 1
1250, 707, 1
1250, 1220, 1
1250, 1125, 1
1250, 114, 1
989, 500, 1
989, 1000, 1
989, 1216, 1
500, 989, 1
500, 1000, 1
500, 1216, 1
1000, 989, 1
1000, 500, 1
1000, 1216, 1
1216, 989, 1
1216, 500, 1
1216, 1000, 1
720, 110, 1
720, 1145, 1
110, 720, 1
110, 1145, 1
1145, 720, 1
1145, 110, 1
31, 1039, 1
31, 1332, 1
31, 463, 1
31, 84, 1
31, 1357, 1
1039, 31, 1
1039, 1332, 1
1039, 463, 1
1039, 84, 1
1039, 1357, 1
1332, 31, 1
1332, 1039, 1
1332, 463, 1
1332, 84, 1
1332, 1357, 1
463, 31, 1
463, 1039, 1
463, 1332, 1
463, 84, 1
463, 1357, 1
84, 31, 1
84, 1039, 1
84, 1332, 1
84, 463, 1
84, 1357, 1
1357, 31, 1
1357, 1039, 1
1357, 1332, 1
1357, 463, 1
1357, 84, 1
796, 276, 1
276, 796, 1
1201, 989, -1
1201, 500, -1
1201, 1000, -1
1201, 1216, -1
553, 989, -1
553, 500, -1
553, 1000, -1
553, 1216, -1
841, 989, -1
841, 500, -1
841, 1000, -1
841, 1216, -1
1109, 989, -1
1109, 500, -1
1109, 1000, -1
1109, 1216, -1
1252, 989, -1
1252, 500, -1
1252, 1000, -1
1252, 1216, -1
707, 989, -1
707, 500, -1
707, 1000, -1
707, 1216, -1
1220, 989, -1
1220, 500, -1
1220, 1000, -1
1220, 1216, -1
1125, 989, -1
1125, 500, -1
1125, 1000, -1
1125, 1216, -1
114, 989, -1
114, 500, -1
114, 1000, -1
114, 1216, -1
1250, 989, -1
1250, 500, -1
1250, 1000, -1
1250, 1216, -1
1201, 720, -1
1201, 110, -1
1201, 1145, -1
553, 720, -1
553, 110, -1
553, 1145, -1
841, 720, -1
841, 110, -1
841, 1145, -1
1109, 720, -1
1109, 110, -1
1109, 1145, -1
1252, 720, -1
1252, 110, -1
1252, 1145, -1
707, 720, -1
707, 110, -1
707, 1145, -1
1220, 720, -1
1220, 110, -1
1220, 1145, -1
1125, 720, -1
1125, 110, -1
1125, 1145, -1
114, 720, -1
114, 110, -1
114, 1145, -1
1250, 720, -1
1250, 110, -1
1250, 1145, -1
1201, 31, -1
1201, 1039, -1
1201, 1332, -1
1201, 463, -1
1201, 84, -1
1201, 1357, -1
553, 31, -1
553, 1039, -1
553, 1332, -1
553, 463, -1
553, 84, -1
553, 1357, -1
841, 31, -1
841, 1039, -1
841, 1332, -1
841, 463, -1
841, 84, -1
841, 1357, -1
1109, 31, -1
1109, 1039, -1
1109, 1332, -1
1109, 463, -1
1109, 84, -1
1109, 1357, -1
1252, 31, -1
1252, 1039, -1
1252, 1332, -1
1252, 463, -1
1252, 84, -1
1252, 1357, -1
707, 31, -1
707, 1039, -1
707, 1332, -1
707, 463, -1
707, 84, -1
707, 1357, -1
1220, 31, -1
1220, 1039, -1
1220, 1332, -1
1220, 463, -1
1220, 84, -1
1220, 1357, -1
1125, 31, -1
1125, 1039, -1
1125, 1332, -1
1125, 463, -1
1125, 84, -1
1125, 1357, -1
114, 31, -1
114, 1039, -1
114, 1332, -1
114, 463, -1
114, 84, -1
114, 1357, -1
1250, 31, -1
1250, 1039, -1
1250, 1332, -1
1250, 463, -1
1250, 84, -1
1250, 1357, -1
1201, 488, -1
553, 488, -1
841, 488, -1
1109, 488, -1
1252, 488, -1
707, 488, -1
1220, 488, -1
1125, 488, -1
114, 488, -1
1250, 488, -1
1201, 470, -1
553, 470, -1
841, 470, -1
1109, 470, -1
1252, 470, -1
707, 470, -1
1220, 470, -1
1125, 470, -1
114, 470, -1
1250, 470, -1
1201, 796, -1
1201, 276, -1
553, 796, -1
553, 276, -1
841, 796, -1
841, 276, -1
1109, 796, -1
1109, 276, -1
1252, 796, -1
1252, 276, -1
707, 796, -1
707, 276, -1
1220, 796, -1
1220, 276, -1
1125, 796, -1
1125, 276, -1
114, 796, -1
114, 276, -1
1250, 796, -1
1250, 276, -1
1201, 85, -1
553, 85, -1
841, 85, -1
1109, 85, -1
1252, 85, -1
707, 85, -1
1220, 85, -1
1125, 85, -1
114, 85, -1
1250, 85, -1
989, 1201, -1
989, 553, -1
989, 841, -1
989, 1109, -1
989, 1252, -1
989, 707, -1
989, 1220, -1
989, 1125, -1
989, 114, -1
989, 1250, -1
500, 1201, -1
500, 553, -1
500, 841, -1
500, 1109, -1
500, 1252, -1
500, 707, -1
500, 1220, -1
500, 1125, -1
500, 114, -1
500, 1250, -1
1000, 1201, -1
1000, 553, -1
1000, 841, -1
1000, 1109, -1
1000, 1252, -1
1000, 707, -1
1000, 1220, -1
1000, 1125, -1
1000, 114, -1
1000, 1250, -1
1216, 1201, -1
1216, 553, -1
1216, 841, -1
1216, 1109, -1
1216, 1252, -1
1216, 707, -1
1216, 1220, -1
1216, 1125, -1
1216, 114, -1
1216, 1250, -1
989, 720, -1
989, 110, -1
989, 1145, -1
500, 720, -1
500, 110, -1
500, 1145, -1
1000, 720, -1
1000, 110, -1
1000, 1145, -1
1216, 720, -1
1216, 110, -1
1216, 1145, -1
989, 31, -1
989, 1039, -1
989, 1332, -1
989, 463, -1
989, 84, -1
989, 1357, -1
500, 31, -1
500, 1039, -1
500, 1332, -1
500, 463, -1
500, 84, -1
500, 1357, -1
1000, 31, -1
1000, 1039, -1
1000, 1332, -1
1000, 463, -1
1000, 84, -1
1000, 1357, -1
1216, 31, -1
1216, 1039, -1
1216, 1332, -1
1216, 463, -1
1216, 84, -1
1216, 1357, -1
989, 488, -1
500, 488, -1
1000, 488, -1
1216, 488, -1
989, 470, -1
500, 470, -1
1000, 470, -1
1216, 470, -1
989, 796, -1
989, 276, -1
500, 796, -1
500, 276, -1
1000, 796, -1
1000, 276, -1
1216, 796, -1
1216, 276, -1
989, 85, -1
500, 85, -1
1000, 85, -1
1216, 85, -1
720, 1201, -1
720, 553, -1
720, 841, -1
720, 1109, -1
720, 1252, -1
720, 707, -1
720, 1220, -1
720, 1125, -1
720, 114, -1
720, 1250, -1
110, 1201, -1
110, 553, -1
110, 841, -1
110, 1109, -1
110, 1252, -1
110, 707, -1
110, 1220, -1
110, 1125, -1
110, 114, -1
110, 1250, -1
1145, 1201, -1
1145, 553, -1
1145, 841, -1
1145, 1109, -1
1145, 1252, -1
1145, 707, -1
1145, 1220, -1
1145, 1125, -1
1145, 114, -1
1145, 1250, -1
720, 989, -1
720, 500, -1
720, 1000, -1
720, 1216, -1
110, 989, -1
110, 500, -1
110, 1000, -1
110, 1216, -1
1145, 989, -1
1145, 500, -1
1145, 1000, -1
1145, 1216, -1
720, 31, -1
720, 1039, -1
720, 1332, -1
720, 463, -1
720, 84, -1
720, 1357, -1
110, 31, -1
110, 1039, -1
110, 1332, -1
110, 463, -1
110, 84, -1
110, 1357, -1
1145, 31, -1
1145, 1039, -1
1145, 1332, -1
1145, 463, -1
1145, 84, -1
1145, 1357, -1
720, 488, -1
110, 488, -1
1145, 488, -1
720, 470, -1
110, 470, -1
1145, 470, -1
720, 796, -1
720, 276, -1
110, 796, -1
110, 276, -1
1145, 796, -1
1145, 276, -1
720, 85, -1
110, 85, -1
1145, 85, -1
31, 1201, -1
31, 553, -1
31, 841, -1
31, 1109, -1
31, 1252, -1
31, 707, -1
31, 1220, -1
31, 1125, -1
31, 114, -1
31, 1250, -1
1039, 1201, -1
1039, 553, -1
1039, 841, -1
1039, 1109, -1
1039, 1252, -1
1039, 707, -1
1039, 1220, -1
1039, 1125, -1
1039, 114, -1
1039, 1250, -1
1332, 1201, -1
1332, 553, -1
1332, 841, -1
1332, 1109, -1
1332, 1252, -1
1332, 707, -1
1332, 1220, -1
1332, 1125, -1
1332, 114, -1
1332, 1250, -1
463, 1201, -1
463, 553, -1
463, 841, -1
463, 1109, -1
463, 1252, -1
463, 707, -1
463, 1220, -1
463, 1125, -1
463, 114, -1
463, 1250, -1
84, 1201, -1
84, 553, -1
84, 841, -1
84, 1109, -1
84, 1252, -1
84, 707, -1
84, 1220, -1
84, 1125, -1
84, 114, -1
84, 1250, -1
1357, 1201, -1
1357, 553, -1
1357, 841, -1
1357, 1109, -1
1357, 1252, -1
1357, 707, -1
1357, 1220, -1
1357, 1125, -1
1357, 114, -1
1357, 1250, -1
31, 989, -1
31, 500, -1
31, 1000, -1
31, 1216, -1
1039, 989, -1
1039, 500, -1
1039, 1000, -1
1039, 1216, -1
1332, 989, -1
1332, 500, -1
1332, 1000, -1
1332, 1216, -1
463, 989, -1
463, 500, -1
463, 1000, -1
463, 1216, -1
84, 989, -1
84, 500, -1
84, 1000, -1
84, 1216, -1
1357, 989, -1
1357, 500, -1
1357, 1000, -1
1357, 1216, -1
31, 720, -1
31, 110, -1
31, 1145, -1
1039, 720, -1
1039, 110, -1
1039, 1145, -1
1332, 720, -1
1332, 110, -1
1332, 1145, -1
463, 720, -1
463, 110, -1
463, 1145, -1
84, 720, -1
84, 110, -1
84, 1145, -1
1357, 720, -1
1357, 110, -1
1357, 1145, -1
31, 488, -1
1039, 488, -1
1332, 488, -1
463, 488, -1
84, 488, -1
1357, 488, -1
31, 470, -1
1039, 470, -1
1332, 470, -1
463, 470, -1
84, 470, -1
1357, 470, -1
31, 796, -1
31, 276, -1
1039, 796, -1
1039, 276, -1
1332, 796, -1
1332, 276, -1
463, 796, -1
463, 276, -1
84, 796, -1
84, 276, -1
1357, 796, -1
1357, 276, -1
31, 85, -1
1039, 85, -1
1332, 85, -1
463, 85, -1
84, 85, -1
1357, 85, -1
488, 1201, -1
488, 553, -1
488, 841, -1
488, 1109, -1
488, 1252, -1
488, 707, -1
488, 1220, -1
488, 1125, -1
488, 114, -1
488, 1250, -1
488, 989, -1
488, 500, -1
488, 1000, -1
488, 1216, -1
488, 720, -1
488, 110, -1
488, 1145, -1
488, 31, -1
488, 1039, -1
488, 1332, -1
488, 463, -1
488, 84, -1
488, 1357, -1
488, 470, -1
488, 796, -1
488, 276, -1
488, 85, -1
470, 1201, -1
470, 553, -1
470, 841, -1
470, 1109, -1
470, 1252, -1
470, 707, -1
470, 1220, -1
470, 1125, -1
470, 114, -1
470, 1250, -1
470, 989, -1
470, 500, -1
470, 1000, -1
470, 1216, -1
470, 720, -1
470, 110, -1
470, 1145, -1
470, 31, -1
470, 1039, -1
470, 1332, -1
470, 463, -1
470, 84, -1
470, 1357, -1
470, 488, -1
470, 796, -1
470, 276, -1
470, 85, -1
796, 1201, -1
796, 553, -1
796, 841, -1
796, 1109, -1
796, 1252, -1
796, 707, -1
796, 1220, -1
796, 1125, -1
796, 114, -1
796, 1250, -1
276, 1201, -1
276, 553, -1
276, 841, -1
276, 1109, -1
276, 1252, -1
276, 707, -1
276, 1220, -1
276, 1125, -1
276, 114, -1
276, 1250, -1
796, 989, -1
796, 500, -1
796, 1000, -1
796, 1216, -1
276, 989, -1
276, 500, -1
276, 1000, -1
276, 1216, -1
796, 720, -1
796, 110, -1
796, 1145, -1
276, 720, -1
276, 110, -1
276, 1145, -1
796, 31, -1
796, 1039, -1
796, 1332, -1
796, 463, -1
796, 84, -1
796, 1357, -1
276, 31, -1
276, 1039, -1
276, 1332, -1
276, 463, -1
276, 84, -1
276, 1357, -1
796, 488, -1
276, 488, -1
796, 470, -1
276, 470, -1
796, 85, -1
276, 85, -1
85, 1201, -1
85, 553, -1
85, 841, -1
85, 1109, -1
85, 1252, -1
85, 707, -1
85, 1220, -1
85, 1125, -1
85, 114, -1
85, 1250, -1
85, 989, -1
85, 500, -1
85, 1000, -1
85, 1216, -1
85, 720, -1
85, 110, -1
85, 1145, -1
85, 31, -1
85, 1039, -1
85, 1332, -1
85, 463, -1
85, 84, -1
85, 1357, -1
85, 488, -1
85, 470, -1
85, 796, -1
85, 276, -1

1201, 553, 1
1201, 841, 1
1201, 1109, 1
1201, 1252, 1
1201, 707, 1
1201, 1220, 1
1201, 1125, 1
1201, 114, 1
1201, 1250, 1
1201, 923, 1
553, 1201, 1
553, 841, 1
553, 1109, 1
553, 1252, 1
553, 707, 1
553, 1220, 1
553, 1125, 1
553, 114, 1
553, 1250, 1
553, 923, 1
841, 1201, 1
841, 553, 1
841, 1109, 1
841, 1252, 1
841, 707, 1
841, 1220, 1
841, 1125, 1
841, 114, 1
841, 1250, 1
841, 923, 1
1109, 1201, 1
1109, 553, 1
1109, 841, 1
1109, 1252, 1
1109, 707, 1
1109, 1220, 1
1109, 1125, 1
1109, 114, 1
1109, 1250, 1
1109, 923, 1
1252, 1201, 1
1252, 553, 1
1252, 841, 1
1252, 1109, 1
1252, 707, 1
1252, 1220, 1
1252, 1125, 1
1252, 114, 1
1252, 1250, 1
1252, 923, 1
707, 1201, 1
707, 553, 1
707, 841, 1
707, 1109, 1
707, 1252, 1
707, 1220, 1
707, 1125, 1
707, 114, 1
707, 1250, 1
707, 923, 1
1220, 1201, 1
1220, 553, 1
1220, 841, 1
1220, 1109, 1
1220, 1252, 1
1220, 707, 1
1220, 1125, 1
1220, 114, 1
1220, 1250, 1
1220, 923, 1
1125, 1201, 1
1125, 553, 1
1125, 841, 1
1125, 1109, 1
1125, 1252, 1
1125, 707, 1
1125, 1220, 1
1125, 114, 1
1125, 1250, 1
1125, 923, 1
114, 1201, 1
114, 553, 1
114, 841, 1
114, 1109, 1
114, 1252, 1
114, 707, 1
114, 1220, 1
114, 1125, 1
114, 1250, 1
114, 923, 1
1250, 1201, 1
1250, 553, 1
1250, 841, 1
1250, 1109, 1
1250, 1252, 1
1250, 707, 1
1250, 1220, 1
1250, 1125, 1
1250, 114, 1
1250, 923, 1
923, 1201, 1
923, 553, 1
923, 841, 1
923, 1109, 1
923, 1252, 1
923, 707, 1
923, 1220, 1
923, 1125, 1
923, 114, 1
923, 1250, 1
989, 500, 1
989, 1000, 1
989, 1216, 1
500, 989, 1
500, 1000, 1
500, 1216, 1
1000, 989, 1
1000, 500, 1
1000, 1216, 1
1216, 989, 1
1216, 500, 1
1216, 1000, 1
720, 110, 1
720, 1145, 1
110, 720, 1
110, 1145, 1
1145, 720, 1
1145, 110, 1
31, 1039, 1
31, 1332, 1
31, 463, 1
31, 84, 1
31, 1357, 1
1039, 31, 1
1039, 1332, 1
1039, 463, 1
1039, 84, 1
1039, 1357, 1
1332, 31, 1
1332, 1039, 1
1332, 463, 1
1332, 84, 1
1332, 1357, 1
463, 31, 1
463, 1039, 1
463, 1332, 1
463, 84, 1
463, 1357, 1
84, 31, 1
84, 1039, 1
84, 1332, 1
84, 463, 1
84, 1357, 1
1357, 31, 1
1357, 1039, 1
1357, 1332, 1
1357, 463, 1
1357, 84, 1
488, 506, 1
506, 488, 1
796, 276, 1
276, 796, 1
1201, 989, -1
1201, 500, -1
1201, 1000, -1
1201, 1216, -1
553, 989, -1
553, 500, -1
553, 1000, -1
553, 1216, -1
841, 989, -1
841, 500, -1
841, 1000, -1
841, 1216, -1
1109, 989, -1
1109, 500, -1
1109, 1000, -1
1109, 1216, -1
1252, 989, -1
1252, 500, -1
1252, 1000, -1
1252, 1216, -1
707, 989, -1
707, 500, -1
707, 1000, -1
707, 1216, -1
1220, 989, -1
1220, 500, -1
1220, 1000, -1
1220, 1216, -1
1125, 989, -1
1125, 500, -1
1125, 1000, -1
1125, 1216, -1
114, 989, -1
114, 500, -1
114, 1000, -1
114, 1216, -1
1250, 989, -1
1250, 500, -1
1250, 1000, -1
1250, 1216, -1
923, 989, -1
923, 500, -1
923, 1000, -1
923, 1216, -1
1201, 720, -1
1201, 110, -1
1201, 1145, -1
553, 720, -1
553, 110, -1
553, 1145, -1
841, 720, -1
841, 110, -1
841, 1145, -1
1109, 720, -1
1109, 110, -1
1109, 1145, -1
1252, 720, -1
1252, 110, -1
1252, 1145, -1
707, 720, -1
707, 110, -1
707, 1145, -1
1220, 720, -1
1220, 110, -1
1220, 1145, -1
1125, 720, -1
1125, 110, -1
1125, 1145, -1
114, 720, -1
114, 110, -1
114, 1145, -1
1250, 720, -1
1250, 110, -1
1250, 1145, -1
923, 720, -1
923, 110, -1
923, 1145, -1
1201, 31, -1
1201, 1039, -1
1201, 1332, -1
1201, 463, -1
1201, 84, -1
1201, 1357, -1
553, 31, -1
553, 1039, -1
553, 1332, -1
553, 463, -1
553, 84, -1
553, 1357, -1
841, 31, -1
841, 1039, -1
841, 1332, -1
841, 463, -1
841, 84, -1
841, 1357, -1
1109, 31, -1
1109, 1039, -1
1109, 1332, -1
1109, 463, -1
1109, 84, -1
1109, 1357, -1
1252, 31, -1
1252, 1039, -1
1252, 1332, -1
1252, 463, -1
1252, 84, -1
1252, 1357, -1
707, 31, -1
707, 1039, -1
707, 1332, -1
707, 463, -1
707, 84, -1
707, 1357, -1
1220, 31, -1
1220, 1039, -1
1220, 1332, -1
1220, 463, -1
1220, 84, -1
1220, 1357, -1
1125, 31, -1
1125, 1039, -1
1125, 1332, -1
1125, 463, -1
1125, 84, -1
1125, 1357, -1
114, 31, -1
114, 1039, -1
114, 1332, -1
114, 463, -1
114, 84, -1
114, 1357, -1
1250, 31, -1
1250, 1039, -1
1250, 1332, -1
1250, 463, -1
1250, 84, -1
1250, 1357, -1
923, 31, -1
923, 1039, -1
923, 1332, -1
923, 463, -1
923, 84, -1
923, 1357, -1
1201, 488, -1
1201, 506, -1
553, 488, -1
553, 506, -1
841, 488, -1
841, 506, -1
1109, 488, -1
1109, 506, -1
1252, 488, -1
1252, 506, -1
707, 488, -1
707, 506, -1
1220, 488, -1
1220, 506, -1
1125, 488, -1
1125, 506, -1
114, 488, -1
114, 506, -1
1250, 488, -1
1250, 506, -1
923, 488, -1
923, 506, -1
1201, 470, -1
553, 470, -1
841, 470, -1
1109, 470, -1
1252, 470, -1
707, 470, -1
1220, 470, -1
1125, 470, -1
114, 470, -1
1250, 470, -1
923, 470, -1
1201, 796, -1
1201, 276, -1
553, 796, -1
553, 276, -1
841, 796, -1
841, 276, -1
1109, 796, -1
1109, 276, -1
1252, 796, -1
1252, 276, -1
707, 796, -1
707, 276, -1
1220, 796, -1
1220, 276, -1
1125, 796, -1
1125, 276, -1
114, 796, -1
114, 276, -1
1250, 796, -1
1250, 276, -1
923, 796, -1
923, 276, -1
1201, 85, -1
553, 85, -1
841, 85, -1
1109, 85, -1
1252, 85, -1
707, 85, -1
1220, 85, -1
1125, 85, -1
114, 85, -1
1250, 85, -1
923, 85, -1
989, 1201, -1
989, 553, -1
989, 841, -1
989, 1109, -1
989, 1252, -1
989, 707, -1
989, 1220, -1
989, 1125, -1
989, 114, -1
989, 1250, -1
989, 923, -1
500, 1201, -1
500, 553, -1
500, 841, -1
500, 1109, -1
500, 1252, -1
500, 707, -1
500, 1220, -1
500, 1125, -1
500, 114, -1
500, 1250, -1
500, 923, -1
1000, 1201, -1
1000, 553, -1
1000, 841, -1
1000, 1109, -1
1000, 1252, -1
1000, 707, -1
1000, 1220, -1
1000, 1125, -1
1000, 114, -1
1000, 1250, -1
1000, 923, -1
1216, 1201, -1
1216, 553, -1
1216, 841, -1
1216, 1109, -1
1216, 1252, -1
1216, 707, -1
1216, 1220, -1
1216, 1125, -1
1216, 114, -1
1216, 1250, -1
1216, 923, -1
989, 720, -1
989, 110, -1
989, 1145, -1
500, 720, -1
500, 110, -1
500, 1145, -1
1000, 720, -1
1000, 110, -1
1000, 1145, -1
1216, 720, -1
1216, 110, -1
1216, 1145, -1
989, 31, -1
989, 1039, -1
989, 1332, -1
989, 463, -1
989, 84, -1
989, 1357, -1
500, 31, -1
500, 1039, -1
500, 1332, -1
500, 463, -1
500, 84, -1
500, 1357, -1
1000, 31, -1
1000, 1039, -1
1000, 1332, -1
1000, 463, -1
1000, 84, -1
1000, 1357, -1
1216, 31, -1
1216, 1039, -1
1216, 1332, -1
1216, 463, -1
1216, 84, -1
1216, 1357, -1
989, 488, -1
989, 506, -1
500, 488, -1
500, 506, -1
1000, 488, -1
1000, 506, -1
1216, 488, -1
1216, 506, -1
989, 470, -1
500, 470, -1
1000, 470, -1
1216, 470, -1
989, 796, -1
989, 276, -1
500, 796, -1
500, 276, -1
1000, 796, -1
1000, 276, -1
1216, 796, -1
1216, 276, -1
989, 85, -1
500, 85, -1
1000, 85, -1
1216, 85, -1
720, 1201, -1
720, 553, -1
720, 841, -1
720, 1109, -1
720, 1252, -1
720, 707, -1
720, 1220, -1
720, 1125, -1
720, 114, -1
720, 1250, -1
720, 923, -1
110, 1201, -1
110, 553, -1
110, 841, -1
110, 1109, -1
110, 1252, -1
110, 707, -1
110, 1220, -1
110, 1125, -1
110, 114, -1
110, 1250, -1
110, 923, -1
1145, 1201, -1
1145, 553, -1
1145, 841, -1
1145, 1109, -1
1145, 1252, -1
1145, 707, -1
1145, 1220, -1
1145, 1125, -1
1145, 114, -1
1145, 1250, -1
1145, 923, -1
720, 989, -1
720, 500, -1
720, 1000, -1
720, 1216, -1
110, 989, -1
110, 500, -1
110, 1000, -1
110, 1216, -1
1145, 989, -1
1145, 500, -1
1145, 1000, -1
1145, 1216, -1
720, 31, -1
720, 1039, -1
720, 1332, -1
720, 463, -1
720, 84, -1
720, 1357, -1
110, 31, -1
110, 1039, -1
110, 1332, -1
110, 463, -1
110, 84, -1
110, 1357, -1
1145, 31, -1
1145, 1039, -1
1145, 1332, -1
1145, 463, -1
1145, 84, -1
1145, 1357, -1
720, 488, -1
720, 506, -1
110, 488, -1
110, 506, -1
1145, 488, -1
1145, 506, -1
720, 470, -1
110, 470, -1
1145, 470, -1
720, 796, -1
720, 276, -1
110, 796, -1
110, 276, -1
1145, 796, -1
1145, 276, -1
720, 85, -1
110, 85, -1
1145, 85, -1
31, 1201, -1
31, 553, -1
31, 841, -1
31, 1109, -1
31, 1252, -1
31, 707, -1
31, 1220, -1
31, 1125, -1
31, 114, -1
31, 1250, -1
31, 923, -1
1039, 1201, -1
1039, 553, -1
1039, 841, -1
1039, 1109, -1
1039, 1252, -1
1039, 707, -1
1039, 1220, -1
1039, 1125, -1
1039, 114, -1
1039, 1250, -1
1039, 923, -1
1332, 1201, -1
1332, 553, -1
1332, 841, -1
1332, 1109, -1
1332, 1252, -1
1332, 707, -1
1332, 1220, -1
1332, 1125, -1
1332, 114, -1
1332, 1250, -1
1332, 923, -1
463, 1201, -1
463, 553, -1
463, 841, -1
463, 1109, -1
463, 1252, -1
463, 707, -1
463, 1220, -1
463, 1125, -1
463, 114, -1
463, 1250, -1
463, 923, -1
84, 1201, -1
84, 553, -1
84, 841, -1
84, 1109, -1
84, 1252, -1
84, 707, -1
84, 1220, -1
84, 1125, -1
84, 114, -1
84, 1250, -1
84, 923, -1
1357, 1201, -1
1357, 553, -1
1357, 841, -1
1357, 1109, -1
1357, 1252, -1
1357, 707, -1
1357, 1220, -1
1357, 1125, -1
1357, 114, -1
1357, 1250, -1
1357, 923, -1
31, 989, -1
31, 500, -1
31, 1000, -1
31, 1216, -1
1039, 989, -1
1039, 500, -1
1039, 1000, -1
1039, 1216, -1
1332, 989, -1
1332, 500, -1
1332, 1000, -1
1332, 1216, -1
463, 989, -1
463, 500, -1
463, 1000, -1
463, 1216, -1
84, 989, -1
84, 500, -1
84, 1000, -1
84, 1216, -1
1357, 989, -1
1357, 500, -1
1357, 1000, -1
1357, 1216, -1
31, 720, -1
31, 110, -1
31, 1145, -1
1039, 720, -1
1039, 110, -1
1039, 1145, -1
1332, 720, -1
1332, 110, -1
1332, 1145, -1
463, 720, -1
463, 110, -1
463, 1145, -1
84, 720, -1
84, 110, -1
84, 1145, -1
1357, 720, -1
1357, 110, -1
1357, 1145, -1
31, 488, -1
31, 506, -1
1039, 488, -1
1039, 506, -1
1332, 488, -1
1332, 506, -1
463, 488, -1
463, 506, -1
84, 488, -1
84, 506, -1
1357, 488, -1
1357, 506, -1
31, 470, -1
1039, 470, -1
1332, 470, -1
463, 470, -1
84, 470, -1
1357, 470, -1
31, 796, -1
31, 276, -1
1039, 796, -1
1039, 276, -1
1332, 796, -1
1332, 276, -1
463, 796, -1
463, 276, -1
84, 796, -1
84, 276, -1
1357, 796, -1
1357, 276, -1
31, 85, -1
1039, 85, -1
1332, 85, -1
463, 85, -1
84, 85, -1
1357, 85, -1
488, 1201, -1
488, 553, -1
488, 841, -1
488, 1109, -1
488, 1252, -1
488, 707, -1
488, 1220, -1
488, 1125, -1
488, 114, -1
488, 1250, -1
488, 923, -1
506, 1201, -1
506, 553, -1
506, 841, -1
506, 1109, -1
506, 1252, -1
506, 707, -1
506, 1220, -1
506, 1125, -1
506, 114, -1
506, 1250, -1
506, 923, -1
488, 989, -1
488, 500, -1
488, 1000, -1
488, 1216, -1
506, 989, -1
506, 500, -1
506, 1000, -1
506, 1216, -1
488, 720, -1
488, 110, -1
488, 1145, -1
506, 720, -1
506, 110, -1
506, 1145, -1
488, 31, -1
488, 1039, -1
488, 1332, -1
488, 463, -1
488, 84, -1
488, 1357, -1
506, 31, -1
506, 1039, -1
506, 1332, -1
506, 463, -1
506, 84, -1
506, 1357, -1
488, 470, -1
506, 470, -1
488, 796, -1
488, 276, -1
506, 796, -1
506, 276, -1
488, 85, -1
506, 85, -1
470, 1201, -1
470, 553, -1
470, 841, -1
470, 1109, -1
470, 1252, -1
470, 707, -1
470, 1220, -1
470, 1125, -1
470, 114, -1
470, 1250, -1
470, 923, -1
470, 989, -1
470, 500, -1
470, 1000, -1
470, 1216, -1
470, 720, -1
470, 110, -1
470, 1145, -1
470, 31, -1
470, 1039, -1
470, 1332, -1
470, 463, -1
470, 84, -1
470, 1357, -1
470, 488, -1
470, 506, -1
470, 796, -1
470, 276, -1
470, 85, -1
796, 1201, -1
796, 553, -1
796, 841, -1
796, 1109, -1
796, 1252, -1
796, 707, -1
796, 1220, -1
796, 1125, -1
796, 114, -1
796, 1250, -1
796, 923, -1
276, 1201, -1
276, 553, -1
276, 841, -1
276, 1109, -1
276, 1252, -1
276, 707, -1
276, 1220, -1
276, 1125, -1
276, 114, -1
276, 1250, -1
276, 923, -1
796, 989, -1
796, 500, -1
796, 1000, -1
796, 1216, -1
276, 989, -1
276, 500, -1
276, 1000, -1
276, 1216, -1
796, 720, -1
796, 110, -1
796, 1145, -1
276, 720, -1
276, 110, -1
276, 1145, -1
796, 31, -1
796, 1039, -1
796, 1332, -1
796, 463, -1
796, 84, -1
796, 1357, -1
276, 31, -1
276, 1039, -1
276, 1332, -1
276, 463, -1
276, 84, -1
276, 1357, -1
796, 488, -1
796, 506, -1
276, 488, -1
276, 506, -1
796, 470, -1
276, 470, -1
796, 85, -1
276, 85, -1
85, 1201, -1
85, 553, -1
85, 841, -1
85, 1109, -1
85, 1252, -1
85, 707, -1
85, 1220, -1
85, 1125, -1
85, 114, -1
85, 1250, -1
85, 923, -1
85, 989, -1
85, 500, -1
85, 1000, -1
85, 1216, -1
85, 720, -1
85, 110, -1
85, 1145, -1
85, 31, -1
85, 1039, -1
85, 1332, -1
85, 463, -1
85, 84, -1
85, 1357, -1
85, 488, -1
85, 506, -1
85, 470, -1
85, 796, -1
85, 276, -1

