1234, 990, 1
1234, 501, 1
990, 1234, 1
990, 501, 1
501, 1234, 1
501, 990, 1
1234, 1145, -1
990, 1145, -1
501, 1145, -1
1234, 1079, -1
990, 1079, -1
501, 1079, -1
1234, 470, -1
990, 470, -1
501, 470, -1
1145, 1234, -1
1145, 990, -1
1145, 501, -1
1145, 1079, -1
1145, 470, -1
1079, 1234, -1
1079, 990, -1
1079, 501, -1
1079, 1145, -1
1079, 470, -1
470, 1234, -1
470, 990, -1
470, 501, -1
470, 1145, -1
470, 1079, -1

1234, 990, 1
1234, 501, 1
990, 1234, 1
990, 501, 1
501, 1234, 1
501, 990, 1
1079, 841, 1
1079, 553, 1
841, 1079, 1
841, 553, 1
553, 1079, 1
553, 841, 1
1234, 1145, -1
990, 1145, -1
501, 1145, -1
1234, 1079, -1
1234, 841, -1
1234, 553, -1
990, 1079, -1
990, 841, -1
990, 553, -1
501, 1079, -1
501, 841, -1
501, 553, -1
1234, 470, -1
990, 470, -1
501, 470, -1
1234, 506, -1
990, 506, -1
501, 506, -1
1145, 1234, -1
1145, 990, -1
1145, 501, -1
1145, 1079, -1
1145, 841, -1
1145, 553, -1
1145, 470, -1
1145, 506, -1
1079, 1234, -1
1079, 990, -1
1079, 501, -1
841, 1234, -1
841, 990, -1
841, 501, -1
553, 1234, -1
553, 990, -1
553, 501, -1
1079, 1145, -1
841, 1145, -1
553, 1145, -1
1079, 470, -1
841, 470, -1
553, 470, -1
1079, 506, -1
841, 506, -1
553, 506, -1
470, 1234, -1
470, 990, -1
470, 501, -1
470, 1145, -1
470, 1079, -1
470, 841, -1
470, 553, -1
470, 506, -1
506, 1234, -1
506, 990, -1
506, 501, -1
506, 1145, -1
506, 1079, -1
506, 841, -1
506, 553, -1
506, 470, -1

1234, 990, 1
1234, 501, 1
1234, 500, 1
990, 1234, 1
990, 501, 1
990, 500, 1
501, 1234, 1
501, 990, 1
501, 500, 1
500, 1234, 1
500, 990, 1
500, 501, 1
1079, 841, 1
1079, 553, 1
1079, 1109, 1
841, 1079, 1
841, 553, 1
841, 1109, 1
553, 1079, 1
553, 841, 1
553, 1109, 1
1109, 1079, 1
1109, 841, 1
1109, 553, 1
1234, 1145, -1
990, 1145, -1
501, 1145, -1
500, 1145, -1
1234, 1079, -1
1234, 841, -1
1234, 553, -1
1234, 1109, -1
990, 1079, -1
990, 841, -1
990, 553, -1
990, 1109, -1
501, 1079, -1
501, 841, -1
501, 553, -1
501, 1109, -1
500, 1079, -1
500, 841, -1
500, 553, -1
500, 1109, -1
1234, 470, -1
990, 470, -1
501, 470, -1
500, 470, -1
1234, 506, -1
990, 506, -1
501, 506, -1
500, 506, -1
1234, 1039, -1
990, 1039, -1
501, 1039, -1
500, 1039, -1
1145, 1234, -1
1145, 990, -1
1145, 501, -1
1145, 500, -1
1145, 1079, -1
1145, 841, -1
1145, 553, -1
1145, 1109, -1
1145, 470, -1
1145, 506, -1
1145, 1039, -1
1079, 1234, -1
1079, 990, -1
1079, 501, -1
1079, 500, -1
841, 1234, -1
841, 990, -1
841, 501, -1
841, 500, -1
553, 1234, -1
553, 990, -1
553, 501, -1
553, 500, -1
1109, 1234, -1
1109, 990, -1
1109, 501, -1
1109, 500, -1
1079, 1145, -1
841, 1145, -1
553, 1145, -1
1109, 1145, -1
1079, 470, -1
841, 470, -1
553, 470, -1
1109, 470, -1
1079, 506, -1
841, 506, -1
553, 506, -1
1109, 506, -1
1079, 1039, -1
841, 1039, -1
553, 1039, -1
1109, 1039, -1
470, 1234, -1
470, 990, -1
470, 501, -1
470, 500, -1
470, 1145, -1
470, 1079, -1
470, 841, -1
470, 553, -1
470, 1109, -1
470, 506, -1
470, 1039, -1
506, 1234, -1
506, 990, -1
506, 501, -1
506, 500, -1
506, 1145, -1
506, 1079, -1
506, 841, -1
506, 553, -1
506, 1109, -1
506, 470, -1
506, 1039, -1
1039, 1234, -1
1039, 990, -1
1039, 501, -1
1039, 500, -1
1039, 1145, -1
1039, 1079, -1
1039, 841, -1
1039, 553, -1
1039, 1109, -1
1039, 470, -1
1039, 506, -1

1234, 990, 1
1234, 501, 1
1234, 500, 1
990, 1234, 1
990, 501, 1
990, 500, 1
501, 1234, 1
501, 990, 1
501, 500, 1
500, 1234, 1
500, 990, 1
500, 501, 1
1145, 110, 1
110, 1145, 1
1079, 841, 1
1079, 553, 1
1079, 1109, 1
1079, 707, 1
841, 1079, 1
841, 553, 1
841, 1109, 1
841, 707, 1
553, 1079, 1
553, 841, 1
553, 1109, 1
553, 707, 1
1109, 1079, 1
1109, 841, 1
1109, 553, 1
1109, 707, 1
707, 1079, 1
707, 841, 1
707, 553, 1
707, 1109, 1
470, 1356, 1
1356, 470, 1
1234, 1145, -1
1234, 110, -1
990, 1145, -1
990, 110, -1
501, 1145, -1
501, 110, -1
500, 1145, -1
500, 110, -1
1234, 1079, -1
1234, 841, -1
1234, 553, -1
1234, 1109, -1
1234, 707, -1
990, 1079, -1
990, 841, -1
990, 553, -1
990, 1109, -1
990, 707, -1
501, 1079, -1
501, 841, -1
501, 553, -1
501, 1109, -1
501, 707, -1
500, 1079, -1
500, 841, -1
500, 553, -1
500, 1109, -1
500, 707, -1
1234, 470, -1
1234, 1356, -1
990, 470, -1
990, 1356, -1
501, 470, -1
501, 1356, -1
500, 470, -1
500, 1356, -1
1234, 506, -1
990, 506, -1
501, 506, -1
500, 506, -1
1234, 1039, -1
990, 1039, -1
501, 1039, -1
500, 1039, -1
1145, 1234, -1
1145, 990, -1
1145, 501, -1
1145, 500, -1
110, 1234, -1
110, 990, -1
110, 501, -1
110, 500, -1
1145, 1079, -1
1145, 841, -1
1145, 553, -1
1145, 1109, -1
1145, 707, -1
110, 1079, -1
110, 841, -1
110, 553, -1
110, 1109, -1
110, 707, -1
1145, 470, -1
1145, 1356, -1
110, 470, -1
110, 1356, -1
1145, 506, -1
110, 506, -1
1145, 1039, -1
110, 1039, -1
1079, 1234, -1
1079, 990, -1
1079, 501, -1
1079, 500, -1
841, 1234, -1
841, 990, -1
841, 501, -1
841, 500, -1
553, 1234, -1
553, 990, -1
553, 501, -1
553, 500, -1
1109, 1234, -1
1109, 990, -1
1109, 501, -1
1109, 500, -1
707, 1234, -1
707, 990, -1
707, 501, -1
707, 500, -1
1079, 1145, -1
1079, 110, -1
841, 1145, -1
841, 110, -1
553, 1145, -1
553, 110, -1
1109, 1145, -1
1109, 110, -1
707, 1145, -1
707, 110, -1
1079, 470, -1
1079, 1356, -1
841, 470, -1
841, 1356, -1
553, 470, -1
553, 1356, -1
1109, 470, -1
1109, 1356, -1
707, 470, -1
707, 1356, -1
1079, 506, -1
841, 506, -1
553, 506, -1
1109, 506, -1
707, 506, -1
1079, 1039, -1
841, 1039, -1
553, 1039, -1
1109, 1039, -1
707, 1039, -1
470, 1234, -1
470, 990, -1
470, 501, -1
470, 500, -1
1356, 1234, -1
1356, 990, -1
1356, 501, -1
1356, 500, -1
470, 1145, -1
470, 110, -1
1356, 1145, -1
1356, 110, -1
470, 1079, -1
470, 841, -1
470, 553, -1
470, 1109, -1
470, 707, -1
1356, 1079, -1
1356, 841, -1
1356, 553, -1
1356, 1109, -1
1356, 707, -1
470, 506, -1
1356, 506, -1
470, 1039, -1
1356, 1039, -1
506, 1234, -1
506, 990, -1
506, 501, -1
506, 500, -1
506, 1145, -1
506, 110, -1
506, 1079, -1
506, 841, -1
506, 553, -1
506, 1109, -1
506, 707, -1
506, 470, -1
506, 1356, -1
506, 1039, -1
1039, 1234, -1
1039, 990, -1
1039, 501, -1
1039, 500, -1
1039, 1145, -1
1039, 110, -1
1039, 1079, -1
1039, 841, -1
1039, 553, -1
1039, 1109, -1
1039, 707, -1
1039, 470, -1
1039, 1356, -1
1039, 506, -1

1234, 990, 1
1234, 501, 1
1234, 500, 1
990, 1234, 1
990, 501, 1
990, 500, 1
501, 1234, 1
501, 990, 1
501, 500, 1
500, 1234, 1
500, 990, 1
500, 501, 1
1145, 110, 1
110, 1145, 1
1079, 841, 1
1079, 553, 1
1079, 1109, 1
1079, 707, 1
1079, 1125, 1
1079, 145, 1
1079, 1201, 1
841, 1079, 1
841, 553, 1
841, 1109, 1
841, 707, 1
841, 1125, 1
841, 145, 1
841, 1201, 1
553, 1079, 1
553, 841, 1
553, 1109, 1
553, 707, 1
553, 1125, 1
553, 145, 1
553, 1201, 1
1109, 1079, 1
1109, 841, 1
1109, 553, 1
1109, 707, 1
1109, 1125, 1
1109, 145, 1
1109, 1201, 1
707, 1079, 1
707, 841, 1
707, 553, 1
707, 1109, 1
707, 1125, 1
707, 145, 1
707, 1201, 1
1125, 1079, 1
1125, 841, 1
1125, 553, 1
1125, 1109, 1
1125, 707, 1
1125, 145, 1
1125, 1201, 1
145, 1079, 1
145, 841, 1
145, 553, 1
145, 1109, 1
145, 707, 1
145, 1125, 1
145, 1201, 1
1201, 1079, 1
1201, 841, 1
1201, 553, 1
1201, 1109, 1
1201, 707, 1
1201, 1125, 1
1201, 145, 1
470, 1356, 1
1356, 470, 1
1234, 1145, -1
1234, 110, -1
990, 1145, -1
990, 110, -1
501, 1145, -1
501, 110, -1
500, 1145, -1
500, 110, -1
1234, 1079, -1
1234, 841, -1
1234, 553, -1
1234, 1109, -1
1234, 707, -1
1234, 1125, -1
1234, 145, -1
1234, 1201, -1
990, 1079, -1
990, 841, -1
990, 553, -1
990, 1109, -1
990, 707, -1
990, 1125, -1
990, 145, -1
990, 1201, -1
501, 1079, -1
501, 841, -1
501, 553, -1
501, 1109, -1
501, 707, -1
501, 1125, -1
501, 145, -1
501, 1201, -1
500, 1079, -1
500, 841, -1
500, 553, -1
500, 1109, -1
500, 707, -1
500, 1125, -1
500, 145, -1
500, 1201, -1
1234, 470, -1
1234, 1356, -1
990, 470, -1
990, 1356, -1
501, 470, -1
501, 1356, -1
500, 470, -1
500, 1356, -1
1234, 506, -1
990, 506, -1
501, 506, -1
500, 506, -1
1234, 1039, -1
990, 1039, -1
501, 1039, -1
500, 1039, -1
1145, 1234, -1
1145, 990, -1
1145, 501, -1
1145, 500, -1
110, 1234, -1
110, 990, -1
110, 501, -1
110, 500, -1
1145, 1079, -1
1145, 841, -1
1145, 553, -1
1145, 1109, -1
1145, 707, -1
1145, 1125, -1
1145, 145, -1
1145, 1201, -1
110, 1079, -1
110, 841, -1
110, 553, -1
110, 1109, -1
110, 707, -1
110, 1125, -1
110, 145, -1
110, 1201, -1
1145, 470, -1
1145, 1356, -1
110, 470, -1
110, 1356, -1
1145, 506, -1
110, 506, -1
1145, 1039, -1
110, 1039, -1
1079, 1234, -1
1079, 990, -1
1079, 501, -1
1079, 500, -1
841, 1234, -1
841, 990, -1
841, 501, -1
841, 500, -1
553, 1234, -1
553, 990, -1
553, 501, -1
553, 500, -1
1109, 1234, -1
1109, 990, -1
1109, 501, -1
1109, 500, -1
707, 1234, -1
707, 990, -1
707, 501, -1
707, 500, -1
1125, 1234, -1
1125, 990, -1
1125, 501, -1
1125, 500, -1
145, 1234, -1
145, 990, -1
145, 501, -1
145, 500, -1
1201, 1234, -1
1201, 990, -1
1201, 501, -1
1201, 500, -1
1079, 1145, -1
1079, 110, -1
841, 1145, -1
841, 110, -1
553, 1145, -1
553, 110, -1
1109, 1145, -1
1109, 110, -1
707, 1145, -1
707, 110, -1
1125, 1145, -1
1125, 110, -1
145, 1145, -1
145, 110, -1
1201, 1145, -1
1201, 110, -1
1079, 470, -1
1079, 1356, -1
841, 470, -1
841, 1356, -1
553, 470, -1
553, 1356, -1
1109, 470, -1
1109, 1356, -1
707, 470, -1
707, 1356, -1
1125, 470, -1
1125, 1356, -1
145, 470, -1
145, 1356, -1
1201, 470, -1
1201, 1356, -1
1079, 506, -1
841, 506, -1
553, 506, -1
1109, 506, -1
707, 506, -1
1125, 506, -1
145, 506, -1
1201, 506, -1
1079, 1039, -1
841, 1039, -1
553, 1039, -1
1109, 1039, -1
707, 1039, -1
1125, 1039, -1
145, 1039, -1
1201, 1039, -1
470, 1234, -1
470, 990, -1
470, 501, -1
470, 500, -1
1356, 1234, -1
1356, 990, -1
1356, 501, -1
1356, 500, -1
470, 1145, -1
470, 110, -1
1356, 1145, -1
1356, 110, -1
470, 1079, -1
470, 841, -1
470, 553, -1
470, 1109, -1
470, 707, -1
470, 1125, -1
470, 145, -1
470, 1201, -1
1356, 1079, -1
1356, 841, -1
1356, 553, -1
1356, 1109, -1
1356, 707, -1
1356, 1125, -1
1356, 145, -1
1356, 1201, -1
470, 506, -1
1356, 506, -1
470, 1039, -1
1356, 1039, -1
506, 1234, -1
506, 990, -1
506, 501, -1
506, 500, -1
506, 1145, -1
506, 110, -1
506, 1079, -1
506, 841, -1
506, 553, -1
506, 1109, -1
506, 707, -1
506, 1125, -1
506, 145, -1
506, 1201, -1
506, 470, -1
506, 1356, -1
506, 1039, -1
1039, 1234, -1
1039, 990, -1
1039, 501, -1
1039, 500, -1
1039, 1145, -1
1039, 110, -1
1039, 1079, -1
1039, 841, -1
1039, 553, -1
1039, 1109, -1
1039, 707, -1
1039, 1125, -1
1039, 145, -1
1039, 1201, -1
1039, 470, -1
1039, 1356, -1
1039, 506, -1

1234, 990, 1
1234, 501, 1
1234, 500, 1
990, 1234, 1
990, 501, 1
990, 500, 1
501, 1234, 1
501, 990, 1
501, 500, 1
500, 1234, 1
500, 990, 1
500, 501, 1
1145, 110, 1
110, 1145, 1
1079, 841, 1
1079, 553, 1
1079, 1109, 1
1079, 707, 1
1079, 1125, 1
1079, 145, 1
1079, 1201, 1
841, 1079, 1
841, 553, 1
841, 1109, 1
841, 707, 1
841, 1125, 1
841, 145, 1
841, 1201, 1
553, 1079, 1
553, 841, 1
553, 1109, 1
553, 707, 1
553, 1125, 1
553, 145, 1
553, 1201, 1
1109, 1079, 1
1109, 841, 1
1109, 553, 1
1109, 707, 1
1109, 1125, 1
1109, 145, 1
1109, 1201, 1
707, 1079, 1
707, 841, 1
707, 553, 1
707, 1109, 1
707, 1125, 1
707, 145, 1
707, 1201, 1
1125, 1079, 1
1125, 841, 1
1125, 553, 1
1125, 1109, 1
1125, 707, 1
1125, 145, 1
1125, 1201, 1
145, 1079, 1
145, 841, 1
145, 553, 1
145, 1109, 1
145, 707, 1
145, 1125, 1
145, 1201, 1
1201, 1079, 1
1201, 841, 1
1201, 553, 1
1201, 1109, 1
1201, 707, 1
1201, 1125, 1
1201, 145, 1
470, 1356, 1
1356, 470, 1
1039, 84, 1
84, 1039, 1
1234, 1145, -1
1234, 110, -1
990, 1145, -1
990, 110, -1
501, 1145, -1
501, 110, -1
500, 1145, -1
500, 110, -1
1234, 1079, -1
1234, 841, -1
1234, 553, -1
1234, 1109, -1
1234, 707, -1
1234, 1125, -1
1234, 145, -1
1234, 1201, -1
990, 1079, -1
990, 841, -1
990, 553, -1
990, 1109, -1
990, 707, -1
990, 1125, -1
990, 145, -1
990, 1201, -1
501, 1079, -1
501, 841, -1
501, 553, -1
501, 1109, -1
501, 707, -1
501, 1125, -1
501, 145, -1
501, 1201, -1
500, 1079, -1
500, 841, -1
500, 553, -1
500, 1109, -1
500, 707, -1
500, 1125, -1
500, 145, -1
500, 1201, -1
1234, 470, -1
1234, 1356, -1
990, 470, -1
990, 1356, -1
501, 470, -1
501, 1356, -1
500, 470, -1
500, 1356, -1
1234, 506, -1
990, 506, -1
501, 506, -1
500, 506, -1
1234, 1039, -1
1234, 84, -1
990, 1039, -1
990, 84, -1
501, 1039, -1
501, 84, -1
500, 1039, -1
500, 84, -1
1145, 1234, -1
1145, 990, -1
1145, 501, -1
1145, 500, -1
110, 1234, -1
110, 990, -1
110, 501, -1
110, 500, -1
1145, 1079, -1
1145, 841, -1
1145, 553, -1
1145, 1109, -1
1145, 707, -1
1145, 1125, -1
1145, 145, -1
1145, 1201, -1
110, 1079, -1
110, 841, -1
110, 553, -1
110, 1109, -1
110, 707, -1
110, 1125, -1
110, 145, -1
110, 1201, -1
1145, 470, -1
1145, 1356, -1
110, 470, -1
110, 1356, -1
1145, 506, -1
110, 506, -1
1145, 1039, -1
1145, 84, -1
110, 1039, -1
110, 84, -1
1079, 1234, -1
1079, 990, -1
1079, 501, -1
1079, 500, -1
841, 1234, -1
841, 990, -1
841, 501, -1
841, 500, -1
553, 1234, -1
553, 990, -1
553, 501, -1
553, 500, -1
1109, 1234, -1
1109, 990, -1
1109, 501, -1
1109, 500, -1
707, 1234, -1
707, 990, -1
707, 501, -1
707, 500, -1
1125, 1234, -1
1125, 990, -1
1125, 501, -1
1125, 500, -1
145, 1234, -1
145, 990, -1
145, 501, -1
145, 500, -1
1201, 1234, -1
1201, 990, -1
1201, 501, -1
1201, 500, -1
1079, 1145, -1
1079, 110, -1
841, 1145, -1
841, 110, -1
553, 1145, -1
553, 110, -1
1109, 1145, -1
1109, 110, -1
707, 1145, -1
707, 110, -1
1125, 1145, -1
1125, 110, -1
145, 1145, -1
145, 110, -1
1201, 1145, -1
1201, 110, -1
1079, 470, -1
1079, 1356, -1
841, 470, -1
841, 1356, -1
553, 470, -1
553, 1356, -1
1109, 470, -1
1109, 1356, -1
707, 470, -1
707, 1356, -1
1125, 470, -1
1125, 1356, -1
145, 470, -1
145, 1356, -1
1201, 470, -1
1201, 1356, -1
1079, 506, -1
841, 506, -1
553, 506, -1
1109, 506, -1
707, 506, -1
1125, 506, -1
145, 506, -1
1201, 506, -1
1079, 1039, -1
1079, 84, -1
841, 1039, -1
841, 84, -1
553, 1039, -1
553, 84, -1
1109, 1039, -1
1109, 84, -1
707, 1039, -1
707, 84, -1
1125, 1039, -1
1125, 84, -1
145, 1039, -1
145, 84, -1
1201, 1039, -1
1201, 84, -1
470, 1234, -1
470, 990, -1
470, 501, -1
470, 500, -1
1356, 1234, -1
1356, 990, -1
1356, 501, -1
1356, 500, -1
470, 1145, -1
470, 110, -1
1356, 1145, -1
1356, 110, -1
470, 1079, -1
470, 841, -1
470, 553, -1
470, 1109, -1
470, 707, -1
470, 1125, -1
470, 145, -1
470, 1201, -1
1356, 1079, -1
1356, 841, -1
1356, 553, -1
1356, 1109, -1
1356, 707, -1
1356, 1125, -1
1356, 145, -1
1356, 1201, -1
470, 506, -1
1356, 506, -1
470, 1039, -1
470, 84, -1
1356, 1039, -1
1356, 84, -1
506, 1234, -1
506, 990, -1
506, 501, -1
506, 500, -1
506, 1145, -1
506, 110, -1
506, 1079, -1
506, 841, -1
506, 553, -1
506, 1109, -1
506, 707, -1
506, 1125, -1
506, 145, -1
506, 1201, -1
506, 470, -1
506, 1356, -1
506, 1039, -1
506, 84, -1
1039, 1234, -1
1039, 990, -1
1039, 501, -1
1039, 500, -1
84, 1234, -1
84, 990, -1
84, 501, -1
84, 500, -1
1039, 1145, -1
1039, 110, -1
84, 1145, -1
84, 110, -1
1039, 1079, -1
1039, 841, -1
1039, 553, -1
1039, 1109, -1
1039, 707, -1
1039, 1125, -1
1039, 145, -1
1039, 1201, -1
84, 1079, -1
84, 841, -1
84, 553, -1
84, 1109, -1
84, 707, -1
84, 1125, -1
84, 145, -1
84, 1201, -1
1039, 470, -1
1039, 1356, -1
84, 470, -1
84, 1356, -1
1039, 506, -1
84, 506, -1

1234, 990, 1
1234, 501, 1
1234, 500, 1
990, 1234, 1
990, 501, 1
990, 500, 1
501, 1234, 1
501, 990, 1
501, 500, 1
500, 1234, 1
500, 990, 1
500, 501, 1
1145, 110, 1
110, 1145, 1
1079, 841, 1
1079, 553, 1
1079, 1109, 1
1079, 707, 1
1079, 1125, 1
1079, 145, 1
1079, 1201, 1
841, 1079, 1
841, 553, 1
841, 1109, 1
841, 707, 1
841, 1125, 1
841, 145, 1
841, 1201, 1
553, 1079, 1
553, 841, 1
553, 1109, 1
553, 707, 1
553, 1125, 1
553, 145, 1
553, 1201, 1
1109, 1079, 1
1109, 841, 1
1109, 553, 1
1109, 707, 1
1109, 1125, 1
1109, 145, 1
1109, 1201, 1
707, 1079, 1
707, 841, 1
707, 553, 1
707, 1109, 1
707, 1125, 1
707, 145, 1
707, 1201, 1
1125, 1079, 1
1125, 841, 1
1125, 553, 1
1125, 1109, 1
1125, 707, 1
1125, 145, 1
1125, 1201, 1
145, 1079, 1
145, 841, 1
145, 553, 1
145, 1109, 1
145, 707, 1
145, 1125, 1
145, 1201, 1
1201, 1079, 1
1201, 841, 1
1201, 553, 1
1201, 1109, 1
1201, 707, 1
1201, 1125, 1
1201, 145, 1
470, 1356, 1
1356, 470, 1
1039, 84, 1
1039, 587, 1
84, 1039, 1
84, 587, 1
587, 1039, 1
587, 84, 1
1234, 1145, -1
1234, 110, -1
990, 1145, -1
990, 110, -1
501, 1145, -1
501, 110, -1
500, 1145, -1
500, 110, -1
1234, 1079, -1
1234, 841, -1
1234, 553, -1
1234, 1109, -1
1234, 707, -1
1234, 1125, -1
1234, 145, -1
1234, 1201, -1
990, 1079, -1
990, 841, -1
990, 553, -1
990, 1109, -1
990, 707, -1
990, 1125, -1
990, 145, -1
990, 1201, -1
501, 1079, -1
501, 841, -1
501, 553, -1
501, 1109, -1
501, 707, -1
501, 1125, -1
501, 145, -1
501, 1201, -1
500, 1079, -1
500, 841, -1
500, 553, -1
500, 1109, -1
500, 707, -1
500, 1125, -1
500, 145, -1
500, 1201, -1
1234, 470, -1
1234, 1356, -1
990, 470, -1
990, 1356, -1
501, 470, -1
501, 1356, -1
500, 470, -1
500, 1356, -1
1234, 506, -1
990, 506, -1
501, 506, -1
500, 506, -1
1234, 1039, -1
1234, 84, -1
1234, 587, -1
990, 1039, -1
990, 84, -1
990, 587, -1
501, 1039, -1
501, 84, -1
501, 587, -1
500, 1039, -1
500, 84, -1
500, 587, -1
1145, 1234, -1
1145, 990, -1
1145, 501, -1
1145, 500, -1
110, 1234, -1
110, 990, -1
110, 501, -1
110, 500, -1
1145, 1079, -1
1145, 841, -1
1145, 553, -1
1145, 1109, -1
1145, 707, -1
1145, 1125, -1
1145, 145, -1
1145, 1201, -1
110, 1079, -1
110, 841, -1
110, 553, -1
110, 1109, -1
110, 707, -1
110, 1125, -1
110, 145, -1
110, 1201, -1
1145, 470, -1
1145, 1356, -1
110, 470, -1
110, 1356, -1
1145, 506, -1
110, 506, -1
1145, 1039, -1
1145, 84, -1
1145, 587, -1
110, 1039, -1
110, 84, -1
110, 587, -1
1079, 1234, -1
1079, 990, -1
1079, 501, -1
1079, 500, -1
841, 1234, -1
841, 990, -1
841, 501, -1
841, 500, -1
553, 1234, -1
553, 990, -1
553, 501, -1
553, 500, -1
1109, 1234, -1
1109, 990, -1
1109, 501, -1
1109, 500, -1
707, 1234, -1
707, 990, -1
707, 501, -1
707, 500, -1
1125, 1234, -1
1125, 990, -1
1125, 501, -1
1125, 500, -1
145, 1234, -1
145, 990, -1
145, 501, -1
145, 500, -1
1201, 1234, -1
1201, 990, -1
1201, 501, -1
1201, 500, -1
1079, 1145, -1
1079, 110, -1
841, 1145, -1
841, 110, -1
553, 1145, -1
553, 110, -1
1109, 1145, -1
1109, 110, -1
707, 1145, -1
707, 110, -1
1125, 1145, -1
1125, 110, -1
145, 1145, -1
145, 110, -1
1201, 1145, -1
1201, 110, -1
1079, 470, -1
1079, 1356, -1
841, 470, -1
841, 1356, -1
553, 470, -1
553, 1356, -1
1109, 470, -1
1109, 1356, -1
707, 470, -1
707, 1356, -1
1125, 470, -1
1125, 1356, -1
145, 470, -1
145, 1356, -1
1201, 470, -1
1201, 1356, -1
1079, 506, -1
841, 506, -1
553, 506, -1
1109, 506, -1
707, 506, -1
1125, 506, -1
145, 506, -1
1201, 506, -1
1079, 1039, -1
1079, 84, -1
1079, 587, -1
841, 1039, -1
841, 84, -1
841, 587, -1
553, 1039, -1
553, 84, -1
553, 587, -1
1109, 1039, -1
1109, 84, -1
1109, 587, -1
707, 1039, -1
707, 84, -1
707, 587, -1
1125, 1039, -1
1125, 84, -1
1125, 587, -1
145, 1039, -1
145, 84, -1
145, 587, -1
1201, 1039, -1
1201, 84, -1
1201, 587, -1
470, 1234, -1
470, 990, -1
470, 501, -1
470, 500, -1
1356, 1234, -1
1356, 990, -1
1356, 501, -1
1356, 500, -1
470, 1145, -1
470, 110, -1
1356, 1145, -1
1356, 110, -1
470, 1079, -1
470, 841, -1
470, 553, -1
470, 1109, -1
470, 707, -1
470, 1125, -1
470, 145, -1
470, 1201, -1
1356, 1079, -1
1356, 841, -1
1356, 553, -1
1356, 1109, -1
1356, 707, -1
1356, 1125, -1
1356, 145, -1
1356, 1201, -1
470, 506, -1
1356, 506, -1
470, 1039, -1
470, 84, -1
470, 587, -1
1356, 1039, -1
1356, 84, -1
1356, 587, -1
506, 1234, -1
506, 990, -1
506, 501, -1
506, 500, -1
506, 1145, -1
506, 110, -1
506, 1079, -1
506, 841, -1
506, 553, -1
506, 1109, -1
506, 707, -1
506, 1125, -1
506, 145, -1
506, 1201, -1
506, 470, -1
506, 1356, -1
506, 1039, -1
506, 84, -1
506, 587, -1
1039, 1234, -1
1039, 990, -1
1039, 501, -1
1039, 500, -1
84, 1234, -1
84, 990, -1
84, 501, -1
84, 500, -1
587, 1234, -1
587, 990, -1
587, 501, -1
587, 500, -1
1039, 1145, -1
1039, 110, -1
84, 1145, -1
84, 110, -1
587, 1145, -1
587, 110, -1
1039, 1079, -1
1039, 841, -1
1039, 553, -1
1039, 1109, -1
1039, 707, -1
1039, 1125, -1
1039, 145, -1
1039, 1201, -1
84, 1079, -1
84, 841, -1
84, 553, -1
84, 1109, -1
84, 707, -1
84, 1125, -1
84, 145, -1
84, 1201, -1
587, 1079, -1
587, 841, -1
587, 553, -1
587, 1109, -1
587, 707, -1
587, 1125, -1
587, 145, -1
587, 1201, -1
1039, 470, -1
1039, 1356, -1
84, 470, -1
84, 1356, -1
587, 470, -1
587, 1356, -1
1039, 506, -1
84, 506, -1
587, 506, -1

1234, 990, 1
1234, 501, 1
1234, 500, 1
990, 1234, 1
990, 501, 1
990, 500, 1
501, 1234, 1
501, 990, 1
501, 500, 1
500, 1234, 1
500, 990, 1
500, 501, 1
1145, 110, 1
1145, 720, 1
110, 1145, 1
110, 720, 1
720, 1145, 1
720, 110, 1
1079, 841, 1
1079, 553, 1
1079, 1109, 1
1079, 707, 1
1079, 1125, 1
1079, 145, 1
1079, 1201, 1
841, 1079, 1
841, 553, 1
841, 1109, 1
841, 707, 1
841, 1125, 1
841, 145, 1
841, 1201, 1
553, 1079, 1
553, 841, 1
553, 1109, 1
553, 707, 1
553, 1125, 1
553, 145, 1
553, 1201, 1
1109, 1079, 1
1109, 841, 1
1109, 553, 1
1109, 707, 1
1109, 1125, 1
1109, 145, 1
1109, 1201, 1
707, 1079, 1
707, 841, 1
707, 553, 1
707, 1109, 1
707, 1125, 1
707, 145, 1
707, 1201, 1
1125, 1079, 1
1125, 841, 1
1125, 553, 1
1125, 1109, 1
1125, 707, 1
1125, 145, 1
1125, 1201, 1
145, 1079, 1
145, 841, 1
145, 553, 1
145, 1109, 1
145, 707, 1
145, 1125, 1
145, 1201, 1
1201, 1079, 1
1201, 841, 1
1201, 553, 1
1201, 1109, 1
1201, 707, 1
1201, 1125, 1
1201, 145, 1
470, 1356, 1
1356, 470, 1
1039, 84, 1
1039, 587, 1
84, 1039, 1
84, 587, 1
587, 1039, 1
587, 84, 1
1234, 1145, -1
1234, 110, -1
1234, 720, -1
990, 1145, -1
990, 110, -1
990, 720, -1
501, 1145, -1
501, 110, -1
501, 720, -1
500, 1145, -1
500, 110, -1
500, 720, -1
1234, 1079, -1
1234, 841, -1
1234, 553, -1
1234, 1109, -1
1234, 707, -1
1234, 1125, -1
1234, 145, -1
1234, 1201, -1
990, 1079, -1
990, 841, -1
990, 553, -1
990, 1109, -1
990, 707, -1
990, 1125, -1
990, 145, -1
990, 1201, -1
501, 1079, -1
501, 841, -1
501, 553, -1
501, 1109, -1
501, 707, -1
501, 1125, -1
501, 145, -1
501, 1201, -1
500, 1079, -1
500, 841, -1
500, 553, -1
500, 1109, -1
500, 707, -1
500, 1125, -1
500, 145, -1
500, 1201, -1
1234, 470, -1
1234, 1356, -1
990, 470, -1
990, 1356, -1
501, 470, -1
501, 1356, -1
500, 470, -1
500, 1356, -1
1234, 506, -1
990, 506, -1
501, 506, -1
500, 506, -1
1234, 1039, -1
1234, 84, -1
1234, 587, -1
990, 1039, -1
990, 84, -1
990, 587, -1
501, 1039, -1
501, 84, -1
501, 587, -1
500, 1039, -1
500, 84, -1
500, 587, -1
1234, 1120, -1
990, 1120, -1
501, 1120, -1
500, 1120, -1
1145, 1234, -1
1145, 990, -1
1145, 501, -1
1145, 500, -1
110, 1234, -1
110, 990, -1
110, 501, -1
110, 500, -1
720, 1234, -1
720, 990, -1
720, 501, -1
720, 500, -1
1145, 1079, -1
1145, 841, -1
1145, 553, -1
1145, 1109, -1
1145, 707, -1
1145, 1125, -1
1145, 145, -1
1145, 1201, -1
110, 1079, -1
110, 841, -1
110, 553, -1
110, 1109, -1
110, 707, -1
110, 1125, -1
110, 145, -1
110, 1201, -1
720, 1079, -1
720, 841, -1
720, 553, -1
720, 1109, -1
720, 707, -1
720, 1125, -1
720, 145, -1
720, 1201, -1
1145, 470, -1
1145, 1356, -1
110, 470, -1
110, 1356, -1
720, 470, -1
720, 1356, -1
1145, 506, -1
110, 506, -1
720, 506, -1
1145, 1039, -1
1145, 84, -1
1145, 587, -1
110, 1039, -1
110, 84, -1
110, 587, -1
720, 1039, -1
720, 84, -1
720, 587, -1
1145, 1120, -1
110, 1120, -1
720, 1120, -1
1079, 1234, -1
1079, 990, -1
1079, 501, -1
1079, 500, -1
841, 1234, -1
841, 990, -1
841, 501, -1
841, 500, -1
553, 1234, -1
553, 990, -1
553, 501, -1
553, 500, -1
1109, 1234, -1
1109, 990, -1
1109, 501, -1
1109, 500, -1
707, 1234, -1
707, 990, -1
707, 501, -1
707, 500, -1
1125, 1234, -1
1125, 990, -1
1125, 501, -1
1125, 500, -1
145, 1234, -1
145, 990, -1
145, 501, -1
145, 500, -1
1201, 1234, -1
1201, 990, -1
1201, 501, -1
1201, 500, -1
1079, 1145, -1
1079, 110, -1
1079, 720, -1
841, 1145, -1
841, 110, -1
841, 720, -1
553, 1145, -1
553, 110, -1
553, 720, -1
1109, 1145, -1
1109, 110, -1
1109, 720, -1
707, 1145, -1
707, 110, -1
707, 720, -1
1125, 1145, -1
1125, 110, -1
1125, 720, -1
145, 1145, -1
145, 110, -1
145, 720, -1
1201, 1145, -1
1201, 110, -1
1201, 720, -1
1079, 470, -1
1079, 1356, -1
841, 470, -1
841, 1356, -1
553, 470, -1
553, 1356, -1
1109, 470, -1
1109, 1356, -1
707, 470, -1
707, 1356, -1
1125, 470, -1
1125, 1356, -1
145, 470, -1
145, 1356, -1
1201, 470, -1
1201, 1356, -1
1079, 506, -1
841, 506, -1
553, 506, -1
1109, 506, -1
707, 506, -1
1125, 506, -1
145, 506, -1
1201, 506, -1
1079, 1039, -1
1079, 84, -1
1079, 587, -1
841, 1039, -1
841, 84, -1
841, 587, -1
553, 1039, -1
553, 84, -1
553, 587, -1
1109, 1039, -1
1109, 84, -1
1109, 587, -1
707, 1039, -1
707, 84, -1
707, 587, -1
1125, 1039, -1
1125, 84, -1
1125, 587, -1
145, 1039, -1
145, 84, -1
145, 587, -1
1201, 1039, -1
1201, 84, -1
1201, 587, -1
1079, 1120, -1
841, 1120, -1
553, 1120, -1
1109, 1120, -1
707, 1120, -1
1125, 1120, -1
145, 1120, -1
1201, 1120, -1
470, 1234, -1
470, 990, -1
470, 501, -1
470, 500, -1
1356, 1234, -1
1356, 990, -1
1356, 501, -1
1356, 500, -1
470, 1145, -1
470, 110, -1
470, 720, -1
1356, 1145, -1
1356, 110, -1
1356, 720, -1
470, 1079, -1
470, 841, -1
470, 553, -1
470, 1109, -1
470, 707, -1
470, 1125, -1
470, 145, -1
470, 1201, -1
1356, 1079, -1
1356, 841, -1
1356, 553, -1
1356, 1109, -1
1356, 707, -1
1356, 1125, -1
1356, 145, -1
1356, 1201, -1
470, 506, -1
1356, 506, -1
470, 1039, -1
470, 84, -1
470, 587, -1
1356, 1039, -1
1356, 84, -1
1356, 587, -1
470, 1120, -1
1356, 1120, -1
506, 1234, -1
506, 990, -1
506, 501, -1
506, 500, -1
506, 1145, -1
506, 110, -1
506, 720, -1
506, 1079, -1
506, 841, -1
506, 553, -1
506, 1109, -1
506, 707, -1
506, 1125, -1
506, 145, -1
506, 1201, -1
506, 470, -1
506, 1356, -1
506, 1039, -1
506, 84, -1
506, 587, -1
506, 1120, -1
1039, 1234, -1
1039, 990, -1
1039, 501, -1
1039, 500, -1
84, 1234, -1
84, 990, -1
84, 501, -1
84, 500, -1
587, 1234, -1
587, 990, -1
587, 501, -1
587, 500, -1
1039, 1145, -1
1039, 110, -1
1039, 720, -1
84, 1145, -1
84, 110, -1
84, 720, -1
587, 1145, -1
587, 110, -1
587, 720, -1
1039, 1079, -1
1039, 841, -1
1039, 553, -1
1039, 1109, -1
1039, 707, -1
1039, 1125, -1
1039, 145, -1
1039, 1201, -1
84, 1079, -1
84, 841, -1
84, 553, -1
84, 1109, -1
84, 707, -1
84, 1125, -1
84, 145, -1
84, 1201, -1
587, 1079, -1
587, 841, -1
587, 553, -1
587, 1109, -1
587, 707, -1
587, 1125, -1
587, 145, -1
587, 1201, -1
1039, 470, -1
1039, 1356, -1
84, 470, -1
84, 1356, -1
587, 470, -1
587, 1356, -1
1039, 506, -1
84, 506, -1
587, 506, -1
1039, 1120, -1
84, 1120, -1
587, 1120, -1
1120, 1234, -1
1120, 990, -1
1120, 501, -1
1120, 500, -1
1120, 1145, -1
1120, 110, -1
1120, 720, -1
1120, 1079, -1
1120, 841, -1
1120, 553, -1
1120, 1109, -1
1120, 707, -1
1120, 1125, -1
1120, 145, -1
1120, 1201, -1
1120, 470, -1
1120, 1356, -1
1120, 506, -1
1120, 1039, -1
1120, 84, -1
1120, 587, -1

1234, 990, 1
1234, 501, 1
1234, 500, 1
1234, 1000, 1
990, 1234, 1
990, 501, 1
990, 500, 1
990, 1000, 1
501, 1234, 1
501, 990, 1
501, 500, 1
501, 1000, 1
500, 1234, 1
500, 990, 1
500, 501, 1
500, 1000, 1
1000, 1234, 1
1000, 990, 1
1000, 501, 1
1000, 500, 1
1145, 110, 1
1145, 720, 1
110, 1145, 1
110, 720, 1
720, 1145, 1
720, 110, 1
1079, 841, 1
1079, 553, 1
1079, 1109, 1
1079, 707, 1
1079, 1125, 1
1079, 145, 1
1079, 1201, 1
1079, 695, 1
841, 1079, 1
841, 553, 1
841, 1109, 1
841, 707, 1
841, 1125, 1
841, 145, 1
841, 1201, 1
841, 695, 1
553, 1079, 1
553, 841, 1
553, 1109, 1
553, 707, 1
553, 1125, 1
553, 145, 1
553, 1201, 1
553, 695, 1
1109, 1079, 1
1109, 841, 1
1109, 553, 1
1109, 707, 1
1109, 1125, 1
1109, 145, 1
1109, 1201, 1
1109, 695, 1
707, 1079, 1
707, 841, 1
707, 553, 1
707, 1109, 1
707, 1125, 1
707, 145, 1
707, 1201, 1
707, 695, 1
1125, 1079, 1
1125, 841, 1
1125, 553, 1
1125, 1109, 1
1125, 707, 1
1125, 145, 1
1125, 1201, 1
1125, 695, 1
145, 1079, 1
145, 841, 1
145, 553, 1
145, 1109, 1
145, 707, 1
145, 1125, 1
145, 1201, 1
145, 695, 1
1201, 1079, 1
1201, 841, 1
1201, 553, 1
1201, 1109, 1
1201, 707, 1
1201, 1125, 1
1201, 145, 1
1201, 695, 1
695, 1079, 1
695, 841, 1
695, 553, 1
695, 1109, 1
695, 707, 1
695, 1125, 1
695, 145, 1
695, 1201, 1
470, 1356, 1
1356, 470, 1
1039, 84, 1
1039, 587, 1
1039, 899, 1
84, 1039, 1
84, 587, 1
84, 899, 1
587, 1039, 1
587, 84, 1
587, 899, 1
899, 1039, 1
899, 84, 1
899, 587, 1
1234, 1145, -1
1234, 110, -1
1234, 720, -1
990, 1145, -1
990, 110, -1
990, 720, -1
501, 1145, -1
501, 110, -1
501, 720, -1
500, 1145, -1
500, 110, -1
500, 720, -1
1000, 1145, -1
1000, 110, -1
1000, 720, -1
1234, 1079, -1
1234, 841, -1
1234, 553, -1
1234, 1109, -1
1234, 707, -1
1234, 1125, -1
1234, 145, -1
1234, 1201, -1
1234, 695, -1
990, 1079, -1
990, 841, -1
990, 553, -1
990, 1109, -1
990, 707, -1
990, 1125, -1
990, 145, -1
990, 1201, -1
990, 695, -1
501, 1079, -1
501, 841, -1
501, 553, -1
501, 1109, -1
501, 707, -1
501, 1125, -1
501, 145, -1
501, 1201, -1
501, 695, -1
500, 1079, -1
500, 841, -1
500, 553, -1
500, 1109, -1
500, 707, -1
500, 1125, -1
500, 145, -1
500, 1201, -1
500, 695, -1
1000, 1079, -1
1000, 841, -1
1000, 553, -1
1000, 1109, -1
1000, 707, -1
1000, 1125, -1
1000, 145, -1
1000, 1201, -1
1000, 695, -1
1234, 470, -1
1234, 1356, -1
990, 470, -1
990, 1356, -1
501, 470, -1
501, 1356, -1
500, 470, -1
500, 1356, -1
1000, 470, -1
1000, 1356, -1
1234, 506, -1
990, 506, -1
501, 506, -1
500, 506, -1
1000, 506, -1
1234, 1039, -1
1234, 84, -1
1234, 587, -1
1234, 899, -1
990, 1039, -1
990, 84, -1
990, 587, -1
990, 899, -1
501, 1039, -1
501, 84, -1
501, 587, -1
501, 899, -1
500, 1039, -1
500, 84, -1
500, 587, -1
500, 899, -1
1000, 1039, -1
1000, 84, -1
1000, 587, -1
1000, 899, -1
1234, 1120, -1
990, 1120, -1
501, 1120, -1
500, 1120, -1
1000, 1120, -1
1145, 1234, -1
1145, 990, -1
1145, 501, -1
1145, 500, -1
1145, 1000, -1
110, 1234, -1
110, 990, -1
110, 501, -1
110, 500, -1
110, 1000, -1
720, 1234, -1
720, 990, -1
720, 501, -1
720, 500, -1
720, 1000, -1
1145, 1079, -1
1145, 841, -1
1145, 553, -1
1145, 1109, -1
1145, 707, -1
1145, 1125, -1
1145, 145, -1
1145, 1201, -1
1145, 695, -1
110, 1079, -1
110, 841, -1
110, 553, -1
110, 1109, -1
110, 707, -1
110, 1125, -1
110, 145, -1
110, 1201, -1
110, 695, -1
720, 1079, -1
720, 841, -1
720, 553, -1
720, 1109, -1
720, 707, -1
720, 1125, -1
720, 145, -1
720, 1201, -1
720, 695, -1
1145, 470, -1
1145, 1356, -1
110, 470, -1
110, 1356, -1
720, 470, -1
720, 1356, -1
1145, 506, -1
110, 506, -1
720, 506, -1
1145, 1039, -1
1145, 84, -1
1145, 587, -1
1145, 899, -1
110, 1039, -1
110, 84, -1
110, 587, -1
110, 899, -1
720, 1039, -1
720, 84, -1
720, 587, -1
720, 899, -1
1145, 1120, -1
110, 1120, -1
720, 1120, -1
1079, 1234, -1
1079, 990, -1
1079, 501, -1
1079, 500, -1
1079, 1000, -1
841, 1234, -1
841, 990, -1
841, 501, -1
841, 500, -1
841, 1000, -1
553, 1234, -1
553, 990, -1
553, 501, -1
553, 500, -1
553, 1000, -1
1109, 1234, -1
1109, 990, -1
1109, 501, -1
1109, 500, -1
1109, 1000, -1
707, 1234, -1
707, 990, -1
707, 501, -1
707, 500, -1
707, 1000, -1
1125, 1234, -1
1125, 990, -1
1125, 501, -1
1125, 500, -1
1125, 1000, -1
145, 1234, -1
145, 990, -1
145, 501, -1
145, 500, -1
145, 1000, -1
1201, 1234, -1
1201, 990, -1
1201, 501, -1
1201, 500, -1
1201, 1000, -1
695, 1234, -1
695, 990, -1
695, 501, -1
695, 500, -1
695, 1000, -1
1079, 1145, -1
1079, 110, -1
1079, 720, -1
841, 1145, -1
841, 110, -1
841, 720, -1
553, 1145, -1
553, 110, -1
553, 720, -1
1109, 1145, -1
1109, 110, -1
1109, 720, -1
707, 1145, -1
707, 110, -1
707, 720, -1
1125, 1145, -1
1125, 110, -1
1125, 720, -1
145, 1145, -1
145, 110, -1
145, 720, -1
1201, 1145, -1
1201, 110, -1
1201, 720, -1
695, 1145, -1
695, 110, -1
695, 720, -1
1079, 470, -1
1079, 1356, -1
841, 470, -1
841, 1356, -1
553, 470, -1
553, 1356, -1
1109, 470, -1
1109, 1356, -1
707, 470, -1
707, 1356, -1
1125, 470, -1
1125, 1356, -1
145, 470, -1
145, 1356, -1
1201, 470, -1
1201, 1356, -1
695, 470, -1
695, 1356, -1
1079, 506, -1
841, 506, -1
553, 506, -1
1109, 506, -1
707, 506, -1
1125, 506, -1
145, 506, -1
1201, 506, -1
695, 506, -1
1079, 1039, -1
1079, 84, -1
1079, 587, -1
1079, 899, -1
841, 1039, -1
841, 84, -1
841, 587, -1
841, 899, -1
553, 1039, -1
553, 84, -1
553, 587, -1
553, 899, -1
1109, 1039, -1
1109, 84, -1
1109, 587, -1
1109, 899, -1
707, 1039, -1
707, 84, -1
707, 587, -1
707, 899, -1
1125, 1039, -1
1125, 84, -1
1125, 587, -1
1125, 899, -1
145, 1039, -1
145, 84, -1
145, 587, -1
145, 899, -1
1201, 1039, -1
1201, 84, -1
1201, 587, -1
1201, 899, -1
695, 1039, -1
695, 84, -1
695, 587, -1
695, 899, -1
1079, 1120, -1
841, 1120, -1
553, 1120, -1
1109, 1120, -1
707, 1120, -1
1125, 1120, -1
145, 1120, -1
1201, 1120, -1
695, 1120, -1
470, 1234, -1
470, 990, -1
470, 501, -1
470, 500, -1
470, 1000, -1
1356, 1234, -1
1356, 990, -1
1356, 501, -1
1356, 500, -1
1356, 1000, -1
470, 1145, -1
470, 110, -1
470, 720, -1
1356, 1145, -1
1356, 110, -1
1356, 720, -1
470, 1079, -1
470, 841, -1
470, 553, -1
470, 1109, -1
470, 707, -1
470, 1125, -1
470, 145, -1
470, 1201, -1
470, 695, -1
1356, 1079, -1
1356, 841, -1
1356, 553, -1
1356, 1109, -1
1356, 707, -1
1356, 1125, -1
1356, 145, -1
1356, 1201, -1
1356, 695, -1
470, 506, -1
1356, 506, -1
470, 1039, -1
470, 84, -1
470, 587, -1
470, 899, -1
1356, 1039, -1
1356, 84, -1
1356, 587, -1
1356, 899, -1
470, 1120, -1
1356, 1120, -1
506, 1234, -1
506, 990, -1
506, 501, -1
506, 500, -1
506, 1000, -1
506, 1145, -1
506, 110, -1
506, 720, -1
506, 1079, -1
506, 841, -1
506, 553, -1
506, 1109, -1
506, 707, -1
506, 1125, -1
506, 145, -1
506, 1201, -1
506, 695, -1
506, 470, -1
506, 1356, -1
506, 1039, -1
506, 84, -1
506, 587, -1
506, 899, -1
506, 1120, -1
1039, 1234, -1
1039, 990, -1
1039, 501, -1
1039, 500, -1
1039, 1000, -1
84, 1234, -1
84, 990, -1
84, 501, -1
84, 500, -1
84, 1000, -1
587, 1234, -1
587, 990, -1
587, 501, -1
587, 500, -1
587, 1000, -1
899, 1234, -1
899, 990, -1
899, 501, -1
899, 500, -1
899, 1000, -1
1039, 1145, -1
1039, 110, -1
1039, 720, -1
84, 1145, -1
84, 110, -1
84, 720, -1
587, 1145, -1
587, 110, -1
587, 720, -1
899, 1145, -1
899, 110, -1
899, 720, -1
1039, 1079, -1
1039, 841, -1
1039, 553, -1
1039, 1109, -1
1039, 707, -1
1039, 1125, -1
1039, 145, -1
1039, 1201, -1
1039, 695, -1
84, 1079, -1
84, 841, -1
84, 553, -1
84, 1109, -1
84, 707, -1
84, 1125, -1
84, 145, -1
84, 1201, -1
84, 695, -1
587, 1079, -1
587, 841, -1
587, 553, -1
587, 1109, -1
587, 707, -1
587, 1125, -1
587, 145, -1
587, 1201, -1
587, 695, -1
899, 1079, -1
899, 841, -1
899, 553, -1
899, 1109, -1
899, 707, -1
899, 1125, -1
899, 145, -1
899, 1201, -1
899, 695, -1
1039, 470, -1
1039, 1356, -1
84, 470, -1
84, 1356, -1
587, 470, -1
587, 1356, -1
899, 470, -1
899, 1356, -1
1039, 506, -1
84, 506, -1
587, 506, -1
899, 506, -1
1039, 1120, -1
84, 1120, -1
587, 1120, -1
899, 1120, -1
1120, 1234, -1
1120, 990, -1
1120, 501, -1
1120, 500, -1
1120, 1000, -1
1120, 1145, -1
1120, 110, -1
1120, 720, -1
1120, 1079, -1
1120, 841, -1
1120, 553, -1
1120, 1109, -1
1120, 707, -1
1120, 1125, -1
1120, 145, -1
1120, 1201, -1
1120, 695, -1
1120, 470, -1
1120, 1356, -1
1120, 506, -1
1120, 1039, -1
1120, 84, -1
1120, 587, -1
1120, 899, -1

1234, 990, 1
1234, 501, 1
1234, 500, 1
1234, 1000, 1
990, 1234, 1
990, 501, 1
990, 500, 1
990, 1000, 1
501, 1234, 1
501, 990, 1
501, 500, 1
501, 1000, 1
500, 1234, 1
500, 990, 1
500, 501, 1
500, 1000, 1
1000, 1234, 1
1000, 990, 1
1000, 501, 1
1000, 500, 1
1145, 110, 1
1145, 720, 1
110, 1145, 1
110, 720, 1
720, 1145, 1
720, 110, 1
1079, 841, 1
1079, 553, 1
1079, 1109, 1
1079, 707, 1
1079, 1125, 1
1079, 145, 1
1079, 1201, 1
1079, 695, 1
1079, 157, 1
841, 1079, 1
841, 553, 1
841, 1109, 1
841, 707, 1
841, 1125, 1
841, 145, 1
841, 1201, 1
841, 695, 1
841, 157, 1
553, 1079, 1
553, 841, 1
553, 1109, 1
553, 707, 1
553, 1125, 1
553, 145, 1
553, 1201, 1
553, 695, 1
553, 157, 1
1109, 1079, 1
1109, 841, 1
1109, 553, 1
1109, 707, 1
1109, 1125, 1
1109, 145, 1
1109, 1201, 1
1109, 695, 1
1109, 157, 1
707, 1079, 1
707, 841, 1
707, 553, 1
707, 1109, 1
707, 1125, 1
707, 145, 1
707, 1201, 1
707, 695, 1
707, 157, 1
1125, 1079, 1
1125, 841, 1
1125, 553, 1
1125, 1109, 1
1125, 707, 1
1125, 145, 1
1125, 1201, 1
1125, 695, 1
1125, 157, 1
145, 1079, 1
145, 841, 1
145, 553, 1
145, 1109, 1
145, 707, 1
145, 1125, 1
145, 1201, 1
145, 695, 1
145, 157, 1
1201, 1079, 1
1201, 841, 1
1201, 553, 1
1201, 1109, 1
1201, 707, 1
1201, 1125, 1
1201, 145, 1
1201, 695, 1
1201, 157, 1
695, 1079, 1
695, 841, 1
695, 553, 1
695, 1109, 1
695, 707, 1
695, 1125, 1
695, 145, 1
695, 1201, 1
695, 157, 1
157, 1079, 1
157, 841, 1
157, 553, 1
157, 1109, 1
157, 707, 1
157, 1125, 1
157, 145, 1
157, 1201, 1
157, 695, 1
470, 1356, 1
1356, 470, 1
506, 488, 1
488, 506, 1
1039, 84, 1
1039, 587, 1
1039, 899, 1
84, 1039, 1
84, 587, 1
84, 899, 1
587, 1039, 1
587, 84, 1
587, 899, 1
899, 1039, 1
899, 84, 1
899, 587, 1
1234, 1145, -1
1234, 110, -1
1234, 720, -1
990, 1145, -1
990, 110, -1
990, 720, -1
501, 1145, -1
501, 110, -1
501, 720, -1
500, 1145, -1
500, 110, -1
500, 720, -1
1000, 1145, -1
1000, 110, -1
1000, 720, -1
1234, 1079, -1
1234, 841, -1
1234, 553, -1
1234, 1109, -1
1234, 707, -1
1234, 1125, -1
1234, 145, -1
1234, 1201, -1
1234, 695, -1
1234, 157, -1
990, 1079, -1
990, 841, -1
990, 553, -1
990, 1109, -1
990, 707, -1
990, 1125, -1
990, 145, -1
990, 1201, -1
990, 695, -1
990, 157, -1
501, 1079, -1
501, 841, -1
501, 553, -1
501, 1109, -1
501, 707, -1
501, 1125, -1
501, 145, -1
501, 1201, -1
501, 695, -1
501, 157, -1
500, 1079, -1
500, 841, -1
500, 553, -1
500, 1109, -1
500, 707, -1
500, 1125, -1
500, 145, -1
500, 1201, -1
500, 695, -1
500, 157, -1
1000, 1079, -1
1000, 841, -1
1000, 553, -1
1000, 1109, -1
1000, 707, -1
1000, 1125, -1
1000, 145, -1
1000, 1201, -1
1000, 695, -1
1000, 157, -1
1234, 470, -1
1234, 1356, -1
990, 470, -1
990, 1356, -1
501, 470, -1
501, 1356, -1
500, 470, -1
500, 1356, -1
1000, 470, -1
1000, 1356, -1
1234, 506, -1
1234, 488, -1
990, 506, -1
990, 488, -1
501, 506, -1
501, 488, -1
500, 506, -1
500, 488, -1
1000, 506, -1
1000, 488, -1
1234, 1039, -1
1234, 84, -1
1234, 587, -1
1234, 899, -1
990, 1039, -1
990, 84, -1
990, 587, -1
990, 899, -1
501, 1039, -1
501, 84, -1
501, 587, -1
501, 899, -1
500, 1039, -1
500, 84, -1
500, 587, -1
500, 899, -1
1000, 1039, -1
1000, 84, -1
1000, 587, -1
1000, 899, -1
1234, 1120, -1
990, 1120, -1
501, 1120, -1
500, 1120, -1
1000, 1120, -1
1145, 1234, -1
1145, 990, -1
1145, 501, -1
1145, 500, -1
1145, 1000, -1
110, 1234, -1
110, 990, -1
110, 501, -1
110, 500, -1
110, 1000, -1
720, 1234, -1
720, 990, -1
720, 501, -1
720, 500, -1
720, 1000, -1
1145, 1079, -1
1145, 841, -1
1145, 553, -1
1145, 1109, -1
1145, 707, -1
1145, 1125, -1
1145, 145, -1
1145, 1201, -1
1145, 695, -1
1145, 157, -1
110, 1079, -1
110, 841, -1
110, 553, -1
110, 1109, -1
110, 707, -1
110, 1125, -1
110, 145, -1
110, 1201, -1
110, 695, -1
110, 157, -1
720, 1079, -1
720, 841, -1
720, 553, -1
720, 1109, -1
720, 707, -1
720, 1125, -1
720, 145, -1
720, 1201, -1
720, 695, -1
720, 157, -1
1145, 470, -1
1145, 1356, -1
110, 470, -1
110, 1356, -1
720, 470, -1
720, 1356, -1
1145, 506, -1
1145, 488, -1
110, 506, -1
110, 488, -1
720, 506, -1
720, 488, -1
1145, 1039, -1
1145, 84, -1
1145, 587, -1
1145, 899, -1
110, 1039, -1
110, 84, -1
110, 587, -1
110, 899, -1
720, 1039, -1
720, 84, -1
720, 587, -1
720, 899, -1
1145, 1120, -1
110, 1120, -1
720, 1120, -1
1079, 1234, -1
1079, 990, -1
1079, 501, -1
1079, 500, -1
1079, 1000, -1
841, 1234, -1
841, 990, -1
841, 501, -1
841, 500, -1
841, 1000, -1
553, 1234, -1
553, 990, -1
553, 501, -1
553, 500, -1
553, 1000, -1
1109, 1234, -1
1109, 990, -1
1109, 501, -1
1109, 500, -1
1109, 1000, -1
707, 1234, -1
707, 990, -1
707, 501, -1
707, 500, -1
707, 1000, -1
1125, 1234, -1
1125, 990, -1
1125, 501, -1
1125, 500, -1
1125, 1000, -1
145, 1234, -1
145, 990, -1
145, 501, -1
145, 500, -1
145, 1000, -1
1201, 1234, -1
1201, 990, -1
1201, 501, -1
1201, 500, -1
1201, 1000, -1
695, 1234, -1
695, 990, -1
695, 501, -1
695, 500, -1
695, 1000, -1
157, 1234, -1
157, 990, -1
157, 501, -1
157, 500, -1
157, 1000, -1
1079, 1145, -1
1079, 110, -1
1079, 720, -1
841, 1145, -1
841, 110, -1
841, 720, -1
553, 1145, -1
553, 110, -1
553, 720, -1
1109, 1145, -1
1109, 110, -1
1109, 720, -1
707, 1145, -1
707, 110, -1
707, 720, -1
1125, 1145, -1
1125, 110, -1
1125, 720, -1
145, 1145, -1
145, 110, -1
145, 720, -1
1201, 1145, -1
1201, 110, -1
1201, 720, -1
695, 1145, -1
695, 110, -1
695, 720, -1
157, 1145, -1
157, 110, -1
157, 720, -1
1079, 470, -1
1079, 1356, -1
841, 470, -1
841, 1356, -1
553, 470, -1
553, 1356, -1
1109, 470, -1
1109, 1356, -1
707, 470, -1
707, 1356, -1
1125, 470, -1
1125, 1356, -1
145, 470, -1
145, 1356, -1
1201, 470, -1
1201, 1356, -1
695, 470, -1
695, 1356, -1
157, 470, -1
157, 1356, -1
1079, 506, -1
1079, 488, -1
841, 506, -1
841, 488, -1
553, 506, -1
553, 488, -1
1109, 506, -1
1109, 488, -1
707, 506, -1
707, 488, -1
1125, 506, -1
1125, 488, -1
145, 506, -1
145, 488, -1
1201, 506, -1
1201, 488, -1
695, 506, -1
695, 488, -1
157, 506, -1
157, 488, -1
1079, 1039, -1
1079, 84, -1
1079, 587, -1
1079, 899, -1
841, 1039, -1
841, 84, -1
841, 587, -1
841, 899, -1
553, 1039, -1
553, 84, -1
553, 587, -1
553, 899, -1
1109, 1039, -1
1109, 84, -1
1109, 587, -1
1109, 899, -1
707, 1039, -1
707, 84, -1
707, 587, -1
707, 899, -1
1125, 1039, -1
1125, 84, -1
1125, 587, -1
1125, 899, -1
145, 1039, -1
145, 84, -1
145, 587, -1
145, 899, -1
1201, 1039, -1
1201, 84, -1
1201, 587, -1
1201, 899, -1
695, 1039, -1
695, 84, -1
695, 587, -1
695, 899, -1
157, 1039, -1
157, 84, -1
157, 587, -1
157, 899, -1
1079, 1120, -1
841, 1120, -1
553, 1120, -1
1109, 1120, -1
707, 1120, -1
1125, 1120, -1
145, 1120, -1
1201, 1120, -1
695, 1120, -1
157, 1120, -1
470, 1234, -1
470, 990, -1
470, 501, -1
470, 500, -1
470, 1000, -1
1356, 1234, -1
1356, 990, -1
1356, 501, -1
1356, 500, -1
1356, 1000, -1
470, 1145, -1
470, 110, -1
470, 720, -1
1356, 1145, -1
1356, 110, -1
1356, 720, -1
470, 1079, -1
470, 841, -1
470, 553, -1
470, 1109, -1
470, 707, -1
470, 1125, -1
470, 145, -1
470, 1201, -1
470, 695, -1
470, 157, -1
1356, 1079, -1
1356, 841, -1
1356, 553, -1
1356, 1109, -1
1356, 707, -1
1356, 1125, -1
1356, 145, -1
1356, 1201, -1
1356, 695, -1
1356, 157, -1
470, 506, -1
470, 488, -1
1356, 506, -1
1356, 488, -1
470, 1039, -1
470, 84, -1
470, 587, -1
470, 899, -1
1356, 1039, -1
1356, 84, -1
1356, 587, -1
1356, 899, -1
470, 1120, -1
1356, 1120, -1
506, 1234, -1
506, 990, -1
506, 501, -1
506, 500, -1
506, 1000, -1
488, 1234, -1
488, 990, -1
488, 501, -1
488, 500, -1
488, 1000, -1
506, 1145, -1
506, 110, -1
506, 720, -1
488, 1145, -1
488, 110, -1
488, 720, -1
506, 1079, -1
506, 841, -1
506, 553, -1
506, 1109, -1
506, 707, -1
506, 1125, -1
506, 145, -1
506, 1201, -1
506, 695, -1
506, 157, -1
488, 1079, -1
488, 841, -1
488, 553, -1
488, 1109, -1
488, 707, -1
488, 1125, -1
488, 145, -1
488, 1201, -1
488, 695, -1
488, 157, -1
506, 470, -1
506, 1356, -1
488, 470, -1
488, 1356, -1
506, 1039, -1
506, 84, -1
506, 587, -1
506, 899, -1
488, 1039, -1
488, 84, -1
488, 587, -1
488, 899, -1
506, 1120, -1
488, 1120, -1
1039, 1234, -1
1039, 990, -1
1039, 501, -1
1039, 500, -1
1039, 1000, -1
84, 1234, -1
84, 990, -1
84, 501, -1
84, 500, -1
84, 1000, -1
587, 1234, -1
587, 990, -1
587, 501, -1
587, 500, -1
587, 1000, -1
899, 1234, -1
899, 990, -1
899, 501, -1
899, 500, -1
899, 1000, -1
1039, 1145, -1
1039, 110, -1
1039, 720, -1
84, 1145, -1
84, 110, -1
84, 720, -1
587, 1145, -1
587, 110, -1
587, 720, -1
899, 1145, -1
899, 110, -1
899, 720, -1
1039, 1079, -1
1039, 841, -1
1039, 553, -1
1039, 1109, -1
1039, 707, -1
1039, 1125, -1
1039, 145, -1
1039, 1201, -1
1039, 695, -1
1039, 157, -1
84, 1079, -1
84, 841, -1
84, 553, -1
84, 1109, -1
84, 707, -1
84, 1125, -1
84, 145, -1
84, 1201, -1
84, 695, -1
84, 157, -1
587, 1079, -1
587, 841, -1
587, 553, -1
587, 1109, -1
587, 707, -1
587, 1125, -1
587, 145, -1
587, 1201, -1
587, 695, -1
587, 157, -1
899, 1079, -1
899, 841, -1
899, 553, -1
899, 1109, -1
899, 707, -1
899, 1125, -1
899, 145, -1
899, 1201, -1
899, 695, -1
899, 157, -1
1039, 470, -1
1039, 1356, -1
84, 470, -1
84, 1356, -1
587, 470, -1
587, 1356, -1
899, 470, -1
899, 1356, -1
1039, 506, -1
1039, 488, -1
84, 506, -1
84, 488, -1
587, 506, -1
587, 488, -1
899, 506, -1
899, 488, -1
1039, 1120, -1
84, 1120, -1
587, 1120, -1
899, 1120, -1
1120, 1234, -1
1120, 990, -1
1120, 501, -1
1120, 500, -1
1120, 1000, -1
1120, 1145, -1
1120, 110, -1
1120, 720, -1
1120, 1079, -1
1120, 841, -1
1120, 553, -1
1120, 1109, -1
1120, 707, -1
1120, 1125, -1
1120, 145, -1
1120, 1201, -1
1120, 695, -1
1120, 157, -1
1120, 470, -1
1120, 1356, -1
1120, 506, -1
1120, 488, -1
1120, 1039, -1
1120, 84, -1
1120, 587, -1
1120, 899, -1

