192, 989, 1
989, 192, 1
192, 84, -1
989, 84, -1
192, 470, -1
989, 470, -1
192, 114, -1
989, 114, -1
84, 192, -1
84, 989, -1
84, 470, -1
84, 114, -1
470, 192, -1
470, 989, -1
470, 84, -1
470, 114, -1
114, 192, -1
114, 989, -1
114, 84, -1
114, 470, -1

192, 989, 1
192, 501, 1
989, 192, 1
989, 501, 1
501, 192, 1
501, 989, 1
84, 1039, 1
1039, 84, 1
192, 84, -1
192, 1039, -1
989, 84, -1
989, 1039, -1
501, 84, -1
501, 1039, -1
192, 470, -1
989, 470, -1
501, 470, -1
192, 114, -1
989, 114, -1
501, 114, -1
192, 304, -1
989, 304, -1
501, 304, -1
84, 192, -1
84, 989, -1
84, 501, -1
1039, 192, -1
1039, 989, -1
1039, 501, -1
84, 470, -1
1039, 470, -1
84, 114, -1
1039, 114, -1
84, 304, -1
1039, 304, -1
470, 192, -1
470, 989, -1
470, 501, -1
470, 84, -1
470, 1039, -1
470, 114, -1
470, 304, -1
114, 192, -1
114, 989, -1
114, 501, -1
114, 84, -1
114, 1039, -1
114, 470, -1
114, 304, -1
304, 192, -1
304, 989, -1
304, 501, -1
304, 84, -1
304, 1039, -1
304, 470, -1
304, 114, -1

192, 989, 1
192, 501, 1
989, 192, 1
989, 501, 1
501, 192, 1
501, 989, 1
84, 1039, 1
1039, 84, 1
114, 553, 1
114, 841, 1
553, 114, 1
553, 841, 1
841, 114, 1
841, 553, 1
192, 84, -1
192, 1039, -1
989, 84, -1
989, 1039, -1
501, 84, -1
501, 1039, -1
192, 470, -1
989, 470, -1
501, 470, -1
192, 114, -1
192, 553, -1
192, 841, -1
989, 114, -1
989, 553, -1
989, 841, -1
501, 114, -1
501, 553, -1
501, 841, -1
192, 304, -1
989, 304, -1
501, 304, -1
84, 192, -1
84, 989, -1
84, 501, -1
1039, 192, -1
1039, 989, -1
1039, 501, -1
84, 470, -1
1039, 470, -1
84, 114, -1
84, 553, -1
84, 841, -1
1039, 114, -1
1039, 553, -1
1039, 841, -1
84, 304, -1
1039, 304, -1
470, 192, -1
470, 989, -1
470, 501, -1
470, 84, -1
470, 1039, -1
470, 114, -1
470, 553, -1
470, 841, -1
470, 304, -1
114, 192, -1
114, 989, -1
114, 501, -1
553, 192, -1
553, 989, -1
553, 501, -1
841, 192, -1
841, 989, -1
841, 501, -1
114, 84, -1
114, 1039, -1
553, 84, -1
553, 1039, -1
841, 84, -1
841, 1039, -1
114, 470, -1
553, 470, -1
841, 470, -1
114, 304, -1
553, 304, -1
841, 304, -1
304, 192, -1
304, 989, -1
304, 501, -1
304, 84, -1
304, 1039, -1
304, 470, -1
304, 114, -1
304, 553, -1
304, 841, -1

192, 989, 1
192, 501, 1
192, 1000, 1
989, 192, 1
989, 501, 1
989, 1000, 1
501, 192, 1
501, 989, 1
501, 1000, 1
1000, 192, 1
1000, 989, 1
1000, 501, 1
84, 1039, 1
1039, 84, 1
114, 553, 1
114, 841, 1
114, 1125, 1
553, 114, 1
553, 841, 1
553, 1125, 1
841, 114, 1
841, 553, 1
841, 1125, 1
1125, 114, 1
1125, 553, 1
1125, 841, 1
192, 84, -1
192, 1039, -1
989, 84, -1
989, 1039, -1
501, 84, -1
501, 1039, -1
1000, 84, -1
1000, 1039, -1
192, 470, -1
989, 470, -1
501, 470, -1
1000, 470, -1
192, 114, -1
192, 553, -1
192, 841, -1
192, 1125, -1
989, 114, -1
989, 553, -1
989, 841, -1
989, 1125, -1
501, 114, -1
501, 553, -1
501, 841, -1
501, 1125, -1
1000, 114, -1
1000, 553, -1
1000, 841, -1
1000, 1125, -1
192, 304, -1
989, 304, -1
501, 304, -1
1000, 304, -1
192, 796, -1
989, 796, -1
501, 796, -1
1000, 796, -1
84, 192, -1
84, 989, -1
84, 501, -1
84, 1000, -1
1039, 192, -1
1039, 989, -1
1039, 501, -1
1039, 1000, -1
84, 470, -1
1039, 470, -1
84, 114, -1
84, 553, -1
84, 841, -1
84, 1125, -1
1039, 114, -1
1039, 553, -1
1039, 841, -1
1039, 1125, -1
84, 304, -1
1039, 304, -1
84, 796, -1
1039, 796, -1
470, 192, -1
470, 989, -1
470, 501, -1
470, 1000, -1
470, 84, -1
470, 1039, -1
470, 114, -1
470, 553, -1
470, 841, -1
470, 1125, -1
470, 304, -1
470, 796, -1
114, 192, -1
114, 989, -1
114, 501, -1
114, 1000, -1
553, 192, -1
553, 989, -1
553, 501, -1
553, 1000, -1
841, 192, -1
841, 989, -1
841, 501, -1
841, 1000, -1
1125, 192, -1
1125, 989, -1
1125, 501, -1
1125, 1000, -1
114, 84, -1
114, 1039, -1
553, 84, -1
553, 1039, -1
841, 84, -1
841, 1039, -1
1125, 84, -1
1125, 1039, -1
114, 470, -1
553, 470, -1
841, 470, -1
1125, 470, -1
114, 304, -1
553, 304, -1
841, 304, -1
1125, 304, -1
114, 796, -1
553, 796, -1
841, 796, -1
1125, 796, -1
304, 192, -1
304, 989, -1
304, 501, -1
304, 1000, -1
304, 84, -1
304, 1039, -1
304, 470, -1
304, 114, -1
304, 553, -1
304, 841, -1
304, 1125, -1
304, 796, -1
796, 192, -1
796, 989, -1
796, 501, -1
796, 1000, -1
796, 84, -1
796, 1039, -1
796, 470, -1
796, 114, -1
796, 553, -1
796, 841, -1
796, 1125, -1
796, 304, -1

192, 989, 1
192, 501, 1
192, 1000, 1
989, 192, 1
989, 501, 1
989, 1000, 1
501, 192, 1
501, 989, 1
501, 1000, 1
1000, 192, 1
1000, 989, 1
1000, 501, 1
84, 1039, 1
1039, 84, 1
114, 553, 1
114, 841, 1
114, 1125, 1
114, 1452, 1
553, 114, 1
553, 841, 1
553, 1125, 1
553, 1452, 1
841, 114, 1
841, 553, 1
841, 1125, 1
841, 1452, 1
1125, 114, 1
1125, 553, 1
1125, 841, 1
1125, 1452, 1
1452, 114, 1
1452, 553, 1
1452, 841, 1
1452, 1125, 1
192, 84, -1
192, 1039, -1
989, 84, -1
989, 1039, -1
501, 84, -1
501, 1039, -1
1000, 84, -1
1000, 1039, -1
192, 470, -1
989, 470, -1
501, 470, -1
1000, 470, -1
192, 114, -1
192, 553, -1
192, 841, -1
192, 1125, -1
192, 1452, -1
989, 114, -1
989, 553, -1
989, 841, -1
989, 1125, -1
989, 1452, -1
501, 114, -1
501, 553, -1
501, 841, -1
501, 1125, -1
501, 1452, -1
1000, 114, -1
1000, 553, -1
1000, 841, -1
1000, 1125, -1
1000, 1452, -1
192, 304, -1
989, 304, -1
501, 304, -1
1000, 304, -1
192, 796, -1
989, 796, -1
501, 796, -1
1000, 796, -1
192, 229, -1
989, 229, -1
501, 229, -1
1000, 229, -1
84, 192, -1
84, 989, -1
84, 501, -1
84, 1000, -1
1039, 192, -1
1039, 989, -1
1039, 501, -1
1039, 1000, -1
84, 470, -1
1039, 470, -1
84, 114, -1
84, 553, -1
84, 841, -1
84, 1125, -1
84, 1452, -1
1039, 114, -1
1039, 553, -1
1039, 841, -1
1039, 1125, -1
1039, 1452, -1
84, 304, -1
1039, 304, -1
84, 796, -1
1039, 796, -1
84, 229, -1
1039, 229, -1
470, 192, -1
470, 989, -1
470, 501, -1
470, 1000, -1
470, 84, -1
470, 1039, -1
470, 114, -1
470, 553, -1
470, 841, -1
470, 1125, -1
470, 1452, -1
470, 304, -1
470, 796, -1
470, 229, -1
114, 192, -1
114, 989, -1
114, 501, -1
114, 1000, -1
553, 192, -1
553, 989, -1
553, 501, -1
553, 1000, -1
841, 192, -1
841, 989, -1
841, 501, -1
841, 1000, -1
1125, 192, -1
1125, 989, -1
1125, 501, -1
1125, 1000, -1
1452, 192, -1
1452, 989, -1
1452, 501, -1
1452, 1000, -1
114, 84, -1
114, 1039, -1
553, 84, -1
553, 1039, -1
841, 84, -1
841, 1039, -1
1125, 84, -1
1125, 1039, -1
1452, 84, -1
1452, 1039, -1
114, 470, -1
553, 470, -1
841, 470, -1
1125, 470, -1
1452, 470, -1
114, 304, -1
553, 304, -1
841, 304, -1
1125, 304, -1
1452, 304, -1
114, 796, -1
553, 796, -1
841, 796, -1
1125, 796, -1
1452, 796, -1
114, 229, -1
553, 229, -1
841, 229, -1
1125, 229, -1
1452, 229, -1
304, 192, -1
304, 989, -1
304, 501, -1
304, 1000, -1
304, 84, -1
304, 1039, -1
304, 470, -1
304, 114, -1
304, 553, -1
304, 841, -1
304, 1125, -1
304, 1452, -1
304, 796, -1
304, 229, -1
796, 192, -1
796, 989, -1
796, 501, -1
796, 1000, -1
796, 84, -1
796, 1039, -1
796, 470, -1
796, 114, -1
796, 553, -1
796, 841, -1
796, 1125, -1
796, 1452, -1
796, 304, -1
796, 229, -1
229, 192, -1
229, 989, -1
229, 501, -1
229, 1000, -1
229, 84, -1
229, 1039, -1
229, 470, -1
229, 114, -1
229, 553, -1
229, 841, -1
229, 1125, -1
229, 1452, -1
229, 304, -1
229, 796, -1

192, 989, 1
192, 501, 1
192, 1000, 1
989, 192, 1
989, 501, 1
989, 1000, 1
501, 192, 1
501, 989, 1
501, 1000, 1
1000, 192, 1
1000, 989, 1
1000, 501, 1
84, 1039, 1
1039, 84, 1
114, 553, 1
114, 841, 1
114, 1125, 1
114, 1452, 1
553, 114, 1
553, 841, 1
553, 1125, 1
553, 1452, 1
841, 114, 1
841, 553, 1
841, 1125, 1
841, 1452, 1
1125, 114, 1
1125, 553, 1
1125, 841, 1
1125, 1452, 1
1452, 114, 1
1452, 553, 1
1452, 841, 1
1452, 1125, 1
192, 84, -1
192, 1039, -1
989, 84, -1
989, 1039, -1
501, 84, -1
501, 1039, -1
1000, 84, -1
1000, 1039, -1
192, 470, -1
989, 470, -1
501, 470, -1
1000, 470, -1
192, 114, -1
192, 553, -1
192, 841, -1
192, 1125, -1
192, 1452, -1
989, 114, -1
989, 553, -1
989, 841, -1
989, 1125, -1
989, 1452, -1
501, 114, -1
501, 553, -1
501, 841, -1
501, 1125, -1
501, 1452, -1
1000, 114, -1
1000, 553, -1
1000, 841, -1
1000, 1125, -1
1000, 1452, -1
192, 304, -1
989, 304, -1
501, 304, -1
1000, 304, -1
192, 796, -1
989, 796, -1
501, 796, -1
1000, 796, -1
192, 229, -1
989, 229, -1
501, 229, -1
1000, 229, -1
192, 1077, -1
989, 1077, -1
501, 1077, -1
1000, 1077, -1
84, 192, -1
84, 989, -1
84, 501, -1
84, 1000, -1
1039, 192, -1
1039, 989, -1
1039, 501, -1
1039, 1000, -1
84, 470, -1
1039, 470, -1
84, 114, -1
84, 553, -1
84, 841, -1
84, 1125, -1
84, 1452, -1
1039, 114, -1
1039, 553, -1
1039, 841, -1
1039, 1125, -1
1039, 1452, -1
84, 304, -1
1039, 304, -1
84, 796, -1
1039, 796, -1
84, 229, -1
1039, 229, -1
84, 1077, -1
1039, 1077, -1
470, 192, -1
470, 989, -1
470, 501, -1
470, 1000, -1
470, 84, -1
470, 1039, -1
470, 114, -1
470, 553, -1
470, 841, -1
470, 1125, -1
470, 1452, -1
470, 304, -1
470, 796, -1
470, 229, -1
470, 1077, -1
114, 192, -1
114, 989, -1
114, 501, -1
114, 1000, -1
553, 192, -1
553, 989, -1
553, 501, -1
553, 1000, -1
841, 192, -1
841, 989, -1
841, 501, -1
841, 1000, -1
1125, 192, -1
1125, 989, -1
1125, 501, -1
1125, 1000, -1
1452, 192, -1
1452, 989, -1
1452, 501, -1
1452, 1000, -1
114, 84, -1
114, 1039, -1
553, 84, -1
553, 1039, -1
841, 84, -1
841, 1039, -1
1125, 84, -1
1125, 1039, -1
1452, 84, -1
1452, 1039, -1
114, 470, -1
553, 470, -1
841, 470, -1
1125, 470, -1
1452, 470, -1
114, 304, -1
553, 304, -1
841, 304, -1
1125, 304, -1
1452, 304, -1
114, 796, -1
553, 796, -1
841, 796, -1
1125, 796, -1
1452, 796, -1
114, 229, -1
553, 229, -1
841, 229, -1
1125, 229, -1
1452, 229, -1
114, 1077, -1
553, 1077, -1
841, 1077, -1
1125, 1077, -1
1452, 1077, -1
304, 192, -1
304, 989, -1
304, 501, -1
304, 1000, -1
304, 84, -1
304, 1039, -1
304, 470, -1
304, 114, -1
304, 553, -1
304, 841, -1
304, 1125, -1
304, 1452, -1
304, 796, -1
304, 229, -1
304, 1077, -1
796, 192, -1
796, 989, -1
796, 501, -1
796, 1000, -1
796, 84, -1
796, 1039, -1
796, 470, -1
796, 114, -1
796, 553, -1
796, 841, -1
796, 1125, -1
796, 1452, -1
796, 304, -1
796, 229, -1
796, 1077, -1
229, 192, -1
229, 989, -1
229, 501, -1
229, 1000, -1
229, 84, -1
229, 1039, -1
229, 470, -1
229, 114, -1
229, 553, -1
229, 841, -1
229, 1125, -1
229, 1452, -1
229, 304, -1
229, 796, -1
229, 1077, -1
1077, 192, -1
1077, 989, -1
1077, 501, -1
1077, 1000, -1
1077, 84, -1
1077, 1039, -1
1077, 470, -1
1077, 114, -1
1077, 553, -1
1077, 841, -1
1077, 1125, -1
1077, 1452, -1
1077, 304, -1
1077, 796, -1
1077, 229, -1

192, 989, 1
192, 501, 1
192, 1000, 1
192, 500, 1
989, 192, 1
989, 501, 1
989, 1000, 1
989, 500, 1
501, 192, 1
501, 989, 1
501, 1000, 1
501, 500, 1
1000, 192, 1
1000, 989, 1
1000, 501, 1
1000, 500, 1
500, 192, 1
500, 989, 1
500, 501, 1
500, 1000, 1
84, 1039, 1
1039, 84, 1
114, 553, 1
114, 841, 1
114, 1125, 1
114, 1452, 1
553, 114, 1
553, 841, 1
553, 1125, 1
553, 1452, 1
841, 114, 1
841, 553, 1
841, 1125, 1
841, 1452, 1
1125, 114, 1
1125, 553, 1
1125, 841, 1
1125, 1452, 1
1452, 114, 1
1452, 553, 1
1452, 841, 1
1452, 1125, 1
1077, 1184, 1
1184, 1077, 1
192, 84, -1
192, 1039, -1
989, 84, -1
989, 1039, -1
501, 84, -1
501, 1039, -1
1000, 84, -1
1000, 1039, -1
500, 84, -1
500, 1039, -1
192, 470, -1
989, 470, -1
501, 470, -1
1000, 470, -1
500, 470, -1
192, 114, -1
192, 553, -1
192, 841, -1
192, 1125, -1
192, 1452, -1
989, 114, -1
989, 553, -1
989, 841, -1
989, 1125, -1
989, 1452, -1
501, 114, -1
501, 553, -1
501, 841, -1
501, 1125, -1
501, 1452, -1
1000, 114, -1
1000, 553, -1
1000, 841, -1
1000, 1125, -1
1000, 1452, -1
500, 114, -1
500, 553, -1
500, 841, -1
500, 1125, -1
500, 1452, -1
192, 304, -1
989, 304, -1
501, 304, -1
1000, 304, -1
500, 304, -1
192, 796, -1
989, 796, -1
501, 796, -1
1000, 796, -1
500, 796, -1
192, 229, -1
989, 229, -1
501, 229, -1
1000, 229, -1
500, 229, -1
192, 1077, -1
192, 1184, -1
989, 1077, -1
989, 1184, -1
501, 1077, -1
501, 1184, -1
1000, 1077, -1
1000, 1184, -1
500, 1077, -1
500, 1184, -1
84, 192, -1
84, 989, -1
84, 501, -1
84, 1000, -1
84, 500, -1
1039, 192, -1
1039, 989, -1
1039, 501, -1
1039, 1000, -1
1039, 500, -1
84, 470, -1
1039, 470, -1
84, 114, -1
84, 553, -1
84, 841, -1
84, 1125, -1
84, 1452, -1
1039, 114, -1
1039, 553, -1
1039, 841, -1
1039, 1125, -1
1039, 1452, -1
84, 304, -1
1039, 304, -1
84, 796, -1
1039, 796, -1
84, 229, -1
1039, 229, -1
84, 1077, -1
84, 1184, -1
1039, 1077, -1
1039, 1184, -1
470, 192, -1
470, 989, -1
470, 501, -1
470, 1000, -1
470, 500, -1
470, 84, -1
470, 1039, -1
470, 114, -1
470, 553, -1
470, 841, -1
470, 1125, -1
470, 1452, -1
470, 304, -1
470, 796, -1
470, 229, -1
470, 1077, -1
470, 1184, -1
114, 192, -1
114, 989, -1
114, 501, -1
114, 1000, -1
114, 500, -1
553, 192, -1
553, 989, -1
553, 501, -1
553, 1000, -1
553, 500, -1
841, 192, -1
841, 989, -1
841, 501, -1
841, 1000, -1
841, 500, -1
1125, 192, -1
1125, 989, -1
1125, 501, -1
1125, 1000, -1
1125, 500, -1
1452, 192, -1
1452, 989, -1
1452, 501, -1
1452, 1000, -1
1452, 500, -1
114, 84, -1
114, 1039, -1
553, 84, -1
553, 1039, -1
841, 84, -1
841, 1039, -1
1125, 84, -1
1125, 1039, -1
1452, 84, -1
1452, 1039, -1
114, 470, -1
553, 470, -1
841, 470, -1
1125, 470, -1
1452, 470, -1
114, 304, -1
553, 304, -1
841, 304, -1
1125, 304, -1
1452, 304, -1
114, 796, -1
553, 796, -1
841, 796, -1
1125, 796, -1
1452, 796, -1
114, 229, -1
553, 229, -1
841, 229, -1
1125, 229, -1
1452, 229, -1
114, 1077, -1
114, 1184, -1
553, 1077, -1
553, 1184, -1
841, 1077, -1
841, 1184, -1
1125, 1077, -1
1125, 1184, -1
1452, 1077, -1
1452, 1184, -1
304, 192, -1
304, 989, -1
304, 501, -1
304, 1000, -1
304, 500, -1
304, 84, -1
304, 1039, -1
304, 470, -1
304, 114, -1
304, 553, -1
304, 841, -1
304, 1125, -1
304, 1452, -1
304, 796, -1
304, 229, -1
304, 1077, -1
304, 1184, -1
796, 192, -1
796, 989, -1
796, 501, -1
796, 1000, -1
796, 500, -1
796, 84, -1
796, 1039, -1
796, 470, -1
796, 114, -1
796, 553, -1
796, 841, -1
796, 1125, -1
796, 1452, -1
796, 304, -1
796, 229, -1
796, 1077, -1
796, 1184, -1
229, 192, -1
229, 989, -1
229, 501, -1
229, 1000, -1
229, 500, -1
229, 84, -1
229, 1039, -1
229, 470, -1
229, 114, -1
229, 553, -1
229, 841, -1
229, 1125, -1
229, 1452, -1
229, 304, -1
229, 796, -1
229, 1077, -1
229, 1184, -1
1077, 192, -1
1077, 989, -1
1077, 501, -1
1077, 1000, -1
1077, 500, -1
1184, 192, -1
1184, 989, -1
1184, 501, -1
1184, 1000, -1
1184, 500, -1
1077, 84, -1
1077, 1039, -1
1184, 84, -1
1184, 1039, -1
1077, 470, -1
1184, 470, -1
1077, 114, -1
1077, 553, -1
1077, 841, -1
1077, 1125, -1
1077, 1452, -1
1184, 114, -1
1184, 553, -1
1184, 841, -1
1184, 1125, -1
1184, 1452, -1
1077, 304, -1
1184, 304, -1
1077, 796, -1
1184, 796, -1
1077, 229, -1
1184, 229, -1

192, 989, 1
192, 501, 1
192, 1000, 1
192, 500, 1
989, 192, 1
989, 501, 1
989, 1000, 1
989, 500, 1
501, 192, 1
501, 989, 1
501, 1000, 1
501, 500, 1
1000, 192, 1
1000, 989, 1
1000, 501, 1
1000, 500, 1
500, 192, 1
500, 989, 1
500, 501, 1
500, 1000, 1
84, 1039, 1
1039, 84, 1
114, 553, 1
114, 841, 1
114, 1125, 1
114, 1452, 1
114, 695, 1
114, 1472, 1
553, 114, 1
553, 841, 1
553, 1125, 1
553, 1452, 1
553, 695, 1
553, 1472, 1
841, 114, 1
841, 553, 1
841, 1125, 1
841, 1452, 1
841, 695, 1
841, 1472, 1
1125, 114, 1
1125, 553, 1
1125, 841, 1
1125, 1452, 1
1125, 695, 1
1125, 1472, 1
1452, 114, 1
1452, 553, 1
1452, 841, 1
1452, 1125, 1
1452, 695, 1
1452, 1472, 1
695, 114, 1
695, 553, 1
695, 841, 1
695, 1125, 1
695, 1452, 1
695, 1472, 1
1472, 114, 1
1472, 553, 1
1472, 841, 1
1472, 1125, 1
1472, 1452, 1
1472, 695, 1
1077, 1184, 1
1184, 1077, 1
192, 84, -1
192, 1039, -1
989, 84, -1
989, 1039, -1
501, 84, -1
501, 1039, -1
1000, 84, -1
1000, 1039, -1
500, 84, -1
500, 1039, -1
192, 470, -1
989, 470, -1
501, 470, -1
1000, 470, -1
500, 470, -1
192, 114, -1
192, 553, -1
192, 841, -1
192, 1125, -1
192, 1452, -1
192, 695, -1
192, 1472, -1
989, 114, -1
989, 553, -1
989, 841, -1
989, 1125, -1
989, 1452, -1
989, 695, -1
989, 1472, -1
501, 114, -1
501, 553, -1
501, 841, -1
501, 1125, -1
501, 1452, -1
501, 695, -1
501, 1472, -1
1000, 114, -1
1000, 553, -1
1000, 841, -1
1000, 1125, -1
1000, 1452, -1
1000, 695, -1
1000, 1472, -1
500, 114, -1
500, 553, -1
500, 841, -1
500, 1125, -1
500, 1452, -1
500, 695, -1
500, 1472, -1
192, 304, -1
989, 304, -1
501, 304, -1
1000, 304, -1
500, 304, -1
192, 796, -1
989, 796, -1
501, 796, -1
1000, 796, -1
500, 796, -1
192, 229, -1
989, 229, -1
501, 229, -1
1000, 229, -1
500, 229, -1
192, 1077, -1
192, 1184, -1
989, 1077, -1
989, 1184, -1
501, 1077, -1
501, 1184, -1
1000, 1077, -1
1000, 1184, -1
500, 1077, -1
500, 1184, -1
84, 192, -1
84, 989, -1
84, 501, -1
84, 1000, -1
84, 500, -1
1039, 192, -1
1039, 989, -1
1039, 501, -1
1039, 1000, -1
1039, 500, -1
84, 470, -1
1039, 470, -1
84, 114, -1
84, 553, -1
84, 841, -1
84, 1125, -1
84, 1452, -1
84, 695, -1
84, 1472, -1
1039, 114, -1
1039, 553, -1
1039, 841, -1
1039, 1125, -1
1039, 1452, -1
1039, 695, -1
1039, 1472, -1
84, 304, -1
1039, 304, -1
84, 796, -1
1039, 796, -1
84, 229, -1
1039, 229, -1
84, 1077, -1
84, 1184, -1
1039, 1077, -1
1039, 1184, -1
470, 192, -1
470, 989, -1
470, 501, -1
470, 1000, -1
470, 500, -1
470, 84, -1
470, 1039, -1
470, 114, -1
470, 553, -1
470, 841, -1
470, 1125, -1
470, 1452, -1
470, 695, -1
470, 1472, -1
470, 304, -1
470, 796, -1
470, 229, -1
470, 1077, -1
470, 1184, -1
114, 192, -1
114, 989, -1
114, 501, -1
114, 1000, -1
114, 500, -1
553, 192, -1
553, 989, -1
553, 501, -1
553, 1000, -1
553, 500, -1
841, 192, -1
841, 989, -1
841, 501, -1
841, 1000, -1
841, 500, -1
1125, 192, -1
1125, 989, -1
1125, 501, -1
1125, 1000, -1
1125, 500, -1
1452, 192, -1
1452, 989, -1
1452, 501, -1
1452, 1000, -1
1452, 500, -1
695, 192, -1
695, 989, -1
695, 501, -1
695, 1000, -1
695, 500, -1
1472, 192, -1
1472, 989, -1
1472, 501, -1
1472, 1000, -1
1472, 500, -1
114, 84, -1
114, 1039, -1
553, 84, -1
553, 1039, -1
841, 84, -1
841, 1039, -1
1125, 84, -1
1125, 1039, -1
1452, 84, -1
1452, 1039, -1
695, 84, -1
695, 1039, -1
1472, 84, -1
1472, 1039, -1
114, 470, -1
553, 470, -1
841, 470, -1
1125, 470, -1
1452, 470, -1
695, 470, -1
1472, 470, -1
114, 304, -1
553, 304, -1
841, 304, -1
1125, 304, -1
1452, 304, -1
695, 304, -1
1472, 304, -1
114, 796, -1
553, 796, -1
841, 796, -1
1125, 796, -1
1452, 796, -1
695, 796, -1
1472, 796, -1
114, 229, -1
553, 229, -1
841, 229, -1
1125, 229, -1
1452, 229, -1
695, 229, -1
1472, 229, -1
114, 1077, -1
114, 1184, -1
553, 1077, -1
553, 1184, -1
841, 1077, -1
841, 1184, -1
1125, 1077, -1
1125, 1184, -1
1452, 1077, -1
1452, 1184, -1
695, 1077, -1
695, 1184, -1
1472, 1077, -1
1472, 1184, -1
304, 192, -1
304, 989, -1
304, 501, -1
304, 1000, -1
304, 500, -1
304, 84, -1
304, 1039, -1
304, 470, -1
304, 114, -1
304, 553, -1
304, 841, -1
304, 1125, -1
304, 1452, -1
304, 695, -1
304, 1472, -1
304, 796, -1
304, 229, -1
304, 1077, -1
304, 1184, -1
796, 192, -1
796, 989, -1
796, 501, -1
796, 1000, -1
796, 500, -1
796, 84, -1
796, 1039, -1
796, 470, -1
796, 114, -1
796, 553, -1
796, 841, -1
796, 1125, -1
796, 1452, -1
796, 695, -1
796, 1472, -1
796, 304, -1
796, 229, -1
796, 1077, -1
796, 1184, -1
229, 192, -1
229, 989, -1
229, 501, -1
229, 1000, -1
229, 500, -1
229, 84, -1
229, 1039, -1
229, 470, -1
229, 114, -1
229, 553, -1
229, 841, -1
229, 1125, -1
229, 1452, -1
229, 695, -1
229, 1472, -1
229, 304, -1
229, 796, -1
229, 1077, -1
229, 1184, -1
1077, 192, -1
1077, 989, -1
1077, 501, -1
1077, 1000, -1
1077, 500, -1
1184, 192, -1
1184, 989, -1
1184, 501, -1
1184, 1000, -1
1184, 500, -1
1077, 84, -1
1077, 1039, -1
1184, 84, -1
1184, 1039, -1
1077, 470, -1
1184, 470, -1
1077, 114, -1
1077, 553, -1
1077, 841, -1
1077, 1125, -1
1077, 1452, -1
1077, 695, -1
1077, 1472, -1
1184, 114, -1
1184, 553, -1
1184, 841, -1
1184, 1125, -1
1184, 1452, -1
1184, 695, -1
1184, 1472, -1
1077, 304, -1
1184, 304, -1
1077, 796, -1
1184, 796, -1
1077, 229, -1
1184, 229, -1

192, 989, 1
192, 501, 1
192, 1000, 1
192, 500, 1
989, 192, 1
989, 501, 1
989, 1000, 1
989, 500, 1
501, 192, 1
501, 989, 1
501, 1000, 1
501, 500, 1
1000, 192, 1
1000, 989, 1
1000, 501, 1
1000, 500, 1
500, 192, 1
500, 989, 1
500, 501, 1
500, 1000, 1
84, 1039, 1
1039, 84, 1
114, 553, 1
114, 841, 1
114, 1125, 1
114, 1452, 1
114, 695, 1
114, 1472, 1
553, 114, 1
553, 841, 1
553, 1125, 1
553, 1452, 1
553, 695, 1
553, 1472, 1
841, 114, 1
841, 553, 1
841, 1125, 1
841, 1452, 1
841, 695, 1
841, 1472, 1
1125, 114, 1
1125, 553, 1
1125, 841, 1
1125, 1452, 1
1125, 695, 1
1125, 1472, 1
1452, 114, 1
1452, 553, 1
1452, 841, 1
1452, 1125, 1
1452, 695, 1
1452, 1472, 1
695, 114, 1
695, 553, 1
695, 841, 1
695, 1125, 1
695, 1452, 1
695, 1472, 1
1472, 114, 1
1472, 553, 1
1472, 841, 1
1472, 1125, 1
1472, 1452, 1
1472, 695, 1
229, 720, 1
720, 229, 1
1077, 1184, 1
1184, 1077, 1
192, 84, -1
192, 1039, -1
989, 84, -1
989, 1039, -1
501, 84, -1
501, 1039, -1
1000, 84, -1
1000, 1039, -1
500, 84, -1
500, 1039, -1
192, 470, -1
989, 470, -1
501, 470, -1
1000, 470, -1
500, 470, -1
192, 114, -1
192, 553, -1
192, 841, -1
192, 1125, -1
192, 1452, -1
192, 695, -1
192, 1472, -1
989, 114, -1
989, 553, -1
989, 841, -1
989, 1125, -1
989, 1452, -1
989, 695, -1
989, 1472, -1
501, 114, -1
501, 553, -1
501, 841, -1
501, 1125, -1
501, 1452, -1
501, 695, -1
501, 1472, -1
1000, 114, -1
1000, 553, -1
1000, 841, -1
1000, 1125, -1
1000, 1452, -1
1000, 695, -1
1000, 1472, -1
500, 114, -1
500, 553, -1
500, 841, -1
500, 1125, -1
500, 1452, -1
500, 695, -1
500, 1472, -1
192, 304, -1
989, 304, -1
501, 304, -1
1000, 304, -1
500, 304, -1
192, 796, -1
989, 796, -1
501, 796, -1
1000, 796, -1
500, 796, -1
192, 229, -1
192, 720, -1
989, 229, -1
989, 720, -1
501, 229, -1
501, 720, -1
1000, 229, -1
1000, 720, -1
500, 229, -1
500, 720, -1
192, 1077, -1
192, 1184, -1
989, 1077, -1
989, 1184, -1
501, 1077, -1
501, 1184, -1
1000, 1077, -1
1000, 1184, -1
500, 1077, -1
500, 1184, -1
84, 192, -1
84, 989, -1
84, 501, -1
84, 1000, -1
84, 500, -1
1039, 192, -1
1039, 989, -1
1039, 501, -1
1039, 1000, -1
1039, 500, -1
84, 470, -1
1039, 470, -1
84, 114, -1
84, 553, -1
84, 841, -1
84, 1125, -1
84, 1452, -1
84, 695, -1
84, 1472, -1
1039, 114, -1
1039, 553, -1
1039, 841, -1
1039, 1125, -1
1039, 1452, -1
1039, 695, -1
1039, 1472, -1
84, 304, -1
1039, 304, -1
84, 796, -1
1039, 796, -1
84, 229, -1
84, 720, -1
1039, 229, -1
1039, 720, -1
84, 1077, -1
84, 1184, -1
1039, 1077, -1
1039, 1184, -1
470, 192, -1
470, 989, -1
470, 501, -1
470, 1000, -1
470, 500, -1
470, 84, -1
470, 1039, -1
470, 114, -1
470, 553, -1
470, 841, -1
470, 1125, -1
470, 1452, -1
470, 695, -1
470, 1472, -1
470, 304, -1
470, 796, -1
470, 229, -1
470, 720, -1
470, 1077, -1
470, 1184, -1
114, 192, -1
114, 989, -1
114, 501, -1
114, 1000, -1
114, 500, -1
553, 192, -1
553, 989, -1
553, 501, -1
553, 1000, -1
553, 500, -1
841, 192, -1
841, 989, -1
841, 501, -1
841, 1000, -1
841, 500, -1
1125, 192, -1
1125, 989, -1
1125, 501, -1
1125, 1000, -1
1125, 500, -1
1452, 192, -1
1452, 989, -1
1452, 501, -1
1452, 1000, -1
1452, 500, -1
695, 192, -1
695, 989, -1
695, 501, -1
695, 1000, -1
695, 500, -1
1472, 192, -1
1472, 989, -1
1472, 501, -1
1472, 1000, -1
1472, 500, -1
114, 84, -1
114, 1039, -1
553, 84, -1
553, 1039, -1
841, 84, -1
841, 1039, -1
1125, 84, -1
1125, 1039, -1
1452, 84, -1
1452, 1039, -1
695, 84, -1
695, 1039, -1
1472, 84, -1
1472, 1039, -1
114, 470, -1
553, 470, -1
841, 470, -1
1125, 470, -1
1452, 470, -1
695, 470, -1
1472, 470, -1
114, 304, -1
553, 304, -1
841, 304, -1
1125, 304, -1
1452, 304, -1
695, 304, -1
1472, 304, -1
114, 796, -1
553, 796, -1
841, 796, -1
1125, 796, -1
1452, 796, -1
695, 796, -1
1472, 796, -1
114, 229, -1
114, 720, -1
553, 229, -1
553, 720, -1
841, 229, -1
841, 720, -1
1125, 229, -1
1125, 720, -1
1452, 229, -1
1452, 720, -1
695, 229, -1
695, 720, -1
1472, 229, -1
1472, 720, -1
114, 1077, -1
114, 1184, -1
553, 1077, -1
553, 1184, -1
841, 1077, -1
841, 1184, -1
1125, 1077, -1
1125, 1184, -1
1452, 1077, -1
1452, 1184, -1
695, 1077, -1
695, 1184, -1
1472, 1077, -1
1472, 1184, -1
304, 192, -1
304, 989, -1
304, 501, -1
304, 1000, -1
304, 500, -1
304, 84, -1
304, 1039, -1
304, 470, -1
304, 114, -1
304, 553, -1
304, 841, -1
304, 1125, -1
304, 1452, -1
304, 695, -1
304, 1472, -1
304, 796, -1
304, 229, -1
304, 720, -1
304, 1077, -1
304, 1184, -1
796, 192, -1
796, 989, -1
796, 501, -1
796, 1000, -1
796, 500, -1
796, 84, -1
796, 1039, -1
796, 470, -1
796, 114, -1
796, 553, -1
796, 841, -1
796, 1125, -1
796, 1452, -1
796, 695, -1
796, 1472, -1
796, 304, -1
796, 229, -1
796, 720, -1
796, 1077, -1
796, 1184, -1
229, 192, -1
229, 989, -1
229, 501, -1
229, 1000, -1
229, 500, -1
720, 192, -1
720, 989, -1
720, 501, -1
720, 1000, -1
720, 500, -1
229, 84, -1
229, 1039, -1
720, 84, -1
720, 1039, -1
229, 470, -1
720, 470, -1
229, 114, -1
229, 553, -1
229, 841, -1
229, 1125, -1
229, 1452, -1
229, 695, -1
229, 1472, -1
720, 114, -1
720, 553, -1
720, 841, -1
720, 1125, -1
720, 1452, -1
720, 695, -1
720, 1472, -1
229, 304, -1
720, 304, -1
229, 796, -1
720, 796, -1
229, 1077, -1
229, 1184, -1
720, 1077, -1
720, 1184, -1
1077, 192, -1
1077, 989, -1
1077, 501, -1
1077, 1000, -1
1077, 500, -1
1184, 192, -1
1184, 989, -1
1184, 501, -1
1184, 1000, -1
1184, 500, -1
1077, 84, -1
1077, 1039, -1
1184, 84, -1
1184, 1039, -1
1077, 470, -1
1184, 470, -1
1077, 114, -1
1077, 553, -1
1077, 841, -1
1077, 1125, -1
1077, 1452, -1
1077, 695, -1
1077, 1472, -1
1184, 114, -1
1184, 553, -1
1184, 841, -1
1184, 1125, -1
1184, 1452, -1
1184, 695, -1
1184, 1472, -1
1077, 304, -1
1184, 304, -1
1077, 796, -1
1184, 796, -1
1077, 229, -1
1077, 720, -1
1184, 229, -1
1184, 720, -1

192, 989, 1
192, 501, 1
192, 1000, 1
192, 500, 1
989, 192, 1
989, 501, 1
989, 1000, 1
989, 500, 1
501, 192, 1
501, 989, 1
501, 1000, 1
501, 500, 1
1000, 192, 1
1000, 989, 1
1000, 501, 1
1000, 500, 1
500, 192, 1
500, 989, 1
500, 501, 1
500, 1000, 1
84, 1039, 1
1039, 84, 1
114, 553, 1
114, 841, 1
114, 1125, 1
114, 1452, 1
114, 695, 1
114, 1472, 1
114, 923, 1
114, 271, 1
553, 114, 1
553, 841, 1
553, 1125, 1
553, 1452, 1
553, 695, 1
553, 1472, 1
553, 923, 1
553, 271, 1
841, 114, 1
841, 553, 1
841, 1125, 1
841, 1452, 1
841, 695, 1
841, 1472, 1
841, 923, 1
841, 271, 1
1125, 114, 1
1125, 553, 1
1125, 841, 1
1125, 1452, 1
1125, 695, 1
1125, 1472, 1
1125, 923, 1
1125, 271, 1
1452, 114, 1
1452, 553, 1
1452, 841, 1
1452, 1125, 1
1452, 695, 1
1452, 1472, 1
1452, 923, 1
1452, 271, 1
695, 114, 1
695, 553, 1
695, 841, 1
695, 1125, 1
695, 1452, 1
695, 1472, 1
695, 923, 1
695, 271, 1
1472, 114, 1
1472, 553, 1
1472, 841, 1
1472, 1125, 1
1472, 1452, 1
1472, 695, 1
1472, 923, 1
1472, 271, 1
923, 114, 1
923, 553, 1
923, 841, 1
923, 1125, 1
923, 1452, 1
923, 695, 1
923, 1472, 1
923, 271, 1
271, 114, 1
271, 553, 1
271, 841, 1
271, 1125, 1
271, 1452, 1
271, 695, 1
271, 1472, 1
271, 923, 1
229, 720, 1
720, 229, 1
1077, 1184, 1
1184, 1077, 1
192, 84, -1
192, 1039, -1
989, 84, -1
989, 1039, -1
501, 84, -1
501, 1039, -1
1000, 84, -1
1000, 1039, -1
500, 84, -1
500, 1039, -1
192, 470, -1
989, 470, -1
501, 470, -1
1000, 470, -1
500, 470, -1
192, 114, -1
192, 553, -1
192, 841, -1
192, 1125, -1
192, 1452, -1
192, 695, -1
192, 1472, -1
192, 923, -1
192, 271, -1
989, 114, -1
989, 553, -1
989, 841, -1
989, 1125, -1
989, 1452, -1
989, 695, -1
989, 1472, -1
989, 923, -1
989, 271, -1
501, 114, -1
501, 553, -1
501, 841, -1
501, 1125, -1
501, 1452, -1
501, 695, -1
501, 1472, -1
501, 923, -1
501, 271, -1
1000, 114, -1
1000, 553, -1
1000, 841, -1
1000, 1125, -1
1000, 1452, -1
1000, 695, -1
1000, 1472, -1
1000, 923, -1
1000, 271, -1
500, 114, -1
500, 553, -1
500, 841, -1
500, 1125, -1
500, 1452, -1
500, 695, -1
500, 1472, -1
500, 923, -1
500, 271, -1
192, 304, -1
989, 304, -1
501, 304, -1
1000, 304, -1
500, 304, -1
192, 796, -1
989, 796, -1
501, 796, -1
1000, 796, -1
500, 796, -1
192, 229, -1
192, 720, -1
989, 229, -1
989, 720, -1
501, 229, -1
501, 720, -1
1000, 229, -1
1000, 720, -1
500, 229, -1
500, 720, -1
192, 1077, -1
192, 1184, -1
989, 1077, -1
989, 1184, -1
501, 1077, -1
501, 1184, -1
1000, 1077, -1
1000, 1184, -1
500, 1077, -1
500, 1184, -1
84, 192, -1
84, 989, -1
84, 501, -1
84, 1000, -1
84, 500, -1
1039, 192, -1
1039, 989, -1
1039, 501, -1
1039, 1000, -1
1039, 500, -1
84, 470, -1
1039, 470, -1
84, 114, -1
84, 553, -1
84, 841, -1
84, 1125, -1
84, 1452, -1
84, 695, -1
84, 1472, -1
84, 923, -1
84, 271, -1
1039, 114, -1
1039, 553, -1
1039, 841, -1
1039, 1125, -1
1039, 1452, -1
1039, 695, -1
1039, 1472, -1
1039, 923, -1
1039, 271, -1
84, 304, -1
1039, 304, -1
84, 796, -1
1039, 796, -1
84, 229, -1
84, 720, -1
1039, 229, -1
1039, 720, -1
84, 1077, -1
84, 1184, -1
1039, 1077, -1
1039, 1184, -1
470, 192, -1
470, 989, -1
470, 501, -1
470, 1000, -1
470, 500, -1
470, 84, -1
470, 1039, -1
470, 114, -1
470, 553, -1
470, 841, -1
470, 1125, -1
470, 1452, -1
470, 695, -1
470, 1472, -1
470, 923, -1
470, 271, -1
470, 304, -1
470, 796, -1
470, 229, -1
470, 720, -1
470, 1077, -1
470, 1184, -1
114, 192, -1
114, 989, -1
114, 501, -1
114, 1000, -1
114, 500, -1
553, 192, -1
553, 989, -1
553, 501, -1
553, 1000, -1
553, 500, -1
841, 192, -1
841, 989, -1
841, 501, -1
841, 1000, -1
841, 500, -1
1125, 192, -1
1125, 989, -1
1125, 501, -1
1125, 1000, -1
1125, 500, -1
1452, 192, -1
1452, 989, -1
1452, 501, -1
1452, 1000, -1
1452, 500, -1
695, 192, -1
695, 989, -1
695, 501, -1
695, 1000, -1
695, 500, -1
1472, 192, -1
1472, 989, -1
1472, 501, -1
1472, 1000, -1
1472, 500, -1
923, 192, -1
923, 989, -1
923, 501, -1
923, 1000, -1
923, 500, -1
271, 192, -1
271, 989, -1
271, 501, -1
271, 1000, -1
271, 500, -1
114, 84, -1
114, 1039, -1
553, 84, -1
553, 1039, -1
841, 84, -1
841, 1039, -1
1125, 84, -1
1125, 1039, -1
1452, 84, -1
1452, 1039, -1
695, 84, -1
695, 1039, -1
1472, 84, -1
1472, 1039, -1
923, 84, -1
923, 1039, -1
271, 84, -1
271, 1039, -1
114, 470, -1
553, 470, -1
841, 470, -1
1125, 470, -1
1452, 470, -1
695, 470, -1
1472, 470, -1
923, 470, -1
271, 470, -1
114, 304, -1
553, 304, -1
841, 304, -1
1125, 304, -1
1452, 304, -1
695, 304, -1
1472, 304, -1
923, 304, -1
271, 304, -1
114, 796, -1
553, 796, -1
841, 796, -1
1125, 796, -1
1452, 796, -1
695, 796, -1
1472, 796, -1
923, 796, -1
271, 796, -1
114, 229, -1
114, 720, -1
553, 229, -1
553, 720, -1
841, 229, -1
841, 720, -1
1125, 229, -1
1125, 720, -1
1452, 229, -1
1452, 720, -1
695, 229, -1
695, 720, -1
1472, 229, -1
1472, 720, -1
923, 229, -1
923, 720, -1
271, 229, -1
271, 720, -1
114, 1077, -1
114, 1184, -1
553, 1077, -1
553, 1184, -1
841, 1077, -1
841, 1184, -1
1125, 1077, -1
1125, 1184, -1
1452, 1077, -1
1452, 1184, -1
695, 1077, -1
695, 1184, -1
1472, 1077, -1
1472, 1184, -1
923, 1077, -1
923, 1184, -1
271, 1077, -1
271, 1184, -1
304, 192, -1
304, 989, -1
304, 501, -1
304, 1000, -1
304, 500, -1
304, 84, -1
304, 1039, -1
304, 470, -1
304, 114, -1
304, 553, -1
304, 841, -1
304, 1125, -1
304, 1452, -1
304, 695, -1
304, 1472, -1
304, 923, -1
304, 271, -1
304, 796, -1
304, 229, -1
304, 720, -1
304, 1077, -1
304, 1184, -1
796, 192, -1
796, 989, -1
796, 501, -1
796, 1000, -1
796, 500, -1
796, 84, -1
796, 1039, -1
796, 470, -1
796, 114, -1
796, 553, -1
796, 841, -1
796, 1125, -1
796, 1452, -1
796, 695, -1
796, 1472, -1
796, 923, -1
796, 271, -1
796, 304, -1
796, 229, -1
796, 720, -1
796, 1077, -1
796, 1184, -1
229, 192, -1
229, 989, -1
229, 501, -1
229, 1000, -1
229, 500, -1
720, 192, -1
720, 989, -1
720, 501, -1
720, 1000, -1
720, 500, -1
229, 84, -1
229, 1039, -1
720, 84, -1
720, 1039, -1
229, 470, -1
720, 470, -1
229, 114, -1
229, 553, -1
229, 841, -1
229, 1125, -1
229, 1452, -1
229, 695, -1
229, 1472, -1
229, 923, -1
229, 271, -1
720, 114, -1
720, 553, -1
720, 841, -1
720, 1125, -1
720, 1452, -1
720, 695, -1
720, 1472, -1
720, 923, -1
720, 271, -1
229, 304, -1
720, 304, -1
229, 796, -1
720, 796, -1
229, 1077, -1
229, 1184, -1
720, 1077, -1
720, 1184, -1
1077, 192, -1
1077, 989, -1
1077, 501, -1
1077, 1000, -1
1077, 500, -1
1184, 192, -1
1184, 989, -1
1184, 501, -1
1184, 1000, -1
1184, 500, -1
1077, 84, -1
1077, 1039, -1
1184, 84, -1
1184, 1039, -1
1077, 470, -1
1184, 470, -1
1077, 114, -1
1077, 553, -1
1077, 841, -1
1077, 1125, -1
1077, 1452, -1
1077, 695, -1
1077, 1472, -1
1077, 923, -1
1077, 271, -1
1184, 114, -1
1184, 553, -1
1184, 841, -1
1184, 1125, -1
1184, 1452, -1
1184, 695, -1
1184, 1472, -1
1184, 923, -1
1184, 271, -1
1077, 304, -1
1184, 304, -1
1077, 796, -1
1184, 796, -1
1077, 229, -1
1077, 720, -1
1184, 229, -1
1184, 720, -1

