360, 470, -1
360, 990, -1
360, 84, -1
360, 219, -1
470, 360, -1
470, 990, -1
470, 84, -1
470, 219, -1
990, 360, -1
990, 470, -1
990, 84, -1
990, 219, -1
84, 360, -1
84, 470, -1
84, 990, -1
84, 219, -1
219, 360, -1
219, 470, -1
219, 990, -1
219, 84, -1

360, 1079, 1
1079, 360, 1
990, 501, 1
501, 990, 1
84, 1039, 1
1039, 84, 1
360, 470, -1
1079, 470, -1
360, 990, -1
360, 501, -1
1079, 990, -1
1079, 501, -1
360, 84, -1
360, 1039, -1
1079, 84, -1
1079, 1039, -1
360, 219, -1
1079, 219, -1
470, 360, -1
470, 1079, -1
470, 990, -1
470, 501, -1
470, 84, -1
470, 1039, -1
470, 219, -1
990, 360, -1
990, 1079, -1
501, 360, -1
501, 1079, -1
990, 470, -1
501, 470, -1
990, 84, -1
990, 1039, -1
501, 84, -1
501, 1039, -1
990, 219, -1
501, 219, -1
84, 360, -1
84, 1079, -1
1039, 360, -1
1039, 1079, -1
84, 470, -1
1039, 470, -1
84, 990, -1
84, 501, -1
1039, 990, -1
1039, 501, -1
84, 219, -1
1039, 219, -1
219, 360, -1
219, 1079, -1
219, 470, -1
219, 990, -1
219, 501, -1
219, 84, -1
219, 1039, -1

360, 1079, 1
360, 841, 1
1079, 360, 1
1079, 841, 1
841, 360, 1
841, 1079, 1
990, 501, 1
990, 975, 1
501, 990, 1
501, 975, 1
975, 990, 1
975, 501, 1
84, 1039, 1
1039, 84, 1
360, 470, -1
1079, 470, -1
841, 470, -1
360, 990, -1
360, 501, -1
360, 975, -1
1079, 990, -1
1079, 501, -1
1079, 975, -1
841, 990, -1
841, 501, -1
841, 975, -1
360, 84, -1
360, 1039, -1
1079, 84, -1
1079, 1039, -1
841, 84, -1
841, 1039, -1
360, 219, -1
1079, 219, -1
841, 219, -1
360, 1434, -1
1079, 1434, -1
841, 1434, -1
470, 360, -1
470, 1079, -1
470, 841, -1
470, 990, -1
470, 501, -1
470, 975, -1
470, 84, -1
470, 1039, -1
470, 219, -1
470, 1434, -1
990, 360, -1
990, 1079, -1
990, 841, -1
501, 360, -1
501, 1079, -1
501, 841, -1
975, 360, -1
975, 1079, -1
975, 841, -1
990, 470, -1
501, 470, -1
975, 470, -1
990, 84, -1
990, 1039, -1
501, 84, -1
501, 1039, -1
975, 84, -1
975, 1039, -1
990, 219, -1
501, 219, -1
975, 219, -1
990, 1434, -1
501, 1434, -1
975, 1434, -1
84, 360, -1
84, 1079, -1
84, 841, -1
1039, 360, -1
1039, 1079, -1
1039, 841, -1
84, 470, -1
1039, 470, -1
84, 990, -1
84, 501, -1
84, 975, -1
1039, 990, -1
1039, 501, -1
1039, 975, -1
84, 219, -1
1039, 219, -1
84, 1434, -1
1039, 1434, -1
219, 360, -1
219, 1079, -1
219, 841, -1
219, 470, -1
219, 990, -1
219, 501, -1
219, 975, -1
219, 84, -1
219, 1039, -1
219, 1434, -1
1434, 360, -1
1434, 1079, -1
1434, 841, -1
1434, 470, -1
1434, 990, -1
1434, 501, -1
1434, 975, -1
1434, 84, -1
1434, 1039, -1
1434, 219, -1

360, 1079, 1
360, 841, 1
360, 553, 1
360, 1472, 1
1079, 360, 1
1079, 841, 1
1079, 553, 1
1079, 1472, 1
841, 360, 1
841, 1079, 1
841, 553, 1
841, 1472, 1
553, 360, 1
553, 1079, 1
553, 841, 1
553, 1472, 1
1472, 360, 1
1472, 1079, 1
1472, 841, 1
1472, 553, 1
990, 501, 1
990, 975, 1
501, 990, 1
501, 975, 1
975, 990, 1
975, 501, 1
84, 1039, 1
1039, 84, 1
360, 470, -1
1079, 470, -1
841, 470, -1
553, 470, -1
1472, 470, -1
360, 990, -1
360, 501, -1
360, 975, -1
1079, 990, -1
1079, 501, -1
1079, 975, -1
841, 990, -1
841, 501, -1
841, 975, -1
553, 990, -1
553, 501, -1
553, 975, -1
1472, 990, -1
1472, 501, -1
1472, 975, -1
360, 84, -1
360, 1039, -1
1079, 84, -1
1079, 1039, -1
841, 84, -1
841, 1039, -1
553, 84, -1
553, 1039, -1
1472, 84, -1
1472, 1039, -1
360, 219, -1
1079, 219, -1
841, 219, -1
553, 219, -1
1472, 219, -1
360, 1434, -1
1079, 1434, -1
841, 1434, -1
553, 1434, -1
1472, 1434, -1
360, 229, -1
1079, 229, -1
841, 229, -1
553, 229, -1
1472, 229, -1
470, 360, -1
470, 1079, -1
470, 841, -1
470, 553, -1
470, 1472, -1
470, 990, -1
470, 501, -1
470, 975, -1
470, 84, -1
470, 1039, -1
470, 219, -1
470, 1434, -1
470, 229, -1
990, 360, -1
990, 1079, -1
990, 841, -1
990, 553, -1
990, 1472, -1
501, 360, -1
501, 1079, -1
501, 841, -1
501, 553, -1
501, 1472, -1
975, 360, -1
975, 1079, -1
975, 841, -1
975, 553, -1
975, 1472, -1
990, 470, -1
501, 470, -1
975, 470, -1
990, 84, -1
990, 1039, -1
501, 84, -1
501, 1039, -1
975, 84, -1
975, 1039, -1
990, 219, -1
501, 219, -1
975, 219, -1
990, 1434, -1
501, 1434, -1
975, 1434, -1
990, 229, -1
501, 229, -1
975, 229, -1
84, 360, -1
84, 1079, -1
84, 841, -1
84, 553, -1
84, 1472, -1
1039, 360, -1
1039, 1079, -1
1039, 841, -1
1039, 553, -1
1039, 1472, -1
84, 470, -1
1039, 470, -1
84, 990, -1
84, 501, -1
84, 975, -1
1039, 990, -1
1039, 501, -1
1039, 975, -1
84, 219, -1
1039, 219, -1
84, 1434, -1
1039, 1434, -1
84, 229, -1
1039, 229, -1
219, 360, -1
219, 1079, -1
219, 841, -1
219, 553, -1
219, 1472, -1
219, 470, -1
219, 990, -1
219, 501, -1
219, 975, -1
219, 84, -1
219, 1039, -1
219, 1434, -1
219, 229, -1
1434, 360, -1
1434, 1079, -1
1434, 841, -1
1434, 553, -1
1434, 1472, -1
1434, 470, -1
1434, 990, -1
1434, 501, -1
1434, 975, -1
1434, 84, -1
1434, 1039, -1
1434, 219, -1
1434, 229, -1
229, 360, -1
229, 1079, -1
229, 841, -1
229, 553, -1
229, 1472, -1
229, 470, -1
229, 990, -1
229, 501, -1
229, 975, -1
229, 84, -1
229, 1039, -1
229, 219, -1
229, 1434, -1

360, 1079, 1
360, 841, 1
360, 553, 1
360, 1472, 1
360, 231, 1
1079, 360, 1
1079, 841, 1
1079, 553, 1
1079, 1472, 1
1079, 231, 1
841, 360, 1
841, 1079, 1
841, 553, 1
841, 1472, 1
841, 231, 1
553, 360, 1
553, 1079, 1
553, 841, 1
553, 1472, 1
553, 231, 1
1472, 360, 1
1472, 1079, 1
1472, 841, 1
1472, 553, 1
1472, 231, 1
231, 360, 1
231, 1079, 1
231, 841, 1
231, 553, 1
231, 1472, 1
470, 503, 1
503, 470, 1
990, 501, 1
990, 975, 1
990, 500, 1
501, 990, 1
501, 975, 1
501, 500, 1
975, 990, 1
975, 501, 1
975, 500, 1
500, 990, 1
500, 501, 1
500, 975, 1
84, 1039, 1
1039, 84, 1
360, 470, -1
360, 503, -1
1079, 470, -1
1079, 503, -1
841, 470, -1
841, 503, -1
553, 470, -1
553, 503, -1
1472, 470, -1
1472, 503, -1
231, 470, -1
231, 503, -1
360, 990, -1
360, 501, -1
360, 975, -1
360, 500, -1
1079, 990, -1
1079, 501, -1
1079, 975, -1
1079, 500, -1
841, 990, -1
841, 501, -1
841, 975, -1
841, 500, -1
553, 990, -1
553, 501, -1
553, 975, -1
553, 500, -1
1472, 990, -1
1472, 501, -1
1472, 975, -1
1472, 500, -1
231, 990, -1
231, 501, -1
231, 975, -1
231, 500, -1
360, 84, -1
360, 1039, -1
1079, 84, -1
1079, 1039, -1
841, 84, -1
841, 1039, -1
553, 84, -1
553, 1039, -1
1472, 84, -1
1472, 1039, -1
231, 84, -1
231, 1039, -1
360, 219, -1
1079, 219, -1
841, 219, -1
553, 219, -1
1472, 219, -1
231, 219, -1
360, 1434, -1
1079, 1434, -1
841, 1434, -1
553, 1434, -1
1472, 1434, -1
231, 1434, -1
360, 229, -1
1079, 229, -1
841, 229, -1
553, 229, -1
1472, 229, -1
231, 229, -1
470, 360, -1
470, 1079, -1
470, 841, -1
470, 553, -1
470, 1472, -1
470, 231, -1
503, 360, -1
503, 1079, -1
503, 841, -1
503, 553, -1
503, 1472, -1
503, 231, -1
470, 990, -1
470, 501, -1
470, 975, -1
470, 500, -1
503, 990, -1
503, 501, -1
503, 975, -1
503, 500, -1
470, 84, -1
470, 1039, -1
503, 84, -1
503, 1039, -1
470, 219, -1
503, 219, -1
470, 1434, -1
503, 1434, -1
470, 229, -1
503, 229, -1
990, 360, -1
990, 1079, -1
990, 841, -1
990, 553, -1
990, 1472, -1
990, 231, -1
501, 360, -1
501, 1079, -1
501, 841, -1
501, 553, -1
501, 1472, -1
501, 231, -1
975, 360, -1
975, 1079, -1
975, 841, -1
975, 553, -1
975, 1472, -1
975, 231, -1
500, 360, -1
500, 1079, -1
500, 841, -1
500, 553, -1
500, 1472, -1
500, 231, -1
990, 470, -1
990, 503, -1
501, 470, -1
501, 503, -1
975, 470, -1
975, 503, -1
500, 470, -1
500, 503, -1
990, 84, -1
990, 1039, -1
501, 84, -1
501, 1039, -1
975, 84, -1
975, 1039, -1
500, 84, -1
500, 1039, -1
990, 219, -1
501, 219, -1
975, 219, -1
500, 219, -1
990, 1434, -1
501, 1434, -1
975, 1434, -1
500, 1434, -1
990, 229, -1
501, 229, -1
975, 229, -1
500, 229, -1
84, 360, -1
84, 1079, -1
84, 841, -1
84, 553, -1
84, 1472, -1
84, 231, -1
1039, 360, -1
1039, 1079, -1
1039, 841, -1
1039, 553, -1
1039, 1472, -1
1039, 231, -1
84, 470, -1
84, 503, -1
1039, 470, -1
1039, 503, -1
84, 990, -1
84, 501, -1
84, 975, -1
84, 500, -1
1039, 990, -1
1039, 501, -1
1039, 975, -1
1039, 500, -1
84, 219, -1
1039, 219, -1
84, 1434, -1
1039, 1434, -1
84, 229, -1
1039, 229, -1
219, 360, -1
219, 1079, -1
219, 841, -1
219, 553, -1
219, 1472, -1
219, 231, -1
219, 470, -1
219, 503, -1
219, 990, -1
219, 501, -1
219, 975, -1
219, 500, -1
219, 84, -1
219, 1039, -1
219, 1434, -1
219, 229, -1
1434, 360, -1
1434, 1079, -1
1434, 841, -1
1434, 553, -1
1434, 1472, -1
1434, 231, -1
1434, 470, -1
1434, 503, -1
1434, 990, -1
1434, 501, -1
1434, 975, -1
1434, 500, -1
1434, 84, -1
1434, 1039, -1
1434, 219, -1
1434, 229, -1
229, 360, -1
229, 1079, -1
229, 841, -1
229, 553, -1
229, 1472, -1
229, 231, -1
229, 470, -1
229, 503, -1
229, 990, -1
229, 501, -1
229, 975, -1
229, 500, -1
229, 84, -1
229, 1039, -1
229, 219, -1
229, 1434, -1

360, 1079, 1
360, 841, 1
360, 553, 1
360, 1472, 1
360, 231, 1
1079, 360, 1
1079, 841, 1
1079, 553, 1
1079, 1472, 1
1079, 231, 1
841, 360, 1
841, 1079, 1
841, 553, 1
841, 1472, 1
841, 231, 1
553, 360, 1
553, 1079, 1
553, 841, 1
553, 1472, 1
553, 231, 1
1472, 360, 1
1472, 1079, 1
1472, 841, 1
1472, 553, 1
1472, 231, 1
231, 360, 1
231, 1079, 1
231, 841, 1
231, 553, 1
231, 1472, 1
470, 503, 1
503, 470, 1
990, 501, 1
990, 975, 1
990, 500, 1
501, 990, 1
501, 975, 1
501, 500, 1
975, 990, 1
975, 501, 1
975, 500, 1
500, 990, 1
500, 501, 1
500, 975, 1
84, 1039, 1
1039, 84, 1
229, 720, 1
720, 229, 1
360, 470, -1
360, 503, -1
1079, 470, -1
1079, 503, -1
841, 470, -1
841, 503, -1
553, 470, -1
553, 503, -1
1472, 470, -1
1472, 503, -1
231, 470, -1
231, 503, -1
360, 990, -1
360, 501, -1
360, 975, -1
360, 500, -1
1079, 990, -1
1079, 501, -1
1079, 975, -1
1079, 500, -1
841, 990, -1
841, 501, -1
841, 975, -1
841, 500, -1
553, 990, -1
553, 501, -1
553, 975, -1
553, 500, -1
1472, 990, -1
1472, 501, -1
1472, 975, -1
1472, 500, -1
231, 990, -1
231, 501, -1
231, 975, -1
231, 500, -1
360, 84, -1
360, 1039, -1
1079, 84, -1
1079, 1039, -1
841, 84, -1
841, 1039, -1
553, 84, -1
553, 1039, -1
1472, 84, -1
1472, 1039, -1
231, 84, -1
231, 1039, -1
360, 219, -1
1079, 219, -1
841, 219, -1
553, 219, -1
1472, 219, -1
231, 219, -1
360, 1434, -1
1079, 1434, -1
841, 1434, -1
553, 1434, -1
1472, 1434, -1
231, 1434, -1
360, 229, -1
360, 720, -1
1079, 229, -1
1079, 720, -1
841, 229, -1
841, 720, -1
553, 229, -1
553, 720, -1
1472, 229, -1
1472, 720, -1
231, 229, -1
231, 720, -1
470, 360, -1
470, 1079, -1
470, 841, -1
470, 553, -1
470, 1472, -1
470, 231, -1
503, 360, -1
503, 1079, -1
503, 841, -1
503, 553, -1
503, 1472, -1
503, 231, -1
470, 990, -1
470, 501, -1
470, 975, -1
470, 500, -1
503, 990, -1
503, 501, -1
503, 975, -1
503, 500, -1
470, 84, -1
470, 1039, -1
503, 84, -1
503, 1039, -1
470, 219, -1
503, 219, -1
470, 1434, -1
503, 1434, -1
470, 229, -1
470, 720, -1
503, 229, -1
503, 720, -1
990, 360, -1
990, 1079, -1
990, 841, -1
990, 553, -1
990, 1472, -1
990, 231, -1
501, 360, -1
501, 1079, -1
501, 841, -1
501, 553, -1
501, 1472, -1
501, 231, -1
975, 360, -1
975, 1079, -1
975, 841, -1
975, 553, -1
975, 1472, -1
975, 231, -1
500, 360, -1
500, 1079, -1
500, 841, -1
500, 553, -1
500, 1472, -1
500, 231, -1
990, 470, -1
990, 503, -1
501, 470, -1
501, 503, -1
975, 470, -1
975, 503, -1
500, 470, -1
500, 503, -1
990, 84, -1
990, 1039, -1
501, 84, -1
501, 1039, -1
975, 84, -1
975, 1039, -1
500, 84, -1
500, 1039, -1
990, 219, -1
501, 219, -1
975, 219, -1
500, 219, -1
990, 1434, -1
501, 1434, -1
975, 1434, -1
500, 1434, -1
990, 229, -1
990, 720, -1
501, 229, -1
501, 720, -1
975, 229, -1
975, 720, -1
500, 229, -1
500, 720, -1
84, 360, -1
84, 1079, -1
84, 841, -1
84, 553, -1
84, 1472, -1
84, 231, -1
1039, 360, -1
1039, 1079, -1
1039, 841, -1
1039, 553, -1
1039, 1472, -1
1039, 231, -1
84, 470, -1
84, 503, -1
1039, 470, -1
1039, 503, -1
84, 990, -1
84, 501, -1
84, 975, -1
84, 500, -1
1039, 990, -1
1039, 501, -1
1039, 975, -1
1039, 500, -1
84, 219, -1
1039, 219, -1
84, 1434, -1
1039, 1434, -1
84, 229, -1
84, 720, -1
1039, 229, -1
1039, 720, -1
219, 360, -1
219, 1079, -1
219, 841, -1
219, 553, -1
219, 1472, -1
219, 231, -1
219, 470, -1
219, 503, -1
219, 990, -1
219, 501, -1
219, 975, -1
219, 500, -1
219, 84, -1
219, 1039, -1
219, 1434, -1
219, 229, -1
219, 720, -1
1434, 360, -1
1434, 1079, -1
1434, 841, -1
1434, 553, -1
1434, 1472, -1
1434, 231, -1
1434, 470, -1
1434, 503, -1
1434, 990, -1
1434, 501, -1
1434, 975, -1
1434, 500, -1
1434, 84, -1
1434, 1039, -1
1434, 219, -1
1434, 229, -1
1434, 720, -1
229, 360, -1
229, 1079, -1
229, 841, -1
229, 553, -1
229, 1472, -1
229, 231, -1
720, 360, -1
720, 1079, -1
720, 841, -1
720, 553, -1
720, 1472, -1
720, 231, -1
229, 470, -1
229, 503, -1
720, 470, -1
720, 503, -1
229, 990, -1
229, 501, -1
229, 975, -1
229, 500, -1
720, 990, -1
720, 501, -1
720, 975, -1
720, 500, -1
229, 84, -1
229, 1039, -1
720, 84, -1
720, 1039, -1
229, 219, -1
720, 219, -1
229, 1434, -1
720, 1434, -1

360, 1079, 1
360, 841, 1
360, 553, 1
360, 1472, 1
360, 231, 1
1079, 360, 1
1079, 841, 1
1079, 553, 1
1079, 1472, 1
1079, 231, 1
841, 360, 1
841, 1079, 1
841, 553, 1
841, 1472, 1
841, 231, 1
553, 360, 1
553, 1079, 1
553, 841, 1
553, 1472, 1
553, 231, 1
1472, 360, 1
1472, 1079, 1
1472, 841, 1
1472, 553, 1
1472, 231, 1
231, 360, 1
231, 1079, 1
231, 841, 1
231, 553, 1
231, 1472, 1
470, 503, 1
503, 470, 1
990, 501, 1
990, 975, 1
990, 500, 1
501, 990, 1
501, 975, 1
501, 500, 1
975, 990, 1
975, 501, 1
975, 500, 1
500, 990, 1
500, 501, 1
500, 975, 1
84, 1039, 1
1039, 84, 1
229, 720, 1
720, 229, 1
360, 470, -1
360, 503, -1
1079, 470, -1
1079, 503, -1
841, 470, -1
841, 503, -1
553, 470, -1
553, 503, -1
1472, 470, -1
1472, 503, -1
231, 470, -1
231, 503, -1
360, 990, -1
360, 501, -1
360, 975, -1
360, 500, -1
1079, 990, -1
1079, 501, -1
1079, 975, -1
1079, 500, -1
841, 990, -1
841, 501, -1
841, 975, -1
841, 500, -1
553, 990, -1
553, 501, -1
553, 975, -1
553, 500, -1
1472, 990, -1
1472, 501, -1
1472, 975, -1
1472, 500, -1
231, 990, -1
231, 501, -1
231, 975, -1
231, 500, -1
360, 84, -1
360, 1039, -1
1079, 84, -1
1079, 1039, -1
841, 84, -1
841, 1039, -1
553, 84, -1
553, 1039, -1
1472, 84, -1
1472, 1039, -1
231, 84, -1
231, 1039, -1
360, 219, -1
1079, 219, -1
841, 219, -1
553, 219, -1
1472, 219, -1
231, 219, -1
360, 1434, -1
1079, 1434, -1
841, 1434, -1
553, 1434, -1
1472, 1434, -1
231, 1434, -1
360, 229, -1
360, 720, -1
1079, 229, -1
1079, 720, -1
841, 229, -1
841, 720, -1
553, 229, -1
553, 720, -1
1472, 229, -1
1472, 720, -1
231, 229, -1
231, 720, -1
360, 1205, -1
1079, 1205, -1
841, 1205, -1
553, 1205, -1
1472, 1205, -1
231, 1205, -1
470, 360, -1
470, 1079, -1
470, 841, -1
470, 553, -1
470, 1472, -1
470, 231, -1
503, 360, -1
503, 1079, -1
503, 841, -1
503, 553, -1
503, 1472, -1
503, 231, -1
470, 990, -1
470, 501, -1
470, 975, -1
470, 500, -1
503, 990, -1
503, 501, -1
503, 975, -1
503, 500, -1
470, 84, -1
470, 1039, -1
503, 84, -1
503, 1039, -1
470, 219, -1
503, 219, -1
470, 1434, -1
503, 1434, -1
470, 229, -1
470, 720, -1
503, 229, -1
503, 720, -1
470, 1205, -1
503, 1205, -1
990, 360, -1
990, 1079, -1
990, 841, -1
990, 553, -1
990, 1472, -1
990, 231, -1
501, 360, -1
501, 1079, -1
501, 841, -1
501, 553, -1
501, 1472, -1
501, 231, -1
975, 360, -1
975, 1079, -1
975, 841, -1
975, 553, -1
975, 1472, -1
975, 231, -1
500, 360, -1
500, 1079, -1
500, 841, -1
500, 553, -1
500, 1472, -1
500, 231, -1
990, 470, -1
990, 503, -1
501, 470, -1
501, 503, -1
975, 470, -1
975, 503, -1
500, 470, -1
500, 503, -1
990, 84, -1
990, 1039, -1
501, 84, -1
501, 1039, -1
975, 84, -1
975, 1039, -1
500, 84, -1
500, 1039, -1
990, 219, -1
501, 219, -1
975, 219, -1
500, 219, -1
990, 1434, -1
501, 1434, -1
975, 1434, -1
500, 1434, -1
990, 229, -1
990, 720, -1
501, 229, -1
501, 720, -1
975, 229, -1
975, 720, -1
500, 229, -1
500, 720, -1
990, 1205, -1
501, 1205, -1
975, 1205, -1
500, 1205, -1
84, 360, -1
84, 1079, -1
84, 841, -1
84, 553, -1
84, 1472, -1
84, 231, -1
1039, 360, -1
1039, 1079, -1
1039, 841, -1
1039, 553, -1
1039, 1472, -1
1039, 231, -1
84, 470, -1
84, 503, -1
1039, 470, -1
1039, 503, -1
84, 990, -1
84, 501, -1
84, 975, -1
84, 500, -1
1039, 990, -1
1039, 501, -1
1039, 975, -1
1039, 500, -1
84, 219, -1
1039, 219, -1
84, 1434, -1
1039, 1434, -1
84, 229, -1
84, 720, -1
1039, 229, -1
1039, 720, -1
84, 1205, -1
1039, 1205, -1
219, 360, -1
219, 1079, -1
219, 841, -1
219, 553, -1
219, 1472, -1
219, 231, -1
219, 470, -1
219, 503, -1
219, 990, -1
219, 501, -1
219, 975, -1
219, 500, -1
219, 84, -1
219, 1039, -1
219, 1434, -1
219, 229, -1
219, 720, -1
219, 1205, -1
1434, 360, -1
1434, 1079, -1
1434, 841, -1
1434, 553, -1
1434, 1472, -1
1434, 231, -1
1434, 470, -1
1434, 503, -1
1434, 990, -1
1434, 501, -1
1434, 975, -1
1434, 500, -1
1434, 84, -1
1434, 1039, -1
1434, 219, -1
1434, 229, -1
1434, 720, -1
1434, 1205, -1
229, 360, -1
229, 1079, -1
229, 841, -1
229, 553, -1
229, 1472, -1
229, 231, -1
720, 360, -1
720, 1079, -1
720, 841, -1
720, 553, -1
720, 1472, -1
720, 231, -1
229, 470, -1
229, 503, -1
720, 470, -1
720, 503, -1
229, 990, -1
229, 501, -1
229, 975, -1
229, 500, -1
720, 990, -1
720, 501, -1
720, 975, -1
720, 500, -1
229, 84, -1
229, 1039, -1
720, 84, -1
720, 1039, -1
229, 219, -1
720, 219, -1
229, 1434, -1
720, 1434, -1
229, 1205, -1
720, 1205, -1
1205, 360, -1
1205, 1079, -1
1205, 841, -1
1205, 553, -1
1205, 1472, -1
1205, 231, -1
1205, 470, -1
1205, 503, -1
1205, 990, -1
1205, 501, -1
1205, 975, -1
1205, 500, -1
1205, 84, -1
1205, 1039, -1
1205, 219, -1
1205, 1434, -1
1205, 229, -1
1205, 720, -1

360, 1079, 1
360, 841, 1
360, 553, 1
360, 1472, 1
360, 231, 1
360, 271, 1
360, 1382, 1
1079, 360, 1
1079, 841, 1
1079, 553, 1
1079, 1472, 1
1079, 231, 1
1079, 271, 1
1079, 1382, 1
841, 360, 1
841, 1079, 1
841, 553, 1
841, 1472, 1
841, 231, 1
841, 271, 1
841, 1382, 1
553, 360, 1
553, 1079, 1
553, 841, 1
553, 1472, 1
553, 231, 1
553, 271, 1
553, 1382, 1
1472, 360, 1
1472, 1079, 1
1472, 841, 1
1472, 553, 1
1472, 231, 1
1472, 271, 1
1472, 1382, 1
231, 360, 1
231, 1079, 1
231, 841, 1
231, 553, 1
231, 1472, 1
231, 271, 1
231, 1382, 1
271, 360, 1
271, 1079, 1
271, 841, 1
271, 553, 1
271, 1472, 1
271, 231, 1
271, 1382, 1
1382, 360, 1
1382, 1079, 1
1382, 841, 1
1382, 553, 1
1382, 1472, 1
1382, 231, 1
1382, 271, 1
470, 503, 1
503, 470, 1
990, 501, 1
990, 975, 1
990, 500, 1
501, 990, 1
501, 975, 1
501, 500, 1
975, 990, 1
975, 501, 1
975, 500, 1
500, 990, 1
500, 501, 1
500, 975, 1
84, 1039, 1
84, 239, 1
1039, 84, 1
1039, 239, 1
239, 84, 1
239, 1039, 1
229, 720, 1
720, 229, 1
360, 470, -1
360, 503, -1
1079, 470, -1
1079, 503, -1
841, 470, -1
841, 503, -1
553, 470, -1
553, 503, -1
1472, 470, -1
1472, 503, -1
231, 470, -1
231, 503, -1
271, 470, -1
271, 503, -1
1382, 470, -1
1382, 503, -1
360, 990, -1
360, 501, -1
360, 975, -1
360, 500, -1
1079, 990, -1
1079, 501, -1
1079, 975, -1
1079, 500, -1
841, 990, -1
841, 501, -1
841, 975, -1
841, 500, -1
553, 990, -1
553, 501, -1
553, 975, -1
553, 500, -1
1472, 990, -1
1472, 501, -1
1472, 975, -1
1472, 500, -1
231, 990, -1
231, 501, -1
231, 975, -1
231, 500, -1
271, 990, -1
271, 501, -1
271, 975, -1
271, 500, -1
1382, 990, -1
1382, 501, -1
1382, 975, -1
1382, 500, -1
360, 84, -1
360, 1039, -1
360, 239, -1
1079, 84, -1
1079, 1039, -1
1079, 239, -1
841, 84, -1
841, 1039, -1
841, 239, -1
553, 84, -1
553, 1039, -1
553, 239, -1
1472, 84, -1
1472, 1039, -1
1472, 239, -1
231, 84, -1
231, 1039, -1
231, 239, -1
271, 84, -1
271, 1039, -1
271, 239, -1
1382, 84, -1
1382, 1039, -1
1382, 239, -1
360, 219, -1
1079, 219, -1
841, 219, -1
553, 219, -1
1472, 219, -1
231, 219, -1
271, 219, -1
1382, 219, -1
360, 1434, -1
1079, 1434, -1
841, 1434, -1
553, 1434, -1
1472, 1434, -1
231, 1434, -1
271, 1434, -1
1382, 1434, -1
360, 229, -1
360, 720, -1
1079, 229, -1
1079, 720, -1
841, 229, -1
841, 720, -1
553, 229, -1
553, 720, -1
1472, 229, -1
1472, 720, -1
231, 229, -1
231, 720, -1
271, 229, -1
271, 720, -1
1382, 229, -1
1382, 720, -1
360, 1205, -1
1079, 1205, -1
841, 1205, -1
553, 1205, -1
1472, 1205, -1
231, 1205, -1
271, 1205, -1
1382, 1205, -1
470, 360, -1
470, 1079, -1
470, 841, -1
470, 553, -1
470, 1472, -1
470, 231, -1
470, 271, -1
470, 1382, -1
503, 360, -1
503, 1079, -1
503, 841, -1
503, 553, -1
503, 1472, -1
503, 231, -1
503, 271, -1
503, 1382, -1
470, 990, -1
470, 501, -1
470, 975, -1
470, 500, -1
503, 990, -1
503, 501, -1
503, 975, -1
503, 500, -1
470, 84, -1
470, 1039, -1
470, 239, -1
503, 84, -1
503, 1039, -1
503, 239, -1
470, 219, -1
503, 219, -1
470, 1434, -1
503, 1434, -1
470, 229, -1
470, 720, -1
503, 229, -1
503, 720, -1
470, 1205, -1
503, 1205, -1
990, 360, -1
990, 1079, -1
990, 841, -1
990, 553, -1
990, 1472, -1
990, 231, -1
990, 271, -1
990, 1382, -1
501, 360, -1
501, 1079, -1
501, 841, -1
501, 553, -1
501, 1472, -1
501, 231, -1
501, 271, -1
501, 1382, -1
975, 360, -1
975, 1079, -1
975, 841, -1
975, 553, -1
975, 1472, -1
975, 231, -1
975, 271, -1
975, 1382, -1
500, 360, -1
500, 1079, -1
500, 841, -1
500, 553, -1
500, 1472, -1
500, 231, -1
500, 271, -1
500, 1382, -1
990, 470, -1
990, 503, -1
501, 470, -1
501, 503, -1
975, 470, -1
975, 503, -1
500, 470, -1
500, 503, -1
990, 84, -1
990, 1039, -1
990, 239, -1
501, 84, -1
501, 1039, -1
501, 239, -1
975, 84, -1
975, 1039, -1
975, 239, -1
500, 84, -1
500, 1039, -1
500, 239, -1
990, 219, -1
501, 219, -1
975, 219, -1
500, 219, -1
990, 1434, -1
501, 1434, -1
975, 1434, -1
500, 1434, -1
990, 229, -1
990, 720, -1
501, 229, -1
501, 720, -1
975, 229, -1
975, 720, -1
500, 229, -1
500, 720, -1
990, 1205, -1
501, 1205, -1
975, 1205, -1
500, 1205, -1
84, 360, -1
84, 1079, -1
84, 841, -1
84, 553, -1
84, 1472, -1
84, 231, -1
84, 271, -1
84, 1382, -1
1039, 360, -1
1039, 1079, -1
1039, 841, -1
1039, 553, -1
1039, 1472, -1
1039, 231, -1
1039, 271, -1
1039, 1382, -1
239, 360, -1
239, 1079, -1
239, 841, -1
239, 553, -1
239, 1472, -1
239, 231, -1
239, 271, -1
239, 1382, -1
84, 470, -1
84, 503, -1
1039, 470, -1
1039, 503, -1
239, 470, -1
239, 503, -1
84, 990, -1
84, 501, -1
84, 975, -1
84, 500, -1
1039, 990, -1
1039, 501, -1
1039, 975, -1
1039, 500, -1
239, 990, -1
239, 501, -1
239, 975, -1
239, 500, -1
84, 219, -1
1039, 219, -1
239, 219, -1
84, 1434, -1
1039, 1434, -1
239, 1434, -1
84, 229, -1
84, 720, -1
1039, 229, -1
1039, 720, -1
239, 229, -1
239, 720, -1
84, 1205, -1
1039, 1205, -1
239, 1205, -1
219, 360, -1
219, 1079, -1
219, 841, -1
219, 553, -1
219, 1472, -1
219, 231, -1
219, 271, -1
219, 1382, -1
219, 470, -1
219, 503, -1
219, 990, -1
219, 501, -1
219, 975, -1
219, 500, -1
219, 84, -1
219, 1039, -1
219, 239, -1
219, 1434, -1
219, 229, -1
219, 720, -1
219, 1205, -1
1434, 360, -1
1434, 1079, -1
1434, 841, -1
1434, 553, -1
1434, 1472, -1
1434, 231, -1
1434, 271, -1
1434, 1382, -1
1434, 470, -1
1434, 503, -1
1434, 990, -1
1434, 501, -1
1434, 975, -1
1434, 500, -1
1434, 84, -1
1434, 1039, -1
1434, 239, -1
1434, 219, -1
1434, 229, -1
1434, 720, -1
1434, 1205, -1
229, 360, -1
229, 1079, -1
229, 841, -1
229, 553, -1
229, 1472, -1
229, 231, -1
229, 271, -1
229, 1382, -1
720, 360, -1
720, 1079, -1
720, 841, -1
720, 553, -1
720, 1472, -1
720, 231, -1
720, 271, -1
720, 1382, -1
229, 470, -1
229, 503, -1
720, 470, -1
720, 503, -1
229, 990, -1
229, 501, -1
229, 975, -1
229, 500, -1
720, 990, -1
720, 501, -1
720, 975, -1
720, 500, -1
229, 84, -1
229, 1039, -1
229, 239, -1
720, 84, -1
720, 1039, -1
720, 239, -1
229, 219, -1
720, 219, -1
229, 1434, -1
720, 1434, -1
229, 1205, -1
720, 1205, -1
1205, 360, -1
1205, 1079, -1
1205, 841, -1
1205, 553, -1
1205, 1472, -1
1205, 231, -1
1205, 271, -1
1205, 1382, -1
1205, 470, -1
1205, 503, -1
1205, 990, -1
1205, 501, -1
1205, 975, -1
1205, 500, -1
1205, 84, -1
1205, 1039, -1
1205, 239, -1
1205, 219, -1
1205, 1434, -1
1205, 229, -1
1205, 720, -1

360, 1079, 1
360, 841, 1
360, 553, 1
360, 1472, 1
360, 231, 1
360, 271, 1
360, 1382, 1
360, 1109, 1
360, 103, 1
1079, 360, 1
1079, 841, 1
1079, 553, 1
1079, 1472, 1
1079, 231, 1
1079, 271, 1
1079, 1382, 1
1079, 1109, 1
1079, 103, 1
841, 360, 1
841, 1079, 1
841, 553, 1
841, 1472, 1
841, 231, 1
841, 271, 1
841, 1382, 1
841, 1109, 1
841, 103, 1
553, 360, 1
553, 1079, 1
553, 841, 1
553, 1472, 1
553, 231, 1
553, 271, 1
553, 1382, 1
553, 1109, 1
553, 103, 1
1472, 360, 1
1472, 1079, 1
1472, 841, 1
1472, 553, 1
1472, 231, 1
1472, 271, 1
1472, 1382, 1
1472, 1109, 1
1472, 103, 1
231, 360, 1
231, 1079, 1
231, 841, 1
231, 553, 1
231, 1472, 1
231, 271, 1
231, 1382, 1
231, 1109, 1
231, 103, 1
271, 360, 1
271, 1079, 1
271, 841, 1
271, 553, 1
271, 1472, 1
271, 231, 1
271, 1382, 1
271, 1109, 1
271, 103, 1
1382, 360, 1
1382, 1079, 1
1382, 841, 1
1382, 553, 1
1382, 1472, 1
1382, 231, 1
1382, 271, 1
1382, 1109, 1
1382, 103, 1
1109, 360, 1
1109, 1079, 1
1109, 841, 1
1109, 553, 1
1109, 1472, 1
1109, 231, 1
1109, 271, 1
1109, 1382, 1
1109, 103, 1
103, 360, 1
103, 1079, 1
103, 841, 1
103, 553, 1
103, 1472, 1
103, 231, 1
103, 271, 1
103, 1382, 1
103, 1109, 1
470, 503, 1
503, 470, 1
990, 501, 1
990, 975, 1
990, 500, 1
501, 990, 1
501, 975, 1
501, 500, 1
975, 990, 1
975, 501, 1
975, 500, 1
500, 990, 1
500, 501, 1
500, 975, 1
84, 1039, 1
84, 239, 1
1039, 84, 1
1039, 239, 1
239, 84, 1
239, 1039, 1
229, 720, 1
720, 229, 1
360, 470, -1
360, 503, -1
1079, 470, -1
1079, 503, -1
841, 470, -1
841, 503, -1
553, 470, -1
553, 503, -1
1472, 470, -1
1472, 503, -1
231, 470, -1
231, 503, -1
271, 470, -1
271, 503, -1
1382, 470, -1
1382, 503, -1
1109, 470, -1
1109, 503, -1
103, 470, -1
103, 503, -1
360, 990, -1
360, 501, -1
360, 975, -1
360, 500, -1
1079, 990, -1
1079, 501, -1
1079, 975, -1
1079, 500, -1
841, 990, -1
841, 501, -1
841, 975, -1
841, 500, -1
553, 990, -1
553, 501, -1
553, 975, -1
553, 500, -1
1472, 990, -1
1472, 501, -1
1472, 975, -1
1472, 500, -1
231, 990, -1
231, 501, -1
231, 975, -1
231, 500, -1
271, 990, -1
271, 501, -1
271, 975, -1
271, 500, -1
1382, 990, -1
1382, 501, -1
1382, 975, -1
1382, 500, -1
1109, 990, -1
1109, 501, -1
1109, 975, -1
1109, 500, -1
103, 990, -1
103, 501, -1
103, 975, -1
103, 500, -1
360, 84, -1
360, 1039, -1
360, 239, -1
1079, 84, -1
1079, 1039, -1
1079, 239, -1
841, 84, -1
841, 1039, -1
841, 239, -1
553, 84, -1
553, 1039, -1
553, 239, -1
1472, 84, -1
1472, 1039, -1
1472, 239, -1
231, 84, -1
231, 1039, -1
231, 239, -1
271, 84, -1
271, 1039, -1
271, 239, -1
1382, 84, -1
1382, 1039, -1
1382, 239, -1
1109, 84, -1
1109, 1039, -1
1109, 239, -1
103, 84, -1
103, 1039, -1
103, 239, -1
360, 219, -1
1079, 219, -1
841, 219, -1
553, 219, -1
1472, 219, -1
231, 219, -1
271, 219, -1
1382, 219, -1
1109, 219, -1
103, 219, -1
360, 1434, -1
1079, 1434, -1
841, 1434, -1
553, 1434, -1
1472, 1434, -1
231, 1434, -1
271, 1434, -1
1382, 1434, -1
1109, 1434, -1
103, 1434, -1
360, 229, -1
360, 720, -1
1079, 229, -1
1079, 720, -1
841, 229, -1
841, 720, -1
553, 229, -1
553, 720, -1
1472, 229, -1
1472, 720, -1
231, 229, -1
231, 720, -1
271, 229, -1
271, 720, -1
1382, 229, -1
1382, 720, -1
1109, 229, -1
1109, 720, -1
103, 229, -1
103, 720, -1
360, 1205, -1
1079, 1205, -1
841, 1205, -1
553, 1205, -1
1472, 1205, -1
231, 1205, -1
271, 1205, -1
1382, 1205, -1
1109, 1205, -1
103, 1205, -1
360, 1077, -1
1079, 1077, -1
841, 1077, -1
553, 1077, -1
1472, 1077, -1
231, 1077, -1
271, 1077, -1
1382, 1077, -1
1109, 1077, -1
103, 1077, -1
470, 360, -1
470, 1079, -1
470, 841, -1
470, 553, -1
470, 1472, -1
470, 231, -1
470, 271, -1
470, 1382, -1
470, 1109, -1
470, 103, -1
503, 360, -1
503, 1079, -1
503, 841, -1
503, 553, -1
503, 1472, -1
503, 231, -1
503, 271, -1
503, 1382, -1
503, 1109, -1
503, 103, -1
470, 990, -1
470, 501, -1
470, 975, -1
470, 500, -1
503, 990, -1
503, 501, -1
503, 975, -1
503, 500, -1
470, 84, -1
470, 1039, -1
470, 239, -1
503, 84, -1
503, 1039, -1
503, 239, -1
470, 219, -1
503, 219, -1
470, 1434, -1
503, 1434, -1
470, 229, -1
470, 720, -1
503, 229, -1
503, 720, -1
470, 1205, -1
503, 1205, -1
470, 1077, -1
503, 1077, -1
990, 360, -1
990, 1079, -1
990, 841, -1
990, 553, -1
990, 1472, -1
990, 231, -1
990, 271, -1
990, 1382, -1
990, 1109, -1
990, 103, -1
501, 360, -1
501, 1079, -1
501, 841, -1
501, 553, -1
501, 1472, -1
501, 231, -1
501, 271, -1
501, 1382, -1
501, 1109, -1
501, 103, -1
975, 360, -1
975, 1079, -1
975, 841, -1
975, 553, -1
975, 1472, -1
975, 231, -1
975, 271, -1
975, 1382, -1
975, 1109, -1
975, 103, -1
500, 360, -1
500, 1079, -1
500, 841, -1
500, 553, -1
500, 1472, -1
500, 231, -1
500, 271, -1
500, 1382, -1
500, 1109, -1
500, 103, -1
990, 470, -1
990, 503, -1
501, 470, -1
501, 503, -1
975, 470, -1
975, 503, -1
500, 470, -1
500, 503, -1
990, 84, -1
990, 1039, -1
990, 239, -1
501, 84, -1
501, 1039, -1
501, 239, -1
975, 84, -1
975, 1039, -1
975, 239, -1
500, 84, -1
500, 1039, -1
500, 239, -1
990, 219, -1
501, 219, -1
975, 219, -1
500, 219, -1
990, 1434, -1
501, 1434, -1
975, 1434, -1
500, 1434, -1
990, 229, -1
990, 720, -1
501, 229, -1
501, 720, -1
975, 229, -1
975, 720, -1
500, 229, -1
500, 720, -1
990, 1205, -1
501, 1205, -1
975, 1205, -1
500, 1205, -1
990, 1077, -1
501, 1077, -1
975, 1077, -1
500, 1077, -1
84, 360, -1
84, 1079, -1
84, 841, -1
84, 553, -1
84, 1472, -1
84, 231, -1
84, 271, -1
84, 1382, -1
84, 1109, -1
84, 103, -1
1039, 360, -1
1039, 1079, -1
1039, 841, -1
1039, 553, -1
1039, 1472, -1
1039, 231, -1
1039, 271, -1
1039, 1382, -1
1039, 1109, -1
1039, 103, -1
239, 360, -1
239, 1079, -1
239, 841, -1
239, 553, -1
239, 1472, -1
239, 231, -1
239, 271, -1
239, 1382, -1
239, 1109, -1
239, 103, -1
84, 470, -1
84, 503, -1
1039, 470, -1
1039, 503, -1
239, 470, -1
239, 503, -1
84, 990, -1
84, 501, -1
84, 975, -1
84, 500, -1
1039, 990, -1
1039, 501, -1
1039, 975, -1
1039, 500, -1
239, 990, -1
239, 501, -1
239, 975, -1
239, 500, -1
84, 219, -1
1039, 219, -1
239, 219, -1
84, 1434, -1
1039, 1434, -1
239, 1434, -1
84, 229, -1
84, 720, -1
1039, 229, -1
1039, 720, -1
239, 229, -1
239, 720, -1
84, 1205, -1
1039, 1205, -1
239, 1205, -1
84, 1077, -1
1039, 1077, -1
239, 1077, -1
219, 360, -1
219, 1079, -1
219, 841, -1
219, 553, -1
219, 1472, -1
219, 231, -1
219, 271, -1
219, 1382, -1
219, 1109, -1
219, 103, -1
219, 470, -1
219, 503, -1
219, 990, -1
219, 501, -1
219, 975, -1
219, 500, -1
219, 84, -1
219, 1039, -1
219, 239, -1
219, 1434, -1
219, 229, -1
219, 720, -1
219, 1205, -1
219, 1077, -1
1434, 360, -1
1434, 1079, -1
1434, 841, -1
1434, 553, -1
1434, 1472, -1
1434, 231, -1
1434, 271, -1
1434, 1382, -1
1434, 1109, -1
1434, 103, -1
1434, 470, -1
1434, 503, -1
1434, 990, -1
1434, 501, -1
1434, 975, -1
1434, 500, -1
1434, 84, -1
1434, 1039, -1
1434, 239, -1
1434, 219, -1
1434, 229, -1
1434, 720, -1
1434, 1205, -1
1434, 1077, -1
229, 360, -1
229, 1079, -1
229, 841, -1
229, 553, -1
229, 1472, -1
229, 231, -1
229, 271, -1
229, 1382, -1
229, 1109, -1
229, 103, -1
720, 360, -1
720, 1079, -1
720, 841, -1
720, 553, -1
720, 1472, -1
720, 231, -1
720, 271, -1
720, 1382, -1
720, 1109, -1
720, 103, -1
229, 470, -1
229, 503, -1
720, 470, -1
720, 503, -1
229, 990, -1
229, 501, -1
229, 975, -1
229, 500, -1
720, 990, -1
720, 501, -1
720, 975, -1
720, 500, -1
229, 84, -1
229, 1039, -1
229, 239, -1
720, 84, -1
720, 1039, -1
720, 239, -1
229, 219, -1
720, 219, -1
229, 1434, -1
720, 1434, -1
229, 1205, -1
720, 1205, -1
229, 1077, -1
720, 1077, -1
1205, 360, -1
1205, 1079, -1
1205, 841, -1
1205, 553, -1
1205, 1472, -1
1205, 231, -1
1205, 271, -1
1205, 1382, -1
1205, 1109, -1
1205, 103, -1
1205, 470, -1
1205, 503, -1
1205, 990, -1
1205, 501, -1
1205, 975, -1
1205, 500, -1
1205, 84, -1
1205, 1039, -1
1205, 239, -1
1205, 219, -1
1205, 1434, -1
1205, 229, -1
1205, 720, -1
1205, 1077, -1
1077, 360, -1
1077, 1079, -1
1077, 841, -1
1077, 553, -1
1077, 1472, -1
1077, 231, -1
1077, 271, -1
1077, 1382, -1
1077, 1109, -1
1077, 103, -1
1077, 470, -1
1077, 503, -1
1077, 990, -1
1077, 501, -1
1077, 975, -1
1077, 500, -1
1077, 84, -1
1077, 1039, -1
1077, 239, -1
1077, 219, -1
1077, 1434, -1
1077, 229, -1
1077, 720, -1
1077, 1205, -1

360, 1079, 1
360, 841, 1
360, 553, 1
360, 1472, 1
360, 231, 1
360, 271, 1
360, 1382, 1
360, 1109, 1
360, 103, 1
1079, 360, 1
1079, 841, 1
1079, 553, 1
1079, 1472, 1
1079, 231, 1
1079, 271, 1
1079, 1382, 1
1079, 1109, 1
1079, 103, 1
841, 360, 1
841, 1079, 1
841, 553, 1
841, 1472, 1
841, 231, 1
841, 271, 1
841, 1382, 1
841, 1109, 1
841, 103, 1
553, 360, 1
553, 1079, 1
553, 841, 1
553, 1472, 1
553, 231, 1
553, 271, 1
553, 1382, 1
553, 1109, 1
553, 103, 1
1472, 360, 1
1472, 1079, 1
1472, 841, 1
1472, 553, 1
1472, 231, 1
1472, 271, 1
1472, 1382, 1
1472, 1109, 1
1472, 103, 1
231, 360, 1
231, 1079, 1
231, 841, 1
231, 553, 1
231, 1472, 1
231, 271, 1
231, 1382, 1
231, 1109, 1
231, 103, 1
271, 360, 1
271, 1079, 1
271, 841, 1
271, 553, 1
271, 1472, 1
271, 231, 1
271, 1382, 1
271, 1109, 1
271, 103, 1
1382, 360, 1
1382, 1079, 1
1382, 841, 1
1382, 553, 1
1382, 1472, 1
1382, 231, 1
1382, 271, 1
1382, 1109, 1
1382, 103, 1
1109, 360, 1
1109, 1079, 1
1109, 841, 1
1109, 553, 1
1109, 1472, 1
1109, 231, 1
1109, 271, 1
1109, 1382, 1
1109, 103, 1
103, 360, 1
103, 1079, 1
103, 841, 1
103, 553, 1
103, 1472, 1
103, 231, 1
103, 271, 1
103, 1382, 1
103, 1109, 1
470, 503, 1
503, 470, 1
990, 501, 1
990, 975, 1
990, 500, 1
501, 990, 1
501, 975, 1
501, 500, 1
975, 990, 1
975, 501, 1
975, 500, 1
500, 990, 1
500, 501, 1
500, 975, 1
84, 1039, 1
84, 239, 1
1039, 84, 1
1039, 239, 1
239, 84, 1
239, 1039, 1
229, 720, 1
229, 1145, 1
720, 229, 1
720, 1145, 1
1145, 229, 1
1145, 720, 1
360, 470, -1
360, 503, -1
1079, 470, -1
1079, 503, -1
841, 470, -1
841, 503, -1
553, 470, -1
553, 503, -1
1472, 470, -1
1472, 503, -1
231, 470, -1
231, 503, -1
271, 470, -1
271, 503, -1
1382, 470, -1
1382, 503, -1
1109, 470, -1
1109, 503, -1
103, 470, -1
103, 503, -1
360, 990, -1
360, 501, -1
360, 975, -1
360, 500, -1
1079, 990, -1
1079, 501, -1
1079, 975, -1
1079, 500, -1
841, 990, -1
841, 501, -1
841, 975, -1
841, 500, -1
553, 990, -1
553, 501, -1
553, 975, -1
553, 500, -1
1472, 990, -1
1472, 501, -1
1472, 975, -1
1472, 500, -1
231, 990, -1
231, 501, -1
231, 975, -1
231, 500, -1
271, 990, -1
271, 501, -1
271, 975, -1
271, 500, -1
1382, 990, -1
1382, 501, -1
1382, 975, -1
1382, 500, -1
1109, 990, -1
1109, 501, -1
1109, 975, -1
1109, 500, -1
103, 990, -1
103, 501, -1
103, 975, -1
103, 500, -1
360, 84, -1
360, 1039, -1
360, 239, -1
1079, 84, -1
1079, 1039, -1
1079, 239, -1
841, 84, -1
841, 1039, -1
841, 239, -1
553, 84, -1
553, 1039, -1
553, 239, -1
1472, 84, -1
1472, 1039, -1
1472, 239, -1
231, 84, -1
231, 1039, -1
231, 239, -1
271, 84, -1
271, 1039, -1
271, 239, -1
1382, 84, -1
1382, 1039, -1
1382, 239, -1
1109, 84, -1
1109, 1039, -1
1109, 239, -1
103, 84, -1
103, 1039, -1
103, 239, -1
360, 219, -1
1079, 219, -1
841, 219, -1
553, 219, -1
1472, 219, -1
231, 219, -1
271, 219, -1
1382, 219, -1
1109, 219, -1
103, 219, -1
360, 1434, -1
1079, 1434, -1
841, 1434, -1
553, 1434, -1
1472, 1434, -1
231, 1434, -1
271, 1434, -1
1382, 1434, -1
1109, 1434, -1
103, 1434, -1
360, 229, -1
360, 720, -1
360, 1145, -1
1079, 229, -1
1079, 720, -1
1079, 1145, -1
841, 229, -1
841, 720, -1
841, 1145, -1
553, 229, -1
553, 720, -1
553, 1145, -1
1472, 229, -1
1472, 720, -1
1472, 1145, -1
231, 229, -1
231, 720, -1
231, 1145, -1
271, 229, -1
271, 720, -1
271, 1145, -1
1382, 229, -1
1382, 720, -1
1382, 1145, -1
1109, 229, -1
1109, 720, -1
1109, 1145, -1
103, 229, -1
103, 720, -1
103, 1145, -1
360, 1205, -1
1079, 1205, -1
841, 1205, -1
553, 1205, -1
1472, 1205, -1
231, 1205, -1
271, 1205, -1
1382, 1205, -1
1109, 1205, -1
103, 1205, -1
360, 1077, -1
1079, 1077, -1
841, 1077, -1
553, 1077, -1
1472, 1077, -1
231, 1077, -1
271, 1077, -1
1382, 1077, -1
1109, 1077, -1
103, 1077, -1
470, 360, -1
470, 1079, -1
470, 841, -1
470, 553, -1
470, 1472, -1
470, 231, -1
470, 271, -1
470, 1382, -1
470, 1109, -1
470, 103, -1
503, 360, -1
503, 1079, -1
503, 841, -1
503, 553, -1
503, 1472, -1
503, 231, -1
503, 271, -1
503, 1382, -1
503, 1109, -1
503, 103, -1
470, 990, -1
470, 501, -1
470, 975, -1
470, 500, -1
503, 990, -1
503, 501, -1
503, 975, -1
503, 500, -1
470, 84, -1
470, 1039, -1
470, 239, -1
503, 84, -1
503, 1039, -1
503, 239, -1
470, 219, -1
503, 219, -1
470, 1434, -1
503, 1434, -1
470, 229, -1
470, 720, -1
470, 1145, -1
503, 229, -1
503, 720, -1
503, 1145, -1
470, 1205, -1
503, 1205, -1
470, 1077, -1
503, 1077, -1
990, 360, -1
990, 1079, -1
990, 841, -1
990, 553, -1
990, 1472, -1
990, 231, -1
990, 271, -1
990, 1382, -1
990, 1109, -1
990, 103, -1
501, 360, -1
501, 1079, -1
501, 841, -1
501, 553, -1
501, 1472, -1
501, 231, -1
501, 271, -1
501, 1382, -1
501, 1109, -1
501, 103, -1
975, 360, -1
975, 1079, -1
975, 841, -1
975, 553, -1
975, 1472, -1
975, 231, -1
975, 271, -1
975, 1382, -1
975, 1109, -1
975, 103, -1
500, 360, -1
500, 1079, -1
500, 841, -1
500, 553, -1
500, 1472, -1
500, 231, -1
500, 271, -1
500, 1382, -1
500, 1109, -1
500, 103, -1
990, 470, -1
990, 503, -1
501, 470, -1
501, 503, -1
975, 470, -1
975, 503, -1
500, 470, -1
500, 503, -1
990, 84, -1
990, 1039, -1
990, 239, -1
501, 84, -1
501, 1039, -1
501, 239, -1
975, 84, -1
975, 1039, -1
975, 239, -1
500, 84, -1
500, 1039, -1
500, 239, -1
990, 219, -1
501, 219, -1
975, 219, -1
500, 219, -1
990, 1434, -1
501, 1434, -1
975, 1434, -1
500, 1434, -1
990, 229, -1
990, 720, -1
990, 1145, -1
501, 229, -1
501, 720, -1
501, 1145, -1
975, 229, -1
975, 720, -1
975, 1145, -1
500, 229, -1
500, 720, -1
500, 1145, -1
990, 1205, -1
501, 1205, -1
975, 1205, -1
500, 1205, -1
990, 1077, -1
501, 1077, -1
975, 1077, -1
500, 1077, -1
84, 360, -1
84, 1079, -1
84, 841, -1
84, 553, -1
84, 1472, -1
84, 231, -1
84, 271, -1
84, 1382, -1
84, 1109, -1
84, 103, -1
1039, 360, -1
1039, 1079, -1
1039, 841, -1
1039, 553, -1
1039, 1472, -1
1039, 231, -1
1039, 271, -1
1039, 1382, -1
1039, 1109, -1
1039, 103, -1
239, 360, -1
239, 1079, -1
239, 841, -1
239, 553, -1
239, 1472, -1
239, 231, -1
239, 271, -1
239, 1382, -1
239, 1109, -1
239, 103, -1
84, 470, -1
84, 503, -1
1039, 470, -1
1039, 503, -1
239, 470, -1
239, 503, -1
84, 990, -1
84, 501, -1
84, 975, -1
84, 500, -1
1039, 990, -1
1039, 501, -1
1039, 975, -1
1039, 500, -1
239, 990, -1
239, 501, -1
239, 975, -1
239, 500, -1
84, 219, -1
1039, 219, -1
239, 219, -1
84, 1434, -1
1039, 1434, -1
239, 1434, -1
84, 229, -1
84, 720, -1
84, 1145, -1
1039, 229, -1
1039, 720, -1
1039, 1145, -1
239, 229, -1
239, 720, -1
239, 1145, -1
84, 1205, -1
1039, 1205, -1
239, 1205, -1
84, 1077, -1
1039, 1077, -1
239, 1077, -1
219, 360, -1
219, 1079, -1
219, 841, -1
219, 553, -1
219, 1472, -1
219, 231, -1
219, 271, -1
219, 1382, -1
219, 1109, -1
219, 103, -1
219, 470, -1
219, 503, -1
219, 990, -1
219, 501, -1
219, 975, -1
219, 500, -1
219, 84, -1
219, 1039, -1
219, 239, -1
219, 1434, -1
219, 229, -1
219, 720, -1
219, 1145, -1
219, 1205, -1
219, 1077, -1
1434, 360, -1
1434, 1079, -1
1434, 841, -1
1434, 553, -1
1434, 1472, -1
1434, 231, -1
1434, 271, -1
1434, 1382, -1
1434, 1109, -1
1434, 103, -1
1434, 470, -1
1434, 503, -1
1434, 990, -1
1434, 501, -1
1434, 975, -1
1434, 500, -1
1434, 84, -1
1434, 1039, -1
1434, 239, -1
1434, 219, -1
1434, 229, -1
1434, 720, -1
1434, 1145, -1
1434, 1205, -1
1434, 1077, -1
229, 360, -1
229, 1079, -1
229, 841, -1
229, 553, -1
229, 1472, -1
229, 231, -1
229, 271, -1
229, 1382, -1
229, 1109, -1
229, 103, -1
720, 360, -1
720, 1079, -1
720, 841, -1
720, 553, -1
720, 1472, -1
720, 231, -1
720, 271, -1
720, 1382, -1
720, 1109, -1
720, 103, -1
1145, 360, -1
1145, 1079, -1
1145, 841, -1
1145, 553, -1
1145, 1472, -1
1145, 231, -1
1145, 271, -1
1145, 1382, -1
1145, 1109, -1
1145, 103, -1
229, 470, -1
229, 503, -1
720, 470, -1
720, 503, -1
1145, 470, -1
1145, 503, -1
229, 990, -1
229, 501, -1
229, 975, -1
229, 500, -1
720, 990, -1
720, 501, -1
720, 975, -1
720, 500, -1
1145, 990, -1
1145, 501, -1
1145, 975, -1
1145, 500, -1
229, 84, -1
229, 1039, -1
229, 239, -1
720, 84, -1
720, 1039, -1
720, 239, -1
1145, 84, -1
1145, 1039, -1
1145, 239, -1
229, 219, -1
720, 219, -1
1145, 219, -1
229, 1434, -1
720, 1434, -1
1145, 1434, -1
229, 1205, -1
720, 1205, -1
1145, 1205, -1
229, 1077, -1
720, 1077, -1
1145, 1077, -1
1205, 360, -1
1205, 1079, -1
1205, 841, -1
1205, 553, -1
1205, 1472, -1
1205, 231, -1
1205, 271, -1
1205, 1382, -1
1205, 1109, -1
1205, 103, -1
1205, 470, -1
1205, 503, -1
1205, 990, -1
1205, 501, -1
1205, 975, -1
1205, 500, -1
1205, 84, -1
1205, 1039, -1
1205, 239, -1
1205, 219, -1
1205, 1434, -1
1205, 229, -1
1205, 720, -1
1205, 1145, -1
1205, 1077, -1
1077, 360, -1
1077, 1079, -1
1077, 841, -1
1077, 553, -1
1077, 1472, -1
1077, 231, -1
1077, 271, -1
1077, 1382, -1
1077, 1109, -1
1077, 103, -1
1077, 470, -1
1077, 503, -1
1077, 990, -1
1077, 501, -1
1077, 975, -1
1077, 500, -1
1077, 84, -1
1077, 1039, -1
1077, 239, -1
1077, 219, -1
1077, 1434, -1
1077, 229, -1
1077, 720, -1
1077, 1145, -1
1077, 1205, -1

