1190, 319, -1
1190, 989, -1
1190, 506, -1
1190, 333, -1
319, 1190, -1
319, 989, -1
319, 506, -1
319, 333, -1
989, 1190, -1
989, 319, -1
989, 506, -1
989, 333, -1
506, 1190, -1
506, 319, -1
506, 989, -1
506, 333, -1
333, 1190, -1
333, 319, -1
333, 989, -1
333, 506, -1

1190, 319, -1
1190, 989, -1
1190, 506, -1
1190, 333, -1
1190, 114, -1
319, 1190, -1
319, 989, -1
319, 506, -1
319, 333, -1
319, 114, -1
989, 1190, -1
989, 319, -1
989, 506, -1
989, 333, -1
989, 114, -1
506, 1190, -1
506, 319, -1
506, 989, -1
506, 333, -1
506, 114, -1
333, 1190, -1
333, 319, -1
333, 989, -1
333, 506, -1
333, 114, -1
114, 1190, -1
114, 319, -1
114, 989, -1
114, 506, -1
114, 333, -1

1190, 319, -1
1190, 989, -1
1190, 506, -1
1190, 333, -1
1190, 114, -1
1190, 276, -1
319, 1190, -1
319, 989, -1
319, 506, -1
319, 333, -1
319, 114, -1
319, 276, -1
989, 1190, -1
989, 319, -1
989, 506, -1
989, 333, -1
989, 114, -1
989, 276, -1
506, 1190, -1
506, 319, -1
506, 989, -1
506, 333, -1
506, 114, -1
506, 276, -1
333, 1190, -1
333, 319, -1
333, 989, -1
333, 506, -1
333, 114, -1
333, 276, -1
114, 1190, -1
114, 319, -1
114, 989, -1
114, 506, -1
114, 333, -1
114, 276, -1
276, 1190, -1
276, 319, -1
276, 989, -1
276, 506, -1
276, 333, -1
276, 114, -1

1190, 319, -1
1190, 989, -1
1190, 506, -1
1190, 333, -1
1190, 114, -1
1190, 276, -1
1190, 1039, -1
319, 1190, -1
319, 989, -1
319, 506, -1
319, 333, -1
319, 114, -1
319, 276, -1
319, 1039, -1
989, 1190, -1
989, 319, -1
989, 506, -1
989, 333, -1
989, 114, -1
989, 276, -1
989, 1039, -1
506, 1190, -1
506, 319, -1
506, 989, -1
506, 333, -1
506, 114, -1
506, 276, -1
506, 1039, -1
333, 1190, -1
333, 319, -1
333, 989, -1
333, 506, -1
333, 114, -1
333, 276, -1
333, 1039, -1
114, 1190, -1
114, 319, -1
114, 989, -1
114, 506, -1
114, 333, -1
114, 276, -1
114, 1039, -1
276, 1190, -1
276, 319, -1
276, 989, -1
276, 506, -1
276, 333, -1
276, 114, -1
276, 1039, -1
1039, 1190, -1
1039, 319, -1
1039, 989, -1
1039, 506, -1
1039, 333, -1
1039, 114, -1
1039, 276, -1

114, 553, 1
553, 114, 1
1190, 319, -1
1190, 989, -1
1190, 506, -1
1190, 333, -1
1190, 114, -1
1190, 553, -1
1190, 276, -1
1190, 1039, -1
319, 1190, -1
319, 989, -1
319, 506, -1
319, 333, -1
319, 114, -1
319, 553, -1
319, 276, -1
319, 1039, -1
989, 1190, -1
989, 319, -1
989, 506, -1
989, 333, -1
989, 114, -1
989, 553, -1
989, 276, -1
989, 1039, -1
506, 1190, -1
506, 319, -1
506, 989, -1
506, 333, -1
506, 114, -1
506, 553, -1
506, 276, -1
506, 1039, -1
333, 1190, -1
333, 319, -1
333, 989, -1
333, 506, -1
333, 114, -1
333, 553, -1
333, 276, -1
333, 1039, -1
114, 1190, -1
553, 1190, -1
114, 319, -1
553, 319, -1
114, 989, -1
553, 989, -1
114, 506, -1
553, 506, -1
114, 333, -1
553, 333, -1
114, 276, -1
553, 276, -1
114, 1039, -1
553, 1039, -1
276, 1190, -1
276, 319, -1
276, 989, -1
276, 506, -1
276, 333, -1
276, 114, -1
276, 553, -1
276, 1039, -1
1039, 1190, -1
1039, 319, -1
1039, 989, -1
1039, 506, -1
1039, 333, -1
1039, 114, -1
1039, 553, -1
1039, 276, -1

989, 501, 1
501, 989, 1
114, 553, 1
114, 841, 1
553, 114, 1
553, 841, 1
841, 114, 1
841, 553, 1
1190, 319, -1
1190, 989, -1
1190, 501, -1
1190, 506, -1
1190, 333, -1
1190, 114, -1
1190, 553, -1
1190, 841, -1
1190, 276, -1
1190, 1039, -1
319, 1190, -1
319, 989, -1
319, 501, -1
319, 506, -1
319, 333, -1
319, 114, -1
319, 553, -1
319, 841, -1
319, 276, -1
319, 1039, -1
989, 1190, -1
501, 1190, -1
989, 319, -1
501, 319, -1
989, 506, -1
501, 506, -1
989, 333, -1
501, 333, -1
989, 114, -1
989, 553, -1
989, 841, -1
501, 114, -1
501, 553, -1
501, 841, -1
989, 276, -1
501, 276, -1
989, 1039, -1
501, 1039, -1
506, 1190, -1
506, 319, -1
506, 989, -1
506, 501, -1
506, 333, -1
506, 114, -1
506, 553, -1
506, 841, -1
506, 276, -1
506, 1039, -1
333, 1190, -1
333, 319, -1
333, 989, -1
333, 501, -1
333, 506, -1
333, 114, -1
333, 553, -1
333, 841, -1
333, 276, -1
333, 1039, -1
114, 1190, -1
553, 1190, -1
841, 1190, -1
114, 319, -1
553, 319, -1
841, 319, -1
114, 989, -1
114, 501, -1
553, 989, -1
553, 501, -1
841, 989, -1
841, 501, -1
114, 506, -1
553, 506, -1
841, 506, -1
114, 333, -1
553, 333, -1
841, 333, -1
114, 276, -1
553, 276, -1
841, 276, -1
114, 1039, -1
553, 1039, -1
841, 1039, -1
276, 1190, -1
276, 319, -1
276, 989, -1
276, 501, -1
276, 506, -1
276, 333, -1
276, 114, -1
276, 553, -1
276, 841, -1
276, 1039, -1
1039, 1190, -1
1039, 319, -1
1039, 989, -1
1039, 501, -1
1039, 506, -1
1039, 333, -1
1039, 114, -1
1039, 553, -1
1039, 841, -1
1039, 276, -1

319, 110, 1
110, 319, 1
989, 501, 1
989, 237, 1
989, 500, 1
501, 989, 1
501, 237, 1
501, 500, 1
237, 989, 1
237, 501, 1
237, 500, 1
500, 989, 1
500, 501, 1
500, 237, 1
114, 553, 1
114, 841, 1
553, 114, 1
553, 841, 1
841, 114, 1
841, 553, 1
1190, 319, -1
1190, 110, -1
1190, 989, -1
1190, 501, -1
1190, 237, -1
1190, 500, -1
1190, 506, -1
1190, 333, -1
1190, 114, -1
1190, 553, -1
1190, 841, -1
1190, 276, -1
1190, 1039, -1
319, 1190, -1
110, 1190, -1
319, 989, -1
319, 501, -1
319, 237, -1
319, 500, -1
110, 989, -1
110, 501, -1
110, 237, -1
110, 500, -1
319, 506, -1
110, 506, -1
319, 333, -1
110, 333, -1
319, 114, -1
319, 553, -1
319, 841, -1
110, 114, -1
110, 553, -1
110, 841, -1
319, 276, -1
110, 276, -1
319, 1039, -1
110, 1039, -1
989, 1190, -1
501, 1190, -1
237, 1190, -1
500, 1190, -1
989, 319, -1
989, 110, -1
501, 319, -1
501, 110, -1
237, 319, -1
237, 110, -1
500, 319, -1
500, 110, -1
989, 506, -1
501, 506, -1
237, 506, -1
500, 506, -1
989, 333, -1
501, 333, -1
237, 333, -1
500, 333, -1
989, 114, -1
989, 553, -1
989, 841, -1
501, 114, -1
501, 553, -1
501, 841, -1
237, 114, -1
237, 553, -1
237, 841, -1
500, 114, -1
500, 553, -1
500, 841, -1
989, 276, -1
501, 276, -1
237, 276, -1
500, 276, -1
989, 1039, -1
501, 1039, -1
237, 1039, -1
500, 1039, -1
506, 1190, -1
506, 319, -1
506, 110, -1
506, 989, -1
506, 501, -1
506, 237, -1
506, 500, -1
506, 333, -1
506, 114, -1
506, 553, -1
506, 841, -1
506, 276, -1
506, 1039, -1
333, 1190, -1
333, 319, -1
333, 110, -1
333, 989, -1
333, 501, -1
333, 237, -1
333, 500, -1
333, 506, -1
333, 114, -1
333, 553, -1
333, 841, -1
333, 276, -1
333, 1039, -1
114, 1190, -1
553, 1190, -1
841, 1190, -1
114, 319, -1
114, 110, -1
553, 319, -1
553, 110, -1
841, 319, -1
841, 110, -1
114, 989, -1
114, 501, -1
114, 237, -1
114, 500, -1
553, 989, -1
553, 501, -1
553, 237, -1
553, 500, -1
841, 989, -1
841, 501, -1
841, 237, -1
841, 500, -1
114, 506, -1
553, 506, -1
841, 506, -1
114, 333, -1
553, 333, -1
841, 333, -1
114, 276, -1
553, 276, -1
841, 276, -1
114, 1039, -1
553, 1039, -1
841, 1039, -1
276, 1190, -1
276, 319, -1
276, 110, -1
276, 989, -1
276, 501, -1
276, 237, -1
276, 500, -1
276, 506, -1
276, 333, -1
276, 114, -1
276, 553, -1
276, 841, -1
276, 1039, -1
1039, 1190, -1
1039, 319, -1
1039, 110, -1
1039, 989, -1
1039, 501, -1
1039, 237, -1
1039, 500, -1
1039, 506, -1
1039, 333, -1
1039, 114, -1
1039, 553, -1
1039, 841, -1
1039, 276, -1

319, 110, 1
110, 319, 1
989, 501, 1
989, 237, 1
989, 500, 1
501, 989, 1
501, 237, 1
501, 500, 1
237, 989, 1
237, 501, 1
237, 500, 1
500, 989, 1
500, 501, 1
500, 237, 1
114, 553, 1
114, 841, 1
114, 1125, 1
553, 114, 1
553, 841, 1
553, 1125, 1
841, 114, 1
841, 553, 1
841, 1125, 1
1125, 114, 1
1125, 553, 1
1125, 841, 1
1190, 319, -1
1190, 110, -1
1190, 989, -1
1190, 501, -1
1190, 237, -1
1190, 500, -1
1190, 506, -1
1190, 333, -1
1190, 114, -1
1190, 553, -1
1190, 841, -1
1190, 1125, -1
1190, 276, -1
1190, 1039, -1
319, 1190, -1
110, 1190, -1
319, 989, -1
319, 501, -1
319, 237, -1
319, 500, -1
110, 989, -1
110, 501, -1
110, 237, -1
110, 500, -1
319, 506, -1
110, 506, -1
319, 333, -1
110, 333, -1
319, 114, -1
319, 553, -1
319, 841, -1
319, 1125, -1
110, 114, -1
110, 553, -1
110, 841, -1
110, 1125, -1
319, 276, -1
110, 276, -1
319, 1039, -1
110, 1039, -1
989, 1190, -1
501, 1190, -1
237, 1190, -1
500, 1190, -1
989, 319, -1
989, 110, -1
501, 319, -1
501, 110, -1
237, 319, -1
237, 110, -1
500, 319, -1
500, 110, -1
989, 506, -1
501, 506, -1
237, 506, -1
500, 506, -1
989, 333, -1
501, 333, -1
237, 333, -1
500, 333, -1
989, 114, -1
989, 553, -1
989, 841, -1
989, 1125, -1
501, 114, -1
501, 553, -1
501, 841, -1
501, 1125, -1
237, 114, -1
237, 553, -1
237, 841, -1
237, 1125, -1
500, 114, -1
500, 553, -1
500, 841, -1
500, 1125, -1
989, 276, -1
501, 276, -1
237, 276, -1
500, 276, -1
989, 1039, -1
501, 1039, -1
237, 1039, -1
500, 1039, -1
506, 1190, -1
506, 319, -1
506, 110, -1
506, 989, -1
506, 501, -1
506, 237, -1
506, 500, -1
506, 333, -1
506, 114, -1
506, 553, -1
506, 841, -1
506, 1125, -1
506, 276, -1
506, 1039, -1
333, 1190, -1
333, 319, -1
333, 110, -1
333, 989, -1
333, 501, -1
333, 237, -1
333, 500, -1
333, 506, -1
333, 114, -1
333, 553, -1
333, 841, -1
333, 1125, -1
333, 276, -1
333, 1039, -1
114, 1190, -1
553, 1190, -1
841, 1190, -1
1125, 1190, -1
114, 319, -1
114, 110, -1
553, 319, -1
553, 110, -1
841, 319, -1
841, 110, -1
1125, 319, -1
1125, 110, -1
114, 989, -1
114, 501, -1
114, 237, -1
114, 500, -1
553, 989, -1
553, 501, -1
553, 237, -1
553, 500, -1
841, 989, -1
841, 501, -1
841, 237, -1
841, 500, -1
1125, 989, -1
1125, 501, -1
1125, 237, -1
1125, 500, -1
114, 506, -1
553, 506, -1
841, 506, -1
1125, 506, -1
114, 333, -1
553, 333, -1
841, 333, -1
1125, 333, -1
114, 276, -1
553, 276, -1
841, 276, -1
1125, 276, -1
114, 1039, -1
553, 1039, -1
841, 1039, -1
1125, 1039, -1
276, 1190, -1
276, 319, -1
276, 110, -1
276, 989, -1
276, 501, -1
276, 237, -1
276, 500, -1
276, 506, -1
276, 333, -1
276, 114, -1
276, 553, -1
276, 841, -1
276, 1125, -1
276, 1039, -1
1039, 1190, -1
1039, 319, -1
1039, 110, -1
1039, 989, -1
1039, 501, -1
1039, 237, -1
1039, 500, -1
1039, 506, -1
1039, 333, -1
1039, 114, -1
1039, 553, -1
1039, 841, -1
1039, 1125, -1
1039, 276, -1

319, 110, 1
110, 319, 1
989, 501, 1
989, 237, 1
989, 500, 1
501, 989, 1
501, 237, 1
501, 500, 1
237, 989, 1
237, 501, 1
237, 500, 1
500, 989, 1
500, 501, 1
500, 237, 1
114, 553, 1
114, 841, 1
114, 1125, 1
114, 707, 1
553, 114, 1
553, 841, 1
553, 1125, 1
553, 707, 1
841, 114, 1
841, 553, 1
841, 1125, 1
841, 707, 1
1125, 114, 1
1125, 553, 1
1125, 841, 1
1125, 707, 1
707, 114, 1
707, 553, 1
707, 841, 1
707, 1125, 1
1190, 319, -1
1190, 110, -1
1190, 989, -1
1190, 501, -1
1190, 237, -1
1190, 500, -1
1190, 506, -1
1190, 333, -1
1190, 114, -1
1190, 553, -1
1190, 841, -1
1190, 1125, -1
1190, 707, -1
1190, 276, -1
1190, 1039, -1
319, 1190, -1
110, 1190, -1
319, 989, -1
319, 501, -1
319, 237, -1
319, 500, -1
110, 989, -1
110, 501, -1
110, 237, -1
110, 500, -1
319, 506, -1
110, 506, -1
319, 333, -1
110, 333, -1
319, 114, -1
319, 553, -1
319, 841, -1
319, 1125, -1
319, 707, -1
110, 114, -1
110, 553, -1
110, 841, -1
110, 1125, -1
110, 707, -1
319, 276, -1
110, 276, -1
319, 1039, -1
110, 1039, -1
989, 1190, -1
501, 1190, -1
237, 1190, -1
500, 1190, -1
989, 319, -1
989, 110, -1
501, 319, -1
501, 110, -1
237, 319, -1
237, 110, -1
500, 319, -1
500, 110, -1
989, 506, -1
501, 506, -1
237, 506, -1
500, 506, -1
989, 333, -1
501, 333, -1
237, 333, -1
500, 333, -1
989, 114, -1
989, 553, -1
989, 841, -1
989, 1125, -1
989, 707, -1
501, 114, -1
501, 553, -1
501, 841, -1
501, 1125, -1
501, 707, -1
237, 114, -1
237, 553, -1
237, 841, -1
237, 1125, -1
237, 707, -1
500, 114, -1
500, 553, -1
500, 841, -1
500, 1125, -1
500, 707, -1
989, 276, -1
501, 276, -1
237, 276, -1
500, 276, -1
989, 1039, -1
501, 1039, -1
237, 1039, -1
500, 1039, -1
506, 1190, -1
506, 319, -1
506, 110, -1
506, 989, -1
506, 501, -1
506, 237, -1
506, 500, -1
506, 333, -1
506, 114, -1
506, 553, -1
506, 841, -1
506, 1125, -1
506, 707, -1
506, 276, -1
506, 1039, -1
333, 1190, -1
333, 319, -1
333, 110, -1
333, 989, -1
333, 501, -1
333, 237, -1
333, 500, -1
333, 506, -1
333, 114, -1
333, 553, -1
333, 841, -1
333, 1125, -1
333, 707, -1
333, 276, -1
333, 1039, -1
114, 1190, -1
553, 1190, -1
841, 1190, -1
1125, 1190, -1
707, 1190, -1
114, 319, -1
114, 110, -1
553, 319, -1
553, 110, -1
841, 319, -1
841, 110, -1
1125, 319, -1
1125, 110, -1
707, 319, -1
707, 110, -1
114, 989, -1
114, 501, -1
114, 237, -1
114, 500, -1
553, 989, -1
553, 501, -1
553, 237, -1
553, 500, -1
841, 989, -1
841, 501, -1
841, 237, -1
841, 500, -1
1125, 989, -1
1125, 501, -1
1125, 237, -1
1125, 500, -1
707, 989, -1
707, 501, -1
707, 237, -1
707, 500, -1
114, 506, -1
553, 506, -1
841, 506, -1
1125, 506, -1
707, 506, -1
114, 333, -1
553, 333, -1
841, 333, -1
1125, 333, -1
707, 333, -1
114, 276, -1
553, 276, -1
841, 276, -1
1125, 276, -1
707, 276, -1
114, 1039, -1
553, 1039, -1
841, 1039, -1
1125, 1039, -1
707, 1039, -1
276, 1190, -1
276, 319, -1
276, 110, -1
276, 989, -1
276, 501, -1
276, 237, -1
276, 500, -1
276, 506, -1
276, 333, -1
276, 114, -1
276, 553, -1
276, 841, -1
276, 1125, -1
276, 707, -1
276, 1039, -1
1039, 1190, -1
1039, 319, -1
1039, 110, -1
1039, 989, -1
1039, 501, -1
1039, 237, -1
1039, 500, -1
1039, 506, -1
1039, 333, -1
1039, 114, -1
1039, 553, -1
1039, 841, -1
1039, 1125, -1
1039, 707, -1
1039, 276, -1

319, 110, 1
110, 319, 1
989, 501, 1
989, 237, 1
989, 500, 1
501, 989, 1
501, 237, 1
501, 500, 1
237, 989, 1
237, 501, 1
237, 500, 1
500, 989, 1
500, 501, 1
500, 237, 1
114, 553, 1
114, 841, 1
114, 1125, 1
114, 707, 1
553, 114, 1
553, 841, 1
553, 1125, 1
553, 707, 1
841, 114, 1
841, 553, 1
841, 1125, 1
841, 707, 1
1125, 114, 1
1125, 553, 1
1125, 841, 1
1125, 707, 1
707, 114, 1
707, 553, 1
707, 841, 1
707, 1125, 1
1190, 319, -1
1190, 110, -1
1190, 989, -1
1190, 501, -1
1190, 237, -1
1190, 500, -1
1190, 506, -1
1190, 333, -1
1190, 114, -1
1190, 553, -1
1190, 841, -1
1190, 1125, -1
1190, 707, -1
1190, 276, -1
1190, 1039, -1
1190, 508, -1
319, 1190, -1
110, 1190, -1
319, 989, -1
319, 501, -1
319, 237, -1
319, 500, -1
110, 989, -1
110, 501, -1
110, 237, -1
110, 500, -1
319, 506, -1
110, 506, -1
319, 333, -1
110, 333, -1
319, 114, -1
319, 553, -1
319, 841, -1
319, 1125, -1
319, 707, -1
110, 114, -1
110, 553, -1
110, 841, -1
110, 1125, -1
110, 707, -1
319, 276, -1
110, 276, -1
319, 1039, -1
110, 1039, -1
319, 508, -1
110, 508, -1
989, 1190, -1
501, 1190, -1
237, 1190, -1
500, 1190, -1
989, 319, -1
989, 110, -1
501, 319, -1
501, 110, -1
237, 319, -1
237, 110, -1
500, 319, -1
500, 110, -1
989, 506, -1
501, 506, -1
237, 506, -1
500, 506, -1
989, 333, -1
501, 333, -1
237, 333, -1
500, 333, -1
989, 114, -1
989, 553, -1
989, 841, -1
989, 1125, -1
989, 707, -1
501, 114, -1
501, 553, -1
501, 841, -1
501, 1125, -1
501, 707, -1
237, 114, -1
237, 553, -1
237, 841, -1
237, 1125, -1
237, 707, -1
500, 114, -1
500, 553, -1
500, 841, -1
500, 1125, -1
500, 707, -1
989, 276, -1
501, 276, -1
237, 276, -1
500, 276, -1
989, 1039, -1
501, 1039, -1
237, 1039, -1
500, 1039, -1
989, 508, -1
501, 508, -1
237, 508, -1
500, 508, -1
506, 1190, -1
506, 319, -1
506, 110, -1
506, 989, -1
506, 501, -1
506, 237, -1
506, 500, -1
506, 333, -1
506, 114, -1
506, 553, -1
506, 841, -1
506, 1125, -1
506, 707, -1
506, 276, -1
506, 1039, -1
506, 508, -1
333, 1190, -1
333, 319, -1
333, 110, -1
333, 989, -1
333, 501, -1
333, 237, -1
333, 500, -1
333, 506, -1
333, 114, -1
333, 553, -1
333, 841, -1
333, 1125, -1
333, 707, -1
333, 276, -1
333, 1039, -1
333, 508, -1
114, 1190, -1
553, 1190, -1
841, 1190, -1
1125, 1190, -1
707, 1190, -1
114, 319, -1
114, 110, -1
553, 319, -1
553, 110, -1
841, 319, -1
841, 110, -1
1125, 319, -1
1125, 110, -1
707, 319, -1
707, 110, -1
114, 989, -1
114, 501, -1
114, 237, -1
114, 500, -1
553, 989, -1
553, 501, -1
553, 237, -1
553, 500, -1
841, 989, -1
841, 501, -1
841, 237, -1
841, 500, -1
1125, 989, -1
1125, 501, -1
1125, 237, -1
1125, 500, -1
707, 989, -1
707, 501, -1
707, 237, -1
707, 500, -1
114, 506, -1
553, 506, -1
841, 506, -1
1125, 506, -1
707, 506, -1
114, 333, -1
553, 333, -1
841, 333, -1
1125, 333, -1
707, 333, -1
114, 276, -1
553, 276, -1
841, 276, -1
1125, 276, -1
707, 276, -1
114, 1039, -1
553, 1039, -1
841, 1039, -1
1125, 1039, -1
707, 1039, -1
114, 508, -1
553, 508, -1
841, 508, -1
1125, 508, -1
707, 508, -1
276, 1190, -1
276, 319, -1
276, 110, -1
276, 989, -1
276, 501, -1
276, 237, -1
276, 500, -1
276, 506, -1
276, 333, -1
276, 114, -1
276, 553, -1
276, 841, -1
276, 1125, -1
276, 707, -1
276, 1039, -1
276, 508, -1
1039, 1190, -1
1039, 319, -1
1039, 110, -1
1039, 989, -1
1039, 501, -1
1039, 237, -1
1039, 500, -1
1039, 506, -1
1039, 333, -1
1039, 114, -1
1039, 553, -1
1039, 841, -1
1039, 1125, -1
1039, 707, -1
1039, 276, -1
1039, 508, -1
508, 1190, -1
508, 319, -1
508, 110, -1
508, 989, -1
508, 501, -1
508, 237, -1
508, 500, -1
508, 506, -1
508, 333, -1
508, 114, -1
508, 553, -1
508, 841, -1
508, 1125, -1
508, 707, -1
508, 276, -1
508, 1039, -1

