348, 382, 1
387, 382, 1
387, 348, 1
1404, 647, 1
640, 382, -1
640, 348, -1
647, 382, -1
647, 348, -1
647, 640, -1
1406, 382, -1
1406, 348, -1
1406, 640, -1
1406, 647, -1
387, 640, -1
387, 647, -1
387, 1406, -1
1404, 382, -1
1404, 348, -1
1404, 387, -1
1404, 640, -1
1404, 1406, -1

387, 348, 1
348, 348, 1
382, 348, 1
1404, 647, 1
647, 647, 1
1026, 382, 1
1026, 348, 1
1026, 387, 1
1, 647, 1
1, 1404, 1
1026, 640, -1
1026, 647, -1
1026, 1404, -1
1026, 1406, -1
513, 382, -1
513, 348, -1
513, 387, -1
513, 1026, -1
513, 640, -1
513, 647, -1
513, 1404, -1
513, 1406, -1
1, 382, -1
1, 348, -1
1, 387, -1
1, 1026, -1
1, 640, -1
1, 1406, -1
1, 513, -1

387, 348, 1
348, 348, 1
382, 348, 1
1, 1, 1
1404, 1, 1
647, 1, 1
1039, 647, 1
1039, 1404, 1
1039, 1, 1
1027, 382, 1
1027, 348, 1
1027, 387, 1
1027, 1026, 1
1039, 382, -1
1039, 348, -1
1039, 387, -1
1039, 1026, -1
1039, 640, -1
1039, 1406, -1
1039, 513, -1
1027, 640, -1
1027, 647, -1
1027, 1404, -1
1027, 1, -1
1027, 1039, -1
1027, 1406, -1
1027, 513, -1

387, 348, 1
348, 348, 1
1, 1, 1
647, 1, 1
1039, 1, 1
1361, 1, 1
1404, 1, 1
1026, 382, 1
1027, 382, 1
382, 382, 1
1035, 382, 1
1035, 348, 1
1035, 387, 1
1035, 1026, 1
1035, 1027, 1
1038, 382, 1
1038, 348, 1
1038, 387, 1
1038, 1026, 1
1038, 1027, 1
1038, 1035, 1
1035, 640, -1
1035, 647, -1
1035, 1404, -1
1035, 1, -1
1035, 1039, -1
1035, 1406, -1
1035, 513, -1
1038, 640, -1
1038, 647, -1
1038, 1404, -1
1038, 1, -1
1038, 1039, -1
1038, 1406, -1
1038, 513, -1

1, 1, 1
647, 1, 1
1039, 1, 1
1361, 1, 1
1404, 1, 1
348, 348, 1
382, 348, 1
1026, 387, 1
1027, 387, 1
387, 387, 1
842, 387, 1
1035, 387, 1
1038, 387, 1
6, 647, 1
6, 1404, 1
6, 1, 1
6, 1039, 1
1028, 640, 1
6, 382, -1
6, 348, -1
6, 387, -1
6, 1026, -1
6, 1027, -1
6, 1035, -1
6, 1038, -1
6, 640, -1
6, 1406, -1
6, 513, -1
518, 382, -1
518, 348, -1
518, 387, -1
518, 1026, -1
518, 1027, -1
518, 1035, -1
518, 1038, -1
518, 640, -1
518, 647, -1
518, 1404, -1
518, 1, -1
518, 1039, -1
518, 6, -1
518, 1406, -1
518, 513, -1
1028, 382, -1
1028, 348, -1
1028, 387, -1
1028, 1026, -1
1028, 1027, -1
1028, 1035, -1
1028, 1038, -1
1028, 647, -1
1028, 1404, -1
1028, 1, -1
1028, 1039, -1
1028, 6, -1
1028, 1406, -1
1028, 513, -1
1028, 518, -1

1, 1, 1
6, 1, 1
647, 1, 1
1039, 1, 1
1361, 1, 1
1404, 1, 1
348, 348, 1
382, 348, 1
1026, 387, 1
1027, 387, 1
387, 387, 1
842, 387, 1
1035, 387, 1
1038, 387, 1
1036, 382, -1
1036, 348, -1
1036, 387, -1
1036, 1026, -1
1036, 1027, -1
1036, 1035, -1
1036, 1038, -1
1036, 640, -1
1036, 1028, -1
1036, 647, -1
1036, 1404, -1
1036, 1, -1
1036, 1039, -1
1036, 6, -1
1036, 1406, -1
1036, 513, -1
1036, 518, -1

348, 348, 1
382, 348, 1
1, 1, 1
6, 1, 1
647, 1, 1
1039, 1, 1
1361, 1, 1
1404, 1, 1
1026, 387, 1
1027, 387, 1
387, 387, 1
842, 387, 1
1035, 387, 1
1038, 387, 1
533, 640, 1
533, 1028, 1
533, 382, -1
533, 348, -1
533, 387, -1
533, 1026, -1
533, 1027, -1
533, 1035, -1
533, 1038, -1
533, 647, -1
533, 1404, -1
533, 1, -1
533, 1039, -1
533, 6, -1
533, 1406, -1
533, 513, -1
533, 518, -1
533, 1036, -1

1027, 382, 1
1026, 382, 1
1035, 382, 1
382, 382, 1
387, 348, 1
348, 348, 1
1038, 348, 1
1, 1, 1
6, 1, 1
647, 1, 1
1039, 1, 1
1361, 1, 1
1404, 1, 1
1028, 533, 1
533, 533, 1
40, 513, 1
40, 382, -1
40, 348, -1
40, 387, -1
40, 1026, -1
40, 1027, -1
40, 1035, -1
40, 1038, -1
40, 640, -1
40, 1028, -1
40, 533, -1
40, 647, -1
40, 1404, -1
40, 1, -1
40, 1039, -1
40, 6, -1
40, 1406, -1
40, 518, -1
40, 1036, -1

1027, 382, 1
1026, 382, 1
1035, 382, 1
382, 382, 1
640, 533, 1
1028, 533, 1
533, 533, 1
1404, 6, 1
1039, 6, 1
6, 6, 1
647, 6, 1
40, 40, 1
513, 40, 1
1287, 1406, 1
1033, 1406, 1
1033, 1287, 1
1287, 382, -1
1287, 348, -1
1287, 387, -1
1287, 1026, -1
1287, 1027, -1
1287, 1035, -1
1287, 1038, -1
1287, 640, -1
1287, 1028, -1
1287, 533, -1
1287, 647, -1
1287, 1404, -1
1287, 1, -1
1287, 1039, -1
1287, 6, -1
1287, 513, -1
1287, 40, -1
1287, 518, -1
1287, 1036, -1
1033, 382, -1
1033, 348, -1
1033, 387, -1
1033, 1026, -1
1033, 1027, -1
1033, 1035, -1
1033, 1038, -1
1033, 640, -1
1033, 1028, -1
1033, 533, -1
1033, 647, -1
1033, 1404, -1
1033, 1, -1
1033, 1039, -1
1033, 6, -1
1033, 513, -1
1033, 40, -1
1033, 518, -1
1033, 1036, -1

1026, 348, 1
1027, 348, 1
387, 348, 1
388, 348, 1
419, 348, 1
1031, 348, 1
10, 348, 1
1035, 348, 1
842, 348, 1
1038, 348, 1
50, 348, 1
348, 348, 1
863, 348, 1
1, 1, 1
1404, 1, 1
6, 1, 1
647, 1, 1
1033, 1033, 1
1406, 1033, 1
1287, 1033, 1
640, 533, 1
533, 533, 1
40, 40, 1
513, 40, 1
1420, 382, -1
1420, 348, -1
1420, 387, -1
1420, 1026, -1
1420, 1027, -1
1420, 1035, -1
1420, 1038, -1
1420, 388, -1
1420, 640, -1
1420, 1028, -1
1420, 533, -1
1420, 647, -1
1420, 1404, -1
1420, 1, -1
1420, 1039, -1
1420, 6, -1
1420, 1406, -1
1420, 1287, -1
1420, 1033, -1
1420, 513, -1
1420, 40, -1
1420, 518, -1
1420, 1036, -1

