348, 382, 1
337, 382, 1
337, 348, 1
342, 382, 1
342, 348, 1
342, 337, 1
640, 382, -1
640, 348, -1
337, 640, -1
469, 382, -1
469, 348, -1
469, 337, -1
469, 640, -1
0, 382, -1
0, 348, -1
0, 337, -1
0, 640, -1
0, 469, -1
342, 640, -1
342, 469, -1
342, 0, -1

6, 0, 1
1159, 640, 1
267, 640, 1
267, 1159, 1
1128, 640, 1
1128, 1159, 1
1128, 267, 1
6, 382, -1
6, 348, -1
6, 337, -1
6, 342, -1
6, 640, -1
6, 469, -1
1159, 382, -1
1159, 348, -1
1159, 337, -1
1159, 342, -1
1159, 469, -1
1159, 0, -1
1159, 6, -1
267, 382, -1
267, 348, -1
267, 337, -1
267, 342, -1
267, 469, -1
267, 0, -1
267, 6, -1
1128, 382, -1
1128, 348, -1
1128, 337, -1
1128, 342, -1
1128, 469, -1
1128, 0, -1
1128, 6, -1

17, 640, 1
17, 1159, 1
17, 267, 1
17, 1128, 1
686, 382, 1
686, 348, 1
686, 337, 1
686, 342, 1
162, 382, 1
162, 348, 1
162, 337, 1
162, 342, 1
162, 686, 1
829, 382, 1
829, 348, 1
829, 337, 1
829, 342, 1
829, 686, 1
829, 162, 1
795, 382, 1
795, 348, 1
795, 337, 1
795, 342, 1
795, 686, 1
795, 162, 1
795, 829, 1
895, 640, 1
895, 1159, 1
895, 267, 1
895, 1128, 1
895, 17, 1
273, 382, 1
273, 348, 1
273, 337, 1
273, 342, 1
273, 686, 1
273, 162, 1
273, 829, 1
273, 795, 1
17, 382, -1
17, 348, -1
17, 337, -1
17, 342, -1
17, 469, -1
17, 0, -1
17, 6, -1
686, 640, -1
686, 1159, -1
686, 267, -1
686, 1128, -1
686, 17, -1
686, 469, -1
686, 0, -1
686, 6, -1
162, 640, -1
162, 1159, -1
162, 267, -1
162, 1128, -1
162, 17, -1
162, 469, -1
162, 0, -1
162, 6, -1
829, 640, -1
829, 1159, -1
829, 267, -1
829, 1128, -1
829, 17, -1
829, 469, -1
829, 0, -1
829, 6, -1
795, 640, -1
795, 1159, -1
795, 267, -1
795, 1128, -1
795, 17, -1
795, 469, -1
795, 0, -1
795, 6, -1
895, 382, -1
895, 348, -1
895, 337, -1
895, 342, -1
895, 686, -1
895, 162, -1
895, 829, -1
895, 795, -1
895, 469, -1
895, 0, -1
895, 6, -1
273, 640, -1
273, 1159, -1
273, 267, -1
273, 1128, -1
273, 17, -1
273, 895, -1
273, 469, -1
273, 0, -1
273, 6, -1

1276, 640, 1
1276, 1159, 1
1276, 267, 1
1276, 1128, 1
1276, 17, 1
1276, 895, 1
762, 382, 1
762, 348, 1
762, 337, 1
762, 342, 1
762, 686, 1
762, 162, 1
762, 829, 1
762, 795, 1
762, 273, 1
1325, 640, 1
1325, 1159, 1
1325, 267, 1
1325, 1128, 1
1325, 17, 1
1325, 895, 1
1325, 1276, 1
1152, 640, 1
1152, 1159, 1
1152, 267, 1
1152, 1128, 1
1152, 17, 1
1152, 895, 1
1152, 1276, 1
1152, 1325, 1
172, 382, 1
172, 348, 1
172, 337, 1
172, 342, 1
172, 686, 1
172, 162, 1
172, 829, 1
172, 795, 1
172, 273, 1
172, 762, 1
1088, 382, 1
1088, 348, 1
1088, 337, 1
1088, 342, 1
1088, 686, 1
1088, 162, 1
1088, 829, 1
1088, 795, 1
1088, 273, 1
1088, 762, 1
1088, 172, 1
1276, 382, -1
1276, 348, -1
1276, 337, -1
1276, 342, -1
1276, 686, -1
1276, 162, -1
1276, 829, -1
1276, 795, -1
1276, 273, -1
1276, 469, -1
1276, 0, -1
1276, 6, -1
762, 640, -1
762, 1159, -1
762, 267, -1
762, 1128, -1
762, 17, -1
762, 895, -1
762, 1276, -1
762, 469, -1
762, 0, -1
762, 6, -1
1325, 382, -1
1325, 348, -1
1325, 337, -1
1325, 342, -1
1325, 686, -1
1325, 162, -1
1325, 829, -1
1325, 795, -1
1325, 273, -1
1325, 762, -1
1325, 469, -1
1325, 0, -1
1325, 6, -1
1152, 382, -1
1152, 348, -1
1152, 337, -1
1152, 342, -1
1152, 686, -1
1152, 162, -1
1152, 829, -1
1152, 795, -1
1152, 273, -1
1152, 762, -1
1152, 469, -1
1152, 0, -1
1152, 6, -1
172, 640, -1
172, 1159, -1
172, 267, -1
172, 1128, -1
172, 17, -1
172, 895, -1
172, 1276, -1
172, 1325, -1
172, 1152, -1
172, 469, -1
172, 0, -1
172, 6, -1
1088, 640, -1
1088, 1159, -1
1088, 267, -1
1088, 1128, -1
1088, 17, -1
1088, 895, -1
1088, 1276, -1
1088, 1325, -1
1088, 1152, -1
1088, 469, -1
1088, 0, -1
1088, 6, -1

499, 640, 1
499, 1159, 1
499, 267, 1
499, 1128, 1
499, 17, 1
499, 895, 1
499, 1276, 1
499, 1325, 1
499, 1152, 1
809, 640, 1
809, 1159, 1
809, 267, 1
809, 1128, 1
809, 17, 1
809, 895, 1
809, 1276, 1
809, 1325, 1
809, 1152, 1
809, 499, 1
724, 382, 1
724, 348, 1
724, 337, 1
724, 342, 1
724, 686, 1
724, 162, 1
724, 829, 1
724, 795, 1
724, 273, 1
724, 762, 1
724, 172, 1
724, 1088, 1
450, 382, -1
450, 348, -1
450, 337, -1
450, 342, -1
450, 686, -1
450, 162, -1
450, 829, -1
450, 795, -1
450, 273, -1
450, 762, -1
450, 172, -1
450, 1088, -1
450, 640, -1
450, 1159, -1
450, 267, -1
450, 1128, -1
450, 17, -1
450, 895, -1
450, 1276, -1
450, 1325, -1
450, 1152, -1
450, 469, -1
450, 0, -1
450, 6, -1
499, 382, -1
499, 348, -1
499, 337, -1
499, 342, -1
499, 686, -1
499, 162, -1
499, 829, -1
499, 795, -1
499, 273, -1
499, 762, -1
499, 172, -1
499, 1088, -1
499, 469, -1
499, 0, -1
499, 6, -1
499, 450, -1
809, 382, -1
809, 348, -1
809, 337, -1
809, 342, -1
809, 686, -1
809, 162, -1
809, 829, -1
809, 795, -1
809, 273, -1
809, 762, -1
809, 172, -1
809, 1088, -1
809, 469, -1
809, 0, -1
809, 6, -1
809, 450, -1
724, 640, -1
724, 1159, -1
724, 267, -1
724, 1128, -1
724, 17, -1
724, 895, -1
724, 1276, -1
724, 1325, -1
724, 1152, -1
724, 499, -1
724, 809, -1
724, 469, -1
724, 0, -1
724, 6, -1
724, 450, -1

464, 382, 1
464, 348, 1
464, 337, 1
464, 342, 1
464, 686, 1
464, 162, 1
464, 829, 1
464, 795, 1
464, 273, 1
464, 762, 1
464, 172, 1
464, 1088, 1
464, 724, 1
7, 640, 1
7, 1159, 1
7, 267, 1
7, 1128, 1
7, 17, 1
7, 895, 1
7, 1276, 1
7, 1325, 1
7, 1152, 1
7, 499, 1
7, 809, 1
1351, 382, -1
1351, 348, -1
1351, 337, -1
1351, 342, -1
1351, 686, -1
1351, 162, -1
1351, 829, -1
1351, 795, -1
1351, 273, -1
1351, 762, -1
1351, 172, -1
1351, 1088, -1
1351, 724, -1
1351, 640, -1
1351, 1159, -1
1351, 267, -1
1351, 1128, -1
1351, 17, -1
1351, 895, -1
1351, 1276, -1
1351, 1325, -1
1351, 1152, -1
1351, 499, -1
1351, 809, -1
1351, 469, -1
1351, 0, -1
1351, 6, -1
1351, 450, -1
464, 640, -1
464, 1159, -1
464, 267, -1
464, 1128, -1
464, 17, -1
464, 895, -1
464, 1276, -1
464, 1325, -1
464, 1152, -1
464, 499, -1
464, 809, -1
464, 469, -1
464, 0, -1
464, 6, -1
464, 450, -1
464, 1351, -1
7, 382, -1
7, 348, -1
7, 337, -1
7, 342, -1
7, 686, -1
7, 162, -1
7, 829, -1
7, 795, -1
7, 273, -1
7, 762, -1
7, 172, -1
7, 1088, -1
7, 724, -1
7, 464, -1
7, 469, -1
7, 0, -1
7, 6, -1
7, 450, -1
7, 1351, -1

1471, 0, 1
1471, 6, 1
1290, 0, 1
1290, 6, 1
1290, 1471, 1
1471, 382, -1
1471, 348, -1
1471, 337, -1
1471, 342, -1
1471, 686, -1
1471, 162, -1
1471, 829, -1
1471, 795, -1
1471, 273, -1
1471, 762, -1
1471, 172, -1
1471, 1088, -1
1471, 724, -1
1471, 464, -1
1471, 640, -1
1471, 1159, -1
1471, 267, -1
1471, 1128, -1
1471, 17, -1
1471, 895, -1
1471, 1276, -1
1471, 1325, -1
1471, 1152, -1
1471, 499, -1
1471, 809, -1
1471, 7, -1
1471, 469, -1
1471, 450, -1
1471, 1351, -1
1290, 382, -1
1290, 348, -1
1290, 337, -1
1290, 342, -1
1290, 686, -1
1290, 162, -1
1290, 829, -1
1290, 795, -1
1290, 273, -1
1290, 762, -1
1290, 172, -1
1290, 1088, -1
1290, 724, -1
1290, 464, -1
1290, 640, -1
1290, 1159, -1
1290, 267, -1
1290, 1128, -1
1290, 17, -1
1290, 895, -1
1290, 1276, -1
1290, 1325, -1
1290, 1152, -1
1290, 499, -1
1290, 809, -1
1290, 7, -1
1290, 469, -1
1290, 450, -1
1290, 1351, -1

1310, 382, 1
1310, 348, 1
1310, 337, 1
1310, 342, 1
1310, 686, 1
1310, 162, 1
1310, 829, 1
1310, 795, 1
1310, 273, 1
1310, 762, 1
1310, 172, 1
1310, 1088, 1
1310, 724, 1
1310, 464, 1
430, 382, 1
430, 348, 1
430, 337, 1
430, 342, 1
430, 686, 1
430, 162, 1
430, 829, 1
430, 795, 1
430, 273, 1
430, 762, 1
430, 172, 1
430, 1088, 1
430, 724, 1
430, 464, 1
430, 1310, 1
1324, 382, 1
1324, 348, 1
1324, 337, 1
1324, 342, 1
1324, 686, 1
1324, 162, 1
1324, 829, 1
1324, 795, 1
1324, 273, 1
1324, 762, 1
1324, 172, 1
1324, 1088, 1
1324, 724, 1
1324, 464, 1
1324, 1310, 1
1324, 430, 1
403, 382, 1
403, 348, 1
403, 337, 1
403, 342, 1
403, 686, 1
403, 162, 1
403, 829, 1
403, 795, 1
403, 273, 1
403, 762, 1
403, 172, 1
403, 1088, 1
403, 724, 1
403, 464, 1
403, 1310, 1
403, 430, 1
403, 1324, 1
844, 640, 1
844, 1159, 1
844, 267, 1
844, 1128, 1
844, 17, 1
844, 895, 1
844, 1276, 1
844, 1325, 1
844, 1152, 1
844, 499, 1
844, 809, 1
844, 7, 1
1313, 382, 1
1313, 348, 1
1313, 337, 1
1313, 342, 1
1313, 686, 1
1313, 162, 1
1313, 829, 1
1313, 795, 1
1313, 273, 1
1313, 762, 1
1313, 172, 1
1313, 1088, 1
1313, 724, 1
1313, 464, 1
1313, 1310, 1
1313, 430, 1
1313, 1324, 1
1313, 403, 1
1310, 640, -1
1310, 1159, -1
1310, 267, -1
1310, 1128, -1
1310, 17, -1
1310, 895, -1
1310, 1276, -1
1310, 1325, -1
1310, 1152, -1
1310, 499, -1
1310, 809, -1
1310, 7, -1
1310, 469, -1
1310, 0, -1
1310, 6, -1
1310, 1471, -1
1310, 1290, -1
1310, 450, -1
1310, 1351, -1
430, 640, -1
430, 1159, -1
430, 267, -1
430, 1128, -1
430, 17, -1
430, 895, -1
430, 1276, -1
430, 1325, -1
430, 1152, -1
430, 499, -1
430, 809, -1
430, 7, -1
430, 469, -1
430, 0, -1
430, 6, -1
430, 1471, -1
430, 1290, -1
430, 450, -1
430, 1351, -1
1324, 640, -1
1324, 1159, -1
1324, 267, -1
1324, 1128, -1
1324, 17, -1
1324, 895, -1
1324, 1276, -1
1324, 1325, -1
1324, 1152, -1
1324, 499, -1
1324, 809, -1
1324, 7, -1
1324, 469, -1
1324, 0, -1
1324, 6, -1
1324, 1471, -1
1324, 1290, -1
1324, 450, -1
1324, 1351, -1
403, 640, -1
403, 1159, -1
403, 267, -1
403, 1128, -1
403, 17, -1
403, 895, -1
403, 1276, -1
403, 1325, -1
403, 1152, -1
403, 499, -1
403, 809, -1
403, 7, -1
403, 469, -1
403, 0, -1
403, 6, -1
403, 1471, -1
403, 1290, -1
403, 450, -1
403, 1351, -1
844, 382, -1
844, 348, -1
844, 337, -1
844, 342, -1
844, 686, -1
844, 162, -1
844, 829, -1
844, 795, -1
844, 273, -1
844, 762, -1
844, 172, -1
844, 1088, -1
844, 724, -1
844, 464, -1
844, 1310, -1
844, 430, -1
844, 1324, -1
844, 403, -1
844, 469, -1
844, 0, -1
844, 6, -1
844, 1471, -1
844, 1290, -1
844, 450, -1
844, 1351, -1
1313, 640, -1
1313, 1159, -1
1313, 267, -1
1313, 1128, -1
1313, 17, -1
1313, 895, -1
1313, 1276, -1
1313, 1325, -1
1313, 1152, -1
1313, 499, -1
1313, 809, -1
1313, 7, -1
1313, 844, -1
1313, 469, -1
1313, 0, -1
1313, 6, -1
1313, 1471, -1
1313, 1290, -1
1313, 450, -1
1313, 1351, -1

1422, 640, 1
1422, 1159, 1
1422, 267, 1
1422, 1128, 1
1422, 17, 1
1422, 895, 1
1422, 1276, 1
1422, 1325, 1
1422, 1152, 1
1422, 499, 1
1422, 809, 1
1422, 7, 1
1422, 844, 1
733, 382, 1
733, 348, 1
733, 337, 1
733, 342, 1
733, 686, 1
733, 162, 1
733, 829, 1
733, 795, 1
733, 273, 1
733, 762, 1
733, 172, 1
733, 1088, 1
733, 724, 1
733, 464, 1
733, 1310, 1
733, 430, 1
733, 1324, 1
733, 403, 1
733, 1313, 1
374, 382, 1
374, 348, 1
374, 337, 1
374, 342, 1
374, 686, 1
374, 162, 1
374, 829, 1
374, 795, 1
374, 273, 1
374, 762, 1
374, 172, 1
374, 1088, 1
374, 724, 1
374, 464, 1
374, 1310, 1
374, 430, 1
374, 1324, 1
374, 403, 1
374, 1313, 1
374, 733, 1
927, 640, 1
927, 1159, 1
927, 267, 1
927, 1128, 1
927, 17, 1
927, 895, 1
927, 1276, 1
927, 1325, 1
927, 1152, 1
927, 499, 1
927, 809, 1
927, 7, 1
927, 844, 1
927, 1422, 1
1422, 382, -1
1422, 348, -1
1422, 337, -1
1422, 342, -1
1422, 686, -1
1422, 162, -1
1422, 829, -1
1422, 795, -1
1422, 273, -1
1422, 762, -1
1422, 172, -1
1422, 1088, -1
1422, 724, -1
1422, 464, -1
1422, 1310, -1
1422, 430, -1
1422, 1324, -1
1422, 403, -1
1422, 1313, -1
1422, 469, -1
1422, 0, -1
1422, 6, -1
1422, 1471, -1
1422, 1290, -1
1422, 450, -1
1422, 1351, -1
733, 640, -1
733, 1159, -1
733, 267, -1
733, 1128, -1
733, 17, -1
733, 895, -1
733, 1276, -1
733, 1325, -1
733, 1152, -1
733, 499, -1
733, 809, -1
733, 7, -1
733, 844, -1
733, 1422, -1
733, 469, -1
733, 0, -1
733, 6, -1
733, 1471, -1
733, 1290, -1
733, 450, -1
733, 1351, -1
374, 640, -1
374, 1159, -1
374, 267, -1
374, 1128, -1
374, 17, -1
374, 895, -1
374, 1276, -1
374, 1325, -1
374, 1152, -1
374, 499, -1
374, 809, -1
374, 7, -1
374, 844, -1
374, 1422, -1
374, 469, -1
374, 0, -1
374, 6, -1
374, 1471, -1
374, 1290, -1
374, 450, -1
374, 1351, -1
927, 382, -1
927, 348, -1
927, 337, -1
927, 342, -1
927, 686, -1
927, 162, -1
927, 829, -1
927, 795, -1
927, 273, -1
927, 762, -1
927, 172, -1
927, 1088, -1
927, 724, -1
927, 464, -1
927, 1310, -1
927, 430, -1
927, 1324, -1
927, 403, -1
927, 1313, -1
927, 733, -1
927, 374, -1
927, 469, -1
927, 0, -1
927, 6, -1
927, 1471, -1
927, 1290, -1
927, 450, -1
927, 1351, -1

1330, 640, 1
1330, 1159, 1
1330, 267, 1
1330, 1128, 1
1330, 17, 1
1330, 895, 1
1330, 1276, 1
1330, 1325, 1
1330, 1152, 1
1330, 499, 1
1330, 809, 1
1330, 7, 1
1330, 844, 1
1330, 1422, 1
1330, 927, 1
713, 0, 1
713, 6, 1
713, 1471, 1
713, 1290, 1
864, 382, 1
864, 348, 1
864, 337, 1
864, 342, 1
864, 686, 1
864, 162, 1
864, 829, 1
864, 795, 1
864, 273, 1
864, 762, 1
864, 172, 1
864, 1088, 1
864, 724, 1
864, 464, 1
864, 1310, 1
864, 430, 1
864, 1324, 1
864, 403, 1
864, 1313, 1
864, 733, 1
864, 374, 1
1141, 640, 1
1141, 1159, 1
1141, 267, 1
1141, 1128, 1
1141, 17, 1
1141, 895, 1
1141, 1276, 1
1141, 1325, 1
1141, 1152, 1
1141, 499, 1
1141, 809, 1
1141, 7, 1
1141, 844, 1
1141, 1422, 1
1141, 927, 1
1141, 1330, 1
1330, 382, -1
1330, 348, -1
1330, 337, -1
1330, 342, -1
1330, 686, -1
1330, 162, -1
1330, 829, -1
1330, 795, -1
1330, 273, -1
1330, 762, -1
1330, 172, -1
1330, 1088, -1
1330, 724, -1
1330, 464, -1
1330, 1310, -1
1330, 430, -1
1330, 1324, -1
1330, 403, -1
1330, 1313, -1
1330, 733, -1
1330, 374, -1
1330, 469, -1
1330, 0, -1
1330, 6, -1
1330, 1471, -1
1330, 1290, -1
1330, 450, -1
1330, 1351, -1
713, 382, -1
713, 348, -1
713, 337, -1
713, 342, -1
713, 686, -1
713, 162, -1
713, 829, -1
713, 795, -1
713, 273, -1
713, 762, -1
713, 172, -1
713, 1088, -1
713, 724, -1
713, 464, -1
713, 1310, -1
713, 430, -1
713, 1324, -1
713, 403, -1
713, 1313, -1
713, 733, -1
713, 374, -1
713, 640, -1
713, 1159, -1
713, 267, -1
713, 1128, -1
713, 17, -1
713, 895, -1
713, 1276, -1
713, 1325, -1
713, 1152, -1
713, 499, -1
713, 809, -1
713, 7, -1
713, 844, -1
713, 1422, -1
713, 927, -1
713, 1330, -1
713, 469, -1
713, 450, -1
713, 1351, -1
864, 640, -1
864, 1159, -1
864, 267, -1
864, 1128, -1
864, 17, -1
864, 895, -1
864, 1276, -1
864, 1325, -1
864, 1152, -1
864, 499, -1
864, 809, -1
864, 7, -1
864, 844, -1
864, 1422, -1
864, 927, -1
864, 1330, -1
864, 469, -1
864, 0, -1
864, 6, -1
864, 1471, -1
864, 1290, -1
864, 713, -1
864, 450, -1
864, 1351, -1
1141, 382, -1
1141, 348, -1
1141, 337, -1
1141, 342, -1
1141, 686, -1
1141, 162, -1
1141, 829, -1
1141, 795, -1
1141, 273, -1
1141, 762, -1
1141, 172, -1
1141, 1088, -1
1141, 724, -1
1141, 464, -1
1141, 1310, -1
1141, 430, -1
1141, 1324, -1
1141, 403, -1
1141, 1313, -1
1141, 733, -1
1141, 374, -1
1141, 864, -1
1141, 469, -1
1141, 0, -1
1141, 6, -1
1141, 1471, -1
1141, 1290, -1
1141, 713, -1
1141, 450, -1
1141, 1351, -1

