958, 989, -1
958, 84, -1
958, 470, -1
958, 488, -1
989, 958, -1
989, 84, -1
989, 470, -1
989, 488, -1
84, 958, -1
84, 989, -1
84, 470, -1
84, 488, -1
470, 958, -1
470, 989, -1
470, 84, -1
470, 488, -1
488, 958, -1
488, 989, -1
488, 84, -1
488, 470, -1

958, 1079, 1
958, 841, 1
958, 553, 1
958, 1125, 1
1079, 958, 1
1079, 841, 1
1079, 553, 1
1079, 1125, 1
841, 958, 1
841, 1079, 1
841, 553, 1
841, 1125, 1
553, 958, 1
553, 1079, 1
553, 841, 1
553, 1125, 1
1125, 958, 1
1125, 1079, 1
1125, 841, 1
1125, 553, 1
989, 501, 1
501, 989, 1
470, 1423, 1
1423, 470, 1
958, 989, -1
958, 501, -1
1079, 989, -1
1079, 501, -1
841, 989, -1
841, 501, -1
553, 989, -1
553, 501, -1
1125, 989, -1
1125, 501, -1
958, 84, -1
1079, 84, -1
841, 84, -1
553, 84, -1
1125, 84, -1
958, 470, -1
958, 1423, -1
1079, 470, -1
1079, 1423, -1
841, 470, -1
841, 1423, -1
553, 470, -1
553, 1423, -1
1125, 470, -1
1125, 1423, -1
958, 488, -1
1079, 488, -1
841, 488, -1
553, 488, -1
1125, 488, -1
989, 958, -1
989, 1079, -1
989, 841, -1
989, 553, -1
989, 1125, -1
501, 958, -1
501, 1079, -1
501, 841, -1
501, 553, -1
501, 1125, -1
989, 84, -1
501, 84, -1
989, 470, -1
989, 1423, -1
501, 470, -1
501, 1423, -1
989, 488, -1
501, 488, -1
84, 958, -1
84, 1079, -1
84, 841, -1
84, 553, -1
84, 1125, -1
84, 989, -1
84, 501, -1
84, 470, -1
84, 1423, -1
84, 488, -1
470, 958, -1
470, 1079, -1
470, 841, -1
470, 553, -1
470, 1125, -1
1423, 958, -1
1423, 1079, -1
1423, 841, -1
1423, 553, -1
1423, 1125, -1
470, 989, -1
470, 501, -1
1423, 989, -1
1423, 501, -1
470, 84, -1
1423, 84, -1
470, 488, -1
1423, 488, -1
488, 958, -1
488, 1079, -1
488, 841, -1
488, 553, -1
488, 1125, -1
488, 989, -1
488, 501, -1
488, 84, -1
488, 470, -1
488, 1423, -1

958, 1079, 1
958, 841, 1
958, 553, 1
958, 1125, 1
1079, 958, 1
1079, 841, 1
1079, 553, 1
1079, 1125, 1
841, 958, 1
841, 1079, 1
841, 553, 1
841, 1125, 1
553, 958, 1
553, 1079, 1
553, 841, 1
553, 1125, 1
1125, 958, 1
1125, 1079, 1
1125, 841, 1
1125, 553, 1
989, 501, 1
989, 500, 1
501, 989, 1
501, 500, 1
500, 989, 1
500, 501, 1
84, 1039, 1
1039, 84, 1
470, 1423, 1
1423, 470, 1
958, 989, -1
958, 501, -1
958, 500, -1
1079, 989, -1
1079, 501, -1
1079, 500, -1
841, 989, -1
841, 501, -1
841, 500, -1
553, 989, -1
553, 501, -1
553, 500, -1
1125, 989, -1
1125, 501, -1
1125, 500, -1
958, 84, -1
958, 1039, -1
1079, 84, -1
1079, 1039, -1
841, 84, -1
841, 1039, -1
553, 84, -1
553, 1039, -1
1125, 84, -1
1125, 1039, -1
958, 470, -1
958, 1423, -1
1079, 470, -1
1079, 1423, -1
841, 470, -1
841, 1423, -1
553, 470, -1
553, 1423, -1
1125, 470, -1
1125, 1423, -1
958, 488, -1
1079, 488, -1
841, 488, -1
553, 488, -1
1125, 488, -1
958, 229, -1
1079, 229, -1
841, 229, -1
553, 229, -1
1125, 229, -1
989, 958, -1
989, 1079, -1
989, 841, -1
989, 553, -1
989, 1125, -1
501, 958, -1
501, 1079, -1
501, 841, -1
501, 553, -1
501, 1125, -1
500, 958, -1
500, 1079, -1
500, 841, -1
500, 553, -1
500, 1125, -1
989, 84, -1
989, 1039, -1
501, 84, -1
501, 1039, -1
500, 84, -1
500, 1039, -1
989, 470, -1
989, 1423, -1
501, 470, -1
501, 1423, -1
500, 470, -1
500, 1423, -1
989, 488, -1
501, 488, -1
500, 488, -1
989, 229, -1
501, 229, -1
500, 229, -1
84, 958, -1
84, 1079, -1
84, 841, -1
84, 553, -1
84, 1125, -1
1039, 958, -1
1039, 1079, -1
1039, 841, -1
1039, 553, -1
1039, 1125, -1
84, 989, -1
84, 501, -1
84, 500, -1
1039, 989, -1
1039, 501, -1
1039, 500, -1
84, 470, -1
84, 1423, -1
1039, 470, -1
1039, 1423, -1
84, 488, -1
1039, 488, -1
84, 229, -1
1039, 229, -1
470, 958, -1
470, 1079, -1
470, 841, -1
470, 553, -1
470, 1125, -1
1423, 958, -1
1423, 1079, -1
1423, 841, -1
1423, 553, -1
1423, 1125, -1
470, 989, -1
470, 501, -1
470, 500, -1
1423, 989, -1
1423, 501, -1
1423, 500, -1
470, 84, -1
470, 1039, -1
1423, 84, -1
1423, 1039, -1
470, 488, -1
1423, 488, -1
470, 229, -1
1423, 229, -1
488, 958, -1
488, 1079, -1
488, 841, -1
488, 553, -1
488, 1125, -1
488, 989, -1
488, 501, -1
488, 500, -1
488, 84, -1
488, 1039, -1
488, 470, -1
488, 1423, -1
488, 229, -1
229, 958, -1
229, 1079, -1
229, 841, -1
229, 553, -1
229, 1125, -1
229, 989, -1
229, 501, -1
229, 500, -1
229, 84, -1
229, 1039, -1
229, 470, -1
229, 1423, -1
229, 488, -1

958, 1079, 1
958, 841, 1
958, 553, 1
958, 1125, 1
958, 703, 1
958, 1201, 1
958, 707, 1
1079, 958, 1
1079, 841, 1
1079, 553, 1
1079, 1125, 1
1079, 703, 1
1079, 1201, 1
1079, 707, 1
841, 958, 1
841, 1079, 1
841, 553, 1
841, 1125, 1
841, 703, 1
841, 1201, 1
841, 707, 1
553, 958, 1
553, 1079, 1
553, 841, 1
553, 1125, 1
553, 703, 1
553, 1201, 1
553, 707, 1
1125, 958, 1
1125, 1079, 1
1125, 841, 1
1125, 553, 1
1125, 703, 1
1125, 1201, 1
1125, 707, 1
703, 958, 1
703, 1079, 1
703, 841, 1
703, 553, 1
703, 1125, 1
703, 1201, 1
703, 707, 1
1201, 958, 1
1201, 1079, 1
1201, 841, 1
1201, 553, 1
1201, 1125, 1
1201, 703, 1
1201, 707, 1
707, 958, 1
707, 1079, 1
707, 841, 1
707, 553, 1
707, 1125, 1
707, 703, 1
707, 1201, 1
989, 501, 1
989, 500, 1
501, 989, 1
501, 500, 1
500, 989, 1
500, 501, 1
84, 1039, 1
1039, 84, 1
470, 1423, 1
1423, 470, 1
958, 989, -1
958, 501, -1
958, 500, -1
1079, 989, -1
1079, 501, -1
1079, 500, -1
841, 989, -1
841, 501, -1
841, 500, -1
553, 989, -1
553, 501, -1
553, 500, -1
1125, 989, -1
1125, 501, -1
1125, 500, -1
703, 989, -1
703, 501, -1
703, 500, -1
1201, 989, -1
1201, 501, -1
1201, 500, -1
707, 989, -1
707, 501, -1
707, 500, -1
958, 84, -1
958, 1039, -1
1079, 84, -1
1079, 1039, -1
841, 84, -1
841, 1039, -1
553, 84, -1
553, 1039, -1
1125, 84, -1
1125, 1039, -1
703, 84, -1
703, 1039, -1
1201, 84, -1
1201, 1039, -1
707, 84, -1
707, 1039, -1
958, 470, -1
958, 1423, -1
1079, 470, -1
1079, 1423, -1
841, 470, -1
841, 1423, -1
553, 470, -1
553, 1423, -1
1125, 470, -1
1125, 1423, -1
703, 470, -1
703, 1423, -1
1201, 470, -1
1201, 1423, -1
707, 470, -1
707, 1423, -1
958, 488, -1
1079, 488, -1
841, 488, -1
553, 488, -1
1125, 488, -1
703, 488, -1
1201, 488, -1
707, 488, -1
958, 229, -1
1079, 229, -1
841, 229, -1
553, 229, -1
1125, 229, -1
703, 229, -1
1201, 229, -1
707, 229, -1
958, 593, -1
1079, 593, -1
841, 593, -1
553, 593, -1
1125, 593, -1
703, 593, -1
1201, 593, -1
707, 593, -1
989, 958, -1
989, 1079, -1
989, 841, -1
989, 553, -1
989, 1125, -1
989, 703, -1
989, 1201, -1
989, 707, -1
501, 958, -1
501, 1079, -1
501, 841, -1
501, 553, -1
501, 1125, -1
501, 703, -1
501, 1201, -1
501, 707, -1
500, 958, -1
500, 1079, -1
500, 841, -1
500, 553, -1
500, 1125, -1
500, 703, -1
500, 1201, -1
500, 707, -1
989, 84, -1
989, 1039, -1
501, 84, -1
501, 1039, -1
500, 84, -1
500, 1039, -1
989, 470, -1
989, 1423, -1
501, 470, -1
501, 1423, -1
500, 470, -1
500, 1423, -1
989, 488, -1
501, 488, -1
500, 488, -1
989, 229, -1
501, 229, -1
500, 229, -1
989, 593, -1
501, 593, -1
500, 593, -1
84, 958, -1
84, 1079, -1
84, 841, -1
84, 553, -1
84, 1125, -1
84, 703, -1
84, 1201, -1
84, 707, -1
1039, 958, -1
1039, 1079, -1
1039, 841, -1
1039, 553, -1
1039, 1125, -1
1039, 703, -1
1039, 1201, -1
1039, 707, -1
84, 989, -1
84, 501, -1
84, 500, -1
1039, 989, -1
1039, 501, -1
1039, 500, -1
84, 470, -1
84, 1423, -1
1039, 470, -1
1039, 1423, -1
84, 488, -1
1039, 488, -1
84, 229, -1
1039, 229, -1
84, 593, -1
1039, 593, -1
470, 958, -1
470, 1079, -1
470, 841, -1
470, 553, -1
470, 1125, -1
470, 703, -1
470, 1201, -1
470, 707, -1
1423, 958, -1
1423, 1079, -1
1423, 841, -1
1423, 553, -1
1423, 1125, -1
1423, 703, -1
1423, 1201, -1
1423, 707, -1
470, 989, -1
470, 501, -1
470, 500, -1
1423, 989, -1
1423, 501, -1
1423, 500, -1
470, 84, -1
470, 1039, -1
1423, 84, -1
1423, 1039, -1
470, 488, -1
1423, 488, -1
470, 229, -1
1423, 229, -1
470, 593, -1
1423, 593, -1
488, 958, -1
488, 1079, -1
488, 841, -1
488, 553, -1
488, 1125, -1
488, 703, -1
488, 1201, -1
488, 707, -1
488, 989, -1
488, 501, -1
488, 500, -1
488, 84, -1
488, 1039, -1
488, 470, -1
488, 1423, -1
488, 229, -1
488, 593, -1
229, 958, -1
229, 1079, -1
229, 841, -1
229, 553, -1
229, 1125, -1
229, 703, -1
229, 1201, -1
229, 707, -1
229, 989, -1
229, 501, -1
229, 500, -1
229, 84, -1
229, 1039, -1
229, 470, -1
229, 1423, -1
229, 488, -1
229, 593, -1
593, 958, -1
593, 1079, -1
593, 841, -1
593, 553, -1
593, 1125, -1
593, 703, -1
593, 1201, -1
593, 707, -1
593, 989, -1
593, 501, -1
593, 500, -1
593, 84, -1
593, 1039, -1
593, 470, -1
593, 1423, -1
593, 488, -1
593, 229, -1

958, 1079, 1
958, 841, 1
958, 553, 1
958, 1125, 1
958, 703, 1
958, 1201, 1
958, 707, 1
958, 1109, 1
1079, 958, 1
1079, 841, 1
1079, 553, 1
1079, 1125, 1
1079, 703, 1
1079, 1201, 1
1079, 707, 1
1079, 1109, 1
841, 958, 1
841, 1079, 1
841, 553, 1
841, 1125, 1
841, 703, 1
841, 1201, 1
841, 707, 1
841, 1109, 1
553, 958, 1
553, 1079, 1
553, 841, 1
553, 1125, 1
553, 703, 1
553, 1201, 1
553, 707, 1
553, 1109, 1
1125, 958, 1
1125, 1079, 1
1125, 841, 1
1125, 553, 1
1125, 703, 1
1125, 1201, 1
1125, 707, 1
1125, 1109, 1
703, 958, 1
703, 1079, 1
703, 841, 1
703, 553, 1
703, 1125, 1
703, 1201, 1
703, 707, 1
703, 1109, 1
1201, 958, 1
1201, 1079, 1
1201, 841, 1
1201, 553, 1
1201, 1125, 1
1201, 703, 1
1201, 707, 1
1201, 1109, 1
707, 958, 1
707, 1079, 1
707, 841, 1
707, 553, 1
707, 1125, 1
707, 703, 1
707, 1201, 1
707, 1109, 1
1109, 958, 1
1109, 1079, 1
1109, 841, 1
1109, 553, 1
1109, 1125, 1
1109, 703, 1
1109, 1201, 1
1109, 707, 1
989, 501, 1
989, 500, 1
501, 989, 1
501, 500, 1
500, 989, 1
500, 501, 1
84, 1039, 1
84, 587, 1
1039, 84, 1
1039, 587, 1
587, 84, 1
587, 1039, 1
470, 1423, 1
1423, 470, 1
229, 720, 1
720, 229, 1
958, 989, -1
958, 501, -1
958, 500, -1
1079, 989, -1
1079, 501, -1
1079, 500, -1
841, 989, -1
841, 501, -1
841, 500, -1
553, 989, -1
553, 501, -1
553, 500, -1
1125, 989, -1
1125, 501, -1
1125, 500, -1
703, 989, -1
703, 501, -1
703, 500, -1
1201, 989, -1
1201, 501, -1
1201, 500, -1
707, 989, -1
707, 501, -1
707, 500, -1
1109, 989, -1
1109, 501, -1
1109, 500, -1
958, 84, -1
958, 1039, -1
958, 587, -1
1079, 84, -1
1079, 1039, -1
1079, 587, -1
841, 84, -1
841, 1039, -1
841, 587, -1
553, 84, -1
553, 1039, -1
553, 587, -1
1125, 84, -1
1125, 1039, -1
1125, 587, -1
703, 84, -1
703, 1039, -1
703, 587, -1
1201, 84, -1
1201, 1039, -1
1201, 587, -1
707, 84, -1
707, 1039, -1
707, 587, -1
1109, 84, -1
1109, 1039, -1
1109, 587, -1
958, 470, -1
958, 1423, -1
1079, 470, -1
1079, 1423, -1
841, 470, -1
841, 1423, -1
553, 470, -1
553, 1423, -1
1125, 470, -1
1125, 1423, -1
703, 470, -1
703, 1423, -1
1201, 470, -1
1201, 1423, -1
707, 470, -1
707, 1423, -1
1109, 470, -1
1109, 1423, -1
958, 488, -1
1079, 488, -1
841, 488, -1
553, 488, -1
1125, 488, -1
703, 488, -1
1201, 488, -1
707, 488, -1
1109, 488, -1
958, 229, -1
958, 720, -1
1079, 229, -1
1079, 720, -1
841, 229, -1
841, 720, -1
553, 229, -1
553, 720, -1
1125, 229, -1
1125, 720, -1
703, 229, -1
703, 720, -1
1201, 229, -1
1201, 720, -1
707, 229, -1
707, 720, -1
1109, 229, -1
1109, 720, -1
958, 593, -1
1079, 593, -1
841, 593, -1
553, 593, -1
1125, 593, -1
703, 593, -1
1201, 593, -1
707, 593, -1
1109, 593, -1
989, 958, -1
989, 1079, -1
989, 841, -1
989, 553, -1
989, 1125, -1
989, 703, -1
989, 1201, -1
989, 707, -1
989, 1109, -1
501, 958, -1
501, 1079, -1
501, 841, -1
501, 553, -1
501, 1125, -1
501, 703, -1
501, 1201, -1
501, 707, -1
501, 1109, -1
500, 958, -1
500, 1079, -1
500, 841, -1
500, 553, -1
500, 1125, -1
500, 703, -1
500, 1201, -1
500, 707, -1
500, 1109, -1
989, 84, -1
989, 1039, -1
989, 587, -1
501, 84, -1
501, 1039, -1
501, 587, -1
500, 84, -1
500, 1039, -1
500, 587, -1
989, 470, -1
989, 1423, -1
501, 470, -1
501, 1423, -1
500, 470, -1
500, 1423, -1
989, 488, -1
501, 488, -1
500, 488, -1
989, 229, -1
989, 720, -1
501, 229, -1
501, 720, -1
500, 229, -1
500, 720, -1
989, 593, -1
501, 593, -1
500, 593, -1
84, 958, -1
84, 1079, -1
84, 841, -1
84, 553, -1
84, 1125, -1
84, 703, -1
84, 1201, -1
84, 707, -1
84, 1109, -1
1039, 958, -1
1039, 1079, -1
1039, 841, -1
1039, 553, -1
1039, 1125, -1
1039, 703, -1
1039, 1201, -1
1039, 707, -1
1039, 1109, -1
587, 958, -1
587, 1079, -1
587, 841, -1
587, 553, -1
587, 1125, -1
587, 703, -1
587, 1201, -1
587, 707, -1
587, 1109, -1
84, 989, -1
84, 501, -1
84, 500, -1
1039, 989, -1
1039, 501, -1
1039, 500, -1
587, 989, -1
587, 501, -1
587, 500, -1
84, 470, -1
84, 1423, -1
1039, 470, -1
1039, 1423, -1
587, 470, -1
587, 1423, -1
84, 488, -1
1039, 488, -1
587, 488, -1
84, 229, -1
84, 720, -1
1039, 229, -1
1039, 720, -1
587, 229, -1
587, 720, -1
84, 593, -1
1039, 593, -1
587, 593, -1
470, 958, -1
470, 1079, -1
470, 841, -1
470, 553, -1
470, 1125, -1
470, 703, -1
470, 1201, -1
470, 707, -1
470, 1109, -1
1423, 958, -1
1423, 1079, -1
1423, 841, -1
1423, 553, -1
1423, 1125, -1
1423, 703, -1
1423, 1201, -1
1423, 707, -1
1423, 1109, -1
470, 989, -1
470, 501, -1
470, 500, -1
1423, 989, -1
1423, 501, -1
1423, 500, -1
470, 84, -1
470, 1039, -1
470, 587, -1
1423, 84, -1
1423, 1039, -1
1423, 587, -1
470, 488, -1
1423, 488, -1
470, 229, -1
470, 720, -1
1423, 229, -1
1423, 720, -1
470, 593, -1
1423, 593, -1
488, 958, -1
488, 1079, -1
488, 841, -1
488, 553, -1
488, 1125, -1
488, 703, -1
488, 1201, -1
488, 707, -1
488, 1109, -1
488, 989, -1
488, 501, -1
488, 500, -1
488, 84, -1
488, 1039, -1
488, 587, -1
488, 470, -1
488, 1423, -1
488, 229, -1
488, 720, -1
488, 593, -1
229, 958, -1
229, 1079, -1
229, 841, -1
229, 553, -1
229, 1125, -1
229, 703, -1
229, 1201, -1
229, 707, -1
229, 1109, -1
720, 958, -1
720, 1079, -1
720, 841, -1
720, 553, -1
720, 1125, -1
720, 703, -1
720, 1201, -1
720, 707, -1
720, 1109, -1
229, 989, -1
229, 501, -1
229, 500, -1
720, 989, -1
720, 501, -1
720, 500, -1
229, 84, -1
229, 1039, -1
229, 587, -1
720, 84, -1
720, 1039, -1
720, 587, -1
229, 470, -1
229, 1423, -1
720, 470, -1
720, 1423, -1
229, 488, -1
720, 488, -1
229, 593, -1
720, 593, -1
593, 958, -1
593, 1079, -1
593, 841, -1
593, 553, -1
593, 1125, -1
593, 703, -1
593, 1201, -1
593, 707, -1
593, 1109, -1
593, 989, -1
593, 501, -1
593, 500, -1
593, 84, -1
593, 1039, -1
593, 587, -1
593, 470, -1
593, 1423, -1
593, 488, -1
593, 229, -1
593, 720, -1

958, 1079, 1
958, 841, 1
958, 553, 1
958, 1125, 1
958, 703, 1
958, 1201, 1
958, 707, 1
958, 1109, 1
1079, 958, 1
1079, 841, 1
1079, 553, 1
1079, 1125, 1
1079, 703, 1
1079, 1201, 1
1079, 707, 1
1079, 1109, 1
841, 958, 1
841, 1079, 1
841, 553, 1
841, 1125, 1
841, 703, 1
841, 1201, 1
841, 707, 1
841, 1109, 1
553, 958, 1
553, 1079, 1
553, 841, 1
553, 1125, 1
553, 703, 1
553, 1201, 1
553, 707, 1
553, 1109, 1
1125, 958, 1
1125, 1079, 1
1125, 841, 1
1125, 553, 1
1125, 703, 1
1125, 1201, 1
1125, 707, 1
1125, 1109, 1
703, 958, 1
703, 1079, 1
703, 841, 1
703, 553, 1
703, 1125, 1
703, 1201, 1
703, 707, 1
703, 1109, 1
1201, 958, 1
1201, 1079, 1
1201, 841, 1
1201, 553, 1
1201, 1125, 1
1201, 703, 1
1201, 707, 1
1201, 1109, 1
707, 958, 1
707, 1079, 1
707, 841, 1
707, 553, 1
707, 1125, 1
707, 703, 1
707, 1201, 1
707, 1109, 1
1109, 958, 1
1109, 1079, 1
1109, 841, 1
1109, 553, 1
1109, 1125, 1
1109, 703, 1
1109, 1201, 1
1109, 707, 1
989, 501, 1
989, 500, 1
501, 989, 1
501, 500, 1
500, 989, 1
500, 501, 1
84, 1039, 1
84, 587, 1
84, 463, 1
1039, 84, 1
1039, 587, 1
1039, 463, 1
587, 84, 1
587, 1039, 1
587, 463, 1
463, 84, 1
463, 1039, 1
463, 587, 1
470, 1423, 1
1423, 470, 1
229, 720, 1
720, 229, 1
958, 989, -1
958, 501, -1
958, 500, -1
1079, 989, -1
1079, 501, -1
1079, 500, -1
841, 989, -1
841, 501, -1
841, 500, -1
553, 989, -1
553, 501, -1
553, 500, -1
1125, 989, -1
1125, 501, -1
1125, 500, -1
703, 989, -1
703, 501, -1
703, 500, -1
1201, 989, -1
1201, 501, -1
1201, 500, -1
707, 989, -1
707, 501, -1
707, 500, -1
1109, 989, -1
1109, 501, -1
1109, 500, -1
958, 84, -1
958, 1039, -1
958, 587, -1
958, 463, -1
1079, 84, -1
1079, 1039, -1
1079, 587, -1
1079, 463, -1
841, 84, -1
841, 1039, -1
841, 587, -1
841, 463, -1
553, 84, -1
553, 1039, -1
553, 587, -1
553, 463, -1
1125, 84, -1
1125, 1039, -1
1125, 587, -1
1125, 463, -1
703, 84, -1
703, 1039, -1
703, 587, -1
703, 463, -1
1201, 84, -1
1201, 1039, -1
1201, 587, -1
1201, 463, -1
707, 84, -1
707, 1039, -1
707, 587, -1
707, 463, -1
1109, 84, -1
1109, 1039, -1
1109, 587, -1
1109, 463, -1
958, 470, -1
958, 1423, -1
1079, 470, -1
1079, 1423, -1
841, 470, -1
841, 1423, -1
553, 470, -1
553, 1423, -1
1125, 470, -1
1125, 1423, -1
703, 470, -1
703, 1423, -1
1201, 470, -1
1201, 1423, -1
707, 470, -1
707, 1423, -1
1109, 470, -1
1109, 1423, -1
958, 488, -1
1079, 488, -1
841, 488, -1
553, 488, -1
1125, 488, -1
703, 488, -1
1201, 488, -1
707, 488, -1
1109, 488, -1
958, 229, -1
958, 720, -1
1079, 229, -1
1079, 720, -1
841, 229, -1
841, 720, -1
553, 229, -1
553, 720, -1
1125, 229, -1
1125, 720, -1
703, 229, -1
703, 720, -1
1201, 229, -1
1201, 720, -1
707, 229, -1
707, 720, -1
1109, 229, -1
1109, 720, -1
958, 593, -1
1079, 593, -1
841, 593, -1
553, 593, -1
1125, 593, -1
703, 593, -1
1201, 593, -1
707, 593, -1
1109, 593, -1
958, 531, -1
1079, 531, -1
841, 531, -1
553, 531, -1
1125, 531, -1
703, 531, -1
1201, 531, -1
707, 531, -1
1109, 531, -1
989, 958, -1
989, 1079, -1
989, 841, -1
989, 553, -1
989, 1125, -1
989, 703, -1
989, 1201, -1
989, 707, -1
989, 1109, -1
501, 958, -1
501, 1079, -1
501, 841, -1
501, 553, -1
501, 1125, -1
501, 703, -1
501, 1201, -1
501, 707, -1
501, 1109, -1
500, 958, -1
500, 1079, -1
500, 841, -1
500, 553, -1
500, 1125, -1
500, 703, -1
500, 1201, -1
500, 707, -1
500, 1109, -1
989, 84, -1
989, 1039, -1
989, 587, -1
989, 463, -1
501, 84, -1
501, 1039, -1
501, 587, -1
501, 463, -1
500, 84, -1
500, 1039, -1
500, 587, -1
500, 463, -1
989, 470, -1
989, 1423, -1
501, 470, -1
501, 1423, -1
500, 470, -1
500, 1423, -1
989, 488, -1
501, 488, -1
500, 488, -1
989, 229, -1
989, 720, -1
501, 229, -1
501, 720, -1
500, 229, -1
500, 720, -1
989, 593, -1
501, 593, -1
500, 593, -1
989, 531, -1
501, 531, -1
500, 531, -1
84, 958, -1
84, 1079, -1
84, 841, -1
84, 553, -1
84, 1125, -1
84, 703, -1
84, 1201, -1
84, 707, -1
84, 1109, -1
1039, 958, -1
1039, 1079, -1
1039, 841, -1
1039, 553, -1
1039, 1125, -1
1039, 703, -1
1039, 1201, -1
1039, 707, -1
1039, 1109, -1
587, 958, -1
587, 1079, -1
587, 841, -1
587, 553, -1
587, 1125, -1
587, 703, -1
587, 1201, -1
587, 707, -1
587, 1109, -1
463, 958, -1
463, 1079, -1
463, 841, -1
463, 553, -1
463, 1125, -1
463, 703, -1
463, 1201, -1
463, 707, -1
463, 1109, -1
84, 989, -1
84, 501, -1
84, 500, -1
1039, 989, -1
1039, 501, -1
1039, 500, -1
587, 989, -1
587, 501, -1
587, 500, -1
463, 989, -1
463, 501, -1
463, 500, -1
84, 470, -1
84, 1423, -1
1039, 470, -1
1039, 1423, -1
587, 470, -1
587, 1423, -1
463, 470, -1
463, 1423, -1
84, 488, -1
1039, 488, -1
587, 488, -1
463, 488, -1
84, 229, -1
84, 720, -1
1039, 229, -1
1039, 720, -1
587, 229, -1
587, 720, -1
463, 229, -1
463, 720, -1
84, 593, -1
1039, 593, -1
587, 593, -1
463, 593, -1
84, 531, -1
1039, 531, -1
587, 531, -1
463, 531, -1
470, 958, -1
470, 1079, -1
470, 841, -1
470, 553, -1
470, 1125, -1
470, 703, -1
470, 1201, -1
470, 707, -1
470, 1109, -1
1423, 958, -1
1423, 1079, -1
1423, 841, -1
1423, 553, -1
1423, 1125, -1
1423, 703, -1
1423, 1201, -1
1423, 707, -1
1423, 1109, -1
470, 989, -1
470, 501, -1
470, 500, -1
1423, 989, -1
1423, 501, -1
1423, 500, -1
470, 84, -1
470, 1039, -1
470, 587, -1
470, 463, -1
1423, 84, -1
1423, 1039, -1
1423, 587, -1
1423, 463, -1
470, 488, -1
1423, 488, -1
470, 229, -1
470, 720, -1
1423, 229, -1
1423, 720, -1
470, 593, -1
1423, 593, -1
470, 531, -1
1423, 531, -1
488, 958, -1
488, 1079, -1
488, 841, -1
488, 553, -1
488, 1125, -1
488, 703, -1
488, 1201, -1
488, 707, -1
488, 1109, -1
488, 989, -1
488, 501, -1
488, 500, -1
488, 84, -1
488, 1039, -1
488, 587, -1
488, 463, -1
488, 470, -1
488, 1423, -1
488, 229, -1
488, 720, -1
488, 593, -1
488, 531, -1
229, 958, -1
229, 1079, -1
229, 841, -1
229, 553, -1
229, 1125, -1
229, 703, -1
229, 1201, -1
229, 707, -1
229, 1109, -1
720, 958, -1
720, 1079, -1
720, 841, -1
720, 553, -1
720, 1125, -1
720, 703, -1
720, 1201, -1
720, 707, -1
720, 1109, -1
229, 989, -1
229, 501, -1
229, 500, -1
720, 989, -1
720, 501, -1
720, 500, -1
229, 84, -1
229, 1039, -1
229, 587, -1
229, 463, -1
720, 84, -1
720, 1039, -1
720, 587, -1
720, 463, -1
229, 470, -1
229, 1423, -1
720, 470, -1
720, 1423, -1
229, 488, -1
720, 488, -1
229, 593, -1
720, 593, -1
229, 531, -1
720, 531, -1
593, 958, -1
593, 1079, -1
593, 841, -1
593, 553, -1
593, 1125, -1
593, 703, -1
593, 1201, -1
593, 707, -1
593, 1109, -1
593, 989, -1
593, 501, -1
593, 500, -1
593, 84, -1
593, 1039, -1
593, 587, -1
593, 463, -1
593, 470, -1
593, 1423, -1
593, 488, -1
593, 229, -1
593, 720, -1
593, 531, -1
531, 958, -1
531, 1079, -1
531, 841, -1
531, 553, -1
531, 1125, -1
531, 703, -1
531, 1201, -1
531, 707, -1
531, 1109, -1
531, 989, -1
531, 501, -1
531, 500, -1
531, 84, -1
531, 1039, -1
531, 587, -1
531, 463, -1
531, 470, -1
531, 1423, -1
531, 488, -1
531, 229, -1
531, 720, -1
531, 593, -1

958, 1079, 1
958, 841, 1
958, 553, 1
958, 1125, 1
958, 703, 1
958, 1201, 1
958, 707, 1
958, 1109, 1
1079, 958, 1
1079, 841, 1
1079, 553, 1
1079, 1125, 1
1079, 703, 1
1079, 1201, 1
1079, 707, 1
1079, 1109, 1
841, 958, 1
841, 1079, 1
841, 553, 1
841, 1125, 1
841, 703, 1
841, 1201, 1
841, 707, 1
841, 1109, 1
553, 958, 1
553, 1079, 1
553, 841, 1
553, 1125, 1
553, 703, 1
553, 1201, 1
553, 707, 1
553, 1109, 1
1125, 958, 1
1125, 1079, 1
1125, 841, 1
1125, 553, 1
1125, 703, 1
1125, 1201, 1
1125, 707, 1
1125, 1109, 1
703, 958, 1
703, 1079, 1
703, 841, 1
703, 553, 1
703, 1125, 1
703, 1201, 1
703, 707, 1
703, 1109, 1
1201, 958, 1
1201, 1079, 1
1201, 841, 1
1201, 553, 1
1201, 1125, 1
1201, 703, 1
1201, 707, 1
1201, 1109, 1
707, 958, 1
707, 1079, 1
707, 841, 1
707, 553, 1
707, 1125, 1
707, 703, 1
707, 1201, 1
707, 1109, 1
1109, 958, 1
1109, 1079, 1
1109, 841, 1
1109, 553, 1
1109, 1125, 1
1109, 703, 1
1109, 1201, 1
1109, 707, 1
989, 501, 1
989, 500, 1
501, 989, 1
501, 500, 1
500, 989, 1
500, 501, 1
84, 1039, 1
84, 587, 1
84, 463, 1
1039, 84, 1
1039, 587, 1
1039, 463, 1
587, 84, 1
587, 1039, 1
587, 463, 1
463, 84, 1
463, 1039, 1
463, 587, 1
470, 1423, 1
1423, 470, 1
488, 506, 1
506, 488, 1
229, 720, 1
720, 229, 1
958, 989, -1
958, 501, -1
958, 500, -1
1079, 989, -1
1079, 501, -1
1079, 500, -1
841, 989, -1
841, 501, -1
841, 500, -1
553, 989, -1
553, 501, -1
553, 500, -1
1125, 989, -1
1125, 501, -1
1125, 500, -1
703, 989, -1
703, 501, -1
703, 500, -1
1201, 989, -1
1201, 501, -1
1201, 500, -1
707, 989, -1
707, 501, -1
707, 500, -1
1109, 989, -1
1109, 501, -1
1109, 500, -1
958, 84, -1
958, 1039, -1
958, 587, -1
958, 463, -1
1079, 84, -1
1079, 1039, -1
1079, 587, -1
1079, 463, -1
841, 84, -1
841, 1039, -1
841, 587, -1
841, 463, -1
553, 84, -1
553, 1039, -1
553, 587, -1
553, 463, -1
1125, 84, -1
1125, 1039, -1
1125, 587, -1
1125, 463, -1
703, 84, -1
703, 1039, -1
703, 587, -1
703, 463, -1
1201, 84, -1
1201, 1039, -1
1201, 587, -1
1201, 463, -1
707, 84, -1
707, 1039, -1
707, 587, -1
707, 463, -1
1109, 84, -1
1109, 1039, -1
1109, 587, -1
1109, 463, -1
958, 470, -1
958, 1423, -1
1079, 470, -1
1079, 1423, -1
841, 470, -1
841, 1423, -1
553, 470, -1
553, 1423, -1
1125, 470, -1
1125, 1423, -1
703, 470, -1
703, 1423, -1
1201, 470, -1
1201, 1423, -1
707, 470, -1
707, 1423, -1
1109, 470, -1
1109, 1423, -1
958, 488, -1
958, 506, -1
1079, 488, -1
1079, 506, -1
841, 488, -1
841, 506, -1
553, 488, -1
553, 506, -1
1125, 488, -1
1125, 506, -1
703, 488, -1
703, 506, -1
1201, 488, -1
1201, 506, -1
707, 488, -1
707, 506, -1
1109, 488, -1
1109, 506, -1
958, 229, -1
958, 720, -1
1079, 229, -1
1079, 720, -1
841, 229, -1
841, 720, -1
553, 229, -1
553, 720, -1
1125, 229, -1
1125, 720, -1
703, 229, -1
703, 720, -1
1201, 229, -1
1201, 720, -1
707, 229, -1
707, 720, -1
1109, 229, -1
1109, 720, -1
958, 593, -1
1079, 593, -1
841, 593, -1
553, 593, -1
1125, 593, -1
703, 593, -1
1201, 593, -1
707, 593, -1
1109, 593, -1
958, 531, -1
1079, 531, -1
841, 531, -1
553, 531, -1
1125, 531, -1
703, 531, -1
1201, 531, -1
707, 531, -1
1109, 531, -1
989, 958, -1
989, 1079, -1
989, 841, -1
989, 553, -1
989, 1125, -1
989, 703, -1
989, 1201, -1
989, 707, -1
989, 1109, -1
501, 958, -1
501, 1079, -1
501, 841, -1
501, 553, -1
501, 1125, -1
501, 703, -1
501, 1201, -1
501, 707, -1
501, 1109, -1
500, 958, -1
500, 1079, -1
500, 841, -1
500, 553, -1
500, 1125, -1
500, 703, -1
500, 1201, -1
500, 707, -1
500, 1109, -1
989, 84, -1
989, 1039, -1
989, 587, -1
989, 463, -1
501, 84, -1
501, 1039, -1
501, 587, -1
501, 463, -1
500, 84, -1
500, 1039, -1
500, 587, -1
500, 463, -1
989, 470, -1
989, 1423, -1
501, 470, -1
501, 1423, -1
500, 470, -1
500, 1423, -1
989, 488, -1
989, 506, -1
501, 488, -1
501, 506, -1
500, 488, -1
500, 506, -1
989, 229, -1
989, 720, -1
501, 229, -1
501, 720, -1
500, 229, -1
500, 720, -1
989, 593, -1
501, 593, -1
500, 593, -1
989, 531, -1
501, 531, -1
500, 531, -1
84, 958, -1
84, 1079, -1
84, 841, -1
84, 553, -1
84, 1125, -1
84, 703, -1
84, 1201, -1
84, 707, -1
84, 1109, -1
1039, 958, -1
1039, 1079, -1
1039, 841, -1
1039, 553, -1
1039, 1125, -1
1039, 703, -1
1039, 1201, -1
1039, 707, -1
1039, 1109, -1
587, 958, -1
587, 1079, -1
587, 841, -1
587, 553, -1
587, 1125, -1
587, 703, -1
587, 1201, -1
587, 707, -1
587, 1109, -1
463, 958, -1
463, 1079, -1
463, 841, -1
463, 553, -1
463, 1125, -1
463, 703, -1
463, 1201, -1
463, 707, -1
463, 1109, -1
84, 989, -1
84, 501, -1
84, 500, -1
1039, 989, -1
1039, 501, -1
1039, 500, -1
587, 989, -1
587, 501, -1
587, 500, -1
463, 989, -1
463, 501, -1
463, 500, -1
84, 470, -1
84, 1423, -1
1039, 470, -1
1039, 1423, -1
587, 470, -1
587, 1423, -1
463, 470, -1
463, 1423, -1
84, 488, -1
84, 506, -1
1039, 488, -1
1039, 506, -1
587, 488, -1
587, 506, -1
463, 488, -1
463, 506, -1
84, 229, -1
84, 720, -1
1039, 229, -1
1039, 720, -1
587, 229, -1
587, 720, -1
463, 229, -1
463, 720, -1
84, 593, -1
1039, 593, -1
587, 593, -1
463, 593, -1
84, 531, -1
1039, 531, -1
587, 531, -1
463, 531, -1
470, 958, -1
470, 1079, -1
470, 841, -1
470, 553, -1
470, 1125, -1
470, 703, -1
470, 1201, -1
470, 707, -1
470, 1109, -1
1423, 958, -1
1423, 1079, -1
1423, 841, -1
1423, 553, -1
1423, 1125, -1
1423, 703, -1
1423, 1201, -1
1423, 707, -1
1423, 1109, -1
470, 989, -1
470, 501, -1
470, 500, -1
1423, 989, -1
1423, 501, -1
1423, 500, -1
470, 84, -1
470, 1039, -1
470, 587, -1
470, 463, -1
1423, 84, -1
1423, 1039, -1
1423, 587, -1
1423, 463, -1
470, 488, -1
470, 506, -1
1423, 488, -1
1423, 506, -1
470, 229, -1
470, 720, -1
1423, 229, -1
1423, 720, -1
470, 593, -1
1423, 593, -1
470, 531, -1
1423, 531, -1
488, 958, -1
488, 1079, -1
488, 841, -1
488, 553, -1
488, 1125, -1
488, 703, -1
488, 1201, -1
488, 707, -1
488, 1109, -1
506, 958, -1
506, 1079, -1
506, 841, -1
506, 553, -1
506, 1125, -1
506, 703, -1
506, 1201, -1
506, 707, -1
506, 1109, -1
488, 989, -1
488, 501, -1
488, 500, -1
506, 989, -1
506, 501, -1
506, 500, -1
488, 84, -1
488, 1039, -1
488, 587, -1
488, 463, -1
506, 84, -1
506, 1039, -1
506, 587, -1
506, 463, -1
488, 470, -1
488, 1423, -1
506, 470, -1
506, 1423, -1
488, 229, -1
488, 720, -1
506, 229, -1
506, 720, -1
488, 593, -1
506, 593, -1
488, 531, -1
506, 531, -1
229, 958, -1
229, 1079, -1
229, 841, -1
229, 553, -1
229, 1125, -1
229, 703, -1
229, 1201, -1
229, 707, -1
229, 1109, -1
720, 958, -1
720, 1079, -1
720, 841, -1
720, 553, -1
720, 1125, -1
720, 703, -1
720, 1201, -1
720, 707, -1
720, 1109, -1
229, 989, -1
229, 501, -1
229, 500, -1
720, 989, -1
720, 501, -1
720, 500, -1
229, 84, -1
229, 1039, -1
229, 587, -1
229, 463, -1
720, 84, -1
720, 1039, -1
720, 587, -1
720, 463, -1
229, 470, -1
229, 1423, -1
720, 470, -1
720, 1423, -1
229, 488, -1
229, 506, -1
720, 488, -1
720, 506, -1
229, 593, -1
720, 593, -1
229, 531, -1
720, 531, -1
593, 958, -1
593, 1079, -1
593, 841, -1
593, 553, -1
593, 1125, -1
593, 703, -1
593, 1201, -1
593, 707, -1
593, 1109, -1
593, 989, -1
593, 501, -1
593, 500, -1
593, 84, -1
593, 1039, -1
593, 587, -1
593, 463, -1
593, 470, -1
593, 1423, -1
593, 488, -1
593, 506, -1
593, 229, -1
593, 720, -1
593, 531, -1
531, 958, -1
531, 1079, -1
531, 841, -1
531, 553, -1
531, 1125, -1
531, 703, -1
531, 1201, -1
531, 707, -1
531, 1109, -1
531, 989, -1
531, 501, -1
531, 500, -1
531, 84, -1
531, 1039, -1
531, 587, -1
531, 463, -1
531, 470, -1
531, 1423, -1
531, 488, -1
531, 506, -1
531, 229, -1
531, 720, -1
531, 593, -1

958, 1079, 1
958, 841, 1
958, 553, 1
958, 1125, 1
958, 703, 1
958, 1201, 1
958, 707, 1
958, 1109, 1
1079, 958, 1
1079, 841, 1
1079, 553, 1
1079, 1125, 1
1079, 703, 1
1079, 1201, 1
1079, 707, 1
1079, 1109, 1
841, 958, 1
841, 1079, 1
841, 553, 1
841, 1125, 1
841, 703, 1
841, 1201, 1
841, 707, 1
841, 1109, 1
553, 958, 1
553, 1079, 1
553, 841, 1
553, 1125, 1
553, 703, 1
553, 1201, 1
553, 707, 1
553, 1109, 1
1125, 958, 1
1125, 1079, 1
1125, 841, 1
1125, 553, 1
1125, 703, 1
1125, 1201, 1
1125, 707, 1
1125, 1109, 1
703, 958, 1
703, 1079, 1
703, 841, 1
703, 553, 1
703, 1125, 1
703, 1201, 1
703, 707, 1
703, 1109, 1
1201, 958, 1
1201, 1079, 1
1201, 841, 1
1201, 553, 1
1201, 1125, 1
1201, 703, 1
1201, 707, 1
1201, 1109, 1
707, 958, 1
707, 1079, 1
707, 841, 1
707, 553, 1
707, 1125, 1
707, 703, 1
707, 1201, 1
707, 1109, 1
1109, 958, 1
1109, 1079, 1
1109, 841, 1
1109, 553, 1
1109, 1125, 1
1109, 703, 1
1109, 1201, 1
1109, 707, 1
989, 501, 1
989, 500, 1
501, 989, 1
501, 500, 1
500, 989, 1
500, 501, 1
84, 1039, 1
84, 587, 1
84, 463, 1
1039, 84, 1
1039, 587, 1
1039, 463, 1
587, 84, 1
587, 1039, 1
587, 463, 1
463, 84, 1
463, 1039, 1
463, 587, 1
470, 1423, 1
1423, 470, 1
488, 506, 1
506, 488, 1
229, 720, 1
720, 229, 1
593, 505, 1
505, 593, 1
958, 989, -1
958, 501, -1
958, 500, -1
1079, 989, -1
1079, 501, -1
1079, 500, -1
841, 989, -1
841, 501, -1
841, 500, -1
553, 989, -1
553, 501, -1
553, 500, -1
1125, 989, -1
1125, 501, -1
1125, 500, -1
703, 989, -1
703, 501, -1
703, 500, -1
1201, 989, -1
1201, 501, -1
1201, 500, -1
707, 989, -1
707, 501, -1
707, 500, -1
1109, 989, -1
1109, 501, -1
1109, 500, -1
958, 84, -1
958, 1039, -1
958, 587, -1
958, 463, -1
1079, 84, -1
1079, 1039, -1
1079, 587, -1
1079, 463, -1
841, 84, -1
841, 1039, -1
841, 587, -1
841, 463, -1
553, 84, -1
553, 1039, -1
553, 587, -1
553, 463, -1
1125, 84, -1
1125, 1039, -1
1125, 587, -1
1125, 463, -1
703, 84, -1
703, 1039, -1
703, 587, -1
703, 463, -1
1201, 84, -1
1201, 1039, -1
1201, 587, -1
1201, 463, -1
707, 84, -1
707, 1039, -1
707, 587, -1
707, 463, -1
1109, 84, -1
1109, 1039, -1
1109, 587, -1
1109, 463, -1
958, 470, -1
958, 1423, -1
1079, 470, -1
1079, 1423, -1
841, 470, -1
841, 1423, -1
553, 470, -1
553, 1423, -1
1125, 470, -1
1125, 1423, -1
703, 470, -1
703, 1423, -1
1201, 470, -1
1201, 1423, -1
707, 470, -1
707, 1423, -1
1109, 470, -1
1109, 1423, -1
958, 488, -1
958, 506, -1
1079, 488, -1
1079, 506, -1
841, 488, -1
841, 506, -1
553, 488, -1
553, 506, -1
1125, 488, -1
1125, 506, -1
703, 488, -1
703, 506, -1
1201, 488, -1
1201, 506, -1
707, 488, -1
707, 506, -1
1109, 488, -1
1109, 506, -1
958, 229, -1
958, 720, -1
1079, 229, -1
1079, 720, -1
841, 229, -1
841, 720, -1
553, 229, -1
553, 720, -1
1125, 229, -1
1125, 720, -1
703, 229, -1
703, 720, -1
1201, 229, -1
1201, 720, -1
707, 229, -1
707, 720, -1
1109, 229, -1
1109, 720, -1
958, 593, -1
958, 505, -1
1079, 593, -1
1079, 505, -1
841, 593, -1
841, 505, -1
553, 593, -1
553, 505, -1
1125, 593, -1
1125, 505, -1
703, 593, -1
703, 505, -1
1201, 593, -1
1201, 505, -1
707, 593, -1
707, 505, -1
1109, 593, -1
1109, 505, -1
958, 531, -1
1079, 531, -1
841, 531, -1
553, 531, -1
1125, 531, -1
703, 531, -1
1201, 531, -1
707, 531, -1
1109, 531, -1
989, 958, -1
989, 1079, -1
989, 841, -1
989, 553, -1
989, 1125, -1
989, 703, -1
989, 1201, -1
989, 707, -1
989, 1109, -1
501, 958, -1
501, 1079, -1
501, 841, -1
501, 553, -1
501, 1125, -1
501, 703, -1
501, 1201, -1
501, 707, -1
501, 1109, -1
500, 958, -1
500, 1079, -1
500, 841, -1
500, 553, -1
500, 1125, -1
500, 703, -1
500, 1201, -1
500, 707, -1
500, 1109, -1
989, 84, -1
989, 1039, -1
989, 587, -1
989, 463, -1
501, 84, -1
501, 1039, -1
501, 587, -1
501, 463, -1
500, 84, -1
500, 1039, -1
500, 587, -1
500, 463, -1
989, 470, -1
989, 1423, -1
501, 470, -1
501, 1423, -1
500, 470, -1
500, 1423, -1
989, 488, -1
989, 506, -1
501, 488, -1
501, 506, -1
500, 488, -1
500, 506, -1
989, 229, -1
989, 720, -1
501, 229, -1
501, 720, -1
500, 229, -1
500, 720, -1
989, 593, -1
989, 505, -1
501, 593, -1
501, 505, -1
500, 593, -1
500, 505, -1
989, 531, -1
501, 531, -1
500, 531, -1
84, 958, -1
84, 1079, -1
84, 841, -1
84, 553, -1
84, 1125, -1
84, 703, -1
84, 1201, -1
84, 707, -1
84, 1109, -1
1039, 958, -1
1039, 1079, -1
1039, 841, -1
1039, 553, -1
1039, 1125, -1
1039, 703, -1
1039, 1201, -1
1039, 707, -1
1039, 1109, -1
587, 958, -1
587, 1079, -1
587, 841, -1
587, 553, -1
587, 1125, -1
587, 703, -1
587, 1201, -1
587, 707, -1
587, 1109, -1
463, 958, -1
463, 1079, -1
463, 841, -1
463, 553, -1
463, 1125, -1
463, 703, -1
463, 1201, -1
463, 707, -1
463, 1109, -1
84, 989, -1
84, 501, -1
84, 500, -1
1039, 989, -1
1039, 501, -1
1039, 500, -1
587, 989, -1
587, 501, -1
587, 500, -1
463, 989, -1
463, 501, -1
463, 500, -1
84, 470, -1
84, 1423, -1
1039, 470, -1
1039, 1423, -1
587, 470, -1
587, 1423, -1
463, 470, -1
463, 1423, -1
84, 488, -1
84, 506, -1
1039, 488, -1
1039, 506, -1
587, 488, -1
587, 506, -1
463, 488, -1
463, 506, -1
84, 229, -1
84, 720, -1
1039, 229, -1
1039, 720, -1
587, 229, -1
587, 720, -1
463, 229, -1
463, 720, -1
84, 593, -1
84, 505, -1
1039, 593, -1
1039, 505, -1
587, 593, -1
587, 505, -1
463, 593, -1
463, 505, -1
84, 531, -1
1039, 531, -1
587, 531, -1
463, 531, -1
470, 958, -1
470, 1079, -1
470, 841, -1
470, 553, -1
470, 1125, -1
470, 703, -1
470, 1201, -1
470, 707, -1
470, 1109, -1
1423, 958, -1
1423, 1079, -1
1423, 841, -1
1423, 553, -1
1423, 1125, -1
1423, 703, -1
1423, 1201, -1
1423, 707, -1
1423, 1109, -1
470, 989, -1
470, 501, -1
470, 500, -1
1423, 989, -1
1423, 501, -1
1423, 500, -1
470, 84, -1
470, 1039, -1
470, 587, -1
470, 463, -1
1423, 84, -1
1423, 1039, -1
1423, 587, -1
1423, 463, -1
470, 488, -1
470, 506, -1
1423, 488, -1
1423, 506, -1
470, 229, -1
470, 720, -1
1423, 229, -1
1423, 720, -1
470, 593, -1
470, 505, -1
1423, 593, -1
1423, 505, -1
470, 531, -1
1423, 531, -1
488, 958, -1
488, 1079, -1
488, 841, -1
488, 553, -1
488, 1125, -1
488, 703, -1
488, 1201, -1
488, 707, -1
488, 1109, -1
506, 958, -1
506, 1079, -1
506, 841, -1
506, 553, -1
506, 1125, -1
506, 703, -1
506, 1201, -1
506, 707, -1
506, 1109, -1
488, 989, -1
488, 501, -1
488, 500, -1
506, 989, -1
506, 501, -1
506, 500, -1
488, 84, -1
488, 1039, -1
488, 587, -1
488, 463, -1
506, 84, -1
506, 1039, -1
506, 587, -1
506, 463, -1
488, 470, -1
488, 1423, -1
506, 470, -1
506, 1423, -1
488, 229, -1
488, 720, -1
506, 229, -1
506, 720, -1
488, 593, -1
488, 505, -1
506, 593, -1
506, 505, -1
488, 531, -1
506, 531, -1
229, 958, -1
229, 1079, -1
229, 841, -1
229, 553, -1
229, 1125, -1
229, 703, -1
229, 1201, -1
229, 707, -1
229, 1109, -1
720, 958, -1
720, 1079, -1
720, 841, -1
720, 553, -1
720, 1125, -1
720, 703, -1
720, 1201, -1
720, 707, -1
720, 1109, -1
229, 989, -1
229, 501, -1
229, 500, -1
720, 989, -1
720, 501, -1
720, 500, -1
229, 84, -1
229, 1039, -1
229, 587, -1
229, 463, -1
720, 84, -1
720, 1039, -1
720, 587, -1
720, 463, -1
229, 470, -1
229, 1423, -1
720, 470, -1
720, 1423, -1
229, 488, -1
229, 506, -1
720, 488, -1
720, 506, -1
229, 593, -1
229, 505, -1
720, 593, -1
720, 505, -1
229, 531, -1
720, 531, -1
593, 958, -1
593, 1079, -1
593, 841, -1
593, 553, -1
593, 1125, -1
593, 703, -1
593, 1201, -1
593, 707, -1
593, 1109, -1
505, 958, -1
505, 1079, -1
505, 841, -1
505, 553, -1
505, 1125, -1
505, 703, -1
505, 1201, -1
505, 707, -1
505, 1109, -1
593, 989, -1
593, 501, -1
593, 500, -1
505, 989, -1
505, 501, -1
505, 500, -1
593, 84, -1
593, 1039, -1
593, 587, -1
593, 463, -1
505, 84, -1
505, 1039, -1
505, 587, -1
505, 463, -1
593, 470, -1
593, 1423, -1
505, 470, -1
505, 1423, -1
593, 488, -1
593, 506, -1
505, 488, -1
505, 506, -1
593, 229, -1
593, 720, -1
505, 229, -1
505, 720, -1
593, 531, -1
505, 531, -1
531, 958, -1
531, 1079, -1
531, 841, -1
531, 553, -1
531, 1125, -1
531, 703, -1
531, 1201, -1
531, 707, -1
531, 1109, -1
531, 989, -1
531, 501, -1
531, 500, -1
531, 84, -1
531, 1039, -1
531, 587, -1
531, 463, -1
531, 470, -1
531, 1423, -1
531, 488, -1
531, 506, -1
531, 229, -1
531, 720, -1
531, 593, -1
531, 505, -1

958, 1079, 1
958, 841, 1
958, 553, 1
958, 1125, 1
958, 703, 1
958, 1201, 1
958, 707, 1
958, 1109, 1
1079, 958, 1
1079, 841, 1
1079, 553, 1
1079, 1125, 1
1079, 703, 1
1079, 1201, 1
1079, 707, 1
1079, 1109, 1
841, 958, 1
841, 1079, 1
841, 553, 1
841, 1125, 1
841, 703, 1
841, 1201, 1
841, 707, 1
841, 1109, 1
553, 958, 1
553, 1079, 1
553, 841, 1
553, 1125, 1
553, 703, 1
553, 1201, 1
553, 707, 1
553, 1109, 1
1125, 958, 1
1125, 1079, 1
1125, 841, 1
1125, 553, 1
1125, 703, 1
1125, 1201, 1
1125, 707, 1
1125, 1109, 1
703, 958, 1
703, 1079, 1
703, 841, 1
703, 553, 1
703, 1125, 1
703, 1201, 1
703, 707, 1
703, 1109, 1
1201, 958, 1
1201, 1079, 1
1201, 841, 1
1201, 553, 1
1201, 1125, 1
1201, 703, 1
1201, 707, 1
1201, 1109, 1
707, 958, 1
707, 1079, 1
707, 841, 1
707, 553, 1
707, 1125, 1
707, 703, 1
707, 1201, 1
707, 1109, 1
1109, 958, 1
1109, 1079, 1
1109, 841, 1
1109, 553, 1
1109, 1125, 1
1109, 703, 1
1109, 1201, 1
1109, 707, 1
989, 501, 1
989, 500, 1
501, 989, 1
501, 500, 1
500, 989, 1
500, 501, 1
84, 1039, 1
84, 587, 1
84, 463, 1
1039, 84, 1
1039, 587, 1
1039, 463, 1
587, 84, 1
587, 1039, 1
587, 463, 1
463, 84, 1
463, 1039, 1
463, 587, 1
470, 1423, 1
1423, 470, 1
488, 506, 1
506, 488, 1
229, 720, 1
229, 1145, 1
720, 229, 1
720, 1145, 1
1145, 229, 1
1145, 720, 1
593, 505, 1
505, 593, 1
958, 989, -1
958, 501, -1
958, 500, -1
1079, 989, -1
1079, 501, -1
1079, 500, -1
841, 989, -1
841, 501, -1
841, 500, -1
553, 989, -1
553, 501, -1
553, 500, -1
1125, 989, -1
1125, 501, -1
1125, 500, -1
703, 989, -1
703, 501, -1
703, 500, -1
1201, 989, -1
1201, 501, -1
1201, 500, -1
707, 989, -1
707, 501, -1
707, 500, -1
1109, 989, -1
1109, 501, -1
1109, 500, -1
958, 84, -1
958, 1039, -1
958, 587, -1
958, 463, -1
1079, 84, -1
1079, 1039, -1
1079, 587, -1
1079, 463, -1
841, 84, -1
841, 1039, -1
841, 587, -1
841, 463, -1
553, 84, -1
553, 1039, -1
553, 587, -1
553, 463, -1
1125, 84, -1
1125, 1039, -1
1125, 587, -1
1125, 463, -1
703, 84, -1
703, 1039, -1
703, 587, -1
703, 463, -1
1201, 84, -1
1201, 1039, -1
1201, 587, -1
1201, 463, -1
707, 84, -1
707, 1039, -1
707, 587, -1
707, 463, -1
1109, 84, -1
1109, 1039, -1
1109, 587, -1
1109, 463, -1
958, 470, -1
958, 1423, -1
1079, 470, -1
1079, 1423, -1
841, 470, -1
841, 1423, -1
553, 470, -1
553, 1423, -1
1125, 470, -1
1125, 1423, -1
703, 470, -1
703, 1423, -1
1201, 470, -1
1201, 1423, -1
707, 470, -1
707, 1423, -1
1109, 470, -1
1109, 1423, -1
958, 488, -1
958, 506, -1
1079, 488, -1
1079, 506, -1
841, 488, -1
841, 506, -1
553, 488, -1
553, 506, -1
1125, 488, -1
1125, 506, -1
703, 488, -1
703, 506, -1
1201, 488, -1
1201, 506, -1
707, 488, -1
707, 506, -1
1109, 488, -1
1109, 506, -1
958, 229, -1
958, 720, -1
958, 1145, -1
1079, 229, -1
1079, 720, -1
1079, 1145, -1
841, 229, -1
841, 720, -1
841, 1145, -1
553, 229, -1
553, 720, -1
553, 1145, -1
1125, 229, -1
1125, 720, -1
1125, 1145, -1
703, 229, -1
703, 720, -1
703, 1145, -1
1201, 229, -1
1201, 720, -1
1201, 1145, -1
707, 229, -1
707, 720, -1
707, 1145, -1
1109, 229, -1
1109, 720, -1
1109, 1145, -1
958, 593, -1
958, 505, -1
1079, 593, -1
1079, 505, -1
841, 593, -1
841, 505, -1
553, 593, -1
553, 505, -1
1125, 593, -1
1125, 505, -1
703, 593, -1
703, 505, -1
1201, 593, -1
1201, 505, -1
707, 593, -1
707, 505, -1
1109, 593, -1
1109, 505, -1
958, 531, -1
1079, 531, -1
841, 531, -1
553, 531, -1
1125, 531, -1
703, 531, -1
1201, 531, -1
707, 531, -1
1109, 531, -1
989, 958, -1
989, 1079, -1
989, 841, -1
989, 553, -1
989, 1125, -1
989, 703, -1
989, 1201, -1
989, 707, -1
989, 1109, -1
501, 958, -1
501, 1079, -1
501, 841, -1
501, 553, -1
501, 1125, -1
501, 703, -1
501, 1201, -1
501, 707, -1
501, 1109, -1
500, 958, -1
500, 1079, -1
500, 841, -1
500, 553, -1
500, 1125, -1
500, 703, -1
500, 1201, -1
500, 707, -1
500, 1109, -1
989, 84, -1
989, 1039, -1
989, 587, -1
989, 463, -1
501, 84, -1
501, 1039, -1
501, 587, -1
501, 463, -1
500, 84, -1
500, 1039, -1
500, 587, -1
500, 463, -1
989, 470, -1
989, 1423, -1
501, 470, -1
501, 1423, -1
500, 470, -1
500, 1423, -1
989, 488, -1
989, 506, -1
501, 488, -1
501, 506, -1
500, 488, -1
500, 506, -1
989, 229, -1
989, 720, -1
989, 1145, -1
501, 229, -1
501, 720, -1
501, 1145, -1
500, 229, -1
500, 720, -1
500, 1145, -1
989, 593, -1
989, 505, -1
501, 593, -1
501, 505, -1
500, 593, -1
500, 505, -1
989, 531, -1
501, 531, -1
500, 531, -1
84, 958, -1
84, 1079, -1
84, 841, -1
84, 553, -1
84, 1125, -1
84, 703, -1
84, 1201, -1
84, 707, -1
84, 1109, -1
1039, 958, -1
1039, 1079, -1
1039, 841, -1
1039, 553, -1
1039, 1125, -1
1039, 703, -1
1039, 1201, -1
1039, 707, -1
1039, 1109, -1
587, 958, -1
587, 1079, -1
587, 841, -1
587, 553, -1
587, 1125, -1
587, 703, -1
587, 1201, -1
587, 707, -1
587, 1109, -1
463, 958, -1
463, 1079, -1
463, 841, -1
463, 553, -1
463, 1125, -1
463, 703, -1
463, 1201, -1
463, 707, -1
463, 1109, -1
84, 989, -1
84, 501, -1
84, 500, -1
1039, 989, -1
1039, 501, -1
1039, 500, -1
587, 989, -1
587, 501, -1
587, 500, -1
463, 989, -1
463, 501, -1
463, 500, -1
84, 470, -1
84, 1423, -1
1039, 470, -1
1039, 1423, -1
587, 470, -1
587, 1423, -1
463, 470, -1
463, 1423, -1
84, 488, -1
84, 506, -1
1039, 488, -1
1039, 506, -1
587, 488, -1
587, 506, -1
463, 488, -1
463, 506, -1
84, 229, -1
84, 720, -1
84, 1145, -1
1039, 229, -1
1039, 720, -1
1039, 1145, -1
587, 229, -1
587, 720, -1
587, 1145, -1
463, 229, -1
463, 720, -1
463, 1145, -1
84, 593, -1
84, 505, -1
1039, 593, -1
1039, 505, -1
587, 593, -1
587, 505, -1
463, 593, -1
463, 505, -1
84, 531, -1
1039, 531, -1
587, 531, -1
463, 531, -1
470, 958, -1
470, 1079, -1
470, 841, -1
470, 553, -1
470, 1125, -1
470, 703, -1
470, 1201, -1
470, 707, -1
470, 1109, -1
1423, 958, -1
1423, 1079, -1
1423, 841, -1
1423, 553, -1
1423, 1125, -1
1423, 703, -1
1423, 1201, -1
1423, 707, -1
1423, 1109, -1
470, 989, -1
470, 501, -1
470, 500, -1
1423, 989, -1
1423, 501, -1
1423, 500, -1
470, 84, -1
470, 1039, -1
470, 587, -1
470, 463, -1
1423, 84, -1
1423, 1039, -1
1423, 587, -1
1423, 463, -1
470, 488, -1
470, 506, -1
1423, 488, -1
1423, 506, -1
470, 229, -1
470, 720, -1
470, 1145, -1
1423, 229, -1
1423, 720, -1
1423, 1145, -1
470, 593, -1
470, 505, -1
1423, 593, -1
1423, 505, -1
470, 531, -1
1423, 531, -1
488, 958, -1
488, 1079, -1
488, 841, -1
488, 553, -1
488, 1125, -1
488, 703, -1
488, 1201, -1
488, 707, -1
488, 1109, -1
506, 958, -1
506, 1079, -1
506, 841, -1
506, 553, -1
506, 1125, -1
506, 703, -1
506, 1201, -1
506, 707, -1
506, 1109, -1
488, 989, -1
488, 501, -1
488, 500, -1
506, 989, -1
506, 501, -1
506, 500, -1
488, 84, -1
488, 1039, -1
488, 587, -1
488, 463, -1
506, 84, -1
506, 1039, -1
506, 587, -1
506, 463, -1
488, 470, -1
488, 1423, -1
506, 470, -1
506, 1423, -1
488, 229, -1
488, 720, -1
488, 1145, -1
506, 229, -1
506, 720, -1
506, 1145, -1
488, 593, -1
488, 505, -1
506, 593, -1
506, 505, -1
488, 531, -1
506, 531, -1
229, 958, -1
229, 1079, -1
229, 841, -1
229, 553, -1
229, 1125, -1
229, 703, -1
229, 1201, -1
229, 707, -1
229, 1109, -1
720, 958, -1
720, 1079, -1
720, 841, -1
720, 553, -1
720, 1125, -1
720, 703, -1
720, 1201, -1
720, 707, -1
720, 1109, -1
1145, 958, -1
1145, 1079, -1
1145, 841, -1
1145, 553, -1
1145, 1125, -1
1145, 703, -1
1145, 1201, -1
1145, 707, -1
1145, 1109, -1
229, 989, -1
229, 501, -1
229, 500, -1
720, 989, -1
720, 501, -1
720, 500, -1
1145, 989, -1
1145, 501, -1
1145, 500, -1
229, 84, -1
229, 1039, -1
229, 587, -1
229, 463, -1
720, 84, -1
720, 1039, -1
720, 587, -1
720, 463, -1
1145, 84, -1
1145, 1039, -1
1145, 587, -1
1145, 463, -1
229, 470, -1
229, 1423, -1
720, 470, -1
720, 1423, -1
1145, 470, -1
1145, 1423, -1
229, 488, -1
229, 506, -1
720, 488, -1
720, 506, -1
1145, 488, -1
1145, 506, -1
229, 593, -1
229, 505, -1
720, 593, -1
720, 505, -1
1145, 593, -1
1145, 505, -1
229, 531, -1
720, 531, -1
1145, 531, -1
593, 958, -1
593, 1079, -1
593, 841, -1
593, 553, -1
593, 1125, -1
593, 703, -1
593, 1201, -1
593, 707, -1
593, 1109, -1
505, 958, -1
505, 1079, -1
505, 841, -1
505, 553, -1
505, 1125, -1
505, 703, -1
505, 1201, -1
505, 707, -1
505, 1109, -1
593, 989, -1
593, 501, -1
593, 500, -1
505, 989, -1
505, 501, -1
505, 500, -1
593, 84, -1
593, 1039, -1
593, 587, -1
593, 463, -1
505, 84, -1
505, 1039, -1
505, 587, -1
505, 463, -1
593, 470, -1
593, 1423, -1
505, 470, -1
505, 1423, -1
593, 488, -1
593, 506, -1
505, 488, -1
505, 506, -1
593, 229, -1
593, 720, -1
593, 1145, -1
505, 229, -1
505, 720, -1
505, 1145, -1
593, 531, -1
505, 531, -1
531, 958, -1
531, 1079, -1
531, 841, -1
531, 553, -1
531, 1125, -1
531, 703, -1
531, 1201, -1
531, 707, -1
531, 1109, -1
531, 989, -1
531, 501, -1
531, 500, -1
531, 84, -1
531, 1039, -1
531, 587, -1
531, 463, -1
531, 470, -1
531, 1423, -1
531, 488, -1
531, 506, -1
531, 229, -1
531, 720, -1
531, 1145, -1
531, 593, -1
531, 505, -1

958, 1079, 1
958, 841, 1
958, 553, 1
958, 1125, 1
958, 703, 1
958, 1201, 1
958, 707, 1
958, 1109, 1
958, 1382, 1
1079, 958, 1
1079, 841, 1
1079, 553, 1
1079, 1125, 1
1079, 703, 1
1079, 1201, 1
1079, 707, 1
1079, 1109, 1
1079, 1382, 1
841, 958, 1
841, 1079, 1
841, 553, 1
841, 1125, 1
841, 703, 1
841, 1201, 1
841, 707, 1
841, 1109, 1
841, 1382, 1
553, 958, 1
553, 1079, 1
553, 841, 1
553, 1125, 1
553, 703, 1
553, 1201, 1
553, 707, 1
553, 1109, 1
553, 1382, 1
1125, 958, 1
1125, 1079, 1
1125, 841, 1
1125, 553, 1
1125, 703, 1
1125, 1201, 1
1125, 707, 1
1125, 1109, 1
1125, 1382, 1
703, 958, 1
703, 1079, 1
703, 841, 1
703, 553, 1
703, 1125, 1
703, 1201, 1
703, 707, 1
703, 1109, 1
703, 1382, 1
1201, 958, 1
1201, 1079, 1
1201, 841, 1
1201, 553, 1
1201, 1125, 1
1201, 703, 1
1201, 707, 1
1201, 1109, 1
1201, 1382, 1
707, 958, 1
707, 1079, 1
707, 841, 1
707, 553, 1
707, 1125, 1
707, 703, 1
707, 1201, 1
707, 1109, 1
707, 1382, 1
1109, 958, 1
1109, 1079, 1
1109, 841, 1
1109, 553, 1
1109, 1125, 1
1109, 703, 1
1109, 1201, 1
1109, 707, 1
1109, 1382, 1
1382, 958, 1
1382, 1079, 1
1382, 841, 1
1382, 553, 1
1382, 1125, 1
1382, 703, 1
1382, 1201, 1
1382, 707, 1
1382, 1109, 1
989, 501, 1
989, 500, 1
501, 989, 1
501, 500, 1
500, 989, 1
500, 501, 1
84, 1039, 1
84, 587, 1
84, 463, 1
1039, 84, 1
1039, 587, 1
1039, 463, 1
587, 84, 1
587, 1039, 1
587, 463, 1
463, 84, 1
463, 1039, 1
463, 587, 1
470, 1423, 1
1423, 470, 1
488, 506, 1
506, 488, 1
229, 720, 1
229, 1145, 1
720, 229, 1
720, 1145, 1
1145, 229, 1
1145, 720, 1
593, 505, 1
505, 593, 1
531, 1184, 1
1184, 531, 1
958, 989, -1
958, 501, -1
958, 500, -1
1079, 989, -1
1079, 501, -1
1079, 500, -1
841, 989, -1
841, 501, -1
841, 500, -1
553, 989, -1
553, 501, -1
553, 500, -1
1125, 989, -1
1125, 501, -1
1125, 500, -1
703, 989, -1
703, 501, -1
703, 500, -1
1201, 989, -1
1201, 501, -1
1201, 500, -1
707, 989, -1
707, 501, -1
707, 500, -1
1109, 989, -1
1109, 501, -1
1109, 500, -1
1382, 989, -1
1382, 501, -1
1382, 500, -1
958, 84, -1
958, 1039, -1
958, 587, -1
958, 463, -1
1079, 84, -1
1079, 1039, -1
1079, 587, -1
1079, 463, -1
841, 84, -1
841, 1039, -1
841, 587, -1
841, 463, -1
553, 84, -1
553, 1039, -1
553, 587, -1
553, 463, -1
1125, 84, -1
1125, 1039, -1
1125, 587, -1
1125, 463, -1
703, 84, -1
703, 1039, -1
703, 587, -1
703, 463, -1
1201, 84, -1
1201, 1039, -1
1201, 587, -1
1201, 463, -1
707, 84, -1
707, 1039, -1
707, 587, -1
707, 463, -1
1109, 84, -1
1109, 1039, -1
1109, 587, -1
1109, 463, -1
1382, 84, -1
1382, 1039, -1
1382, 587, -1
1382, 463, -1
958, 470, -1
958, 1423, -1
1079, 470, -1
1079, 1423, -1
841, 470, -1
841, 1423, -1
553, 470, -1
553, 1423, -1
1125, 470, -1
1125, 1423, -1
703, 470, -1
703, 1423, -1
1201, 470, -1
1201, 1423, -1
707, 470, -1
707, 1423, -1
1109, 470, -1
1109, 1423, -1
1382, 470, -1
1382, 1423, -1
958, 488, -1
958, 506, -1
1079, 488, -1
1079, 506, -1
841, 488, -1
841, 506, -1
553, 488, -1
553, 506, -1
1125, 488, -1
1125, 506, -1
703, 488, -1
703, 506, -1
1201, 488, -1
1201, 506, -1
707, 488, -1
707, 506, -1
1109, 488, -1
1109, 506, -1
1382, 488, -1
1382, 506, -1
958, 229, -1
958, 720, -1
958, 1145, -1
1079, 229, -1
1079, 720, -1
1079, 1145, -1
841, 229, -1
841, 720, -1
841, 1145, -1
553, 229, -1
553, 720, -1
553, 1145, -1
1125, 229, -1
1125, 720, -1
1125, 1145, -1
703, 229, -1
703, 720, -1
703, 1145, -1
1201, 229, -1
1201, 720, -1
1201, 1145, -1
707, 229, -1
707, 720, -1
707, 1145, -1
1109, 229, -1
1109, 720, -1
1109, 1145, -1
1382, 229, -1
1382, 720, -1
1382, 1145, -1
958, 593, -1
958, 505, -1
1079, 593, -1
1079, 505, -1
841, 593, -1
841, 505, -1
553, 593, -1
553, 505, -1
1125, 593, -1
1125, 505, -1
703, 593, -1
703, 505, -1
1201, 593, -1
1201, 505, -1
707, 593, -1
707, 505, -1
1109, 593, -1
1109, 505, -1
1382, 593, -1
1382, 505, -1
958, 531, -1
958, 1184, -1
1079, 531, -1
1079, 1184, -1
841, 531, -1
841, 1184, -1
553, 531, -1
553, 1184, -1
1125, 531, -1
1125, 1184, -1
703, 531, -1
703, 1184, -1
1201, 531, -1
1201, 1184, -1
707, 531, -1
707, 1184, -1
1109, 531, -1
1109, 1184, -1
1382, 531, -1
1382, 1184, -1
989, 958, -1
989, 1079, -1
989, 841, -1
989, 553, -1
989, 1125, -1
989, 703, -1
989, 1201, -1
989, 707, -1
989, 1109, -1
989, 1382, -1
501, 958, -1
501, 1079, -1
501, 841, -1
501, 553, -1
501, 1125, -1
501, 703, -1
501, 1201, -1
501, 707, -1
501, 1109, -1
501, 1382, -1
500, 958, -1
500, 1079, -1
500, 841, -1
500, 553, -1
500, 1125, -1
500, 703, -1
500, 1201, -1
500, 707, -1
500, 1109, -1
500, 1382, -1
989, 84, -1
989, 1039, -1
989, 587, -1
989, 463, -1
501, 84, -1
501, 1039, -1
501, 587, -1
501, 463, -1
500, 84, -1
500, 1039, -1
500, 587, -1
500, 463, -1
989, 470, -1
989, 1423, -1
501, 470, -1
501, 1423, -1
500, 470, -1
500, 1423, -1
989, 488, -1
989, 506, -1
501, 488, -1
501, 506, -1
500, 488, -1
500, 506, -1
989, 229, -1
989, 720, -1
989, 1145, -1
501, 229, -1
501, 720, -1
501, 1145, -1
500, 229, -1
500, 720, -1
500, 1145, -1
989, 593, -1
989, 505, -1
501, 593, -1
501, 505, -1
500, 593, -1
500, 505, -1
989, 531, -1
989, 1184, -1
501, 531, -1
501, 1184, -1
500, 531, -1
500, 1184, -1
84, 958, -1
84, 1079, -1
84, 841, -1
84, 553, -1
84, 1125, -1
84, 703, -1
84, 1201, -1
84, 707, -1
84, 1109, -1
84, 1382, -1
1039, 958, -1
1039, 1079, -1
1039, 841, -1
1039, 553, -1
1039, 1125, -1
1039, 703, -1
1039, 1201, -1
1039, 707, -1
1039, 1109, -1
1039, 1382, -1
587, 958, -1
587, 1079, -1
587, 841, -1
587, 553, -1
587, 1125, -1
587, 703, -1
587, 1201, -1
587, 707, -1
587, 1109, -1
587, 1382, -1
463, 958, -1
463, 1079, -1
463, 841, -1
463, 553, -1
463, 1125, -1
463, 703, -1
463, 1201, -1
463, 707, -1
463, 1109, -1
463, 1382, -1
84, 989, -1
84, 501, -1
84, 500, -1
1039, 989, -1
1039, 501, -1
1039, 500, -1
587, 989, -1
587, 501, -1
587, 500, -1
463, 989, -1
463, 501, -1
463, 500, -1
84, 470, -1
84, 1423, -1
1039, 470, -1
1039, 1423, -1
587, 470, -1
587, 1423, -1
463, 470, -1
463, 1423, -1
84, 488, -1
84, 506, -1
1039, 488, -1
1039, 506, -1
587, 488, -1
587, 506, -1
463, 488, -1
463, 506, -1
84, 229, -1
84, 720, -1
84, 1145, -1
1039, 229, -1
1039, 720, -1
1039, 1145, -1
587, 229, -1
587, 720, -1
587, 1145, -1
463, 229, -1
463, 720, -1
463, 1145, -1
84, 593, -1
84, 505, -1
1039, 593, -1
1039, 505, -1
587, 593, -1
587, 505, -1
463, 593, -1
463, 505, -1
84, 531, -1
84, 1184, -1
1039, 531, -1
1039, 1184, -1
587, 531, -1
587, 1184, -1
463, 531, -1
463, 1184, -1
470, 958, -1
470, 1079, -1
470, 841, -1
470, 553, -1
470, 1125, -1
470, 703, -1
470, 1201, -1
470, 707, -1
470, 1109, -1
470, 1382, -1
1423, 958, -1
1423, 1079, -1
1423, 841, -1
1423, 553, -1
1423, 1125, -1
1423, 703, -1
1423, 1201, -1
1423, 707, -1
1423, 1109, -1
1423, 1382, -1
470, 989, -1
470, 501, -1
470, 500, -1
1423, 989, -1
1423, 501, -1
1423, 500, -1
470, 84, -1
470, 1039, -1
470, 587, -1
470, 463, -1
1423, 84, -1
1423, 1039, -1
1423, 587, -1
1423, 463, -1
470, 488, -1
470, 506, -1
1423, 488, -1
1423, 506, -1
470, 229, -1
470, 720, -1
470, 1145, -1
1423, 229, -1
1423, 720, -1
1423, 1145, -1
470, 593, -1
470, 505, -1
1423, 593, -1
1423, 505, -1
470, 531, -1
470, 1184, -1
1423, 531, -1
1423, 1184, -1
488, 958, -1
488, 1079, -1
488, 841, -1
488, 553, -1
488, 1125, -1
488, 703, -1
488, 1201, -1
488, 707, -1
488, 1109, -1
488, 1382, -1
506, 958, -1
506, 1079, -1
506, 841, -1
506, 553, -1
506, 1125, -1
506, 703, -1
506, 1201, -1
506, 707, -1
506, 1109, -1
506, 1382, -1
488, 989, -1
488, 501, -1
488, 500, -1
506, 989, -1
506, 501, -1
506, 500, -1
488, 84, -1
488, 1039, -1
488, 587, -1
488, 463, -1
506, 84, -1
506, 1039, -1
506, 587, -1
506, 463, -1
488, 470, -1
488, 1423, -1
506, 470, -1
506, 1423, -1
488, 229, -1
488, 720, -1
488, 1145, -1
506, 229, -1
506, 720, -1
506, 1145, -1
488, 593, -1
488, 505, -1
506, 593, -1
506, 505, -1
488, 531, -1
488, 1184, -1
506, 531, -1
506, 1184, -1
229, 958, -1
229, 1079, -1
229, 841, -1
229, 553, -1
229, 1125, -1
229, 703, -1
229, 1201, -1
229, 707, -1
229, 1109, -1
229, 1382, -1
720, 958, -1
720, 1079, -1
720, 841, -1
720, 553, -1
720, 1125, -1
720, 703, -1
720, 1201, -1
720, 707, -1
720, 1109, -1
720, 1382, -1
1145, 958, -1
1145, 1079, -1
1145, 841, -1
1145, 553, -1
1145, 1125, -1
1145, 703, -1
1145, 1201, -1
1145, 707, -1
1145, 1109, -1
1145, 1382, -1
229, 989, -1
229, 501, -1
229, 500, -1
720, 989, -1
720, 501, -1
720, 500, -1
1145, 989, -1
1145, 501, -1
1145, 500, -1
229, 84, -1
229, 1039, -1
229, 587, -1
229, 463, -1
720, 84, -1
720, 1039, -1
720, 587, -1
720, 463, -1
1145, 84, -1
1145, 1039, -1
1145, 587, -1
1145, 463, -1
229, 470, -1
229, 1423, -1
720, 470, -1
720, 1423, -1
1145, 470, -1
1145, 1423, -1
229, 488, -1
229, 506, -1
720, 488, -1
720, 506, -1
1145, 488, -1
1145, 506, -1
229, 593, -1
229, 505, -1
720, 593, -1
720, 505, -1
1145, 593, -1
1145, 505, -1
229, 531, -1
229, 1184, -1
720, 531, -1
720, 1184, -1
1145, 531, -1
1145, 1184, -1
593, 958, -1
593, 1079, -1
593, 841, -1
593, 553, -1
593, 1125, -1
593, 703, -1
593, 1201, -1
593, 707, -1
593, 1109, -1
593, 1382, -1
505, 958, -1
505, 1079, -1
505, 841, -1
505, 553, -1
505, 1125, -1
505, 703, -1
505, 1201, -1
505, 707, -1
505, 1109, -1
505, 1382, -1
593, 989, -1
593, 501, -1
593, 500, -1
505, 989, -1
505, 501, -1
505, 500, -1
593, 84, -1
593, 1039, -1
593, 587, -1
593, 463, -1
505, 84, -1
505, 1039, -1
505, 587, -1
505, 463, -1
593, 470, -1
593, 1423, -1
505, 470, -1
505, 1423, -1
593, 488, -1
593, 506, -1
505, 488, -1
505, 506, -1
593, 229, -1
593, 720, -1
593, 1145, -1
505, 229, -1
505, 720, -1
505, 1145, -1
593, 531, -1
593, 1184, -1
505, 531, -1
505, 1184, -1
531, 958, -1
531, 1079, -1
531, 841, -1
531, 553, -1
531, 1125, -1
531, 703, -1
531, 1201, -1
531, 707, -1
531, 1109, -1
531, 1382, -1
1184, 958, -1
1184, 1079, -1
1184, 841, -1
1184, 553, -1
1184, 1125, -1
1184, 703, -1
1184, 1201, -1
1184, 707, -1
1184, 1109, -1
1184, 1382, -1
531, 989, -1
531, 501, -1
531, 500, -1
1184, 989, -1
1184, 501, -1
1184, 500, -1
531, 84, -1
531, 1039, -1
531, 587, -1
531, 463, -1
1184, 84, -1
1184, 1039, -1
1184, 587, -1
1184, 463, -1
531, 470, -1
531, 1423, -1
1184, 470, -1
1184, 1423, -1
531, 488, -1
531, 506, -1
1184, 488, -1
1184, 506, -1
531, 229, -1
531, 720, -1
531, 1145, -1
1184, 229, -1
1184, 720, -1
1184, 1145, -1
531, 593, -1
531, 505, -1
1184, 593, -1
1184, 505, -1

