348, 382, 1
162, 382, 1
162, 348, 1
1166, 1329, 1
640, 382, -1
640, 348, -1
1329, 382, -1
1329, 348, -1
1329, 640, -1
0, 382, -1
0, 348, -1
0, 640, -1
0, 1329, -1
162, 640, -1
162, 1329, -1
162, 0, -1
1166, 382, -1
1166, 348, -1
1166, 162, -1
1166, 640, -1
1166, 0, -1

162, 162, 1
348, 162, 1
382, 162, 1
1329, 1166, 1
1166, 1166, 1
1077, 1329, 1
1077, 1166, 1
6, 0, 1
1, 0, 1
1, 6, 1
516, 1329, 1
516, 1166, 1
516, 1077, 1
1077, 382, -1
1077, 348, -1
1077, 162, -1
1077, 640, -1
1077, 0, -1
6, 382, -1
6, 348, -1
6, 162, -1
6, 640, -1
6, 1329, -1
6, 1166, -1
6, 1077, -1
1, 382, -1
1, 348, -1
1, 162, -1
1, 640, -1
1, 1329, -1
1, 1166, -1
1, 1077, -1
516, 382, -1
516, 348, -1
516, 162, -1
516, 640, -1
516, 0, -1
516, 6, -1
516, 1, -1

162, 162, 1
348, 162, 1
382, 162, 1
0, 0, 1
1, 0, 1
6, 0, 1
516, 516, 1
1077, 516, 1
1166, 516, 1
1365, 516, 1
4, 0, 1
4, 6, 1
4, 1, 1
1036, 382, -1
1036, 348, -1
1036, 162, -1
1036, 640, -1
1036, 1329, -1
1036, 1166, -1
1036, 1077, -1
1036, 516, -1
1036, 1365, -1
1036, 0, -1
1036, 6, -1
1036, 1, -1
4, 382, -1
4, 348, -1
4, 162, -1
4, 640, -1
4, 1329, -1
4, 1166, -1
4, 1077, -1
4, 516, -1
4, 1365, -1
4, 1036, -1

162, 162, 1
348, 162, 1
382, 162, 1
0, 0, 1
1, 0, 1
4, 0, 1
6, 0, 1
1329, 516, 1
516, 516, 1
1077, 516, 1
1365, 516, 1
1410, 382, -1
1410, 348, -1
1410, 162, -1
1410, 640, -1
1410, 1329, -1
1410, 1166, -1
1410, 1077, -1
1410, 516, -1
1410, 1365, -1
1410, 0, -1
1410, 6, -1
1410, 1, -1
1410, 4, -1
1410, 1036, -1

162, 162, 1
348, 162, 1
382, 162, 1
0, 0, 1
1, 0, 1
4, 0, 1
6, 0, 1
1036, 0, 1
557, 0, 1
1391, 0, 1
472, 0, 1
570, 0, 1
830, 0, 1
1329, 516, 1
516, 516, 1
1077, 516, 1
1365, 516, 1
32, 382, 1
32, 348, 1
32, 162, 1
32, 640, -1
32, 1329, -1
32, 1166, -1
32, 1077, -1
32, 516, -1
32, 1365, -1
32, 0, -1
32, 6, -1
32, 1, -1
32, 4, -1
32, 472, -1
32, 1036, -1
32, 1410, -1

32, 32, 1
162, 32, 1
1271, 32, 1
1082, 32, 1
348, 32, 1
509, 32, 1
382, 32, 1
1329, 516, 1
516, 516, 1
1077, 516, 1
1365, 516, 1
0, 0, 1
1, 0, 1
4, 0, 1
6, 0, 1
1036, 0, 1
557, 0, 1
1391, 0, 1
472, 0, 1
570, 0, 1
830, 0, 1
41, 382, -1
41, 348, -1
41, 162, -1
41, 32, -1
41, 640, -1
41, 1329, -1
41, 1166, -1
41, 1077, -1
41, 516, -1
41, 1365, -1
41, 0, -1
41, 6, -1
41, 1, -1
41, 4, -1
41, 472, -1
41, 1036, -1
41, 1410, -1

32, 32, 1
162, 32, 1
1271, 32, 1
1082, 32, 1
348, 32, 1
509, 32, 1
382, 32, 1
0, 0, 1
1, 0, 1
1410, 0, 1
4, 0, 1
6, 0, 1
1036, 0, 1
557, 0, 1
1391, 0, 1
1458, 0, 1
1234, 0, 1
499, 0, 1
213, 0, 1
599, 0, 1
472, 0, 1
570, 0, 1
315, 0, 1
830, 0, 1
1329, 516, 1
516, 516, 1
1077, 516, 1
1365, 516, 1
1145, 382, -1
1145, 348, -1
1145, 162, -1
1145, 32, -1
1145, 640, -1
1145, 1329, -1
1145, 1166, -1
1145, 1077, -1
1145, 516, -1
1145, 1365, -1
1145, 0, -1
1145, 6, -1
1145, 1, -1
1145, 4, -1
1145, 472, -1
1145, 1036, -1
1145, 1410, -1
1145, 41, -1

32, 32, 1
162, 32, 1
1271, 32, 1
1082, 32, 1
348, 32, 1
509, 32, 1
382, 32, 1
0, 0, 1
1, 0, 1
1410, 0, 1
4, 0, 1
6, 0, 1
1036, 0, 1
557, 0, 1
1391, 0, 1
1458, 0, 1
1234, 0, 1
499, 0, 1
213, 0, 1
599, 0, 1
472, 0, 1
570, 0, 1
315, 0, 1
830, 0, 1
1329, 516, 1
516, 516, 1
1077, 516, 1
1365, 516, 1
1045, 0, 1
1045, 6, 1
1045, 1, 1
1045, 4, 1
1045, 472, 1
1045, 382, -1
1045, 348, -1
1045, 162, -1
1045, 32, -1
1045, 640, -1
1045, 1329, -1
1045, 1166, -1
1045, 1077, -1
1045, 516, -1
1045, 1365, -1
1045, 1036, -1
1045, 1410, -1
1045, 41, -1
1045, 1145, -1

32, 32, 1
162, 32, 1
348, 32, 1
509, 32, 1
0, 0, 1
1, 0, 1
1410, 0, 1
4, 0, 1
6, 0, 1
1036, 0, 1
557, 0, 1
1391, 0, 1
1458, 0, 1
1234, 0, 1
499, 0, 1
213, 0, 1
599, 0, 1
472, 0, 1
570, 0, 1
315, 0, 1
830, 0, 1
1329, 516, 1
516, 516, 1
1077, 516, 1
1365, 516, 1
506, 382, -1
506, 348, -1
506, 162, -1
506, 32, -1
506, 509, -1
506, 640, -1
506, 1329, -1
506, 1166, -1
506, 1077, -1
506, 516, -1
506, 1365, -1
506, 0, -1
506, 6, -1
506, 1, -1
506, 4, -1
506, 472, -1
506, 1045, -1
506, 1036, -1
506, 1410, -1
506, 41, -1
506, 1145, -1

0, 0, 1
1, 0, 1
1410, 0, 1
4, 0, 1
6, 0, 1
1036, 0, 1
557, 0, 1
1391, 0, 1
1458, 0, 1
1234, 0, 1
499, 0, 1
213, 0, 1
599, 0, 1
472, 0, 1
570, 0, 1
315, 0, 1
830, 0, 1
32, 32, 1
162, 32, 1
348, 32, 1
509, 32, 1
1329, 516, 1
516, 516, 1
1077, 516, 1
1365, 516, 1
1035, 382, 1
1035, 348, 1
1035, 162, 1
1035, 32, 1
1035, 509, 1
1035, 640, -1
1035, 1329, -1
1035, 1166, -1
1035, 1077, -1
1035, 516, -1
1035, 1365, -1
1035, 0, -1
1035, 6, -1
1035, 1, -1
1035, 4, -1
1035, 472, -1
1035, 1045, -1
1035, 1036, -1
1035, 1410, -1
1035, 41, -1
1035, 1145, -1
1035, 506, -1

