1228, 989, -1
1228, 470, -1
1228, 84, -1
1228, 114, -1
989, 1228, -1
989, 470, -1
989, 84, -1
989, 114, -1
470, 1228, -1
470, 989, -1
470, 84, -1
470, 114, -1
84, 1228, -1
84, 989, -1
84, 470, -1
84, 114, -1
114, 1228, -1
114, 989, -1
114, 470, -1
114, 84, -1

989, 501, 1
501, 989, 1
1228, 989, -1
1228, 501, -1
1228, 470, -1
1228, 84, -1
1228, 114, -1
1228, 219, -1
989, 1228, -1
501, 1228, -1
989, 470, -1
501, 470, -1
989, 84, -1
501, 84, -1
989, 114, -1
501, 114, -1
989, 219, -1
501, 219, -1
470, 1228, -1
470, 989, -1
470, 501, -1
470, 84, -1
470, 114, -1
470, 219, -1
84, 1228, -1
84, 989, -1
84, 501, -1
84, 470, -1
84, 114, -1
84, 219, -1
114, 1228, -1
114, 989, -1
114, 501, -1
114, 470, -1
114, 84, -1
114, 219, -1
219, 1228, -1
219, 989, -1
219, 501, -1
219, 470, -1
219, 84, -1
219, 114, -1

989, 501, 1
501, 989, 1
84, 1039, 1
1039, 84, 1
114, 841, 1
841, 114, 1
1228, 989, -1
1228, 501, -1
1228, 470, -1
1228, 84, -1
1228, 1039, -1
1228, 114, -1
1228, 841, -1
1228, 219, -1
989, 1228, -1
501, 1228, -1
989, 470, -1
501, 470, -1
989, 84, -1
989, 1039, -1
501, 84, -1
501, 1039, -1
989, 114, -1
989, 841, -1
501, 114, -1
501, 841, -1
989, 219, -1
501, 219, -1
470, 1228, -1
470, 989, -1
470, 501, -1
470, 84, -1
470, 1039, -1
470, 114, -1
470, 841, -1
470, 219, -1
84, 1228, -1
1039, 1228, -1
84, 989, -1
84, 501, -1
1039, 989, -1
1039, 501, -1
84, 470, -1
1039, 470, -1
84, 114, -1
84, 841, -1
1039, 114, -1
1039, 841, -1
84, 219, -1
1039, 219, -1
114, 1228, -1
841, 1228, -1
114, 989, -1
114, 501, -1
841, 989, -1
841, 501, -1
114, 470, -1
841, 470, -1
114, 84, -1
114, 1039, -1
841, 84, -1
841, 1039, -1
114, 219, -1
841, 219, -1
219, 1228, -1
219, 989, -1
219, 501, -1
219, 470, -1
219, 84, -1
219, 1039, -1
219, 114, -1
219, 841, -1

989, 501, 1
501, 989, 1
84, 1039, 1
1039, 84, 1
114, 841, 1
114, 695, 1
114, 553, 1
841, 114, 1
841, 695, 1
841, 553, 1
695, 114, 1
695, 841, 1
695, 553, 1
553, 114, 1
553, 841, 1
553, 695, 1
1228, 989, -1
1228, 501, -1
1228, 470, -1
1228, 84, -1
1228, 1039, -1
1228, 114, -1
1228, 841, -1
1228, 695, -1
1228, 553, -1
1228, 219, -1
989, 1228, -1
501, 1228, -1
989, 470, -1
501, 470, -1
989, 84, -1
989, 1039, -1
501, 84, -1
501, 1039, -1
989, 114, -1
989, 841, -1
989, 695, -1
989, 553, -1
501, 114, -1
501, 841, -1
501, 695, -1
501, 553, -1
989, 219, -1
501, 219, -1
470, 1228, -1
470, 989, -1
470, 501, -1
470, 84, -1
470, 1039, -1
470, 114, -1
470, 841, -1
470, 695, -1
470, 553, -1
470, 219, -1
84, 1228, -1
1039, 1228, -1
84, 989, -1
84, 501, -1
1039, 989, -1
1039, 501, -1
84, 470, -1
1039, 470, -1
84, 114, -1
84, 841, -1
84, 695, -1
84, 553, -1
1039, 114, -1
1039, 841, -1
1039, 695, -1
1039, 553, -1
84, 219, -1
1039, 219, -1
114, 1228, -1
841, 1228, -1
695, 1228, -1
553, 1228, -1
114, 989, -1
114, 501, -1
841, 989, -1
841, 501, -1
695, 989, -1
695, 501, -1
553, 989, -1
553, 501, -1
114, 470, -1
841, 470, -1
695, 470, -1
553, 470, -1
114, 84, -1
114, 1039, -1
841, 84, -1
841, 1039, -1
695, 84, -1
695, 1039, -1
553, 84, -1
553, 1039, -1
114, 219, -1
841, 219, -1
695, 219, -1
553, 219, -1
219, 1228, -1
219, 989, -1
219, 501, -1
219, 470, -1
219, 84, -1
219, 1039, -1
219, 114, -1
219, 841, -1
219, 695, -1
219, 553, -1

989, 501, 1
501, 989, 1
84, 1039, 1
84, 1357, 1
1039, 84, 1
1039, 1357, 1
1357, 84, 1
1357, 1039, 1
114, 841, 1
114, 695, 1
114, 553, 1
841, 114, 1
841, 695, 1
841, 553, 1
695, 114, 1
695, 841, 1
695, 553, 1
553, 114, 1
553, 841, 1
553, 695, 1
1228, 989, -1
1228, 501, -1
1228, 470, -1
1228, 84, -1
1228, 1039, -1
1228, 1357, -1
1228, 114, -1
1228, 841, -1
1228, 695, -1
1228, 553, -1
1228, 219, -1
1228, 229, -1
989, 1228, -1
501, 1228, -1
989, 470, -1
501, 470, -1
989, 84, -1
989, 1039, -1
989, 1357, -1
501, 84, -1
501, 1039, -1
501, 1357, -1
989, 114, -1
989, 841, -1
989, 695, -1
989, 553, -1
501, 114, -1
501, 841, -1
501, 695, -1
501, 553, -1
989, 219, -1
501, 219, -1
989, 229, -1
501, 229, -1
470, 1228, -1
470, 989, -1
470, 501, -1
470, 84, -1
470, 1039, -1
470, 1357, -1
470, 114, -1
470, 841, -1
470, 695, -1
470, 553, -1
470, 219, -1
470, 229, -1
84, 1228, -1
1039, 1228, -1
1357, 1228, -1
84, 989, -1
84, 501, -1
1039, 989, -1
1039, 501, -1
1357, 989, -1
1357, 501, -1
84, 470, -1
1039, 470, -1
1357, 470, -1
84, 114, -1
84, 841, -1
84, 695, -1
84, 553, -1
1039, 114, -1
1039, 841, -1
1039, 695, -1
1039, 553, -1
1357, 114, -1
1357, 841, -1
1357, 695, -1
1357, 553, -1
84, 219, -1
1039, 219, -1
1357, 219, -1
84, 229, -1
1039, 229, -1
1357, 229, -1
114, 1228, -1
841, 1228, -1
695, 1228, -1
553, 1228, -1
114, 989, -1
114, 501, -1
841, 989, -1
841, 501, -1
695, 989, -1
695, 501, -1
553, 989, -1
553, 501, -1
114, 470, -1
841, 470, -1
695, 470, -1
553, 470, -1
114, 84, -1
114, 1039, -1
114, 1357, -1
841, 84, -1
841, 1039, -1
841, 1357, -1
695, 84, -1
695, 1039, -1
695, 1357, -1
553, 84, -1
553, 1039, -1
553, 1357, -1
114, 219, -1
841, 219, -1
695, 219, -1
553, 219, -1
114, 229, -1
841, 229, -1
695, 229, -1
553, 229, -1
219, 1228, -1
219, 989, -1
219, 501, -1
219, 470, -1
219, 84, -1
219, 1039, -1
219, 1357, -1
219, 114, -1
219, 841, -1
219, 695, -1
219, 553, -1
219, 229, -1
229, 1228, -1
229, 989, -1
229, 501, -1
229, 470, -1
229, 84, -1
229, 1039, -1
229, 1357, -1
229, 114, -1
229, 841, -1
229, 695, -1
229, 553, -1
229, 219, -1

989, 501, 1
501, 989, 1
470, 503, 1
503, 470, 1
84, 1039, 1
84, 1357, 1
1039, 84, 1
1039, 1357, 1
1357, 84, 1
1357, 1039, 1
114, 841, 1
114, 695, 1
114, 553, 1
841, 114, 1
841, 695, 1
841, 553, 1
695, 114, 1
695, 841, 1
695, 553, 1
553, 114, 1
553, 841, 1
553, 695, 1
1228, 989, -1
1228, 501, -1
1228, 470, -1
1228, 503, -1
1228, 84, -1
1228, 1039, -1
1228, 1357, -1
1228, 114, -1
1228, 841, -1
1228, 695, -1
1228, 553, -1
1228, 219, -1
1228, 229, -1
1228, 276, -1
989, 1228, -1
501, 1228, -1
989, 470, -1
989, 503, -1
501, 470, -1
501, 503, -1
989, 84, -1
989, 1039, -1
989, 1357, -1
501, 84, -1
501, 1039, -1
501, 1357, -1
989, 114, -1
989, 841, -1
989, 695, -1
989, 553, -1
501, 114, -1
501, 841, -1
501, 695, -1
501, 553, -1
989, 219, -1
501, 219, -1
989, 229, -1
501, 229, -1
989, 276, -1
501, 276, -1
470, 1228, -1
503, 1228, -1
470, 989, -1
470, 501, -1
503, 989, -1
503, 501, -1
470, 84, -1
470, 1039, -1
470, 1357, -1
503, 84, -1
503, 1039, -1
503, 1357, -1
470, 114, -1
470, 841, -1
470, 695, -1
470, 553, -1
503, 114, -1
503, 841, -1
503, 695, -1
503, 553, -1
470, 219, -1
503, 219, -1
470, 229, -1
503, 229, -1
470, 276, -1
503, 276, -1
84, 1228, -1
1039, 1228, -1
1357, 1228, -1
84, 989, -1
84, 501, -1
1039, 989, -1
1039, 501, -1
1357, 989, -1
1357, 501, -1
84, 470, -1
84, 503, -1
1039, 470, -1
1039, 503, -1
1357, 470, -1
1357, 503, -1
84, 114, -1
84, 841, -1
84, 695, -1
84, 553, -1
1039, 114, -1
1039, 841, -1
1039, 695, -1
1039, 553, -1
1357, 114, -1
1357, 841, -1
1357, 695, -1
1357, 553, -1
84, 219, -1
1039, 219, -1
1357, 219, -1
84, 229, -1
1039, 229, -1
1357, 229, -1
84, 276, -1
1039, 276, -1
1357, 276, -1
114, 1228, -1
841, 1228, -1
695, 1228, -1
553, 1228, -1
114, 989, -1
114, 501, -1
841, 989, -1
841, 501, -1
695, 989, -1
695, 501, -1
553, 989, -1
553, 501, -1
114, 470, -1
114, 503, -1
841, 470, -1
841, 503, -1
695, 470, -1
695, 503, -1
553, 470, -1
553, 503, -1
114, 84, -1
114, 1039, -1
114, 1357, -1
841, 84, -1
841, 1039, -1
841, 1357, -1
695, 84, -1
695, 1039, -1
695, 1357, -1
553, 84, -1
553, 1039, -1
553, 1357, -1
114, 219, -1
841, 219, -1
695, 219, -1
553, 219, -1
114, 229, -1
841, 229, -1
695, 229, -1
553, 229, -1
114, 276, -1
841, 276, -1
695, 276, -1
553, 276, -1
219, 1228, -1
219, 989, -1
219, 501, -1
219, 470, -1
219, 503, -1
219, 84, -1
219, 1039, -1
219, 1357, -1
219, 114, -1
219, 841, -1
219, 695, -1
219, 553, -1
219, 229, -1
219, 276, -1
229, 1228, -1
229, 989, -1
229, 501, -1
229, 470, -1
229, 503, -1
229, 84, -1
229, 1039, -1
229, 1357, -1
229, 114, -1
229, 841, -1
229, 695, -1
229, 553, -1
229, 219, -1
229, 276, -1
276, 1228, -1
276, 989, -1
276, 501, -1
276, 470, -1
276, 503, -1
276, 84, -1
276, 1039, -1
276, 1357, -1
276, 114, -1
276, 841, -1
276, 695, -1
276, 553, -1
276, 219, -1
276, 229, -1

989, 501, 1
989, 500, 1
501, 989, 1
501, 500, 1
500, 989, 1
500, 501, 1
470, 503, 1
503, 470, 1
84, 1039, 1
84, 1357, 1
84, 463, 1
1039, 84, 1
1039, 1357, 1
1039, 463, 1
1357, 84, 1
1357, 1039, 1
1357, 463, 1
463, 84, 1
463, 1039, 1
463, 1357, 1
114, 841, 1
114, 695, 1
114, 553, 1
841, 114, 1
841, 695, 1
841, 553, 1
695, 114, 1
695, 841, 1
695, 553, 1
553, 114, 1
553, 841, 1
553, 695, 1
1228, 989, -1
1228, 501, -1
1228, 500, -1
1228, 470, -1
1228, 503, -1
1228, 84, -1
1228, 1039, -1
1228, 1357, -1
1228, 463, -1
1228, 114, -1
1228, 841, -1
1228, 695, -1
1228, 553, -1
1228, 219, -1
1228, 229, -1
1228, 276, -1
989, 1228, -1
501, 1228, -1
500, 1228, -1
989, 470, -1
989, 503, -1
501, 470, -1
501, 503, -1
500, 470, -1
500, 503, -1
989, 84, -1
989, 1039, -1
989, 1357, -1
989, 463, -1
501, 84, -1
501, 1039, -1
501, 1357, -1
501, 463, -1
500, 84, -1
500, 1039, -1
500, 1357, -1
500, 463, -1
989, 114, -1
989, 841, -1
989, 695, -1
989, 553, -1
501, 114, -1
501, 841, -1
501, 695, -1
501, 553, -1
500, 114, -1
500, 841, -1
500, 695, -1
500, 553, -1
989, 219, -1
501, 219, -1
500, 219, -1
989, 229, -1
501, 229, -1
500, 229, -1
989, 276, -1
501, 276, -1
500, 276, -1
470, 1228, -1
503, 1228, -1
470, 989, -1
470, 501, -1
470, 500, -1
503, 989, -1
503, 501, -1
503, 500, -1
470, 84, -1
470, 1039, -1
470, 1357, -1
470, 463, -1
503, 84, -1
503, 1039, -1
503, 1357, -1
503, 463, -1
470, 114, -1
470, 841, -1
470, 695, -1
470, 553, -1
503, 114, -1
503, 841, -1
503, 695, -1
503, 553, -1
470, 219, -1
503, 219, -1
470, 229, -1
503, 229, -1
470, 276, -1
503, 276, -1
84, 1228, -1
1039, 1228, -1
1357, 1228, -1
463, 1228, -1
84, 989, -1
84, 501, -1
84, 500, -1
1039, 989, -1
1039, 501, -1
1039, 500, -1
1357, 989, -1
1357, 501, -1
1357, 500, -1
463, 989, -1
463, 501, -1
463, 500, -1
84, 470, -1
84, 503, -1
1039, 470, -1
1039, 503, -1
1357, 470, -1
1357, 503, -1
463, 470, -1
463, 503, -1
84, 114, -1
84, 841, -1
84, 695, -1
84, 553, -1
1039, 114, -1
1039, 841, -1
1039, 695, -1
1039, 553, -1
1357, 114, -1
1357, 841, -1
1357, 695, -1
1357, 553, -1
463, 114, -1
463, 841, -1
463, 695, -1
463, 553, -1
84, 219, -1
1039, 219, -1
1357, 219, -1
463, 219, -1
84, 229, -1
1039, 229, -1
1357, 229, -1
463, 229, -1
84, 276, -1
1039, 276, -1
1357, 276, -1
463, 276, -1
114, 1228, -1
841, 1228, -1
695, 1228, -1
553, 1228, -1
114, 989, -1
114, 501, -1
114, 500, -1
841, 989, -1
841, 501, -1
841, 500, -1
695, 989, -1
695, 501, -1
695, 500, -1
553, 989, -1
553, 501, -1
553, 500, -1
114, 470, -1
114, 503, -1
841, 470, -1
841, 503, -1
695, 470, -1
695, 503, -1
553, 470, -1
553, 503, -1
114, 84, -1
114, 1039, -1
114, 1357, -1
114, 463, -1
841, 84, -1
841, 1039, -1
841, 1357, -1
841, 463, -1
695, 84, -1
695, 1039, -1
695, 1357, -1
695, 463, -1
553, 84, -1
553, 1039, -1
553, 1357, -1
553, 463, -1
114, 219, -1
841, 219, -1
695, 219, -1
553, 219, -1
114, 229, -1
841, 229, -1
695, 229, -1
553, 229, -1
114, 276, -1
841, 276, -1
695, 276, -1
553, 276, -1
219, 1228, -1
219, 989, -1
219, 501, -1
219, 500, -1
219, 470, -1
219, 503, -1
219, 84, -1
219, 1039, -1
219, 1357, -1
219, 463, -1
219, 114, -1
219, 841, -1
219, 695, -1
219, 553, -1
219, 229, -1
219, 276, -1
229, 1228, -1
229, 989, -1
229, 501, -1
229, 500, -1
229, 470, -1
229, 503, -1
229, 84, -1
229, 1039, -1
229, 1357, -1
229, 463, -1
229, 114, -1
229, 841, -1
229, 695, -1
229, 553, -1
229, 219, -1
229, 276, -1
276, 1228, -1
276, 989, -1
276, 501, -1
276, 500, -1
276, 470, -1
276, 503, -1
276, 84, -1
276, 1039, -1
276, 1357, -1
276, 463, -1
276, 114, -1
276, 841, -1
276, 695, -1
276, 553, -1
276, 219, -1
276, 229, -1

989, 501, 1
989, 500, 1
501, 989, 1
501, 500, 1
500, 989, 1
500, 501, 1
470, 503, 1
503, 470, 1
84, 1039, 1
84, 1357, 1
84, 463, 1
1039, 84, 1
1039, 1357, 1
1039, 463, 1
1357, 84, 1
1357, 1039, 1
1357, 463, 1
463, 84, 1
463, 1039, 1
463, 1357, 1
114, 841, 1
114, 695, 1
114, 553, 1
114, 1109, 1
114, 339, 1
841, 114, 1
841, 695, 1
841, 553, 1
841, 1109, 1
841, 339, 1
695, 114, 1
695, 841, 1
695, 553, 1
695, 1109, 1
695, 339, 1
553, 114, 1
553, 841, 1
553, 695, 1
553, 1109, 1
553, 339, 1
1109, 114, 1
1109, 841, 1
1109, 695, 1
1109, 553, 1
1109, 339, 1
339, 114, 1
339, 841, 1
339, 695, 1
339, 553, 1
339, 1109, 1
1228, 989, -1
1228, 501, -1
1228, 500, -1
1228, 470, -1
1228, 503, -1
1228, 84, -1
1228, 1039, -1
1228, 1357, -1
1228, 463, -1
1228, 114, -1
1228, 841, -1
1228, 695, -1
1228, 553, -1
1228, 1109, -1
1228, 339, -1
1228, 219, -1
1228, 229, -1
1228, 276, -1
989, 1228, -1
501, 1228, -1
500, 1228, -1
989, 470, -1
989, 503, -1
501, 470, -1
501, 503, -1
500, 470, -1
500, 503, -1
989, 84, -1
989, 1039, -1
989, 1357, -1
989, 463, -1
501, 84, -1
501, 1039, -1
501, 1357, -1
501, 463, -1
500, 84, -1
500, 1039, -1
500, 1357, -1
500, 463, -1
989, 114, -1
989, 841, -1
989, 695, -1
989, 553, -1
989, 1109, -1
989, 339, -1
501, 114, -1
501, 841, -1
501, 695, -1
501, 553, -1
501, 1109, -1
501, 339, -1
500, 114, -1
500, 841, -1
500, 695, -1
500, 553, -1
500, 1109, -1
500, 339, -1
989, 219, -1
501, 219, -1
500, 219, -1
989, 229, -1
501, 229, -1
500, 229, -1
989, 276, -1
501, 276, -1
500, 276, -1
470, 1228, -1
503, 1228, -1
470, 989, -1
470, 501, -1
470, 500, -1
503, 989, -1
503, 501, -1
503, 500, -1
470, 84, -1
470, 1039, -1
470, 1357, -1
470, 463, -1
503, 84, -1
503, 1039, -1
503, 1357, -1
503, 463, -1
470, 114, -1
470, 841, -1
470, 695, -1
470, 553, -1
470, 1109, -1
470, 339, -1
503, 114, -1
503, 841, -1
503, 695, -1
503, 553, -1
503, 1109, -1
503, 339, -1
470, 219, -1
503, 219, -1
470, 229, -1
503, 229, -1
470, 276, -1
503, 276, -1
84, 1228, -1
1039, 1228, -1
1357, 1228, -1
463, 1228, -1
84, 989, -1
84, 501, -1
84, 500, -1
1039, 989, -1
1039, 501, -1
1039, 500, -1
1357, 989, -1
1357, 501, -1
1357, 500, -1
463, 989, -1
463, 501, -1
463, 500, -1
84, 470, -1
84, 503, -1
1039, 470, -1
1039, 503, -1
1357, 470, -1
1357, 503, -1
463, 470, -1
463, 503, -1
84, 114, -1
84, 841, -1
84, 695, -1
84, 553, -1
84, 1109, -1
84, 339, -1
1039, 114, -1
1039, 841, -1
1039, 695, -1
1039, 553, -1
1039, 1109, -1
1039, 339, -1
1357, 114, -1
1357, 841, -1
1357, 695, -1
1357, 553, -1
1357, 1109, -1
1357, 339, -1
463, 114, -1
463, 841, -1
463, 695, -1
463, 553, -1
463, 1109, -1
463, 339, -1
84, 219, -1
1039, 219, -1
1357, 219, -1
463, 219, -1
84, 229, -1
1039, 229, -1
1357, 229, -1
463, 229, -1
84, 276, -1
1039, 276, -1
1357, 276, -1
463, 276, -1
114, 1228, -1
841, 1228, -1
695, 1228, -1
553, 1228, -1
1109, 1228, -1
339, 1228, -1
114, 989, -1
114, 501, -1
114, 500, -1
841, 989, -1
841, 501, -1
841, 500, -1
695, 989, -1
695, 501, -1
695, 500, -1
553, 989, -1
553, 501, -1
553, 500, -1
1109, 989, -1
1109, 501, -1
1109, 500, -1
339, 989, -1
339, 501, -1
339, 500, -1
114, 470, -1
114, 503, -1
841, 470, -1
841, 503, -1
695, 470, -1
695, 503, -1
553, 470, -1
553, 503, -1
1109, 470, -1
1109, 503, -1
339, 470, -1
339, 503, -1
114, 84, -1
114, 1039, -1
114, 1357, -1
114, 463, -1
841, 84, -1
841, 1039, -1
841, 1357, -1
841, 463, -1
695, 84, -1
695, 1039, -1
695, 1357, -1
695, 463, -1
553, 84, -1
553, 1039, -1
553, 1357, -1
553, 463, -1
1109, 84, -1
1109, 1039, -1
1109, 1357, -1
1109, 463, -1
339, 84, -1
339, 1039, -1
339, 1357, -1
339, 463, -1
114, 219, -1
841, 219, -1
695, 219, -1
553, 219, -1
1109, 219, -1
339, 219, -1
114, 229, -1
841, 229, -1
695, 229, -1
553, 229, -1
1109, 229, -1
339, 229, -1
114, 276, -1
841, 276, -1
695, 276, -1
553, 276, -1
1109, 276, -1
339, 276, -1
219, 1228, -1
219, 989, -1
219, 501, -1
219, 500, -1
219, 470, -1
219, 503, -1
219, 84, -1
219, 1039, -1
219, 1357, -1
219, 463, -1
219, 114, -1
219, 841, -1
219, 695, -1
219, 553, -1
219, 1109, -1
219, 339, -1
219, 229, -1
219, 276, -1
229, 1228, -1
229, 989, -1
229, 501, -1
229, 500, -1
229, 470, -1
229, 503, -1
229, 84, -1
229, 1039, -1
229, 1357, -1
229, 463, -1
229, 114, -1
229, 841, -1
229, 695, -1
229, 553, -1
229, 1109, -1
229, 339, -1
229, 219, -1
229, 276, -1
276, 1228, -1
276, 989, -1
276, 501, -1
276, 500, -1
276, 470, -1
276, 503, -1
276, 84, -1
276, 1039, -1
276, 1357, -1
276, 463, -1
276, 114, -1
276, 841, -1
276, 695, -1
276, 553, -1
276, 1109, -1
276, 339, -1
276, 219, -1
276, 229, -1

989, 501, 1
989, 500, 1
501, 989, 1
501, 500, 1
500, 989, 1
500, 501, 1
470, 503, 1
503, 470, 1
84, 1039, 1
84, 1357, 1
84, 463, 1
1039, 84, 1
1039, 1357, 1
1039, 463, 1
1357, 84, 1
1357, 1039, 1
1357, 463, 1
463, 84, 1
463, 1039, 1
463, 1357, 1
114, 841, 1
114, 695, 1
114, 553, 1
114, 1109, 1
114, 339, 1
114, 145, 1
841, 114, 1
841, 695, 1
841, 553, 1
841, 1109, 1
841, 339, 1
841, 145, 1
695, 114, 1
695, 841, 1
695, 553, 1
695, 1109, 1
695, 339, 1
695, 145, 1
553, 114, 1
553, 841, 1
553, 695, 1
553, 1109, 1
553, 339, 1
553, 145, 1
1109, 114, 1
1109, 841, 1
1109, 695, 1
1109, 553, 1
1109, 339, 1
1109, 145, 1
339, 114, 1
339, 841, 1
339, 695, 1
339, 553, 1
339, 1109, 1
339, 145, 1
145, 114, 1
145, 841, 1
145, 695, 1
145, 553, 1
145, 1109, 1
145, 339, 1
1228, 989, -1
1228, 501, -1
1228, 500, -1
1228, 470, -1
1228, 503, -1
1228, 84, -1
1228, 1039, -1
1228, 1357, -1
1228, 463, -1
1228, 114, -1
1228, 841, -1
1228, 695, -1
1228, 553, -1
1228, 1109, -1
1228, 339, -1
1228, 145, -1
1228, 219, -1
1228, 229, -1
1228, 276, -1
989, 1228, -1
501, 1228, -1
500, 1228, -1
989, 470, -1
989, 503, -1
501, 470, -1
501, 503, -1
500, 470, -1
500, 503, -1
989, 84, -1
989, 1039, -1
989, 1357, -1
989, 463, -1
501, 84, -1
501, 1039, -1
501, 1357, -1
501, 463, -1
500, 84, -1
500, 1039, -1
500, 1357, -1
500, 463, -1
989, 114, -1
989, 841, -1
989, 695, -1
989, 553, -1
989, 1109, -1
989, 339, -1
989, 145, -1
501, 114, -1
501, 841, -1
501, 695, -1
501, 553, -1
501, 1109, -1
501, 339, -1
501, 145, -1
500, 114, -1
500, 841, -1
500, 695, -1
500, 553, -1
500, 1109, -1
500, 339, -1
500, 145, -1
989, 219, -1
501, 219, -1
500, 219, -1
989, 229, -1
501, 229, -1
500, 229, -1
989, 276, -1
501, 276, -1
500, 276, -1
470, 1228, -1
503, 1228, -1
470, 989, -1
470, 501, -1
470, 500, -1
503, 989, -1
503, 501, -1
503, 500, -1
470, 84, -1
470, 1039, -1
470, 1357, -1
470, 463, -1
503, 84, -1
503, 1039, -1
503, 1357, -1
503, 463, -1
470, 114, -1
470, 841, -1
470, 695, -1
470, 553, -1
470, 1109, -1
470, 339, -1
470, 145, -1
503, 114, -1
503, 841, -1
503, 695, -1
503, 553, -1
503, 1109, -1
503, 339, -1
503, 145, -1
470, 219, -1
503, 219, -1
470, 229, -1
503, 229, -1
470, 276, -1
503, 276, -1
84, 1228, -1
1039, 1228, -1
1357, 1228, -1
463, 1228, -1
84, 989, -1
84, 501, -1
84, 500, -1
1039, 989, -1
1039, 501, -1
1039, 500, -1
1357, 989, -1
1357, 501, -1
1357, 500, -1
463, 989, -1
463, 501, -1
463, 500, -1
84, 470, -1
84, 503, -1
1039, 470, -1
1039, 503, -1
1357, 470, -1
1357, 503, -1
463, 470, -1
463, 503, -1
84, 114, -1
84, 841, -1
84, 695, -1
84, 553, -1
84, 1109, -1
84, 339, -1
84, 145, -1
1039, 114, -1
1039, 841, -1
1039, 695, -1
1039, 553, -1
1039, 1109, -1
1039, 339, -1
1039, 145, -1
1357, 114, -1
1357, 841, -1
1357, 695, -1
1357, 553, -1
1357, 1109, -1
1357, 339, -1
1357, 145, -1
463, 114, -1
463, 841, -1
463, 695, -1
463, 553, -1
463, 1109, -1
463, 339, -1
463, 145, -1
84, 219, -1
1039, 219, -1
1357, 219, -1
463, 219, -1
84, 229, -1
1039, 229, -1
1357, 229, -1
463, 229, -1
84, 276, -1
1039, 276, -1
1357, 276, -1
463, 276, -1
114, 1228, -1
841, 1228, -1
695, 1228, -1
553, 1228, -1
1109, 1228, -1
339, 1228, -1
145, 1228, -1
114, 989, -1
114, 501, -1
114, 500, -1
841, 989, -1
841, 501, -1
841, 500, -1
695, 989, -1
695, 501, -1
695, 500, -1
553, 989, -1
553, 501, -1
553, 500, -1
1109, 989, -1
1109, 501, -1
1109, 500, -1
339, 989, -1
339, 501, -1
339, 500, -1
145, 989, -1
145, 501, -1
145, 500, -1
114, 470, -1
114, 503, -1
841, 470, -1
841, 503, -1
695, 470, -1
695, 503, -1
553, 470, -1
553, 503, -1
1109, 470, -1
1109, 503, -1
339, 470, -1
339, 503, -1
145, 470, -1
145, 503, -1
114, 84, -1
114, 1039, -1
114, 1357, -1
114, 463, -1
841, 84, -1
841, 1039, -1
841, 1357, -1
841, 463, -1
695, 84, -1
695, 1039, -1
695, 1357, -1
695, 463, -1
553, 84, -1
553, 1039, -1
553, 1357, -1
553, 463, -1
1109, 84, -1
1109, 1039, -1
1109, 1357, -1
1109, 463, -1
339, 84, -1
339, 1039, -1
339, 1357, -1
339, 463, -1
145, 84, -1
145, 1039, -1
145, 1357, -1
145, 463, -1
114, 219, -1
841, 219, -1
695, 219, -1
553, 219, -1
1109, 219, -1
339, 219, -1
145, 219, -1
114, 229, -1
841, 229, -1
695, 229, -1
553, 229, -1
1109, 229, -1
339, 229, -1
145, 229, -1
114, 276, -1
841, 276, -1
695, 276, -1
553, 276, -1
1109, 276, -1
339, 276, -1
145, 276, -1
219, 1228, -1
219, 989, -1
219, 501, -1
219, 500, -1
219, 470, -1
219, 503, -1
219, 84, -1
219, 1039, -1
219, 1357, -1
219, 463, -1
219, 114, -1
219, 841, -1
219, 695, -1
219, 553, -1
219, 1109, -1
219, 339, -1
219, 145, -1
219, 229, -1
219, 276, -1
229, 1228, -1
229, 989, -1
229, 501, -1
229, 500, -1
229, 470, -1
229, 503, -1
229, 84, -1
229, 1039, -1
229, 1357, -1
229, 463, -1
229, 114, -1
229, 841, -1
229, 695, -1
229, 553, -1
229, 1109, -1
229, 339, -1
229, 145, -1
229, 219, -1
229, 276, -1
276, 1228, -1
276, 989, -1
276, 501, -1
276, 500, -1
276, 470, -1
276, 503, -1
276, 84, -1
276, 1039, -1
276, 1357, -1
276, 463, -1
276, 114, -1
276, 841, -1
276, 695, -1
276, 553, -1
276, 1109, -1
276, 339, -1
276, 145, -1
276, 219, -1
276, 229, -1

989, 501, 1
989, 500, 1
501, 989, 1
501, 500, 1
500, 989, 1
500, 501, 1
470, 503, 1
470, 1450, 1
503, 470, 1
503, 1450, 1
1450, 470, 1
1450, 503, 1
84, 1039, 1
84, 1357, 1
84, 463, 1
1039, 84, 1
1039, 1357, 1
1039, 463, 1
1357, 84, 1
1357, 1039, 1
1357, 463, 1
463, 84, 1
463, 1039, 1
463, 1357, 1
114, 841, 1
114, 695, 1
114, 553, 1
114, 1109, 1
114, 339, 1
114, 145, 1
841, 114, 1
841, 695, 1
841, 553, 1
841, 1109, 1
841, 339, 1
841, 145, 1
695, 114, 1
695, 841, 1
695, 553, 1
695, 1109, 1
695, 339, 1
695, 145, 1
553, 114, 1
553, 841, 1
553, 695, 1
553, 1109, 1
553, 339, 1
553, 145, 1
1109, 114, 1
1109, 841, 1
1109, 695, 1
1109, 553, 1
1109, 339, 1
1109, 145, 1
339, 114, 1
339, 841, 1
339, 695, 1
339, 553, 1
339, 1109, 1
339, 145, 1
145, 114, 1
145, 841, 1
145, 695, 1
145, 553, 1
145, 1109, 1
145, 339, 1
229, 720, 1
720, 229, 1
1228, 989, -1
1228, 501, -1
1228, 500, -1
1228, 470, -1
1228, 503, -1
1228, 1450, -1
1228, 84, -1
1228, 1039, -1
1228, 1357, -1
1228, 463, -1
1228, 114, -1
1228, 841, -1
1228, 695, -1
1228, 553, -1
1228, 1109, -1
1228, 339, -1
1228, 145, -1
1228, 219, -1
1228, 229, -1
1228, 720, -1
1228, 276, -1
989, 1228, -1
501, 1228, -1
500, 1228, -1
989, 470, -1
989, 503, -1
989, 1450, -1
501, 470, -1
501, 503, -1
501, 1450, -1
500, 470, -1
500, 503, -1
500, 1450, -1
989, 84, -1
989, 1039, -1
989, 1357, -1
989, 463, -1
501, 84, -1
501, 1039, -1
501, 1357, -1
501, 463, -1
500, 84, -1
500, 1039, -1
500, 1357, -1
500, 463, -1
989, 114, -1
989, 841, -1
989, 695, -1
989, 553, -1
989, 1109, -1
989, 339, -1
989, 145, -1
501, 114, -1
501, 841, -1
501, 695, -1
501, 553, -1
501, 1109, -1
501, 339, -1
501, 145, -1
500, 114, -1
500, 841, -1
500, 695, -1
500, 553, -1
500, 1109, -1
500, 339, -1
500, 145, -1
989, 219, -1
501, 219, -1
500, 219, -1
989, 229, -1
989, 720, -1
501, 229, -1
501, 720, -1
500, 229, -1
500, 720, -1
989, 276, -1
501, 276, -1
500, 276, -1
470, 1228, -1
503, 1228, -1
1450, 1228, -1
470, 989, -1
470, 501, -1
470, 500, -1
503, 989, -1
503, 501, -1
503, 500, -1
1450, 989, -1
1450, 501, -1
1450, 500, -1
470, 84, -1
470, 1039, -1
470, 1357, -1
470, 463, -1
503, 84, -1
503, 1039, -1
503, 1357, -1
503, 463, -1
1450, 84, -1
1450, 1039, -1
1450, 1357, -1
1450, 463, -1
470, 114, -1
470, 841, -1
470, 695, -1
470, 553, -1
470, 1109, -1
470, 339, -1
470, 145, -1
503, 114, -1
503, 841, -1
503, 695, -1
503, 553, -1
503, 1109, -1
503, 339, -1
503, 145, -1
1450, 114, -1
1450, 841, -1
1450, 695, -1
1450, 553, -1
1450, 1109, -1
1450, 339, -1
1450, 145, -1
470, 219, -1
503, 219, -1
1450, 219, -1
470, 229, -1
470, 720, -1
503, 229, -1
503, 720, -1
1450, 229, -1
1450, 720, -1
470, 276, -1
503, 276, -1
1450, 276, -1
84, 1228, -1
1039, 1228, -1
1357, 1228, -1
463, 1228, -1
84, 989, -1
84, 501, -1
84, 500, -1
1039, 989, -1
1039, 501, -1
1039, 500, -1
1357, 989, -1
1357, 501, -1
1357, 500, -1
463, 989, -1
463, 501, -1
463, 500, -1
84, 470, -1
84, 503, -1
84, 1450, -1
1039, 470, -1
1039, 503, -1
1039, 1450, -1
1357, 470, -1
1357, 503, -1
1357, 1450, -1
463, 470, -1
463, 503, -1
463, 1450, -1
84, 114, -1
84, 841, -1
84, 695, -1
84, 553, -1
84, 1109, -1
84, 339, -1
84, 145, -1
1039, 114, -1
1039, 841, -1
1039, 695, -1
1039, 553, -1
1039, 1109, -1
1039, 339, -1
1039, 145, -1
1357, 114, -1
1357, 841, -1
1357, 695, -1
1357, 553, -1
1357, 1109, -1
1357, 339, -1
1357, 145, -1
463, 114, -1
463, 841, -1
463, 695, -1
463, 553, -1
463, 1109, -1
463, 339, -1
463, 145, -1
84, 219, -1
1039, 219, -1
1357, 219, -1
463, 219, -1
84, 229, -1
84, 720, -1
1039, 229, -1
1039, 720, -1
1357, 229, -1
1357, 720, -1
463, 229, -1
463, 720, -1
84, 276, -1
1039, 276, -1
1357, 276, -1
463, 276, -1
114, 1228, -1
841, 1228, -1
695, 1228, -1
553, 1228, -1
1109, 1228, -1
339, 1228, -1
145, 1228, -1
114, 989, -1
114, 501, -1
114, 500, -1
841, 989, -1
841, 501, -1
841, 500, -1
695, 989, -1
695, 501, -1
695, 500, -1
553, 989, -1
553, 501, -1
553, 500, -1
1109, 989, -1
1109, 501, -1
1109, 500, -1
339, 989, -1
339, 501, -1
339, 500, -1
145, 989, -1
145, 501, -1
145, 500, -1
114, 470, -1
114, 503, -1
114, 1450, -1
841, 470, -1
841, 503, -1
841, 1450, -1
695, 470, -1
695, 503, -1
695, 1450, -1
553, 470, -1
553, 503, -1
553, 1450, -1
1109, 470, -1
1109, 503, -1
1109, 1450, -1
339, 470, -1
339, 503, -1
339, 1450, -1
145, 470, -1
145, 503, -1
145, 1450, -1
114, 84, -1
114, 1039, -1
114, 1357, -1
114, 463, -1
841, 84, -1
841, 1039, -1
841, 1357, -1
841, 463, -1
695, 84, -1
695, 1039, -1
695, 1357, -1
695, 463, -1
553, 84, -1
553, 1039, -1
553, 1357, -1
553, 463, -1
1109, 84, -1
1109, 1039, -1
1109, 1357, -1
1109, 463, -1
339, 84, -1
339, 1039, -1
339, 1357, -1
339, 463, -1
145, 84, -1
145, 1039, -1
145, 1357, -1
145, 463, -1
114, 219, -1
841, 219, -1
695, 219, -1
553, 219, -1
1109, 219, -1
339, 219, -1
145, 219, -1
114, 229, -1
114, 720, -1
841, 229, -1
841, 720, -1
695, 229, -1
695, 720, -1
553, 229, -1
553, 720, -1
1109, 229, -1
1109, 720, -1
339, 229, -1
339, 720, -1
145, 229, -1
145, 720, -1
114, 276, -1
841, 276, -1
695, 276, -1
553, 276, -1
1109, 276, -1
339, 276, -1
145, 276, -1
219, 1228, -1
219, 989, -1
219, 501, -1
219, 500, -1
219, 470, -1
219, 503, -1
219, 1450, -1
219, 84, -1
219, 1039, -1
219, 1357, -1
219, 463, -1
219, 114, -1
219, 841, -1
219, 695, -1
219, 553, -1
219, 1109, -1
219, 339, -1
219, 145, -1
219, 229, -1
219, 720, -1
219, 276, -1
229, 1228, -1
720, 1228, -1
229, 989, -1
229, 501, -1
229, 500, -1
720, 989, -1
720, 501, -1
720, 500, -1
229, 470, -1
229, 503, -1
229, 1450, -1
720, 470, -1
720, 503, -1
720, 1450, -1
229, 84, -1
229, 1039, -1
229, 1357, -1
229, 463, -1
720, 84, -1
720, 1039, -1
720, 1357, -1
720, 463, -1
229, 114, -1
229, 841, -1
229, 695, -1
229, 553, -1
229, 1109, -1
229, 339, -1
229, 145, -1
720, 114, -1
720, 841, -1
720, 695, -1
720, 553, -1
720, 1109, -1
720, 339, -1
720, 145, -1
229, 219, -1
720, 219, -1
229, 276, -1
720, 276, -1
276, 1228, -1
276, 989, -1
276, 501, -1
276, 500, -1
276, 470, -1
276, 503, -1
276, 1450, -1
276, 84, -1
276, 1039, -1
276, 1357, -1
276, 463, -1
276, 114, -1
276, 841, -1
276, 695, -1
276, 553, -1
276, 1109, -1
276, 339, -1
276, 145, -1
276, 219, -1
276, 229, -1
276, 720, -1

