348, 382, 1
164, 126, 1
249, 126, 1
249, 164, 1
120, 382, 1
120, 348, 1
371, 382, 1
371, 348, 1
371, 120, 1
109, 126, 1
109, 164, 1
109, 249, 1
126, 382, -1
126, 348, -1
164, 382, -1
164, 348, -1
249, 382, -1
249, 348, -1
120, 126, -1
120, 164, -1
120, 249, -1
371, 126, -1
371, 164, -1
371, 249, -1
109, 382, -1
109, 348, -1
109, 120, -1
109, 371, -1

367, 382, 1
367, 348, 1
367, 120, 1
367, 371, 1
367, 427, 1
5, 126, 1
5, 164, 1
5, 249, 1
5, 109, 1
5, 147, 1
209, 126, 1
209, 164, 1
209, 249, 1
209, 109, 1
209, 147, 1
209, 5, 1
11, 382, 1
11, 348, 1
11, 120, 1
11, 371, 1
11, 427, 1
11, 367, 1
356, 126, 1
356, 164, 1
356, 249, 1
356, 109, 1
356, 147, 1
356, 5, 1
356, 209, 1
367, 126, -1
367, 164, -1
367, 249, -1
367, 109, -1
367, 147, -1
5, 382, -1
5, 348, -1
5, 120, -1
5, 371, -1
5, 427, -1
5, 367, -1
209, 382, -1
209, 348, -1
209, 120, -1
209, 371, -1
209, 427, -1
209, 367, -1
11, 126, -1
11, 164, -1
11, 249, -1
11, 109, -1
11, 147, -1
11, 5, -1
11, 209, -1
356, 382, -1
356, 348, -1
356, 120, -1
356, 371, -1
356, 427, -1
356, 367, -1
356, 11, -1

385, 382, 1
385, 348, 1
385, 120, 1
385, 371, 1
385, 427, 1
385, 367, 1
385, 11, 1
385, 243, 1
131, 382, 1
131, 348, 1
131, 120, 1
131, 371, 1
131, 427, 1
131, 367, 1
131, 11, 1
131, 243, 1
131, 385, 1
4, 126, 1
4, 164, 1
4, 249, 1
4, 109, 1
4, 147, 1
4, 5, 1
4, 209, 1
4, 356, 1
4, 190, 1
4, 293, 1
403, 126, 1
403, 164, 1
403, 249, 1
403, 109, 1
403, 147, 1
403, 5, 1
403, 209, 1
403, 356, 1
403, 190, 1
403, 293, 1
403, 4, 1
313, 382, 1
313, 348, 1
313, 120, 1
313, 371, 1
313, 427, 1
313, 367, 1
313, 11, 1
313, 243, 1
313, 385, 1
313, 131, 1
385, 126, -1
385, 164, -1
385, 249, -1
385, 109, -1
385, 147, -1
385, 5, -1
385, 209, -1
385, 356, -1
385, 190, -1
385, 293, -1
131, 126, -1
131, 164, -1
131, 249, -1
131, 109, -1
131, 147, -1
131, 5, -1
131, 209, -1
131, 356, -1
131, 190, -1
131, 293, -1
4, 382, -1
4, 348, -1
4, 120, -1
4, 371, -1
4, 427, -1
4, 367, -1
4, 11, -1
4, 243, -1
4, 385, -1
4, 131, -1
403, 382, -1
403, 348, -1
403, 120, -1
403, 371, -1
403, 427, -1
403, 367, -1
403, 11, -1
403, 243, -1
403, 385, -1
403, 131, -1
313, 126, -1
313, 164, -1
313, 249, -1
313, 109, -1
313, 147, -1
313, 5, -1
313, 209, -1
313, 356, -1
313, 190, -1
313, 293, -1
313, 4, -1
313, 403, -1

347, 126, 1
347, 164, 1
347, 249, 1
347, 109, 1
347, 147, 1
347, 5, 1
347, 209, 1
347, 356, 1
347, 190, 1
347, 293, 1
347, 4, 1
347, 403, 1
347, 42, 1
347, 60, 1
155, 126, 1
155, 164, 1
155, 249, 1
155, 109, 1
155, 147, 1
155, 5, 1
155, 209, 1
155, 356, 1
155, 190, 1
155, 293, 1
155, 4, 1
155, 403, 1
155, 42, 1
155, 60, 1
155, 347, 1
301, 126, 1
301, 164, 1
301, 249, 1
301, 109, 1
301, 147, 1
301, 5, 1
301, 209, 1
301, 356, 1
301, 190, 1
301, 293, 1
301, 4, 1
301, 403, 1
301, 42, 1
301, 60, 1
301, 347, 1
301, 155, 1
425, 126, 1
425, 164, 1
425, 249, 1
425, 109, 1
425, 147, 1
425, 5, 1
425, 209, 1
425, 356, 1
425, 190, 1
425, 293, 1
425, 4, 1
425, 403, 1
425, 42, 1
425, 60, 1
425, 347, 1
425, 155, 1
425, 301, 1
107, 126, 1
107, 164, 1
107, 249, 1
107, 109, 1
107, 147, 1
107, 5, 1
107, 209, 1
107, 356, 1
107, 190, 1
107, 293, 1
107, 4, 1
107, 403, 1
107, 42, 1
107, 60, 1
107, 347, 1
107, 155, 1
107, 301, 1
107, 425, 1
62, 382, 1
62, 348, 1
62, 120, 1
62, 371, 1
62, 427, 1
62, 367, 1
62, 11, 1
62, 243, 1
62, 385, 1
62, 131, 1
62, 313, 1
62, 494, 1
347, 382, -1
347, 348, -1
347, 120, -1
347, 371, -1
347, 427, -1
347, 367, -1
347, 11, -1
347, 243, -1
347, 385, -1
347, 131, -1
347, 313, -1
347, 494, -1
155, 382, -1
155, 348, -1
155, 120, -1
155, 371, -1
155, 427, -1
155, 367, -1
155, 11, -1
155, 243, -1
155, 385, -1
155, 131, -1
155, 313, -1
155, 494, -1
301, 382, -1
301, 348, -1
301, 120, -1
301, 371, -1
301, 427, -1
301, 367, -1
301, 11, -1
301, 243, -1
301, 385, -1
301, 131, -1
301, 313, -1
301, 494, -1
425, 382, -1
425, 348, -1
425, 120, -1
425, 371, -1
425, 427, -1
425, 367, -1
425, 11, -1
425, 243, -1
425, 385, -1
425, 131, -1
425, 313, -1
425, 494, -1
107, 382, -1
107, 348, -1
107, 120, -1
107, 371, -1
107, 427, -1
107, 367, -1
107, 11, -1
107, 243, -1
107, 385, -1
107, 131, -1
107, 313, -1
107, 494, -1
62, 126, -1
62, 164, -1
62, 249, -1
62, 109, -1
62, 147, -1
62, 5, -1
62, 209, -1
62, 356, -1
62, 190, -1
62, 293, -1
62, 4, -1
62, 403, -1
62, 42, -1
62, 60, -1
62, 347, -1
62, 155, -1
62, 301, -1
62, 425, -1
62, 107, -1

65, 126, 1
65, 164, 1
65, 249, 1
65, 109, 1
65, 147, 1
65, 5, 1
65, 209, 1
65, 356, 1
65, 190, 1
65, 293, 1
65, 4, 1
65, 403, 1
65, 42, 1
65, 60, 1
65, 347, 1
65, 155, 1
65, 301, 1
65, 425, 1
65, 107, 1
65, 430, 1
310, 126, 1
310, 164, 1
310, 249, 1
310, 109, 1
310, 147, 1
310, 5, 1
310, 209, 1
310, 356, 1
310, 190, 1
310, 293, 1
310, 4, 1
310, 403, 1
310, 42, 1
310, 60, 1
310, 347, 1
310, 155, 1
310, 301, 1
310, 425, 1
310, 107, 1
310, 430, 1
310, 65, 1
359, 382, 1
359, 348, 1
359, 120, 1
359, 371, 1
359, 427, 1
359, 367, 1
359, 11, 1
359, 243, 1
359, 385, 1
359, 131, 1
359, 313, 1
359, 494, 1
359, 62, 1
359, 474, 1
161, 382, 1
161, 348, 1
161, 120, 1
161, 371, 1
161, 427, 1
161, 367, 1
161, 11, 1
161, 243, 1
161, 385, 1
161, 131, 1
161, 313, 1
161, 494, 1
161, 62, 1
161, 474, 1
161, 359, 1
65, 382, -1
65, 348, -1
65, 120, -1
65, 371, -1
65, 427, -1
65, 367, -1
65, 11, -1
65, 243, -1
65, 385, -1
65, 131, -1
65, 313, -1
65, 494, -1
65, 62, -1
65, 474, -1
310, 382, -1
310, 348, -1
310, 120, -1
310, 371, -1
310, 427, -1
310, 367, -1
310, 11, -1
310, 243, -1
310, 385, -1
310, 131, -1
310, 313, -1
310, 494, -1
310, 62, -1
310, 474, -1
359, 126, -1
359, 164, -1
359, 249, -1
359, 109, -1
359, 147, -1
359, 5, -1
359, 209, -1
359, 356, -1
359, 190, -1
359, 293, -1
359, 4, -1
359, 403, -1
359, 42, -1
359, 60, -1
359, 347, -1
359, 155, -1
359, 301, -1
359, 425, -1
359, 107, -1
359, 430, -1
359, 65, -1
359, 310, -1
161, 126, -1
161, 164, -1
161, 249, -1
161, 109, -1
161, 147, -1
161, 5, -1
161, 209, -1
161, 356, -1
161, 190, -1
161, 293, -1
161, 4, -1
161, 403, -1
161, 42, -1
161, 60, -1
161, 347, -1
161, 155, -1
161, 301, -1
161, 425, -1
161, 107, -1
161, 430, -1
161, 65, -1
161, 310, -1

457, 126, 1
457, 164, 1
457, 249, 1
457, 109, 1
457, 147, 1
457, 5, 1
457, 209, 1
457, 356, 1
457, 190, 1
457, 293, 1
457, 4, 1
457, 403, 1
457, 42, 1
457, 60, 1
457, 347, 1
457, 155, 1
457, 301, 1
457, 425, 1
457, 107, 1
457, 430, 1
457, 65, 1
457, 310, 1
457, 417, 1
422, 126, 1
422, 164, 1
422, 249, 1
422, 109, 1
422, 147, 1
422, 5, 1
422, 209, 1
422, 356, 1
422, 190, 1
422, 293, 1
422, 4, 1
422, 403, 1
422, 42, 1
422, 60, 1
422, 347, 1
422, 155, 1
422, 301, 1
422, 425, 1
422, 107, 1
422, 430, 1
422, 65, 1
422, 310, 1
422, 417, 1
422, 457, 1
167, 382, 1
167, 348, 1
167, 120, 1
167, 371, 1
167, 427, 1
167, 367, 1
167, 11, 1
167, 243, 1
167, 385, 1
167, 131, 1
167, 313, 1
167, 494, 1
167, 62, 1
167, 474, 1
167, 359, 1
167, 161, 1
167, 332, 1
64, 382, 1
64, 348, 1
64, 120, 1
64, 371, 1
64, 427, 1
64, 367, 1
64, 11, 1
64, 243, 1
64, 385, 1
64, 131, 1
64, 313, 1
64, 494, 1
64, 62, 1
64, 474, 1
64, 359, 1
64, 161, 1
64, 332, 1
64, 167, 1
457, 382, -1
457, 348, -1
457, 120, -1
457, 371, -1
457, 427, -1
457, 367, -1
457, 11, -1
457, 243, -1
457, 385, -1
457, 131, -1
457, 313, -1
457, 494, -1
457, 62, -1
457, 474, -1
457, 359, -1
457, 161, -1
457, 332, -1
422, 382, -1
422, 348, -1
422, 120, -1
422, 371, -1
422, 427, -1
422, 367, -1
422, 11, -1
422, 243, -1
422, 385, -1
422, 131, -1
422, 313, -1
422, 494, -1
422, 62, -1
422, 474, -1
422, 359, -1
422, 161, -1
422, 332, -1
167, 126, -1
167, 164, -1
167, 249, -1
167, 109, -1
167, 147, -1
167, 5, -1
167, 209, -1
167, 356, -1
167, 190, -1
167, 293, -1
167, 4, -1
167, 403, -1
167, 42, -1
167, 60, -1
167, 347, -1
167, 155, -1
167, 301, -1
167, 425, -1
167, 107, -1
167, 430, -1
167, 65, -1
167, 310, -1
167, 417, -1
167, 457, -1
167, 422, -1
64, 126, -1
64, 164, -1
64, 249, -1
64, 109, -1
64, 147, -1
64, 5, -1
64, 209, -1
64, 356, -1
64, 190, -1
64, 293, -1
64, 4, -1
64, 403, -1
64, 42, -1
64, 60, -1
64, 347, -1
64, 155, -1
64, 301, -1
64, 425, -1
64, 107, -1
64, 430, -1
64, 65, -1
64, 310, -1
64, 417, -1
64, 457, -1
64, 422, -1

210, 126, 1
210, 164, 1
210, 249, 1
210, 109, 1
210, 147, 1
210, 5, 1
210, 209, 1
210, 356, 1
210, 190, 1
210, 293, 1
210, 4, 1
210, 403, 1
210, 42, 1
210, 60, 1
210, 347, 1
210, 155, 1
210, 301, 1
210, 425, 1
210, 107, 1
210, 430, 1
210, 65, 1
210, 310, 1
210, 417, 1
210, 457, 1
210, 422, 1
210, 231, 1
218, 126, 1
218, 164, 1
218, 249, 1
218, 109, 1
218, 147, 1
218, 5, 1
218, 209, 1
218, 356, 1
218, 190, 1
218, 293, 1
218, 4, 1
218, 403, 1
218, 42, 1
218, 60, 1
218, 347, 1
218, 155, 1
218, 301, 1
218, 425, 1
218, 107, 1
218, 430, 1
218, 65, 1
218, 310, 1
218, 417, 1
218, 457, 1
218, 422, 1
218, 231, 1
218, 210, 1
165, 382, 1
165, 348, 1
165, 120, 1
165, 371, 1
165, 427, 1
165, 367, 1
165, 11, 1
165, 243, 1
165, 385, 1
165, 131, 1
165, 313, 1
165, 494, 1
165, 62, 1
165, 474, 1
165, 359, 1
165, 161, 1
165, 332, 1
165, 167, 1
165, 64, 1
165, 28, 1
410, 382, 1
410, 348, 1
410, 120, 1
410, 371, 1
410, 427, 1
410, 367, 1
410, 11, 1
410, 243, 1
410, 385, 1
410, 131, 1
410, 313, 1
410, 494, 1
410, 62, 1
410, 474, 1
410, 359, 1
410, 161, 1
410, 332, 1
410, 167, 1
410, 64, 1
410, 28, 1
410, 165, 1
210, 382, -1
210, 348, -1
210, 120, -1
210, 371, -1
210, 427, -1
210, 367, -1
210, 11, -1
210, 243, -1
210, 385, -1
210, 131, -1
210, 313, -1
210, 494, -1
210, 62, -1
210, 474, -1
210, 359, -1
210, 161, -1
210, 332, -1
210, 167, -1
210, 64, -1
210, 28, -1
218, 382, -1
218, 348, -1
218, 120, -1
218, 371, -1
218, 427, -1
218, 367, -1
218, 11, -1
218, 243, -1
218, 385, -1
218, 131, -1
218, 313, -1
218, 494, -1
218, 62, -1
218, 474, -1
218, 359, -1
218, 161, -1
218, 332, -1
218, 167, -1
218, 64, -1
218, 28, -1
165, 126, -1
165, 164, -1
165, 249, -1
165, 109, -1
165, 147, -1
165, 5, -1
165, 209, -1
165, 356, -1
165, 190, -1
165, 293, -1
165, 4, -1
165, 403, -1
165, 42, -1
165, 60, -1
165, 347, -1
165, 155, -1
165, 301, -1
165, 425, -1
165, 107, -1
165, 430, -1
165, 65, -1
165, 310, -1
165, 417, -1
165, 457, -1
165, 422, -1
165, 231, -1
165, 210, -1
165, 218, -1
410, 126, -1
410, 164, -1
410, 249, -1
410, 109, -1
410, 147, -1
410, 5, -1
410, 209, -1
410, 356, -1
410, 190, -1
410, 293, -1
410, 4, -1
410, 403, -1
410, 42, -1
410, 60, -1
410, 347, -1
410, 155, -1
410, 301, -1
410, 425, -1
410, 107, -1
410, 430, -1
410, 65, -1
410, 310, -1
410, 417, -1
410, 457, -1
410, 422, -1
410, 231, -1
410, 210, -1
410, 218, -1

172, 126, 1
172, 164, 1
172, 249, 1
172, 109, 1
172, 147, 1
172, 5, 1
172, 209, 1
172, 356, 1
172, 190, 1
172, 293, 1
172, 4, 1
172, 403, 1
172, 42, 1
172, 60, 1
172, 347, 1
172, 155, 1
172, 301, 1
172, 425, 1
172, 107, 1
172, 430, 1
172, 65, 1
172, 310, 1
172, 417, 1
172, 457, 1
172, 422, 1
172, 231, 1
172, 210, 1
172, 218, 1
172, 172, 1
302, 126, 1
302, 164, 1
302, 249, 1
302, 109, 1
302, 147, 1
302, 5, 1
302, 209, 1
302, 356, 1
302, 190, 1
302, 293, 1
302, 4, 1
302, 403, 1
302, 42, 1
302, 60, 1
302, 347, 1
302, 155, 1
302, 301, 1
302, 425, 1
302, 107, 1
302, 430, 1
302, 65, 1
302, 310, 1
302, 417, 1
302, 457, 1
302, 422, 1
302, 231, 1
302, 210, 1
302, 218, 1
302, 172, 1
302, 172, 1
446, 382, 1
446, 348, 1
446, 120, 1
446, 371, 1
446, 427, 1
446, 367, 1
446, 11, 1
446, 243, 1
446, 385, 1
446, 131, 1
446, 313, 1
446, 494, 1
446, 62, 1
446, 474, 1
446, 359, 1
446, 161, 1
446, 332, 1
446, 167, 1
446, 64, 1
446, 28, 1
446, 165, 1
446, 410, 1
446, 149, 1
149, 382, 1
149, 348, 1
149, 120, 1
149, 371, 1
149, 427, 1
149, 367, 1
149, 11, 1
149, 243, 1
149, 385, 1
149, 131, 1
149, 313, 1
149, 494, 1
149, 62, 1
149, 474, 1
149, 359, 1
149, 161, 1
149, 332, 1
149, 167, 1
149, 64, 1
149, 28, 1
149, 165, 1
149, 410, 1
149, 149, 1
149, 446, 1
172, 382, -1
172, 348, -1
172, 120, -1
172, 371, -1
172, 427, -1
172, 367, -1
172, 11, -1
172, 243, -1
172, 385, -1
172, 131, -1
172, 313, -1
172, 494, -1
172, 62, -1
172, 474, -1
172, 359, -1
172, 161, -1
172, 332, -1
172, 167, -1
172, 64, -1
172, 28, -1
172, 165, -1
172, 410, -1
172, 149, -1
302, 382, -1
302, 348, -1
302, 120, -1
302, 371, -1
302, 427, -1
302, 367, -1
302, 11, -1
302, 243, -1
302, 385, -1
302, 131, -1
302, 313, -1
302, 494, -1
302, 62, -1
302, 474, -1
302, 359, -1
302, 161, -1
302, 332, -1
302, 167, -1
302, 64, -1
302, 28, -1
302, 165, -1
302, 410, -1
302, 149, -1
446, 126, -1
446, 164, -1
446, 249, -1
446, 109, -1
446, 147, -1
446, 5, -1
446, 209, -1
446, 356, -1
446, 190, -1
446, 293, -1
446, 4, -1
446, 403, -1
446, 42, -1
446, 60, -1
446, 347, -1
446, 155, -1
446, 301, -1
446, 425, -1
446, 107, -1
446, 430, -1
446, 65, -1
446, 310, -1
446, 417, -1
446, 457, -1
446, 422, -1
446, 231, -1
446, 210, -1
446, 218, -1
446, 172, -1
446, 172, -1
446, 302, -1
149, 126, -1
149, 164, -1
149, 249, -1
149, 109, -1
149, 147, -1
149, 5, -1
149, 209, -1
149, 356, -1
149, 190, -1
149, 293, -1
149, 4, -1
149, 403, -1
149, 42, -1
149, 60, -1
149, 347, -1
149, 155, -1
149, 301, -1
149, 425, -1
149, 107, -1
149, 430, -1
149, 65, -1
149, 310, -1
149, 417, -1
149, 457, -1
149, 422, -1
149, 231, -1
149, 210, -1
149, 218, -1
149, 172, -1
149, 172, -1
149, 302, -1

495, 126, 1
495, 164, 1
495, 249, 1
495, 109, 1
495, 147, 1
495, 5, 1
495, 209, 1
495, 356, 1
495, 190, 1
495, 293, 1
495, 4, 1
495, 403, 1
495, 42, 1
495, 60, 1
495, 347, 1
495, 155, 1
495, 301, 1
495, 425, 1
495, 107, 1
495, 430, 1
495, 65, 1
495, 310, 1
495, 417, 1
495, 457, 1
495, 422, 1
495, 231, 1
495, 210, 1
495, 218, 1
495, 172, 1
495, 172, 1
495, 302, 1
495, 322, 1
392, 126, 1
392, 164, 1
392, 249, 1
392, 109, 1
392, 147, 1
392, 5, 1
392, 209, 1
392, 356, 1
392, 190, 1
392, 293, 1
392, 4, 1
392, 403, 1
392, 42, 1
392, 60, 1
392, 347, 1
392, 155, 1
392, 301, 1
392, 425, 1
392, 107, 1
392, 430, 1
392, 65, 1
392, 310, 1
392, 417, 1
392, 457, 1
392, 422, 1
392, 231, 1
392, 210, 1
392, 218, 1
392, 172, 1
392, 172, 1
392, 302, 1
392, 322, 1
392, 495, 1
496, 382, 1
496, 348, 1
496, 120, 1
496, 371, 1
496, 427, 1
496, 367, 1
496, 11, 1
496, 243, 1
496, 385, 1
496, 131, 1
496, 313, 1
496, 494, 1
496, 62, 1
496, 474, 1
496, 359, 1
496, 161, 1
496, 332, 1
496, 167, 1
496, 64, 1
496, 28, 1
496, 165, 1
496, 410, 1
496, 149, 1
496, 446, 1
496, 149, 1
496, 207, 1
136, 382, 1
136, 348, 1
136, 120, 1
136, 371, 1
136, 427, 1
136, 367, 1
136, 11, 1
136, 243, 1
136, 385, 1
136, 131, 1
136, 313, 1
136, 494, 1
136, 62, 1
136, 474, 1
136, 359, 1
136, 161, 1
136, 332, 1
136, 167, 1
136, 64, 1
136, 28, 1
136, 165, 1
136, 410, 1
136, 149, 1
136, 446, 1
136, 149, 1
136, 207, 1
136, 496, 1
495, 382, -1
495, 348, -1
495, 120, -1
495, 371, -1
495, 427, -1
495, 367, -1
495, 11, -1
495, 243, -1
495, 385, -1
495, 131, -1
495, 313, -1
495, 494, -1
495, 62, -1
495, 474, -1
495, 359, -1
495, 161, -1
495, 332, -1
495, 167, -1
495, 64, -1
495, 28, -1
495, 165, -1
495, 410, -1
495, 149, -1
495, 446, -1
495, 149, -1
495, 207, -1
392, 382, -1
392, 348, -1
392, 120, -1
392, 371, -1
392, 427, -1
392, 367, -1
392, 11, -1
392, 243, -1
392, 385, -1
392, 131, -1
392, 313, -1
392, 494, -1
392, 62, -1
392, 474, -1
392, 359, -1
392, 161, -1
392, 332, -1
392, 167, -1
392, 64, -1
392, 28, -1
392, 165, -1
392, 410, -1
392, 149, -1
392, 446, -1
392, 149, -1
392, 207, -1
496, 126, -1
496, 164, -1
496, 249, -1
496, 109, -1
496, 147, -1
496, 5, -1
496, 209, -1
496, 356, -1
496, 190, -1
496, 293, -1
496, 4, -1
496, 403, -1
496, 42, -1
496, 60, -1
496, 347, -1
496, 155, -1
496, 301, -1
496, 425, -1
496, 107, -1
496, 430, -1
496, 65, -1
496, 310, -1
496, 417, -1
496, 457, -1
496, 422, -1
496, 231, -1
496, 210, -1
496, 218, -1
496, 172, -1
496, 172, -1
496, 302, -1
496, 322, -1
496, 495, -1
496, 392, -1
136, 126, -1
136, 164, -1
136, 249, -1
136, 109, -1
136, 147, -1
136, 5, -1
136, 209, -1
136, 356, -1
136, 190, -1
136, 293, -1
136, 4, -1
136, 403, -1
136, 42, -1
136, 60, -1
136, 347, -1
136, 155, -1
136, 301, -1
136, 425, -1
136, 107, -1
136, 430, -1
136, 65, -1
136, 310, -1
136, 417, -1
136, 457, -1
136, 422, -1
136, 231, -1
136, 210, -1
136, 218, -1
136, 172, -1
136, 172, -1
136, 302, -1
136, 322, -1
136, 495, -1
136, 392, -1

490, 126, 1
490, 164, 1
490, 249, 1
490, 109, 1
490, 147, 1
490, 5, 1
490, 209, 1
490, 356, 1
490, 190, 1
490, 293, 1
490, 4, 1
490, 403, 1
490, 42, 1
490, 60, 1
490, 347, 1
490, 155, 1
490, 301, 1
490, 425, 1
490, 107, 1
490, 430, 1
490, 65, 1
490, 310, 1
490, 417, 1
490, 457, 1
490, 422, 1
490, 231, 1
490, 210, 1
490, 218, 1
490, 172, 1
490, 172, 1
490, 302, 1
490, 322, 1
490, 495, 1
490, 392, 1
490, 232, 1
251, 126, 1
251, 164, 1
251, 249, 1
251, 109, 1
251, 147, 1
251, 5, 1
251, 209, 1
251, 356, 1
251, 190, 1
251, 293, 1
251, 4, 1
251, 403, 1
251, 42, 1
251, 60, 1
251, 347, 1
251, 155, 1
251, 301, 1
251, 425, 1
251, 107, 1
251, 430, 1
251, 65, 1
251, 310, 1
251, 417, 1
251, 457, 1
251, 422, 1
251, 231, 1
251, 210, 1
251, 218, 1
251, 172, 1
251, 172, 1
251, 302, 1
251, 322, 1
251, 495, 1
251, 392, 1
251, 232, 1
251, 490, 1
175, 382, 1
175, 348, 1
175, 120, 1
175, 371, 1
175, 427, 1
175, 367, 1
175, 11, 1
175, 243, 1
175, 385, 1
175, 131, 1
175, 313, 1
175, 494, 1
175, 62, 1
175, 474, 1
175, 359, 1
175, 161, 1
175, 332, 1
175, 167, 1
175, 64, 1
175, 28, 1
175, 165, 1
175, 410, 1
175, 149, 1
175, 446, 1
175, 149, 1
175, 207, 1
175, 496, 1
175, 136, 1
175, 154, 1
87, 382, 1
87, 348, 1
87, 120, 1
87, 371, 1
87, 427, 1
87, 367, 1
87, 11, 1
87, 243, 1
87, 385, 1
87, 131, 1
87, 313, 1
87, 494, 1
87, 62, 1
87, 474, 1
87, 359, 1
87, 161, 1
87, 332, 1
87, 167, 1
87, 64, 1
87, 28, 1
87, 165, 1
87, 410, 1
87, 149, 1
87, 446, 1
87, 149, 1
87, 207, 1
87, 496, 1
87, 136, 1
87, 154, 1
87, 175, 1
490, 382, -1
490, 348, -1
490, 120, -1
490, 371, -1
490, 427, -1
490, 367, -1
490, 11, -1
490, 243, -1
490, 385, -1
490, 131, -1
490, 313, -1
490, 494, -1
490, 62, -1
490, 474, -1
490, 359, -1
490, 161, -1
490, 332, -1
490, 167, -1
490, 64, -1
490, 28, -1
490, 165, -1
490, 410, -1
490, 149, -1
490, 446, -1
490, 149, -1
490, 207, -1
490, 496, -1
490, 136, -1
490, 154, -1
251, 382, -1
251, 348, -1
251, 120, -1
251, 371, -1
251, 427, -1
251, 367, -1
251, 11, -1
251, 243, -1
251, 385, -1
251, 131, -1
251, 313, -1
251, 494, -1
251, 62, -1
251, 474, -1
251, 359, -1
251, 161, -1
251, 332, -1
251, 167, -1
251, 64, -1
251, 28, -1
251, 165, -1
251, 410, -1
251, 149, -1
251, 446, -1
251, 149, -1
251, 207, -1
251, 496, -1
251, 136, -1
251, 154, -1
175, 126, -1
175, 164, -1
175, 249, -1
175, 109, -1
175, 147, -1
175, 5, -1
175, 209, -1
175, 356, -1
175, 190, -1
175, 293, -1
175, 4, -1
175, 403, -1
175, 42, -1
175, 60, -1
175, 347, -1
175, 155, -1
175, 301, -1
175, 425, -1
175, 107, -1
175, 430, -1
175, 65, -1
175, 310, -1
175, 417, -1
175, 457, -1
175, 422, -1
175, 231, -1
175, 210, -1
175, 218, -1
175, 172, -1
175, 172, -1
175, 302, -1
175, 322, -1
175, 495, -1
175, 392, -1
175, 232, -1
175, 490, -1
175, 251, -1
87, 126, -1
87, 164, -1
87, 249, -1
87, 109, -1
87, 147, -1
87, 5, -1
87, 209, -1
87, 356, -1
87, 190, -1
87, 293, -1
87, 4, -1
87, 403, -1
87, 42, -1
87, 60, -1
87, 347, -1
87, 155, -1
87, 301, -1
87, 425, -1
87, 107, -1
87, 430, -1
87, 65, -1
87, 310, -1
87, 417, -1
87, 457, -1
87, 422, -1
87, 231, -1
87, 210, -1
87, 218, -1
87, 172, -1
87, 172, -1
87, 302, -1
87, 322, -1
87, 495, -1
87, 392, -1
87, 232, -1
87, 490, -1
87, 251, -1

