348, 382, 1
66, 126, 1
353, 382, 1
353, 348, 1
279, 382, 1
279, 348, 1
279, 353, 1
308, 382, 1
308, 348, 1
308, 353, 1
308, 279, 1
206, 382, 1
206, 348, 1
206, 353, 1
206, 279, 1
206, 308, 1
246, 382, 1
246, 348, 1
246, 353, 1
246, 279, 1
246, 308, 1
246, 206, 1
7, 382, 1
7, 348, 1
7, 353, 1
7, 279, 1
7, 308, 1
7, 206, 1
7, 246, 1
126, 382, -1
126, 348, -1
66, 382, -1
66, 348, -1
353, 126, -1
353, 66, -1
279, 126, -1
279, 66, -1
308, 126, -1
308, 66, -1
206, 126, -1
206, 66, -1
246, 126, -1
246, 66, -1
7, 126, -1
7, 66, -1

296, 382, 1
296, 348, 1
296, 353, 1
296, 279, 1
296, 308, 1
296, 206, 1
296, 246, 1
296, 7, 1
296, 427, 1
229, 126, 1
229, 66, 1
229, 271, 1
186, 126, 1
186, 66, 1
186, 271, 1
186, 229, 1
16, 382, 1
16, 348, 1
16, 353, 1
16, 279, 1
16, 308, 1
16, 206, 1
16, 246, 1
16, 7, 1
16, 427, 1
16, 296, 1
73, 382, 1
73, 348, 1
73, 353, 1
73, 279, 1
73, 308, 1
73, 206, 1
73, 246, 1
73, 7, 1
73, 427, 1
73, 296, 1
73, 16, 1
296, 126, -1
296, 66, -1
296, 271, -1
229, 382, -1
229, 348, -1
229, 353, -1
229, 279, -1
229, 308, -1
229, 206, -1
229, 246, -1
229, 7, -1
229, 427, -1
229, 296, -1
186, 382, -1
186, 348, -1
186, 353, -1
186, 279, -1
186, 308, -1
186, 206, -1
186, 246, -1
186, 7, -1
186, 427, -1
186, 296, -1
16, 126, -1
16, 66, -1
16, 271, -1
16, 229, -1
16, 186, -1
73, 126, -1
73, 66, -1
73, 271, -1
73, 229, -1
73, 186, -1

418, 126, 1
418, 66, 1
418, 271, 1
418, 229, 1
418, 186, 1
418, 276, 1
448, 126, 1
448, 66, 1
448, 271, 1
448, 229, 1
448, 186, 1
448, 276, 1
448, 418, 1
192, 382, 1
192, 348, 1
192, 353, 1
192, 279, 1
192, 308, 1
192, 206, 1
192, 246, 1
192, 7, 1
192, 427, 1
192, 296, 1
192, 16, 1
192, 73, 1
192, 496, 1
148, 382, 1
148, 348, 1
148, 353, 1
148, 279, 1
148, 308, 1
148, 206, 1
148, 246, 1
148, 7, 1
148, 427, 1
148, 296, 1
148, 16, 1
148, 73, 1
148, 496, 1
148, 192, 1
247, 382, 1
247, 348, 1
247, 353, 1
247, 279, 1
247, 308, 1
247, 206, 1
247, 246, 1
247, 7, 1
247, 427, 1
247, 296, 1
247, 16, 1
247, 73, 1
247, 496, 1
247, 192, 1
247, 148, 1
418, 382, -1
418, 348, -1
418, 353, -1
418, 279, -1
418, 308, -1
418, 206, -1
418, 246, -1
418, 7, -1
418, 427, -1
418, 296, -1
418, 16, -1
418, 73, -1
418, 496, -1
448, 382, -1
448, 348, -1
448, 353, -1
448, 279, -1
448, 308, -1
448, 206, -1
448, 246, -1
448, 7, -1
448, 427, -1
448, 296, -1
448, 16, -1
448, 73, -1
448, 496, -1
192, 126, -1
192, 66, -1
192, 271, -1
192, 229, -1
192, 186, -1
192, 276, -1
192, 418, -1
192, 448, -1
148, 126, -1
148, 66, -1
148, 271, -1
148, 229, -1
148, 186, -1
148, 276, -1
148, 418, -1
148, 448, -1
247, 126, -1
247, 66, -1
247, 271, -1
247, 229, -1
247, 186, -1
247, 276, -1
247, 418, -1
247, 448, -1

134, 126, 1
134, 66, 1
134, 271, 1
134, 229, 1
134, 186, 1
134, 276, 1
134, 418, 1
134, 448, 1
134, 419, 1
86, 126, 1
86, 66, 1
86, 271, 1
86, 229, 1
86, 186, 1
86, 276, 1
86, 418, 1
86, 448, 1
86, 419, 1
86, 134, 1
128, 126, 1
128, 66, 1
128, 271, 1
128, 229, 1
128, 186, 1
128, 276, 1
128, 418, 1
128, 448, 1
128, 419, 1
128, 134, 1
128, 86, 1
101, 382, 1
101, 348, 1
101, 353, 1
101, 279, 1
101, 308, 1
101, 206, 1
101, 246, 1
101, 7, 1
101, 427, 1
101, 296, 1
101, 16, 1
101, 73, 1
101, 496, 1
101, 192, 1
101, 148, 1
101, 247, 1
101, 158, 1
357, 382, 1
357, 348, 1
357, 353, 1
357, 279, 1
357, 308, 1
357, 206, 1
357, 246, 1
357, 7, 1
357, 427, 1
357, 296, 1
357, 16, 1
357, 73, 1
357, 496, 1
357, 192, 1
357, 148, 1
357, 247, 1
357, 158, 1
357, 101, 1
134, 382, -1
134, 348, -1
134, 353, -1
134, 279, -1
134, 308, -1
134, 206, -1
134, 246, -1
134, 7, -1
134, 427, -1
134, 296, -1
134, 16, -1
134, 73, -1
134, 496, -1
134, 192, -1
134, 148, -1
134, 247, -1
134, 158, -1
86, 382, -1
86, 348, -1
86, 353, -1
86, 279, -1
86, 308, -1
86, 206, -1
86, 246, -1
86, 7, -1
86, 427, -1
86, 296, -1
86, 16, -1
86, 73, -1
86, 496, -1
86, 192, -1
86, 148, -1
86, 247, -1
86, 158, -1
128, 382, -1
128, 348, -1
128, 353, -1
128, 279, -1
128, 308, -1
128, 206, -1
128, 246, -1
128, 7, -1
128, 427, -1
128, 296, -1
128, 16, -1
128, 73, -1
128, 496, -1
128, 192, -1
128, 148, -1
128, 247, -1
128, 158, -1
101, 126, -1
101, 66, -1
101, 271, -1
101, 229, -1
101, 186, -1
101, 276, -1
101, 418, -1
101, 448, -1
101, 419, -1
101, 134, -1
101, 86, -1
101, 128, -1
357, 126, -1
357, 66, -1
357, 271, -1
357, 229, -1
357, 186, -1
357, 276, -1
357, 418, -1
357, 448, -1
357, 419, -1
357, 134, -1
357, 86, -1
357, 128, -1

238, 382, 1
238, 348, 1
238, 353, 1
238, 279, 1
238, 308, 1
238, 206, 1
238, 246, 1
238, 7, 1
238, 427, 1
238, 296, 1
238, 16, 1
238, 73, 1
238, 496, 1
238, 192, 1
238, 148, 1
238, 247, 1
238, 158, 1
238, 101, 1
238, 357, 1
238, 269, 1
468, 382, 1
468, 348, 1
468, 353, 1
468, 279, 1
468, 308, 1
468, 206, 1
468, 246, 1
468, 7, 1
468, 427, 1
468, 296, 1
468, 16, 1
468, 73, 1
468, 496, 1
468, 192, 1
468, 148, 1
468, 247, 1
468, 158, 1
468, 101, 1
468, 357, 1
468, 269, 1
468, 238, 1
139, 382, 1
139, 348, 1
139, 353, 1
139, 279, 1
139, 308, 1
139, 206, 1
139, 246, 1
139, 7, 1
139, 427, 1
139, 296, 1
139, 16, 1
139, 73, 1
139, 496, 1
139, 192, 1
139, 148, 1
139, 247, 1
139, 158, 1
139, 101, 1
139, 357, 1
139, 269, 1
139, 238, 1
139, 468, 1
231, 126, 1
231, 66, 1
231, 271, 1
231, 229, 1
231, 186, 1
231, 276, 1
231, 418, 1
231, 448, 1
231, 419, 1
231, 134, 1
231, 86, 1
231, 128, 1
231, 155, 1
103, 126, 1
103, 66, 1
103, 271, 1
103, 229, 1
103, 186, 1
103, 276, 1
103, 418, 1
103, 448, 1
103, 419, 1
103, 134, 1
103, 86, 1
103, 128, 1
103, 155, 1
103, 231, 1
238, 126, -1
238, 66, -1
238, 271, -1
238, 229, -1
238, 186, -1
238, 276, -1
238, 418, -1
238, 448, -1
238, 419, -1
238, 134, -1
238, 86, -1
238, 128, -1
238, 155, -1
468, 126, -1
468, 66, -1
468, 271, -1
468, 229, -1
468, 186, -1
468, 276, -1
468, 418, -1
468, 448, -1
468, 419, -1
468, 134, -1
468, 86, -1
468, 128, -1
468, 155, -1
139, 126, -1
139, 66, -1
139, 271, -1
139, 229, -1
139, 186, -1
139, 276, -1
139, 418, -1
139, 448, -1
139, 419, -1
139, 134, -1
139, 86, -1
139, 128, -1
139, 155, -1
231, 382, -1
231, 348, -1
231, 353, -1
231, 279, -1
231, 308, -1
231, 206, -1
231, 246, -1
231, 7, -1
231, 427, -1
231, 296, -1
231, 16, -1
231, 73, -1
231, 496, -1
231, 192, -1
231, 148, -1
231, 247, -1
231, 158, -1
231, 101, -1
231, 357, -1
231, 269, -1
231, 238, -1
231, 468, -1
231, 139, -1
103, 382, -1
103, 348, -1
103, 353, -1
103, 279, -1
103, 308, -1
103, 206, -1
103, 246, -1
103, 7, -1
103, 427, -1
103, 296, -1
103, 16, -1
103, 73, -1
103, 496, -1
103, 192, -1
103, 148, -1
103, 247, -1
103, 158, -1
103, 101, -1
103, 357, -1
103, 269, -1
103, 238, -1
103, 468, -1
103, 139, -1

290, 126, 1
290, 66, 1
290, 271, 1
290, 229, 1
290, 186, 1
290, 276, 1
290, 418, 1
290, 448, 1
290, 419, 1
290, 134, 1
290, 86, 1
290, 128, 1
290, 155, 1
290, 231, 1
290, 103, 1
290, 65, 1
125, 382, 1
125, 348, 1
125, 353, 1
125, 279, 1
125, 308, 1
125, 206, 1
125, 246, 1
125, 7, 1
125, 427, 1
125, 296, 1
125, 16, 1
125, 73, 1
125, 496, 1
125, 192, 1
125, 148, 1
125, 247, 1
125, 158, 1
125, 101, 1
125, 357, 1
125, 269, 1
125, 238, 1
125, 468, 1
125, 139, 1
125, 62, 1
27, 382, 1
27, 348, 1
27, 353, 1
27, 279, 1
27, 308, 1
27, 206, 1
27, 246, 1
27, 7, 1
27, 427, 1
27, 296, 1
27, 16, 1
27, 73, 1
27, 496, 1
27, 192, 1
27, 148, 1
27, 247, 1
27, 158, 1
27, 101, 1
27, 357, 1
27, 269, 1
27, 238, 1
27, 468, 1
27, 139, 1
27, 62, 1
27, 125, 1
65, 126, 1
65, 66, 1
65, 271, 1
65, 229, 1
65, 186, 1
65, 276, 1
65, 418, 1
65, 448, 1
65, 419, 1
65, 134, 1
65, 86, 1
65, 128, 1
65, 155, 1
65, 231, 1
65, 103, 1
65, 65, 1
65, 290, 1
137, 126, 1
137, 66, 1
137, 271, 1
137, 229, 1
137, 186, 1
137, 276, 1
137, 418, 1
137, 448, 1
137, 419, 1
137, 134, 1
137, 86, 1
137, 128, 1
137, 155, 1
137, 231, 1
137, 103, 1
137, 65, 1
137, 290, 1
137, 65, 1
290, 382, -1
290, 348, -1
290, 353, -1
290, 279, -1
290, 308, -1
290, 206, -1
290, 246, -1
290, 7, -1
290, 427, -1
290, 296, -1
290, 16, -1
290, 73, -1
290, 496, -1
290, 192, -1
290, 148, -1
290, 247, -1
290, 158, -1
290, 101, -1
290, 357, -1
290, 269, -1
290, 238, -1
290, 468, -1
290, 139, -1
290, 62, -1
125, 126, -1
125, 66, -1
125, 271, -1
125, 229, -1
125, 186, -1
125, 276, -1
125, 418, -1
125, 448, -1
125, 419, -1
125, 134, -1
125, 86, -1
125, 128, -1
125, 155, -1
125, 231, -1
125, 103, -1
125, 65, -1
125, 290, -1
27, 126, -1
27, 66, -1
27, 271, -1
27, 229, -1
27, 186, -1
27, 276, -1
27, 418, -1
27, 448, -1
27, 419, -1
27, 134, -1
27, 86, -1
27, 128, -1
27, 155, -1
27, 231, -1
27, 103, -1
27, 65, -1
27, 290, -1
65, 382, -1
65, 348, -1
65, 353, -1
65, 279, -1
65, 308, -1
65, 206, -1
65, 246, -1
65, 7, -1
65, 427, -1
65, 296, -1
65, 16, -1
65, 73, -1
65, 496, -1
65, 192, -1
65, 148, -1
65, 247, -1
65, 158, -1
65, 101, -1
65, 357, -1
65, 269, -1
65, 238, -1
65, 468, -1
65, 139, -1
65, 62, -1
65, 125, -1
65, 27, -1
137, 382, -1
137, 348, -1
137, 353, -1
137, 279, -1
137, 308, -1
137, 206, -1
137, 246, -1
137, 7, -1
137, 427, -1
137, 296, -1
137, 16, -1
137, 73, -1
137, 496, -1
137, 192, -1
137, 148, -1
137, 247, -1
137, 158, -1
137, 101, -1
137, 357, -1
137, 269, -1
137, 238, -1
137, 468, -1
137, 139, -1
137, 62, -1
137, 125, -1
137, 27, -1

244, 126, 1
244, 66, 1
244, 271, 1
244, 229, 1
244, 186, 1
244, 276, 1
244, 418, 1
244, 448, 1
244, 419, 1
244, 134, 1
244, 86, 1
244, 128, 1
244, 155, 1
244, 231, 1
244, 103, 1
244, 65, 1
244, 290, 1
244, 65, 1
244, 137, 1
244, 430, 1
244, 168, 1
168, 126, 1
168, 66, 1
168, 271, 1
168, 229, 1
168, 186, 1
168, 276, 1
168, 418, 1
168, 448, 1
168, 419, 1
168, 134, 1
168, 86, 1
168, 128, 1
168, 155, 1
168, 231, 1
168, 103, 1
168, 65, 1
168, 290, 1
168, 65, 1
168, 137, 1
168, 430, 1
168, 168, 1
168, 244, 1
143, 382, 1
143, 348, 1
143, 353, 1
143, 279, 1
143, 308, 1
143, 206, 1
143, 246, 1
143, 7, 1
143, 427, 1
143, 296, 1
143, 16, 1
143, 73, 1
143, 496, 1
143, 192, 1
143, 148, 1
143, 247, 1
143, 158, 1
143, 101, 1
143, 357, 1
143, 269, 1
143, 238, 1
143, 468, 1
143, 139, 1
143, 62, 1
143, 125, 1
143, 27, 1
143, 313, 1
423, 126, 1
423, 66, 1
423, 271, 1
423, 229, 1
423, 186, 1
423, 276, 1
423, 418, 1
423, 448, 1
423, 419, 1
423, 134, 1
423, 86, 1
423, 128, 1
423, 155, 1
423, 231, 1
423, 103, 1
423, 65, 1
423, 290, 1
423, 65, 1
423, 137, 1
423, 430, 1
423, 168, 1
423, 244, 1
423, 168, 1
243, 382, 1
243, 348, 1
243, 353, 1
243, 279, 1
243, 308, 1
243, 206, 1
243, 246, 1
243, 7, 1
243, 427, 1
243, 296, 1
243, 16, 1
243, 73, 1
243, 496, 1
243, 192, 1
243, 148, 1
243, 247, 1
243, 158, 1
243, 101, 1
243, 357, 1
243, 269, 1
243, 238, 1
243, 468, 1
243, 139, 1
243, 62, 1
243, 125, 1
243, 27, 1
243, 313, 1
243, 143, 1
63, 126, 1
63, 66, 1
63, 271, 1
63, 229, 1
63, 186, 1
63, 276, 1
63, 418, 1
63, 448, 1
63, 419, 1
63, 134, 1
63, 86, 1
63, 128, 1
63, 155, 1
63, 231, 1
63, 103, 1
63, 65, 1
63, 290, 1
63, 65, 1
63, 137, 1
63, 430, 1
63, 168, 1
63, 244, 1
63, 168, 1
63, 423, 1
244, 382, -1
244, 348, -1
244, 353, -1
244, 279, -1
244, 308, -1
244, 206, -1
244, 246, -1
244, 7, -1
244, 427, -1
244, 296, -1
244, 16, -1
244, 73, -1
244, 496, -1
244, 192, -1
244, 148, -1
244, 247, -1
244, 158, -1
244, 101, -1
244, 357, -1
244, 269, -1
244, 238, -1
244, 468, -1
244, 139, -1
244, 62, -1
244, 125, -1
244, 27, -1
244, 313, -1
168, 382, -1
168, 348, -1
168, 353, -1
168, 279, -1
168, 308, -1
168, 206, -1
168, 246, -1
168, 7, -1
168, 427, -1
168, 296, -1
168, 16, -1
168, 73, -1
168, 496, -1
168, 192, -1
168, 148, -1
168, 247, -1
168, 158, -1
168, 101, -1
168, 357, -1
168, 269, -1
168, 238, -1
168, 468, -1
168, 139, -1
168, 62, -1
168, 125, -1
168, 27, -1
168, 313, -1
143, 126, -1
143, 66, -1
143, 271, -1
143, 229, -1
143, 186, -1
143, 276, -1
143, 418, -1
143, 448, -1
143, 419, -1
143, 134, -1
143, 86, -1
143, 128, -1
143, 155, -1
143, 231, -1
143, 103, -1
143, 65, -1
143, 290, -1
143, 65, -1
143, 137, -1
143, 430, -1
143, 168, -1
143, 244, -1
143, 168, -1
423, 382, -1
423, 348, -1
423, 353, -1
423, 279, -1
423, 308, -1
423, 206, -1
423, 246, -1
423, 7, -1
423, 427, -1
423, 296, -1
423, 16, -1
423, 73, -1
423, 496, -1
423, 192, -1
423, 148, -1
423, 247, -1
423, 158, -1
423, 101, -1
423, 357, -1
423, 269, -1
423, 238, -1
423, 468, -1
423, 139, -1
423, 62, -1
423, 125, -1
423, 27, -1
423, 313, -1
423, 143, -1
243, 126, -1
243, 66, -1
243, 271, -1
243, 229, -1
243, 186, -1
243, 276, -1
243, 418, -1
243, 448, -1
243, 419, -1
243, 134, -1
243, 86, -1
243, 128, -1
243, 155, -1
243, 231, -1
243, 103, -1
243, 65, -1
243, 290, -1
243, 65, -1
243, 137, -1
243, 430, -1
243, 168, -1
243, 244, -1
243, 168, -1
243, 423, -1
63, 382, -1
63, 348, -1
63, 353, -1
63, 279, -1
63, 308, -1
63, 206, -1
63, 246, -1
63, 7, -1
63, 427, -1
63, 296, -1
63, 16, -1
63, 73, -1
63, 496, -1
63, 192, -1
63, 148, -1
63, 247, -1
63, 158, -1
63, 101, -1
63, 357, -1
63, 269, -1
63, 238, -1
63, 468, -1
63, 139, -1
63, 62, -1
63, 125, -1
63, 27, -1
63, 313, -1
63, 143, -1
63, 243, -1

105, 126, 1
105, 66, 1
105, 271, 1
105, 229, 1
105, 186, 1
105, 276, 1
105, 418, 1
105, 448, 1
105, 419, 1
105, 134, 1
105, 86, 1
105, 128, 1
105, 155, 1
105, 231, 1
105, 103, 1
105, 65, 1
105, 290, 1
105, 65, 1
105, 137, 1
105, 430, 1
105, 168, 1
105, 244, 1
105, 168, 1
105, 423, 1
105, 63, 1
105, 83, 1
105, 465, 1
370, 382, 1
370, 348, 1
370, 353, 1
370, 279, 1
370, 308, 1
370, 206, 1
370, 246, 1
370, 7, 1
370, 427, 1
370, 296, 1
370, 16, 1
370, 73, 1
370, 496, 1
370, 192, 1
370, 148, 1
370, 247, 1
370, 158, 1
370, 101, 1
370, 357, 1
370, 269, 1
370, 238, 1
370, 468, 1
370, 139, 1
370, 62, 1
370, 125, 1
370, 27, 1
370, 313, 1
370, 143, 1
370, 243, 1
370, 199, 1
297, 126, 1
297, 66, 1
297, 271, 1
297, 229, 1
297, 186, 1
297, 276, 1
297, 418, 1
297, 448, 1
297, 419, 1
297, 134, 1
297, 86, 1
297, 128, 1
297, 155, 1
297, 231, 1
297, 103, 1
297, 65, 1
297, 290, 1
297, 65, 1
297, 137, 1
297, 430, 1
297, 168, 1
297, 244, 1
297, 168, 1
297, 423, 1
297, 63, 1
297, 83, 1
297, 465, 1
297, 105, 1
459, 126, 1
459, 66, 1
459, 271, 1
459, 229, 1
459, 186, 1
459, 276, 1
459, 418, 1
459, 448, 1
459, 419, 1
459, 134, 1
459, 86, 1
459, 128, 1
459, 155, 1
459, 231, 1
459, 103, 1
459, 65, 1
459, 290, 1
459, 65, 1
459, 137, 1
459, 430, 1
459, 168, 1
459, 244, 1
459, 168, 1
459, 423, 1
459, 63, 1
459, 83, 1
459, 465, 1
459, 105, 1
459, 297, 1
333, 126, 1
333, 66, 1
333, 271, 1
333, 229, 1
333, 186, 1
333, 276, 1
333, 418, 1
333, 448, 1
333, 419, 1
333, 134, 1
333, 86, 1
333, 128, 1
333, 155, 1
333, 231, 1
333, 103, 1
333, 65, 1
333, 290, 1
333, 65, 1
333, 137, 1
333, 430, 1
333, 168, 1
333, 244, 1
333, 168, 1
333, 423, 1
333, 63, 1
333, 83, 1
333, 465, 1
333, 105, 1
333, 297, 1
333, 459, 1
105, 382, -1
105, 348, -1
105, 353, -1
105, 279, -1
105, 308, -1
105, 206, -1
105, 246, -1
105, 7, -1
105, 427, -1
105, 296, -1
105, 16, -1
105, 73, -1
105, 496, -1
105, 192, -1
105, 148, -1
105, 247, -1
105, 158, -1
105, 101, -1
105, 357, -1
105, 269, -1
105, 238, -1
105, 468, -1
105, 139, -1
105, 62, -1
105, 125, -1
105, 27, -1
105, 313, -1
105, 143, -1
105, 243, -1
105, 199, -1
370, 126, -1
370, 66, -1
370, 271, -1
370, 229, -1
370, 186, -1
370, 276, -1
370, 418, -1
370, 448, -1
370, 419, -1
370, 134, -1
370, 86, -1
370, 128, -1
370, 155, -1
370, 231, -1
370, 103, -1
370, 65, -1
370, 290, -1
370, 65, -1
370, 137, -1
370, 430, -1
370, 168, -1
370, 244, -1
370, 168, -1
370, 423, -1
370, 63, -1
370, 83, -1
370, 465, -1
370, 105, -1
297, 382, -1
297, 348, -1
297, 353, -1
297, 279, -1
297, 308, -1
297, 206, -1
297, 246, -1
297, 7, -1
297, 427, -1
297, 296, -1
297, 16, -1
297, 73, -1
297, 496, -1
297, 192, -1
297, 148, -1
297, 247, -1
297, 158, -1
297, 101, -1
297, 357, -1
297, 269, -1
297, 238, -1
297, 468, -1
297, 139, -1
297, 62, -1
297, 125, -1
297, 27, -1
297, 313, -1
297, 143, -1
297, 243, -1
297, 199, -1
297, 370, -1
459, 382, -1
459, 348, -1
459, 353, -1
459, 279, -1
459, 308, -1
459, 206, -1
459, 246, -1
459, 7, -1
459, 427, -1
459, 296, -1
459, 16, -1
459, 73, -1
459, 496, -1
459, 192, -1
459, 148, -1
459, 247, -1
459, 158, -1
459, 101, -1
459, 357, -1
459, 269, -1
459, 238, -1
459, 468, -1
459, 139, -1
459, 62, -1
459, 125, -1
459, 27, -1
459, 313, -1
459, 143, -1
459, 243, -1
459, 199, -1
459, 370, -1
333, 382, -1
333, 348, -1
333, 353, -1
333, 279, -1
333, 308, -1
333, 206, -1
333, 246, -1
333, 7, -1
333, 427, -1
333, 296, -1
333, 16, -1
333, 73, -1
333, 496, -1
333, 192, -1
333, 148, -1
333, 247, -1
333, 158, -1
333, 101, -1
333, 357, -1
333, 269, -1
333, 238, -1
333, 468, -1
333, 139, -1
333, 62, -1
333, 125, -1
333, 27, -1
333, 313, -1
333, 143, -1
333, 243, -1
333, 199, -1
333, 370, -1

252, 126, 1
252, 66, 1
252, 271, 1
252, 229, 1
252, 186, 1
252, 276, 1
252, 418, 1
252, 448, 1
252, 419, 1
252, 134, 1
252, 86, 1
252, 128, 1
252, 155, 1
252, 231, 1
252, 103, 1
252, 65, 1
252, 290, 1
252, 65, 1
252, 137, 1
252, 430, 1
252, 168, 1
252, 244, 1
252, 168, 1
252, 423, 1
252, 63, 1
252, 83, 1
252, 465, 1
252, 105, 1
252, 297, 1
252, 459, 1
252, 333, 1
252, 46, 1
252, 252, 1
239, 382, 1
239, 348, 1
239, 353, 1
239, 279, 1
239, 308, 1
239, 206, 1
239, 246, 1
239, 7, 1
239, 427, 1
239, 296, 1
239, 16, 1
239, 73, 1
239, 496, 1
239, 192, 1
239, 148, 1
239, 247, 1
239, 158, 1
239, 101, 1
239, 357, 1
239, 269, 1
239, 238, 1
239, 468, 1
239, 139, 1
239, 62, 1
239, 125, 1
239, 27, 1
239, 313, 1
239, 143, 1
239, 243, 1
239, 199, 1
239, 370, 1
239, 291, 1
461, 126, 1
461, 66, 1
461, 271, 1
461, 229, 1
461, 186, 1
461, 276, 1
461, 418, 1
461, 448, 1
461, 419, 1
461, 134, 1
461, 86, 1
461, 128, 1
461, 155, 1
461, 231, 1
461, 103, 1
461, 65, 1
461, 290, 1
461, 65, 1
461, 137, 1
461, 430, 1
461, 168, 1
461, 244, 1
461, 168, 1
461, 423, 1
461, 63, 1
461, 83, 1
461, 465, 1
461, 105, 1
461, 297, 1
461, 459, 1
461, 333, 1
461, 46, 1
461, 252, 1
461, 252, 1
46, 126, 1
46, 66, 1
46, 271, 1
46, 229, 1
46, 186, 1
46, 276, 1
46, 418, 1
46, 448, 1
46, 419, 1
46, 134, 1
46, 86, 1
46, 128, 1
46, 155, 1
46, 231, 1
46, 103, 1
46, 65, 1
46, 290, 1
46, 65, 1
46, 137, 1
46, 430, 1
46, 168, 1
46, 244, 1
46, 168, 1
46, 423, 1
46, 63, 1
46, 83, 1
46, 465, 1
46, 105, 1
46, 297, 1
46, 459, 1
46, 333, 1
46, 46, 1
46, 252, 1
46, 252, 1
46, 461, 1
498, 382, 1
498, 348, 1
498, 353, 1
498, 279, 1
498, 308, 1
498, 206, 1
498, 246, 1
498, 7, 1
498, 427, 1
498, 296, 1
498, 16, 1
498, 73, 1
498, 496, 1
498, 192, 1
498, 148, 1
498, 247, 1
498, 158, 1
498, 101, 1
498, 357, 1
498, 269, 1
498, 238, 1
498, 468, 1
498, 139, 1
498, 62, 1
498, 125, 1
498, 27, 1
498, 313, 1
498, 143, 1
498, 243, 1
498, 199, 1
498, 370, 1
498, 291, 1
498, 239, 1
252, 382, -1
252, 348, -1
252, 353, -1
252, 279, -1
252, 308, -1
252, 206, -1
252, 246, -1
252, 7, -1
252, 427, -1
252, 296, -1
252, 16, -1
252, 73, -1
252, 496, -1
252, 192, -1
252, 148, -1
252, 247, -1
252, 158, -1
252, 101, -1
252, 357, -1
252, 269, -1
252, 238, -1
252, 468, -1
252, 139, -1
252, 62, -1
252, 125, -1
252, 27, -1
252, 313, -1
252, 143, -1
252, 243, -1
252, 199, -1
252, 370, -1
252, 291, -1
239, 126, -1
239, 66, -1
239, 271, -1
239, 229, -1
239, 186, -1
239, 276, -1
239, 418, -1
239, 448, -1
239, 419, -1
239, 134, -1
239, 86, -1
239, 128, -1
239, 155, -1
239, 231, -1
239, 103, -1
239, 65, -1
239, 290, -1
239, 65, -1
239, 137, -1
239, 430, -1
239, 168, -1
239, 244, -1
239, 168, -1
239, 423, -1
239, 63, -1
239, 83, -1
239, 465, -1
239, 105, -1
239, 297, -1
239, 459, -1
239, 333, -1
239, 46, -1
239, 252, -1
239, 252, -1
461, 382, -1
461, 348, -1
461, 353, -1
461, 279, -1
461, 308, -1
461, 206, -1
461, 246, -1
461, 7, -1
461, 427, -1
461, 296, -1
461, 16, -1
461, 73, -1
461, 496, -1
461, 192, -1
461, 148, -1
461, 247, -1
461, 158, -1
461, 101, -1
461, 357, -1
461, 269, -1
461, 238, -1
461, 468, -1
461, 139, -1
461, 62, -1
461, 125, -1
461, 27, -1
461, 313, -1
461, 143, -1
461, 243, -1
461, 199, -1
461, 370, -1
461, 291, -1
461, 239, -1
46, 382, -1
46, 348, -1
46, 353, -1
46, 279, -1
46, 308, -1
46, 206, -1
46, 246, -1
46, 7, -1
46, 427, -1
46, 296, -1
46, 16, -1
46, 73, -1
46, 496, -1
46, 192, -1
46, 148, -1
46, 247, -1
46, 158, -1
46, 101, -1
46, 357, -1
46, 269, -1
46, 238, -1
46, 468, -1
46, 139, -1
46, 62, -1
46, 125, -1
46, 27, -1
46, 313, -1
46, 143, -1
46, 243, -1
46, 199, -1
46, 370, -1
46, 291, -1
46, 239, -1
498, 126, -1
498, 66, -1
498, 271, -1
498, 229, -1
498, 186, -1
498, 276, -1
498, 418, -1
498, 448, -1
498, 419, -1
498, 134, -1
498, 86, -1
498, 128, -1
498, 155, -1
498, 231, -1
498, 103, -1
498, 65, -1
498, 290, -1
498, 65, -1
498, 137, -1
498, 430, -1
498, 168, -1
498, 244, -1
498, 168, -1
498, 423, -1
498, 63, -1
498, 83, -1
498, 465, -1
498, 105, -1
498, 297, -1
498, 459, -1
498, 333, -1
498, 46, -1
498, 252, -1
498, 252, -1
498, 461, -1
498, 46, -1

251, 126, 1
251, 66, 1
251, 271, 1
251, 229, 1
251, 186, 1
251, 276, 1
251, 418, 1
251, 448, 1
251, 419, 1
251, 134, 1
251, 86, 1
251, 128, 1
251, 155, 1
251, 231, 1
251, 103, 1
251, 65, 1
251, 290, 1
251, 65, 1
251, 137, 1
251, 430, 1
251, 168, 1
251, 244, 1
251, 168, 1
251, 423, 1
251, 63, 1
251, 83, 1
251, 465, 1
251, 105, 1
251, 297, 1
251, 459, 1
251, 333, 1
251, 46, 1
251, 252, 1
251, 252, 1
251, 461, 1
251, 46, 1
251, 273, 1
251, 115, 1
230, 126, 1
230, 66, 1
230, 271, 1
230, 229, 1
230, 186, 1
230, 276, 1
230, 418, 1
230, 448, 1
230, 419, 1
230, 134, 1
230, 86, 1
230, 128, 1
230, 155, 1
230, 231, 1
230, 103, 1
230, 65, 1
230, 290, 1
230, 65, 1
230, 137, 1
230, 430, 1
230, 168, 1
230, 244, 1
230, 168, 1
230, 423, 1
230, 63, 1
230, 83, 1
230, 465, 1
230, 105, 1
230, 297, 1
230, 459, 1
230, 333, 1
230, 46, 1
230, 252, 1
230, 252, 1
230, 461, 1
230, 46, 1
230, 273, 1
230, 115, 1
230, 251, 1
334, 382, 1
334, 348, 1
334, 353, 1
334, 279, 1
334, 308, 1
334, 206, 1
334, 246, 1
334, 7, 1
334, 427, 1
334, 296, 1
334, 16, 1
334, 73, 1
334, 496, 1
334, 192, 1
334, 148, 1
334, 247, 1
334, 158, 1
334, 101, 1
334, 357, 1
334, 269, 1
334, 238, 1
334, 468, 1
334, 139, 1
334, 62, 1
334, 125, 1
334, 27, 1
334, 313, 1
334, 143, 1
334, 243, 1
334, 199, 1
334, 370, 1
334, 291, 1
334, 239, 1
334, 498, 1
334, 173, 1
312, 382, 1
312, 348, 1
312, 353, 1
312, 279, 1
312, 308, 1
312, 206, 1
312, 246, 1
312, 7, 1
312, 427, 1
312, 296, 1
312, 16, 1
312, 73, 1
312, 496, 1
312, 192, 1
312, 148, 1
312, 247, 1
312, 158, 1
312, 101, 1
312, 357, 1
312, 269, 1
312, 238, 1
312, 468, 1
312, 139, 1
312, 62, 1
312, 125, 1
312, 27, 1
312, 313, 1
312, 143, 1
312, 243, 1
312, 199, 1
312, 370, 1
312, 291, 1
312, 239, 1
312, 498, 1
312, 173, 1
312, 334, 1
173, 382, 1
173, 348, 1
173, 353, 1
173, 279, 1
173, 308, 1
173, 206, 1
173, 246, 1
173, 7, 1
173, 427, 1
173, 296, 1
173, 16, 1
173, 73, 1
173, 496, 1
173, 192, 1
173, 148, 1
173, 247, 1
173, 158, 1
173, 101, 1
173, 357, 1
173, 269, 1
173, 238, 1
173, 468, 1
173, 139, 1
173, 62, 1
173, 125, 1
173, 27, 1
173, 313, 1
173, 143, 1
173, 243, 1
173, 199, 1
173, 370, 1
173, 291, 1
173, 239, 1
173, 498, 1
173, 173, 1
173, 334, 1
173, 312, 1
251, 382, -1
251, 348, -1
251, 353, -1
251, 279, -1
251, 308, -1
251, 206, -1
251, 246, -1
251, 7, -1
251, 427, -1
251, 296, -1
251, 16, -1
251, 73, -1
251, 496, -1
251, 192, -1
251, 148, -1
251, 247, -1
251, 158, -1
251, 101, -1
251, 357, -1
251, 269, -1
251, 238, -1
251, 468, -1
251, 139, -1
251, 62, -1
251, 125, -1
251, 27, -1
251, 313, -1
251, 143, -1
251, 243, -1
251, 199, -1
251, 370, -1
251, 291, -1
251, 239, -1
251, 498, -1
251, 173, -1
230, 382, -1
230, 348, -1
230, 353, -1
230, 279, -1
230, 308, -1
230, 206, -1
230, 246, -1
230, 7, -1
230, 427, -1
230, 296, -1
230, 16, -1
230, 73, -1
230, 496, -1
230, 192, -1
230, 148, -1
230, 247, -1
230, 158, -1
230, 101, -1
230, 357, -1
230, 269, -1
230, 238, -1
230, 468, -1
230, 139, -1
230, 62, -1
230, 125, -1
230, 27, -1
230, 313, -1
230, 143, -1
230, 243, -1
230, 199, -1
230, 370, -1
230, 291, -1
230, 239, -1
230, 498, -1
230, 173, -1
334, 126, -1
334, 66, -1
334, 271, -1
334, 229, -1
334, 186, -1
334, 276, -1
334, 418, -1
334, 448, -1
334, 419, -1
334, 134, -1
334, 86, -1
334, 128, -1
334, 155, -1
334, 231, -1
334, 103, -1
334, 65, -1
334, 290, -1
334, 65, -1
334, 137, -1
334, 430, -1
334, 168, -1
334, 244, -1
334, 168, -1
334, 423, -1
334, 63, -1
334, 83, -1
334, 465, -1
334, 105, -1
334, 297, -1
334, 459, -1
334, 333, -1
334, 46, -1
334, 252, -1
334, 252, -1
334, 461, -1
334, 46, -1
334, 273, -1
334, 115, -1
334, 251, -1
334, 230, -1
312, 126, -1
312, 66, -1
312, 271, -1
312, 229, -1
312, 186, -1
312, 276, -1
312, 418, -1
312, 448, -1
312, 419, -1
312, 134, -1
312, 86, -1
312, 128, -1
312, 155, -1
312, 231, -1
312, 103, -1
312, 65, -1
312, 290, -1
312, 65, -1
312, 137, -1
312, 430, -1
312, 168, -1
312, 244, -1
312, 168, -1
312, 423, -1
312, 63, -1
312, 83, -1
312, 465, -1
312, 105, -1
312, 297, -1
312, 459, -1
312, 333, -1
312, 46, -1
312, 252, -1
312, 252, -1
312, 461, -1
312, 46, -1
312, 273, -1
312, 115, -1
312, 251, -1
312, 230, -1
173, 126, -1
173, 66, -1
173, 271, -1
173, 229, -1
173, 186, -1
173, 276, -1
173, 418, -1
173, 448, -1
173, 419, -1
173, 134, -1
173, 86, -1
173, 128, -1
173, 155, -1
173, 231, -1
173, 103, -1
173, 65, -1
173, 290, -1
173, 65, -1
173, 137, -1
173, 430, -1
173, 168, -1
173, 244, -1
173, 168, -1
173, 423, -1
173, 63, -1
173, 83, -1
173, 465, -1
173, 105, -1
173, 297, -1
173, 459, -1
173, 333, -1
173, 46, -1
173, 252, -1
173, 252, -1
173, 461, -1
173, 46, -1
173, 273, -1
173, 115, -1
173, 251, -1
173, 230, -1

