348, 382, 1
66, 126, 1
353, 382, 1
353, 348, 1
279, 382, 1
279, 348, 1
279, 353, 1
308, 382, 1
308, 348, 1
308, 353, 1
308, 279, 1
206, 382, 1
206, 348, 1
206, 353, 1
206, 279, 1
206, 308, 1
246, 382, 1
246, 348, 1
246, 353, 1
246, 279, 1
246, 308, 1
246, 206, 1
7, 382, 1
7, 348, 1
7, 353, 1
7, 279, 1
7, 308, 1
7, 206, 1
7, 246, 1
126, 382, -1
126, 348, -1
66, 382, -1
66, 348, -1
353, 126, -1
353, 66, -1
279, 126, -1
279, 66, -1
308, 126, -1
308, 66, -1
206, 126, -1
206, 66, -1
246, 126, -1
246, 66, -1
7, 126, -1
7, 66, -1

498, 382, 1
498, 348, 1
498, 353, 1
498, 279, 1
498, 308, 1
498, 206, 1
498, 246, 1
498, 7, 1
192, 382, 1
192, 348, 1
192, 353, 1
192, 279, 1
192, 308, 1
192, 206, 1
192, 246, 1
192, 7, 1
192, 498, 1
142, 382, 1
142, 348, 1
142, 353, 1
142, 279, 1
142, 308, 1
142, 206, 1
142, 246, 1
142, 7, 1
142, 498, 1
142, 192, 1
229, 126, 1
229, 66, 1
125, 382, 1
125, 348, 1
125, 353, 1
125, 279, 1
125, 308, 1
125, 206, 1
125, 246, 1
125, 7, 1
125, 498, 1
125, 192, 1
125, 142, 1
440, 382, 1
440, 348, 1
440, 353, 1
440, 279, 1
440, 308, 1
440, 206, 1
440, 246, 1
440, 7, 1
440, 498, 1
440, 192, 1
440, 142, 1
440, 125, 1
393, 382, 1
393, 348, 1
393, 353, 1
393, 279, 1
393, 308, 1
393, 206, 1
393, 246, 1
393, 7, 1
393, 498, 1
393, 192, 1
393, 142, 1
393, 125, 1
393, 440, 1
397, 126, 1
397, 66, 1
397, 229, 1
498, 126, -1
498, 66, -1
192, 126, -1
192, 66, -1
142, 126, -1
142, 66, -1
229, 382, -1
229, 348, -1
229, 353, -1
229, 279, -1
229, 308, -1
229, 206, -1
229, 246, -1
229, 7, -1
229, 498, -1
229, 192, -1
229, 142, -1
125, 126, -1
125, 66, -1
125, 229, -1
440, 126, -1
440, 66, -1
440, 229, -1
393, 126, -1
393, 66, -1
393, 229, -1
397, 382, -1
397, 348, -1
397, 353, -1
397, 279, -1
397, 308, -1
397, 206, -1
397, 246, -1
397, 7, -1
397, 498, -1
397, 192, -1
397, 142, -1
397, 125, -1
397, 440, -1
397, 393, -1

205, 382, 1
205, 348, 1
205, 353, 1
205, 279, 1
205, 308, 1
205, 206, 1
205, 246, 1
205, 7, 1
205, 498, 1
205, 192, 1
205, 142, 1
205, 125, 1
205, 440, 1
205, 393, 1
112, 126, 1
112, 66, 1
112, 229, 1
112, 397, 1
70, 382, 1
70, 348, 1
70, 353, 1
70, 279, 1
70, 308, 1
70, 206, 1
70, 246, 1
70, 7, 1
70, 498, 1
70, 192, 1
70, 142, 1
70, 125, 1
70, 440, 1
70, 393, 1
70, 205, 1
53, 126, 1
53, 66, 1
53, 229, 1
53, 397, 1
53, 112, 1
91, 382, 1
91, 348, 1
91, 353, 1
91, 279, 1
91, 308, 1
91, 206, 1
91, 246, 1
91, 7, 1
91, 498, 1
91, 192, 1
91, 142, 1
91, 125, 1
91, 440, 1
91, 393, 1
91, 205, 1
91, 70, 1
264, 382, 1
264, 348, 1
264, 353, 1
264, 279, 1
264, 308, 1
264, 206, 1
264, 246, 1
264, 7, 1
264, 498, 1
264, 192, 1
264, 142, 1
264, 125, 1
264, 440, 1
264, 393, 1
264, 205, 1
264, 70, 1
264, 91, 1
400, 382, 1
400, 348, 1
400, 353, 1
400, 279, 1
400, 308, 1
400, 206, 1
400, 246, 1
400, 7, 1
400, 498, 1
400, 192, 1
400, 142, 1
400, 125, 1
400, 440, 1
400, 393, 1
400, 205, 1
400, 70, 1
400, 91, 1
400, 264, 1
359, 382, 1
359, 348, 1
359, 353, 1
359, 279, 1
359, 308, 1
359, 206, 1
359, 246, 1
359, 7, 1
359, 498, 1
359, 192, 1
359, 142, 1
359, 125, 1
359, 440, 1
359, 393, 1
359, 205, 1
359, 70, 1
359, 91, 1
359, 264, 1
359, 400, 1
205, 126, -1
205, 66, -1
205, 229, -1
205, 397, -1
112, 382, -1
112, 348, -1
112, 353, -1
112, 279, -1
112, 308, -1
112, 206, -1
112, 246, -1
112, 7, -1
112, 498, -1
112, 192, -1
112, 142, -1
112, 125, -1
112, 440, -1
112, 393, -1
112, 205, -1
70, 126, -1
70, 66, -1
70, 229, -1
70, 397, -1
70, 112, -1
53, 382, -1
53, 348, -1
53, 353, -1
53, 279, -1
53, 308, -1
53, 206, -1
53, 246, -1
53, 7, -1
53, 498, -1
53, 192, -1
53, 142, -1
53, 125, -1
53, 440, -1
53, 393, -1
53, 205, -1
53, 70, -1
91, 126, -1
91, 66, -1
91, 229, -1
91, 397, -1
91, 112, -1
91, 53, -1
264, 126, -1
264, 66, -1
264, 229, -1
264, 397, -1
264, 112, -1
264, 53, -1
400, 126, -1
400, 66, -1
400, 229, -1
400, 397, -1
400, 112, -1
400, 53, -1
359, 126, -1
359, 66, -1
359, 229, -1
359, 397, -1
359, 112, -1
359, 53, -1

354, 126, 1
354, 66, 1
354, 229, 1
354, 397, 1
354, 112, 1
354, 53, 1
19, 126, 1
19, 66, 1
19, 229, 1
19, 397, 1
19, 112, 1
19, 53, 1
19, 354, 1
110, 126, 1
110, 66, 1
110, 229, 1
110, 397, 1
110, 112, 1
110, 53, 1
110, 354, 1
110, 19, 1
406, 126, 1
406, 66, 1
406, 229, 1
406, 397, 1
406, 112, 1
406, 53, 1
406, 354, 1
406, 19, 1
406, 110, 1
484, 382, 1
484, 348, 1
484, 353, 1
484, 279, 1
484, 308, 1
484, 206, 1
484, 246, 1
484, 7, 1
484, 498, 1
484, 192, 1
484, 142, 1
484, 125, 1
484, 440, 1
484, 393, 1
484, 205, 1
484, 70, 1
484, 91, 1
484, 264, 1
484, 400, 1
484, 359, 1
26, 382, 1
26, 348, 1
26, 353, 1
26, 279, 1
26, 308, 1
26, 206, 1
26, 246, 1
26, 7, 1
26, 498, 1
26, 192, 1
26, 142, 1
26, 125, 1
26, 440, 1
26, 393, 1
26, 205, 1
26, 70, 1
26, 91, 1
26, 264, 1
26, 400, 1
26, 359, 1
26, 484, 1
354, 382, -1
354, 348, -1
354, 353, -1
354, 279, -1
354, 308, -1
354, 206, -1
354, 246, -1
354, 7, -1
354, 498, -1
354, 192, -1
354, 142, -1
354, 125, -1
354, 440, -1
354, 393, -1
354, 205, -1
354, 70, -1
354, 91, -1
354, 264, -1
354, 400, -1
354, 359, -1
19, 382, -1
19, 348, -1
19, 353, -1
19, 279, -1
19, 308, -1
19, 206, -1
19, 246, -1
19, 7, -1
19, 498, -1
19, 192, -1
19, 142, -1
19, 125, -1
19, 440, -1
19, 393, -1
19, 205, -1
19, 70, -1
19, 91, -1
19, 264, -1
19, 400, -1
19, 359, -1
110, 382, -1
110, 348, -1
110, 353, -1
110, 279, -1
110, 308, -1
110, 206, -1
110, 246, -1
110, 7, -1
110, 498, -1
110, 192, -1
110, 142, -1
110, 125, -1
110, 440, -1
110, 393, -1
110, 205, -1
110, 70, -1
110, 91, -1
110, 264, -1
110, 400, -1
110, 359, -1
406, 382, -1
406, 348, -1
406, 353, -1
406, 279, -1
406, 308, -1
406, 206, -1
406, 246, -1
406, 7, -1
406, 498, -1
406, 192, -1
406, 142, -1
406, 125, -1
406, 440, -1
406, 393, -1
406, 205, -1
406, 70, -1
406, 91, -1
406, 264, -1
406, 400, -1
406, 359, -1
484, 126, -1
484, 66, -1
484, 229, -1
484, 397, -1
484, 112, -1
484, 53, -1
484, 354, -1
484, 19, -1
484, 110, -1
484, 406, -1
26, 126, -1
26, 66, -1
26, 229, -1
26, 397, -1
26, 112, -1
26, 53, -1
26, 354, -1
26, 19, -1
26, 110, -1
26, 406, -1

164, 126, 1
164, 66, 1
164, 229, 1
164, 397, 1
164, 112, 1
164, 53, 1
164, 354, 1
164, 19, 1
164, 110, 1
164, 406, 1
37, 126, 1
37, 66, 1
37, 229, 1
37, 397, 1
37, 112, 1
37, 53, 1
37, 354, 1
37, 19, 1
37, 110, 1
37, 406, 1
37, 164, 1
323, 126, 1
323, 66, 1
323, 229, 1
323, 397, 1
323, 112, 1
323, 53, 1
323, 354, 1
323, 19, 1
323, 110, 1
323, 406, 1
323, 164, 1
323, 37, 1
2, 126, 1
2, 66, 1
2, 229, 1
2, 397, 1
2, 112, 1
2, 53, 1
2, 354, 1
2, 19, 1
2, 110, 1
2, 406, 1
2, 164, 1
2, 37, 1
2, 323, 1
72, 126, 1
72, 66, 1
72, 229, 1
72, 397, 1
72, 112, 1
72, 53, 1
72, 354, 1
72, 19, 1
72, 110, 1
72, 406, 1
72, 164, 1
72, 37, 1
72, 323, 1
72, 2, 1
164, 382, -1
164, 348, -1
164, 353, -1
164, 279, -1
164, 308, -1
164, 206, -1
164, 246, -1
164, 7, -1
164, 498, -1
164, 192, -1
164, 142, -1
164, 125, -1
164, 440, -1
164, 393, -1
164, 205, -1
164, 70, -1
164, 91, -1
164, 264, -1
164, 400, -1
164, 359, -1
164, 484, -1
164, 26, -1
37, 382, -1
37, 348, -1
37, 353, -1
37, 279, -1
37, 308, -1
37, 206, -1
37, 246, -1
37, 7, -1
37, 498, -1
37, 192, -1
37, 142, -1
37, 125, -1
37, 440, -1
37, 393, -1
37, 205, -1
37, 70, -1
37, 91, -1
37, 264, -1
37, 400, -1
37, 359, -1
37, 484, -1
37, 26, -1
323, 382, -1
323, 348, -1
323, 353, -1
323, 279, -1
323, 308, -1
323, 206, -1
323, 246, -1
323, 7, -1
323, 498, -1
323, 192, -1
323, 142, -1
323, 125, -1
323, 440, -1
323, 393, -1
323, 205, -1
323, 70, -1
323, 91, -1
323, 264, -1
323, 400, -1
323, 359, -1
323, 484, -1
323, 26, -1
2, 382, -1
2, 348, -1
2, 353, -1
2, 279, -1
2, 308, -1
2, 206, -1
2, 246, -1
2, 7, -1
2, 498, -1
2, 192, -1
2, 142, -1
2, 125, -1
2, 440, -1
2, 393, -1
2, 205, -1
2, 70, -1
2, 91, -1
2, 264, -1
2, 400, -1
2, 359, -1
2, 484, -1
2, 26, -1
72, 382, -1
72, 348, -1
72, 353, -1
72, 279, -1
72, 308, -1
72, 206, -1
72, 246, -1
72, 7, -1
72, 498, -1
72, 192, -1
72, 142, -1
72, 125, -1
72, 440, -1
72, 393, -1
72, 205, -1
72, 70, -1
72, 91, -1
72, 264, -1
72, 400, -1
72, 359, -1
72, 484, -1
72, 26, -1

104, 382, 1
104, 348, 1
104, 353, 1
104, 279, 1
104, 308, 1
104, 206, 1
104, 246, 1
104, 7, 1
104, 498, 1
104, 192, 1
104, 142, 1
104, 125, 1
104, 440, 1
104, 393, 1
104, 205, 1
104, 70, 1
104, 91, 1
104, 264, 1
104, 400, 1
104, 359, 1
104, 484, 1
104, 26, 1
106, 382, 1
106, 348, 1
106, 353, 1
106, 279, 1
106, 308, 1
106, 206, 1
106, 246, 1
106, 7, 1
106, 498, 1
106, 192, 1
106, 142, 1
106, 125, 1
106, 440, 1
106, 393, 1
106, 205, 1
106, 70, 1
106, 91, 1
106, 264, 1
106, 400, 1
106, 359, 1
106, 484, 1
106, 26, 1
106, 104, 1
119, 382, 1
119, 348, 1
119, 353, 1
119, 279, 1
119, 308, 1
119, 206, 1
119, 246, 1
119, 7, 1
119, 498, 1
119, 192, 1
119, 142, 1
119, 125, 1
119, 440, 1
119, 393, 1
119, 205, 1
119, 70, 1
119, 91, 1
119, 264, 1
119, 400, 1
119, 359, 1
119, 484, 1
119, 26, 1
119, 104, 1
119, 106, 1
182, 126, 1
182, 66, 1
182, 229, 1
182, 397, 1
182, 112, 1
182, 53, 1
182, 354, 1
182, 19, 1
182, 110, 1
182, 406, 1
182, 164, 1
182, 37, 1
182, 323, 1
182, 2, 1
182, 72, 1
390, 382, 1
390, 348, 1
390, 353, 1
390, 279, 1
390, 308, 1
390, 206, 1
390, 246, 1
390, 7, 1
390, 498, 1
390, 192, 1
390, 142, 1
390, 125, 1
390, 440, 1
390, 393, 1
390, 205, 1
390, 70, 1
390, 91, 1
390, 264, 1
390, 400, 1
390, 359, 1
390, 484, 1
390, 26, 1
390, 104, 1
390, 106, 1
390, 119, 1
209, 126, 1
209, 66, 1
209, 229, 1
209, 397, 1
209, 112, 1
209, 53, 1
209, 354, 1
209, 19, 1
209, 110, 1
209, 406, 1
209, 164, 1
209, 37, 1
209, 323, 1
209, 2, 1
209, 72, 1
209, 182, 1
429, 382, 1
429, 348, 1
429, 353, 1
429, 279, 1
429, 308, 1
429, 206, 1
429, 246, 1
429, 7, 1
429, 498, 1
429, 192, 1
429, 142, 1
429, 125, 1
429, 440, 1
429, 393, 1
429, 205, 1
429, 70, 1
429, 91, 1
429, 264, 1
429, 400, 1
429, 359, 1
429, 484, 1
429, 26, 1
429, 104, 1
429, 106, 1
429, 119, 1
429, 390, 1
10, 382, 1
10, 348, 1
10, 353, 1
10, 279, 1
10, 308, 1
10, 206, 1
10, 246, 1
10, 7, 1
10, 498, 1
10, 192, 1
10, 142, 1
10, 125, 1
10, 440, 1
10, 393, 1
10, 205, 1
10, 70, 1
10, 91, 1
10, 264, 1
10, 400, 1
10, 359, 1
10, 484, 1
10, 26, 1
10, 104, 1
10, 106, 1
10, 119, 1
10, 390, 1
10, 429, 1
104, 126, -1
104, 66, -1
104, 229, -1
104, 397, -1
104, 112, -1
104, 53, -1
104, 354, -1
104, 19, -1
104, 110, -1
104, 406, -1
104, 164, -1
104, 37, -1
104, 323, -1
104, 2, -1
104, 72, -1
106, 126, -1
106, 66, -1
106, 229, -1
106, 397, -1
106, 112, -1
106, 53, -1
106, 354, -1
106, 19, -1
106, 110, -1
106, 406, -1
106, 164, -1
106, 37, -1
106, 323, -1
106, 2, -1
106, 72, -1
119, 126, -1
119, 66, -1
119, 229, -1
119, 397, -1
119, 112, -1
119, 53, -1
119, 354, -1
119, 19, -1
119, 110, -1
119, 406, -1
119, 164, -1
119, 37, -1
119, 323, -1
119, 2, -1
119, 72, -1
182, 382, -1
182, 348, -1
182, 353, -1
182, 279, -1
182, 308, -1
182, 206, -1
182, 246, -1
182, 7, -1
182, 498, -1
182, 192, -1
182, 142, -1
182, 125, -1
182, 440, -1
182, 393, -1
182, 205, -1
182, 70, -1
182, 91, -1
182, 264, -1
182, 400, -1
182, 359, -1
182, 484, -1
182, 26, -1
182, 104, -1
182, 106, -1
182, 119, -1
390, 126, -1
390, 66, -1
390, 229, -1
390, 397, -1
390, 112, -1
390, 53, -1
390, 354, -1
390, 19, -1
390, 110, -1
390, 406, -1
390, 164, -1
390, 37, -1
390, 323, -1
390, 2, -1
390, 72, -1
390, 182, -1
209, 382, -1
209, 348, -1
209, 353, -1
209, 279, -1
209, 308, -1
209, 206, -1
209, 246, -1
209, 7, -1
209, 498, -1
209, 192, -1
209, 142, -1
209, 125, -1
209, 440, -1
209, 393, -1
209, 205, -1
209, 70, -1
209, 91, -1
209, 264, -1
209, 400, -1
209, 359, -1
209, 484, -1
209, 26, -1
209, 104, -1
209, 106, -1
209, 119, -1
209, 390, -1
429, 126, -1
429, 66, -1
429, 229, -1
429, 397, -1
429, 112, -1
429, 53, -1
429, 354, -1
429, 19, -1
429, 110, -1
429, 406, -1
429, 164, -1
429, 37, -1
429, 323, -1
429, 2, -1
429, 72, -1
429, 182, -1
429, 209, -1
10, 126, -1
10, 66, -1
10, 229, -1
10, 397, -1
10, 112, -1
10, 53, -1
10, 354, -1
10, 19, -1
10, 110, -1
10, 406, -1
10, 164, -1
10, 37, -1
10, 323, -1
10, 2, -1
10, 72, -1
10, 182, -1
10, 209, -1

31, 126, 1
31, 66, 1
31, 229, 1
31, 397, 1
31, 112, 1
31, 53, 1
31, 354, 1
31, 19, 1
31, 110, 1
31, 406, 1
31, 164, 1
31, 37, 1
31, 323, 1
31, 2, 1
31, 72, 1
31, 182, 1
31, 209, 1
278, 382, 1
278, 348, 1
278, 353, 1
278, 279, 1
278, 308, 1
278, 206, 1
278, 246, 1
278, 7, 1
278, 498, 1
278, 192, 1
278, 142, 1
278, 125, 1
278, 440, 1
278, 393, 1
278, 205, 1
278, 70, 1
278, 91, 1
278, 264, 1
278, 400, 1
278, 359, 1
278, 484, 1
278, 26, 1
278, 104, 1
278, 106, 1
278, 119, 1
278, 390, 1
278, 429, 1
278, 10, 1
108, 126, 1
108, 66, 1
108, 229, 1
108, 397, 1
108, 112, 1
108, 53, 1
108, 354, 1
108, 19, 1
108, 110, 1
108, 406, 1
108, 164, 1
108, 37, 1
108, 323, 1
108, 2, 1
108, 72, 1
108, 182, 1
108, 209, 1
108, 31, 1
259, 382, 1
259, 348, 1
259, 353, 1
259, 279, 1
259, 308, 1
259, 206, 1
259, 246, 1
259, 7, 1
259, 498, 1
259, 192, 1
259, 142, 1
259, 125, 1
259, 440, 1
259, 393, 1
259, 205, 1
259, 70, 1
259, 91, 1
259, 264, 1
259, 400, 1
259, 359, 1
259, 484, 1
259, 26, 1
259, 104, 1
259, 106, 1
259, 119, 1
259, 390, 1
259, 429, 1
259, 10, 1
259, 278, 1
330, 382, 1
330, 348, 1
330, 353, 1
330, 279, 1
330, 308, 1
330, 206, 1
330, 246, 1
330, 7, 1
330, 498, 1
330, 192, 1
330, 142, 1
330, 125, 1
330, 440, 1
330, 393, 1
330, 205, 1
330, 70, 1
330, 91, 1
330, 264, 1
330, 400, 1
330, 359, 1
330, 484, 1
330, 26, 1
330, 104, 1
330, 106, 1
330, 119, 1
330, 390, 1
330, 429, 1
330, 10, 1
330, 278, 1
330, 259, 1
472, 126, 1
472, 66, 1
472, 229, 1
472, 397, 1
472, 112, 1
472, 53, 1
472, 354, 1
472, 19, 1
472, 110, 1
472, 406, 1
472, 164, 1
472, 37, 1
472, 323, 1
472, 2, 1
472, 72, 1
472, 182, 1
472, 209, 1
472, 31, 1
472, 108, 1
454, 382, 1
454, 348, 1
454, 353, 1
454, 279, 1
454, 308, 1
454, 206, 1
454, 246, 1
454, 7, 1
454, 498, 1
454, 192, 1
454, 142, 1
454, 125, 1
454, 440, 1
454, 393, 1
454, 205, 1
454, 70, 1
454, 91, 1
454, 264, 1
454, 400, 1
454, 359, 1
454, 484, 1
454, 26, 1
454, 104, 1
454, 106, 1
454, 119, 1
454, 390, 1
454, 429, 1
454, 10, 1
454, 278, 1
454, 259, 1
454, 330, 1
31, 382, -1
31, 348, -1
31, 353, -1
31, 279, -1
31, 308, -1
31, 206, -1
31, 246, -1
31, 7, -1
31, 498, -1
31, 192, -1
31, 142, -1
31, 125, -1
31, 440, -1
31, 393, -1
31, 205, -1
31, 70, -1
31, 91, -1
31, 264, -1
31, 400, -1
31, 359, -1
31, 484, -1
31, 26, -1
31, 104, -1
31, 106, -1
31, 119, -1
31, 390, -1
31, 429, -1
31, 10, -1
278, 126, -1
278, 66, -1
278, 229, -1
278, 397, -1
278, 112, -1
278, 53, -1
278, 354, -1
278, 19, -1
278, 110, -1
278, 406, -1
278, 164, -1
278, 37, -1
278, 323, -1
278, 2, -1
278, 72, -1
278, 182, -1
278, 209, -1
278, 31, -1
108, 382, -1
108, 348, -1
108, 353, -1
108, 279, -1
108, 308, -1
108, 206, -1
108, 246, -1
108, 7, -1
108, 498, -1
108, 192, -1
108, 142, -1
108, 125, -1
108, 440, -1
108, 393, -1
108, 205, -1
108, 70, -1
108, 91, -1
108, 264, -1
108, 400, -1
108, 359, -1
108, 484, -1
108, 26, -1
108, 104, -1
108, 106, -1
108, 119, -1
108, 390, -1
108, 429, -1
108, 10, -1
108, 278, -1
259, 126, -1
259, 66, -1
259, 229, -1
259, 397, -1
259, 112, -1
259, 53, -1
259, 354, -1
259, 19, -1
259, 110, -1
259, 406, -1
259, 164, -1
259, 37, -1
259, 323, -1
259, 2, -1
259, 72, -1
259, 182, -1
259, 209, -1
259, 31, -1
259, 108, -1
330, 126, -1
330, 66, -1
330, 229, -1
330, 397, -1
330, 112, -1
330, 53, -1
330, 354, -1
330, 19, -1
330, 110, -1
330, 406, -1
330, 164, -1
330, 37, -1
330, 323, -1
330, 2, -1
330, 72, -1
330, 182, -1
330, 209, -1
330, 31, -1
330, 108, -1
472, 382, -1
472, 348, -1
472, 353, -1
472, 279, -1
472, 308, -1
472, 206, -1
472, 246, -1
472, 7, -1
472, 498, -1
472, 192, -1
472, 142, -1
472, 125, -1
472, 440, -1
472, 393, -1
472, 205, -1
472, 70, -1
472, 91, -1
472, 264, -1
472, 400, -1
472, 359, -1
472, 484, -1
472, 26, -1
472, 104, -1
472, 106, -1
472, 119, -1
472, 390, -1
472, 429, -1
472, 10, -1
472, 278, -1
472, 259, -1
472, 330, -1
454, 126, -1
454, 66, -1
454, 229, -1
454, 397, -1
454, 112, -1
454, 53, -1
454, 354, -1
454, 19, -1
454, 110, -1
454, 406, -1
454, 164, -1
454, 37, -1
454, 323, -1
454, 2, -1
454, 72, -1
454, 182, -1
454, 209, -1
454, 31, -1
454, 108, -1
454, 472, -1

322, 126, 1
322, 66, 1
322, 229, 1
322, 397, 1
322, 112, 1
322, 53, 1
322, 354, 1
322, 19, 1
322, 110, 1
322, 406, 1
322, 164, 1
322, 37, 1
322, 323, 1
322, 2, 1
322, 72, 1
322, 182, 1
322, 209, 1
322, 31, 1
322, 108, 1
322, 472, 1
285, 382, 1
285, 348, 1
285, 353, 1
285, 279, 1
285, 308, 1
285, 206, 1
285, 246, 1
285, 7, 1
285, 498, 1
285, 192, 1
285, 142, 1
285, 125, 1
285, 440, 1
285, 393, 1
285, 205, 1
285, 70, 1
285, 91, 1
285, 264, 1
285, 400, 1
285, 359, 1
285, 484, 1
285, 26, 1
285, 104, 1
285, 106, 1
285, 119, 1
285, 390, 1
285, 429, 1
285, 10, 1
285, 278, 1
285, 259, 1
285, 330, 1
285, 454, 1
183, 382, 1
183, 348, 1
183, 353, 1
183, 279, 1
183, 308, 1
183, 206, 1
183, 246, 1
183, 7, 1
183, 498, 1
183, 192, 1
183, 142, 1
183, 125, 1
183, 440, 1
183, 393, 1
183, 205, 1
183, 70, 1
183, 91, 1
183, 264, 1
183, 400, 1
183, 359, 1
183, 484, 1
183, 26, 1
183, 104, 1
183, 106, 1
183, 119, 1
183, 390, 1
183, 429, 1
183, 10, 1
183, 278, 1
183, 259, 1
183, 330, 1
183, 454, 1
183, 285, 1
14, 126, 1
14, 66, 1
14, 229, 1
14, 397, 1
14, 112, 1
14, 53, 1
14, 354, 1
14, 19, 1
14, 110, 1
14, 406, 1
14, 164, 1
14, 37, 1
14, 323, 1
14, 2, 1
14, 72, 1
14, 182, 1
14, 209, 1
14, 31, 1
14, 108, 1
14, 472, 1
14, 322, 1
467, 382, 1
467, 348, 1
467, 353, 1
467, 279, 1
467, 308, 1
467, 206, 1
467, 246, 1
467, 7, 1
467, 498, 1
467, 192, 1
467, 142, 1
467, 125, 1
467, 440, 1
467, 393, 1
467, 205, 1
467, 70, 1
467, 91, 1
467, 264, 1
467, 400, 1
467, 359, 1
467, 484, 1
467, 26, 1
467, 104, 1
467, 106, 1
467, 119, 1
467, 390, 1
467, 429, 1
467, 10, 1
467, 278, 1
467, 259, 1
467, 330, 1
467, 454, 1
467, 285, 1
467, 183, 1
319, 126, 1
319, 66, 1
319, 229, 1
319, 397, 1
319, 112, 1
319, 53, 1
319, 354, 1
319, 19, 1
319, 110, 1
319, 406, 1
319, 164, 1
319, 37, 1
319, 323, 1
319, 2, 1
319, 72, 1
319, 182, 1
319, 209, 1
319, 31, 1
319, 108, 1
319, 472, 1
319, 322, 1
319, 14, 1
247, 382, 1
247, 348, 1
247, 353, 1
247, 279, 1
247, 308, 1
247, 206, 1
247, 246, 1
247, 7, 1
247, 498, 1
247, 192, 1
247, 142, 1
247, 125, 1
247, 440, 1
247, 393, 1
247, 205, 1
247, 70, 1
247, 91, 1
247, 264, 1
247, 400, 1
247, 359, 1
247, 484, 1
247, 26, 1
247, 104, 1
247, 106, 1
247, 119, 1
247, 390, 1
247, 429, 1
247, 10, 1
247, 278, 1
247, 259, 1
247, 330, 1
247, 454, 1
247, 285, 1
247, 183, 1
247, 467, 1
322, 382, -1
322, 348, -1
322, 353, -1
322, 279, -1
322, 308, -1
322, 206, -1
322, 246, -1
322, 7, -1
322, 498, -1
322, 192, -1
322, 142, -1
322, 125, -1
322, 440, -1
322, 393, -1
322, 205, -1
322, 70, -1
322, 91, -1
322, 264, -1
322, 400, -1
322, 359, -1
322, 484, -1
322, 26, -1
322, 104, -1
322, 106, -1
322, 119, -1
322, 390, -1
322, 429, -1
322, 10, -1
322, 278, -1
322, 259, -1
322, 330, -1
322, 454, -1
285, 126, -1
285, 66, -1
285, 229, -1
285, 397, -1
285, 112, -1
285, 53, -1
285, 354, -1
285, 19, -1
285, 110, -1
285, 406, -1
285, 164, -1
285, 37, -1
285, 323, -1
285, 2, -1
285, 72, -1
285, 182, -1
285, 209, -1
285, 31, -1
285, 108, -1
285, 472, -1
285, 322, -1
183, 126, -1
183, 66, -1
183, 229, -1
183, 397, -1
183, 112, -1
183, 53, -1
183, 354, -1
183, 19, -1
183, 110, -1
183, 406, -1
183, 164, -1
183, 37, -1
183, 323, -1
183, 2, -1
183, 72, -1
183, 182, -1
183, 209, -1
183, 31, -1
183, 108, -1
183, 472, -1
183, 322, -1
14, 382, -1
14, 348, -1
14, 353, -1
14, 279, -1
14, 308, -1
14, 206, -1
14, 246, -1
14, 7, -1
14, 498, -1
14, 192, -1
14, 142, -1
14, 125, -1
14, 440, -1
14, 393, -1
14, 205, -1
14, 70, -1
14, 91, -1
14, 264, -1
14, 400, -1
14, 359, -1
14, 484, -1
14, 26, -1
14, 104, -1
14, 106, -1
14, 119, -1
14, 390, -1
14, 429, -1
14, 10, -1
14, 278, -1
14, 259, -1
14, 330, -1
14, 454, -1
14, 285, -1
14, 183, -1
467, 126, -1
467, 66, -1
467, 229, -1
467, 397, -1
467, 112, -1
467, 53, -1
467, 354, -1
467, 19, -1
467, 110, -1
467, 406, -1
467, 164, -1
467, 37, -1
467, 323, -1
467, 2, -1
467, 72, -1
467, 182, -1
467, 209, -1
467, 31, -1
467, 108, -1
467, 472, -1
467, 322, -1
467, 14, -1
319, 382, -1
319, 348, -1
319, 353, -1
319, 279, -1
319, 308, -1
319, 206, -1
319, 246, -1
319, 7, -1
319, 498, -1
319, 192, -1
319, 142, -1
319, 125, -1
319, 440, -1
319, 393, -1
319, 205, -1
319, 70, -1
319, 91, -1
319, 264, -1
319, 400, -1
319, 359, -1
319, 484, -1
319, 26, -1
319, 104, -1
319, 106, -1
319, 119, -1
319, 390, -1
319, 429, -1
319, 10, -1
319, 278, -1
319, 259, -1
319, 330, -1
319, 454, -1
319, 285, -1
319, 183, -1
319, 467, -1
247, 126, -1
247, 66, -1
247, 229, -1
247, 397, -1
247, 112, -1
247, 53, -1
247, 354, -1
247, 19, -1
247, 110, -1
247, 406, -1
247, 164, -1
247, 37, -1
247, 323, -1
247, 2, -1
247, 72, -1
247, 182, -1
247, 209, -1
247, 31, -1
247, 108, -1
247, 472, -1
247, 322, -1
247, 14, -1
247, 319, -1

405, 126, 1
405, 66, 1
405, 229, 1
405, 397, 1
405, 112, 1
405, 53, 1
405, 354, 1
405, 19, 1
405, 110, 1
405, 406, 1
405, 164, 1
405, 37, 1
405, 323, 1
405, 2, 1
405, 72, 1
405, 182, 1
405, 209, 1
405, 31, 1
405, 108, 1
405, 472, 1
405, 322, 1
405, 14, 1
405, 319, 1
48, 126, 1
48, 66, 1
48, 229, 1
48, 397, 1
48, 112, 1
48, 53, 1
48, 354, 1
48, 19, 1
48, 110, 1
48, 406, 1
48, 164, 1
48, 37, 1
48, 323, 1
48, 2, 1
48, 72, 1
48, 182, 1
48, 209, 1
48, 31, 1
48, 108, 1
48, 472, 1
48, 322, 1
48, 14, 1
48, 319, 1
48, 405, 1
262, 126, 1
262, 66, 1
262, 229, 1
262, 397, 1
262, 112, 1
262, 53, 1
262, 354, 1
262, 19, 1
262, 110, 1
262, 406, 1
262, 164, 1
262, 37, 1
262, 323, 1
262, 2, 1
262, 72, 1
262, 182, 1
262, 209, 1
262, 31, 1
262, 108, 1
262, 472, 1
262, 322, 1
262, 14, 1
262, 319, 1
262, 405, 1
262, 48, 1
241, 126, 1
241, 66, 1
241, 229, 1
241, 397, 1
241, 112, 1
241, 53, 1
241, 354, 1
241, 19, 1
241, 110, 1
241, 406, 1
241, 164, 1
241, 37, 1
241, 323, 1
241, 2, 1
241, 72, 1
241, 182, 1
241, 209, 1
241, 31, 1
241, 108, 1
241, 472, 1
241, 322, 1
241, 14, 1
241, 319, 1
241, 405, 1
241, 48, 1
241, 262, 1
426, 126, 1
426, 66, 1
426, 229, 1
426, 397, 1
426, 112, 1
426, 53, 1
426, 354, 1
426, 19, 1
426, 110, 1
426, 406, 1
426, 164, 1
426, 37, 1
426, 323, 1
426, 2, 1
426, 72, 1
426, 182, 1
426, 209, 1
426, 31, 1
426, 108, 1
426, 472, 1
426, 322, 1
426, 14, 1
426, 319, 1
426, 405, 1
426, 48, 1
426, 262, 1
426, 241, 1
405, 382, -1
405, 348, -1
405, 353, -1
405, 279, -1
405, 308, -1
405, 206, -1
405, 246, -1
405, 7, -1
405, 498, -1
405, 192, -1
405, 142, -1
405, 125, -1
405, 440, -1
405, 393, -1
405, 205, -1
405, 70, -1
405, 91, -1
405, 264, -1
405, 400, -1
405, 359, -1
405, 484, -1
405, 26, -1
405, 104, -1
405, 106, -1
405, 119, -1
405, 390, -1
405, 429, -1
405, 10, -1
405, 278, -1
405, 259, -1
405, 330, -1
405, 454, -1
405, 285, -1
405, 183, -1
405, 467, -1
405, 247, -1
48, 382, -1
48, 348, -1
48, 353, -1
48, 279, -1
48, 308, -1
48, 206, -1
48, 246, -1
48, 7, -1
48, 498, -1
48, 192, -1
48, 142, -1
48, 125, -1
48, 440, -1
48, 393, -1
48, 205, -1
48, 70, -1
48, 91, -1
48, 264, -1
48, 400, -1
48, 359, -1
48, 484, -1
48, 26, -1
48, 104, -1
48, 106, -1
48, 119, -1
48, 390, -1
48, 429, -1
48, 10, -1
48, 278, -1
48, 259, -1
48, 330, -1
48, 454, -1
48, 285, -1
48, 183, -1
48, 467, -1
48, 247, -1
262, 382, -1
262, 348, -1
262, 353, -1
262, 279, -1
262, 308, -1
262, 206, -1
262, 246, -1
262, 7, -1
262, 498, -1
262, 192, -1
262, 142, -1
262, 125, -1
262, 440, -1
262, 393, -1
262, 205, -1
262, 70, -1
262, 91, -1
262, 264, -1
262, 400, -1
262, 359, -1
262, 484, -1
262, 26, -1
262, 104, -1
262, 106, -1
262, 119, -1
262, 390, -1
262, 429, -1
262, 10, -1
262, 278, -1
262, 259, -1
262, 330, -1
262, 454, -1
262, 285, -1
262, 183, -1
262, 467, -1
262, 247, -1
241, 382, -1
241, 348, -1
241, 353, -1
241, 279, -1
241, 308, -1
241, 206, -1
241, 246, -1
241, 7, -1
241, 498, -1
241, 192, -1
241, 142, -1
241, 125, -1
241, 440, -1
241, 393, -1
241, 205, -1
241, 70, -1
241, 91, -1
241, 264, -1
241, 400, -1
241, 359, -1
241, 484, -1
241, 26, -1
241, 104, -1
241, 106, -1
241, 119, -1
241, 390, -1
241, 429, -1
241, 10, -1
241, 278, -1
241, 259, -1
241, 330, -1
241, 454, -1
241, 285, -1
241, 183, -1
241, 467, -1
241, 247, -1
426, 382, -1
426, 348, -1
426, 353, -1
426, 279, -1
426, 308, -1
426, 206, -1
426, 246, -1
426, 7, -1
426, 498, -1
426, 192, -1
426, 142, -1
426, 125, -1
426, 440, -1
426, 393, -1
426, 205, -1
426, 70, -1
426, 91, -1
426, 264, -1
426, 400, -1
426, 359, -1
426, 484, -1
426, 26, -1
426, 104, -1
426, 106, -1
426, 119, -1
426, 390, -1
426, 429, -1
426, 10, -1
426, 278, -1
426, 259, -1
426, 330, -1
426, 454, -1
426, 285, -1
426, 183, -1
426, 467, -1
426, 247, -1

363, 126, 1
363, 66, 1
363, 229, 1
363, 397, 1
363, 112, 1
363, 53, 1
363, 354, 1
363, 19, 1
363, 110, 1
363, 406, 1
363, 164, 1
363, 37, 1
363, 323, 1
363, 2, 1
363, 72, 1
363, 182, 1
363, 209, 1
363, 31, 1
363, 108, 1
363, 472, 1
363, 322, 1
363, 14, 1
363, 319, 1
363, 405, 1
363, 48, 1
363, 262, 1
363, 241, 1
363, 426, 1
421, 382, 1
421, 348, 1
421, 353, 1
421, 279, 1
421, 308, 1
421, 206, 1
421, 246, 1
421, 7, 1
421, 498, 1
421, 192, 1
421, 142, 1
421, 125, 1
421, 440, 1
421, 393, 1
421, 205, 1
421, 70, 1
421, 91, 1
421, 264, 1
421, 400, 1
421, 359, 1
421, 484, 1
421, 26, 1
421, 104, 1
421, 106, 1
421, 119, 1
421, 390, 1
421, 429, 1
421, 10, 1
421, 278, 1
421, 259, 1
421, 330, 1
421, 454, 1
421, 285, 1
421, 183, 1
421, 467, 1
421, 247, 1
233, 126, 1
233, 66, 1
233, 229, 1
233, 397, 1
233, 112, 1
233, 53, 1
233, 354, 1
233, 19, 1
233, 110, 1
233, 406, 1
233, 164, 1
233, 37, 1
233, 323, 1
233, 2, 1
233, 72, 1
233, 182, 1
233, 209, 1
233, 31, 1
233, 108, 1
233, 472, 1
233, 322, 1
233, 14, 1
233, 319, 1
233, 405, 1
233, 48, 1
233, 262, 1
233, 241, 1
233, 426, 1
233, 363, 1
159, 126, 1
159, 66, 1
159, 229, 1
159, 397, 1
159, 112, 1
159, 53, 1
159, 354, 1
159, 19, 1
159, 110, 1
159, 406, 1
159, 164, 1
159, 37, 1
159, 323, 1
159, 2, 1
159, 72, 1
159, 182, 1
159, 209, 1
159, 31, 1
159, 108, 1
159, 472, 1
159, 322, 1
159, 14, 1
159, 319, 1
159, 405, 1
159, 48, 1
159, 262, 1
159, 241, 1
159, 426, 1
159, 363, 1
159, 233, 1
324, 126, 1
324, 66, 1
324, 229, 1
324, 397, 1
324, 112, 1
324, 53, 1
324, 354, 1
324, 19, 1
324, 110, 1
324, 406, 1
324, 164, 1
324, 37, 1
324, 323, 1
324, 2, 1
324, 72, 1
324, 182, 1
324, 209, 1
324, 31, 1
324, 108, 1
324, 472, 1
324, 322, 1
324, 14, 1
324, 319, 1
324, 405, 1
324, 48, 1
324, 262, 1
324, 241, 1
324, 426, 1
324, 363, 1
324, 233, 1
324, 159, 1
363, 382, -1
363, 348, -1
363, 353, -1
363, 279, -1
363, 308, -1
363, 206, -1
363, 246, -1
363, 7, -1
363, 498, -1
363, 192, -1
363, 142, -1
363, 125, -1
363, 440, -1
363, 393, -1
363, 205, -1
363, 70, -1
363, 91, -1
363, 264, -1
363, 400, -1
363, 359, -1
363, 484, -1
363, 26, -1
363, 104, -1
363, 106, -1
363, 119, -1
363, 390, -1
363, 429, -1
363, 10, -1
363, 278, -1
363, 259, -1
363, 330, -1
363, 454, -1
363, 285, -1
363, 183, -1
363, 467, -1
363, 247, -1
421, 126, -1
421, 66, -1
421, 229, -1
421, 397, -1
421, 112, -1
421, 53, -1
421, 354, -1
421, 19, -1
421, 110, -1
421, 406, -1
421, 164, -1
421, 37, -1
421, 323, -1
421, 2, -1
421, 72, -1
421, 182, -1
421, 209, -1
421, 31, -1
421, 108, -1
421, 472, -1
421, 322, -1
421, 14, -1
421, 319, -1
421, 405, -1
421, 48, -1
421, 262, -1
421, 241, -1
421, 426, -1
421, 363, -1
233, 382, -1
233, 348, -1
233, 353, -1
233, 279, -1
233, 308, -1
233, 206, -1
233, 246, -1
233, 7, -1
233, 498, -1
233, 192, -1
233, 142, -1
233, 125, -1
233, 440, -1
233, 393, -1
233, 205, -1
233, 70, -1
233, 91, -1
233, 264, -1
233, 400, -1
233, 359, -1
233, 484, -1
233, 26, -1
233, 104, -1
233, 106, -1
233, 119, -1
233, 390, -1
233, 429, -1
233, 10, -1
233, 278, -1
233, 259, -1
233, 330, -1
233, 454, -1
233, 285, -1
233, 183, -1
233, 467, -1
233, 247, -1
233, 421, -1
159, 382, -1
159, 348, -1
159, 353, -1
159, 279, -1
159, 308, -1
159, 206, -1
159, 246, -1
159, 7, -1
159, 498, -1
159, 192, -1
159, 142, -1
159, 125, -1
159, 440, -1
159, 393, -1
159, 205, -1
159, 70, -1
159, 91, -1
159, 264, -1
159, 400, -1
159, 359, -1
159, 484, -1
159, 26, -1
159, 104, -1
159, 106, -1
159, 119, -1
159, 390, -1
159, 429, -1
159, 10, -1
159, 278, -1
159, 259, -1
159, 330, -1
159, 454, -1
159, 285, -1
159, 183, -1
159, 467, -1
159, 247, -1
159, 421, -1
324, 382, -1
324, 348, -1
324, 353, -1
324, 279, -1
324, 308, -1
324, 206, -1
324, 246, -1
324, 7, -1
324, 498, -1
324, 192, -1
324, 142, -1
324, 125, -1
324, 440, -1
324, 393, -1
324, 205, -1
324, 70, -1
324, 91, -1
324, 264, -1
324, 400, -1
324, 359, -1
324, 484, -1
324, 26, -1
324, 104, -1
324, 106, -1
324, 119, -1
324, 390, -1
324, 429, -1
324, 10, -1
324, 278, -1
324, 259, -1
324, 330, -1
324, 454, -1
324, 285, -1
324, 183, -1
324, 467, -1
324, 247, -1
324, 421, -1

