348, 382, 1
164, 126, 1
249, 126, 1
249, 164, 1
120, 382, 1
120, 348, 1
371, 382, 1
371, 348, 1
371, 120, 1
109, 126, 1
109, 164, 1
109, 249, 1
126, 382, -1
126, 348, -1
164, 382, -1
164, 348, -1
249, 382, -1
249, 348, -1
120, 126, -1
120, 164, -1
120, 249, -1
371, 126, -1
371, 164, -1
371, 249, -1
109, 382, -1
109, 348, -1
109, 120, -1
109, 371, -1

155, 126, 1
155, 164, 1
155, 249, 1
155, 109, 1
155, 121, 1
165, 382, 1
165, 348, 1
165, 120, 1
165, 371, 1
421, 382, 1
421, 348, 1
421, 120, 1
421, 371, 1
421, 165, 1
5, 126, 1
5, 164, 1
5, 249, 1
5, 109, 1
5, 121, 1
5, 155, 1
84, 126, 1
84, 164, 1
84, 249, 1
84, 109, 1
84, 121, 1
84, 155, 1
84, 5, 1
155, 382, -1
155, 348, -1
155, 120, -1
155, 371, -1
165, 126, -1
165, 164, -1
165, 249, -1
165, 109, -1
165, 121, -1
165, 155, -1
421, 126, -1
421, 164, -1
421, 249, -1
421, 109, -1
421, 121, -1
421, 155, -1
5, 382, -1
5, 348, -1
5, 120, -1
5, 371, -1
5, 165, -1
5, 421, -1
84, 382, -1
84, 348, -1
84, 120, -1
84, 371, -1
84, 165, -1
84, 421, -1

385, 382, 1
385, 348, 1
385, 120, 1
385, 371, 1
385, 165, 1
385, 421, 1
385, 474, 1
474, 382, 1
474, 348, 1
474, 120, 1
474, 371, 1
474, 165, 1
474, 421, 1
474, 474, 1
474, 385, 1
86, 126, 1
86, 164, 1
86, 249, 1
86, 109, 1
86, 121, 1
86, 155, 1
86, 5, 1
86, 84, 1
86, 232, 1
224, 126, 1
224, 164, 1
224, 249, 1
224, 109, 1
224, 121, 1
224, 155, 1
224, 5, 1
224, 84, 1
224, 232, 1
224, 86, 1
110, 126, 1
110, 164, 1
110, 249, 1
110, 109, 1
110, 121, 1
110, 155, 1
110, 5, 1
110, 84, 1
110, 232, 1
110, 86, 1
110, 224, 1
385, 126, -1
385, 164, -1
385, 249, -1
385, 109, -1
385, 121, -1
385, 155, -1
385, 5, -1
385, 84, -1
385, 232, -1
474, 126, -1
474, 164, -1
474, 249, -1
474, 109, -1
474, 121, -1
474, 155, -1
474, 5, -1
474, 84, -1
474, 232, -1
86, 382, -1
86, 348, -1
86, 120, -1
86, 371, -1
86, 165, -1
86, 421, -1
86, 474, -1
86, 385, -1
86, 474, -1
224, 382, -1
224, 348, -1
224, 120, -1
224, 371, -1
224, 165, -1
224, 421, -1
224, 474, -1
224, 385, -1
224, 474, -1
110, 382, -1
110, 348, -1
110, 120, -1
110, 371, -1
110, 165, -1
110, 421, -1
110, 474, -1
110, 385, -1
110, 474, -1

180, 126, 1
180, 164, 1
180, 249, 1
180, 109, 1
180, 121, 1
180, 155, 1
180, 5, 1
180, 84, 1
180, 232, 1
180, 86, 1
180, 224, 1
180, 110, 1
180, 46, 1
209, 126, 1
209, 164, 1
209, 249, 1
209, 109, 1
209, 121, 1
209, 155, 1
209, 5, 1
209, 84, 1
209, 232, 1
209, 86, 1
209, 224, 1
209, 110, 1
209, 46, 1
209, 180, 1
99, 126, 1
99, 164, 1
99, 249, 1
99, 109, 1
99, 121, 1
99, 155, 1
99, 5, 1
99, 84, 1
99, 232, 1
99, 86, 1
99, 224, 1
99, 110, 1
99, 46, 1
99, 180, 1
99, 209, 1
62, 382, 1
62, 348, 1
62, 120, 1
62, 371, 1
62, 165, 1
62, 421, 1
62, 474, 1
62, 385, 1
62, 474, 1
8, 382, 1
8, 348, 1
8, 120, 1
8, 371, 1
8, 165, 1
8, 421, 1
8, 474, 1
8, 385, 1
8, 474, 1
8, 62, 1
180, 382, -1
180, 348, -1
180, 120, -1
180, 371, -1
180, 165, -1
180, 421, -1
180, 474, -1
180, 385, -1
180, 474, -1
209, 382, -1
209, 348, -1
209, 120, -1
209, 371, -1
209, 165, -1
209, 421, -1
209, 474, -1
209, 385, -1
209, 474, -1
99, 382, -1
99, 348, -1
99, 120, -1
99, 371, -1
99, 165, -1
99, 421, -1
99, 474, -1
99, 385, -1
99, 474, -1
62, 126, -1
62, 164, -1
62, 249, -1
62, 109, -1
62, 121, -1
62, 155, -1
62, 5, -1
62, 84, -1
62, 232, -1
62, 86, -1
62, 224, -1
62, 110, -1
62, 46, -1
62, 180, -1
62, 209, -1
62, 99, -1
8, 126, -1
8, 164, -1
8, 249, -1
8, 109, -1
8, 121, -1
8, 155, -1
8, 5, -1
8, 84, -1
8, 232, -1
8, 86, -1
8, 224, -1
8, 110, -1
8, 46, -1
8, 180, -1
8, 209, -1
8, 99, -1

368, 126, 1
368, 164, 1
368, 249, 1
368, 109, 1
368, 121, 1
368, 155, 1
368, 5, 1
368, 84, 1
368, 232, 1
368, 86, 1
368, 224, 1
368, 110, 1
368, 46, 1
368, 180, 1
368, 209, 1
368, 99, 1
368, 240, 1
460, 126, 1
460, 164, 1
460, 249, 1
460, 109, 1
460, 121, 1
460, 155, 1
460, 5, 1
460, 84, 1
460, 232, 1
460, 86, 1
460, 224, 1
460, 110, 1
460, 46, 1
460, 180, 1
460, 209, 1
460, 99, 1
460, 240, 1
460, 368, 1
426, 126, 1
426, 164, 1
426, 249, 1
426, 109, 1
426, 121, 1
426, 155, 1
426, 5, 1
426, 84, 1
426, 232, 1
426, 86, 1
426, 224, 1
426, 110, 1
426, 46, 1
426, 180, 1
426, 209, 1
426, 99, 1
426, 240, 1
426, 368, 1
426, 460, 1
496, 382, 1
496, 348, 1
496, 120, 1
496, 371, 1
496, 165, 1
496, 421, 1
496, 474, 1
496, 385, 1
496, 474, 1
496, 62, 1
496, 8, 1
7, 382, 1
7, 348, 1
7, 120, 1
7, 371, 1
7, 165, 1
7, 421, 1
7, 474, 1
7, 385, 1
7, 474, 1
7, 62, 1
7, 8, 1
7, 496, 1
368, 382, -1
368, 348, -1
368, 120, -1
368, 371, -1
368, 165, -1
368, 421, -1
368, 474, -1
368, 385, -1
368, 474, -1
368, 62, -1
368, 8, -1
460, 382, -1
460, 348, -1
460, 120, -1
460, 371, -1
460, 165, -1
460, 421, -1
460, 474, -1
460, 385, -1
460, 474, -1
460, 62, -1
460, 8, -1
426, 382, -1
426, 348, -1
426, 120, -1
426, 371, -1
426, 165, -1
426, 421, -1
426, 474, -1
426, 385, -1
426, 474, -1
426, 62, -1
426, 8, -1
496, 126, -1
496, 164, -1
496, 249, -1
496, 109, -1
496, 121, -1
496, 155, -1
496, 5, -1
496, 84, -1
496, 232, -1
496, 86, -1
496, 224, -1
496, 110, -1
496, 46, -1
496, 180, -1
496, 209, -1
496, 99, -1
496, 240, -1
496, 368, -1
496, 460, -1
496, 426, -1
7, 126, -1
7, 164, -1
7, 249, -1
7, 109, -1
7, 121, -1
7, 155, -1
7, 5, -1
7, 84, -1
7, 232, -1
7, 86, -1
7, 224, -1
7, 110, -1
7, 46, -1
7, 180, -1
7, 209, -1
7, 99, -1
7, 240, -1
7, 368, -1
7, 460, -1
7, 426, -1

447, 126, 1
447, 164, 1
447, 249, 1
447, 109, 1
447, 121, 1
447, 155, 1
447, 5, 1
447, 84, 1
447, 232, 1
447, 86, 1
447, 224, 1
447, 110, 1
447, 46, 1
447, 180, 1
447, 209, 1
447, 99, 1
447, 240, 1
447, 368, 1
447, 460, 1
447, 426, 1
447, 324, 1
415, 126, 1
415, 164, 1
415, 249, 1
415, 109, 1
415, 121, 1
415, 155, 1
415, 5, 1
415, 84, 1
415, 232, 1
415, 86, 1
415, 224, 1
415, 110, 1
415, 46, 1
415, 180, 1
415, 209, 1
415, 99, 1
415, 240, 1
415, 368, 1
415, 460, 1
415, 426, 1
415, 324, 1
415, 447, 1
262, 126, 1
262, 164, 1
262, 249, 1
262, 109, 1
262, 121, 1
262, 155, 1
262, 5, 1
262, 84, 1
262, 232, 1
262, 86, 1
262, 224, 1
262, 110, 1
262, 46, 1
262, 180, 1
262, 209, 1
262, 99, 1
262, 240, 1
262, 368, 1
262, 460, 1
262, 426, 1
262, 324, 1
262, 447, 1
262, 415, 1
308, 382, 1
308, 348, 1
308, 120, 1
308, 371, 1
308, 165, 1
308, 421, 1
308, 474, 1
308, 385, 1
308, 474, 1
308, 62, 1
308, 8, 1
308, 496, 1
308, 7, 1
21, 382, 1
21, 348, 1
21, 120, 1
21, 371, 1
21, 165, 1
21, 421, 1
21, 474, 1
21, 385, 1
21, 474, 1
21, 62, 1
21, 8, 1
21, 496, 1
21, 7, 1
21, 308, 1
447, 382, -1
447, 348, -1
447, 120, -1
447, 371, -1
447, 165, -1
447, 421, -1
447, 474, -1
447, 385, -1
447, 474, -1
447, 62, -1
447, 8, -1
447, 496, -1
447, 7, -1
415, 382, -1
415, 348, -1
415, 120, -1
415, 371, -1
415, 165, -1
415, 421, -1
415, 474, -1
415, 385, -1
415, 474, -1
415, 62, -1
415, 8, -1
415, 496, -1
415, 7, -1
262, 382, -1
262, 348, -1
262, 120, -1
262, 371, -1
262, 165, -1
262, 421, -1
262, 474, -1
262, 385, -1
262, 474, -1
262, 62, -1
262, 8, -1
262, 496, -1
262, 7, -1
308, 126, -1
308, 164, -1
308, 249, -1
308, 109, -1
308, 121, -1
308, 155, -1
308, 5, -1
308, 84, -1
308, 232, -1
308, 86, -1
308, 224, -1
308, 110, -1
308, 46, -1
308, 180, -1
308, 209, -1
308, 99, -1
308, 240, -1
308, 368, -1
308, 460, -1
308, 426, -1
308, 324, -1
308, 447, -1
308, 415, -1
308, 262, -1
21, 126, -1
21, 164, -1
21, 249, -1
21, 109, -1
21, 121, -1
21, 155, -1
21, 5, -1
21, 84, -1
21, 232, -1
21, 86, -1
21, 224, -1
21, 110, -1
21, 46, -1
21, 180, -1
21, 209, -1
21, 99, -1
21, 240, -1
21, 368, -1
21, 460, -1
21, 426, -1
21, 324, -1
21, 447, -1
21, 415, -1
21, 262, -1

176, 382, 1
176, 348, 1
176, 120, 1
176, 371, 1
176, 165, 1
176, 421, 1
176, 474, 1
176, 385, 1
176, 474, 1
176, 62, 1
176, 8, 1
176, 496, 1
176, 7, 1
176, 308, 1
176, 21, 1
3, 382, 1
3, 348, 1
3, 120, 1
3, 371, 1
3, 165, 1
3, 421, 1
3, 474, 1
3, 385, 1
3, 474, 1
3, 62, 1
3, 8, 1
3, 496, 1
3, 7, 1
3, 308, 1
3, 21, 1
3, 176, 1
285, 382, 1
285, 348, 1
285, 120, 1
285, 371, 1
285, 165, 1
285, 421, 1
285, 474, 1
285, 385, 1
285, 474, 1
285, 62, 1
285, 8, 1
285, 496, 1
285, 7, 1
285, 308, 1
285, 21, 1
285, 176, 1
285, 3, 1
221, 126, 1
221, 164, 1
221, 249, 1
221, 109, 1
221, 121, 1
221, 155, 1
221, 5, 1
221, 84, 1
221, 232, 1
221, 86, 1
221, 224, 1
221, 110, 1
221, 46, 1
221, 180, 1
221, 209, 1
221, 99, 1
221, 240, 1
221, 368, 1
221, 460, 1
221, 426, 1
221, 324, 1
221, 447, 1
221, 415, 1
221, 262, 1
221, 325, 1
403, 126, 1
403, 164, 1
403, 249, 1
403, 109, 1
403, 121, 1
403, 155, 1
403, 5, 1
403, 84, 1
403, 232, 1
403, 86, 1
403, 224, 1
403, 110, 1
403, 46, 1
403, 180, 1
403, 209, 1
403, 99, 1
403, 240, 1
403, 368, 1
403, 460, 1
403, 426, 1
403, 324, 1
403, 447, 1
403, 415, 1
403, 262, 1
403, 325, 1
403, 221, 1
176, 126, -1
176, 164, -1
176, 249, -1
176, 109, -1
176, 121, -1
176, 155, -1
176, 5, -1
176, 84, -1
176, 232, -1
176, 86, -1
176, 224, -1
176, 110, -1
176, 46, -1
176, 180, -1
176, 209, -1
176, 99, -1
176, 240, -1
176, 368, -1
176, 460, -1
176, 426, -1
176, 324, -1
176, 447, -1
176, 415, -1
176, 262, -1
176, 325, -1
3, 126, -1
3, 164, -1
3, 249, -1
3, 109, -1
3, 121, -1
3, 155, -1
3, 5, -1
3, 84, -1
3, 232, -1
3, 86, -1
3, 224, -1
3, 110, -1
3, 46, -1
3, 180, -1
3, 209, -1
3, 99, -1
3, 240, -1
3, 368, -1
3, 460, -1
3, 426, -1
3, 324, -1
3, 447, -1
3, 415, -1
3, 262, -1
3, 325, -1
285, 126, -1
285, 164, -1
285, 249, -1
285, 109, -1
285, 121, -1
285, 155, -1
285, 5, -1
285, 84, -1
285, 232, -1
285, 86, -1
285, 224, -1
285, 110, -1
285, 46, -1
285, 180, -1
285, 209, -1
285, 99, -1
285, 240, -1
285, 368, -1
285, 460, -1
285, 426, -1
285, 324, -1
285, 447, -1
285, 415, -1
285, 262, -1
285, 325, -1
221, 382, -1
221, 348, -1
221, 120, -1
221, 371, -1
221, 165, -1
221, 421, -1
221, 474, -1
221, 385, -1
221, 474, -1
221, 62, -1
221, 8, -1
221, 496, -1
221, 7, -1
221, 308, -1
221, 21, -1
221, 176, -1
221, 3, -1
221, 285, -1
403, 382, -1
403, 348, -1
403, 120, -1
403, 371, -1
403, 165, -1
403, 421, -1
403, 474, -1
403, 385, -1
403, 474, -1
403, 62, -1
403, 8, -1
403, 496, -1
403, 7, -1
403, 308, -1
403, 21, -1
403, 176, -1
403, 3, -1
403, 285, -1

420, 382, 1
420, 348, 1
420, 120, 1
420, 371, 1
420, 165, 1
420, 421, 1
420, 474, 1
420, 385, 1
420, 474, 1
420, 62, 1
420, 8, 1
420, 496, 1
420, 7, 1
420, 308, 1
420, 21, 1
420, 176, 1
420, 3, 1
420, 285, 1
466, 382, 1
466, 348, 1
466, 120, 1
466, 371, 1
466, 165, 1
466, 421, 1
466, 474, 1
466, 385, 1
466, 474, 1
466, 62, 1
466, 8, 1
466, 496, 1
466, 7, 1
466, 308, 1
466, 21, 1
466, 176, 1
466, 3, 1
466, 285, 1
466, 420, 1
491, 382, 1
491, 348, 1
491, 120, 1
491, 371, 1
491, 165, 1
491, 421, 1
491, 474, 1
491, 385, 1
491, 474, 1
491, 62, 1
491, 8, 1
491, 496, 1
491, 7, 1
491, 308, 1
491, 21, 1
491, 176, 1
491, 3, 1
491, 285, 1
491, 420, 1
491, 466, 1
241, 126, 1
241, 164, 1
241, 249, 1
241, 109, 1
241, 121, 1
241, 155, 1
241, 5, 1
241, 84, 1
241, 232, 1
241, 86, 1
241, 224, 1
241, 110, 1
241, 46, 1
241, 180, 1
241, 209, 1
241, 99, 1
241, 240, 1
241, 368, 1
241, 460, 1
241, 426, 1
241, 324, 1
241, 447, 1
241, 415, 1
241, 262, 1
241, 325, 1
241, 221, 1
241, 403, 1
241, 185, 1
425, 126, 1
425, 164, 1
425, 249, 1
425, 109, 1
425, 121, 1
425, 155, 1
425, 5, 1
425, 84, 1
425, 232, 1
425, 86, 1
425, 224, 1
425, 110, 1
425, 46, 1
425, 180, 1
425, 209, 1
425, 99, 1
425, 240, 1
425, 368, 1
425, 460, 1
425, 426, 1
425, 324, 1
425, 447, 1
425, 415, 1
425, 262, 1
425, 325, 1
425, 221, 1
425, 403, 1
425, 185, 1
425, 241, 1
420, 126, -1
420, 164, -1
420, 249, -1
420, 109, -1
420, 121, -1
420, 155, -1
420, 5, -1
420, 84, -1
420, 232, -1
420, 86, -1
420, 224, -1
420, 110, -1
420, 46, -1
420, 180, -1
420, 209, -1
420, 99, -1
420, 240, -1
420, 368, -1
420, 460, -1
420, 426, -1
420, 324, -1
420, 447, -1
420, 415, -1
420, 262, -1
420, 325, -1
420, 221, -1
420, 403, -1
420, 185, -1
466, 126, -1
466, 164, -1
466, 249, -1
466, 109, -1
466, 121, -1
466, 155, -1
466, 5, -1
466, 84, -1
466, 232, -1
466, 86, -1
466, 224, -1
466, 110, -1
466, 46, -1
466, 180, -1
466, 209, -1
466, 99, -1
466, 240, -1
466, 368, -1
466, 460, -1
466, 426, -1
466, 324, -1
466, 447, -1
466, 415, -1
466, 262, -1
466, 325, -1
466, 221, -1
466, 403, -1
466, 185, -1
491, 126, -1
491, 164, -1
491, 249, -1
491, 109, -1
491, 121, -1
491, 155, -1
491, 5, -1
491, 84, -1
491, 232, -1
491, 86, -1
491, 224, -1
491, 110, -1
491, 46, -1
491, 180, -1
491, 209, -1
491, 99, -1
491, 240, -1
491, 368, -1
491, 460, -1
491, 426, -1
491, 324, -1
491, 447, -1
491, 415, -1
491, 262, -1
491, 325, -1
491, 221, -1
491, 403, -1
491, 185, -1
241, 382, -1
241, 348, -1
241, 120, -1
241, 371, -1
241, 165, -1
241, 421, -1
241, 474, -1
241, 385, -1
241, 474, -1
241, 62, -1
241, 8, -1
241, 496, -1
241, 7, -1
241, 308, -1
241, 21, -1
241, 176, -1
241, 3, -1
241, 285, -1
241, 420, -1
241, 466, -1
241, 491, -1
425, 382, -1
425, 348, -1
425, 120, -1
425, 371, -1
425, 165, -1
425, 421, -1
425, 474, -1
425, 385, -1
425, 474, -1
425, 62, -1
425, 8, -1
425, 496, -1
425, 7, -1
425, 308, -1
425, 21, -1
425, 176, -1
425, 3, -1
425, 285, -1
425, 420, -1
425, 466, -1
425, 491, -1

118, 126, 1
118, 164, 1
118, 249, 1
118, 109, 1
118, 121, 1
118, 155, 1
118, 5, 1
118, 84, 1
118, 232, 1
118, 86, 1
118, 224, 1
118, 110, 1
118, 46, 1
118, 180, 1
118, 209, 1
118, 99, 1
118, 240, 1
118, 368, 1
118, 460, 1
118, 426, 1
118, 324, 1
118, 447, 1
118, 415, 1
118, 262, 1
118, 325, 1
118, 221, 1
118, 403, 1
118, 185, 1
118, 241, 1
118, 425, 1
270, 126, 1
270, 164, 1
270, 249, 1
270, 109, 1
270, 121, 1
270, 155, 1
270, 5, 1
270, 84, 1
270, 232, 1
270, 86, 1
270, 224, 1
270, 110, 1
270, 46, 1
270, 180, 1
270, 209, 1
270, 99, 1
270, 240, 1
270, 368, 1
270, 460, 1
270, 426, 1
270, 324, 1
270, 447, 1
270, 415, 1
270, 262, 1
270, 325, 1
270, 221, 1
270, 403, 1
270, 185, 1
270, 241, 1
270, 425, 1
270, 118, 1
288, 382, 1
288, 348, 1
288, 120, 1
288, 371, 1
288, 165, 1
288, 421, 1
288, 474, 1
288, 385, 1
288, 474, 1
288, 62, 1
288, 8, 1
288, 496, 1
288, 7, 1
288, 308, 1
288, 21, 1
288, 176, 1
288, 3, 1
288, 285, 1
288, 420, 1
288, 466, 1
288, 491, 1
11, 382, 1
11, 348, 1
11, 120, 1
11, 371, 1
11, 165, 1
11, 421, 1
11, 474, 1
11, 385, 1
11, 474, 1
11, 62, 1
11, 8, 1
11, 496, 1
11, 7, 1
11, 308, 1
11, 21, 1
11, 176, 1
11, 3, 1
11, 285, 1
11, 420, 1
11, 466, 1
11, 491, 1
11, 288, 1
175, 382, 1
175, 348, 1
175, 120, 1
175, 371, 1
175, 165, 1
175, 421, 1
175, 474, 1
175, 385, 1
175, 474, 1
175, 62, 1
175, 8, 1
175, 496, 1
175, 7, 1
175, 308, 1
175, 21, 1
175, 176, 1
175, 3, 1
175, 285, 1
175, 420, 1
175, 466, 1
175, 491, 1
175, 288, 1
175, 11, 1
118, 382, -1
118, 348, -1
118, 120, -1
118, 371, -1
118, 165, -1
118, 421, -1
118, 474, -1
118, 385, -1
118, 474, -1
118, 62, -1
118, 8, -1
118, 496, -1
118, 7, -1
118, 308, -1
118, 21, -1
118, 176, -1
118, 3, -1
118, 285, -1
118, 420, -1
118, 466, -1
118, 491, -1
270, 382, -1
270, 348, -1
270, 120, -1
270, 371, -1
270, 165, -1
270, 421, -1
270, 474, -1
270, 385, -1
270, 474, -1
270, 62, -1
270, 8, -1
270, 496, -1
270, 7, -1
270, 308, -1
270, 21, -1
270, 176, -1
270, 3, -1
270, 285, -1
270, 420, -1
270, 466, -1
270, 491, -1
288, 126, -1
288, 164, -1
288, 249, -1
288, 109, -1
288, 121, -1
288, 155, -1
288, 5, -1
288, 84, -1
288, 232, -1
288, 86, -1
288, 224, -1
288, 110, -1
288, 46, -1
288, 180, -1
288, 209, -1
288, 99, -1
288, 240, -1
288, 368, -1
288, 460, -1
288, 426, -1
288, 324, -1
288, 447, -1
288, 415, -1
288, 262, -1
288, 325, -1
288, 221, -1
288, 403, -1
288, 185, -1
288, 241, -1
288, 425, -1
288, 118, -1
288, 270, -1
11, 126, -1
11, 164, -1
11, 249, -1
11, 109, -1
11, 121, -1
11, 155, -1
11, 5, -1
11, 84, -1
11, 232, -1
11, 86, -1
11, 224, -1
11, 110, -1
11, 46, -1
11, 180, -1
11, 209, -1
11, 99, -1
11, 240, -1
11, 368, -1
11, 460, -1
11, 426, -1
11, 324, -1
11, 447, -1
11, 415, -1
11, 262, -1
11, 325, -1
11, 221, -1
11, 403, -1
11, 185, -1
11, 241, -1
11, 425, -1
11, 118, -1
11, 270, -1
175, 126, -1
175, 164, -1
175, 249, -1
175, 109, -1
175, 121, -1
175, 155, -1
175, 5, -1
175, 84, -1
175, 232, -1
175, 86, -1
175, 224, -1
175, 110, -1
175, 46, -1
175, 180, -1
175, 209, -1
175, 99, -1
175, 240, -1
175, 368, -1
175, 460, -1
175, 426, -1
175, 324, -1
175, 447, -1
175, 415, -1
175, 262, -1
175, 325, -1
175, 221, -1
175, 403, -1
175, 185, -1
175, 241, -1
175, 425, -1
175, 118, -1
175, 270, -1

246, 382, 1
246, 348, 1
246, 120, 1
246, 371, 1
246, 165, 1
246, 421, 1
246, 474, 1
246, 385, 1
246, 474, 1
246, 62, 1
246, 8, 1
246, 496, 1
246, 7, 1
246, 308, 1
246, 21, 1
246, 176, 1
246, 3, 1
246, 285, 1
246, 420, 1
246, 466, 1
246, 491, 1
246, 288, 1
246, 11, 1
246, 175, 1
246, 389, 1
283, 126, 1
283, 164, 1
283, 249, 1
283, 109, 1
283, 121, 1
283, 155, 1
283, 5, 1
283, 84, 1
283, 232, 1
283, 86, 1
283, 224, 1
283, 110, 1
283, 46, 1
283, 180, 1
283, 209, 1
283, 99, 1
283, 240, 1
283, 368, 1
283, 460, 1
283, 426, 1
283, 324, 1
283, 447, 1
283, 415, 1
283, 262, 1
283, 325, 1
283, 221, 1
283, 403, 1
283, 185, 1
283, 241, 1
283, 425, 1
283, 118, 1
283, 270, 1
390, 382, 1
390, 348, 1
390, 120, 1
390, 371, 1
390, 165, 1
390, 421, 1
390, 474, 1
390, 385, 1
390, 474, 1
390, 62, 1
390, 8, 1
390, 496, 1
390, 7, 1
390, 308, 1
390, 21, 1
390, 176, 1
390, 3, 1
390, 285, 1
390, 420, 1
390, 466, 1
390, 491, 1
390, 288, 1
390, 11, 1
390, 175, 1
390, 389, 1
390, 246, 1
359, 382, 1
359, 348, 1
359, 120, 1
359, 371, 1
359, 165, 1
359, 421, 1
359, 474, 1
359, 385, 1
359, 474, 1
359, 62, 1
359, 8, 1
359, 496, 1
359, 7, 1
359, 308, 1
359, 21, 1
359, 176, 1
359, 3, 1
359, 285, 1
359, 420, 1
359, 466, 1
359, 491, 1
359, 288, 1
359, 11, 1
359, 175, 1
359, 389, 1
359, 246, 1
359, 390, 1
246, 126, -1
246, 164, -1
246, 249, -1
246, 109, -1
246, 121, -1
246, 155, -1
246, 5, -1
246, 84, -1
246, 232, -1
246, 86, -1
246, 224, -1
246, 110, -1
246, 46, -1
246, 180, -1
246, 209, -1
246, 99, -1
246, 240, -1
246, 368, -1
246, 460, -1
246, 426, -1
246, 324, -1
246, 447, -1
246, 415, -1
246, 262, -1
246, 325, -1
246, 221, -1
246, 403, -1
246, 185, -1
246, 241, -1
246, 425, -1
246, 118, -1
246, 270, -1
283, 382, -1
283, 348, -1
283, 120, -1
283, 371, -1
283, 165, -1
283, 421, -1
283, 474, -1
283, 385, -1
283, 474, -1
283, 62, -1
283, 8, -1
283, 496, -1
283, 7, -1
283, 308, -1
283, 21, -1
283, 176, -1
283, 3, -1
283, 285, -1
283, 420, -1
283, 466, -1
283, 491, -1
283, 288, -1
283, 11, -1
283, 175, -1
283, 389, -1
283, 246, -1
390, 126, -1
390, 164, -1
390, 249, -1
390, 109, -1
390, 121, -1
390, 155, -1
390, 5, -1
390, 84, -1
390, 232, -1
390, 86, -1
390, 224, -1
390, 110, -1
390, 46, -1
390, 180, -1
390, 209, -1
390, 99, -1
390, 240, -1
390, 368, -1
390, 460, -1
390, 426, -1
390, 324, -1
390, 447, -1
390, 415, -1
390, 262, -1
390, 325, -1
390, 221, -1
390, 403, -1
390, 185, -1
390, 241, -1
390, 425, -1
390, 118, -1
390, 270, -1
390, 283, -1
359, 126, -1
359, 164, -1
359, 249, -1
359, 109, -1
359, 121, -1
359, 155, -1
359, 5, -1
359, 84, -1
359, 232, -1
359, 86, -1
359, 224, -1
359, 110, -1
359, 46, -1
359, 180, -1
359, 209, -1
359, 99, -1
359, 240, -1
359, 368, -1
359, 460, -1
359, 426, -1
359, 324, -1
359, 447, -1
359, 415, -1
359, 262, -1
359, 325, -1
359, 221, -1
359, 403, -1
359, 185, -1
359, 241, -1
359, 425, -1
359, 118, -1
359, 270, -1
359, 283, -1

