348, 382, 1
164, 126, 1
249, 126, 1
249, 164, 1
120, 382, 1
120, 348, 1
371, 382, 1
371, 348, 1
371, 120, 1
109, 126, 1
109, 164, 1
109, 249, 1
126, 382, -1
126, 348, -1
164, 382, -1
164, 348, -1
249, 382, -1
249, 348, -1
120, 126, -1
120, 164, -1
120, 249, -1
371, 126, -1
371, 164, -1
371, 249, -1
109, 382, -1
109, 348, -1
109, 120, -1
109, 371, -1

155, 126, 1
155, 164, 1
155, 249, 1
155, 109, 1
155, 60, 1
301, 126, 1
301, 164, 1
301, 249, 1
301, 109, 1
301, 60, 1
301, 155, 1
431, 382, 1
431, 348, 1
431, 120, 1
431, 371, 1
431, 474, 1
313, 382, 1
313, 348, 1
313, 120, 1
313, 371, 1
313, 474, 1
313, 431, 1
391, 382, 1
391, 348, 1
391, 120, 1
391, 371, 1
391, 474, 1
391, 431, 1
391, 313, 1
155, 382, -1
155, 348, -1
155, 120, -1
155, 371, -1
155, 474, -1
301, 382, -1
301, 348, -1
301, 120, -1
301, 371, -1
301, 474, -1
431, 126, -1
431, 164, -1
431, 249, -1
431, 109, -1
431, 60, -1
431, 155, -1
431, 301, -1
313, 126, -1
313, 164, -1
313, 249, -1
313, 109, -1
313, 60, -1
313, 155, -1
313, 301, -1
391, 126, -1
391, 164, -1
391, 249, -1
391, 109, -1
391, 60, -1
391, 155, -1
391, 301, -1

32, 126, 1
32, 164, 1
32, 249, 1
32, 109, 1
32, 60, 1
32, 155, 1
32, 301, 1
32, 293, 1
293, 126, 1
293, 164, 1
293, 249, 1
293, 109, 1
293, 60, 1
293, 155, 1
293, 301, 1
293, 293, 1
293, 32, 1
224, 126, 1
224, 164, 1
224, 249, 1
224, 109, 1
224, 60, 1
224, 155, 1
224, 301, 1
224, 293, 1
224, 32, 1
224, 293, 1
62, 382, 1
62, 348, 1
62, 120, 1
62, 371, 1
62, 474, 1
62, 431, 1
62, 313, 1
62, 391, 1
62, 332, 1
97, 126, 1
97, 164, 1
97, 249, 1
97, 109, 1
97, 60, 1
97, 155, 1
97, 301, 1
97, 293, 1
97, 32, 1
97, 293, 1
97, 224, 1
5, 126, 1
5, 164, 1
5, 249, 1
5, 109, 1
5, 60, 1
5, 155, 1
5, 301, 1
5, 293, 1
5, 32, 1
5, 293, 1
5, 224, 1
5, 97, 1
32, 382, -1
32, 348, -1
32, 120, -1
32, 371, -1
32, 474, -1
32, 431, -1
32, 313, -1
32, 391, -1
32, 332, -1
293, 382, -1
293, 348, -1
293, 120, -1
293, 371, -1
293, 474, -1
293, 431, -1
293, 313, -1
293, 391, -1
293, 332, -1
224, 382, -1
224, 348, -1
224, 120, -1
224, 371, -1
224, 474, -1
224, 431, -1
224, 313, -1
224, 391, -1
224, 332, -1
62, 126, -1
62, 164, -1
62, 249, -1
62, 109, -1
62, 60, -1
62, 155, -1
62, 301, -1
62, 293, -1
62, 32, -1
62, 293, -1
62, 224, -1
97, 382, -1
97, 348, -1
97, 120, -1
97, 371, -1
97, 474, -1
97, 431, -1
97, 313, -1
97, 391, -1
97, 332, -1
97, 62, -1
5, 382, -1
5, 348, -1
5, 120, -1
5, 371, -1
5, 474, -1
5, 431, -1
5, 313, -1
5, 391, -1
5, 332, -1
5, 62, -1

385, 382, 1
385, 348, 1
385, 120, 1
385, 371, 1
385, 474, 1
385, 431, 1
385, 313, 1
385, 391, 1
385, 332, 1
385, 62, 1
385, 272, 1
65, 126, 1
65, 164, 1
65, 249, 1
65, 109, 1
65, 60, 1
65, 155, 1
65, 301, 1
65, 293, 1
65, 32, 1
65, 293, 1
65, 224, 1
65, 97, 1
65, 5, 1
65, 430, 1
272, 382, 1
272, 348, 1
272, 120, 1
272, 371, 1
272, 474, 1
272, 431, 1
272, 313, 1
272, 391, 1
272, 332, 1
272, 62, 1
272, 272, 1
272, 385, 1
172, 126, 1
172, 164, 1
172, 249, 1
172, 109, 1
172, 60, 1
172, 155, 1
172, 301, 1
172, 293, 1
172, 32, 1
172, 293, 1
172, 224, 1
172, 97, 1
172, 5, 1
172, 430, 1
172, 65, 1
244, 126, 1
244, 164, 1
244, 249, 1
244, 109, 1
244, 60, 1
244, 155, 1
244, 301, 1
244, 293, 1
244, 32, 1
244, 293, 1
244, 224, 1
244, 97, 1
244, 5, 1
244, 430, 1
244, 65, 1
244, 172, 1
390, 382, 1
390, 348, 1
390, 120, 1
390, 371, 1
390, 474, 1
390, 431, 1
390, 313, 1
390, 391, 1
390, 332, 1
390, 62, 1
390, 272, 1
390, 385, 1
390, 272, 1
385, 126, -1
385, 164, -1
385, 249, -1
385, 109, -1
385, 60, -1
385, 155, -1
385, 301, -1
385, 293, -1
385, 32, -1
385, 293, -1
385, 224, -1
385, 97, -1
385, 5, -1
385, 430, -1
65, 382, -1
65, 348, -1
65, 120, -1
65, 371, -1
65, 474, -1
65, 431, -1
65, 313, -1
65, 391, -1
65, 332, -1
65, 62, -1
65, 272, -1
65, 385, -1
272, 126, -1
272, 164, -1
272, 249, -1
272, 109, -1
272, 60, -1
272, 155, -1
272, 301, -1
272, 293, -1
272, 32, -1
272, 293, -1
272, 224, -1
272, 97, -1
272, 5, -1
272, 430, -1
272, 65, -1
172, 382, -1
172, 348, -1
172, 120, -1
172, 371, -1
172, 474, -1
172, 431, -1
172, 313, -1
172, 391, -1
172, 332, -1
172, 62, -1
172, 272, -1
172, 385, -1
172, 272, -1
244, 382, -1
244, 348, -1
244, 120, -1
244, 371, -1
244, 474, -1
244, 431, -1
244, 313, -1
244, 391, -1
244, 332, -1
244, 62, -1
244, 272, -1
244, 385, -1
244, 272, -1
390, 126, -1
390, 164, -1
390, 249, -1
390, 109, -1
390, 60, -1
390, 155, -1
390, 301, -1
390, 293, -1
390, 32, -1
390, 293, -1
390, 224, -1
390, 97, -1
390, 5, -1
390, 430, -1
390, 65, -1
390, 172, -1
390, 244, -1

42, 126, 1
42, 164, 1
42, 249, 1
42, 109, 1
42, 60, 1
42, 155, 1
42, 301, 1
42, 293, 1
42, 32, 1
42, 293, 1
42, 224, 1
42, 97, 1
42, 5, 1
42, 430, 1
42, 65, 1
42, 172, 1
42, 244, 1
42, 147, 1
42, 42, 1
147, 126, 1
147, 164, 1
147, 249, 1
147, 109, 1
147, 60, 1
147, 155, 1
147, 301, 1
147, 293, 1
147, 32, 1
147, 293, 1
147, 224, 1
147, 97, 1
147, 5, 1
147, 430, 1
147, 65, 1
147, 172, 1
147, 244, 1
147, 147, 1
147, 42, 1
147, 42, 1
110, 126, 1
110, 164, 1
110, 249, 1
110, 109, 1
110, 60, 1
110, 155, 1
110, 301, 1
110, 293, 1
110, 32, 1
110, 293, 1
110, 224, 1
110, 97, 1
110, 5, 1
110, 430, 1
110, 65, 1
110, 172, 1
110, 244, 1
110, 147, 1
110, 42, 1
110, 42, 1
110, 147, 1
99, 126, 1
99, 164, 1
99, 249, 1
99, 109, 1
99, 60, 1
99, 155, 1
99, 301, 1
99, 293, 1
99, 32, 1
99, 293, 1
99, 224, 1
99, 97, 1
99, 5, 1
99, 430, 1
99, 65, 1
99, 172, 1
99, 244, 1
99, 147, 1
99, 42, 1
99, 42, 1
99, 147, 1
99, 110, 1
252, 126, 1
252, 164, 1
252, 249, 1
252, 109, 1
252, 60, 1
252, 155, 1
252, 301, 1
252, 293, 1
252, 32, 1
252, 293, 1
252, 224, 1
252, 97, 1
252, 5, 1
252, 430, 1
252, 65, 1
252, 172, 1
252, 244, 1
252, 147, 1
252, 42, 1
252, 42, 1
252, 147, 1
252, 110, 1
252, 99, 1
491, 382, 1
491, 348, 1
491, 120, 1
491, 371, 1
491, 474, 1
491, 431, 1
491, 313, 1
491, 391, 1
491, 332, 1
491, 62, 1
491, 272, 1
491, 385, 1
491, 272, 1
491, 390, 1
491, 101, 1
491, 484, 1
466, 382, 1
466, 348, 1
466, 120, 1
466, 371, 1
466, 474, 1
466, 431, 1
466, 313, 1
466, 391, 1
466, 332, 1
466, 62, 1
466, 272, 1
466, 385, 1
466, 272, 1
466, 390, 1
466, 101, 1
466, 484, 1
466, 491, 1
42, 382, -1
42, 348, -1
42, 120, -1
42, 371, -1
42, 474, -1
42, 431, -1
42, 313, -1
42, 391, -1
42, 332, -1
42, 62, -1
42, 272, -1
42, 385, -1
42, 272, -1
42, 390, -1
42, 101, -1
42, 484, -1
147, 382, -1
147, 348, -1
147, 120, -1
147, 371, -1
147, 474, -1
147, 431, -1
147, 313, -1
147, 391, -1
147, 332, -1
147, 62, -1
147, 272, -1
147, 385, -1
147, 272, -1
147, 390, -1
147, 101, -1
147, 484, -1
110, 382, -1
110, 348, -1
110, 120, -1
110, 371, -1
110, 474, -1
110, 431, -1
110, 313, -1
110, 391, -1
110, 332, -1
110, 62, -1
110, 272, -1
110, 385, -1
110, 272, -1
110, 390, -1
110, 101, -1
110, 484, -1
99, 382, -1
99, 348, -1
99, 120, -1
99, 371, -1
99, 474, -1
99, 431, -1
99, 313, -1
99, 391, -1
99, 332, -1
99, 62, -1
99, 272, -1
99, 385, -1
99, 272, -1
99, 390, -1
99, 101, -1
99, 484, -1
252, 382, -1
252, 348, -1
252, 120, -1
252, 371, -1
252, 474, -1
252, 431, -1
252, 313, -1
252, 391, -1
252, 332, -1
252, 62, -1
252, 272, -1
252, 385, -1
252, 272, -1
252, 390, -1
252, 101, -1
252, 484, -1
491, 126, -1
491, 164, -1
491, 249, -1
491, 109, -1
491, 60, -1
491, 155, -1
491, 301, -1
491, 293, -1
491, 32, -1
491, 293, -1
491, 224, -1
491, 97, -1
491, 5, -1
491, 430, -1
491, 65, -1
491, 172, -1
491, 244, -1
491, 147, -1
491, 42, -1
491, 42, -1
491, 147, -1
491, 110, -1
491, 99, -1
491, 252, -1
466, 126, -1
466, 164, -1
466, 249, -1
466, 109, -1
466, 60, -1
466, 155, -1
466, 301, -1
466, 293, -1
466, 32, -1
466, 293, -1
466, 224, -1
466, 97, -1
466, 5, -1
466, 430, -1
466, 65, -1
466, 172, -1
466, 244, -1
466, 147, -1
466, 42, -1
466, 42, -1
466, 147, -1
466, 110, -1
466, 99, -1
466, 252, -1

436, 126, 1
436, 164, 1
436, 249, 1
436, 109, 1
436, 60, 1
436, 155, 1
436, 301, 1
436, 293, 1
436, 32, 1
436, 293, 1
436, 224, 1
436, 97, 1
436, 5, 1
436, 430, 1
436, 65, 1
436, 172, 1
436, 244, 1
436, 147, 1
436, 42, 1
436, 42, 1
436, 147, 1
436, 110, 1
436, 99, 1
436, 252, 1
436, 322, 1
436, 436, 1
457, 126, 1
457, 164, 1
457, 249, 1
457, 109, 1
457, 60, 1
457, 155, 1
457, 301, 1
457, 293, 1
457, 32, 1
457, 293, 1
457, 224, 1
457, 97, 1
457, 5, 1
457, 430, 1
457, 65, 1
457, 172, 1
457, 244, 1
457, 147, 1
457, 42, 1
457, 42, 1
457, 147, 1
457, 110, 1
457, 99, 1
457, 252, 1
457, 322, 1
457, 436, 1
457, 436, 1
415, 126, 1
415, 164, 1
415, 249, 1
415, 109, 1
415, 60, 1
415, 155, 1
415, 301, 1
415, 293, 1
415, 32, 1
415, 293, 1
415, 224, 1
415, 97, 1
415, 5, 1
415, 430, 1
415, 65, 1
415, 172, 1
415, 244, 1
415, 147, 1
415, 42, 1
415, 42, 1
415, 147, 1
415, 110, 1
415, 99, 1
415, 252, 1
415, 322, 1
415, 436, 1
415, 436, 1
415, 457, 1
209, 126, 1
209, 164, 1
209, 249, 1
209, 109, 1
209, 60, 1
209, 155, 1
209, 301, 1
209, 293, 1
209, 32, 1
209, 293, 1
209, 224, 1
209, 97, 1
209, 5, 1
209, 430, 1
209, 65, 1
209, 172, 1
209, 244, 1
209, 147, 1
209, 42, 1
209, 42, 1
209, 147, 1
209, 110, 1
209, 99, 1
209, 252, 1
209, 322, 1
209, 436, 1
209, 436, 1
209, 457, 1
209, 415, 1
251, 126, 1
251, 164, 1
251, 249, 1
251, 109, 1
251, 60, 1
251, 155, 1
251, 301, 1
251, 293, 1
251, 32, 1
251, 293, 1
251, 224, 1
251, 97, 1
251, 5, 1
251, 430, 1
251, 65, 1
251, 172, 1
251, 244, 1
251, 147, 1
251, 42, 1
251, 42, 1
251, 147, 1
251, 110, 1
251, 99, 1
251, 252, 1
251, 322, 1
251, 436, 1
251, 436, 1
251, 457, 1
251, 415, 1
251, 209, 1
288, 382, 1
288, 348, 1
288, 120, 1
288, 371, 1
288, 474, 1
288, 431, 1
288, 313, 1
288, 391, 1
288, 332, 1
288, 62, 1
288, 272, 1
288, 385, 1
288, 272, 1
288, 390, 1
288, 101, 1
288, 484, 1
288, 491, 1
288, 466, 1
288, 27, 1
288, 266, 1
102, 382, 1
102, 348, 1
102, 120, 1
102, 371, 1
102, 474, 1
102, 431, 1
102, 313, 1
102, 391, 1
102, 332, 1
102, 62, 1
102, 272, 1
102, 385, 1
102, 272, 1
102, 390, 1
102, 101, 1
102, 484, 1
102, 491, 1
102, 466, 1
102, 27, 1
102, 266, 1
102, 288, 1
436, 382, -1
436, 348, -1
436, 120, -1
436, 371, -1
436, 474, -1
436, 431, -1
436, 313, -1
436, 391, -1
436, 332, -1
436, 62, -1
436, 272, -1
436, 385, -1
436, 272, -1
436, 390, -1
436, 101, -1
436, 484, -1
436, 491, -1
436, 466, -1
436, 27, -1
436, 266, -1
457, 382, -1
457, 348, -1
457, 120, -1
457, 371, -1
457, 474, -1
457, 431, -1
457, 313, -1
457, 391, -1
457, 332, -1
457, 62, -1
457, 272, -1
457, 385, -1
457, 272, -1
457, 390, -1
457, 101, -1
457, 484, -1
457, 491, -1
457, 466, -1
457, 27, -1
457, 266, -1
415, 382, -1
415, 348, -1
415, 120, -1
415, 371, -1
415, 474, -1
415, 431, -1
415, 313, -1
415, 391, -1
415, 332, -1
415, 62, -1
415, 272, -1
415, 385, -1
415, 272, -1
415, 390, -1
415, 101, -1
415, 484, -1
415, 491, -1
415, 466, -1
415, 27, -1
415, 266, -1
209, 382, -1
209, 348, -1
209, 120, -1
209, 371, -1
209, 474, -1
209, 431, -1
209, 313, -1
209, 391, -1
209, 332, -1
209, 62, -1
209, 272, -1
209, 385, -1
209, 272, -1
209, 390, -1
209, 101, -1
209, 484, -1
209, 491, -1
209, 466, -1
209, 27, -1
209, 266, -1
251, 382, -1
251, 348, -1
251, 120, -1
251, 371, -1
251, 474, -1
251, 431, -1
251, 313, -1
251, 391, -1
251, 332, -1
251, 62, -1
251, 272, -1
251, 385, -1
251, 272, -1
251, 390, -1
251, 101, -1
251, 484, -1
251, 491, -1
251, 466, -1
251, 27, -1
251, 266, -1
288, 126, -1
288, 164, -1
288, 249, -1
288, 109, -1
288, 60, -1
288, 155, -1
288, 301, -1
288, 293, -1
288, 32, -1
288, 293, -1
288, 224, -1
288, 97, -1
288, 5, -1
288, 430, -1
288, 65, -1
288, 172, -1
288, 244, -1
288, 147, -1
288, 42, -1
288, 42, -1
288, 147, -1
288, 110, -1
288, 99, -1
288, 252, -1
288, 322, -1
288, 436, -1
288, 436, -1
288, 457, -1
288, 415, -1
288, 209, -1
288, 251, -1
102, 126, -1
102, 164, -1
102, 249, -1
102, 109, -1
102, 60, -1
102, 155, -1
102, 301, -1
102, 293, -1
102, 32, -1
102, 293, -1
102, 224, -1
102, 97, -1
102, 5, -1
102, 430, -1
102, 65, -1
102, 172, -1
102, 244, -1
102, 147, -1
102, 42, -1
102, 42, -1
102, 147, -1
102, 110, -1
102, 99, -1
102, 252, -1
102, 322, -1
102, 436, -1
102, 436, -1
102, 457, -1
102, 415, -1
102, 209, -1
102, 251, -1

111, 382, 1
111, 348, 1
111, 120, 1
111, 371, 1
111, 474, 1
111, 431, 1
111, 313, 1
111, 391, 1
111, 332, 1
111, 62, 1
111, 272, 1
111, 385, 1
111, 272, 1
111, 390, 1
111, 101, 1
111, 484, 1
111, 491, 1
111, 466, 1
111, 27, 1
111, 266, 1
111, 288, 1
111, 102, 1
111, 498, 1
403, 126, 1
403, 164, 1
403, 249, 1
403, 109, 1
403, 60, 1
403, 155, 1
403, 301, 1
403, 293, 1
403, 32, 1
403, 293, 1
403, 224, 1
403, 97, 1
403, 5, 1
403, 430, 1
403, 65, 1
403, 172, 1
403, 244, 1
403, 147, 1
403, 42, 1
403, 42, 1
403, 147, 1
403, 110, 1
403, 99, 1
403, 252, 1
403, 322, 1
403, 436, 1
403, 436, 1
403, 457, 1
403, 415, 1
403, 209, 1
403, 251, 1
403, 417, 1
483, 126, 1
483, 164, 1
483, 249, 1
483, 109, 1
483, 60, 1
483, 155, 1
483, 301, 1
483, 293, 1
483, 32, 1
483, 293, 1
483, 224, 1
483, 97, 1
483, 5, 1
483, 430, 1
483, 65, 1
483, 172, 1
483, 244, 1
483, 147, 1
483, 42, 1
483, 42, 1
483, 147, 1
483, 110, 1
483, 99, 1
483, 252, 1
483, 322, 1
483, 436, 1
483, 436, 1
483, 457, 1
483, 415, 1
483, 209, 1
483, 251, 1
483, 417, 1
483, 403, 1
353, 382, 1
353, 348, 1
353, 120, 1
353, 371, 1
353, 474, 1
353, 431, 1
353, 313, 1
353, 391, 1
353, 332, 1
353, 62, 1
353, 272, 1
353, 385, 1
353, 272, 1
353, 390, 1
353, 101, 1
353, 484, 1
353, 491, 1
353, 466, 1
353, 27, 1
353, 266, 1
353, 288, 1
353, 102, 1
353, 498, 1
353, 111, 1
157, 382, 1
157, 348, 1
157, 120, 1
157, 371, 1
157, 474, 1
157, 431, 1
157, 313, 1
157, 391, 1
157, 332, 1
157, 62, 1
157, 272, 1
157, 385, 1
157, 272, 1
157, 390, 1
157, 101, 1
157, 484, 1
157, 491, 1
157, 466, 1
157, 27, 1
157, 266, 1
157, 288, 1
157, 102, 1
157, 498, 1
157, 111, 1
157, 353, 1
111, 126, -1
111, 164, -1
111, 249, -1
111, 109, -1
111, 60, -1
111, 155, -1
111, 301, -1
111, 293, -1
111, 32, -1
111, 293, -1
111, 224, -1
111, 97, -1
111, 5, -1
111, 430, -1
111, 65, -1
111, 172, -1
111, 244, -1
111, 147, -1
111, 42, -1
111, 42, -1
111, 147, -1
111, 110, -1
111, 99, -1
111, 252, -1
111, 322, -1
111, 436, -1
111, 436, -1
111, 457, -1
111, 415, -1
111, 209, -1
111, 251, -1
111, 417, -1
403, 382, -1
403, 348, -1
403, 120, -1
403, 371, -1
403, 474, -1
403, 431, -1
403, 313, -1
403, 391, -1
403, 332, -1
403, 62, -1
403, 272, -1
403, 385, -1
403, 272, -1
403, 390, -1
403, 101, -1
403, 484, -1
403, 491, -1
403, 466, -1
403, 27, -1
403, 266, -1
403, 288, -1
403, 102, -1
403, 498, -1
403, 111, -1
483, 382, -1
483, 348, -1
483, 120, -1
483, 371, -1
483, 474, -1
483, 431, -1
483, 313, -1
483, 391, -1
483, 332, -1
483, 62, -1
483, 272, -1
483, 385, -1
483, 272, -1
483, 390, -1
483, 101, -1
483, 484, -1
483, 491, -1
483, 466, -1
483, 27, -1
483, 266, -1
483, 288, -1
483, 102, -1
483, 498, -1
483, 111, -1
353, 126, -1
353, 164, -1
353, 249, -1
353, 109, -1
353, 60, -1
353, 155, -1
353, 301, -1
353, 293, -1
353, 32, -1
353, 293, -1
353, 224, -1
353, 97, -1
353, 5, -1
353, 430, -1
353, 65, -1
353, 172, -1
353, 244, -1
353, 147, -1
353, 42, -1
353, 42, -1
353, 147, -1
353, 110, -1
353, 99, -1
353, 252, -1
353, 322, -1
353, 436, -1
353, 436, -1
353, 457, -1
353, 415, -1
353, 209, -1
353, 251, -1
353, 417, -1
353, 403, -1
353, 483, -1
157, 126, -1
157, 164, -1
157, 249, -1
157, 109, -1
157, 60, -1
157, 155, -1
157, 301, -1
157, 293, -1
157, 32, -1
157, 293, -1
157, 224, -1
157, 97, -1
157, 5, -1
157, 430, -1
157, 65, -1
157, 172, -1
157, 244, -1
157, 147, -1
157, 42, -1
157, 42, -1
157, 147, -1
157, 110, -1
157, 99, -1
157, 252, -1
157, 322, -1
157, 436, -1
157, 436, -1
157, 457, -1
157, 415, -1
157, 209, -1
157, 251, -1
157, 417, -1
157, 403, -1
157, 483, -1

246, 382, 1
246, 348, 1
246, 120, 1
246, 371, 1
246, 474, 1
246, 431, 1
246, 313, 1
246, 391, 1
246, 332, 1
246, 62, 1
246, 272, 1
246, 385, 1
246, 272, 1
246, 390, 1
246, 101, 1
246, 484, 1
246, 491, 1
246, 466, 1
246, 27, 1
246, 266, 1
246, 288, 1
246, 102, 1
246, 498, 1
246, 111, 1
246, 353, 1
246, 157, 1
246, 393, 1
123, 126, 1
123, 164, 1
123, 249, 1
123, 109, 1
123, 60, 1
123, 155, 1
123, 301, 1
123, 293, 1
123, 32, 1
123, 293, 1
123, 224, 1
123, 97, 1
123, 5, 1
123, 430, 1
123, 65, 1
123, 172, 1
123, 244, 1
123, 147, 1
123, 42, 1
123, 42, 1
123, 147, 1
123, 110, 1
123, 99, 1
123, 252, 1
123, 322, 1
123, 436, 1
123, 436, 1
123, 457, 1
123, 415, 1
123, 209, 1
123, 251, 1
123, 417, 1
123, 403, 1
123, 483, 1
123, 46, 1
262, 126, 1
262, 164, 1
262, 249, 1
262, 109, 1
262, 60, 1
262, 155, 1
262, 301, 1
262, 293, 1
262, 32, 1
262, 293, 1
262, 224, 1
262, 97, 1
262, 5, 1
262, 430, 1
262, 65, 1
262, 172, 1
262, 244, 1
262, 147, 1
262, 42, 1
262, 42, 1
262, 147, 1
262, 110, 1
262, 99, 1
262, 252, 1
262, 322, 1
262, 436, 1
262, 436, 1
262, 457, 1
262, 415, 1
262, 209, 1
262, 251, 1
262, 417, 1
262, 403, 1
262, 483, 1
262, 46, 1
262, 123, 1
8, 382, 1
8, 348, 1
8, 120, 1
8, 371, 1
8, 474, 1
8, 431, 1
8, 313, 1
8, 391, 1
8, 332, 1
8, 62, 1
8, 272, 1
8, 385, 1
8, 272, 1
8, 390, 1
8, 101, 1
8, 484, 1
8, 491, 1
8, 466, 1
8, 27, 1
8, 266, 1
8, 288, 1
8, 102, 1
8, 498, 1
8, 111, 1
8, 353, 1
8, 157, 1
8, 393, 1
8, 246, 1
181, 382, 1
181, 348, 1
181, 120, 1
181, 371, 1
181, 474, 1
181, 431, 1
181, 313, 1
181, 391, 1
181, 332, 1
181, 62, 1
181, 272, 1
181, 385, 1
181, 272, 1
181, 390, 1
181, 101, 1
181, 484, 1
181, 491, 1
181, 466, 1
181, 27, 1
181, 266, 1
181, 288, 1
181, 102, 1
181, 498, 1
181, 111, 1
181, 353, 1
181, 157, 1
181, 393, 1
181, 246, 1
181, 8, 1
246, 126, -1
246, 164, -1
246, 249, -1
246, 109, -1
246, 60, -1
246, 155, -1
246, 301, -1
246, 293, -1
246, 32, -1
246, 293, -1
246, 224, -1
246, 97, -1
246, 5, -1
246, 430, -1
246, 65, -1
246, 172, -1
246, 244, -1
246, 147, -1
246, 42, -1
246, 42, -1
246, 147, -1
246, 110, -1
246, 99, -1
246, 252, -1
246, 322, -1
246, 436, -1
246, 436, -1
246, 457, -1
246, 415, -1
246, 209, -1
246, 251, -1
246, 417, -1
246, 403, -1
246, 483, -1
246, 46, -1
123, 382, -1
123, 348, -1
123, 120, -1
123, 371, -1
123, 474, -1
123, 431, -1
123, 313, -1
123, 391, -1
123, 332, -1
123, 62, -1
123, 272, -1
123, 385, -1
123, 272, -1
123, 390, -1
123, 101, -1
123, 484, -1
123, 491, -1
123, 466, -1
123, 27, -1
123, 266, -1
123, 288, -1
123, 102, -1
123, 498, -1
123, 111, -1
123, 353, -1
123, 157, -1
123, 393, -1
123, 246, -1
262, 382, -1
262, 348, -1
262, 120, -1
262, 371, -1
262, 474, -1
262, 431, -1
262, 313, -1
262, 391, -1
262, 332, -1
262, 62, -1
262, 272, -1
262, 385, -1
262, 272, -1
262, 390, -1
262, 101, -1
262, 484, -1
262, 491, -1
262, 466, -1
262, 27, -1
262, 266, -1
262, 288, -1
262, 102, -1
262, 498, -1
262, 111, -1
262, 353, -1
262, 157, -1
262, 393, -1
262, 246, -1
8, 126, -1
8, 164, -1
8, 249, -1
8, 109, -1
8, 60, -1
8, 155, -1
8, 301, -1
8, 293, -1
8, 32, -1
8, 293, -1
8, 224, -1
8, 97, -1
8, 5, -1
8, 430, -1
8, 65, -1
8, 172, -1
8, 244, -1
8, 147, -1
8, 42, -1
8, 42, -1
8, 147, -1
8, 110, -1
8, 99, -1
8, 252, -1
8, 322, -1
8, 436, -1
8, 436, -1
8, 457, -1
8, 415, -1
8, 209, -1
8, 251, -1
8, 417, -1
8, 403, -1
8, 483, -1
8, 46, -1
8, 123, -1
8, 262, -1
181, 126, -1
181, 164, -1
181, 249, -1
181, 109, -1
181, 60, -1
181, 155, -1
181, 301, -1
181, 293, -1
181, 32, -1
181, 293, -1
181, 224, -1
181, 97, -1
181, 5, -1
181, 430, -1
181, 65, -1
181, 172, -1
181, 244, -1
181, 147, -1
181, 42, -1
181, 42, -1
181, 147, -1
181, 110, -1
181, 99, -1
181, 252, -1
181, 322, -1
181, 436, -1
181, 436, -1
181, 457, -1
181, 415, -1
181, 209, -1
181, 251, -1
181, 417, -1
181, 403, -1
181, 483, -1
181, 46, -1
181, 123, -1
181, 262, -1

236, 382, 1
236, 348, 1
236, 120, 1
236, 371, 1
236, 474, 1
236, 431, 1
236, 313, 1
236, 391, 1
236, 332, 1
236, 62, 1
236, 272, 1
236, 385, 1
236, 272, 1
236, 390, 1
236, 101, 1
236, 484, 1
236, 491, 1
236, 466, 1
236, 27, 1
236, 266, 1
236, 288, 1
236, 102, 1
236, 498, 1
236, 111, 1
236, 353, 1
236, 157, 1
236, 393, 1
236, 246, 1
236, 8, 1
236, 181, 1
236, 16, 1
480, 126, 1
480, 164, 1
480, 249, 1
480, 109, 1
480, 60, 1
480, 155, 1
480, 301, 1
480, 293, 1
480, 32, 1
480, 293, 1
480, 224, 1
480, 97, 1
480, 5, 1
480, 430, 1
480, 65, 1
480, 172, 1
480, 244, 1
480, 147, 1
480, 42, 1
480, 42, 1
480, 147, 1
480, 110, 1
480, 99, 1
480, 252, 1
480, 322, 1
480, 436, 1
480, 436, 1
480, 457, 1
480, 415, 1
480, 209, 1
480, 251, 1
480, 417, 1
480, 403, 1
480, 483, 1
480, 46, 1
480, 123, 1
480, 262, 1
480, 469, 1
283, 126, 1
283, 164, 1
283, 249, 1
283, 109, 1
283, 60, 1
283, 155, 1
283, 301, 1
283, 293, 1
283, 32, 1
283, 293, 1
283, 224, 1
283, 97, 1
283, 5, 1
283, 430, 1
283, 65, 1
283, 172, 1
283, 244, 1
283, 147, 1
283, 42, 1
283, 42, 1
283, 147, 1
283, 110, 1
283, 99, 1
283, 252, 1
283, 322, 1
283, 436, 1
283, 436, 1
283, 457, 1
283, 415, 1
283, 209, 1
283, 251, 1
283, 417, 1
283, 403, 1
283, 483, 1
283, 46, 1
283, 123, 1
283, 262, 1
283, 469, 1
283, 480, 1
352, 382, 1
352, 348, 1
352, 120, 1
352, 371, 1
352, 474, 1
352, 431, 1
352, 313, 1
352, 391, 1
352, 332, 1
352, 62, 1
352, 272, 1
352, 385, 1
352, 272, 1
352, 390, 1
352, 101, 1
352, 484, 1
352, 491, 1
352, 466, 1
352, 27, 1
352, 266, 1
352, 288, 1
352, 102, 1
352, 498, 1
352, 111, 1
352, 353, 1
352, 157, 1
352, 393, 1
352, 246, 1
352, 8, 1
352, 181, 1
352, 16, 1
352, 236, 1
296, 382, 1
296, 348, 1
296, 120, 1
296, 371, 1
296, 474, 1
296, 431, 1
296, 313, 1
296, 391, 1
296, 332, 1
296, 62, 1
296, 272, 1
296, 385, 1
296, 272, 1
296, 390, 1
296, 101, 1
296, 484, 1
296, 491, 1
296, 466, 1
296, 27, 1
296, 266, 1
296, 288, 1
296, 102, 1
296, 498, 1
296, 111, 1
296, 353, 1
296, 157, 1
296, 393, 1
296, 246, 1
296, 8, 1
296, 181, 1
296, 16, 1
296, 236, 1
296, 352, 1
236, 126, -1
236, 164, -1
236, 249, -1
236, 109, -1
236, 60, -1
236, 155, -1
236, 301, -1
236, 293, -1
236, 32, -1
236, 293, -1
236, 224, -1
236, 97, -1
236, 5, -1
236, 430, -1
236, 65, -1
236, 172, -1
236, 244, -1
236, 147, -1
236, 42, -1
236, 42, -1
236, 147, -1
236, 110, -1
236, 99, -1
236, 252, -1
236, 322, -1
236, 436, -1
236, 436, -1
236, 457, -1
236, 415, -1
236, 209, -1
236, 251, -1
236, 417, -1
236, 403, -1
236, 483, -1
236, 46, -1
236, 123, -1
236, 262, -1
236, 469, -1
480, 382, -1
480, 348, -1
480, 120, -1
480, 371, -1
480, 474, -1
480, 431, -1
480, 313, -1
480, 391, -1
480, 332, -1
480, 62, -1
480, 272, -1
480, 385, -1
480, 272, -1
480, 390, -1
480, 101, -1
480, 484, -1
480, 491, -1
480, 466, -1
480, 27, -1
480, 266, -1
480, 288, -1
480, 102, -1
480, 498, -1
480, 111, -1
480, 353, -1
480, 157, -1
480, 393, -1
480, 246, -1
480, 8, -1
480, 181, -1
480, 16, -1
480, 236, -1
283, 382, -1
283, 348, -1
283, 120, -1
283, 371, -1
283, 474, -1
283, 431, -1
283, 313, -1
283, 391, -1
283, 332, -1
283, 62, -1
283, 272, -1
283, 385, -1
283, 272, -1
283, 390, -1
283, 101, -1
283, 484, -1
283, 491, -1
283, 466, -1
283, 27, -1
283, 266, -1
283, 288, -1
283, 102, -1
283, 498, -1
283, 111, -1
283, 353, -1
283, 157, -1
283, 393, -1
283, 246, -1
283, 8, -1
283, 181, -1
283, 16, -1
283, 236, -1
352, 126, -1
352, 164, -1
352, 249, -1
352, 109, -1
352, 60, -1
352, 155, -1
352, 301, -1
352, 293, -1
352, 32, -1
352, 293, -1
352, 224, -1
352, 97, -1
352, 5, -1
352, 430, -1
352, 65, -1
352, 172, -1
352, 244, -1
352, 147, -1
352, 42, -1
352, 42, -1
352, 147, -1
352, 110, -1
352, 99, -1
352, 252, -1
352, 322, -1
352, 436, -1
352, 436, -1
352, 457, -1
352, 415, -1
352, 209, -1
352, 251, -1
352, 417, -1
352, 403, -1
352, 483, -1
352, 46, -1
352, 123, -1
352, 262, -1
352, 469, -1
352, 480, -1
352, 283, -1
296, 126, -1
296, 164, -1
296, 249, -1
296, 109, -1
296, 60, -1
296, 155, -1
296, 301, -1
296, 293, -1
296, 32, -1
296, 293, -1
296, 224, -1
296, 97, -1
296, 5, -1
296, 430, -1
296, 65, -1
296, 172, -1
296, 244, -1
296, 147, -1
296, 42, -1
296, 42, -1
296, 147, -1
296, 110, -1
296, 99, -1
296, 252, -1
296, 322, -1
296, 436, -1
296, 436, -1
296, 457, -1
296, 415, -1
296, 209, -1
296, 251, -1
296, 417, -1
296, 403, -1
296, 483, -1
296, 46, -1
296, 123, -1
296, 262, -1
296, 469, -1
296, 480, -1
296, 283, -1

83, 126, 1
83, 164, 1
83, 249, 1
83, 109, 1
83, 60, 1
83, 155, 1
83, 301, 1
83, 293, 1
83, 32, 1
83, 293, 1
83, 224, 1
83, 97, 1
83, 5, 1
83, 430, 1
83, 65, 1
83, 172, 1
83, 244, 1
83, 147, 1
83, 42, 1
83, 42, 1
83, 147, 1
83, 110, 1
83, 99, 1
83, 252, 1
83, 322, 1
83, 436, 1
83, 436, 1
83, 457, 1
83, 415, 1
83, 209, 1
83, 251, 1
83, 417, 1
83, 403, 1
83, 483, 1
83, 46, 1
83, 123, 1
83, 262, 1
83, 469, 1
83, 480, 1
83, 283, 1
83, 232, 1
379, 126, 1
379, 164, 1
379, 249, 1
379, 109, 1
379, 60, 1
379, 155, 1
379, 301, 1
379, 293, 1
379, 32, 1
379, 293, 1
379, 224, 1
379, 97, 1
379, 5, 1
379, 430, 1
379, 65, 1
379, 172, 1
379, 244, 1
379, 147, 1
379, 42, 1
379, 42, 1
379, 147, 1
379, 110, 1
379, 99, 1
379, 252, 1
379, 322, 1
379, 436, 1
379, 436, 1
379, 457, 1
379, 415, 1
379, 209, 1
379, 251, 1
379, 417, 1
379, 403, 1
379, 483, 1
379, 46, 1
379, 123, 1
379, 262, 1
379, 469, 1
379, 480, 1
379, 283, 1
379, 232, 1
379, 83, 1
270, 126, 1
270, 164, 1
270, 249, 1
270, 109, 1
270, 60, 1
270, 155, 1
270, 301, 1
270, 293, 1
270, 32, 1
270, 293, 1
270, 224, 1
270, 97, 1
270, 5, 1
270, 430, 1
270, 65, 1
270, 172, 1
270, 244, 1
270, 147, 1
270, 42, 1
270, 42, 1
270, 147, 1
270, 110, 1
270, 99, 1
270, 252, 1
270, 322, 1
270, 436, 1
270, 436, 1
270, 457, 1
270, 415, 1
270, 209, 1
270, 251, 1
270, 417, 1
270, 403, 1
270, 483, 1
270, 46, 1
270, 123, 1
270, 262, 1
270, 469, 1
270, 480, 1
270, 283, 1
270, 232, 1
270, 83, 1
270, 379, 1
479, 126, 1
479, 164, 1
479, 249, 1
479, 109, 1
479, 60, 1
479, 155, 1
479, 301, 1
479, 293, 1
479, 32, 1
479, 293, 1
479, 224, 1
479, 97, 1
479, 5, 1
479, 430, 1
479, 65, 1
479, 172, 1
479, 244, 1
479, 147, 1
479, 42, 1
479, 42, 1
479, 147, 1
479, 110, 1
479, 99, 1
479, 252, 1
479, 322, 1
479, 436, 1
479, 436, 1
479, 457, 1
479, 415, 1
479, 209, 1
479, 251, 1
479, 417, 1
479, 403, 1
479, 483, 1
479, 46, 1
479, 123, 1
479, 262, 1
479, 469, 1
479, 480, 1
479, 283, 1
479, 232, 1
479, 83, 1
479, 379, 1
479, 270, 1
308, 382, 1
308, 348, 1
308, 120, 1
308, 371, 1
308, 474, 1
308, 431, 1
308, 313, 1
308, 391, 1
308, 332, 1
308, 62, 1
308, 272, 1
308, 385, 1
308, 272, 1
308, 390, 1
308, 101, 1
308, 484, 1
308, 491, 1
308, 466, 1
308, 27, 1
308, 266, 1
308, 288, 1
308, 102, 1
308, 498, 1
308, 111, 1
308, 353, 1
308, 157, 1
308, 393, 1
308, 246, 1
308, 8, 1
308, 181, 1
308, 16, 1
308, 236, 1
308, 352, 1
308, 296, 1
308, 349, 1
308, 143, 1
341, 382, 1
341, 348, 1
341, 120, 1
341, 371, 1
341, 474, 1
341, 431, 1
341, 313, 1
341, 391, 1
341, 332, 1
341, 62, 1
341, 272, 1
341, 385, 1
341, 272, 1
341, 390, 1
341, 101, 1
341, 484, 1
341, 491, 1
341, 466, 1
341, 27, 1
341, 266, 1
341, 288, 1
341, 102, 1
341, 498, 1
341, 111, 1
341, 353, 1
341, 157, 1
341, 393, 1
341, 246, 1
341, 8, 1
341, 181, 1
341, 16, 1
341, 236, 1
341, 352, 1
341, 296, 1
341, 349, 1
341, 143, 1
341, 308, 1
7, 382, 1
7, 348, 1
7, 120, 1
7, 371, 1
7, 474, 1
7, 431, 1
7, 313, 1
7, 391, 1
7, 332, 1
7, 62, 1
7, 272, 1
7, 385, 1
7, 272, 1
7, 390, 1
7, 101, 1
7, 484, 1
7, 491, 1
7, 466, 1
7, 27, 1
7, 266, 1
7, 288, 1
7, 102, 1
7, 498, 1
7, 111, 1
7, 353, 1
7, 157, 1
7, 393, 1
7, 246, 1
7, 8, 1
7, 181, 1
7, 16, 1
7, 236, 1
7, 352, 1
7, 296, 1
7, 349, 1
7, 143, 1
7, 308, 1
7, 341, 1
83, 382, -1
83, 348, -1
83, 120, -1
83, 371, -1
83, 474, -1
83, 431, -1
83, 313, -1
83, 391, -1
83, 332, -1
83, 62, -1
83, 272, -1
83, 385, -1
83, 272, -1
83, 390, -1
83, 101, -1
83, 484, -1
83, 491, -1
83, 466, -1
83, 27, -1
83, 266, -1
83, 288, -1
83, 102, -1
83, 498, -1
83, 111, -1
83, 353, -1
83, 157, -1
83, 393, -1
83, 246, -1
83, 8, -1
83, 181, -1
83, 16, -1
83, 236, -1
83, 352, -1
83, 296, -1
83, 349, -1
83, 143, -1
379, 382, -1
379, 348, -1
379, 120, -1
379, 371, -1
379, 474, -1
379, 431, -1
379, 313, -1
379, 391, -1
379, 332, -1
379, 62, -1
379, 272, -1
379, 385, -1
379, 272, -1
379, 390, -1
379, 101, -1
379, 484, -1
379, 491, -1
379, 466, -1
379, 27, -1
379, 266, -1
379, 288, -1
379, 102, -1
379, 498, -1
379, 111, -1
379, 353, -1
379, 157, -1
379, 393, -1
379, 246, -1
379, 8, -1
379, 181, -1
379, 16, -1
379, 236, -1
379, 352, -1
379, 296, -1
379, 349, -1
379, 143, -1
270, 382, -1
270, 348, -1
270, 120, -1
270, 371, -1
270, 474, -1
270, 431, -1
270, 313, -1
270, 391, -1
270, 332, -1
270, 62, -1
270, 272, -1
270, 385, -1
270, 272, -1
270, 390, -1
270, 101, -1
270, 484, -1
270, 491, -1
270, 466, -1
270, 27, -1
270, 266, -1
270, 288, -1
270, 102, -1
270, 498, -1
270, 111, -1
270, 353, -1
270, 157, -1
270, 393, -1
270, 246, -1
270, 8, -1
270, 181, -1
270, 16, -1
270, 236, -1
270, 352, -1
270, 296, -1
270, 349, -1
270, 143, -1
479, 382, -1
479, 348, -1
479, 120, -1
479, 371, -1
479, 474, -1
479, 431, -1
479, 313, -1
479, 391, -1
479, 332, -1
479, 62, -1
479, 272, -1
479, 385, -1
479, 272, -1
479, 390, -1
479, 101, -1
479, 484, -1
479, 491, -1
479, 466, -1
479, 27, -1
479, 266, -1
479, 288, -1
479, 102, -1
479, 498, -1
479, 111, -1
479, 353, -1
479, 157, -1
479, 393, -1
479, 246, -1
479, 8, -1
479, 181, -1
479, 16, -1
479, 236, -1
479, 352, -1
479, 296, -1
479, 349, -1
479, 143, -1
308, 126, -1
308, 164, -1
308, 249, -1
308, 109, -1
308, 60, -1
308, 155, -1
308, 301, -1
308, 293, -1
308, 32, -1
308, 293, -1
308, 224, -1
308, 97, -1
308, 5, -1
308, 430, -1
308, 65, -1
308, 172, -1
308, 244, -1
308, 147, -1
308, 42, -1
308, 42, -1
308, 147, -1
308, 110, -1
308, 99, -1
308, 252, -1
308, 322, -1
308, 436, -1
308, 436, -1
308, 457, -1
308, 415, -1
308, 209, -1
308, 251, -1
308, 417, -1
308, 403, -1
308, 483, -1
308, 46, -1
308, 123, -1
308, 262, -1
308, 469, -1
308, 480, -1
308, 283, -1
308, 232, -1
308, 83, -1
308, 379, -1
308, 270, -1
308, 479, -1
341, 126, -1
341, 164, -1
341, 249, -1
341, 109, -1
341, 60, -1
341, 155, -1
341, 301, -1
341, 293, -1
341, 32, -1
341, 293, -1
341, 224, -1
341, 97, -1
341, 5, -1
341, 430, -1
341, 65, -1
341, 172, -1
341, 244, -1
341, 147, -1
341, 42, -1
341, 42, -1
341, 147, -1
341, 110, -1
341, 99, -1
341, 252, -1
341, 322, -1
341, 436, -1
341, 436, -1
341, 457, -1
341, 415, -1
341, 209, -1
341, 251, -1
341, 417, -1
341, 403, -1
341, 483, -1
341, 46, -1
341, 123, -1
341, 262, -1
341, 469, -1
341, 480, -1
341, 283, -1
341, 232, -1
341, 83, -1
341, 379, -1
341, 270, -1
341, 479, -1
7, 126, -1
7, 164, -1
7, 249, -1
7, 109, -1
7, 60, -1
7, 155, -1
7, 301, -1
7, 293, -1
7, 32, -1
7, 293, -1
7, 224, -1
7, 97, -1
7, 5, -1
7, 430, -1
7, 65, -1
7, 172, -1
7, 244, -1
7, 147, -1
7, 42, -1
7, 42, -1
7, 147, -1
7, 110, -1
7, 99, -1
7, 252, -1
7, 322, -1
7, 436, -1
7, 436, -1
7, 457, -1
7, 415, -1
7, 209, -1
7, 251, -1
7, 417, -1
7, 403, -1
7, 483, -1
7, 46, -1
7, 123, -1
7, 262, -1
7, 469, -1
7, 480, -1
7, 283, -1
7, 232, -1
7, 83, -1
7, 379, -1
7, 270, -1
7, 479, -1

