114, 553, 1
553, 114, 1
627, 1145, -1
627, 114, -1
627, 553, -1
627, 989, -1
1145, 627, -1
1145, 114, -1
1145, 553, -1
1145, 989, -1
114, 627, -1
553, 627, -1
114, 1145, -1
553, 1145, -1
114, 989, -1
553, 989, -1
989, 627, -1
989, 1145, -1
989, 114, -1
989, 553, -1

114, 553, 1
114, 841, 1
114, 1109, 1
553, 114, 1
553, 841, 1
553, 1109, 1
841, 114, 1
841, 553, 1
841, 1109, 1
1109, 114, 1
1109, 553, 1
1109, 841, 1
627, 1145, -1
627, 114, -1
627, 553, -1
627, 841, -1
627, 1109, -1
627, 989, -1
627, 506, -1
1145, 627, -1
1145, 114, -1
1145, 553, -1
1145, 841, -1
1145, 1109, -1
1145, 989, -1
1145, 506, -1
114, 627, -1
553, 627, -1
841, 627, -1
1109, 627, -1
114, 1145, -1
553, 1145, -1
841, 1145, -1
1109, 1145, -1
114, 989, -1
553, 989, -1
841, 989, -1
1109, 989, -1
114, 506, -1
553, 506, -1
841, 506, -1
1109, 506, -1
989, 627, -1
989, 1145, -1
989, 114, -1
989, 553, -1
989, 841, -1
989, 1109, -1
989, 506, -1
506, 627, -1
506, 1145, -1
506, 114, -1
506, 553, -1
506, 841, -1
506, 1109, -1
506, 989, -1

114, 553, 1
114, 841, 1
114, 1109, 1
553, 114, 1
553, 841, 1
553, 1109, 1
841, 114, 1
841, 553, 1
841, 1109, 1
1109, 114, 1
1109, 553, 1
1109, 841, 1
627, 1145, -1
627, 114, -1
627, 553, -1
627, 841, -1
627, 1109, -1
627, 989, -1
627, 506, -1
627, 470, -1
1145, 627, -1
1145, 114, -1
1145, 553, -1
1145, 841, -1
1145, 1109, -1
1145, 989, -1
1145, 506, -1
1145, 470, -1
114, 627, -1
553, 627, -1
841, 627, -1
1109, 627, -1
114, 1145, -1
553, 1145, -1
841, 1145, -1
1109, 1145, -1
114, 989, -1
553, 989, -1
841, 989, -1
1109, 989, -1
114, 506, -1
553, 506, -1
841, 506, -1
1109, 506, -1
114, 470, -1
553, 470, -1
841, 470, -1
1109, 470, -1
989, 627, -1
989, 1145, -1
989, 114, -1
989, 553, -1
989, 841, -1
989, 1109, -1
989, 506, -1
989, 470, -1
506, 627, -1
506, 1145, -1
506, 114, -1
506, 553, -1
506, 841, -1
506, 1109, -1
506, 989, -1
506, 470, -1
470, 627, -1
470, 1145, -1
470, 114, -1
470, 553, -1
470, 841, -1
470, 1109, -1
470, 989, -1
470, 506, -1

114, 553, 1
114, 841, 1
114, 1109, 1
553, 114, 1
553, 841, 1
553, 1109, 1
841, 114, 1
841, 553, 1
841, 1109, 1
1109, 114, 1
1109, 553, 1
1109, 841, 1
627, 1145, -1
627, 114, -1
627, 553, -1
627, 841, -1
627, 1109, -1
627, 989, -1
627, 506, -1
627, 470, -1
627, 85, -1
1145, 627, -1
1145, 114, -1
1145, 553, -1
1145, 841, -1
1145, 1109, -1
1145, 989, -1
1145, 506, -1
1145, 470, -1
1145, 85, -1
114, 627, -1
553, 627, -1
841, 627, -1
1109, 627, -1
114, 1145, -1
553, 1145, -1
841, 1145, -1
1109, 1145, -1
114, 989, -1
553, 989, -1
841, 989, -1
1109, 989, -1
114, 506, -1
553, 506, -1
841, 506, -1
1109, 506, -1
114, 470, -1
553, 470, -1
841, 470, -1
1109, 470, -1
114, 85, -1
553, 85, -1
841, 85, -1
1109, 85, -1
989, 627, -1
989, 1145, -1
989, 114, -1
989, 553, -1
989, 841, -1
989, 1109, -1
989, 506, -1
989, 470, -1
989, 85, -1
506, 627, -1
506, 1145, -1
506, 114, -1
506, 553, -1
506, 841, -1
506, 1109, -1
506, 989, -1
506, 470, -1
506, 85, -1
470, 627, -1
470, 1145, -1
470, 114, -1
470, 553, -1
470, 841, -1
470, 1109, -1
470, 989, -1
470, 506, -1
470, 85, -1
85, 627, -1
85, 1145, -1
85, 114, -1
85, 553, -1
85, 841, -1
85, 1109, -1
85, 989, -1
85, 506, -1
85, 470, -1

114, 553, 1
114, 841, 1
114, 1109, 1
553, 114, 1
553, 841, 1
553, 1109, 1
841, 114, 1
841, 553, 1
841, 1109, 1
1109, 114, 1
1109, 553, 1
1109, 841, 1
627, 1145, -1
627, 114, -1
627, 553, -1
627, 841, -1
627, 1109, -1
627, 989, -1
627, 506, -1
627, 470, -1
627, 85, -1
627, 276, -1
1145, 627, -1
1145, 114, -1
1145, 553, -1
1145, 841, -1
1145, 1109, -1
1145, 989, -1
1145, 506, -1
1145, 470, -1
1145, 85, -1
1145, 276, -1
114, 627, -1
553, 627, -1
841, 627, -1
1109, 627, -1
114, 1145, -1
553, 1145, -1
841, 1145, -1
1109, 1145, -1
114, 989, -1
553, 989, -1
841, 989, -1
1109, 989, -1
114, 506, -1
553, 506, -1
841, 506, -1
1109, 506, -1
114, 470, -1
553, 470, -1
841, 470, -1
1109, 470, -1
114, 85, -1
553, 85, -1
841, 85, -1
1109, 85, -1
114, 276, -1
553, 276, -1
841, 276, -1
1109, 276, -1
989, 627, -1
989, 1145, -1
989, 114, -1
989, 553, -1
989, 841, -1
989, 1109, -1
989, 506, -1
989, 470, -1
989, 85, -1
989, 276, -1
506, 627, -1
506, 1145, -1
506, 114, -1
506, 553, -1
506, 841, -1
506, 1109, -1
506, 989, -1
506, 470, -1
506, 85, -1
506, 276, -1
470, 627, -1
470, 1145, -1
470, 114, -1
470, 553, -1
470, 841, -1
470, 1109, -1
470, 989, -1
470, 506, -1
470, 85, -1
470, 276, -1
85, 627, -1
85, 1145, -1
85, 114, -1
85, 553, -1
85, 841, -1
85, 1109, -1
85, 989, -1
85, 506, -1
85, 470, -1
85, 276, -1
276, 627, -1
276, 1145, -1
276, 114, -1
276, 553, -1
276, 841, -1
276, 1109, -1
276, 989, -1
276, 506, -1
276, 470, -1
276, 85, -1

627, 1039, 1
1039, 627, 1
114, 553, 1
114, 841, 1
114, 1109, 1
553, 114, 1
553, 841, 1
553, 1109, 1
841, 114, 1
841, 553, 1
841, 1109, 1
1109, 114, 1
1109, 553, 1
1109, 841, 1
989, 501, 1
989, 500, 1
501, 989, 1
501, 500, 1
500, 989, 1
500, 501, 1
627, 1145, -1
1039, 1145, -1
627, 114, -1
627, 553, -1
627, 841, -1
627, 1109, -1
1039, 114, -1
1039, 553, -1
1039, 841, -1
1039, 1109, -1
627, 989, -1
627, 501, -1
627, 500, -1
1039, 989, -1
1039, 501, -1
1039, 500, -1
627, 506, -1
1039, 506, -1
627, 470, -1
1039, 470, -1
627, 85, -1
1039, 85, -1
627, 276, -1
1039, 276, -1
1145, 627, -1
1145, 1039, -1
1145, 114, -1
1145, 553, -1
1145, 841, -1
1145, 1109, -1
1145, 989, -1
1145, 501, -1
1145, 500, -1
1145, 506, -1
1145, 470, -1
1145, 85, -1
1145, 276, -1
114, 627, -1
114, 1039, -1
553, 627, -1
553, 1039, -1
841, 627, -1
841, 1039, -1
1109, 627, -1
1109, 1039, -1
114, 1145, -1
553, 1145, -1
841, 1145, -1
1109, 1145, -1
114, 989, -1
114, 501, -1
114, 500, -1
553, 989, -1
553, 501, -1
553, 500, -1
841, 989, -1
841, 501, -1
841, 500, -1
1109, 989, -1
1109, 501, -1
1109, 500, -1
114, 506, -1
553, 506, -1
841, 506, -1
1109, 506, -1
114, 470, -1
553, 470, -1
841, 470, -1
1109, 470, -1
114, 85, -1
553, 85, -1
841, 85, -1
1109, 85, -1
114, 276, -1
553, 276, -1
841, 276, -1
1109, 276, -1
989, 627, -1
989, 1039, -1
501, 627, -1
501, 1039, -1
500, 627, -1
500, 1039, -1
989, 1145, -1
501, 1145, -1
500, 1145, -1
989, 114, -1
989, 553, -1
989, 841, -1
989, 1109, -1
501, 114, -1
501, 553, -1
501, 841, -1
501, 1109, -1
500, 114, -1
500, 553, -1
500, 841, -1
500, 1109, -1
989, 506, -1
501, 506, -1
500, 506, -1
989, 470, -1
501, 470, -1
500, 470, -1
989, 85, -1
501, 85, -1
500, 85, -1
989, 276, -1
501, 276, -1
500, 276, -1
506, 627, -1
506, 1039, -1
506, 1145, -1
506, 114, -1
506, 553, -1
506, 841, -1
506, 1109, -1
506, 989, -1
506, 501, -1
506, 500, -1
506, 470, -1
506, 85, -1
506, 276, -1
470, 627, -1
470, 1039, -1
470, 1145, -1
470, 114, -1
470, 553, -1
470, 841, -1
470, 1109, -1
470, 989, -1
470, 501, -1
470, 500, -1
470, 506, -1
470, 85, -1
470, 276, -1
85, 627, -1
85, 1039, -1
85, 1145, -1
85, 114, -1
85, 553, -1
85, 841, -1
85, 1109, -1
85, 989, -1
85, 501, -1
85, 500, -1
85, 506, -1
85, 470, -1
85, 276, -1
276, 627, -1
276, 1039, -1
276, 1145, -1
276, 114, -1
276, 553, -1
276, 841, -1
276, 1109, -1
276, 989, -1
276, 501, -1
276, 500, -1
276, 506, -1
276, 470, -1
276, 85, -1

627, 1039, 1
1039, 627, 1
1145, 110, 1
110, 1145, 1
114, 553, 1
114, 841, 1
114, 1109, 1
114, 707, 1
114, 1452, 1
553, 114, 1
553, 841, 1
553, 1109, 1
553, 707, 1
553, 1452, 1
841, 114, 1
841, 553, 1
841, 1109, 1
841, 707, 1
841, 1452, 1
1109, 114, 1
1109, 553, 1
1109, 841, 1
1109, 707, 1
1109, 1452, 1
707, 114, 1
707, 553, 1
707, 841, 1
707, 1109, 1
707, 1452, 1
1452, 114, 1
1452, 553, 1
1452, 841, 1
1452, 1109, 1
1452, 707, 1
989, 501, 1
989, 500, 1
501, 989, 1
501, 500, 1
500, 989, 1
500, 501, 1
627, 1145, -1
627, 110, -1
1039, 1145, -1
1039, 110, -1
627, 114, -1
627, 553, -1
627, 841, -1
627, 1109, -1
627, 707, -1
627, 1452, -1
1039, 114, -1
1039, 553, -1
1039, 841, -1
1039, 1109, -1
1039, 707, -1
1039, 1452, -1
627, 989, -1
627, 501, -1
627, 500, -1
1039, 989, -1
1039, 501, -1
1039, 500, -1
627, 506, -1
1039, 506, -1
627, 470, -1
1039, 470, -1
627, 85, -1
1039, 85, -1
627, 276, -1
1039, 276, -1
1145, 627, -1
1145, 1039, -1
110, 627, -1
110, 1039, -1
1145, 114, -1
1145, 553, -1
1145, 841, -1
1145, 1109, -1
1145, 707, -1
1145, 1452, -1
110, 114, -1
110, 553, -1
110, 841, -1
110, 1109, -1
110, 707, -1
110, 1452, -1
1145, 989, -1
1145, 501, -1
1145, 500, -1
110, 989, -1
110, 501, -1
110, 500, -1
1145, 506, -1
110, 506, -1
1145, 470, -1
110, 470, -1
1145, 85, -1
110, 85, -1
1145, 276, -1
110, 276, -1
114, 627, -1
114, 1039, -1
553, 627, -1
553, 1039, -1
841, 627, -1
841, 1039, -1
1109, 627, -1
1109, 1039, -1
707, 627, -1
707, 1039, -1
1452, 627, -1
1452, 1039, -1
114, 1145, -1
114, 110, -1
553, 1145, -1
553, 110, -1
841, 1145, -1
841, 110, -1
1109, 1145, -1
1109, 110, -1
707, 1145, -1
707, 110, -1
1452, 1145, -1
1452, 110, -1
114, 989, -1
114, 501, -1
114, 500, -1
553, 989, -1
553, 501, -1
553, 500, -1
841, 989, -1
841, 501, -1
841, 500, -1
1109, 989, -1
1109, 501, -1
1109, 500, -1
707, 989, -1
707, 501, -1
707, 500, -1
1452, 989, -1
1452, 501, -1
1452, 500, -1
114, 506, -1
553, 506, -1
841, 506, -1
1109, 506, -1
707, 506, -1
1452, 506, -1
114, 470, -1
553, 470, -1
841, 470, -1
1109, 470, -1
707, 470, -1
1452, 470, -1
114, 85, -1
553, 85, -1
841, 85, -1
1109, 85, -1
707, 85, -1
1452, 85, -1
114, 276, -1
553, 276, -1
841, 276, -1
1109, 276, -1
707, 276, -1
1452, 276, -1
989, 627, -1
989, 1039, -1
501, 627, -1
501, 1039, -1
500, 627, -1
500, 1039, -1
989, 1145, -1
989, 110, -1
501, 1145, -1
501, 110, -1
500, 1145, -1
500, 110, -1
989, 114, -1
989, 553, -1
989, 841, -1
989, 1109, -1
989, 707, -1
989, 1452, -1
501, 114, -1
501, 553, -1
501, 841, -1
501, 1109, -1
501, 707, -1
501, 1452, -1
500, 114, -1
500, 553, -1
500, 841, -1
500, 1109, -1
500, 707, -1
500, 1452, -1
989, 506, -1
501, 506, -1
500, 506, -1
989, 470, -1
501, 470, -1
500, 470, -1
989, 85, -1
501, 85, -1
500, 85, -1
989, 276, -1
501, 276, -1
500, 276, -1
506, 627, -1
506, 1039, -1
506, 1145, -1
506, 110, -1
506, 114, -1
506, 553, -1
506, 841, -1
506, 1109, -1
506, 707, -1
506, 1452, -1
506, 989, -1
506, 501, -1
506, 500, -1
506, 470, -1
506, 85, -1
506, 276, -1
470, 627, -1
470, 1039, -1
470, 1145, -1
470, 110, -1
470, 114, -1
470, 553, -1
470, 841, -1
470, 1109, -1
470, 707, -1
470, 1452, -1
470, 989, -1
470, 501, -1
470, 500, -1
470, 506, -1
470, 85, -1
470, 276, -1
85, 627, -1
85, 1039, -1
85, 1145, -1
85, 110, -1
85, 114, -1
85, 553, -1
85, 841, -1
85, 1109, -1
85, 707, -1
85, 1452, -1
85, 989, -1
85, 501, -1
85, 500, -1
85, 506, -1
85, 470, -1
85, 276, -1
276, 627, -1
276, 1039, -1
276, 1145, -1
276, 110, -1
276, 114, -1
276, 553, -1
276, 841, -1
276, 1109, -1
276, 707, -1
276, 1452, -1
276, 989, -1
276, 501, -1
276, 500, -1
276, 506, -1
276, 470, -1
276, 85, -1

627, 1039, 1
1039, 627, 1
1145, 110, 1
110, 1145, 1
114, 553, 1
114, 841, 1
114, 1109, 1
114, 707, 1
114, 1452, 1
553, 114, 1
553, 841, 1
553, 1109, 1
553, 707, 1
553, 1452, 1
841, 114, 1
841, 553, 1
841, 1109, 1
841, 707, 1
841, 1452, 1
1109, 114, 1
1109, 553, 1
1109, 841, 1
1109, 707, 1
1109, 1452, 1
707, 114, 1
707, 553, 1
707, 841, 1
707, 1109, 1
707, 1452, 1
1452, 114, 1
1452, 553, 1
1452, 841, 1
1452, 1109, 1
1452, 707, 1
989, 501, 1
989, 500, 1
989, 32, 1
501, 989, 1
501, 500, 1
501, 32, 1
500, 989, 1
500, 501, 1
500, 32, 1
32, 989, 1
32, 501, 1
32, 500, 1
627, 1145, -1
627, 110, -1
1039, 1145, -1
1039, 110, -1
627, 114, -1
627, 553, -1
627, 841, -1
627, 1109, -1
627, 707, -1
627, 1452, -1
1039, 114, -1
1039, 553, -1
1039, 841, -1
1039, 1109, -1
1039, 707, -1
1039, 1452, -1
627, 989, -1
627, 501, -1
627, 500, -1
627, 32, -1
1039, 989, -1
1039, 501, -1
1039, 500, -1
1039, 32, -1
627, 506, -1
1039, 506, -1
627, 470, -1
1039, 470, -1
627, 85, -1
1039, 85, -1
627, 276, -1
1039, 276, -1
1145, 627, -1
1145, 1039, -1
110, 627, -1
110, 1039, -1
1145, 114, -1
1145, 553, -1
1145, 841, -1
1145, 1109, -1
1145, 707, -1
1145, 1452, -1
110, 114, -1
110, 553, -1
110, 841, -1
110, 1109, -1
110, 707, -1
110, 1452, -1
1145, 989, -1
1145, 501, -1
1145, 500, -1
1145, 32, -1
110, 989, -1
110, 501, -1
110, 500, -1
110, 32, -1
1145, 506, -1
110, 506, -1
1145, 470, -1
110, 470, -1
1145, 85, -1
110, 85, -1
1145, 276, -1
110, 276, -1
114, 627, -1
114, 1039, -1
553, 627, -1
553, 1039, -1
841, 627, -1
841, 1039, -1
1109, 627, -1
1109, 1039, -1
707, 627, -1
707, 1039, -1
1452, 627, -1
1452, 1039, -1
114, 1145, -1
114, 110, -1
553, 1145, -1
553, 110, -1
841, 1145, -1
841, 110, -1
1109, 1145, -1
1109, 110, -1
707, 1145, -1
707, 110, -1
1452, 1145, -1
1452, 110, -1
114, 989, -1
114, 501, -1
114, 500, -1
114, 32, -1
553, 989, -1
553, 501, -1
553, 500, -1
553, 32, -1
841, 989, -1
841, 501, -1
841, 500, -1
841, 32, -1
1109, 989, -1
1109, 501, -1
1109, 500, -1
1109, 32, -1
707, 989, -1
707, 501, -1
707, 500, -1
707, 32, -1
1452, 989, -1
1452, 501, -1
1452, 500, -1
1452, 32, -1
114, 506, -1
553, 506, -1
841, 506, -1
1109, 506, -1
707, 506, -1
1452, 506, -1
114, 470, -1
553, 470, -1
841, 470, -1
1109, 470, -1
707, 470, -1
1452, 470, -1
114, 85, -1
553, 85, -1
841, 85, -1
1109, 85, -1
707, 85, -1
1452, 85, -1
114, 276, -1
553, 276, -1
841, 276, -1
1109, 276, -1
707, 276, -1
1452, 276, -1
989, 627, -1
989, 1039, -1
501, 627, -1
501, 1039, -1
500, 627, -1
500, 1039, -1
32, 627, -1
32, 1039, -1
989, 1145, -1
989, 110, -1
501, 1145, -1
501, 110, -1
500, 1145, -1
500, 110, -1
32, 1145, -1
32, 110, -1
989, 114, -1
989, 553, -1
989, 841, -1
989, 1109, -1
989, 707, -1
989, 1452, -1
501, 114, -1
501, 553, -1
501, 841, -1
501, 1109, -1
501, 707, -1
501, 1452, -1
500, 114, -1
500, 553, -1
500, 841, -1
500, 1109, -1
500, 707, -1
500, 1452, -1
32, 114, -1
32, 553, -1
32, 841, -1
32, 1109, -1
32, 707, -1
32, 1452, -1
989, 506, -1
501, 506, -1
500, 506, -1
32, 506, -1
989, 470, -1
501, 470, -1
500, 470, -1
32, 470, -1
989, 85, -1
501, 85, -1
500, 85, -1
32, 85, -1
989, 276, -1
501, 276, -1
500, 276, -1
32, 276, -1
506, 627, -1
506, 1039, -1
506, 1145, -1
506, 110, -1
506, 114, -1
506, 553, -1
506, 841, -1
506, 1109, -1
506, 707, -1
506, 1452, -1
506, 989, -1
506, 501, -1
506, 500, -1
506, 32, -1
506, 470, -1
506, 85, -1
506, 276, -1
470, 627, -1
470, 1039, -1
470, 1145, -1
470, 110, -1
470, 114, -1
470, 553, -1
470, 841, -1
470, 1109, -1
470, 707, -1
470, 1452, -1
470, 989, -1
470, 501, -1
470, 500, -1
470, 32, -1
470, 506, -1
470, 85, -1
470, 276, -1
85, 627, -1
85, 1039, -1
85, 1145, -1
85, 110, -1
85, 114, -1
85, 553, -1
85, 841, -1
85, 1109, -1
85, 707, -1
85, 1452, -1
85, 989, -1
85, 501, -1
85, 500, -1
85, 32, -1
85, 506, -1
85, 470, -1
85, 276, -1
276, 627, -1
276, 1039, -1
276, 1145, -1
276, 110, -1
276, 114, -1
276, 553, -1
276, 841, -1
276, 1109, -1
276, 707, -1
276, 1452, -1
276, 989, -1
276, 501, -1
276, 500, -1
276, 32, -1
276, 506, -1
276, 470, -1
276, 85, -1

627, 1039, 1
627, 84, 1
1039, 627, 1
1039, 84, 1
84, 627, 1
84, 1039, 1
1145, 110, 1
110, 1145, 1
114, 553, 1
114, 841, 1
114, 1109, 1
114, 707, 1
114, 1452, 1
553, 114, 1
553, 841, 1
553, 1109, 1
553, 707, 1
553, 1452, 1
841, 114, 1
841, 553, 1
841, 1109, 1
841, 707, 1
841, 1452, 1
1109, 114, 1
1109, 553, 1
1109, 841, 1
1109, 707, 1
1109, 1452, 1
707, 114, 1
707, 553, 1
707, 841, 1
707, 1109, 1
707, 1452, 1
1452, 114, 1
1452, 553, 1
1452, 841, 1
1452, 1109, 1
1452, 707, 1
989, 501, 1
989, 500, 1
989, 32, 1
501, 989, 1
501, 500, 1
501, 32, 1
500, 989, 1
500, 501, 1
500, 32, 1
32, 989, 1
32, 501, 1
32, 500, 1
276, 797, 1
797, 276, 1
627, 1145, -1
627, 110, -1
1039, 1145, -1
1039, 110, -1
84, 1145, -1
84, 110, -1
627, 114, -1
627, 553, -1
627, 841, -1
627, 1109, -1
627, 707, -1
627, 1452, -1
1039, 114, -1
1039, 553, -1
1039, 841, -1
1039, 1109, -1
1039, 707, -1
1039, 1452, -1
84, 114, -1
84, 553, -1
84, 841, -1
84, 1109, -1
84, 707, -1
84, 1452, -1
627, 989, -1
627, 501, -1
627, 500, -1
627, 32, -1
1039, 989, -1
1039, 501, -1
1039, 500, -1
1039, 32, -1
84, 989, -1
84, 501, -1
84, 500, -1
84, 32, -1
627, 506, -1
1039, 506, -1
84, 506, -1
627, 470, -1
1039, 470, -1
84, 470, -1
627, 85, -1
1039, 85, -1
84, 85, -1
627, 276, -1
627, 797, -1
1039, 276, -1
1039, 797, -1
84, 276, -1
84, 797, -1
1145, 627, -1
1145, 1039, -1
1145, 84, -1
110, 627, -1
110, 1039, -1
110, 84, -1
1145, 114, -1
1145, 553, -1
1145, 841, -1
1145, 1109, -1
1145, 707, -1
1145, 1452, -1
110, 114, -1
110, 553, -1
110, 841, -1
110, 1109, -1
110, 707, -1
110, 1452, -1
1145, 989, -1
1145, 501, -1
1145, 500, -1
1145, 32, -1
110, 989, -1
110, 501, -1
110, 500, -1
110, 32, -1
1145, 506, -1
110, 506, -1
1145, 470, -1
110, 470, -1
1145, 85, -1
110, 85, -1
1145, 276, -1
1145, 797, -1
110, 276, -1
110, 797, -1
114, 627, -1
114, 1039, -1
114, 84, -1
553, 627, -1
553, 1039, -1
553, 84, -1
841, 627, -1
841, 1039, -1
841, 84, -1
1109, 627, -1
1109, 1039, -1
1109, 84, -1
707, 627, -1
707, 1039, -1
707, 84, -1
1452, 627, -1
1452, 1039, -1
1452, 84, -1
114, 1145, -1
114, 110, -1
553, 1145, -1
553, 110, -1
841, 1145, -1
841, 110, -1
1109, 1145, -1
1109, 110, -1
707, 1145, -1
707, 110, -1
1452, 1145, -1
1452, 110, -1
114, 989, -1
114, 501, -1
114, 500, -1
114, 32, -1
553, 989, -1
553, 501, -1
553, 500, -1
553, 32, -1
841, 989, -1
841, 501, -1
841, 500, -1
841, 32, -1
1109, 989, -1
1109, 501, -1
1109, 500, -1
1109, 32, -1
707, 989, -1
707, 501, -1
707, 500, -1
707, 32, -1
1452, 989, -1
1452, 501, -1
1452, 500, -1
1452, 32, -1
114, 506, -1
553, 506, -1
841, 506, -1
1109, 506, -1
707, 506, -1
1452, 506, -1
114, 470, -1
553, 470, -1
841, 470, -1
1109, 470, -1
707, 470, -1
1452, 470, -1
114, 85, -1
553, 85, -1
841, 85, -1
1109, 85, -1
707, 85, -1
1452, 85, -1
114, 276, -1
114, 797, -1
553, 276, -1
553, 797, -1
841, 276, -1
841, 797, -1
1109, 276, -1
1109, 797, -1
707, 276, -1
707, 797, -1
1452, 276, -1
1452, 797, -1
989, 627, -1
989, 1039, -1
989, 84, -1
501, 627, -1
501, 1039, -1
501, 84, -1
500, 627, -1
500, 1039, -1
500, 84, -1
32, 627, -1
32, 1039, -1
32, 84, -1
989, 1145, -1
989, 110, -1
501, 1145, -1
501, 110, -1
500, 1145, -1
500, 110, -1
32, 1145, -1
32, 110, -1
989, 114, -1
989, 553, -1
989, 841, -1
989, 1109, -1
989, 707, -1
989, 1452, -1
501, 114, -1
501, 553, -1
501, 841, -1
501, 1109, -1
501, 707, -1
501, 1452, -1
500, 114, -1
500, 553, -1
500, 841, -1
500, 1109, -1
500, 707, -1
500, 1452, -1
32, 114, -1
32, 553, -1
32, 841, -1
32, 1109, -1
32, 707, -1
32, 1452, -1
989, 506, -1
501, 506, -1
500, 506, -1
32, 506, -1
989, 470, -1
501, 470, -1
500, 470, -1
32, 470, -1
989, 85, -1
501, 85, -1
500, 85, -1
32, 85, -1
989, 276, -1
989, 797, -1
501, 276, -1
501, 797, -1
500, 276, -1
500, 797, -1
32, 276, -1
32, 797, -1
506, 627, -1
506, 1039, -1
506, 84, -1
506, 1145, -1
506, 110, -1
506, 114, -1
506, 553, -1
506, 841, -1
506, 1109, -1
506, 707, -1
506, 1452, -1
506, 989, -1
506, 501, -1
506, 500, -1
506, 32, -1
506, 470, -1
506, 85, -1
506, 276, -1
506, 797, -1
470, 627, -1
470, 1039, -1
470, 84, -1
470, 1145, -1
470, 110, -1
470, 114, -1
470, 553, -1
470, 841, -1
470, 1109, -1
470, 707, -1
470, 1452, -1
470, 989, -1
470, 501, -1
470, 500, -1
470, 32, -1
470, 506, -1
470, 85, -1
470, 276, -1
470, 797, -1
85, 627, -1
85, 1039, -1
85, 84, -1
85, 1145, -1
85, 110, -1
85, 114, -1
85, 553, -1
85, 841, -1
85, 1109, -1
85, 707, -1
85, 1452, -1
85, 989, -1
85, 501, -1
85, 500, -1
85, 32, -1
85, 506, -1
85, 470, -1
85, 276, -1
85, 797, -1
276, 627, -1
276, 1039, -1
276, 84, -1
797, 627, -1
797, 1039, -1
797, 84, -1
276, 1145, -1
276, 110, -1
797, 1145, -1
797, 110, -1
276, 114, -1
276, 553, -1
276, 841, -1
276, 1109, -1
276, 707, -1
276, 1452, -1
797, 114, -1
797, 553, -1
797, 841, -1
797, 1109, -1
797, 707, -1
797, 1452, -1
276, 989, -1
276, 501, -1
276, 500, -1
276, 32, -1
797, 989, -1
797, 501, -1
797, 500, -1
797, 32, -1
276, 506, -1
797, 506, -1
276, 470, -1
797, 470, -1
276, 85, -1
797, 85, -1

627, 1039, 1
627, 84, 1
1039, 627, 1
1039, 84, 1
84, 627, 1
84, 1039, 1
1145, 110, 1
1145, 720, 1
110, 1145, 1
110, 720, 1
720, 1145, 1
720, 110, 1
114, 553, 1
114, 841, 1
114, 1109, 1
114, 707, 1
114, 1452, 1
114, 1220, 1
114, 271, 1
553, 114, 1
553, 841, 1
553, 1109, 1
553, 707, 1
553, 1452, 1
553, 1220, 1
553, 271, 1
841, 114, 1
841, 553, 1
841, 1109, 1
841, 707, 1
841, 1452, 1
841, 1220, 1
841, 271, 1
1109, 114, 1
1109, 553, 1
1109, 841, 1
1109, 707, 1
1109, 1452, 1
1109, 1220, 1
1109, 271, 1
707, 114, 1
707, 553, 1
707, 841, 1
707, 1109, 1
707, 1452, 1
707, 1220, 1
707, 271, 1
1452, 114, 1
1452, 553, 1
1452, 841, 1
1452, 1109, 1
1452, 707, 1
1452, 1220, 1
1452, 271, 1
1220, 114, 1
1220, 553, 1
1220, 841, 1
1220, 1109, 1
1220, 707, 1
1220, 1452, 1
1220, 271, 1
271, 114, 1
271, 553, 1
271, 841, 1
271, 1109, 1
271, 707, 1
271, 1452, 1
271, 1220, 1
989, 501, 1
989, 500, 1
989, 32, 1
501, 989, 1
501, 500, 1
501, 32, 1
500, 989, 1
500, 501, 1
500, 32, 1
32, 989, 1
32, 501, 1
32, 500, 1
276, 797, 1
797, 276, 1
627, 1145, -1
627, 110, -1
627, 720, -1
1039, 1145, -1
1039, 110, -1
1039, 720, -1
84, 1145, -1
84, 110, -1
84, 720, -1
627, 114, -1
627, 553, -1
627, 841, -1
627, 1109, -1
627, 707, -1
627, 1452, -1
627, 1220, -1
627, 271, -1
1039, 114, -1
1039, 553, -1
1039, 841, -1
1039, 1109, -1
1039, 707, -1
1039, 1452, -1
1039, 1220, -1
1039, 271, -1
84, 114, -1
84, 553, -1
84, 841, -1
84, 1109, -1
84, 707, -1
84, 1452, -1
84, 1220, -1
84, 271, -1
627, 989, -1
627, 501, -1
627, 500, -1
627, 32, -1
1039, 989, -1
1039, 501, -1
1039, 500, -1
1039, 32, -1
84, 989, -1
84, 501, -1
84, 500, -1
84, 32, -1
627, 506, -1
1039, 506, -1
84, 506, -1
627, 470, -1
1039, 470, -1
84, 470, -1
627, 85, -1
1039, 85, -1
84, 85, -1
627, 276, -1
627, 797, -1
1039, 276, -1
1039, 797, -1
84, 276, -1
84, 797, -1
1145, 627, -1
1145, 1039, -1
1145, 84, -1
110, 627, -1
110, 1039, -1
110, 84, -1
720, 627, -1
720, 1039, -1
720, 84, -1
1145, 114, -1
1145, 553, -1
1145, 841, -1
1145, 1109, -1
1145, 707, -1
1145, 1452, -1
1145, 1220, -1
1145, 271, -1
110, 114, -1
110, 553, -1
110, 841, -1
110, 1109, -1
110, 707, -1
110, 1452, -1
110, 1220, -1
110, 271, -1
720, 114, -1
720, 553, -1
720, 841, -1
720, 1109, -1
720, 707, -1
720, 1452, -1
720, 1220, -1
720, 271, -1
1145, 989, -1
1145, 501, -1
1145, 500, -1
1145, 32, -1
110, 989, -1
110, 501, -1
110, 500, -1
110, 32, -1
720, 989, -1
720, 501, -1
720, 500, -1
720, 32, -1
1145, 506, -1
110, 506, -1
720, 506, -1
1145, 470, -1
110, 470, -1
720, 470, -1
1145, 85, -1
110, 85, -1
720, 85, -1
1145, 276, -1
1145, 797, -1
110, 276, -1
110, 797, -1
720, 276, -1
720, 797, -1
114, 627, -1
114, 1039, -1
114, 84, -1
553, 627, -1
553, 1039, -1
553, 84, -1
841, 627, -1
841, 1039, -1
841, 84, -1
1109, 627, -1
1109, 1039, -1
1109, 84, -1
707, 627, -1
707, 1039, -1
707, 84, -1
1452, 627, -1
1452, 1039, -1
1452, 84, -1
1220, 627, -1
1220, 1039, -1
1220, 84, -1
271, 627, -1
271, 1039, -1
271, 84, -1
114, 1145, -1
114, 110, -1
114, 720, -1
553, 1145, -1
553, 110, -1
553, 720, -1
841, 1145, -1
841, 110, -1
841, 720, -1
1109, 1145, -1
1109, 110, -1
1109, 720, -1
707, 1145, -1
707, 110, -1
707, 720, -1
1452, 1145, -1
1452, 110, -1
1452, 720, -1
1220, 1145, -1
1220, 110, -1
1220, 720, -1
271, 1145, -1
271, 110, -1
271, 720, -1
114, 989, -1
114, 501, -1
114, 500, -1
114, 32, -1
553, 989, -1
553, 501, -1
553, 500, -1
553, 32, -1
841, 989, -1
841, 501, -1
841, 500, -1
841, 32, -1
1109, 989, -1
1109, 501, -1
1109, 500, -1
1109, 32, -1
707, 989, -1
707, 501, -1
707, 500, -1
707, 32, -1
1452, 989, -1
1452, 501, -1
1452, 500, -1
1452, 32, -1
1220, 989, -1
1220, 501, -1
1220, 500, -1
1220, 32, -1
271, 989, -1
271, 501, -1
271, 500, -1
271, 32, -1
114, 506, -1
553, 506, -1
841, 506, -1
1109, 506, -1
707, 506, -1
1452, 506, -1
1220, 506, -1
271, 506, -1
114, 470, -1
553, 470, -1
841, 470, -1
1109, 470, -1
707, 470, -1
1452, 470, -1
1220, 470, -1
271, 470, -1
114, 85, -1
553, 85, -1
841, 85, -1
1109, 85, -1
707, 85, -1
1452, 85, -1
1220, 85, -1
271, 85, -1
114, 276, -1
114, 797, -1
553, 276, -1
553, 797, -1
841, 276, -1
841, 797, -1
1109, 276, -1
1109, 797, -1
707, 276, -1
707, 797, -1
1452, 276, -1
1452, 797, -1
1220, 276, -1
1220, 797, -1
271, 276, -1
271, 797, -1
989, 627, -1
989, 1039, -1
989, 84, -1
501, 627, -1
501, 1039, -1
501, 84, -1
500, 627, -1
500, 1039, -1
500, 84, -1
32, 627, -1
32, 1039, -1
32, 84, -1
989, 1145, -1
989, 110, -1
989, 720, -1
501, 1145, -1
501, 110, -1
501, 720, -1
500, 1145, -1
500, 110, -1
500, 720, -1
32, 1145, -1
32, 110, -1
32, 720, -1
989, 114, -1
989, 553, -1
989, 841, -1
989, 1109, -1
989, 707, -1
989, 1452, -1
989, 1220, -1
989, 271, -1
501, 114, -1
501, 553, -1
501, 841, -1
501, 1109, -1
501, 707, -1
501, 1452, -1
501, 1220, -1
501, 271, -1
500, 114, -1
500, 553, -1
500, 841, -1
500, 1109, -1
500, 707, -1
500, 1452, -1
500, 1220, -1
500, 271, -1
32, 114, -1
32, 553, -1
32, 841, -1
32, 1109, -1
32, 707, -1
32, 1452, -1
32, 1220, -1
32, 271, -1
989, 506, -1
501, 506, -1
500, 506, -1
32, 506, -1
989, 470, -1
501, 470, -1
500, 470, -1
32, 470, -1
989, 85, -1
501, 85, -1
500, 85, -1
32, 85, -1
989, 276, -1
989, 797, -1
501, 276, -1
501, 797, -1
500, 276, -1
500, 797, -1
32, 276, -1
32, 797, -1
506, 627, -1
506, 1039, -1
506, 84, -1
506, 1145, -1
506, 110, -1
506, 720, -1
506, 114, -1
506, 553, -1
506, 841, -1
506, 1109, -1
506, 707, -1
506, 1452, -1
506, 1220, -1
506, 271, -1
506, 989, -1
506, 501, -1
506, 500, -1
506, 32, -1
506, 470, -1
506, 85, -1
506, 276, -1
506, 797, -1
470, 627, -1
470, 1039, -1
470, 84, -1
470, 1145, -1
470, 110, -1
470, 720, -1
470, 114, -1
470, 553, -1
470, 841, -1
470, 1109, -1
470, 707, -1
470, 1452, -1
470, 1220, -1
470, 271, -1
470, 989, -1
470, 501, -1
470, 500, -1
470, 32, -1
470, 506, -1
470, 85, -1
470, 276, -1
470, 797, -1
85, 627, -1
85, 1039, -1
85, 84, -1
85, 1145, -1
85, 110, -1
85, 720, -1
85, 114, -1
85, 553, -1
85, 841, -1
85, 1109, -1
85, 707, -1
85, 1452, -1
85, 1220, -1
85, 271, -1
85, 989, -1
85, 501, -1
85, 500, -1
85, 32, -1
85, 506, -1
85, 470, -1
85, 276, -1
85, 797, -1
276, 627, -1
276, 1039, -1
276, 84, -1
797, 627, -1
797, 1039, -1
797, 84, -1
276, 1145, -1
276, 110, -1
276, 720, -1
797, 1145, -1
797, 110, -1
797, 720, -1
276, 114, -1
276, 553, -1
276, 841, -1
276, 1109, -1
276, 707, -1
276, 1452, -1
276, 1220, -1
276, 271, -1
797, 114, -1
797, 553, -1
797, 841, -1
797, 1109, -1
797, 707, -1
797, 1452, -1
797, 1220, -1
797, 271, -1
276, 989, -1
276, 501, -1
276, 500, -1
276, 32, -1
797, 989, -1
797, 501, -1
797, 500, -1
797, 32, -1
276, 506, -1
797, 506, -1
276, 470, -1
797, 470, -1
276, 85, -1
797, 85, -1

