1394, 989, -1
1394, 720, -1
1394, 1079, -1
1394, 506, -1
989, 1394, -1
989, 720, -1
989, 1079, -1
989, 506, -1
720, 1394, -1
720, 989, -1
720, 1079, -1
720, 506, -1
1079, 1394, -1
1079, 989, -1
1079, 720, -1
1079, 506, -1
506, 1394, -1
506, 989, -1
506, 720, -1
506, 1079, -1

989, 501, 1
501, 989, 1
1079, 841, 1
841, 1079, 1
1394, 989, -1
1394, 501, -1
1394, 720, -1
1394, 1079, -1
1394, 841, -1
1394, 506, -1
989, 1394, -1
501, 1394, -1
989, 720, -1
501, 720, -1
989, 1079, -1
989, 841, -1
501, 1079, -1
501, 841, -1
989, 506, -1
501, 506, -1
720, 1394, -1
720, 989, -1
720, 501, -1
720, 1079, -1
720, 841, -1
720, 506, -1
1079, 1394, -1
841, 1394, -1
1079, 989, -1
1079, 501, -1
841, 989, -1
841, 501, -1
1079, 720, -1
841, 720, -1
1079, 506, -1
841, 506, -1
506, 1394, -1
506, 989, -1
506, 501, -1
506, 720, -1
506, 1079, -1
506, 841, -1

989, 501, 1
501, 989, 1
1079, 841, 1
1079, 1109, 1
841, 1079, 1
841, 1109, 1
1109, 1079, 1
1109, 841, 1
1394, 989, -1
1394, 501, -1
1394, 720, -1
1394, 1079, -1
1394, 841, -1
1394, 1109, -1
1394, 506, -1
1394, 470, -1
989, 1394, -1
501, 1394, -1
989, 720, -1
501, 720, -1
989, 1079, -1
989, 841, -1
989, 1109, -1
501, 1079, -1
501, 841, -1
501, 1109, -1
989, 506, -1
501, 506, -1
989, 470, -1
501, 470, -1
720, 1394, -1
720, 989, -1
720, 501, -1
720, 1079, -1
720, 841, -1
720, 1109, -1
720, 506, -1
720, 470, -1
1079, 1394, -1
841, 1394, -1
1109, 1394, -1
1079, 989, -1
1079, 501, -1
841, 989, -1
841, 501, -1
1109, 989, -1
1109, 501, -1
1079, 720, -1
841, 720, -1
1109, 720, -1
1079, 506, -1
841, 506, -1
1109, 506, -1
1079, 470, -1
841, 470, -1
1109, 470, -1
506, 1394, -1
506, 989, -1
506, 501, -1
506, 720, -1
506, 1079, -1
506, 841, -1
506, 1109, -1
506, 470, -1
470, 1394, -1
470, 989, -1
470, 501, -1
470, 720, -1
470, 1079, -1
470, 841, -1
470, 1109, -1
470, 506, -1

989, 501, 1
989, 500, 1
501, 989, 1
501, 500, 1
500, 989, 1
500, 501, 1
1079, 841, 1
1079, 1109, 1
1079, 553, 1
1079, 1125, 1
841, 1079, 1
841, 1109, 1
841, 553, 1
841, 1125, 1
1109, 1079, 1
1109, 841, 1
1109, 553, 1
1109, 1125, 1
553, 1079, 1
553, 841, 1
553, 1109, 1
553, 1125, 1
1125, 1079, 1
1125, 841, 1
1125, 1109, 1
1125, 553, 1
1394, 989, -1
1394, 501, -1
1394, 500, -1
1394, 720, -1
1394, 1079, -1
1394, 841, -1
1394, 1109, -1
1394, 553, -1
1394, 1125, -1
1394, 506, -1
1394, 470, -1
989, 1394, -1
501, 1394, -1
500, 1394, -1
989, 720, -1
501, 720, -1
500, 720, -1
989, 1079, -1
989, 841, -1
989, 1109, -1
989, 553, -1
989, 1125, -1
501, 1079, -1
501, 841, -1
501, 1109, -1
501, 553, -1
501, 1125, -1
500, 1079, -1
500, 841, -1
500, 1109, -1
500, 553, -1
500, 1125, -1
989, 506, -1
501, 506, -1
500, 506, -1
989, 470, -1
501, 470, -1
500, 470, -1
720, 1394, -1
720, 989, -1
720, 501, -1
720, 500, -1
720, 1079, -1
720, 841, -1
720, 1109, -1
720, 553, -1
720, 1125, -1
720, 506, -1
720, 470, -1
1079, 1394, -1
841, 1394, -1
1109, 1394, -1
553, 1394, -1
1125, 1394, -1
1079, 989, -1
1079, 501, -1
1079, 500, -1
841, 989, -1
841, 501, -1
841, 500, -1
1109, 989, -1
1109, 501, -1
1109, 500, -1
553, 989, -1
553, 501, -1
553, 500, -1
1125, 989, -1
1125, 501, -1
1125, 500, -1
1079, 720, -1
841, 720, -1
1109, 720, -1
553, 720, -1
1125, 720, -1
1079, 506, -1
841, 506, -1
1109, 506, -1
553, 506, -1
1125, 506, -1
1079, 470, -1
841, 470, -1
1109, 470, -1
553, 470, -1
1125, 470, -1
506, 1394, -1
506, 989, -1
506, 501, -1
506, 500, -1
506, 720, -1
506, 1079, -1
506, 841, -1
506, 1109, -1
506, 553, -1
506, 1125, -1
506, 470, -1
470, 1394, -1
470, 989, -1
470, 501, -1
470, 500, -1
470, 720, -1
470, 1079, -1
470, 841, -1
470, 1109, -1
470, 553, -1
470, 1125, -1
470, 506, -1

989, 501, 1
989, 500, 1
501, 989, 1
501, 500, 1
500, 989, 1
500, 501, 1
1079, 841, 1
1079, 1109, 1
1079, 553, 1
1079, 1125, 1
1079, 707, 1
841, 1079, 1
841, 1109, 1
841, 553, 1
841, 1125, 1
841, 707, 1
1109, 1079, 1
1109, 841, 1
1109, 553, 1
1109, 1125, 1
1109, 707, 1
553, 1079, 1
553, 841, 1
553, 1109, 1
553, 1125, 1
553, 707, 1
1125, 1079, 1
1125, 841, 1
1125, 1109, 1
1125, 553, 1
1125, 707, 1
707, 1079, 1
707, 841, 1
707, 1109, 1
707, 553, 1
707, 1125, 1
1394, 989, -1
1394, 501, -1
1394, 500, -1
1394, 720, -1
1394, 1079, -1
1394, 841, -1
1394, 1109, -1
1394, 553, -1
1394, 1125, -1
1394, 707, -1
1394, 506, -1
1394, 470, -1
1394, 797, -1
989, 1394, -1
501, 1394, -1
500, 1394, -1
989, 720, -1
501, 720, -1
500, 720, -1
989, 1079, -1
989, 841, -1
989, 1109, -1
989, 553, -1
989, 1125, -1
989, 707, -1
501, 1079, -1
501, 841, -1
501, 1109, -1
501, 553, -1
501, 1125, -1
501, 707, -1
500, 1079, -1
500, 841, -1
500, 1109, -1
500, 553, -1
500, 1125, -1
500, 707, -1
989, 506, -1
501, 506, -1
500, 506, -1
989, 470, -1
501, 470, -1
500, 470, -1
989, 797, -1
501, 797, -1
500, 797, -1
720, 1394, -1
720, 989, -1
720, 501, -1
720, 500, -1
720, 1079, -1
720, 841, -1
720, 1109, -1
720, 553, -1
720, 1125, -1
720, 707, -1
720, 506, -1
720, 470, -1
720, 797, -1
1079, 1394, -1
841, 1394, -1
1109, 1394, -1
553, 1394, -1
1125, 1394, -1
707, 1394, -1
1079, 989, -1
1079, 501, -1
1079, 500, -1
841, 989, -1
841, 501, -1
841, 500, -1
1109, 989, -1
1109, 501, -1
1109, 500, -1
553, 989, -1
553, 501, -1
553, 500, -1
1125, 989, -1
1125, 501, -1
1125, 500, -1
707, 989, -1
707, 501, -1
707, 500, -1
1079, 720, -1
841, 720, -1
1109, 720, -1
553, 720, -1
1125, 720, -1
707, 720, -1
1079, 506, -1
841, 506, -1
1109, 506, -1
553, 506, -1
1125, 506, -1
707, 506, -1
1079, 470, -1
841, 470, -1
1109, 470, -1
553, 470, -1
1125, 470, -1
707, 470, -1
1079, 797, -1
841, 797, -1
1109, 797, -1
553, 797, -1
1125, 797, -1
707, 797, -1
506, 1394, -1
506, 989, -1
506, 501, -1
506, 500, -1
506, 720, -1
506, 1079, -1
506, 841, -1
506, 1109, -1
506, 553, -1
506, 1125, -1
506, 707, -1
506, 470, -1
506, 797, -1
470, 1394, -1
470, 989, -1
470, 501, -1
470, 500, -1
470, 720, -1
470, 1079, -1
470, 841, -1
470, 1109, -1
470, 553, -1
470, 1125, -1
470, 707, -1
470, 506, -1
470, 797, -1
797, 1394, -1
797, 989, -1
797, 501, -1
797, 500, -1
797, 720, -1
797, 1079, -1
797, 841, -1
797, 1109, -1
797, 553, -1
797, 1125, -1
797, 707, -1
797, 506, -1
797, 470, -1

989, 501, 1
989, 500, 1
501, 989, 1
501, 500, 1
500, 989, 1
500, 501, 1
1079, 841, 1
1079, 1109, 1
1079, 553, 1
1079, 1125, 1
1079, 707, 1
841, 1079, 1
841, 1109, 1
841, 553, 1
841, 1125, 1
841, 707, 1
1109, 1079, 1
1109, 841, 1
1109, 553, 1
1109, 1125, 1
1109, 707, 1
553, 1079, 1
553, 841, 1
553, 1109, 1
553, 1125, 1
553, 707, 1
1125, 1079, 1
1125, 841, 1
1125, 1109, 1
1125, 553, 1
1125, 707, 1
707, 1079, 1
707, 841, 1
707, 1109, 1
707, 553, 1
707, 1125, 1
1394, 989, -1
1394, 501, -1
1394, 500, -1
1394, 720, -1
1394, 1079, -1
1394, 841, -1
1394, 1109, -1
1394, 553, -1
1394, 1125, -1
1394, 707, -1
1394, 506, -1
1394, 470, -1
1394, 797, -1
1394, 84, -1
989, 1394, -1
501, 1394, -1
500, 1394, -1
989, 720, -1
501, 720, -1
500, 720, -1
989, 1079, -1
989, 841, -1
989, 1109, -1
989, 553, -1
989, 1125, -1
989, 707, -1
501, 1079, -1
501, 841, -1
501, 1109, -1
501, 553, -1
501, 1125, -1
501, 707, -1
500, 1079, -1
500, 841, -1
500, 1109, -1
500, 553, -1
500, 1125, -1
500, 707, -1
989, 506, -1
501, 506, -1
500, 506, -1
989, 470, -1
501, 470, -1
500, 470, -1
989, 797, -1
501, 797, -1
500, 797, -1
989, 84, -1
501, 84, -1
500, 84, -1
720, 1394, -1
720, 989, -1
720, 501, -1
720, 500, -1
720, 1079, -1
720, 841, -1
720, 1109, -1
720, 553, -1
720, 1125, -1
720, 707, -1
720, 506, -1
720, 470, -1
720, 797, -1
720, 84, -1
1079, 1394, -1
841, 1394, -1
1109, 1394, -1
553, 1394, -1
1125, 1394, -1
707, 1394, -1
1079, 989, -1
1079, 501, -1
1079, 500, -1
841, 989, -1
841, 501, -1
841, 500, -1
1109, 989, -1
1109, 501, -1
1109, 500, -1
553, 989, -1
553, 501, -1
553, 500, -1
1125, 989, -1
1125, 501, -1
1125, 500, -1
707, 989, -1
707, 501, -1
707, 500, -1
1079, 720, -1
841, 720, -1
1109, 720, -1
553, 720, -1
1125, 720, -1
707, 720, -1
1079, 506, -1
841, 506, -1
1109, 506, -1
553, 506, -1
1125, 506, -1
707, 506, -1
1079, 470, -1
841, 470, -1
1109, 470, -1
553, 470, -1
1125, 470, -1
707, 470, -1
1079, 797, -1
841, 797, -1
1109, 797, -1
553, 797, -1
1125, 797, -1
707, 797, -1
1079, 84, -1
841, 84, -1
1109, 84, -1
553, 84, -1
1125, 84, -1
707, 84, -1
506, 1394, -1
506, 989, -1
506, 501, -1
506, 500, -1
506, 720, -1
506, 1079, -1
506, 841, -1
506, 1109, -1
506, 553, -1
506, 1125, -1
506, 707, -1
506, 470, -1
506, 797, -1
506, 84, -1
470, 1394, -1
470, 989, -1
470, 501, -1
470, 500, -1
470, 720, -1
470, 1079, -1
470, 841, -1
470, 1109, -1
470, 553, -1
470, 1125, -1
470, 707, -1
470, 506, -1
470, 797, -1
470, 84, -1
797, 1394, -1
797, 989, -1
797, 501, -1
797, 500, -1
797, 720, -1
797, 1079, -1
797, 841, -1
797, 1109, -1
797, 553, -1
797, 1125, -1
797, 707, -1
797, 506, -1
797, 470, -1
797, 84, -1
84, 1394, -1
84, 989, -1
84, 501, -1
84, 500, -1
84, 720, -1
84, 1079, -1
84, 841, -1
84, 1109, -1
84, 553, -1
84, 1125, -1
84, 707, -1
84, 506, -1
84, 470, -1
84, 797, -1

989, 501, 1
989, 500, 1
989, 1000, 1
501, 989, 1
501, 500, 1
501, 1000, 1
500, 989, 1
500, 501, 1
500, 1000, 1
1000, 989, 1
1000, 501, 1
1000, 500, 1
1079, 841, 1
1079, 1109, 1
1079, 553, 1
1079, 1125, 1
1079, 707, 1
1079, 145, 1
1079, 1201, 1
841, 1079, 1
841, 1109, 1
841, 553, 1
841, 1125, 1
841, 707, 1
841, 145, 1
841, 1201, 1
1109, 1079, 1
1109, 841, 1
1109, 553, 1
1109, 1125, 1
1109, 707, 1
1109, 145, 1
1109, 1201, 1
553, 1079, 1
553, 841, 1
553, 1109, 1
553, 1125, 1
553, 707, 1
553, 145, 1
553, 1201, 1
1125, 1079, 1
1125, 841, 1
1125, 1109, 1
1125, 553, 1
1125, 707, 1
1125, 145, 1
1125, 1201, 1
707, 1079, 1
707, 841, 1
707, 1109, 1
707, 553, 1
707, 1125, 1
707, 145, 1
707, 1201, 1
145, 1079, 1
145, 841, 1
145, 1109, 1
145, 553, 1
145, 1125, 1
145, 707, 1
145, 1201, 1
1201, 1079, 1
1201, 841, 1
1201, 1109, 1
1201, 553, 1
1201, 1125, 1
1201, 707, 1
1201, 145, 1
1394, 989, -1
1394, 501, -1
1394, 500, -1
1394, 1000, -1
1394, 720, -1
1394, 1079, -1
1394, 841, -1
1394, 1109, -1
1394, 553, -1
1394, 1125, -1
1394, 707, -1
1394, 145, -1
1394, 1201, -1
1394, 506, -1
1394, 470, -1
1394, 797, -1
1394, 84, -1
989, 1394, -1
501, 1394, -1
500, 1394, -1
1000, 1394, -1
989, 720, -1
501, 720, -1
500, 720, -1
1000, 720, -1
989, 1079, -1
989, 841, -1
989, 1109, -1
989, 553, -1
989, 1125, -1
989, 707, -1
989, 145, -1
989, 1201, -1
501, 1079, -1
501, 841, -1
501, 1109, -1
501, 553, -1
501, 1125, -1
501, 707, -1
501, 145, -1
501, 1201, -1
500, 1079, -1
500, 841, -1
500, 1109, -1
500, 553, -1
500, 1125, -1
500, 707, -1
500, 145, -1
500, 1201, -1
1000, 1079, -1
1000, 841, -1
1000, 1109, -1
1000, 553, -1
1000, 1125, -1
1000, 707, -1
1000, 145, -1
1000, 1201, -1
989, 506, -1
501, 506, -1
500, 506, -1
1000, 506, -1
989, 470, -1
501, 470, -1
500, 470, -1
1000, 470, -1
989, 797, -1
501, 797, -1
500, 797, -1
1000, 797, -1
989, 84, -1
501, 84, -1
500, 84, -1
1000, 84, -1
720, 1394, -1
720, 989, -1
720, 501, -1
720, 500, -1
720, 1000, -1
720, 1079, -1
720, 841, -1
720, 1109, -1
720, 553, -1
720, 1125, -1
720, 707, -1
720, 145, -1
720, 1201, -1
720, 506, -1
720, 470, -1
720, 797, -1
720, 84, -1
1079, 1394, -1
841, 1394, -1
1109, 1394, -1
553, 1394, -1
1125, 1394, -1
707, 1394, -1
145, 1394, -1
1201, 1394, -1
1079, 989, -1
1079, 501, -1
1079, 500, -1
1079, 1000, -1
841, 989, -1
841, 501, -1
841, 500, -1
841, 1000, -1
1109, 989, -1
1109, 501, -1
1109, 500, -1
1109, 1000, -1
553, 989, -1
553, 501, -1
553, 500, -1
553, 1000, -1
1125, 989, -1
1125, 501, -1
1125, 500, -1
1125, 1000, -1
707, 989, -1
707, 501, -1
707, 500, -1
707, 1000, -1
145, 989, -1
145, 501, -1
145, 500, -1
145, 1000, -1
1201, 989, -1
1201, 501, -1
1201, 500, -1
1201, 1000, -1
1079, 720, -1
841, 720, -1
1109, 720, -1
553, 720, -1
1125, 720, -1
707, 720, -1
145, 720, -1
1201, 720, -1
1079, 506, -1
841, 506, -1
1109, 506, -1
553, 506, -1
1125, 506, -1
707, 506, -1
145, 506, -1
1201, 506, -1
1079, 470, -1
841, 470, -1
1109, 470, -1
553, 470, -1
1125, 470, -1
707, 470, -1
145, 470, -1
1201, 470, -1
1079, 797, -1
841, 797, -1
1109, 797, -1
553, 797, -1
1125, 797, -1
707, 797, -1
145, 797, -1
1201, 797, -1
1079, 84, -1
841, 84, -1
1109, 84, -1
553, 84, -1
1125, 84, -1
707, 84, -1
145, 84, -1
1201, 84, -1
506, 1394, -1
506, 989, -1
506, 501, -1
506, 500, -1
506, 1000, -1
506, 720, -1
506, 1079, -1
506, 841, -1
506, 1109, -1
506, 553, -1
506, 1125, -1
506, 707, -1
506, 145, -1
506, 1201, -1
506, 470, -1
506, 797, -1
506, 84, -1
470, 1394, -1
470, 989, -1
470, 501, -1
470, 500, -1
470, 1000, -1
470, 720, -1
470, 1079, -1
470, 841, -1
470, 1109, -1
470, 553, -1
470, 1125, -1
470, 707, -1
470, 145, -1
470, 1201, -1
470, 506, -1
470, 797, -1
470, 84, -1
797, 1394, -1
797, 989, -1
797, 501, -1
797, 500, -1
797, 1000, -1
797, 720, -1
797, 1079, -1
797, 841, -1
797, 1109, -1
797, 553, -1
797, 1125, -1
797, 707, -1
797, 145, -1
797, 1201, -1
797, 506, -1
797, 470, -1
797, 84, -1
84, 1394, -1
84, 989, -1
84, 501, -1
84, 500, -1
84, 1000, -1
84, 720, -1
84, 1079, -1
84, 841, -1
84, 1109, -1
84, 553, -1
84, 1125, -1
84, 707, -1
84, 145, -1
84, 1201, -1
84, 506, -1
84, 470, -1
84, 797, -1

989, 501, 1
989, 500, 1
989, 1000, 1
501, 989, 1
501, 500, 1
501, 1000, 1
500, 989, 1
500, 501, 1
500, 1000, 1
1000, 989, 1
1000, 501, 1
1000, 500, 1
1079, 841, 1
1079, 1109, 1
1079, 553, 1
1079, 1125, 1
1079, 707, 1
1079, 145, 1
1079, 1201, 1
841, 1079, 1
841, 1109, 1
841, 553, 1
841, 1125, 1
841, 707, 1
841, 145, 1
841, 1201, 1
1109, 1079, 1
1109, 841, 1
1109, 553, 1
1109, 1125, 1
1109, 707, 1
1109, 145, 1
1109, 1201, 1
553, 1079, 1
553, 841, 1
553, 1109, 1
553, 1125, 1
553, 707, 1
553, 145, 1
553, 1201, 1
1125, 1079, 1
1125, 841, 1
1125, 1109, 1
1125, 553, 1
1125, 707, 1
1125, 145, 1
1125, 1201, 1
707, 1079, 1
707, 841, 1
707, 1109, 1
707, 553, 1
707, 1125, 1
707, 145, 1
707, 1201, 1
145, 1079, 1
145, 841, 1
145, 1109, 1
145, 553, 1
145, 1125, 1
145, 707, 1
145, 1201, 1
1201, 1079, 1
1201, 841, 1
1201, 1109, 1
1201, 553, 1
1201, 1125, 1
1201, 707, 1
1201, 145, 1
84, 1332, 1
1332, 84, 1
1394, 989, -1
1394, 501, -1
1394, 500, -1
1394, 1000, -1
1394, 720, -1
1394, 1079, -1
1394, 841, -1
1394, 1109, -1
1394, 553, -1
1394, 1125, -1
1394, 707, -1
1394, 145, -1
1394, 1201, -1
1394, 506, -1
1394, 470, -1
1394, 797, -1
1394, 84, -1
1394, 1332, -1
989, 1394, -1
501, 1394, -1
500, 1394, -1
1000, 1394, -1
989, 720, -1
501, 720, -1
500, 720, -1
1000, 720, -1
989, 1079, -1
989, 841, -1
989, 1109, -1
989, 553, -1
989, 1125, -1
989, 707, -1
989, 145, -1
989, 1201, -1
501, 1079, -1
501, 841, -1
501, 1109, -1
501, 553, -1
501, 1125, -1
501, 707, -1
501, 145, -1
501, 1201, -1
500, 1079, -1
500, 841, -1
500, 1109, -1
500, 553, -1
500, 1125, -1
500, 707, -1
500, 145, -1
500, 1201, -1
1000, 1079, -1
1000, 841, -1
1000, 1109, -1
1000, 553, -1
1000, 1125, -1
1000, 707, -1
1000, 145, -1
1000, 1201, -1
989, 506, -1
501, 506, -1
500, 506, -1
1000, 506, -1
989, 470, -1
501, 470, -1
500, 470, -1
1000, 470, -1
989, 797, -1
501, 797, -1
500, 797, -1
1000, 797, -1
989, 84, -1
989, 1332, -1
501, 84, -1
501, 1332, -1
500, 84, -1
500, 1332, -1
1000, 84, -1
1000, 1332, -1
720, 1394, -1
720, 989, -1
720, 501, -1
720, 500, -1
720, 1000, -1
720, 1079, -1
720, 841, -1
720, 1109, -1
720, 553, -1
720, 1125, -1
720, 707, -1
720, 145, -1
720, 1201, -1
720, 506, -1
720, 470, -1
720, 797, -1
720, 84, -1
720, 1332, -1
1079, 1394, -1
841, 1394, -1
1109, 1394, -1
553, 1394, -1
1125, 1394, -1
707, 1394, -1
145, 1394, -1
1201, 1394, -1
1079, 989, -1
1079, 501, -1
1079, 500, -1
1079, 1000, -1
841, 989, -1
841, 501, -1
841, 500, -1
841, 1000, -1
1109, 989, -1
1109, 501, -1
1109, 500, -1
1109, 1000, -1
553, 989, -1
553, 501, -1
553, 500, -1
553, 1000, -1
1125, 989, -1
1125, 501, -1
1125, 500, -1
1125, 1000, -1
707, 989, -1
707, 501, -1
707, 500, -1
707, 1000, -1
145, 989, -1
145, 501, -1
145, 500, -1
145, 1000, -1
1201, 989, -1
1201, 501, -1
1201, 500, -1
1201, 1000, -1
1079, 720, -1
841, 720, -1
1109, 720, -1
553, 720, -1
1125, 720, -1
707, 720, -1
145, 720, -1
1201, 720, -1
1079, 506, -1
841, 506, -1
1109, 506, -1
553, 506, -1
1125, 506, -1
707, 506, -1
145, 506, -1
1201, 506, -1
1079, 470, -1
841, 470, -1
1109, 470, -1
553, 470, -1
1125, 470, -1
707, 470, -1
145, 470, -1
1201, 470, -1
1079, 797, -1
841, 797, -1
1109, 797, -1
553, 797, -1
1125, 797, -1
707, 797, -1
145, 797, -1
1201, 797, -1
1079, 84, -1
1079, 1332, -1
841, 84, -1
841, 1332, -1
1109, 84, -1
1109, 1332, -1
553, 84, -1
553, 1332, -1
1125, 84, -1
1125, 1332, -1
707, 84, -1
707, 1332, -1
145, 84, -1
145, 1332, -1
1201, 84, -1
1201, 1332, -1
506, 1394, -1
506, 989, -1
506, 501, -1
506, 500, -1
506, 1000, -1
506, 720, -1
506, 1079, -1
506, 841, -1
506, 1109, -1
506, 553, -1
506, 1125, -1
506, 707, -1
506, 145, -1
506, 1201, -1
506, 470, -1
506, 797, -1
506, 84, -1
506, 1332, -1
470, 1394, -1
470, 989, -1
470, 501, -1
470, 500, -1
470, 1000, -1
470, 720, -1
470, 1079, -1
470, 841, -1
470, 1109, -1
470, 553, -1
470, 1125, -1
470, 707, -1
470, 145, -1
470, 1201, -1
470, 506, -1
470, 797, -1
470, 84, -1
470, 1332, -1
797, 1394, -1
797, 989, -1
797, 501, -1
797, 500, -1
797, 1000, -1
797, 720, -1
797, 1079, -1
797, 841, -1
797, 1109, -1
797, 553, -1
797, 1125, -1
797, 707, -1
797, 145, -1
797, 1201, -1
797, 506, -1
797, 470, -1
797, 84, -1
797, 1332, -1
84, 1394, -1
1332, 1394, -1
84, 989, -1
84, 501, -1
84, 500, -1
84, 1000, -1
1332, 989, -1
1332, 501, -1
1332, 500, -1
1332, 1000, -1
84, 720, -1
1332, 720, -1
84, 1079, -1
84, 841, -1
84, 1109, -1
84, 553, -1
84, 1125, -1
84, 707, -1
84, 145, -1
84, 1201, -1
1332, 1079, -1
1332, 841, -1
1332, 1109, -1
1332, 553, -1
1332, 1125, -1
1332, 707, -1
1332, 145, -1
1332, 1201, -1
84, 506, -1
1332, 506, -1
84, 470, -1
1332, 470, -1
84, 797, -1
1332, 797, -1

989, 501, 1
989, 500, 1
989, 1000, 1
501, 989, 1
501, 500, 1
501, 1000, 1
500, 989, 1
500, 501, 1
500, 1000, 1
1000, 989, 1
1000, 501, 1
1000, 500, 1
720, 110, 1
110, 720, 1
1079, 841, 1
1079, 1109, 1
1079, 553, 1
1079, 1125, 1
1079, 707, 1
1079, 145, 1
1079, 1201, 1
1079, 1220, 1
841, 1079, 1
841, 1109, 1
841, 553, 1
841, 1125, 1
841, 707, 1
841, 145, 1
841, 1201, 1
841, 1220, 1
1109, 1079, 1
1109, 841, 1
1109, 553, 1
1109, 1125, 1
1109, 707, 1
1109, 145, 1
1109, 1201, 1
1109, 1220, 1
553, 1079, 1
553, 841, 1
553, 1109, 1
553, 1125, 1
553, 707, 1
553, 145, 1
553, 1201, 1
553, 1220, 1
1125, 1079, 1
1125, 841, 1
1125, 1109, 1
1125, 553, 1
1125, 707, 1
1125, 145, 1
1125, 1201, 1
1125, 1220, 1
707, 1079, 1
707, 841, 1
707, 1109, 1
707, 553, 1
707, 1125, 1
707, 145, 1
707, 1201, 1
707, 1220, 1
145, 1079, 1
145, 841, 1
145, 1109, 1
145, 553, 1
145, 1125, 1
145, 707, 1
145, 1201, 1
145, 1220, 1
1201, 1079, 1
1201, 841, 1
1201, 1109, 1
1201, 553, 1
1201, 1125, 1
1201, 707, 1
1201, 145, 1
1201, 1220, 1
1220, 1079, 1
1220, 841, 1
1220, 1109, 1
1220, 553, 1
1220, 1125, 1
1220, 707, 1
1220, 145, 1
1220, 1201, 1
84, 1332, 1
1332, 84, 1
1394, 989, -1
1394, 501, -1
1394, 500, -1
1394, 1000, -1
1394, 720, -1
1394, 110, -1
1394, 1079, -1
1394, 841, -1
1394, 1109, -1
1394, 553, -1
1394, 1125, -1
1394, 707, -1
1394, 145, -1
1394, 1201, -1
1394, 1220, -1
1394, 506, -1
1394, 470, -1
1394, 797, -1
1394, 84, -1
1394, 1332, -1
989, 1394, -1
501, 1394, -1
500, 1394, -1
1000, 1394, -1
989, 720, -1
989, 110, -1
501, 720, -1
501, 110, -1
500, 720, -1
500, 110, -1
1000, 720, -1
1000, 110, -1
989, 1079, -1
989, 841, -1
989, 1109, -1
989, 553, -1
989, 1125, -1
989, 707, -1
989, 145, -1
989, 1201, -1
989, 1220, -1
501, 1079, -1
501, 841, -1
501, 1109, -1
501, 553, -1
501, 1125, -1
501, 707, -1
501, 145, -1
501, 1201, -1
501, 1220, -1
500, 1079, -1
500, 841, -1
500, 1109, -1
500, 553, -1
500, 1125, -1
500, 707, -1
500, 145, -1
500, 1201, -1
500, 1220, -1
1000, 1079, -1
1000, 841, -1
1000, 1109, -1
1000, 553, -1
1000, 1125, -1
1000, 707, -1
1000, 145, -1
1000, 1201, -1
1000, 1220, -1
989, 506, -1
501, 506, -1
500, 506, -1
1000, 506, -1
989, 470, -1
501, 470, -1
500, 470, -1
1000, 470, -1
989, 797, -1
501, 797, -1
500, 797, -1
1000, 797, -1
989, 84, -1
989, 1332, -1
501, 84, -1
501, 1332, -1
500, 84, -1
500, 1332, -1
1000, 84, -1
1000, 1332, -1
720, 1394, -1
110, 1394, -1
720, 989, -1
720, 501, -1
720, 500, -1
720, 1000, -1
110, 989, -1
110, 501, -1
110, 500, -1
110, 1000, -1
720, 1079, -1
720, 841, -1
720, 1109, -1
720, 553, -1
720, 1125, -1
720, 707, -1
720, 145, -1
720, 1201, -1
720, 1220, -1
110, 1079, -1
110, 841, -1
110, 1109, -1
110, 553, -1
110, 1125, -1
110, 707, -1
110, 145, -1
110, 1201, -1
110, 1220, -1
720, 506, -1
110, 506, -1
720, 470, -1
110, 470, -1
720, 797, -1
110, 797, -1
720, 84, -1
720, 1332, -1
110, 84, -1
110, 1332, -1
1079, 1394, -1
841, 1394, -1
1109, 1394, -1
553, 1394, -1
1125, 1394, -1
707, 1394, -1
145, 1394, -1
1201, 1394, -1
1220, 1394, -1
1079, 989, -1
1079, 501, -1
1079, 500, -1
1079, 1000, -1
841, 989, -1
841, 501, -1
841, 500, -1
841, 1000, -1
1109, 989, -1
1109, 501, -1
1109, 500, -1
1109, 1000, -1
553, 989, -1
553, 501, -1
553, 500, -1
553, 1000, -1
1125, 989, -1
1125, 501, -1
1125, 500, -1
1125, 1000, -1
707, 989, -1
707, 501, -1
707, 500, -1
707, 1000, -1
145, 989, -1
145, 501, -1
145, 500, -1
145, 1000, -1
1201, 989, -1
1201, 501, -1
1201, 500, -1
1201, 1000, -1
1220, 989, -1
1220, 501, -1
1220, 500, -1
1220, 1000, -1
1079, 720, -1
1079, 110, -1
841, 720, -1
841, 110, -1
1109, 720, -1
1109, 110, -1
553, 720, -1
553, 110, -1
1125, 720, -1
1125, 110, -1
707, 720, -1
707, 110, -1
145, 720, -1
145, 110, -1
1201, 720, -1
1201, 110, -1
1220, 720, -1
1220, 110, -1
1079, 506, -1
841, 506, -1
1109, 506, -1
553, 506, -1
1125, 506, -1
707, 506, -1
145, 506, -1
1201, 506, -1
1220, 506, -1
1079, 470, -1
841, 470, -1
1109, 470, -1
553, 470, -1
1125, 470, -1
707, 470, -1
145, 470, -1
1201, 470, -1
1220, 470, -1
1079, 797, -1
841, 797, -1
1109, 797, -1
553, 797, -1
1125, 797, -1
707, 797, -1
145, 797, -1
1201, 797, -1
1220, 797, -1
1079, 84, -1
1079, 1332, -1
841, 84, -1
841, 1332, -1
1109, 84, -1
1109, 1332, -1
553, 84, -1
553, 1332, -1
1125, 84, -1
1125, 1332, -1
707, 84, -1
707, 1332, -1
145, 84, -1
145, 1332, -1
1201, 84, -1
1201, 1332, -1
1220, 84, -1
1220, 1332, -1
506, 1394, -1
506, 989, -1
506, 501, -1
506, 500, -1
506, 1000, -1
506, 720, -1
506, 110, -1
506, 1079, -1
506, 841, -1
506, 1109, -1
506, 553, -1
506, 1125, -1
506, 707, -1
506, 145, -1
506, 1201, -1
506, 1220, -1
506, 470, -1
506, 797, -1
506, 84, -1
506, 1332, -1
470, 1394, -1
470, 989, -1
470, 501, -1
470, 500, -1
470, 1000, -1
470, 720, -1
470, 110, -1
470, 1079, -1
470, 841, -1
470, 1109, -1
470, 553, -1
470, 1125, -1
470, 707, -1
470, 145, -1
470, 1201, -1
470, 1220, -1
470, 506, -1
470, 797, -1
470, 84, -1
470, 1332, -1
797, 1394, -1
797, 989, -1
797, 501, -1
797, 500, -1
797, 1000, -1
797, 720, -1
797, 110, -1
797, 1079, -1
797, 841, -1
797, 1109, -1
797, 553, -1
797, 1125, -1
797, 707, -1
797, 145, -1
797, 1201, -1
797, 1220, -1
797, 506, -1
797, 470, -1
797, 84, -1
797, 1332, -1
84, 1394, -1
1332, 1394, -1
84, 989, -1
84, 501, -1
84, 500, -1
84, 1000, -1
1332, 989, -1
1332, 501, -1
1332, 500, -1
1332, 1000, -1
84, 720, -1
84, 110, -1
1332, 720, -1
1332, 110, -1
84, 1079, -1
84, 841, -1
84, 1109, -1
84, 553, -1
84, 1125, -1
84, 707, -1
84, 145, -1
84, 1201, -1
84, 1220, -1
1332, 1079, -1
1332, 841, -1
1332, 1109, -1
1332, 553, -1
1332, 1125, -1
1332, 707, -1
1332, 145, -1
1332, 1201, -1
1332, 1220, -1
84, 506, -1
1332, 506, -1
84, 470, -1
1332, 470, -1
84, 797, -1
1332, 797, -1

989, 501, 1
989, 500, 1
989, 1000, 1
501, 989, 1
501, 500, 1
501, 1000, 1
500, 989, 1
500, 501, 1
500, 1000, 1
1000, 989, 1
1000, 501, 1
1000, 500, 1
720, 110, 1
110, 720, 1
1079, 841, 1
1079, 1109, 1
1079, 553, 1
1079, 1125, 1
1079, 707, 1
1079, 145, 1
1079, 1201, 1
1079, 1220, 1
841, 1079, 1
841, 1109, 1
841, 553, 1
841, 1125, 1
841, 707, 1
841, 145, 1
841, 1201, 1
841, 1220, 1
1109, 1079, 1
1109, 841, 1
1109, 553, 1
1109, 1125, 1
1109, 707, 1
1109, 145, 1
1109, 1201, 1
1109, 1220, 1
553, 1079, 1
553, 841, 1
553, 1109, 1
553, 1125, 1
553, 707, 1
553, 145, 1
553, 1201, 1
553, 1220, 1
1125, 1079, 1
1125, 841, 1
1125, 1109, 1
1125, 553, 1
1125, 707, 1
1125, 145, 1
1125, 1201, 1
1125, 1220, 1
707, 1079, 1
707, 841, 1
707, 1109, 1
707, 553, 1
707, 1125, 1
707, 145, 1
707, 1201, 1
707, 1220, 1
145, 1079, 1
145, 841, 1
145, 1109, 1
145, 553, 1
145, 1125, 1
145, 707, 1
145, 1201, 1
145, 1220, 1
1201, 1079, 1
1201, 841, 1
1201, 1109, 1
1201, 553, 1
1201, 1125, 1
1201, 707, 1
1201, 145, 1
1201, 1220, 1
1220, 1079, 1
1220, 841, 1
1220, 1109, 1
1220, 553, 1
1220, 1125, 1
1220, 707, 1
1220, 145, 1
1220, 1201, 1
84, 1332, 1
84, 587, 1
1332, 84, 1
1332, 587, 1
587, 84, 1
587, 1332, 1
1394, 989, -1
1394, 501, -1
1394, 500, -1
1394, 1000, -1
1394, 720, -1
1394, 110, -1
1394, 1079, -1
1394, 841, -1
1394, 1109, -1
1394, 553, -1
1394, 1125, -1
1394, 707, -1
1394, 145, -1
1394, 1201, -1
1394, 1220, -1
1394, 506, -1
1394, 470, -1
1394, 797, -1
1394, 84, -1
1394, 1332, -1
1394, 587, -1
989, 1394, -1
501, 1394, -1
500, 1394, -1
1000, 1394, -1
989, 720, -1
989, 110, -1
501, 720, -1
501, 110, -1
500, 720, -1
500, 110, -1
1000, 720, -1
1000, 110, -1
989, 1079, -1
989, 841, -1
989, 1109, -1
989, 553, -1
989, 1125, -1
989, 707, -1
989, 145, -1
989, 1201, -1
989, 1220, -1
501, 1079, -1
501, 841, -1
501, 1109, -1
501, 553, -1
501, 1125, -1
501, 707, -1
501, 145, -1
501, 1201, -1
501, 1220, -1
500, 1079, -1
500, 841, -1
500, 1109, -1
500, 553, -1
500, 1125, -1
500, 707, -1
500, 145, -1
500, 1201, -1
500, 1220, -1
1000, 1079, -1
1000, 841, -1
1000, 1109, -1
1000, 553, -1
1000, 1125, -1
1000, 707, -1
1000, 145, -1
1000, 1201, -1
1000, 1220, -1
989, 506, -1
501, 506, -1
500, 506, -1
1000, 506, -1
989, 470, -1
501, 470, -1
500, 470, -1
1000, 470, -1
989, 797, -1
501, 797, -1
500, 797, -1
1000, 797, -1
989, 84, -1
989, 1332, -1
989, 587, -1
501, 84, -1
501, 1332, -1
501, 587, -1
500, 84, -1
500, 1332, -1
500, 587, -1
1000, 84, -1
1000, 1332, -1
1000, 587, -1
720, 1394, -1
110, 1394, -1
720, 989, -1
720, 501, -1
720, 500, -1
720, 1000, -1
110, 989, -1
110, 501, -1
110, 500, -1
110, 1000, -1
720, 1079, -1
720, 841, -1
720, 1109, -1
720, 553, -1
720, 1125, -1
720, 707, -1
720, 145, -1
720, 1201, -1
720, 1220, -1
110, 1079, -1
110, 841, -1
110, 1109, -1
110, 553, -1
110, 1125, -1
110, 707, -1
110, 145, -1
110, 1201, -1
110, 1220, -1
720, 506, -1
110, 506, -1
720, 470, -1
110, 470, -1
720, 797, -1
110, 797, -1
720, 84, -1
720, 1332, -1
720, 587, -1
110, 84, -1
110, 1332, -1
110, 587, -1
1079, 1394, -1
841, 1394, -1
1109, 1394, -1
553, 1394, -1
1125, 1394, -1
707, 1394, -1
145, 1394, -1
1201, 1394, -1
1220, 1394, -1
1079, 989, -1
1079, 501, -1
1079, 500, -1
1079, 1000, -1
841, 989, -1
841, 501, -1
841, 500, -1
841, 1000, -1
1109, 989, -1
1109, 501, -1
1109, 500, -1
1109, 1000, -1
553, 989, -1
553, 501, -1
553, 500, -1
553, 1000, -1
1125, 989, -1
1125, 501, -1
1125, 500, -1
1125, 1000, -1
707, 989, -1
707, 501, -1
707, 500, -1
707, 1000, -1
145, 989, -1
145, 501, -1
145, 500, -1
145, 1000, -1
1201, 989, -1
1201, 501, -1
1201, 500, -1
1201, 1000, -1
1220, 989, -1
1220, 501, -1
1220, 500, -1
1220, 1000, -1
1079, 720, -1
1079, 110, -1
841, 720, -1
841, 110, -1
1109, 720, -1
1109, 110, -1
553, 720, -1
553, 110, -1
1125, 720, -1
1125, 110, -1
707, 720, -1
707, 110, -1
145, 720, -1
145, 110, -1
1201, 720, -1
1201, 110, -1
1220, 720, -1
1220, 110, -1
1079, 506, -1
841, 506, -1
1109, 506, -1
553, 506, -1
1125, 506, -1
707, 506, -1
145, 506, -1
1201, 506, -1
1220, 506, -1
1079, 470, -1
841, 470, -1
1109, 470, -1
553, 470, -1
1125, 470, -1
707, 470, -1
145, 470, -1
1201, 470, -1
1220, 470, -1
1079, 797, -1
841, 797, -1
1109, 797, -1
553, 797, -1
1125, 797, -1
707, 797, -1
145, 797, -1
1201, 797, -1
1220, 797, -1
1079, 84, -1
1079, 1332, -1
1079, 587, -1
841, 84, -1
841, 1332, -1
841, 587, -1
1109, 84, -1
1109, 1332, -1
1109, 587, -1
553, 84, -1
553, 1332, -1
553, 587, -1
1125, 84, -1
1125, 1332, -1
1125, 587, -1
707, 84, -1
707, 1332, -1
707, 587, -1
145, 84, -1
145, 1332, -1
145, 587, -1
1201, 84, -1
1201, 1332, -1
1201, 587, -1
1220, 84, -1
1220, 1332, -1
1220, 587, -1
506, 1394, -1
506, 989, -1
506, 501, -1
506, 500, -1
506, 1000, -1
506, 720, -1
506, 110, -1
506, 1079, -1
506, 841, -1
506, 1109, -1
506, 553, -1
506, 1125, -1
506, 707, -1
506, 145, -1
506, 1201, -1
506, 1220, -1
506, 470, -1
506, 797, -1
506, 84, -1
506, 1332, -1
506, 587, -1
470, 1394, -1
470, 989, -1
470, 501, -1
470, 500, -1
470, 1000, -1
470, 720, -1
470, 110, -1
470, 1079, -1
470, 841, -1
470, 1109, -1
470, 553, -1
470, 1125, -1
470, 707, -1
470, 145, -1
470, 1201, -1
470, 1220, -1
470, 506, -1
470, 797, -1
470, 84, -1
470, 1332, -1
470, 587, -1
797, 1394, -1
797, 989, -1
797, 501, -1
797, 500, -1
797, 1000, -1
797, 720, -1
797, 110, -1
797, 1079, -1
797, 841, -1
797, 1109, -1
797, 553, -1
797, 1125, -1
797, 707, -1
797, 145, -1
797, 1201, -1
797, 1220, -1
797, 506, -1
797, 470, -1
797, 84, -1
797, 1332, -1
797, 587, -1
84, 1394, -1
1332, 1394, -1
587, 1394, -1
84, 989, -1
84, 501, -1
84, 500, -1
84, 1000, -1
1332, 989, -1
1332, 501, -1
1332, 500, -1
1332, 1000, -1
587, 989, -1
587, 501, -1
587, 500, -1
587, 1000, -1
84, 720, -1
84, 110, -1
1332, 720, -1
1332, 110, -1
587, 720, -1
587, 110, -1
84, 1079, -1
84, 841, -1
84, 1109, -1
84, 553, -1
84, 1125, -1
84, 707, -1
84, 145, -1
84, 1201, -1
84, 1220, -1
1332, 1079, -1
1332, 841, -1
1332, 1109, -1
1332, 553, -1
1332, 1125, -1
1332, 707, -1
1332, 145, -1
1332, 1201, -1
1332, 1220, -1
587, 1079, -1
587, 841, -1
587, 1109, -1
587, 553, -1
587, 1125, -1
587, 707, -1
587, 145, -1
587, 1201, -1
587, 1220, -1
84, 506, -1
1332, 506, -1
587, 506, -1
84, 470, -1
1332, 470, -1
587, 470, -1
84, 797, -1
1332, 797, -1
587, 797, -1

