4, 319, -1
4, 114, -1
4, 506, -1
4, 990, -1
319, 4, -1
319, 114, -1
319, 506, -1
319, 990, -1
114, 4, -1
114, 319, -1
114, 506, -1
114, 990, -1
506, 4, -1
506, 319, -1
506, 114, -1
506, 990, -1
990, 4, -1
990, 319, -1
990, 114, -1
990, 506, -1

114, 841, 1
841, 114, 1
4, 319, -1
4, 114, -1
4, 841, -1
4, 506, -1
4, 990, -1
4, 470, -1
319, 4, -1
319, 114, -1
319, 841, -1
319, 506, -1
319, 990, -1
319, 470, -1
114, 4, -1
841, 4, -1
114, 319, -1
841, 319, -1
114, 506, -1
841, 506, -1
114, 990, -1
841, 990, -1
114, 470, -1
841, 470, -1
506, 4, -1
506, 319, -1
506, 114, -1
506, 841, -1
506, 990, -1
506, 470, -1
990, 4, -1
990, 319, -1
990, 114, -1
990, 841, -1
990, 506, -1
990, 470, -1
470, 4, -1
470, 319, -1
470, 114, -1
470, 841, -1
470, 506, -1
470, 990, -1

4, 1039, 1
1039, 4, 1
114, 841, 1
114, 553, 1
841, 114, 1
841, 553, 1
553, 114, 1
553, 841, 1
4, 319, -1
1039, 319, -1
4, 114, -1
4, 841, -1
4, 553, -1
1039, 114, -1
1039, 841, -1
1039, 553, -1
4, 506, -1
1039, 506, -1
4, 990, -1
1039, 990, -1
4, 470, -1
1039, 470, -1
4, 276, -1
1039, 276, -1
319, 4, -1
319, 1039, -1
319, 114, -1
319, 841, -1
319, 553, -1
319, 506, -1
319, 990, -1
319, 470, -1
319, 276, -1
114, 4, -1
114, 1039, -1
841, 4, -1
841, 1039, -1
553, 4, -1
553, 1039, -1
114, 319, -1
841, 319, -1
553, 319, -1
114, 506, -1
841, 506, -1
553, 506, -1
114, 990, -1
841, 990, -1
553, 990, -1
114, 470, -1
841, 470, -1
553, 470, -1
114, 276, -1
841, 276, -1
553, 276, -1
506, 4, -1
506, 1039, -1
506, 319, -1
506, 114, -1
506, 841, -1
506, 553, -1
506, 990, -1
506, 470, -1
506, 276, -1
990, 4, -1
990, 1039, -1
990, 319, -1
990, 114, -1
990, 841, -1
990, 553, -1
990, 506, -1
990, 470, -1
990, 276, -1
470, 4, -1
470, 1039, -1
470, 319, -1
470, 114, -1
470, 841, -1
470, 553, -1
470, 506, -1
470, 990, -1
470, 276, -1
276, 4, -1
276, 1039, -1
276, 319, -1
276, 114, -1
276, 841, -1
276, 553, -1
276, 506, -1
276, 990, -1
276, 470, -1

4, 1039, 1
1039, 4, 1
114, 841, 1
114, 553, 1
114, 874, 1
841, 114, 1
841, 553, 1
841, 874, 1
553, 114, 1
553, 841, 1
553, 874, 1
874, 114, 1
874, 841, 1
874, 553, 1
470, 503, 1
503, 470, 1
4, 319, -1
1039, 319, -1
4, 114, -1
4, 841, -1
4, 553, -1
4, 874, -1
1039, 114, -1
1039, 841, -1
1039, 553, -1
1039, 874, -1
4, 506, -1
1039, 506, -1
4, 990, -1
1039, 990, -1
4, 470, -1
4, 503, -1
1039, 470, -1
1039, 503, -1
4, 276, -1
1039, 276, -1
319, 4, -1
319, 1039, -1
319, 114, -1
319, 841, -1
319, 553, -1
319, 874, -1
319, 506, -1
319, 990, -1
319, 470, -1
319, 503, -1
319, 276, -1
114, 4, -1
114, 1039, -1
841, 4, -1
841, 1039, -1
553, 4, -1
553, 1039, -1
874, 4, -1
874, 1039, -1
114, 319, -1
841, 319, -1
553, 319, -1
874, 319, -1
114, 506, -1
841, 506, -1
553, 506, -1
874, 506, -1
114, 990, -1
841, 990, -1
553, 990, -1
874, 990, -1
114, 470, -1
114, 503, -1
841, 470, -1
841, 503, -1
553, 470, -1
553, 503, -1
874, 470, -1
874, 503, -1
114, 276, -1
841, 276, -1
553, 276, -1
874, 276, -1
506, 4, -1
506, 1039, -1
506, 319, -1
506, 114, -1
506, 841, -1
506, 553, -1
506, 874, -1
506, 990, -1
506, 470, -1
506, 503, -1
506, 276, -1
990, 4, -1
990, 1039, -1
990, 319, -1
990, 114, -1
990, 841, -1
990, 553, -1
990, 874, -1
990, 506, -1
990, 470, -1
990, 503, -1
990, 276, -1
470, 4, -1
470, 1039, -1
503, 4, -1
503, 1039, -1
470, 319, -1
503, 319, -1
470, 114, -1
470, 841, -1
470, 553, -1
470, 874, -1
503, 114, -1
503, 841, -1
503, 553, -1
503, 874, -1
470, 506, -1
503, 506, -1
470, 990, -1
503, 990, -1
470, 276, -1
503, 276, -1
276, 4, -1
276, 1039, -1
276, 319, -1
276, 114, -1
276, 841, -1
276, 553, -1
276, 874, -1
276, 506, -1
276, 990, -1
276, 470, -1
276, 503, -1

4, 1039, 1
1039, 4, 1
114, 841, 1
114, 553, 1
114, 874, 1
114, 707, 1
841, 114, 1
841, 553, 1
841, 874, 1
841, 707, 1
553, 114, 1
553, 841, 1
553, 874, 1
553, 707, 1
874, 114, 1
874, 841, 1
874, 553, 1
874, 707, 1
707, 114, 1
707, 841, 1
707, 553, 1
707, 874, 1
470, 503, 1
503, 470, 1
4, 319, -1
1039, 319, -1
4, 114, -1
4, 841, -1
4, 553, -1
4, 874, -1
4, 707, -1
1039, 114, -1
1039, 841, -1
1039, 553, -1
1039, 874, -1
1039, 707, -1
4, 506, -1
1039, 506, -1
4, 990, -1
1039, 990, -1
4, 470, -1
4, 503, -1
1039, 470, -1
1039, 503, -1
4, 276, -1
1039, 276, -1
4, 85, -1
1039, 85, -1
319, 4, -1
319, 1039, -1
319, 114, -1
319, 841, -1
319, 553, -1
319, 874, -1
319, 707, -1
319, 506, -1
319, 990, -1
319, 470, -1
319, 503, -1
319, 276, -1
319, 85, -1
114, 4, -1
114, 1039, -1
841, 4, -1
841, 1039, -1
553, 4, -1
553, 1039, -1
874, 4, -1
874, 1039, -1
707, 4, -1
707, 1039, -1
114, 319, -1
841, 319, -1
553, 319, -1
874, 319, -1
707, 319, -1
114, 506, -1
841, 506, -1
553, 506, -1
874, 506, -1
707, 506, -1
114, 990, -1
841, 990, -1
553, 990, -1
874, 990, -1
707, 990, -1
114, 470, -1
114, 503, -1
841, 470, -1
841, 503, -1
553, 470, -1
553, 503, -1
874, 470, -1
874, 503, -1
707, 470, -1
707, 503, -1
114, 276, -1
841, 276, -1
553, 276, -1
874, 276, -1
707, 276, -1
114, 85, -1
841, 85, -1
553, 85, -1
874, 85, -1
707, 85, -1
506, 4, -1
506, 1039, -1
506, 319, -1
506, 114, -1
506, 841, -1
506, 553, -1
506, 874, -1
506, 707, -1
506, 990, -1
506, 470, -1
506, 503, -1
506, 276, -1
506, 85, -1
990, 4, -1
990, 1039, -1
990, 319, -1
990, 114, -1
990, 841, -1
990, 553, -1
990, 874, -1
990, 707, -1
990, 506, -1
990, 470, -1
990, 503, -1
990, 276, -1
990, 85, -1
470, 4, -1
470, 1039, -1
503, 4, -1
503, 1039, -1
470, 319, -1
503, 319, -1
470, 114, -1
470, 841, -1
470, 553, -1
470, 874, -1
470, 707, -1
503, 114, -1
503, 841, -1
503, 553, -1
503, 874, -1
503, 707, -1
470, 506, -1
503, 506, -1
470, 990, -1
503, 990, -1
470, 276, -1
503, 276, -1
470, 85, -1
503, 85, -1
276, 4, -1
276, 1039, -1
276, 319, -1
276, 114, -1
276, 841, -1
276, 553, -1
276, 874, -1
276, 707, -1
276, 506, -1
276, 990, -1
276, 470, -1
276, 503, -1
276, 85, -1
85, 4, -1
85, 1039, -1
85, 319, -1
85, 114, -1
85, 841, -1
85, 553, -1
85, 874, -1
85, 707, -1
85, 506, -1
85, 990, -1
85, 470, -1
85, 503, -1
85, 276, -1

4, 1039, 1
1039, 4, 1
319, 110, 1
110, 319, 1
114, 841, 1
114, 553, 1
114, 874, 1
114, 707, 1
114, 1452, 1
841, 114, 1
841, 553, 1
841, 874, 1
841, 707, 1
841, 1452, 1
553, 114, 1
553, 841, 1
553, 874, 1
553, 707, 1
553, 1452, 1
874, 114, 1
874, 841, 1
874, 553, 1
874, 707, 1
874, 1452, 1
707, 114, 1
707, 841, 1
707, 553, 1
707, 874, 1
707, 1452, 1
1452, 114, 1
1452, 841, 1
1452, 553, 1
1452, 874, 1
1452, 707, 1
990, 500, 1
500, 990, 1
470, 503, 1
503, 470, 1
4, 319, -1
4, 110, -1
1039, 319, -1
1039, 110, -1
4, 114, -1
4, 841, -1
4, 553, -1
4, 874, -1
4, 707, -1
4, 1452, -1
1039, 114, -1
1039, 841, -1
1039, 553, -1
1039, 874, -1
1039, 707, -1
1039, 1452, -1
4, 506, -1
1039, 506, -1
4, 990, -1
4, 500, -1
1039, 990, -1
1039, 500, -1
4, 470, -1
4, 503, -1
1039, 470, -1
1039, 503, -1
4, 276, -1
1039, 276, -1
4, 85, -1
1039, 85, -1
319, 4, -1
319, 1039, -1
110, 4, -1
110, 1039, -1
319, 114, -1
319, 841, -1
319, 553, -1
319, 874, -1
319, 707, -1
319, 1452, -1
110, 114, -1
110, 841, -1
110, 553, -1
110, 874, -1
110, 707, -1
110, 1452, -1
319, 506, -1
110, 506, -1
319, 990, -1
319, 500, -1
110, 990, -1
110, 500, -1
319, 470, -1
319, 503, -1
110, 470, -1
110, 503, -1
319, 276, -1
110, 276, -1
319, 85, -1
110, 85, -1
114, 4, -1
114, 1039, -1
841, 4, -1
841, 1039, -1
553, 4, -1
553, 1039, -1
874, 4, -1
874, 1039, -1
707, 4, -1
707, 1039, -1
1452, 4, -1
1452, 1039, -1
114, 319, -1
114, 110, -1
841, 319, -1
841, 110, -1
553, 319, -1
553, 110, -1
874, 319, -1
874, 110, -1
707, 319, -1
707, 110, -1
1452, 319, -1
1452, 110, -1
114, 506, -1
841, 506, -1
553, 506, -1
874, 506, -1
707, 506, -1
1452, 506, -1
114, 990, -1
114, 500, -1
841, 990, -1
841, 500, -1
553, 990, -1
553, 500, -1
874, 990, -1
874, 500, -1
707, 990, -1
707, 500, -1
1452, 990, -1
1452, 500, -1
114, 470, -1
114, 503, -1
841, 470, -1
841, 503, -1
553, 470, -1
553, 503, -1
874, 470, -1
874, 503, -1
707, 470, -1
707, 503, -1
1452, 470, -1
1452, 503, -1
114, 276, -1
841, 276, -1
553, 276, -1
874, 276, -1
707, 276, -1
1452, 276, -1
114, 85, -1
841, 85, -1
553, 85, -1
874, 85, -1
707, 85, -1
1452, 85, -1
506, 4, -1
506, 1039, -1
506, 319, -1
506, 110, -1
506, 114, -1
506, 841, -1
506, 553, -1
506, 874, -1
506, 707, -1
506, 1452, -1
506, 990, -1
506, 500, -1
506, 470, -1
506, 503, -1
506, 276, -1
506, 85, -1
990, 4, -1
990, 1039, -1
500, 4, -1
500, 1039, -1
990, 319, -1
990, 110, -1
500, 319, -1
500, 110, -1
990, 114, -1
990, 841, -1
990, 553, -1
990, 874, -1
990, 707, -1
990, 1452, -1
500, 114, -1
500, 841, -1
500, 553, -1
500, 874, -1
500, 707, -1
500, 1452, -1
990, 506, -1
500, 506, -1
990, 470, -1
990, 503, -1
500, 470, -1
500, 503, -1
990, 276, -1
500, 276, -1
990, 85, -1
500, 85, -1
470, 4, -1
470, 1039, -1
503, 4, -1
503, 1039, -1
470, 319, -1
470, 110, -1
503, 319, -1
503, 110, -1
470, 114, -1
470, 841, -1
470, 553, -1
470, 874, -1
470, 707, -1
470, 1452, -1
503, 114, -1
503, 841, -1
503, 553, -1
503, 874, -1
503, 707, -1
503, 1452, -1
470, 506, -1
503, 506, -1
470, 990, -1
470, 500, -1
503, 990, -1
503, 500, -1
470, 276, -1
503, 276, -1
470, 85, -1
503, 85, -1
276, 4, -1
276, 1039, -1
276, 319, -1
276, 110, -1
276, 114, -1
276, 841, -1
276, 553, -1
276, 874, -1
276, 707, -1
276, 1452, -1
276, 506, -1
276, 990, -1
276, 500, -1
276, 470, -1
276, 503, -1
276, 85, -1
85, 4, -1
85, 1039, -1
85, 319, -1
85, 110, -1
85, 114, -1
85, 841, -1
85, 553, -1
85, 874, -1
85, 707, -1
85, 1452, -1
85, 506, -1
85, 990, -1
85, 500, -1
85, 470, -1
85, 503, -1
85, 276, -1

4, 1039, 1
1039, 4, 1
319, 110, 1
110, 319, 1
114, 841, 1
114, 553, 1
114, 874, 1
114, 707, 1
114, 1452, 1
114, 339, 1
114, 695, 1
841, 114, 1
841, 553, 1
841, 874, 1
841, 707, 1
841, 1452, 1
841, 339, 1
841, 695, 1
553, 114, 1
553, 841, 1
553, 874, 1
553, 707, 1
553, 1452, 1
553, 339, 1
553, 695, 1
874, 114, 1
874, 841, 1
874, 553, 1
874, 707, 1
874, 1452, 1
874, 339, 1
874, 695, 1
707, 114, 1
707, 841, 1
707, 553, 1
707, 874, 1
707, 1452, 1
707, 339, 1
707, 695, 1
1452, 114, 1
1452, 841, 1
1452, 553, 1
1452, 874, 1
1452, 707, 1
1452, 339, 1
1452, 695, 1
339, 114, 1
339, 841, 1
339, 553, 1
339, 874, 1
339, 707, 1
339, 1452, 1
339, 695, 1
695, 114, 1
695, 841, 1
695, 553, 1
695, 874, 1
695, 707, 1
695, 1452, 1
695, 339, 1
990, 500, 1
500, 990, 1
470, 503, 1
503, 470, 1
4, 319, -1
4, 110, -1
1039, 319, -1
1039, 110, -1
4, 114, -1
4, 841, -1
4, 553, -1
4, 874, -1
4, 707, -1
4, 1452, -1
4, 339, -1
4, 695, -1
1039, 114, -1
1039, 841, -1
1039, 553, -1
1039, 874, -1
1039, 707, -1
1039, 1452, -1
1039, 339, -1
1039, 695, -1
4, 506, -1
1039, 506, -1
4, 990, -1
4, 500, -1
1039, 990, -1
1039, 500, -1
4, 470, -1
4, 503, -1
1039, 470, -1
1039, 503, -1
4, 276, -1
1039, 276, -1
4, 85, -1
1039, 85, -1
319, 4, -1
319, 1039, -1
110, 4, -1
110, 1039, -1
319, 114, -1
319, 841, -1
319, 553, -1
319, 874, -1
319, 707, -1
319, 1452, -1
319, 339, -1
319, 695, -1
110, 114, -1
110, 841, -1
110, 553, -1
110, 874, -1
110, 707, -1
110, 1452, -1
110, 339, -1
110, 695, -1
319, 506, -1
110, 506, -1
319, 990, -1
319, 500, -1
110, 990, -1
110, 500, -1
319, 470, -1
319, 503, -1
110, 470, -1
110, 503, -1
319, 276, -1
110, 276, -1
319, 85, -1
110, 85, -1
114, 4, -1
114, 1039, -1
841, 4, -1
841, 1039, -1
553, 4, -1
553, 1039, -1
874, 4, -1
874, 1039, -1
707, 4, -1
707, 1039, -1
1452, 4, -1
1452, 1039, -1
339, 4, -1
339, 1039, -1
695, 4, -1
695, 1039, -1
114, 319, -1
114, 110, -1
841, 319, -1
841, 110, -1
553, 319, -1
553, 110, -1
874, 319, -1
874, 110, -1
707, 319, -1
707, 110, -1
1452, 319, -1
1452, 110, -1
339, 319, -1
339, 110, -1
695, 319, -1
695, 110, -1
114, 506, -1
841, 506, -1
553, 506, -1
874, 506, -1
707, 506, -1
1452, 506, -1
339, 506, -1
695, 506, -1
114, 990, -1
114, 500, -1
841, 990, -1
841, 500, -1
553, 990, -1
553, 500, -1
874, 990, -1
874, 500, -1
707, 990, -1
707, 500, -1
1452, 990, -1
1452, 500, -1
339, 990, -1
339, 500, -1
695, 990, -1
695, 500, -1
114, 470, -1
114, 503, -1
841, 470, -1
841, 503, -1
553, 470, -1
553, 503, -1
874, 470, -1
874, 503, -1
707, 470, -1
707, 503, -1
1452, 470, -1
1452, 503, -1
339, 470, -1
339, 503, -1
695, 470, -1
695, 503, -1
114, 276, -1
841, 276, -1
553, 276, -1
874, 276, -1
707, 276, -1
1452, 276, -1
339, 276, -1
695, 276, -1
114, 85, -1
841, 85, -1
553, 85, -1
874, 85, -1
707, 85, -1
1452, 85, -1
339, 85, -1
695, 85, -1
506, 4, -1
506, 1039, -1
506, 319, -1
506, 110, -1
506, 114, -1
506, 841, -1
506, 553, -1
506, 874, -1
506, 707, -1
506, 1452, -1
506, 339, -1
506, 695, -1
506, 990, -1
506, 500, -1
506, 470, -1
506, 503, -1
506, 276, -1
506, 85, -1
990, 4, -1
990, 1039, -1
500, 4, -1
500, 1039, -1
990, 319, -1
990, 110, -1
500, 319, -1
500, 110, -1
990, 114, -1
990, 841, -1
990, 553, -1
990, 874, -1
990, 707, -1
990, 1452, -1
990, 339, -1
990, 695, -1
500, 114, -1
500, 841, -1
500, 553, -1
500, 874, -1
500, 707, -1
500, 1452, -1
500, 339, -1
500, 695, -1
990, 506, -1
500, 506, -1
990, 470, -1
990, 503, -1
500, 470, -1
500, 503, -1
990, 276, -1
500, 276, -1
990, 85, -1
500, 85, -1
470, 4, -1
470, 1039, -1
503, 4, -1
503, 1039, -1
470, 319, -1
470, 110, -1
503, 319, -1
503, 110, -1
470, 114, -1
470, 841, -1
470, 553, -1
470, 874, -1
470, 707, -1
470, 1452, -1
470, 339, -1
470, 695, -1
503, 114, -1
503, 841, -1
503, 553, -1
503, 874, -1
503, 707, -1
503, 1452, -1
503, 339, -1
503, 695, -1
470, 506, -1
503, 506, -1
470, 990, -1
470, 500, -1
503, 990, -1
503, 500, -1
470, 276, -1
503, 276, -1
470, 85, -1
503, 85, -1
276, 4, -1
276, 1039, -1
276, 319, -1
276, 110, -1
276, 114, -1
276, 841, -1
276, 553, -1
276, 874, -1
276, 707, -1
276, 1452, -1
276, 339, -1
276, 695, -1
276, 506, -1
276, 990, -1
276, 500, -1
276, 470, -1
276, 503, -1
276, 85, -1
85, 4, -1
85, 1039, -1
85, 319, -1
85, 110, -1
85, 114, -1
85, 841, -1
85, 553, -1
85, 874, -1
85, 707, -1
85, 1452, -1
85, 339, -1
85, 695, -1
85, 506, -1
85, 990, -1
85, 500, -1
85, 470, -1
85, 503, -1
85, 276, -1

4, 1039, 1
1039, 4, 1
319, 110, 1
110, 319, 1
114, 841, 1
114, 553, 1
114, 874, 1
114, 707, 1
114, 1452, 1
114, 339, 1
114, 695, 1
114, 1465, 1
841, 114, 1
841, 553, 1
841, 874, 1
841, 707, 1
841, 1452, 1
841, 339, 1
841, 695, 1
841, 1465, 1
553, 114, 1
553, 841, 1
553, 874, 1
553, 707, 1
553, 1452, 1
553, 339, 1
553, 695, 1
553, 1465, 1
874, 114, 1
874, 841, 1
874, 553, 1
874, 707, 1
874, 1452, 1
874, 339, 1
874, 695, 1
874, 1465, 1
707, 114, 1
707, 841, 1
707, 553, 1
707, 874, 1
707, 1452, 1
707, 339, 1
707, 695, 1
707, 1465, 1
1452, 114, 1
1452, 841, 1
1452, 553, 1
1452, 874, 1
1452, 707, 1
1452, 339, 1
1452, 695, 1
1452, 1465, 1
339, 114, 1
339, 841, 1
339, 553, 1
339, 874, 1
339, 707, 1
339, 1452, 1
339, 695, 1
339, 1465, 1
695, 114, 1
695, 841, 1
695, 553, 1
695, 874, 1
695, 707, 1
695, 1452, 1
695, 339, 1
695, 1465, 1
1465, 114, 1
1465, 841, 1
1465, 553, 1
1465, 874, 1
1465, 707, 1
1465, 1452, 1
1465, 339, 1
1465, 695, 1
990, 500, 1
990, 501, 1
500, 990, 1
500, 501, 1
501, 990, 1
501, 500, 1
470, 503, 1
503, 470, 1
4, 319, -1
4, 110, -1
1039, 319, -1
1039, 110, -1
4, 114, -1
4, 841, -1
4, 553, -1
4, 874, -1
4, 707, -1
4, 1452, -1
4, 339, -1
4, 695, -1
4, 1465, -1
1039, 114, -1
1039, 841, -1
1039, 553, -1
1039, 874, -1
1039, 707, -1
1039, 1452, -1
1039, 339, -1
1039, 695, -1
1039, 1465, -1
4, 506, -1
1039, 506, -1
4, 990, -1
4, 500, -1
4, 501, -1
1039, 990, -1
1039, 500, -1
1039, 501, -1
4, 470, -1
4, 503, -1
1039, 470, -1
1039, 503, -1
4, 276, -1
1039, 276, -1
4, 85, -1
1039, 85, -1
319, 4, -1
319, 1039, -1
110, 4, -1
110, 1039, -1
319, 114, -1
319, 841, -1
319, 553, -1
319, 874, -1
319, 707, -1
319, 1452, -1
319, 339, -1
319, 695, -1
319, 1465, -1
110, 114, -1
110, 841, -1
110, 553, -1
110, 874, -1
110, 707, -1
110, 1452, -1
110, 339, -1
110, 695, -1
110, 1465, -1
319, 506, -1
110, 506, -1
319, 990, -1
319, 500, -1
319, 501, -1
110, 990, -1
110, 500, -1
110, 501, -1
319, 470, -1
319, 503, -1
110, 470, -1
110, 503, -1
319, 276, -1
110, 276, -1
319, 85, -1
110, 85, -1
114, 4, -1
114, 1039, -1
841, 4, -1
841, 1039, -1
553, 4, -1
553, 1039, -1
874, 4, -1
874, 1039, -1
707, 4, -1
707, 1039, -1
1452, 4, -1
1452, 1039, -1
339, 4, -1
339, 1039, -1
695, 4, -1
695, 1039, -1
1465, 4, -1
1465, 1039, -1
114, 319, -1
114, 110, -1
841, 319, -1
841, 110, -1
553, 319, -1
553, 110, -1
874, 319, -1
874, 110, -1
707, 319, -1
707, 110, -1
1452, 319, -1
1452, 110, -1
339, 319, -1
339, 110, -1
695, 319, -1
695, 110, -1
1465, 319, -1
1465, 110, -1
114, 506, -1
841, 506, -1
553, 506, -1
874, 506, -1
707, 506, -1
1452, 506, -1
339, 506, -1
695, 506, -1
1465, 506, -1
114, 990, -1
114, 500, -1
114, 501, -1
841, 990, -1
841, 500, -1
841, 501, -1
553, 990, -1
553, 500, -1
553, 501, -1
874, 990, -1
874, 500, -1
874, 501, -1
707, 990, -1
707, 500, -1
707, 501, -1
1452, 990, -1
1452, 500, -1
1452, 501, -1
339, 990, -1
339, 500, -1
339, 501, -1
695, 990, -1
695, 500, -1
695, 501, -1
1465, 990, -1
1465, 500, -1
1465, 501, -1
114, 470, -1
114, 503, -1
841, 470, -1
841, 503, -1
553, 470, -1
553, 503, -1
874, 470, -1
874, 503, -1
707, 470, -1
707, 503, -1
1452, 470, -1
1452, 503, -1
339, 470, -1
339, 503, -1
695, 470, -1
695, 503, -1
1465, 470, -1
1465, 503, -1
114, 276, -1
841, 276, -1
553, 276, -1
874, 276, -1
707, 276, -1
1452, 276, -1
339, 276, -1
695, 276, -1
1465, 276, -1
114, 85, -1
841, 85, -1
553, 85, -1
874, 85, -1
707, 85, -1
1452, 85, -1
339, 85, -1
695, 85, -1
1465, 85, -1
506, 4, -1
506, 1039, -1
506, 319, -1
506, 110, -1
506, 114, -1
506, 841, -1
506, 553, -1
506, 874, -1
506, 707, -1
506, 1452, -1
506, 339, -1
506, 695, -1
506, 1465, -1
506, 990, -1
506, 500, -1
506, 501, -1
506, 470, -1
506, 503, -1
506, 276, -1
506, 85, -1
990, 4, -1
990, 1039, -1
500, 4, -1
500, 1039, -1
501, 4, -1
501, 1039, -1
990, 319, -1
990, 110, -1
500, 319, -1
500, 110, -1
501, 319, -1
501, 110, -1
990, 114, -1
990, 841, -1
990, 553, -1
990, 874, -1
990, 707, -1
990, 1452, -1
990, 339, -1
990, 695, -1
990, 1465, -1
500, 114, -1
500, 841, -1
500, 553, -1
500, 874, -1
500, 707, -1
500, 1452, -1
500, 339, -1
500, 695, -1
500, 1465, -1
501, 114, -1
501, 841, -1
501, 553, -1
501, 874, -1
501, 707, -1
501, 1452, -1
501, 339, -1
501, 695, -1
501, 1465, -1
990, 506, -1
500, 506, -1
501, 506, -1
990, 470, -1
990, 503, -1
500, 470, -1
500, 503, -1
501, 470, -1
501, 503, -1
990, 276, -1
500, 276, -1
501, 276, -1
990, 85, -1
500, 85, -1
501, 85, -1
470, 4, -1
470, 1039, -1
503, 4, -1
503, 1039, -1
470, 319, -1
470, 110, -1
503, 319, -1
503, 110, -1
470, 114, -1
470, 841, -1
470, 553, -1
470, 874, -1
470, 707, -1
470, 1452, -1
470, 339, -1
470, 695, -1
470, 1465, -1
503, 114, -1
503, 841, -1
503, 553, -1
503, 874, -1
503, 707, -1
503, 1452, -1
503, 339, -1
503, 695, -1
503, 1465, -1
470, 506, -1
503, 506, -1
470, 990, -1
470, 500, -1
470, 501, -1
503, 990, -1
503, 500, -1
503, 501, -1
470, 276, -1
503, 276, -1
470, 85, -1
503, 85, -1
276, 4, -1
276, 1039, -1
276, 319, -1
276, 110, -1
276, 114, -1
276, 841, -1
276, 553, -1
276, 874, -1
276, 707, -1
276, 1452, -1
276, 339, -1
276, 695, -1
276, 1465, -1
276, 506, -1
276, 990, -1
276, 500, -1
276, 501, -1
276, 470, -1
276, 503, -1
276, 85, -1
85, 4, -1
85, 1039, -1
85, 319, -1
85, 110, -1
85, 114, -1
85, 841, -1
85, 553, -1
85, 874, -1
85, 707, -1
85, 1452, -1
85, 339, -1
85, 695, -1
85, 1465, -1
85, 506, -1
85, 990, -1
85, 500, -1
85, 501, -1
85, 470, -1
85, 503, -1
85, 276, -1

4, 1039, 1
4, 242, 1
1039, 4, 1
1039, 242, 1
242, 4, 1
242, 1039, 1
319, 110, 1
110, 319, 1
114, 841, 1
114, 553, 1
114, 874, 1
114, 707, 1
114, 1452, 1
114, 339, 1
114, 695, 1
114, 1465, 1
114, 271, 1
841, 114, 1
841, 553, 1
841, 874, 1
841, 707, 1
841, 1452, 1
841, 339, 1
841, 695, 1
841, 1465, 1
841, 271, 1
553, 114, 1
553, 841, 1
553, 874, 1
553, 707, 1
553, 1452, 1
553, 339, 1
553, 695, 1
553, 1465, 1
553, 271, 1
874, 114, 1
874, 841, 1
874, 553, 1
874, 707, 1
874, 1452, 1
874, 339, 1
874, 695, 1
874, 1465, 1
874, 271, 1
707, 114, 1
707, 841, 1
707, 553, 1
707, 874, 1
707, 1452, 1
707, 339, 1
707, 695, 1
707, 1465, 1
707, 271, 1
1452, 114, 1
1452, 841, 1
1452, 553, 1
1452, 874, 1
1452, 707, 1
1452, 339, 1
1452, 695, 1
1452, 1465, 1
1452, 271, 1
339, 114, 1
339, 841, 1
339, 553, 1
339, 874, 1
339, 707, 1
339, 1452, 1
339, 695, 1
339, 1465, 1
339, 271, 1
695, 114, 1
695, 841, 1
695, 553, 1
695, 874, 1
695, 707, 1
695, 1452, 1
695, 339, 1
695, 1465, 1
695, 271, 1
1465, 114, 1
1465, 841, 1
1465, 553, 1
1465, 874, 1
1465, 707, 1
1465, 1452, 1
1465, 339, 1
1465, 695, 1
1465, 271, 1
271, 114, 1
271, 841, 1
271, 553, 1
271, 874, 1
271, 707, 1
271, 1452, 1
271, 339, 1
271, 695, 1
271, 1465, 1
990, 500, 1
990, 501, 1
500, 990, 1
500, 501, 1
501, 990, 1
501, 500, 1
470, 503, 1
470, 1450, 1
503, 470, 1
503, 1450, 1
1450, 470, 1
1450, 503, 1
4, 319, -1
4, 110, -1
1039, 319, -1
1039, 110, -1
242, 319, -1
242, 110, -1
4, 114, -1
4, 841, -1
4, 553, -1
4, 874, -1
4, 707, -1
4, 1452, -1
4, 339, -1
4, 695, -1
4, 1465, -1
4, 271, -1
1039, 114, -1
1039, 841, -1
1039, 553, -1
1039, 874, -1
1039, 707, -1
1039, 1452, -1
1039, 339, -1
1039, 695, -1
1039, 1465, -1
1039, 271, -1
242, 114, -1
242, 841, -1
242, 553, -1
242, 874, -1
242, 707, -1
242, 1452, -1
242, 339, -1
242, 695, -1
242, 1465, -1
242, 271, -1
4, 506, -1
1039, 506, -1
242, 506, -1
4, 990, -1
4, 500, -1
4, 501, -1
1039, 990, -1
1039, 500, -1
1039, 501, -1
242, 990, -1
242, 500, -1
242, 501, -1
4, 470, -1
4, 503, -1
4, 1450, -1
1039, 470, -1
1039, 503, -1
1039, 1450, -1
242, 470, -1
242, 503, -1
242, 1450, -1
4, 276, -1
1039, 276, -1
242, 276, -1
4, 85, -1
1039, 85, -1
242, 85, -1
319, 4, -1
319, 1039, -1
319, 242, -1
110, 4, -1
110, 1039, -1
110, 242, -1
319, 114, -1
319, 841, -1
319, 553, -1
319, 874, -1
319, 707, -1
319, 1452, -1
319, 339, -1
319, 695, -1
319, 1465, -1
319, 271, -1
110, 114, -1
110, 841, -1
110, 553, -1
110, 874, -1
110, 707, -1
110, 1452, -1
110, 339, -1
110, 695, -1
110, 1465, -1
110, 271, -1
319, 506, -1
110, 506, -1
319, 990, -1
319, 500, -1
319, 501, -1
110, 990, -1
110, 500, -1
110, 501, -1
319, 470, -1
319, 503, -1
319, 1450, -1
110, 470, -1
110, 503, -1
110, 1450, -1
319, 276, -1
110, 276, -1
319, 85, -1
110, 85, -1
114, 4, -1
114, 1039, -1
114, 242, -1
841, 4, -1
841, 1039, -1
841, 242, -1
553, 4, -1
553, 1039, -1
553, 242, -1
874, 4, -1
874, 1039, -1
874, 242, -1
707, 4, -1
707, 1039, -1
707, 242, -1
1452, 4, -1
1452, 1039, -1
1452, 242, -1
339, 4, -1
339, 1039, -1
339, 242, -1
695, 4, -1
695, 1039, -1
695, 242, -1
1465, 4, -1
1465, 1039, -1
1465, 242, -1
271, 4, -1
271, 1039, -1
271, 242, -1
114, 319, -1
114, 110, -1
841, 319, -1
841, 110, -1
553, 319, -1
553, 110, -1
874, 319, -1
874, 110, -1
707, 319, -1
707, 110, -1
1452, 319, -1
1452, 110, -1
339, 319, -1
339, 110, -1
695, 319, -1
695, 110, -1
1465, 319, -1
1465, 110, -1
271, 319, -1
271, 110, -1
114, 506, -1
841, 506, -1
553, 506, -1
874, 506, -1
707, 506, -1
1452, 506, -1
339, 506, -1
695, 506, -1
1465, 506, -1
271, 506, -1
114, 990, -1
114, 500, -1
114, 501, -1
841, 990, -1
841, 500, -1
841, 501, -1
553, 990, -1
553, 500, -1
553, 501, -1
874, 990, -1
874, 500, -1
874, 501, -1
707, 990, -1
707, 500, -1
707, 501, -1
1452, 990, -1
1452, 500, -1
1452, 501, -1
339, 990, -1
339, 500, -1
339, 501, -1
695, 990, -1
695, 500, -1
695, 501, -1
1465, 990, -1
1465, 500, -1
1465, 501, -1
271, 990, -1
271, 500, -1
271, 501, -1
114, 470, -1
114, 503, -1
114, 1450, -1
841, 470, -1
841, 503, -1
841, 1450, -1
553, 470, -1
553, 503, -1
553, 1450, -1
874, 470, -1
874, 503, -1
874, 1450, -1
707, 470, -1
707, 503, -1
707, 1450, -1
1452, 470, -1
1452, 503, -1
1452, 1450, -1
339, 470, -1
339, 503, -1
339, 1450, -1
695, 470, -1
695, 503, -1
695, 1450, -1
1465, 470, -1
1465, 503, -1
1465, 1450, -1
271, 470, -1
271, 503, -1
271, 1450, -1
114, 276, -1
841, 276, -1
553, 276, -1
874, 276, -1
707, 276, -1
1452, 276, -1
339, 276, -1
695, 276, -1
1465, 276, -1
271, 276, -1
114, 85, -1
841, 85, -1
553, 85, -1
874, 85, -1
707, 85, -1
1452, 85, -1
339, 85, -1
695, 85, -1
1465, 85, -1
271, 85, -1
506, 4, -1
506, 1039, -1
506, 242, -1
506, 319, -1
506, 110, -1
506, 114, -1
506, 841, -1
506, 553, -1
506, 874, -1
506, 707, -1
506, 1452, -1
506, 339, -1
506, 695, -1
506, 1465, -1
506, 271, -1
506, 990, -1
506, 500, -1
506, 501, -1
506, 470, -1
506, 503, -1
506, 1450, -1
506, 276, -1
506, 85, -1
990, 4, -1
990, 1039, -1
990, 242, -1
500, 4, -1
500, 1039, -1
500, 242, -1
501, 4, -1
501, 1039, -1
501, 242, -1
990, 319, -1
990, 110, -1
500, 319, -1
500, 110, -1
501, 319, -1
501, 110, -1
990, 114, -1
990, 841, -1
990, 553, -1
990, 874, -1
990, 707, -1
990, 1452, -1
990, 339, -1
990, 695, -1
990, 1465, -1
990, 271, -1
500, 114, -1
500, 841, -1
500, 553, -1
500, 874, -1
500, 707, -1
500, 1452, -1
500, 339, -1
500, 695, -1
500, 1465, -1
500, 271, -1
501, 114, -1
501, 841, -1
501, 553, -1
501, 874, -1
501, 707, -1
501, 1452, -1
501, 339, -1
501, 695, -1
501, 1465, -1
501, 271, -1
990, 506, -1
500, 506, -1
501, 506, -1
990, 470, -1
990, 503, -1
990, 1450, -1
500, 470, -1
500, 503, -1
500, 1450, -1
501, 470, -1
501, 503, -1
501, 1450, -1
990, 276, -1
500, 276, -1
501, 276, -1
990, 85, -1
500, 85, -1
501, 85, -1
470, 4, -1
470, 1039, -1
470, 242, -1
503, 4, -1
503, 1039, -1
503, 242, -1
1450, 4, -1
1450, 1039, -1
1450, 242, -1
470, 319, -1
470, 110, -1
503, 319, -1
503, 110, -1
1450, 319, -1
1450, 110, -1
470, 114, -1
470, 841, -1
470, 553, -1
470, 874, -1
470, 707, -1
470, 1452, -1
470, 339, -1
470, 695, -1
470, 1465, -1
470, 271, -1
503, 114, -1
503, 841, -1
503, 553, -1
503, 874, -1
503, 707, -1
503, 1452, -1
503, 339, -1
503, 695, -1
503, 1465, -1
503, 271, -1
1450, 114, -1
1450, 841, -1
1450, 553, -1
1450, 874, -1
1450, 707, -1
1450, 1452, -1
1450, 339, -1
1450, 695, -1
1450, 1465, -1
1450, 271, -1
470, 506, -1
503, 506, -1
1450, 506, -1
470, 990, -1
470, 500, -1
470, 501, -1
503, 990, -1
503, 500, -1
503, 501, -1
1450, 990, -1
1450, 500, -1
1450, 501, -1
470, 276, -1
503, 276, -1
1450, 276, -1
470, 85, -1
503, 85, -1
1450, 85, -1
276, 4, -1
276, 1039, -1
276, 242, -1
276, 319, -1
276, 110, -1
276, 114, -1
276, 841, -1
276, 553, -1
276, 874, -1
276, 707, -1
276, 1452, -1
276, 339, -1
276, 695, -1
276, 1465, -1
276, 271, -1
276, 506, -1
276, 990, -1
276, 500, -1
276, 501, -1
276, 470, -1
276, 503, -1
276, 1450, -1
276, 85, -1
85, 4, -1
85, 1039, -1
85, 242, -1
85, 319, -1
85, 110, -1
85, 114, -1
85, 841, -1
85, 553, -1
85, 874, -1
85, 707, -1
85, 1452, -1
85, 339, -1
85, 695, -1
85, 1465, -1
85, 271, -1
85, 506, -1
85, 990, -1
85, 500, -1
85, 501, -1
85, 470, -1
85, 503, -1
85, 1450, -1
85, 276, -1

4, 1039, 1
4, 242, 1
1039, 4, 1
1039, 242, 1
242, 4, 1
242, 1039, 1
319, 110, 1
319, 720, 1
110, 319, 1
110, 720, 1
720, 319, 1
720, 110, 1
114, 841, 1
114, 553, 1
114, 874, 1
114, 707, 1
114, 1452, 1
114, 339, 1
114, 695, 1
114, 1465, 1
114, 271, 1
114, 1125, 1
841, 114, 1
841, 553, 1
841, 874, 1
841, 707, 1
841, 1452, 1
841, 339, 1
841, 695, 1
841, 1465, 1
841, 271, 1
841, 1125, 1
553, 114, 1
553, 841, 1
553, 874, 1
553, 707, 1
553, 1452, 1
553, 339, 1
553, 695, 1
553, 1465, 1
553, 271, 1
553, 1125, 1
874, 114, 1
874, 841, 1
874, 553, 1
874, 707, 1
874, 1452, 1
874, 339, 1
874, 695, 1
874, 1465, 1
874, 271, 1
874, 1125, 1
707, 114, 1
707, 841, 1
707, 553, 1
707, 874, 1
707, 1452, 1
707, 339, 1
707, 695, 1
707, 1465, 1
707, 271, 1
707, 1125, 1
1452, 114, 1
1452, 841, 1
1452, 553, 1
1452, 874, 1
1452, 707, 1
1452, 339, 1
1452, 695, 1
1452, 1465, 1
1452, 271, 1
1452, 1125, 1
339, 114, 1
339, 841, 1
339, 553, 1
339, 874, 1
339, 707, 1
339, 1452, 1
339, 695, 1
339, 1465, 1
339, 271, 1
339, 1125, 1
695, 114, 1
695, 841, 1
695, 553, 1
695, 874, 1
695, 707, 1
695, 1452, 1
695, 339, 1
695, 1465, 1
695, 271, 1
695, 1125, 1
1465, 114, 1
1465, 841, 1
1465, 553, 1
1465, 874, 1
1465, 707, 1
1465, 1452, 1
1465, 339, 1
1465, 695, 1
1465, 271, 1
1465, 1125, 1
271, 114, 1
271, 841, 1
271, 553, 1
271, 874, 1
271, 707, 1
271, 1452, 1
271, 339, 1
271, 695, 1
271, 1465, 1
271, 1125, 1
1125, 114, 1
1125, 841, 1
1125, 553, 1
1125, 874, 1
1125, 707, 1
1125, 1452, 1
1125, 339, 1
1125, 695, 1
1125, 1465, 1
1125, 271, 1
506, 488, 1
488, 506, 1
990, 500, 1
990, 501, 1
500, 990, 1
500, 501, 1
501, 990, 1
501, 500, 1
470, 503, 1
470, 1450, 1
503, 470, 1
503, 1450, 1
1450, 470, 1
1450, 503, 1
4, 319, -1
4, 110, -1
4, 720, -1
1039, 319, -1
1039, 110, -1
1039, 720, -1
242, 319, -1
242, 110, -1
242, 720, -1
4, 114, -1
4, 841, -1
4, 553, -1
4, 874, -1
4, 707, -1
4, 1452, -1
4, 339, -1
4, 695, -1
4, 1465, -1
4, 271, -1
4, 1125, -1
1039, 114, -1
1039, 841, -1
1039, 553, -1
1039, 874, -1
1039, 707, -1
1039, 1452, -1
1039, 339, -1
1039, 695, -1
1039, 1465, -1
1039, 271, -1
1039, 1125, -1
242, 114, -1
242, 841, -1
242, 553, -1
242, 874, -1
242, 707, -1
242, 1452, -1
242, 339, -1
242, 695, -1
242, 1465, -1
242, 271, -1
242, 1125, -1
4, 506, -1
4, 488, -1
1039, 506, -1
1039, 488, -1
242, 506, -1
242, 488, -1
4, 990, -1
4, 500, -1
4, 501, -1
1039, 990, -1
1039, 500, -1
1039, 501, -1
242, 990, -1
242, 500, -1
242, 501, -1
4, 470, -1
4, 503, -1
4, 1450, -1
1039, 470, -1
1039, 503, -1
1039, 1450, -1
242, 470, -1
242, 503, -1
242, 1450, -1
4, 276, -1
1039, 276, -1
242, 276, -1
4, 85, -1
1039, 85, -1
242, 85, -1
319, 4, -1
319, 1039, -1
319, 242, -1
110, 4, -1
110, 1039, -1
110, 242, -1
720, 4, -1
720, 1039, -1
720, 242, -1
319, 114, -1
319, 841, -1
319, 553, -1
319, 874, -1
319, 707, -1
319, 1452, -1
319, 339, -1
319, 695, -1
319, 1465, -1
319, 271, -1
319, 1125, -1
110, 114, -1
110, 841, -1
110, 553, -1
110, 874, -1
110, 707, -1
110, 1452, -1
110, 339, -1
110, 695, -1
110, 1465, -1
110, 271, -1
110, 1125, -1
720, 114, -1
720, 841, -1
720, 553, -1
720, 874, -1
720, 707, -1
720, 1452, -1
720, 339, -1
720, 695, -1
720, 1465, -1
720, 271, -1
720, 1125, -1
319, 506, -1
319, 488, -1
110, 506, -1
110, 488, -1
720, 506, -1
720, 488, -1
319, 990, -1
319, 500, -1
319, 501, -1
110, 990, -1
110, 500, -1
110, 501, -1
720, 990, -1
720, 500, -1
720, 501, -1
319, 470, -1
319, 503, -1
319, 1450, -1
110, 470, -1
110, 503, -1
110, 1450, -1
720, 470, -1
720, 503, -1
720, 1450, -1
319, 276, -1
110, 276, -1
720, 276, -1
319, 85, -1
110, 85, -1
720, 85, -1
114, 4, -1
114, 1039, -1
114, 242, -1
841, 4, -1
841, 1039, -1
841, 242, -1
553, 4, -1
553, 1039, -1
553, 242, -1
874, 4, -1
874, 1039, -1
874, 242, -1
707, 4, -1
707, 1039, -1
707, 242, -1
1452, 4, -1
1452, 1039, -1
1452, 242, -1
339, 4, -1
339, 1039, -1
339, 242, -1
695, 4, -1
695, 1039, -1
695, 242, -1
1465, 4, -1
1465, 1039, -1
1465, 242, -1
271, 4, -1
271, 1039, -1
271, 242, -1
1125, 4, -1
1125, 1039, -1
1125, 242, -1
114, 319, -1
114, 110, -1
114, 720, -1
841, 319, -1
841, 110, -1
841, 720, -1
553, 319, -1
553, 110, -1
553, 720, -1
874, 319, -1
874, 110, -1
874, 720, -1
707, 319, -1
707, 110, -1
707, 720, -1
1452, 319, -1
1452, 110, -1
1452, 720, -1
339, 319, -1
339, 110, -1
339, 720, -1
695, 319, -1
695, 110, -1
695, 720, -1
1465, 319, -1
1465, 110, -1
1465, 720, -1
271, 319, -1
271, 110, -1
271, 720, -1
1125, 319, -1
1125, 110, -1
1125, 720, -1
114, 506, -1
114, 488, -1
841, 506, -1
841, 488, -1
553, 506, -1
553, 488, -1
874, 506, -1
874, 488, -1
707, 506, -1
707, 488, -1
1452, 506, -1
1452, 488, -1
339, 506, -1
339, 488, -1
695, 506, -1
695, 488, -1
1465, 506, -1
1465, 488, -1
271, 506, -1
271, 488, -1
1125, 506, -1
1125, 488, -1
114, 990, -1
114, 500, -1
114, 501, -1
841, 990, -1
841, 500, -1
841, 501, -1
553, 990, -1
553, 500, -1
553, 501, -1
874, 990, -1
874, 500, -1
874, 501, -1
707, 990, -1
707, 500, -1
707, 501, -1
1452, 990, -1
1452, 500, -1
1452, 501, -1
339, 990, -1
339, 500, -1
339, 501, -1
695, 990, -1
695, 500, -1
695, 501, -1
1465, 990, -1
1465, 500, -1
1465, 501, -1
271, 990, -1
271, 500, -1
271, 501, -1
1125, 990, -1
1125, 500, -1
1125, 501, -1
114, 470, -1
114, 503, -1
114, 1450, -1
841, 470, -1
841, 503, -1
841, 1450, -1
553, 470, -1
553, 503, -1
553, 1450, -1
874, 470, -1
874, 503, -1
874, 1450, -1
707, 470, -1
707, 503, -1
707, 1450, -1
1452, 470, -1
1452, 503, -1
1452, 1450, -1
339, 470, -1
339, 503, -1
339, 1450, -1
695, 470, -1
695, 503, -1
695, 1450, -1
1465, 470, -1
1465, 503, -1
1465, 1450, -1
271, 470, -1
271, 503, -1
271, 1450, -1
1125, 470, -1
1125, 503, -1
1125, 1450, -1
114, 276, -1
841, 276, -1
553, 276, -1
874, 276, -1
707, 276, -1
1452, 276, -1
339, 276, -1
695, 276, -1
1465, 276, -1
271, 276, -1
1125, 276, -1
114, 85, -1
841, 85, -1
553, 85, -1
874, 85, -1
707, 85, -1
1452, 85, -1
339, 85, -1
695, 85, -1
1465, 85, -1
271, 85, -1
1125, 85, -1
506, 4, -1
506, 1039, -1
506, 242, -1
488, 4, -1
488, 1039, -1
488, 242, -1
506, 319, -1
506, 110, -1
506, 720, -1
488, 319, -1
488, 110, -1
488, 720, -1
506, 114, -1
506, 841, -1
506, 553, -1
506, 874, -1
506, 707, -1
506, 1452, -1
506, 339, -1
506, 695, -1
506, 1465, -1
506, 271, -1
506, 1125, -1
488, 114, -1
488, 841, -1
488, 553, -1
488, 874, -1
488, 707, -1
488, 1452, -1
488, 339, -1
488, 695, -1
488, 1465, -1
488, 271, -1
488, 1125, -1
506, 990, -1
506, 500, -1
506, 501, -1
488, 990, -1
488, 500, -1
488, 501, -1
506, 470, -1
506, 503, -1
506, 1450, -1
488, 470, -1
488, 503, -1
488, 1450, -1
506, 276, -1
488, 276, -1
506, 85, -1
488, 85, -1
990, 4, -1
990, 1039, -1
990, 242, -1
500, 4, -1
500, 1039, -1
500, 242, -1
501, 4, -1
501, 1039, -1
501, 242, -1
990, 319, -1
990, 110, -1
990, 720, -1
500, 319, -1
500, 110, -1
500, 720, -1
501, 319, -1
501, 110, -1
501, 720, -1
990, 114, -1
990, 841, -1
990, 553, -1
990, 874, -1
990, 707, -1
990, 1452, -1
990, 339, -1
990, 695, -1
990, 1465, -1
990, 271, -1
990, 1125, -1
500, 114, -1
500, 841, -1
500, 553, -1
500, 874, -1
500, 707, -1
500, 1452, -1
500, 339, -1
500, 695, -1
500, 1465, -1
500, 271, -1
500, 1125, -1
501, 114, -1
501, 841, -1
501, 553, -1
501, 874, -1
501, 707, -1
501, 1452, -1
501, 339, -1
501, 695, -1
501, 1465, -1
501, 271, -1
501, 1125, -1
990, 506, -1
990, 488, -1
500, 506, -1
500, 488, -1
501, 506, -1
501, 488, -1
990, 470, -1
990, 503, -1
990, 1450, -1
500, 470, -1
500, 503, -1
500, 1450, -1
501, 470, -1
501, 503, -1
501, 1450, -1
990, 276, -1
500, 276, -1
501, 276, -1
990, 85, -1
500, 85, -1
501, 85, -1
470, 4, -1
470, 1039, -1
470, 242, -1
503, 4, -1
503, 1039, -1
503, 242, -1
1450, 4, -1
1450, 1039, -1
1450, 242, -1
470, 319, -1
470, 110, -1
470, 720, -1
503, 319, -1
503, 110, -1
503, 720, -1
1450, 319, -1
1450, 110, -1
1450, 720, -1
470, 114, -1
470, 841, -1
470, 553, -1
470, 874, -1
470, 707, -1
470, 1452, -1
470, 339, -1
470, 695, -1
470, 1465, -1
470, 271, -1
470, 1125, -1
503, 114, -1
503, 841, -1
503, 553, -1
503, 874, -1
503, 707, -1
503, 1452, -1
503, 339, -1
503, 695, -1
503, 1465, -1
503, 271, -1
503, 1125, -1
1450, 114, -1
1450, 841, -1
1450, 553, -1
1450, 874, -1
1450, 707, -1
1450, 1452, -1
1450, 339, -1
1450, 695, -1
1450, 1465, -1
1450, 271, -1
1450, 1125, -1
470, 506, -1
470, 488, -1
503, 506, -1
503, 488, -1
1450, 506, -1
1450, 488, -1
470, 990, -1
470, 500, -1
470, 501, -1
503, 990, -1
503, 500, -1
503, 501, -1
1450, 990, -1
1450, 500, -1
1450, 501, -1
470, 276, -1
503, 276, -1
1450, 276, -1
470, 85, -1
503, 85, -1
1450, 85, -1
276, 4, -1
276, 1039, -1
276, 242, -1
276, 319, -1
276, 110, -1
276, 720, -1
276, 114, -1
276, 841, -1
276, 553, -1
276, 874, -1
276, 707, -1
276, 1452, -1
276, 339, -1
276, 695, -1
276, 1465, -1
276, 271, -1
276, 1125, -1
276, 506, -1
276, 488, -1
276, 990, -1
276, 500, -1
276, 501, -1
276, 470, -1
276, 503, -1
276, 1450, -1
276, 85, -1
85, 4, -1
85, 1039, -1
85, 242, -1
85, 319, -1
85, 110, -1
85, 720, -1
85, 114, -1
85, 841, -1
85, 553, -1
85, 874, -1
85, 707, -1
85, 1452, -1
85, 339, -1
85, 695, -1
85, 1465, -1
85, 271, -1
85, 1125, -1
85, 506, -1
85, 488, -1
85, 990, -1
85, 500, -1
85, 501, -1
85, 470, -1
85, 503, -1
85, 1450, -1
85, 276, -1

