1350, 989, 1
1350, 501, 1
989, 1350, 1
989, 501, 1
501, 1350, 1
501, 989, 1
1079, 841, 1
841, 1079, 1
1350, 720, -1
989, 720, -1
501, 720, -1
1350, 1079, -1
1350, 841, -1
989, 1079, -1
989, 841, -1
501, 1079, -1
501, 841, -1
720, 1350, -1
720, 989, -1
720, 501, -1
720, 1079, -1
720, 841, -1
1079, 1350, -1
1079, 989, -1
1079, 501, -1
841, 1350, -1
841, 989, -1
841, 501, -1
1079, 720, -1
841, 720, -1

1350, 989, 1
1350, 501, 1
989, 1350, 1
989, 501, 1
501, 1350, 1
501, 989, 1
1079, 841, 1
1079, 553, 1
1079, 1109, 1
841, 1079, 1
841, 553, 1
841, 1109, 1
553, 1079, 1
553, 841, 1
553, 1109, 1
1109, 1079, 1
1109, 841, 1
1109, 553, 1
1350, 720, -1
989, 720, -1
501, 720, -1
1350, 1079, -1
1350, 841, -1
1350, 553, -1
1350, 1109, -1
989, 1079, -1
989, 841, -1
989, 553, -1
989, 1109, -1
501, 1079, -1
501, 841, -1
501, 553, -1
501, 1109, -1
1350, 470, -1
989, 470, -1
501, 470, -1
720, 1350, -1
720, 989, -1
720, 501, -1
720, 1079, -1
720, 841, -1
720, 553, -1
720, 1109, -1
720, 470, -1
1079, 1350, -1
1079, 989, -1
1079, 501, -1
841, 1350, -1
841, 989, -1
841, 501, -1
553, 1350, -1
553, 989, -1
553, 501, -1
1109, 1350, -1
1109, 989, -1
1109, 501, -1
1079, 720, -1
841, 720, -1
553, 720, -1
1109, 720, -1
1079, 470, -1
841, 470, -1
553, 470, -1
1109, 470, -1
470, 1350, -1
470, 989, -1
470, 501, -1
470, 720, -1
470, 1079, -1
470, 841, -1
470, 553, -1
470, 1109, -1

1350, 989, 1
1350, 501, 1
1350, 500, 1
989, 1350, 1
989, 501, 1
989, 500, 1
501, 1350, 1
501, 989, 1
501, 500, 1
500, 1350, 1
500, 989, 1
500, 501, 1
1079, 841, 1
1079, 553, 1
1079, 1109, 1
841, 1079, 1
841, 553, 1
841, 1109, 1
553, 1079, 1
553, 841, 1
553, 1109, 1
1109, 1079, 1
1109, 841, 1
1109, 553, 1
1350, 720, -1
989, 720, -1
501, 720, -1
500, 720, -1
1350, 1079, -1
1350, 841, -1
1350, 553, -1
1350, 1109, -1
989, 1079, -1
989, 841, -1
989, 553, -1
989, 1109, -1
501, 1079, -1
501, 841, -1
501, 553, -1
501, 1109, -1
500, 1079, -1
500, 841, -1
500, 553, -1
500, 1109, -1
1350, 470, -1
989, 470, -1
501, 470, -1
500, 470, -1
1350, 506, -1
989, 506, -1
501, 506, -1
500, 506, -1
1350, 169, -1
989, 169, -1
501, 169, -1
500, 169, -1
720, 1350, -1
720, 989, -1
720, 501, -1
720, 500, -1
720, 1079, -1
720, 841, -1
720, 553, -1
720, 1109, -1
720, 470, -1
720, 506, -1
720, 169, -1
1079, 1350, -1
1079, 989, -1
1079, 501, -1
1079, 500, -1
841, 1350, -1
841, 989, -1
841, 501, -1
841, 500, -1
553, 1350, -1
553, 989, -1
553, 501, -1
553, 500, -1
1109, 1350, -1
1109, 989, -1
1109, 501, -1
1109, 500, -1
1079, 720, -1
841, 720, -1
553, 720, -1
1109, 720, -1
1079, 470, -1
841, 470, -1
553, 470, -1
1109, 470, -1
1079, 506, -1
841, 506, -1
553, 506, -1
1109, 506, -1
1079, 169, -1
841, 169, -1
553, 169, -1
1109, 169, -1
470, 1350, -1
470, 989, -1
470, 501, -1
470, 500, -1
470, 720, -1
470, 1079, -1
470, 841, -1
470, 553, -1
470, 1109, -1
470, 506, -1
470, 169, -1
506, 1350, -1
506, 989, -1
506, 501, -1
506, 500, -1
506, 720, -1
506, 1079, -1
506, 841, -1
506, 553, -1
506, 1109, -1
506, 470, -1
506, 169, -1
169, 1350, -1
169, 989, -1
169, 501, -1
169, 500, -1
169, 720, -1
169, 1079, -1
169, 841, -1
169, 553, -1
169, 1109, -1
169, 470, -1
169, 506, -1

1350, 989, 1
1350, 501, 1
1350, 500, 1
989, 1350, 1
989, 501, 1
989, 500, 1
501, 1350, 1
501, 989, 1
501, 500, 1
500, 1350, 1
500, 989, 1
500, 501, 1
1079, 841, 1
1079, 553, 1
1079, 1109, 1
1079, 707, 1
1079, 1125, 1
841, 1079, 1
841, 553, 1
841, 1109, 1
841, 707, 1
841, 1125, 1
553, 1079, 1
553, 841, 1
553, 1109, 1
553, 707, 1
553, 1125, 1
1109, 1079, 1
1109, 841, 1
1109, 553, 1
1109, 707, 1
1109, 1125, 1
707, 1079, 1
707, 841, 1
707, 553, 1
707, 1109, 1
707, 1125, 1
1125, 1079, 1
1125, 841, 1
1125, 553, 1
1125, 1109, 1
1125, 707, 1
1350, 720, -1
989, 720, -1
501, 720, -1
500, 720, -1
1350, 1079, -1
1350, 841, -1
1350, 553, -1
1350, 1109, -1
1350, 707, -1
1350, 1125, -1
989, 1079, -1
989, 841, -1
989, 553, -1
989, 1109, -1
989, 707, -1
989, 1125, -1
501, 1079, -1
501, 841, -1
501, 553, -1
501, 1109, -1
501, 707, -1
501, 1125, -1
500, 1079, -1
500, 841, -1
500, 553, -1
500, 1109, -1
500, 707, -1
500, 1125, -1
1350, 470, -1
989, 470, -1
501, 470, -1
500, 470, -1
1350, 506, -1
989, 506, -1
501, 506, -1
500, 506, -1
1350, 169, -1
989, 169, -1
501, 169, -1
500, 169, -1
720, 1350, -1
720, 989, -1
720, 501, -1
720, 500, -1
720, 1079, -1
720, 841, -1
720, 553, -1
720, 1109, -1
720, 707, -1
720, 1125, -1
720, 470, -1
720, 506, -1
720, 169, -1
1079, 1350, -1
1079, 989, -1
1079, 501, -1
1079, 500, -1
841, 1350, -1
841, 989, -1
841, 501, -1
841, 500, -1
553, 1350, -1
553, 989, -1
553, 501, -1
553, 500, -1
1109, 1350, -1
1109, 989, -1
1109, 501, -1
1109, 500, -1
707, 1350, -1
707, 989, -1
707, 501, -1
707, 500, -1
1125, 1350, -1
1125, 989, -1
1125, 501, -1
1125, 500, -1
1079, 720, -1
841, 720, -1
553, 720, -1
1109, 720, -1
707, 720, -1
1125, 720, -1
1079, 470, -1
841, 470, -1
553, 470, -1
1109, 470, -1
707, 470, -1
1125, 470, -1
1079, 506, -1
841, 506, -1
553, 506, -1
1109, 506, -1
707, 506, -1
1125, 506, -1
1079, 169, -1
841, 169, -1
553, 169, -1
1109, 169, -1
707, 169, -1
1125, 169, -1
470, 1350, -1
470, 989, -1
470, 501, -1
470, 500, -1
470, 720, -1
470, 1079, -1
470, 841, -1
470, 553, -1
470, 1109, -1
470, 707, -1
470, 1125, -1
470, 506, -1
470, 169, -1
506, 1350, -1
506, 989, -1
506, 501, -1
506, 500, -1
506, 720, -1
506, 1079, -1
506, 841, -1
506, 553, -1
506, 1109, -1
506, 707, -1
506, 1125, -1
506, 470, -1
506, 169, -1
169, 1350, -1
169, 989, -1
169, 501, -1
169, 500, -1
169, 720, -1
169, 1079, -1
169, 841, -1
169, 553, -1
169, 1109, -1
169, 707, -1
169, 1125, -1
169, 470, -1
169, 506, -1

1350, 989, 1
1350, 501, 1
1350, 500, 1
989, 1350, 1
989, 501, 1
989, 500, 1
501, 1350, 1
501, 989, 1
501, 500, 1
500, 1350, 1
500, 989, 1
500, 501, 1
1079, 841, 1
1079, 553, 1
1079, 1109, 1
1079, 707, 1
1079, 1125, 1
1079, 1201, 1
841, 1079, 1
841, 553, 1
841, 1109, 1
841, 707, 1
841, 1125, 1
841, 1201, 1
553, 1079, 1
553, 841, 1
553, 1109, 1
553, 707, 1
553, 1125, 1
553, 1201, 1
1109, 1079, 1
1109, 841, 1
1109, 553, 1
1109, 707, 1
1109, 1125, 1
1109, 1201, 1
707, 1079, 1
707, 841, 1
707, 553, 1
707, 1109, 1
707, 1125, 1
707, 1201, 1
1125, 1079, 1
1125, 841, 1
1125, 553, 1
1125, 1109, 1
1125, 707, 1
1125, 1201, 1
1201, 1079, 1
1201, 841, 1
1201, 553, 1
1201, 1109, 1
1201, 707, 1
1201, 1125, 1
1350, 720, -1
989, 720, -1
501, 720, -1
500, 720, -1
1350, 1079, -1
1350, 841, -1
1350, 553, -1
1350, 1109, -1
1350, 707, -1
1350, 1125, -1
1350, 1201, -1
989, 1079, -1
989, 841, -1
989, 553, -1
989, 1109, -1
989, 707, -1
989, 1125, -1
989, 1201, -1
501, 1079, -1
501, 841, -1
501, 553, -1
501, 1109, -1
501, 707, -1
501, 1125, -1
501, 1201, -1
500, 1079, -1
500, 841, -1
500, 553, -1
500, 1109, -1
500, 707, -1
500, 1125, -1
500, 1201, -1
1350, 470, -1
989, 470, -1
501, 470, -1
500, 470, -1
1350, 506, -1
989, 506, -1
501, 506, -1
500, 506, -1
1350, 169, -1
989, 169, -1
501, 169, -1
500, 169, -1
1350, 84, -1
989, 84, -1
501, 84, -1
500, 84, -1
720, 1350, -1
720, 989, -1
720, 501, -1
720, 500, -1
720, 1079, -1
720, 841, -1
720, 553, -1
720, 1109, -1
720, 707, -1
720, 1125, -1
720, 1201, -1
720, 470, -1
720, 506, -1
720, 169, -1
720, 84, -1
1079, 1350, -1
1079, 989, -1
1079, 501, -1
1079, 500, -1
841, 1350, -1
841, 989, -1
841, 501, -1
841, 500, -1
553, 1350, -1
553, 989, -1
553, 501, -1
553, 500, -1
1109, 1350, -1
1109, 989, -1
1109, 501, -1
1109, 500, -1
707, 1350, -1
707, 989, -1
707, 501, -1
707, 500, -1
1125, 1350, -1
1125, 989, -1
1125, 501, -1
1125, 500, -1
1201, 1350, -1
1201, 989, -1
1201, 501, -1
1201, 500, -1
1079, 720, -1
841, 720, -1
553, 720, -1
1109, 720, -1
707, 720, -1
1125, 720, -1
1201, 720, -1
1079, 470, -1
841, 470, -1
553, 470, -1
1109, 470, -1
707, 470, -1
1125, 470, -1
1201, 470, -1
1079, 506, -1
841, 506, -1
553, 506, -1
1109, 506, -1
707, 506, -1
1125, 506, -1
1201, 506, -1
1079, 169, -1
841, 169, -1
553, 169, -1
1109, 169, -1
707, 169, -1
1125, 169, -1
1201, 169, -1
1079, 84, -1
841, 84, -1
553, 84, -1
1109, 84, -1
707, 84, -1
1125, 84, -1
1201, 84, -1
470, 1350, -1
470, 989, -1
470, 501, -1
470, 500, -1
470, 720, -1
470, 1079, -1
470, 841, -1
470, 553, -1
470, 1109, -1
470, 707, -1
470, 1125, -1
470, 1201, -1
470, 506, -1
470, 169, -1
470, 84, -1
506, 1350, -1
506, 989, -1
506, 501, -1
506, 500, -1
506, 720, -1
506, 1079, -1
506, 841, -1
506, 553, -1
506, 1109, -1
506, 707, -1
506, 1125, -1
506, 1201, -1
506, 470, -1
506, 169, -1
506, 84, -1
169, 1350, -1
169, 989, -1
169, 501, -1
169, 500, -1
169, 720, -1
169, 1079, -1
169, 841, -1
169, 553, -1
169, 1109, -1
169, 707, -1
169, 1125, -1
169, 1201, -1
169, 470, -1
169, 506, -1
169, 84, -1
84, 1350, -1
84, 989, -1
84, 501, -1
84, 500, -1
84, 720, -1
84, 1079, -1
84, 841, -1
84, 553, -1
84, 1109, -1
84, 707, -1
84, 1125, -1
84, 1201, -1
84, 470, -1
84, 506, -1
84, 169, -1

1350, 989, 1
1350, 501, 1
1350, 500, 1
989, 1350, 1
989, 501, 1
989, 500, 1
501, 1350, 1
501, 989, 1
501, 500, 1
500, 1350, 1
500, 989, 1
500, 501, 1
720, 110, 1
110, 720, 1
1079, 841, 1
1079, 553, 1
1079, 1109, 1
1079, 707, 1
1079, 1125, 1
1079, 1201, 1
1079, 274, 1
841, 1079, 1
841, 553, 1
841, 1109, 1
841, 707, 1
841, 1125, 1
841, 1201, 1
841, 274, 1
553, 1079, 1
553, 841, 1
553, 1109, 1
553, 707, 1
553, 1125, 1
553, 1201, 1
553, 274, 1
1109, 1079, 1
1109, 841, 1
1109, 553, 1
1109, 707, 1
1109, 1125, 1
1109, 1201, 1
1109, 274, 1
707, 1079, 1
707, 841, 1
707, 553, 1
707, 1109, 1
707, 1125, 1
707, 1201, 1
707, 274, 1
1125, 1079, 1
1125, 841, 1
1125, 553, 1
1125, 1109, 1
1125, 707, 1
1125, 1201, 1
1125, 274, 1
1201, 1079, 1
1201, 841, 1
1201, 553, 1
1201, 1109, 1
1201, 707, 1
1201, 1125, 1
1201, 274, 1
274, 1079, 1
274, 841, 1
274, 553, 1
274, 1109, 1
274, 707, 1
274, 1125, 1
274, 1201, 1
470, 1356, 1
1356, 470, 1
1350, 720, -1
1350, 110, -1
989, 720, -1
989, 110, -1
501, 720, -1
501, 110, -1
500, 720, -1
500, 110, -1
1350, 1079, -1
1350, 841, -1
1350, 553, -1
1350, 1109, -1
1350, 707, -1
1350, 1125, -1
1350, 1201, -1
1350, 274, -1
989, 1079, -1
989, 841, -1
989, 553, -1
989, 1109, -1
989, 707, -1
989, 1125, -1
989, 1201, -1
989, 274, -1
501, 1079, -1
501, 841, -1
501, 553, -1
501, 1109, -1
501, 707, -1
501, 1125, -1
501, 1201, -1
501, 274, -1
500, 1079, -1
500, 841, -1
500, 553, -1
500, 1109, -1
500, 707, -1
500, 1125, -1
500, 1201, -1
500, 274, -1
1350, 470, -1
1350, 1356, -1
989, 470, -1
989, 1356, -1
501, 470, -1
501, 1356, -1
500, 470, -1
500, 1356, -1
1350, 506, -1
989, 506, -1
501, 506, -1
500, 506, -1
1350, 169, -1
989, 169, -1
501, 169, -1
500, 169, -1
1350, 84, -1
989, 84, -1
501, 84, -1
500, 84, -1
720, 1350, -1
720, 989, -1
720, 501, -1
720, 500, -1
110, 1350, -1
110, 989, -1
110, 501, -1
110, 500, -1
720, 1079, -1
720, 841, -1
720, 553, -1
720, 1109, -1
720, 707, -1
720, 1125, -1
720, 1201, -1
720, 274, -1
110, 1079, -1
110, 841, -1
110, 553, -1
110, 1109, -1
110, 707, -1
110, 1125, -1
110, 1201, -1
110, 274, -1
720, 470, -1
720, 1356, -1
110, 470, -1
110, 1356, -1
720, 506, -1
110, 506, -1
720, 169, -1
110, 169, -1
720, 84, -1
110, 84, -1
1079, 1350, -1
1079, 989, -1
1079, 501, -1
1079, 500, -1
841, 1350, -1
841, 989, -1
841, 501, -1
841, 500, -1
553, 1350, -1
553, 989, -1
553, 501, -1
553, 500, -1
1109, 1350, -1
1109, 989, -1
1109, 501, -1
1109, 500, -1
707, 1350, -1
707, 989, -1
707, 501, -1
707, 500, -1
1125, 1350, -1
1125, 989, -1
1125, 501, -1
1125, 500, -1
1201, 1350, -1
1201, 989, -1
1201, 501, -1
1201, 500, -1
274, 1350, -1
274, 989, -1
274, 501, -1
274, 500, -1
1079, 720, -1
1079, 110, -1
841, 720, -1
841, 110, -1
553, 720, -1
553, 110, -1
1109, 720, -1
1109, 110, -1
707, 720, -1
707, 110, -1
1125, 720, -1
1125, 110, -1
1201, 720, -1
1201, 110, -1
274, 720, -1
274, 110, -1
1079, 470, -1
1079, 1356, -1
841, 470, -1
841, 1356, -1
553, 470, -1
553, 1356, -1
1109, 470, -1
1109, 1356, -1
707, 470, -1
707, 1356, -1
1125, 470, -1
1125, 1356, -1
1201, 470, -1
1201, 1356, -1
274, 470, -1
274, 1356, -1
1079, 506, -1
841, 506, -1
553, 506, -1
1109, 506, -1
707, 506, -1
1125, 506, -1
1201, 506, -1
274, 506, -1
1079, 169, -1
841, 169, -1
553, 169, -1
1109, 169, -1
707, 169, -1
1125, 169, -1
1201, 169, -1
274, 169, -1
1079, 84, -1
841, 84, -1
553, 84, -1
1109, 84, -1
707, 84, -1
1125, 84, -1
1201, 84, -1
274, 84, -1
470, 1350, -1
470, 989, -1
470, 501, -1
470, 500, -1
1356, 1350, -1
1356, 989, -1
1356, 501, -1
1356, 500, -1
470, 720, -1
470, 110, -1
1356, 720, -1
1356, 110, -1
470, 1079, -1
470, 841, -1
470, 553, -1
470, 1109, -1
470, 707, -1
470, 1125, -1
470, 1201, -1
470, 274, -1
1356, 1079, -1
1356, 841, -1
1356, 553, -1
1356, 1109, -1
1356, 707, -1
1356, 1125, -1
1356, 1201, -1
1356, 274, -1
470, 506, -1
1356, 506, -1
470, 169, -1
1356, 169, -1
470, 84, -1
1356, 84, -1
506, 1350, -1
506, 989, -1
506, 501, -1
506, 500, -1
506, 720, -1
506, 110, -1
506, 1079, -1
506, 841, -1
506, 553, -1
506, 1109, -1
506, 707, -1
506, 1125, -1
506, 1201, -1
506, 274, -1
506, 470, -1
506, 1356, -1
506, 169, -1
506, 84, -1
169, 1350, -1
169, 989, -1
169, 501, -1
169, 500, -1
169, 720, -1
169, 110, -1
169, 1079, -1
169, 841, -1
169, 553, -1
169, 1109, -1
169, 707, -1
169, 1125, -1
169, 1201, -1
169, 274, -1
169, 470, -1
169, 1356, -1
169, 506, -1
169, 84, -1
84, 1350, -1
84, 989, -1
84, 501, -1
84, 500, -1
84, 720, -1
84, 110, -1
84, 1079, -1
84, 841, -1
84, 553, -1
84, 1109, -1
84, 707, -1
84, 1125, -1
84, 1201, -1
84, 274, -1
84, 470, -1
84, 1356, -1
84, 506, -1
84, 169, -1

1350, 989, 1
1350, 501, 1
1350, 500, 1
989, 1350, 1
989, 501, 1
989, 500, 1
501, 1350, 1
501, 989, 1
501, 500, 1
500, 1350, 1
500, 989, 1
500, 501, 1
720, 110, 1
720, 1145, 1
110, 720, 1
110, 1145, 1
1145, 720, 1
1145, 110, 1
1079, 841, 1
1079, 553, 1
1079, 1109, 1
1079, 707, 1
1079, 1125, 1
1079, 1201, 1
1079, 274, 1
841, 1079, 1
841, 553, 1
841, 1109, 1
841, 707, 1
841, 1125, 1
841, 1201, 1
841, 274, 1
553, 1079, 1
553, 841, 1
553, 1109, 1
553, 707, 1
553, 1125, 1
553, 1201, 1
553, 274, 1
1109, 1079, 1
1109, 841, 1
1109, 553, 1
1109, 707, 1
1109, 1125, 1
1109, 1201, 1
1109, 274, 1
707, 1079, 1
707, 841, 1
707, 553, 1
707, 1109, 1
707, 1125, 1
707, 1201, 1
707, 274, 1
1125, 1079, 1
1125, 841, 1
1125, 553, 1
1125, 1109, 1
1125, 707, 1
1125, 1201, 1
1125, 274, 1
1201, 1079, 1
1201, 841, 1
1201, 553, 1
1201, 1109, 1
1201, 707, 1
1201, 1125, 1
1201, 274, 1
274, 1079, 1
274, 841, 1
274, 553, 1
274, 1109, 1
274, 707, 1
274, 1125, 1
274, 1201, 1
470, 1356, 1
1356, 470, 1
84, 587, 1
587, 84, 1
1350, 720, -1
1350, 110, -1
1350, 1145, -1
989, 720, -1
989, 110, -1
989, 1145, -1
501, 720, -1
501, 110, -1
501, 1145, -1
500, 720, -1
500, 110, -1
500, 1145, -1
1350, 1079, -1
1350, 841, -1
1350, 553, -1
1350, 1109, -1
1350, 707, -1
1350, 1125, -1
1350, 1201, -1
1350, 274, -1
989, 1079, -1
989, 841, -1
989, 553, -1
989, 1109, -1
989, 707, -1
989, 1125, -1
989, 1201, -1
989, 274, -1
501, 1079, -1
501, 841, -1
501, 553, -1
501, 1109, -1
501, 707, -1
501, 1125, -1
501, 1201, -1
501, 274, -1
500, 1079, -1
500, 841, -1
500, 553, -1
500, 1109, -1
500, 707, -1
500, 1125, -1
500, 1201, -1
500, 274, -1
1350, 470, -1
1350, 1356, -1
989, 470, -1
989, 1356, -1
501, 470, -1
501, 1356, -1
500, 470, -1
500, 1356, -1
1350, 506, -1
989, 506, -1
501, 506, -1
500, 506, -1
1350, 169, -1
989, 169, -1
501, 169, -1
500, 169, -1
1350, 84, -1
1350, 587, -1
989, 84, -1
989, 587, -1
501, 84, -1
501, 587, -1
500, 84, -1
500, 587, -1
720, 1350, -1
720, 989, -1
720, 501, -1
720, 500, -1
110, 1350, -1
110, 989, -1
110, 501, -1
110, 500, -1
1145, 1350, -1
1145, 989, -1
1145, 501, -1
1145, 500, -1
720, 1079, -1
720, 841, -1
720, 553, -1
720, 1109, -1
720, 707, -1
720, 1125, -1
720, 1201, -1
720, 274, -1
110, 1079, -1
110, 841, -1
110, 553, -1
110, 1109, -1
110, 707, -1
110, 1125, -1
110, 1201, -1
110, 274, -1
1145, 1079, -1
1145, 841, -1
1145, 553, -1
1145, 1109, -1
1145, 707, -1
1145, 1125, -1
1145, 1201, -1
1145, 274, -1
720, 470, -1
720, 1356, -1
110, 470, -1
110, 1356, -1
1145, 470, -1
1145, 1356, -1
720, 506, -1
110, 506, -1
1145, 506, -1
720, 169, -1
110, 169, -1
1145, 169, -1
720, 84, -1
720, 587, -1
110, 84, -1
110, 587, -1
1145, 84, -1
1145, 587, -1
1079, 1350, -1
1079, 989, -1
1079, 501, -1
1079, 500, -1
841, 1350, -1
841, 989, -1
841, 501, -1
841, 500, -1
553, 1350, -1
553, 989, -1
553, 501, -1
553, 500, -1
1109, 1350, -1
1109, 989, -1
1109, 501, -1
1109, 500, -1
707, 1350, -1
707, 989, -1
707, 501, -1
707, 500, -1
1125, 1350, -1
1125, 989, -1
1125, 501, -1
1125, 500, -1
1201, 1350, -1
1201, 989, -1
1201, 501, -1
1201, 500, -1
274, 1350, -1
274, 989, -1
274, 501, -1
274, 500, -1
1079, 720, -1
1079, 110, -1
1079, 1145, -1
841, 720, -1
841, 110, -1
841, 1145, -1
553, 720, -1
553, 110, -1
553, 1145, -1
1109, 720, -1
1109, 110, -1
1109, 1145, -1
707, 720, -1
707, 110, -1
707, 1145, -1
1125, 720, -1
1125, 110, -1
1125, 1145, -1
1201, 720, -1
1201, 110, -1
1201, 1145, -1
274, 720, -1
274, 110, -1
274, 1145, -1
1079, 470, -1
1079, 1356, -1
841, 470, -1
841, 1356, -1
553, 470, -1
553, 1356, -1
1109, 470, -1
1109, 1356, -1
707, 470, -1
707, 1356, -1
1125, 470, -1
1125, 1356, -1
1201, 470, -1
1201, 1356, -1
274, 470, -1
274, 1356, -1
1079, 506, -1
841, 506, -1
553, 506, -1
1109, 506, -1
707, 506, -1
1125, 506, -1
1201, 506, -1
274, 506, -1
1079, 169, -1
841, 169, -1
553, 169, -1
1109, 169, -1
707, 169, -1
1125, 169, -1
1201, 169, -1
274, 169, -1
1079, 84, -1
1079, 587, -1
841, 84, -1
841, 587, -1
553, 84, -1
553, 587, -1
1109, 84, -1
1109, 587, -1
707, 84, -1
707, 587, -1
1125, 84, -1
1125, 587, -1
1201, 84, -1
1201, 587, -1
274, 84, -1
274, 587, -1
470, 1350, -1
470, 989, -1
470, 501, -1
470, 500, -1
1356, 1350, -1
1356, 989, -1
1356, 501, -1
1356, 500, -1
470, 720, -1
470, 110, -1
470, 1145, -1
1356, 720, -1
1356, 110, -1
1356, 1145, -1
470, 1079, -1
470, 841, -1
470, 553, -1
470, 1109, -1
470, 707, -1
470, 1125, -1
470, 1201, -1
470, 274, -1
1356, 1079, -1
1356, 841, -1
1356, 553, -1
1356, 1109, -1
1356, 707, -1
1356, 1125, -1
1356, 1201, -1
1356, 274, -1
470, 506, -1
1356, 506, -1
470, 169, -1
1356, 169, -1
470, 84, -1
470, 587, -1
1356, 84, -1
1356, 587, -1
506, 1350, -1
506, 989, -1
506, 501, -1
506, 500, -1
506, 720, -1
506, 110, -1
506, 1145, -1
506, 1079, -1
506, 841, -1
506, 553, -1
506, 1109, -1
506, 707, -1
506, 1125, -1
506, 1201, -1
506, 274, -1
506, 470, -1
506, 1356, -1
506, 169, -1
506, 84, -1
506, 587, -1
169, 1350, -1
169, 989, -1
169, 501, -1
169, 500, -1
169, 720, -1
169, 110, -1
169, 1145, -1
169, 1079, -1
169, 841, -1
169, 553, -1
169, 1109, -1
169, 707, -1
169, 1125, -1
169, 1201, -1
169, 274, -1
169, 470, -1
169, 1356, -1
169, 506, -1
169, 84, -1
169, 587, -1
84, 1350, -1
84, 989, -1
84, 501, -1
84, 500, -1
587, 1350, -1
587, 989, -1
587, 501, -1
587, 500, -1
84, 720, -1
84, 110, -1
84, 1145, -1
587, 720, -1
587, 110, -1
587, 1145, -1
84, 1079, -1
84, 841, -1
84, 553, -1
84, 1109, -1
84, 707, -1
84, 1125, -1
84, 1201, -1
84, 274, -1
587, 1079, -1
587, 841, -1
587, 553, -1
587, 1109, -1
587, 707, -1
587, 1125, -1
587, 1201, -1
587, 274, -1
84, 470, -1
84, 1356, -1
587, 470, -1
587, 1356, -1
84, 506, -1
587, 506, -1
84, 169, -1
587, 169, -1

1350, 989, 1
1350, 501, 1
1350, 500, 1
989, 1350, 1
989, 501, 1
989, 500, 1
501, 1350, 1
501, 989, 1
501, 500, 1
500, 1350, 1
500, 989, 1
500, 501, 1
720, 110, 1
720, 1145, 1
110, 720, 1
110, 1145, 1
1145, 720, 1
1145, 110, 1
1079, 841, 1
1079, 553, 1
1079, 1109, 1
1079, 707, 1
1079, 1125, 1
1079, 1201, 1
1079, 274, 1
1079, 695, 1
841, 1079, 1
841, 553, 1
841, 1109, 1
841, 707, 1
841, 1125, 1
841, 1201, 1
841, 274, 1
841, 695, 1
553, 1079, 1
553, 841, 1
553, 1109, 1
553, 707, 1
553, 1125, 1
553, 1201, 1
553, 274, 1
553, 695, 1
1109, 1079, 1
1109, 841, 1
1109, 553, 1
1109, 707, 1
1109, 1125, 1
1109, 1201, 1
1109, 274, 1
1109, 695, 1
707, 1079, 1
707, 841, 1
707, 553, 1
707, 1109, 1
707, 1125, 1
707, 1201, 1
707, 274, 1
707, 695, 1
1125, 1079, 1
1125, 841, 1
1125, 553, 1
1125, 1109, 1
1125, 707, 1
1125, 1201, 1
1125, 274, 1
1125, 695, 1
1201, 1079, 1
1201, 841, 1
1201, 553, 1
1201, 1109, 1
1201, 707, 1
1201, 1125, 1
1201, 274, 1
1201, 695, 1
274, 1079, 1
274, 841, 1
274, 553, 1
274, 1109, 1
274, 707, 1
274, 1125, 1
274, 1201, 1
274, 695, 1
695, 1079, 1
695, 841, 1
695, 553, 1
695, 1109, 1
695, 707, 1
695, 1125, 1
695, 1201, 1
695, 274, 1
470, 1356, 1
1356, 470, 1
84, 587, 1
587, 84, 1
1350, 720, -1
1350, 110, -1
1350, 1145, -1
989, 720, -1
989, 110, -1
989, 1145, -1
501, 720, -1
501, 110, -1
501, 1145, -1
500, 720, -1
500, 110, -1
500, 1145, -1
1350, 1079, -1
1350, 841, -1
1350, 553, -1
1350, 1109, -1
1350, 707, -1
1350, 1125, -1
1350, 1201, -1
1350, 274, -1
1350, 695, -1
989, 1079, -1
989, 841, -1
989, 553, -1
989, 1109, -1
989, 707, -1
989, 1125, -1
989, 1201, -1
989, 274, -1
989, 695, -1
501, 1079, -1
501, 841, -1
501, 553, -1
501, 1109, -1
501, 707, -1
501, 1125, -1
501, 1201, -1
501, 274, -1
501, 695, -1
500, 1079, -1
500, 841, -1
500, 553, -1
500, 1109, -1
500, 707, -1
500, 1125, -1
500, 1201, -1
500, 274, -1
500, 695, -1
1350, 470, -1
1350, 1356, -1
989, 470, -1
989, 1356, -1
501, 470, -1
501, 1356, -1
500, 470, -1
500, 1356, -1
1350, 506, -1
989, 506, -1
501, 506, -1
500, 506, -1
1350, 169, -1
989, 169, -1
501, 169, -1
500, 169, -1
1350, 84, -1
1350, 587, -1
989, 84, -1
989, 587, -1
501, 84, -1
501, 587, -1
500, 84, -1
500, 587, -1
1350, 276, -1
989, 276, -1
501, 276, -1
500, 276, -1
720, 1350, -1
720, 989, -1
720, 501, -1
720, 500, -1
110, 1350, -1
110, 989, -1
110, 501, -1
110, 500, -1
1145, 1350, -1
1145, 989, -1
1145, 501, -1
1145, 500, -1
720, 1079, -1
720, 841, -1
720, 553, -1
720, 1109, -1
720, 707, -1
720, 1125, -1
720, 1201, -1
720, 274, -1
720, 695, -1
110, 1079, -1
110, 841, -1
110, 553, -1
110, 1109, -1
110, 707, -1
110, 1125, -1
110, 1201, -1
110, 274, -1
110, 695, -1
1145, 1079, -1
1145, 841, -1
1145, 553, -1
1145, 1109, -1
1145, 707, -1
1145, 1125, -1
1145, 1201, -1
1145, 274, -1
1145, 695, -1
720, 470, -1
720, 1356, -1
110, 470, -1
110, 1356, -1
1145, 470, -1
1145, 1356, -1
720, 506, -1
110, 506, -1
1145, 506, -1
720, 169, -1
110, 169, -1
1145, 169, -1
720, 84, -1
720, 587, -1
110, 84, -1
110, 587, -1
1145, 84, -1
1145, 587, -1
720, 276, -1
110, 276, -1
1145, 276, -1
1079, 1350, -1
1079, 989, -1
1079, 501, -1
1079, 500, -1
841, 1350, -1
841, 989, -1
841, 501, -1
841, 500, -1
553, 1350, -1
553, 989, -1
553, 501, -1
553, 500, -1
1109, 1350, -1
1109, 989, -1
1109, 501, -1
1109, 500, -1
707, 1350, -1
707, 989, -1
707, 501, -1
707, 500, -1
1125, 1350, -1
1125, 989, -1
1125, 501, -1
1125, 500, -1
1201, 1350, -1
1201, 989, -1
1201, 501, -1
1201, 500, -1
274, 1350, -1
274, 989, -1
274, 501, -1
274, 500, -1
695, 1350, -1
695, 989, -1
695, 501, -1
695, 500, -1
1079, 720, -1
1079, 110, -1
1079, 1145, -1
841, 720, -1
841, 110, -1
841, 1145, -1
553, 720, -1
553, 110, -1
553, 1145, -1
1109, 720, -1
1109, 110, -1
1109, 1145, -1
707, 720, -1
707, 110, -1
707, 1145, -1
1125, 720, -1
1125, 110, -1
1125, 1145, -1
1201, 720, -1
1201, 110, -1
1201, 1145, -1
274, 720, -1
274, 110, -1
274, 1145, -1
695, 720, -1
695, 110, -1
695, 1145, -1
1079, 470, -1
1079, 1356, -1
841, 470, -1
841, 1356, -1
553, 470, -1
553, 1356, -1
1109, 470, -1
1109, 1356, -1
707, 470, -1
707, 1356, -1
1125, 470, -1
1125, 1356, -1
1201, 470, -1
1201, 1356, -1
274, 470, -1
274, 1356, -1
695, 470, -1
695, 1356, -1
1079, 506, -1
841, 506, -1
553, 506, -1
1109, 506, -1
707, 506, -1
1125, 506, -1
1201, 506, -1
274, 506, -1
695, 506, -1
1079, 169, -1
841, 169, -1
553, 169, -1
1109, 169, -1
707, 169, -1
1125, 169, -1
1201, 169, -1
274, 169, -1
695, 169, -1
1079, 84, -1
1079, 587, -1
841, 84, -1
841, 587, -1
553, 84, -1
553, 587, -1
1109, 84, -1
1109, 587, -1
707, 84, -1
707, 587, -1
1125, 84, -1
1125, 587, -1
1201, 84, -1
1201, 587, -1
274, 84, -1
274, 587, -1
695, 84, -1
695, 587, -1
1079, 276, -1
841, 276, -1
553, 276, -1
1109, 276, -1
707, 276, -1
1125, 276, -1
1201, 276, -1
274, 276, -1
695, 276, -1
470, 1350, -1
470, 989, -1
470, 501, -1
470, 500, -1
1356, 1350, -1
1356, 989, -1
1356, 501, -1
1356, 500, -1
470, 720, -1
470, 110, -1
470, 1145, -1
1356, 720, -1
1356, 110, -1
1356, 1145, -1
470, 1079, -1
470, 841, -1
470, 553, -1
470, 1109, -1
470, 707, -1
470, 1125, -1
470, 1201, -1
470, 274, -1
470, 695, -1
1356, 1079, -1
1356, 841, -1
1356, 553, -1
1356, 1109, -1
1356, 707, -1
1356, 1125, -1
1356, 1201, -1
1356, 274, -1
1356, 695, -1
470, 506, -1
1356, 506, -1
470, 169, -1
1356, 169, -1
470, 84, -1
470, 587, -1
1356, 84, -1
1356, 587, -1
470, 276, -1
1356, 276, -1
506, 1350, -1
506, 989, -1
506, 501, -1
506, 500, -1
506, 720, -1
506, 110, -1
506, 1145, -1
506, 1079, -1
506, 841, -1
506, 553, -1
506, 1109, -1
506, 707, -1
506, 1125, -1
506, 1201, -1
506, 274, -1
506, 695, -1
506, 470, -1
506, 1356, -1
506, 169, -1
506, 84, -1
506, 587, -1
506, 276, -1
169, 1350, -1
169, 989, -1
169, 501, -1
169, 500, -1
169, 720, -1
169, 110, -1
169, 1145, -1
169, 1079, -1
169, 841, -1
169, 553, -1
169, 1109, -1
169, 707, -1
169, 1125, -1
169, 1201, -1
169, 274, -1
169, 695, -1
169, 470, -1
169, 1356, -1
169, 506, -1
169, 84, -1
169, 587, -1
169, 276, -1
84, 1350, -1
84, 989, -1
84, 501, -1
84, 500, -1
587, 1350, -1
587, 989, -1
587, 501, -1
587, 500, -1
84, 720, -1
84, 110, -1
84, 1145, -1
587, 720, -1
587, 110, -1
587, 1145, -1
84, 1079, -1
84, 841, -1
84, 553, -1
84, 1109, -1
84, 707, -1
84, 1125, -1
84, 1201, -1
84, 274, -1
84, 695, -1
587, 1079, -1
587, 841, -1
587, 553, -1
587, 1109, -1
587, 707, -1
587, 1125, -1
587, 1201, -1
587, 274, -1
587, 695, -1
84, 470, -1
84, 1356, -1
587, 470, -1
587, 1356, -1
84, 506, -1
587, 506, -1
84, 169, -1
587, 169, -1
84, 276, -1
587, 276, -1
276, 1350, -1
276, 989, -1
276, 501, -1
276, 500, -1
276, 720, -1
276, 110, -1
276, 1145, -1
276, 1079, -1
276, 841, -1
276, 553, -1
276, 1109, -1
276, 707, -1
276, 1125, -1
276, 1201, -1
276, 274, -1
276, 695, -1
276, 470, -1
276, 1356, -1
276, 506, -1
276, 169, -1
276, 84, -1
276, 587, -1

1350, 989, 1
1350, 501, 1
1350, 500, 1
989, 1350, 1
989, 501, 1
989, 500, 1
501, 1350, 1
501, 989, 1
501, 500, 1
500, 1350, 1
500, 989, 1
500, 501, 1
720, 110, 1
720, 1145, 1
110, 720, 1
110, 1145, 1
1145, 720, 1
1145, 110, 1
1079, 841, 1
1079, 553, 1
1079, 1109, 1
1079, 707, 1
1079, 1125, 1
1079, 1201, 1
1079, 274, 1
1079, 695, 1
1079, 861, 1
841, 1079, 1
841, 553, 1
841, 1109, 1
841, 707, 1
841, 1125, 1
841, 1201, 1
841, 274, 1
841, 695, 1
841, 861, 1
553, 1079, 1
553, 841, 1
553, 1109, 1
553, 707, 1
553, 1125, 1
553, 1201, 1
553, 274, 1
553, 695, 1
553, 861, 1
1109, 1079, 1
1109, 841, 1
1109, 553, 1
1109, 707, 1
1109, 1125, 1
1109, 1201, 1
1109, 274, 1
1109, 695, 1
1109, 861, 1
707, 1079, 1
707, 841, 1
707, 553, 1
707, 1109, 1
707, 1125, 1
707, 1201, 1
707, 274, 1
707, 695, 1
707, 861, 1
1125, 1079, 1
1125, 841, 1
1125, 553, 1
1125, 1109, 1
1125, 707, 1
1125, 1201, 1
1125, 274, 1
1125, 695, 1
1125, 861, 1
1201, 1079, 1
1201, 841, 1
1201, 553, 1
1201, 1109, 1
1201, 707, 1
1201, 1125, 1
1201, 274, 1
1201, 695, 1
1201, 861, 1
274, 1079, 1
274, 841, 1
274, 553, 1
274, 1109, 1
274, 707, 1
274, 1125, 1
274, 1201, 1
274, 695, 1
274, 861, 1
695, 1079, 1
695, 841, 1
695, 553, 1
695, 1109, 1
695, 707, 1
695, 1125, 1
695, 1201, 1
695, 274, 1
695, 861, 1
861, 1079, 1
861, 841, 1
861, 553, 1
861, 1109, 1
861, 707, 1
861, 1125, 1
861, 1201, 1
861, 274, 1
861, 695, 1
470, 1356, 1
1356, 470, 1
506, 488, 1
488, 506, 1
84, 587, 1
587, 84, 1
1350, 720, -1
1350, 110, -1
1350, 1145, -1
989, 720, -1
989, 110, -1
989, 1145, -1
501, 720, -1
501, 110, -1
501, 1145, -1
500, 720, -1
500, 110, -1
500, 1145, -1
1350, 1079, -1
1350, 841, -1
1350, 553, -1
1350, 1109, -1
1350, 707, -1
1350, 1125, -1
1350, 1201, -1
1350, 274, -1
1350, 695, -1
1350, 861, -1
989, 1079, -1
989, 841, -1
989, 553, -1
989, 1109, -1
989, 707, -1
989, 1125, -1
989, 1201, -1
989, 274, -1
989, 695, -1
989, 861, -1
501, 1079, -1
501, 841, -1
501, 553, -1
501, 1109, -1
501, 707, -1
501, 1125, -1
501, 1201, -1
501, 274, -1
501, 695, -1
501, 861, -1
500, 1079, -1
500, 841, -1
500, 553, -1
500, 1109, -1
500, 707, -1
500, 1125, -1
500, 1201, -1
500, 274, -1
500, 695, -1
500, 861, -1
1350, 470, -1
1350, 1356, -1
989, 470, -1
989, 1356, -1
501, 470, -1
501, 1356, -1
500, 470, -1
500, 1356, -1
1350, 506, -1
1350, 488, -1
989, 506, -1
989, 488, -1
501, 506, -1
501, 488, -1
500, 506, -1
500, 488, -1
1350, 169, -1
989, 169, -1
501, 169, -1
500, 169, -1
1350, 84, -1
1350, 587, -1
989, 84, -1
989, 587, -1
501, 84, -1
501, 587, -1
500, 84, -1
500, 587, -1
1350, 276, -1
989, 276, -1
501, 276, -1
500, 276, -1
720, 1350, -1
720, 989, -1
720, 501, -1
720, 500, -1
110, 1350, -1
110, 989, -1
110, 501, -1
110, 500, -1
1145, 1350, -1
1145, 989, -1
1145, 501, -1
1145, 500, -1
720, 1079, -1
720, 841, -1
720, 553, -1
720, 1109, -1
720, 707, -1
720, 1125, -1
720, 1201, -1
720, 274, -1
720, 695, -1
720, 861, -1
110, 1079, -1
110, 841, -1
110, 553, -1
110, 1109, -1
110, 707, -1
110, 1125, -1
110, 1201, -1
110, 274, -1
110, 695, -1
110, 861, -1
1145, 1079, -1
1145, 841, -1
1145, 553, -1
1145, 1109, -1
1145, 707, -1
1145, 1125, -1
1145, 1201, -1
1145, 274, -1
1145, 695, -1
1145, 861, -1
720, 470, -1
720, 1356, -1
110, 470, -1
110, 1356, -1
1145, 470, -1
1145, 1356, -1
720, 506, -1
720, 488, -1
110, 506, -1
110, 488, -1
1145, 506, -1
1145, 488, -1
720, 169, -1
110, 169, -1
1145, 169, -1
720, 84, -1
720, 587, -1
110, 84, -1
110, 587, -1
1145, 84, -1
1145, 587, -1
720, 276, -1
110, 276, -1
1145, 276, -1
1079, 1350, -1
1079, 989, -1
1079, 501, -1
1079, 500, -1
841, 1350, -1
841, 989, -1
841, 501, -1
841, 500, -1
553, 1350, -1
553, 989, -1
553, 501, -1
553, 500, -1
1109, 1350, -1
1109, 989, -1
1109, 501, -1
1109, 500, -1
707, 1350, -1
707, 989, -1
707, 501, -1
707, 500, -1
1125, 1350, -1
1125, 989, -1
1125, 501, -1
1125, 500, -1
1201, 1350, -1
1201, 989, -1
1201, 501, -1
1201, 500, -1
274, 1350, -1
274, 989, -1
274, 501, -1
274, 500, -1
695, 1350, -1
695, 989, -1
695, 501, -1
695, 500, -1
861, 1350, -1
861, 989, -1
861, 501, -1
861, 500, -1
1079, 720, -1
1079, 110, -1
1079, 1145, -1
841, 720, -1
841, 110, -1
841, 1145, -1
553, 720, -1
553, 110, -1
553, 1145, -1
1109, 720, -1
1109, 110, -1
1109, 1145, -1
707, 720, -1
707, 110, -1
707, 1145, -1
1125, 720, -1
1125, 110, -1
1125, 1145, -1
1201, 720, -1
1201, 110, -1
1201, 1145, -1
274, 720, -1
274, 110, -1
274, 1145, -1
695, 720, -1
695, 110, -1
695, 1145, -1
861, 720, -1
861, 110, -1
861, 1145, -1
1079, 470, -1
1079, 1356, -1
841, 470, -1
841, 1356, -1
553, 470, -1
553, 1356, -1
1109, 470, -1
1109, 1356, -1
707, 470, -1
707, 1356, -1
1125, 470, -1
1125, 1356, -1
1201, 470, -1
1201, 1356, -1
274, 470, -1
274, 1356, -1
695, 470, -1
695, 1356, -1
861, 470, -1
861, 1356, -1
1079, 506, -1
1079, 488, -1
841, 506, -1
841, 488, -1
553, 506, -1
553, 488, -1
1109, 506, -1
1109, 488, -1
707, 506, -1
707, 488, -1
1125, 506, -1
1125, 488, -1
1201, 506, -1
1201, 488, -1
274, 506, -1
274, 488, -1
695, 506, -1
695, 488, -1
861, 506, -1
861, 488, -1
1079, 169, -1
841, 169, -1
553, 169, -1
1109, 169, -1
707, 169, -1
1125, 169, -1
1201, 169, -1
274, 169, -1
695, 169, -1
861, 169, -1
1079, 84, -1
1079, 587, -1
841, 84, -1
841, 587, -1
553, 84, -1
553, 587, -1
1109, 84, -1
1109, 587, -1
707, 84, -1
707, 587, -1
1125, 84, -1
1125, 587, -1
1201, 84, -1
1201, 587, -1
274, 84, -1
274, 587, -1
695, 84, -1
695, 587, -1
861, 84, -1
861, 587, -1
1079, 276, -1
841, 276, -1
553, 276, -1
1109, 276, -1
707, 276, -1
1125, 276, -1
1201, 276, -1
274, 276, -1
695, 276, -1
861, 276, -1
470, 1350, -1
470, 989, -1
470, 501, -1
470, 500, -1
1356, 1350, -1
1356, 989, -1
1356, 501, -1
1356, 500, -1
470, 720, -1
470, 110, -1
470, 1145, -1
1356, 720, -1
1356, 110, -1
1356, 1145, -1
470, 1079, -1
470, 841, -1
470, 553, -1
470, 1109, -1
470, 707, -1
470, 1125, -1
470, 1201, -1
470, 274, -1
470, 695, -1
470, 861, -1
1356, 1079, -1
1356, 841, -1
1356, 553, -1
1356, 1109, -1
1356, 707, -1
1356, 1125, -1
1356, 1201, -1
1356, 274, -1
1356, 695, -1
1356, 861, -1
470, 506, -1
470, 488, -1
1356, 506, -1
1356, 488, -1
470, 169, -1
1356, 169, -1
470, 84, -1
470, 587, -1
1356, 84, -1
1356, 587, -1
470, 276, -1
1356, 276, -1
506, 1350, -1
506, 989, -1
506, 501, -1
506, 500, -1
488, 1350, -1
488, 989, -1
488, 501, -1
488, 500, -1
506, 720, -1
506, 110, -1
506, 1145, -1
488, 720, -1
488, 110, -1
488, 1145, -1
506, 1079, -1
506, 841, -1
506, 553, -1
506, 1109, -1
506, 707, -1
506, 1125, -1
506, 1201, -1
506, 274, -1
506, 695, -1
506, 861, -1
488, 1079, -1
488, 841, -1
488, 553, -1
488, 1109, -1
488, 707, -1
488, 1125, -1
488, 1201, -1
488, 274, -1
488, 695, -1
488, 861, -1
506, 470, -1
506, 1356, -1
488, 470, -1
488, 1356, -1
506, 169, -1
488, 169, -1
506, 84, -1
506, 587, -1
488, 84, -1
488, 587, -1
506, 276, -1
488, 276, -1
169, 1350, -1
169, 989, -1
169, 501, -1
169, 500, -1
169, 720, -1
169, 110, -1
169, 1145, -1
169, 1079, -1
169, 841, -1
169, 553, -1
169, 1109, -1
169, 707, -1
169, 1125, -1
169, 1201, -1
169, 274, -1
169, 695, -1
169, 861, -1
169, 470, -1
169, 1356, -1
169, 506, -1
169, 488, -1
169, 84, -1
169, 587, -1
169, 276, -1
84, 1350, -1
84, 989, -1
84, 501, -1
84, 500, -1
587, 1350, -1
587, 989, -1
587, 501, -1
587, 500, -1
84, 720, -1
84, 110, -1
84, 1145, -1
587, 720, -1
587, 110, -1
587, 1145, -1
84, 1079, -1
84, 841, -1
84, 553, -1
84, 1109, -1
84, 707, -1
84, 1125, -1
84, 1201, -1
84, 274, -1
84, 695, -1
84, 861, -1
587, 1079, -1
587, 841, -1
587, 553, -1
587, 1109, -1
587, 707, -1
587, 1125, -1
587, 1201, -1
587, 274, -1
587, 695, -1
587, 861, -1
84, 470, -1
84, 1356, -1
587, 470, -1
587, 1356, -1
84, 506, -1
84, 488, -1
587, 506, -1
587, 488, -1
84, 169, -1
587, 169, -1
84, 276, -1
587, 276, -1
276, 1350, -1
276, 989, -1
276, 501, -1
276, 500, -1
276, 720, -1
276, 110, -1
276, 1145, -1
276, 1079, -1
276, 841, -1
276, 553, -1
276, 1109, -1
276, 707, -1
276, 1125, -1
276, 1201, -1
276, 274, -1
276, 695, -1
276, 861, -1
276, 470, -1
276, 1356, -1
276, 506, -1
276, 488, -1
276, 169, -1
276, 84, -1
276, 587, -1

1350, 989, 1
1350, 501, 1
1350, 500, 1
1350, 1000, 1
989, 1350, 1
989, 501, 1
989, 500, 1
989, 1000, 1
501, 1350, 1
501, 989, 1
501, 500, 1
501, 1000, 1
500, 1350, 1
500, 989, 1
500, 501, 1
500, 1000, 1
1000, 1350, 1
1000, 989, 1
1000, 501, 1
1000, 500, 1
720, 110, 1
720, 1145, 1
110, 720, 1
110, 1145, 1
1145, 720, 1
1145, 110, 1
1079, 841, 1
1079, 553, 1
1079, 1109, 1
1079, 707, 1
1079, 1125, 1
1079, 1201, 1
1079, 274, 1
1079, 695, 1
1079, 861, 1
1079, 954, 1
841, 1079, 1
841, 553, 1
841, 1109, 1
841, 707, 1
841, 1125, 1
841, 1201, 1
841, 274, 1
841, 695, 1
841, 861, 1
841, 954, 1
553, 1079, 1
553, 841, 1
553, 1109, 1
553, 707, 1
553, 1125, 1
553, 1201, 1
553, 274, 1
553, 695, 1
553, 861, 1
553, 954, 1
1109, 1079, 1
1109, 841, 1
1109, 553, 1
1109, 707, 1
1109, 1125, 1
1109, 1201, 1
1109, 274, 1
1109, 695, 1
1109, 861, 1
1109, 954, 1
707, 1079, 1
707, 841, 1
707, 553, 1
707, 1109, 1
707, 1125, 1
707, 1201, 1
707, 274, 1
707, 695, 1
707, 861, 1
707, 954, 1
1125, 1079, 1
1125, 841, 1
1125, 553, 1
1125, 1109, 1
1125, 707, 1
1125, 1201, 1
1125, 274, 1
1125, 695, 1
1125, 861, 1
1125, 954, 1
1201, 1079, 1
1201, 841, 1
1201, 553, 1
1201, 1109, 1
1201, 707, 1
1201, 1125, 1
1201, 274, 1
1201, 695, 1
1201, 861, 1
1201, 954, 1
274, 1079, 1
274, 841, 1
274, 553, 1
274, 1109, 1
274, 707, 1
274, 1125, 1
274, 1201, 1
274, 695, 1
274, 861, 1
274, 954, 1
695, 1079, 1
695, 841, 1
695, 553, 1
695, 1109, 1
695, 707, 1
695, 1125, 1
695, 1201, 1
695, 274, 1
695, 861, 1
695, 954, 1
861, 1079, 1
861, 841, 1
861, 553, 1
861, 1109, 1
861, 707, 1
861, 1125, 1
861, 1201, 1
861, 274, 1
861, 695, 1
861, 954, 1
954, 1079, 1
954, 841, 1
954, 553, 1
954, 1109, 1
954, 707, 1
954, 1125, 1
954, 1201, 1
954, 274, 1
954, 695, 1
954, 861, 1
470, 1356, 1
1356, 470, 1
506, 488, 1
488, 506, 1
84, 587, 1
587, 84, 1
1350, 720, -1
1350, 110, -1
1350, 1145, -1
989, 720, -1
989, 110, -1
989, 1145, -1
501, 720, -1
501, 110, -1
501, 1145, -1
500, 720, -1
500, 110, -1
500, 1145, -1
1000, 720, -1
1000, 110, -1
1000, 1145, -1
1350, 1079, -1
1350, 841, -1
1350, 553, -1
1350, 1109, -1
1350, 707, -1
1350, 1125, -1
1350, 1201, -1
1350, 274, -1
1350, 695, -1
1350, 861, -1
1350, 954, -1
989, 1079, -1
989, 841, -1
989, 553, -1
989, 1109, -1
989, 707, -1
989, 1125, -1
989, 1201, -1
989, 274, -1
989, 695, -1
989, 861, -1
989, 954, -1
501, 1079, -1
501, 841, -1
501, 553, -1
501, 1109, -1
501, 707, -1
501, 1125, -1
501, 1201, -1
501, 274, -1
501, 695, -1
501, 861, -1
501, 954, -1
500, 1079, -1
500, 841, -1
500, 553, -1
500, 1109, -1
500, 707, -1
500, 1125, -1
500, 1201, -1
500, 274, -1
500, 695, -1
500, 861, -1
500, 954, -1
1000, 1079, -1
1000, 841, -1
1000, 553, -1
1000, 1109, -1
1000, 707, -1
1000, 1125, -1
1000, 1201, -1
1000, 274, -1
1000, 695, -1
1000, 861, -1
1000, 954, -1
1350, 470, -1
1350, 1356, -1
989, 470, -1
989, 1356, -1
501, 470, -1
501, 1356, -1
500, 470, -1
500, 1356, -1
1000, 470, -1
1000, 1356, -1
1350, 506, -1
1350, 488, -1
989, 506, -1
989, 488, -1
501, 506, -1
501, 488, -1
500, 506, -1
500, 488, -1
1000, 506, -1
1000, 488, -1
1350, 169, -1
989, 169, -1
501, 169, -1
500, 169, -1
1000, 169, -1
1350, 84, -1
1350, 587, -1
989, 84, -1
989, 587, -1
501, 84, -1
501, 587, -1
500, 84, -1
500, 587, -1
1000, 84, -1
1000, 587, -1
1350, 276, -1
989, 276, -1
501, 276, -1
500, 276, -1
1000, 276, -1
720, 1350, -1
720, 989, -1
720, 501, -1
720, 500, -1
720, 1000, -1
110, 1350, -1
110, 989, -1
110, 501, -1
110, 500, -1
110, 1000, -1
1145, 1350, -1
1145, 989, -1
1145, 501, -1
1145, 500, -1
1145, 1000, -1
720, 1079, -1
720, 841, -1
720, 553, -1
720, 1109, -1
720, 707, -1
720, 1125, -1
720, 1201, -1
720, 274, -1
720, 695, -1
720, 861, -1
720, 954, -1
110, 1079, -1
110, 841, -1
110, 553, -1
110, 1109, -1
110, 707, -1
110, 1125, -1
110, 1201, -1
110, 274, -1
110, 695, -1
110, 861, -1
110, 954, -1
1145, 1079, -1
1145, 841, -1
1145, 553, -1
1145, 1109, -1
1145, 707, -1
1145, 1125, -1
1145, 1201, -1
1145, 274, -1
1145, 695, -1
1145, 861, -1
1145, 954, -1
720, 470, -1
720, 1356, -1
110, 470, -1
110, 1356, -1
1145, 470, -1
1145, 1356, -1
720, 506, -1
720, 488, -1
110, 506, -1
110, 488, -1
1145, 506, -1
1145, 488, -1
720, 169, -1
110, 169, -1
1145, 169, -1
720, 84, -1
720, 587, -1
110, 84, -1
110, 587, -1
1145, 84, -1
1145, 587, -1
720, 276, -1
110, 276, -1
1145, 276, -1
1079, 1350, -1
1079, 989, -1
1079, 501, -1
1079, 500, -1
1079, 1000, -1
841, 1350, -1
841, 989, -1
841, 501, -1
841, 500, -1
841, 1000, -1
553, 1350, -1
553, 989, -1
553, 501, -1
553, 500, -1
553, 1000, -1
1109, 1350, -1
1109, 989, -1
1109, 501, -1
1109, 500, -1
1109, 1000, -1
707, 1350, -1
707, 989, -1
707, 501, -1
707, 500, -1
707, 1000, -1
1125, 1350, -1
1125, 989, -1
1125, 501, -1
1125, 500, -1
1125, 1000, -1
1201, 1350, -1
1201, 989, -1
1201, 501, -1
1201, 500, -1
1201, 1000, -1
274, 1350, -1
274, 989, -1
274, 501, -1
274, 500, -1
274, 1000, -1
695, 1350, -1
695, 989, -1
695, 501, -1
695, 500, -1
695, 1000, -1
861, 1350, -1
861, 989, -1
861, 501, -1
861, 500, -1
861, 1000, -1
954, 1350, -1
954, 989, -1
954, 501, -1
954, 500, -1
954, 1000, -1
1079, 720, -1
1079, 110, -1
1079, 1145, -1
841, 720, -1
841, 110, -1
841, 1145, -1
553, 720, -1
553, 110, -1
553, 1145, -1
1109, 720, -1
1109, 110, -1
1109, 1145, -1
707, 720, -1
707, 110, -1
707, 1145, -1
1125, 720, -1
1125, 110, -1
1125, 1145, -1
1201, 720, -1
1201, 110, -1
1201, 1145, -1
274, 720, -1
274, 110, -1
274, 1145, -1
695, 720, -1
695, 110, -1
695, 1145, -1
861, 720, -1
861, 110, -1
861, 1145, -1
954, 720, -1
954, 110, -1
954, 1145, -1
1079, 470, -1
1079, 1356, -1
841, 470, -1
841, 1356, -1
553, 470, -1
553, 1356, -1
1109, 470, -1
1109, 1356, -1
707, 470, -1
707, 1356, -1
1125, 470, -1
1125, 1356, -1
1201, 470, -1
1201, 1356, -1
274, 470, -1
274, 1356, -1
695, 470, -1
695, 1356, -1
861, 470, -1
861, 1356, -1
954, 470, -1
954, 1356, -1
1079, 506, -1
1079, 488, -1
841, 506, -1
841, 488, -1
553, 506, -1
553, 488, -1
1109, 506, -1
1109, 488, -1
707, 506, -1
707, 488, -1
1125, 506, -1
1125, 488, -1
1201, 506, -1
1201, 488, -1
274, 506, -1
274, 488, -1
695, 506, -1
695, 488, -1
861, 506, -1
861, 488, -1
954, 506, -1
954, 488, -1
1079, 169, -1
841, 169, -1
553, 169, -1
1109, 169, -1
707, 169, -1
1125, 169, -1
1201, 169, -1
274, 169, -1
695, 169, -1
861, 169, -1
954, 169, -1
1079, 84, -1
1079, 587, -1
841, 84, -1
841, 587, -1
553, 84, -1
553, 587, -1
1109, 84, -1
1109, 587, -1
707, 84, -1
707, 587, -1
1125, 84, -1
1125, 587, -1
1201, 84, -1
1201, 587, -1
274, 84, -1
274, 587, -1
695, 84, -1
695, 587, -1
861, 84, -1
861, 587, -1
954, 84, -1
954, 587, -1
1079, 276, -1
841, 276, -1
553, 276, -1
1109, 276, -1
707, 276, -1
1125, 276, -1
1201, 276, -1
274, 276, -1
695, 276, -1
861, 276, -1
954, 276, -1
470, 1350, -1
470, 989, -1
470, 501, -1
470, 500, -1
470, 1000, -1
1356, 1350, -1
1356, 989, -1
1356, 501, -1
1356, 500, -1
1356, 1000, -1
470, 720, -1
470, 110, -1
470, 1145, -1
1356, 720, -1
1356, 110, -1
1356, 1145, -1
470, 1079, -1
470, 841, -1
470, 553, -1
470, 1109, -1
470, 707, -1
470, 1125, -1
470, 1201, -1
470, 274, -1
470, 695, -1
470, 861, -1
470, 954, -1
1356, 1079, -1
1356, 841, -1
1356, 553, -1
1356, 1109, -1
1356, 707, -1
1356, 1125, -1
1356, 1201, -1
1356, 274, -1
1356, 695, -1
1356, 861, -1
1356, 954, -1
470, 506, -1
470, 488, -1
1356, 506, -1
1356, 488, -1
470, 169, -1
1356, 169, -1
470, 84, -1
470, 587, -1
1356, 84, -1
1356, 587, -1
470, 276, -1
1356, 276, -1
506, 1350, -1
506, 989, -1
506, 501, -1
506, 500, -1
506, 1000, -1
488, 1350, -1
488, 989, -1
488, 501, -1
488, 500, -1
488, 1000, -1
506, 720, -1
506, 110, -1
506, 1145, -1
488, 720, -1
488, 110, -1
488, 1145, -1
506, 1079, -1
506, 841, -1
506, 553, -1
506, 1109, -1
506, 707, -1
506, 1125, -1
506, 1201, -1
506, 274, -1
506, 695, -1
506, 861, -1
506, 954, -1
488, 1079, -1
488, 841, -1
488, 553, -1
488, 1109, -1
488, 707, -1
488, 1125, -1
488, 1201, -1
488, 274, -1
488, 695, -1
488, 861, -1
488, 954, -1
506, 470, -1
506, 1356, -1
488, 470, -1
488, 1356, -1
506, 169, -1
488, 169, -1
506, 84, -1
506, 587, -1
488, 84, -1
488, 587, -1
506, 276, -1
488, 276, -1
169, 1350, -1
169, 989, -1
169, 501, -1
169, 500, -1
169, 1000, -1
169, 720, -1
169, 110, -1
169, 1145, -1
169, 1079, -1
169, 841, -1
169, 553, -1
169, 1109, -1
169, 707, -1
169, 1125, -1
169, 1201, -1
169, 274, -1
169, 695, -1
169, 861, -1
169, 954, -1
169, 470, -1
169, 1356, -1
169, 506, -1
169, 488, -1
169, 84, -1
169, 587, -1
169, 276, -1
84, 1350, -1
84, 989, -1
84, 501, -1
84, 500, -1
84, 1000, -1
587, 1350, -1
587, 989, -1
587, 501, -1
587, 500, -1
587, 1000, -1
84, 720, -1
84, 110, -1
84, 1145, -1
587, 720, -1
587, 110, -1
587, 1145, -1
84, 1079, -1
84, 841, -1
84, 553, -1
84, 1109, -1
84, 707, -1
84, 1125, -1
84, 1201, -1
84, 274, -1
84, 695, -1
84, 861, -1
84, 954, -1
587, 1079, -1
587, 841, -1
587, 553, -1
587, 1109, -1
587, 707, -1
587, 1125, -1
587, 1201, -1
587, 274, -1
587, 695, -1
587, 861, -1
587, 954, -1
84, 470, -1
84, 1356, -1
587, 470, -1
587, 1356, -1
84, 506, -1
84, 488, -1
587, 506, -1
587, 488, -1
84, 169, -1
587, 169, -1
84, 276, -1
587, 276, -1
276, 1350, -1
276, 989, -1
276, 501, -1
276, 500, -1
276, 1000, -1
276, 720, -1
276, 110, -1
276, 1145, -1
276, 1079, -1
276, 841, -1
276, 553, -1
276, 1109, -1
276, 707, -1
276, 1125, -1
276, 1201, -1
276, 274, -1
276, 695, -1
276, 861, -1
276, 954, -1
276, 470, -1
276, 1356, -1
276, 506, -1
276, 488, -1
276, 169, -1
276, 84, -1
276, 587, -1

