707, 553, 1
553, 707, 1
1287, 989, -1
1287, 1145, -1
1287, 707, -1
1287, 553, -1
989, 1287, -1
989, 1145, -1
989, 707, -1
989, 553, -1
1145, 1287, -1
1145, 989, -1
1145, 707, -1
1145, 553, -1
707, 1287, -1
553, 1287, -1
707, 989, -1
553, 989, -1
707, 1145, -1
553, 1145, -1

989, 501, 1
501, 989, 1
707, 553, 1
707, 139, 1
553, 707, 1
553, 139, 1
139, 707, 1
139, 553, 1
1287, 989, -1
1287, 501, -1
1287, 1145, -1
1287, 707, -1
1287, 553, -1
1287, 139, -1
1287, 503, -1
989, 1287, -1
501, 1287, -1
989, 1145, -1
501, 1145, -1
989, 707, -1
989, 553, -1
989, 139, -1
501, 707, -1
501, 553, -1
501, 139, -1
989, 503, -1
501, 503, -1
1145, 1287, -1
1145, 989, -1
1145, 501, -1
1145, 707, -1
1145, 553, -1
1145, 139, -1
1145, 503, -1
707, 1287, -1
553, 1287, -1
139, 1287, -1
707, 989, -1
707, 501, -1
553, 989, -1
553, 501, -1
139, 989, -1
139, 501, -1
707, 1145, -1
553, 1145, -1
139, 1145, -1
707, 503, -1
553, 503, -1
139, 503, -1
503, 1287, -1
503, 989, -1
503, 501, -1
503, 1145, -1
503, 707, -1
503, 553, -1
503, 139, -1

1287, 778, 1
778, 1287, 1
989, 501, 1
989, 500, 1
501, 989, 1
501, 500, 1
500, 989, 1
500, 501, 1
707, 553, 1
707, 139, 1
707, 841, 1
553, 707, 1
553, 139, 1
553, 841, 1
139, 707, 1
139, 553, 1
139, 841, 1
841, 707, 1
841, 553, 1
841, 139, 1
1287, 989, -1
1287, 501, -1
1287, 500, -1
778, 989, -1
778, 501, -1
778, 500, -1
1287, 1145, -1
778, 1145, -1
1287, 707, -1
1287, 553, -1
1287, 139, -1
1287, 841, -1
778, 707, -1
778, 553, -1
778, 139, -1
778, 841, -1
1287, 503, -1
778, 503, -1
989, 1287, -1
989, 778, -1
501, 1287, -1
501, 778, -1
500, 1287, -1
500, 778, -1
989, 1145, -1
501, 1145, -1
500, 1145, -1
989, 707, -1
989, 553, -1
989, 139, -1
989, 841, -1
501, 707, -1
501, 553, -1
501, 139, -1
501, 841, -1
500, 707, -1
500, 553, -1
500, 139, -1
500, 841, -1
989, 503, -1
501, 503, -1
500, 503, -1
1145, 1287, -1
1145, 778, -1
1145, 989, -1
1145, 501, -1
1145, 500, -1
1145, 707, -1
1145, 553, -1
1145, 139, -1
1145, 841, -1
1145, 503, -1
707, 1287, -1
707, 778, -1
553, 1287, -1
553, 778, -1
139, 1287, -1
139, 778, -1
841, 1287, -1
841, 778, -1
707, 989, -1
707, 501, -1
707, 500, -1
553, 989, -1
553, 501, -1
553, 500, -1
139, 989, -1
139, 501, -1
139, 500, -1
841, 989, -1
841, 501, -1
841, 500, -1
707, 1145, -1
553, 1145, -1
139, 1145, -1
841, 1145, -1
707, 503, -1
553, 503, -1
139, 503, -1
841, 503, -1
503, 1287, -1
503, 778, -1
503, 989, -1
503, 501, -1
503, 500, -1
503, 1145, -1
503, 707, -1
503, 553, -1
503, 139, -1
503, 841, -1

1287, 778, 1
778, 1287, 1
989, 501, 1
989, 500, 1
501, 989, 1
501, 500, 1
500, 989, 1
500, 501, 1
1145, 110, 1
110, 1145, 1
707, 553, 1
707, 139, 1
707, 841, 1
553, 707, 1
553, 139, 1
553, 841, 1
139, 707, 1
139, 553, 1
139, 841, 1
841, 707, 1
841, 553, 1
841, 139, 1
1287, 989, -1
1287, 501, -1
1287, 500, -1
778, 989, -1
778, 501, -1
778, 500, -1
1287, 1145, -1
1287, 110, -1
778, 1145, -1
778, 110, -1
1287, 707, -1
1287, 553, -1
1287, 139, -1
1287, 841, -1
778, 707, -1
778, 553, -1
778, 139, -1
778, 841, -1
1287, 503, -1
778, 503, -1
1287, 276, -1
778, 276, -1
989, 1287, -1
989, 778, -1
501, 1287, -1
501, 778, -1
500, 1287, -1
500, 778, -1
989, 1145, -1
989, 110, -1
501, 1145, -1
501, 110, -1
500, 1145, -1
500, 110, -1
989, 707, -1
989, 553, -1
989, 139, -1
989, 841, -1
501, 707, -1
501, 553, -1
501, 139, -1
501, 841, -1
500, 707, -1
500, 553, -1
500, 139, -1
500, 841, -1
989, 503, -1
501, 503, -1
500, 503, -1
989, 276, -1
501, 276, -1
500, 276, -1
1145, 1287, -1
1145, 778, -1
110, 1287, -1
110, 778, -1
1145, 989, -1
1145, 501, -1
1145, 500, -1
110, 989, -1
110, 501, -1
110, 500, -1
1145, 707, -1
1145, 553, -1
1145, 139, -1
1145, 841, -1
110, 707, -1
110, 553, -1
110, 139, -1
110, 841, -1
1145, 503, -1
110, 503, -1
1145, 276, -1
110, 276, -1
707, 1287, -1
707, 778, -1
553, 1287, -1
553, 778, -1
139, 1287, -1
139, 778, -1
841, 1287, -1
841, 778, -1
707, 989, -1
707, 501, -1
707, 500, -1
553, 989, -1
553, 501, -1
553, 500, -1
139, 989, -1
139, 501, -1
139, 500, -1
841, 989, -1
841, 501, -1
841, 500, -1
707, 1145, -1
707, 110, -1
553, 1145, -1
553, 110, -1
139, 1145, -1
139, 110, -1
841, 1145, -1
841, 110, -1
707, 503, -1
553, 503, -1
139, 503, -1
841, 503, -1
707, 276, -1
553, 276, -1
139, 276, -1
841, 276, -1
503, 1287, -1
503, 778, -1
503, 989, -1
503, 501, -1
503, 500, -1
503, 1145, -1
503, 110, -1
503, 707, -1
503, 553, -1
503, 139, -1
503, 841, -1
503, 276, -1
276, 1287, -1
276, 778, -1
276, 989, -1
276, 501, -1
276, 500, -1
276, 1145, -1
276, 110, -1
276, 707, -1
276, 553, -1
276, 139, -1
276, 841, -1
276, 503, -1

1287, 778, 1
778, 1287, 1
989, 501, 1
989, 500, 1
501, 989, 1
501, 500, 1
500, 989, 1
500, 501, 1
1145, 110, 1
110, 1145, 1
707, 553, 1
707, 139, 1
707, 841, 1
553, 707, 1
553, 139, 1
553, 841, 1
139, 707, 1
139, 553, 1
139, 841, 1
841, 707, 1
841, 553, 1
841, 139, 1
503, 470, 1
470, 503, 1
1287, 989, -1
1287, 501, -1
1287, 500, -1
778, 989, -1
778, 501, -1
778, 500, -1
1287, 1145, -1
1287, 110, -1
778, 1145, -1
778, 110, -1
1287, 707, -1
1287, 553, -1
1287, 139, -1
1287, 841, -1
778, 707, -1
778, 553, -1
778, 139, -1
778, 841, -1
1287, 503, -1
1287, 470, -1
778, 503, -1
778, 470, -1
1287, 276, -1
778, 276, -1
989, 1287, -1
989, 778, -1
501, 1287, -1
501, 778, -1
500, 1287, -1
500, 778, -1
989, 1145, -1
989, 110, -1
501, 1145, -1
501, 110, -1
500, 1145, -1
500, 110, -1
989, 707, -1
989, 553, -1
989, 139, -1
989, 841, -1
501, 707, -1
501, 553, -1
501, 139, -1
501, 841, -1
500, 707, -1
500, 553, -1
500, 139, -1
500, 841, -1
989, 503, -1
989, 470, -1
501, 503, -1
501, 470, -1
500, 503, -1
500, 470, -1
989, 276, -1
501, 276, -1
500, 276, -1
1145, 1287, -1
1145, 778, -1
110, 1287, -1
110, 778, -1
1145, 989, -1
1145, 501, -1
1145, 500, -1
110, 989, -1
110, 501, -1
110, 500, -1
1145, 707, -1
1145, 553, -1
1145, 139, -1
1145, 841, -1
110, 707, -1
110, 553, -1
110, 139, -1
110, 841, -1
1145, 503, -1
1145, 470, -1
110, 503, -1
110, 470, -1
1145, 276, -1
110, 276, -1
707, 1287, -1
707, 778, -1
553, 1287, -1
553, 778, -1
139, 1287, -1
139, 778, -1
841, 1287, -1
841, 778, -1
707, 989, -1
707, 501, -1
707, 500, -1
553, 989, -1
553, 501, -1
553, 500, -1
139, 989, -1
139, 501, -1
139, 500, -1
841, 989, -1
841, 501, -1
841, 500, -1
707, 1145, -1
707, 110, -1
553, 1145, -1
553, 110, -1
139, 1145, -1
139, 110, -1
841, 1145, -1
841, 110, -1
707, 503, -1
707, 470, -1
553, 503, -1
553, 470, -1
139, 503, -1
139, 470, -1
841, 503, -1
841, 470, -1
707, 276, -1
553, 276, -1
139, 276, -1
841, 276, -1
503, 1287, -1
503, 778, -1
470, 1287, -1
470, 778, -1
503, 989, -1
503, 501, -1
503, 500, -1
470, 989, -1
470, 501, -1
470, 500, -1
503, 1145, -1
503, 110, -1
470, 1145, -1
470, 110, -1
503, 707, -1
503, 553, -1
503, 139, -1
503, 841, -1
470, 707, -1
470, 553, -1
470, 139, -1
470, 841, -1
503, 276, -1
470, 276, -1
276, 1287, -1
276, 778, -1
276, 989, -1
276, 501, -1
276, 500, -1
276, 1145, -1
276, 110, -1
276, 707, -1
276, 553, -1
276, 139, -1
276, 841, -1
276, 503, -1
276, 470, -1

1287, 778, 1
1287, 1120, 1
778, 1287, 1
778, 1120, 1
1120, 1287, 1
1120, 778, 1
989, 501, 1
989, 500, 1
501, 989, 1
501, 500, 1
500, 989, 1
500, 501, 1
1145, 110, 1
110, 1145, 1
707, 553, 1
707, 139, 1
707, 841, 1
553, 707, 1
553, 139, 1
553, 841, 1
139, 707, 1
139, 553, 1
139, 841, 1
841, 707, 1
841, 553, 1
841, 139, 1
503, 470, 1
470, 503, 1
1287, 989, -1
1287, 501, -1
1287, 500, -1
778, 989, -1
778, 501, -1
778, 500, -1
1120, 989, -1
1120, 501, -1
1120, 500, -1
1287, 1145, -1
1287, 110, -1
778, 1145, -1
778, 110, -1
1120, 1145, -1
1120, 110, -1
1287, 707, -1
1287, 553, -1
1287, 139, -1
1287, 841, -1
778, 707, -1
778, 553, -1
778, 139, -1
778, 841, -1
1120, 707, -1
1120, 553, -1
1120, 139, -1
1120, 841, -1
1287, 503, -1
1287, 470, -1
778, 503, -1
778, 470, -1
1120, 503, -1
1120, 470, -1
1287, 276, -1
778, 276, -1
1120, 276, -1
1287, 506, -1
778, 506, -1
1120, 506, -1
989, 1287, -1
989, 778, -1
989, 1120, -1
501, 1287, -1
501, 778, -1
501, 1120, -1
500, 1287, -1
500, 778, -1
500, 1120, -1
989, 1145, -1
989, 110, -1
501, 1145, -1
501, 110, -1
500, 1145, -1
500, 110, -1
989, 707, -1
989, 553, -1
989, 139, -1
989, 841, -1
501, 707, -1
501, 553, -1
501, 139, -1
501, 841, -1
500, 707, -1
500, 553, -1
500, 139, -1
500, 841, -1
989, 503, -1
989, 470, -1
501, 503, -1
501, 470, -1
500, 503, -1
500, 470, -1
989, 276, -1
501, 276, -1
500, 276, -1
989, 506, -1
501, 506, -1
500, 506, -1
1145, 1287, -1
1145, 778, -1
1145, 1120, -1
110, 1287, -1
110, 778, -1
110, 1120, -1
1145, 989, -1
1145, 501, -1
1145, 500, -1
110, 989, -1
110, 501, -1
110, 500, -1
1145, 707, -1
1145, 553, -1
1145, 139, -1
1145, 841, -1
110, 707, -1
110, 553, -1
110, 139, -1
110, 841, -1
1145, 503, -1
1145, 470, -1
110, 503, -1
110, 470, -1
1145, 276, -1
110, 276, -1
1145, 506, -1
110, 506, -1
707, 1287, -1
707, 778, -1
707, 1120, -1
553, 1287, -1
553, 778, -1
553, 1120, -1
139, 1287, -1
139, 778, -1
139, 1120, -1
841, 1287, -1
841, 778, -1
841, 1120, -1
707, 989, -1
707, 501, -1
707, 500, -1
553, 989, -1
553, 501, -1
553, 500, -1
139, 989, -1
139, 501, -1
139, 500, -1
841, 989, -1
841, 501, -1
841, 500, -1
707, 1145, -1
707, 110, -1
553, 1145, -1
553, 110, -1
139, 1145, -1
139, 110, -1
841, 1145, -1
841, 110, -1
707, 503, -1
707, 470, -1
553, 503, -1
553, 470, -1
139, 503, -1
139, 470, -1
841, 503, -1
841, 470, -1
707, 276, -1
553, 276, -1
139, 276, -1
841, 276, -1
707, 506, -1
553, 506, -1
139, 506, -1
841, 506, -1
503, 1287, -1
503, 778, -1
503, 1120, -1
470, 1287, -1
470, 778, -1
470, 1120, -1
503, 989, -1
503, 501, -1
503, 500, -1
470, 989, -1
470, 501, -1
470, 500, -1
503, 1145, -1
503, 110, -1
470, 1145, -1
470, 110, -1
503, 707, -1
503, 553, -1
503, 139, -1
503, 841, -1
470, 707, -1
470, 553, -1
470, 139, -1
470, 841, -1
503, 276, -1
470, 276, -1
503, 506, -1
470, 506, -1
276, 1287, -1
276, 778, -1
276, 1120, -1
276, 989, -1
276, 501, -1
276, 500, -1
276, 1145, -1
276, 110, -1
276, 707, -1
276, 553, -1
276, 139, -1
276, 841, -1
276, 503, -1
276, 470, -1
276, 506, -1
506, 1287, -1
506, 778, -1
506, 1120, -1
506, 989, -1
506, 501, -1
506, 500, -1
506, 1145, -1
506, 110, -1
506, 707, -1
506, 553, -1
506, 139, -1
506, 841, -1
506, 503, -1
506, 470, -1
506, 276, -1

1287, 778, 1
1287, 1120, 1
778, 1287, 1
778, 1120, 1
1120, 1287, 1
1120, 778, 1
989, 501, 1
989, 500, 1
501, 989, 1
501, 500, 1
500, 989, 1
500, 501, 1
1145, 110, 1
110, 1145, 1
707, 553, 1
707, 139, 1
707, 841, 1
707, 1125, 1
707, 1252, 1
553, 707, 1
553, 139, 1
553, 841, 1
553, 1125, 1
553, 1252, 1
139, 707, 1
139, 553, 1
139, 841, 1
139, 1125, 1
139, 1252, 1
841, 707, 1
841, 553, 1
841, 139, 1
841, 1125, 1
841, 1252, 1
1125, 707, 1
1125, 553, 1
1125, 139, 1
1125, 841, 1
1125, 1252, 1
1252, 707, 1
1252, 553, 1
1252, 139, 1
1252, 841, 1
1252, 1125, 1
503, 470, 1
470, 503, 1
1287, 989, -1
1287, 501, -1
1287, 500, -1
778, 989, -1
778, 501, -1
778, 500, -1
1120, 989, -1
1120, 501, -1
1120, 500, -1
1287, 1145, -1
1287, 110, -1
778, 1145, -1
778, 110, -1
1120, 1145, -1
1120, 110, -1
1287, 707, -1
1287, 553, -1
1287, 139, -1
1287, 841, -1
1287, 1125, -1
1287, 1252, -1
778, 707, -1
778, 553, -1
778, 139, -1
778, 841, -1
778, 1125, -1
778, 1252, -1
1120, 707, -1
1120, 553, -1
1120, 139, -1
1120, 841, -1
1120, 1125, -1
1120, 1252, -1
1287, 503, -1
1287, 470, -1
778, 503, -1
778, 470, -1
1120, 503, -1
1120, 470, -1
1287, 276, -1
778, 276, -1
1120, 276, -1
1287, 506, -1
778, 506, -1
1120, 506, -1
989, 1287, -1
989, 778, -1
989, 1120, -1
501, 1287, -1
501, 778, -1
501, 1120, -1
500, 1287, -1
500, 778, -1
500, 1120, -1
989, 1145, -1
989, 110, -1
501, 1145, -1
501, 110, -1
500, 1145, -1
500, 110, -1
989, 707, -1
989, 553, -1
989, 139, -1
989, 841, -1
989, 1125, -1
989, 1252, -1
501, 707, -1
501, 553, -1
501, 139, -1
501, 841, -1
501, 1125, -1
501, 1252, -1
500, 707, -1
500, 553, -1
500, 139, -1
500, 841, -1
500, 1125, -1
500, 1252, -1
989, 503, -1
989, 470, -1
501, 503, -1
501, 470, -1
500, 503, -1
500, 470, -1
989, 276, -1
501, 276, -1
500, 276, -1
989, 506, -1
501, 506, -1
500, 506, -1
1145, 1287, -1
1145, 778, -1
1145, 1120, -1
110, 1287, -1
110, 778, -1
110, 1120, -1
1145, 989, -1
1145, 501, -1
1145, 500, -1
110, 989, -1
110, 501, -1
110, 500, -1
1145, 707, -1
1145, 553, -1
1145, 139, -1
1145, 841, -1
1145, 1125, -1
1145, 1252, -1
110, 707, -1
110, 553, -1
110, 139, -1
110, 841, -1
110, 1125, -1
110, 1252, -1
1145, 503, -1
1145, 470, -1
110, 503, -1
110, 470, -1
1145, 276, -1
110, 276, -1
1145, 506, -1
110, 506, -1
707, 1287, -1
707, 778, -1
707, 1120, -1
553, 1287, -1
553, 778, -1
553, 1120, -1
139, 1287, -1
139, 778, -1
139, 1120, -1
841, 1287, -1
841, 778, -1
841, 1120, -1
1125, 1287, -1
1125, 778, -1
1125, 1120, -1
1252, 1287, -1
1252, 778, -1
1252, 1120, -1
707, 989, -1
707, 501, -1
707, 500, -1
553, 989, -1
553, 501, -1
553, 500, -1
139, 989, -1
139, 501, -1
139, 500, -1
841, 989, -1
841, 501, -1
841, 500, -1
1125, 989, -1
1125, 501, -1
1125, 500, -1
1252, 989, -1
1252, 501, -1
1252, 500, -1
707, 1145, -1
707, 110, -1
553, 1145, -1
553, 110, -1
139, 1145, -1
139, 110, -1
841, 1145, -1
841, 110, -1
1125, 1145, -1
1125, 110, -1
1252, 1145, -1
1252, 110, -1
707, 503, -1
707, 470, -1
553, 503, -1
553, 470, -1
139, 503, -1
139, 470, -1
841, 503, -1
841, 470, -1
1125, 503, -1
1125, 470, -1
1252, 503, -1
1252, 470, -1
707, 276, -1
553, 276, -1
139, 276, -1
841, 276, -1
1125, 276, -1
1252, 276, -1
707, 506, -1
553, 506, -1
139, 506, -1
841, 506, -1
1125, 506, -1
1252, 506, -1
503, 1287, -1
503, 778, -1
503, 1120, -1
470, 1287, -1
470, 778, -1
470, 1120, -1
503, 989, -1
503, 501, -1
503, 500, -1
470, 989, -1
470, 501, -1
470, 500, -1
503, 1145, -1
503, 110, -1
470, 1145, -1
470, 110, -1
503, 707, -1
503, 553, -1
503, 139, -1
503, 841, -1
503, 1125, -1
503, 1252, -1
470, 707, -1
470, 553, -1
470, 139, -1
470, 841, -1
470, 1125, -1
470, 1252, -1
503, 276, -1
470, 276, -1
503, 506, -1
470, 506, -1
276, 1287, -1
276, 778, -1
276, 1120, -1
276, 989, -1
276, 501, -1
276, 500, -1
276, 1145, -1
276, 110, -1
276, 707, -1
276, 553, -1
276, 139, -1
276, 841, -1
276, 1125, -1
276, 1252, -1
276, 503, -1
276, 470, -1
276, 506, -1
506, 1287, -1
506, 778, -1
506, 1120, -1
506, 989, -1
506, 501, -1
506, 500, -1
506, 1145, -1
506, 110, -1
506, 707, -1
506, 553, -1
506, 139, -1
506, 841, -1
506, 1125, -1
506, 1252, -1
506, 503, -1
506, 470, -1
506, 276, -1

1287, 778, 1
1287, 1120, 1
778, 1287, 1
778, 1120, 1
1120, 1287, 1
1120, 778, 1
989, 501, 1
989, 500, 1
501, 989, 1
501, 500, 1
500, 989, 1
500, 501, 1
1145, 110, 1
110, 1145, 1
707, 553, 1
707, 139, 1
707, 841, 1
707, 1125, 1
707, 1252, 1
707, 695, 1
553, 707, 1
553, 139, 1
553, 841, 1
553, 1125, 1
553, 1252, 1
553, 695, 1
139, 707, 1
139, 553, 1
139, 841, 1
139, 1125, 1
139, 1252, 1
139, 695, 1
841, 707, 1
841, 553, 1
841, 139, 1
841, 1125, 1
841, 1252, 1
841, 695, 1
1125, 707, 1
1125, 553, 1
1125, 139, 1
1125, 841, 1
1125, 1252, 1
1125, 695, 1
1252, 707, 1
1252, 553, 1
1252, 139, 1
1252, 841, 1
1252, 1125, 1
1252, 695, 1
695, 707, 1
695, 553, 1
695, 139, 1
695, 841, 1
695, 1125, 1
695, 1252, 1
503, 470, 1
470, 503, 1
1287, 989, -1
1287, 501, -1
1287, 500, -1
778, 989, -1
778, 501, -1
778, 500, -1
1120, 989, -1
1120, 501, -1
1120, 500, -1
1287, 1145, -1
1287, 110, -1
778, 1145, -1
778, 110, -1
1120, 1145, -1
1120, 110, -1
1287, 707, -1
1287, 553, -1
1287, 139, -1
1287, 841, -1
1287, 1125, -1
1287, 1252, -1
1287, 695, -1
778, 707, -1
778, 553, -1
778, 139, -1
778, 841, -1
778, 1125, -1
778, 1252, -1
778, 695, -1
1120, 707, -1
1120, 553, -1
1120, 139, -1
1120, 841, -1
1120, 1125, -1
1120, 1252, -1
1120, 695, -1
1287, 503, -1
1287, 470, -1
778, 503, -1
778, 470, -1
1120, 503, -1
1120, 470, -1
1287, 276, -1
778, 276, -1
1120, 276, -1
1287, 506, -1
778, 506, -1
1120, 506, -1
989, 1287, -1
989, 778, -1
989, 1120, -1
501, 1287, -1
501, 778, -1
501, 1120, -1
500, 1287, -1
500, 778, -1
500, 1120, -1
989, 1145, -1
989, 110, -1
501, 1145, -1
501, 110, -1
500, 1145, -1
500, 110, -1
989, 707, -1
989, 553, -1
989, 139, -1
989, 841, -1
989, 1125, -1
989, 1252, -1
989, 695, -1
501, 707, -1
501, 553, -1
501, 139, -1
501, 841, -1
501, 1125, -1
501, 1252, -1
501, 695, -1
500, 707, -1
500, 553, -1
500, 139, -1
500, 841, -1
500, 1125, -1
500, 1252, -1
500, 695, -1
989, 503, -1
989, 470, -1
501, 503, -1
501, 470, -1
500, 503, -1
500, 470, -1
989, 276, -1
501, 276, -1
500, 276, -1
989, 506, -1
501, 506, -1
500, 506, -1
1145, 1287, -1
1145, 778, -1
1145, 1120, -1
110, 1287, -1
110, 778, -1
110, 1120, -1
1145, 989, -1
1145, 501, -1
1145, 500, -1
110, 989, -1
110, 501, -1
110, 500, -1
1145, 707, -1
1145, 553, -1
1145, 139, -1
1145, 841, -1
1145, 1125, -1
1145, 1252, -1
1145, 695, -1
110, 707, -1
110, 553, -1
110, 139, -1
110, 841, -1
110, 1125, -1
110, 1252, -1
110, 695, -1
1145, 503, -1
1145, 470, -1
110, 503, -1
110, 470, -1
1145, 276, -1
110, 276, -1
1145, 506, -1
110, 506, -1
707, 1287, -1
707, 778, -1
707, 1120, -1
553, 1287, -1
553, 778, -1
553, 1120, -1
139, 1287, -1
139, 778, -1
139, 1120, -1
841, 1287, -1
841, 778, -1
841, 1120, -1
1125, 1287, -1
1125, 778, -1
1125, 1120, -1
1252, 1287, -1
1252, 778, -1
1252, 1120, -1
695, 1287, -1
695, 778, -1
695, 1120, -1
707, 989, -1
707, 501, -1
707, 500, -1
553, 989, -1
553, 501, -1
553, 500, -1
139, 989, -1
139, 501, -1
139, 500, -1
841, 989, -1
841, 501, -1
841, 500, -1
1125, 989, -1
1125, 501, -1
1125, 500, -1
1252, 989, -1
1252, 501, -1
1252, 500, -1
695, 989, -1
695, 501, -1
695, 500, -1
707, 1145, -1
707, 110, -1
553, 1145, -1
553, 110, -1
139, 1145, -1
139, 110, -1
841, 1145, -1
841, 110, -1
1125, 1145, -1
1125, 110, -1
1252, 1145, -1
1252, 110, -1
695, 1145, -1
695, 110, -1
707, 503, -1
707, 470, -1
553, 503, -1
553, 470, -1
139, 503, -1
139, 470, -1
841, 503, -1
841, 470, -1
1125, 503, -1
1125, 470, -1
1252, 503, -1
1252, 470, -1
695, 503, -1
695, 470, -1
707, 276, -1
553, 276, -1
139, 276, -1
841, 276, -1
1125, 276, -1
1252, 276, -1
695, 276, -1
707, 506, -1
553, 506, -1
139, 506, -1
841, 506, -1
1125, 506, -1
1252, 506, -1
695, 506, -1
503, 1287, -1
503, 778, -1
503, 1120, -1
470, 1287, -1
470, 778, -1
470, 1120, -1
503, 989, -1
503, 501, -1
503, 500, -1
470, 989, -1
470, 501, -1
470, 500, -1
503, 1145, -1
503, 110, -1
470, 1145, -1
470, 110, -1
503, 707, -1
503, 553, -1
503, 139, -1
503, 841, -1
503, 1125, -1
503, 1252, -1
503, 695, -1
470, 707, -1
470, 553, -1
470, 139, -1
470, 841, -1
470, 1125, -1
470, 1252, -1
470, 695, -1
503, 276, -1
470, 276, -1
503, 506, -1
470, 506, -1
276, 1287, -1
276, 778, -1
276, 1120, -1
276, 989, -1
276, 501, -1
276, 500, -1
276, 1145, -1
276, 110, -1
276, 707, -1
276, 553, -1
276, 139, -1
276, 841, -1
276, 1125, -1
276, 1252, -1
276, 695, -1
276, 503, -1
276, 470, -1
276, 506, -1
506, 1287, -1
506, 778, -1
506, 1120, -1
506, 989, -1
506, 501, -1
506, 500, -1
506, 1145, -1
506, 110, -1
506, 707, -1
506, 553, -1
506, 139, -1
506, 841, -1
506, 1125, -1
506, 1252, -1
506, 695, -1
506, 503, -1
506, 470, -1
506, 276, -1

1287, 778, 1
1287, 1120, 1
778, 1287, 1
778, 1120, 1
1120, 1287, 1
1120, 778, 1
989, 501, 1
989, 500, 1
501, 989, 1
501, 500, 1
500, 989, 1
500, 501, 1
1145, 110, 1
110, 1145, 1
707, 553, 1
707, 139, 1
707, 841, 1
707, 1125, 1
707, 1252, 1
707, 695, 1
553, 707, 1
553, 139, 1
553, 841, 1
553, 1125, 1
553, 1252, 1
553, 695, 1
139, 707, 1
139, 553, 1
139, 841, 1
139, 1125, 1
139, 1252, 1
139, 695, 1
841, 707, 1
841, 553, 1
841, 139, 1
841, 1125, 1
841, 1252, 1
841, 695, 1
1125, 707, 1
1125, 553, 1
1125, 139, 1
1125, 841, 1
1125, 1252, 1
1125, 695, 1
1252, 707, 1
1252, 553, 1
1252, 139, 1
1252, 841, 1
1252, 1125, 1
1252, 695, 1
695, 707, 1
695, 553, 1
695, 139, 1
695, 841, 1
695, 1125, 1
695, 1252, 1
503, 470, 1
470, 503, 1
1287, 989, -1
1287, 501, -1
1287, 500, -1
778, 989, -1
778, 501, -1
778, 500, -1
1120, 989, -1
1120, 501, -1
1120, 500, -1
1287, 1145, -1
1287, 110, -1
778, 1145, -1
778, 110, -1
1120, 1145, -1
1120, 110, -1
1287, 707, -1
1287, 553, -1
1287, 139, -1
1287, 841, -1
1287, 1125, -1
1287, 1252, -1
1287, 695, -1
778, 707, -1
778, 553, -1
778, 139, -1
778, 841, -1
778, 1125, -1
778, 1252, -1
778, 695, -1
1120, 707, -1
1120, 553, -1
1120, 139, -1
1120, 841, -1
1120, 1125, -1
1120, 1252, -1
1120, 695, -1
1287, 503, -1
1287, 470, -1
778, 503, -1
778, 470, -1
1120, 503, -1
1120, 470, -1
1287, 276, -1
778, 276, -1
1120, 276, -1
1287, 506, -1
778, 506, -1
1120, 506, -1
1287, 84, -1
778, 84, -1
1120, 84, -1
989, 1287, -1
989, 778, -1
989, 1120, -1
501, 1287, -1
501, 778, -1
501, 1120, -1
500, 1287, -1
500, 778, -1
500, 1120, -1
989, 1145, -1
989, 110, -1
501, 1145, -1
501, 110, -1
500, 1145, -1
500, 110, -1
989, 707, -1
989, 553, -1
989, 139, -1
989, 841, -1
989, 1125, -1
989, 1252, -1
989, 695, -1
501, 707, -1
501, 553, -1
501, 139, -1
501, 841, -1
501, 1125, -1
501, 1252, -1
501, 695, -1
500, 707, -1
500, 553, -1
500, 139, -1
500, 841, -1
500, 1125, -1
500, 1252, -1
500, 695, -1
989, 503, -1
989, 470, -1
501, 503, -1
501, 470, -1
500, 503, -1
500, 470, -1
989, 276, -1
501, 276, -1
500, 276, -1
989, 506, -1
501, 506, -1
500, 506, -1
989, 84, -1
501, 84, -1
500, 84, -1
1145, 1287, -1
1145, 778, -1
1145, 1120, -1
110, 1287, -1
110, 778, -1
110, 1120, -1
1145, 989, -1
1145, 501, -1
1145, 500, -1
110, 989, -1
110, 501, -1
110, 500, -1
1145, 707, -1
1145, 553, -1
1145, 139, -1
1145, 841, -1
1145, 1125, -1
1145, 1252, -1
1145, 695, -1
110, 707, -1
110, 553, -1
110, 139, -1
110, 841, -1
110, 1125, -1
110, 1252, -1
110, 695, -1
1145, 503, -1
1145, 470, -1
110, 503, -1
110, 470, -1
1145, 276, -1
110, 276, -1
1145, 506, -1
110, 506, -1
1145, 84, -1
110, 84, -1
707, 1287, -1
707, 778, -1
707, 1120, -1
553, 1287, -1
553, 778, -1
553, 1120, -1
139, 1287, -1
139, 778, -1
139, 1120, -1
841, 1287, -1
841, 778, -1
841, 1120, -1
1125, 1287, -1
1125, 778, -1
1125, 1120, -1
1252, 1287, -1
1252, 778, -1
1252, 1120, -1
695, 1287, -1
695, 778, -1
695, 1120, -1
707, 989, -1
707, 501, -1
707, 500, -1
553, 989, -1
553, 501, -1
553, 500, -1
139, 989, -1
139, 501, -1
139, 500, -1
841, 989, -1
841, 501, -1
841, 500, -1
1125, 989, -1
1125, 501, -1
1125, 500, -1
1252, 989, -1
1252, 501, -1
1252, 500, -1
695, 989, -1
695, 501, -1
695, 500, -1
707, 1145, -1
707, 110, -1
553, 1145, -1
553, 110, -1
139, 1145, -1
139, 110, -1
841, 1145, -1
841, 110, -1
1125, 1145, -1
1125, 110, -1
1252, 1145, -1
1252, 110, -1
695, 1145, -1
695, 110, -1
707, 503, -1
707, 470, -1
553, 503, -1
553, 470, -1
139, 503, -1
139, 470, -1
841, 503, -1
841, 470, -1
1125, 503, -1
1125, 470, -1
1252, 503, -1
1252, 470, -1
695, 503, -1
695, 470, -1
707, 276, -1
553, 276, -1
139, 276, -1
841, 276, -1
1125, 276, -1
1252, 276, -1
695, 276, -1
707, 506, -1
553, 506, -1
139, 506, -1
841, 506, -1
1125, 506, -1
1252, 506, -1
695, 506, -1
707, 84, -1
553, 84, -1
139, 84, -1
841, 84, -1
1125, 84, -1
1252, 84, -1
695, 84, -1
503, 1287, -1
503, 778, -1
503, 1120, -1
470, 1287, -1
470, 778, -1
470, 1120, -1
503, 989, -1
503, 501, -1
503, 500, -1
470, 989, -1
470, 501, -1
470, 500, -1
503, 1145, -1
503, 110, -1
470, 1145, -1
470, 110, -1
503, 707, -1
503, 553, -1
503, 139, -1
503, 841, -1
503, 1125, -1
503, 1252, -1
503, 695, -1
470, 707, -1
470, 553, -1
470, 139, -1
470, 841, -1
470, 1125, -1
470, 1252, -1
470, 695, -1
503, 276, -1
470, 276, -1
503, 506, -1
470, 506, -1
503, 84, -1
470, 84, -1
276, 1287, -1
276, 778, -1
276, 1120, -1
276, 989, -1
276, 501, -1
276, 500, -1
276, 1145, -1
276, 110, -1
276, 707, -1
276, 553, -1
276, 139, -1
276, 841, -1
276, 1125, -1
276, 1252, -1
276, 695, -1
276, 503, -1
276, 470, -1
276, 506, -1
276, 84, -1
506, 1287, -1
506, 778, -1
506, 1120, -1
506, 989, -1
506, 501, -1
506, 500, -1
506, 1145, -1
506, 110, -1
506, 707, -1
506, 553, -1
506, 139, -1
506, 841, -1
506, 1125, -1
506, 1252, -1
506, 695, -1
506, 503, -1
506, 470, -1
506, 276, -1
506, 84, -1
84, 1287, -1
84, 778, -1
84, 1120, -1
84, 989, -1
84, 501, -1
84, 500, -1
84, 1145, -1
84, 110, -1
84, 707, -1
84, 553, -1
84, 139, -1
84, 841, -1
84, 1125, -1
84, 1252, -1
84, 695, -1
84, 503, -1
84, 470, -1
84, 276, -1
84, 506, -1

1287, 778, 1
1287, 1120, 1
778, 1287, 1
778, 1120, 1
1120, 1287, 1
1120, 778, 1
989, 501, 1
989, 500, 1
501, 989, 1
501, 500, 1
500, 989, 1
500, 501, 1
1145, 110, 1
1145, 720, 1
110, 1145, 1
110, 720, 1
720, 1145, 1
720, 110, 1
707, 553, 1
707, 139, 1
707, 841, 1
707, 1125, 1
707, 1252, 1
707, 695, 1
707, 684, 1
553, 707, 1
553, 139, 1
553, 841, 1
553, 1125, 1
553, 1252, 1
553, 695, 1
553, 684, 1
139, 707, 1
139, 553, 1
139, 841, 1
139, 1125, 1
139, 1252, 1
139, 695, 1
139, 684, 1
841, 707, 1
841, 553, 1
841, 139, 1
841, 1125, 1
841, 1252, 1
841, 695, 1
841, 684, 1
1125, 707, 1
1125, 553, 1
1125, 139, 1
1125, 841, 1
1125, 1252, 1
1125, 695, 1
1125, 684, 1
1252, 707, 1
1252, 553, 1
1252, 139, 1
1252, 841, 1
1252, 1125, 1
1252, 695, 1
1252, 684, 1
695, 707, 1
695, 553, 1
695, 139, 1
695, 841, 1
695, 1125, 1
695, 1252, 1
695, 684, 1
684, 707, 1
684, 553, 1
684, 139, 1
684, 841, 1
684, 1125, 1
684, 1252, 1
684, 695, 1
503, 470, 1
470, 503, 1
1287, 989, -1
1287, 501, -1
1287, 500, -1
778, 989, -1
778, 501, -1
778, 500, -1
1120, 989, -1
1120, 501, -1
1120, 500, -1
1287, 1145, -1
1287, 110, -1
1287, 720, -1
778, 1145, -1
778, 110, -1
778, 720, -1
1120, 1145, -1
1120, 110, -1
1120, 720, -1
1287, 707, -1
1287, 553, -1
1287, 139, -1
1287, 841, -1
1287, 1125, -1
1287, 1252, -1
1287, 695, -1
1287, 684, -1
778, 707, -1
778, 553, -1
778, 139, -1
778, 841, -1
778, 1125, -1
778, 1252, -1
778, 695, -1
778, 684, -1
1120, 707, -1
1120, 553, -1
1120, 139, -1
1120, 841, -1
1120, 1125, -1
1120, 1252, -1
1120, 695, -1
1120, 684, -1
1287, 503, -1
1287, 470, -1
778, 503, -1
778, 470, -1
1120, 503, -1
1120, 470, -1
1287, 276, -1
778, 276, -1
1120, 276, -1
1287, 506, -1
778, 506, -1
1120, 506, -1
1287, 84, -1
778, 84, -1
1120, 84, -1
989, 1287, -1
989, 778, -1
989, 1120, -1
501, 1287, -1
501, 778, -1
501, 1120, -1
500, 1287, -1
500, 778, -1
500, 1120, -1
989, 1145, -1
989, 110, -1
989, 720, -1
501, 1145, -1
501, 110, -1
501, 720, -1
500, 1145, -1
500, 110, -1
500, 720, -1
989, 707, -1
989, 553, -1
989, 139, -1
989, 841, -1
989, 1125, -1
989, 1252, -1
989, 695, -1
989, 684, -1
501, 707, -1
501, 553, -1
501, 139, -1
501, 841, -1
501, 1125, -1
501, 1252, -1
501, 695, -1
501, 684, -1
500, 707, -1
500, 553, -1
500, 139, -1
500, 841, -1
500, 1125, -1
500, 1252, -1
500, 695, -1
500, 684, -1
989, 503, -1
989, 470, -1
501, 503, -1
501, 470, -1
500, 503, -1
500, 470, -1
989, 276, -1
501, 276, -1
500, 276, -1
989, 506, -1
501, 506, -1
500, 506, -1
989, 84, -1
501, 84, -1
500, 84, -1
1145, 1287, -1
1145, 778, -1
1145, 1120, -1
110, 1287, -1
110, 778, -1
110, 1120, -1
720, 1287, -1
720, 778, -1
720, 1120, -1
1145, 989, -1
1145, 501, -1
1145, 500, -1
110, 989, -1
110, 501, -1
110, 500, -1
720, 989, -1
720, 501, -1
720, 500, -1
1145, 707, -1
1145, 553, -1
1145, 139, -1
1145, 841, -1
1145, 1125, -1
1145, 1252, -1
1145, 695, -1
1145, 684, -1
110, 707, -1
110, 553, -1
110, 139, -1
110, 841, -1
110, 1125, -1
110, 1252, -1
110, 695, -1
110, 684, -1
720, 707, -1
720, 553, -1
720, 139, -1
720, 841, -1
720, 1125, -1
720, 1252, -1
720, 695, -1
720, 684, -1
1145, 503, -1
1145, 470, -1
110, 503, -1
110, 470, -1
720, 503, -1
720, 470, -1
1145, 276, -1
110, 276, -1
720, 276, -1
1145, 506, -1
110, 506, -1
720, 506, -1
1145, 84, -1
110, 84, -1
720, 84, -1
707, 1287, -1
707, 778, -1
707, 1120, -1
553, 1287, -1
553, 778, -1
553, 1120, -1
139, 1287, -1
139, 778, -1
139, 1120, -1
841, 1287, -1
841, 778, -1
841, 1120, -1
1125, 1287, -1
1125, 778, -1
1125, 1120, -1
1252, 1287, -1
1252, 778, -1
1252, 1120, -1
695, 1287, -1
695, 778, -1
695, 1120, -1
684, 1287, -1
684, 778, -1
684, 1120, -1
707, 989, -1
707, 501, -1
707, 500, -1
553, 989, -1
553, 501, -1
553, 500, -1
139, 989, -1
139, 501, -1
139, 500, -1
841, 989, -1
841, 501, -1
841, 500, -1
1125, 989, -1
1125, 501, -1
1125, 500, -1
1252, 989, -1
1252, 501, -1
1252, 500, -1
695, 989, -1
695, 501, -1
695, 500, -1
684, 989, -1
684, 501, -1
684, 500, -1
707, 1145, -1
707, 110, -1
707, 720, -1
553, 1145, -1
553, 110, -1
553, 720, -1
139, 1145, -1
139, 110, -1
139, 720, -1
841, 1145, -1
841, 110, -1
841, 720, -1
1125, 1145, -1
1125, 110, -1
1125, 720, -1
1252, 1145, -1
1252, 110, -1
1252, 720, -1
695, 1145, -1
695, 110, -1
695, 720, -1
684, 1145, -1
684, 110, -1
684, 720, -1
707, 503, -1
707, 470, -1
553, 503, -1
553, 470, -1
139, 503, -1
139, 470, -1
841, 503, -1
841, 470, -1
1125, 503, -1
1125, 470, -1
1252, 503, -1
1252, 470, -1
695, 503, -1
695, 470, -1
684, 503, -1
684, 470, -1
707, 276, -1
553, 276, -1
139, 276, -1
841, 276, -1
1125, 276, -1
1252, 276, -1
695, 276, -1
684, 276, -1
707, 506, -1
553, 506, -1
139, 506, -1
841, 506, -1
1125, 506, -1
1252, 506, -1
695, 506, -1
684, 506, -1
707, 84, -1
553, 84, -1
139, 84, -1
841, 84, -1
1125, 84, -1
1252, 84, -1
695, 84, -1
684, 84, -1
503, 1287, -1
503, 778, -1
503, 1120, -1
470, 1287, -1
470, 778, -1
470, 1120, -1
503, 989, -1
503, 501, -1
503, 500, -1
470, 989, -1
470, 501, -1
470, 500, -1
503, 1145, -1
503, 110, -1
503, 720, -1
470, 1145, -1
470, 110, -1
470, 720, -1
503, 707, -1
503, 553, -1
503, 139, -1
503, 841, -1
503, 1125, -1
503, 1252, -1
503, 695, -1
503, 684, -1
470, 707, -1
470, 553, -1
470, 139, -1
470, 841, -1
470, 1125, -1
470, 1252, -1
470, 695, -1
470, 684, -1
503, 276, -1
470, 276, -1
503, 506, -1
470, 506, -1
503, 84, -1
470, 84, -1
276, 1287, -1
276, 778, -1
276, 1120, -1
276, 989, -1
276, 501, -1
276, 500, -1
276, 1145, -1
276, 110, -1
276, 720, -1
276, 707, -1
276, 553, -1
276, 139, -1
276, 841, -1
276, 1125, -1
276, 1252, -1
276, 695, -1
276, 684, -1
276, 503, -1
276, 470, -1
276, 506, -1
276, 84, -1
506, 1287, -1
506, 778, -1
506, 1120, -1
506, 989, -1
506, 501, -1
506, 500, -1
506, 1145, -1
506, 110, -1
506, 720, -1
506, 707, -1
506, 553, -1
506, 139, -1
506, 841, -1
506, 1125, -1
506, 1252, -1
506, 695, -1
506, 684, -1
506, 503, -1
506, 470, -1
506, 276, -1
506, 84, -1
84, 1287, -1
84, 778, -1
84, 1120, -1
84, 989, -1
84, 501, -1
84, 500, -1
84, 1145, -1
84, 110, -1
84, 720, -1
84, 707, -1
84, 553, -1
84, 139, -1
84, 841, -1
84, 1125, -1
84, 1252, -1
84, 695, -1
84, 684, -1
84, 503, -1
84, 470, -1
84, 276, -1
84, 506, -1

