348, 382, 1
724, 382, 1
724, 348, 1
625, 647, 1
0, 647, 1
0, 625, 1
1, 647, 1
1, 625, 1
1, 0, 1
640, 382, -1
640, 348, -1
724, 640, -1
647, 382, -1
647, 348, -1
647, 724, -1
647, 640, -1
625, 382, -1
625, 348, -1
625, 724, -1
625, 640, -1
0, 382, -1
0, 348, -1
0, 724, -1
0, 640, -1
1, 382, -1
1, 348, -1
1, 724, -1
1, 640, -1

1038, 382, 1
1038, 348, 1
1038, 724, 1
1026, 382, 1
1026, 348, 1
1026, 724, 1
1026, 1038, 1
514, 382, -1
514, 348, -1
514, 724, -1
514, 640, -1
514, 647, -1
514, 625, -1
514, 0, -1
514, 1, -1
1038, 640, -1
1038, 647, -1
1038, 625, -1
1038, 0, -1
1038, 1, -1
1038, 514, -1
1026, 640, -1
1026, 647, -1
1026, 625, -1
1026, 0, -1
1026, 1, -1
1026, 514, -1

6, 647, 1
6, 625, 1
6, 0, 1
6, 1, 1
1036, 382, -1
1036, 348, -1
1036, 724, -1
1036, 1038, -1
1036, 1026, -1
1036, 640, -1
1036, 647, -1
1036, 625, -1
1036, 0, -1
1036, 1, -1
1036, 514, -1
6, 382, -1
6, 348, -1
6, 724, -1
6, 1038, -1
6, 1026, -1
6, 640, -1
6, 514, -1
6, 1036, -1

333, 1036, 1
333, 382, -1
333, 348, -1
333, 724, -1
333, 1038, -1
333, 1026, -1
333, 640, -1
333, 647, -1
333, 625, -1
333, 0, -1
333, 1, -1
333, 6, -1
333, 514, -1
778, 382, -1
778, 348, -1
778, 724, -1
778, 1038, -1
778, 1026, -1
778, 640, -1
778, 647, -1
778, 625, -1
778, 0, -1
778, 1, -1
778, 6, -1
778, 514, -1
778, 1036, -1
778, 333, -1

1420, 382, -1
1420, 348, -1
1420, 724, -1
1420, 1038, -1
1420, 1026, -1
1420, 640, -1
1420, 647, -1
1420, 625, -1
1420, 0, -1
1420, 1, -1
1420, 6, -1
1420, 514, -1
1420, 1036, -1
1420, 333, -1
1420, 778, -1

1423, 1036, 1
1423, 333, 1
1423, 382, -1
1423, 348, -1
1423, 724, -1
1423, 1038, -1
1423, 1026, -1
1423, 640, -1
1423, 647, -1
1423, 625, -1
1423, 0, -1
1423, 1, -1
1423, 6, -1
1423, 514, -1
1423, 778, -1
1423, 1420, -1

281, 1036, 1
281, 333, 1
281, 1423, 1
281, 382, -1
281, 348, -1
281, 724, -1
281, 1038, -1
281, 1026, -1
281, 640, -1
281, 647, -1
281, 625, -1
281, 0, -1
281, 1, -1
281, 6, -1
281, 514, -1
281, 778, -1
281, 1420, -1

1044, 647, 1
1044, 625, 1
1044, 0, 1
1044, 1, 1
1044, 6, 1
1044, 382, -1
1044, 348, -1
1044, 724, -1
1044, 1038, -1
1044, 1026, -1
1044, 640, -1
1044, 514, -1
1044, 1036, -1
1044, 333, -1
1044, 1423, -1
1044, 281, -1
1044, 778, -1
1044, 1420, -1

1068, 778, 1
205, 647, 1
205, 625, 1
205, 0, 1
205, 1, 1
205, 6, 1
205, 1044, 1
1068, 382, -1
1068, 348, -1
1068, 724, -1
1068, 1038, -1
1068, 1026, -1
1068, 640, -1
1068, 647, -1
1068, 625, -1
1068, 0, -1
1068, 1, -1
1068, 6, -1
1068, 1044, -1
1068, 514, -1
1068, 1036, -1
1068, 333, -1
1068, 1423, -1
1068, 281, -1
1068, 1420, -1
205, 382, -1
205, 348, -1
205, 724, -1
205, 1038, -1
205, 1026, -1
205, 640, -1
205, 514, -1
205, 1036, -1
205, 333, -1
205, 1423, -1
205, 281, -1
205, 778, -1
205, 1068, -1
205, 1420, -1

506, 382, -1
506, 348, -1
506, 724, -1
506, 1038, -1
506, 1026, -1
506, 640, -1
506, 647, -1
506, 625, -1
506, 0, -1
506, 1, -1
506, 6, -1
506, 1044, -1
506, 205, -1
506, 514, -1
506, 1036, -1
506, 333, -1
506, 1423, -1
506, 281, -1
506, 778, -1
506, 1068, -1
506, 1420, -1

