178, 114, 1
114, 178, 1
178, 470, -1
114, 470, -1
178, 84, -1
114, 84, -1
178, 990, -1
114, 990, -1
470, 178, -1
470, 114, -1
470, 84, -1
470, 990, -1
84, 178, -1
84, 114, -1
84, 470, -1
84, 990, -1
990, 178, -1
990, 114, -1
990, 470, -1
990, 84, -1

178, 114, 1
114, 178, 1
990, 501, 1
501, 990, 1
178, 470, -1
114, 470, -1
178, 84, -1
114, 84, -1
178, 990, -1
178, 501, -1
114, 990, -1
114, 501, -1
178, 739, -1
114, 739, -1
470, 178, -1
470, 114, -1
470, 84, -1
470, 990, -1
470, 501, -1
470, 739, -1
84, 178, -1
84, 114, -1
84, 470, -1
84, 990, -1
84, 501, -1
84, 739, -1
990, 178, -1
990, 114, -1
501, 178, -1
501, 114, -1
990, 470, -1
501, 470, -1
990, 84, -1
501, 84, -1
990, 739, -1
501, 739, -1
739, 178, -1
739, 114, -1
739, 470, -1
739, 84, -1
739, 990, -1
739, 501, -1

178, 114, 1
178, 841, 1
178, 1125, 1
114, 178, 1
114, 841, 1
114, 1125, 1
841, 178, 1
841, 114, 1
841, 1125, 1
1125, 178, 1
1125, 114, 1
1125, 841, 1
84, 1039, 1
1039, 84, 1
990, 501, 1
501, 990, 1
178, 470, -1
114, 470, -1
841, 470, -1
1125, 470, -1
178, 84, -1
178, 1039, -1
114, 84, -1
114, 1039, -1
841, 84, -1
841, 1039, -1
1125, 84, -1
1125, 1039, -1
178, 990, -1
178, 501, -1
114, 990, -1
114, 501, -1
841, 990, -1
841, 501, -1
1125, 990, -1
1125, 501, -1
178, 739, -1
114, 739, -1
841, 739, -1
1125, 739, -1
178, 292, -1
114, 292, -1
841, 292, -1
1125, 292, -1
470, 178, -1
470, 114, -1
470, 841, -1
470, 1125, -1
470, 84, -1
470, 1039, -1
470, 990, -1
470, 501, -1
470, 739, -1
470, 292, -1
84, 178, -1
84, 114, -1
84, 841, -1
84, 1125, -1
1039, 178, -1
1039, 114, -1
1039, 841, -1
1039, 1125, -1
84, 470, -1
1039, 470, -1
84, 990, -1
84, 501, -1
1039, 990, -1
1039, 501, -1
84, 739, -1
1039, 739, -1
84, 292, -1
1039, 292, -1
990, 178, -1
990, 114, -1
990, 841, -1
990, 1125, -1
501, 178, -1
501, 114, -1
501, 841, -1
501, 1125, -1
990, 470, -1
501, 470, -1
990, 84, -1
990, 1039, -1
501, 84, -1
501, 1039, -1
990, 739, -1
501, 739, -1
990, 292, -1
501, 292, -1
739, 178, -1
739, 114, -1
739, 841, -1
739, 1125, -1
739, 470, -1
739, 84, -1
739, 1039, -1
739, 990, -1
739, 501, -1
739, 292, -1
292, 178, -1
292, 114, -1
292, 841, -1
292, 1125, -1
292, 470, -1
292, 84, -1
292, 1039, -1
292, 990, -1
292, 501, -1
292, 739, -1

178, 114, 1
178, 841, 1
178, 1125, 1
178, 553, 1
178, 1465, 1
114, 178, 1
114, 841, 1
114, 1125, 1
114, 553, 1
114, 1465, 1
841, 178, 1
841, 114, 1
841, 1125, 1
841, 553, 1
841, 1465, 1
1125, 178, 1
1125, 114, 1
1125, 841, 1
1125, 553, 1
1125, 1465, 1
553, 178, 1
553, 114, 1
553, 841, 1
553, 1125, 1
553, 1465, 1
1465, 178, 1
1465, 114, 1
1465, 841, 1
1465, 1125, 1
1465, 553, 1
470, 503, 1
503, 470, 1
84, 1039, 1
1039, 84, 1
990, 501, 1
501, 990, 1
178, 470, -1
178, 503, -1
114, 470, -1
114, 503, -1
841, 470, -1
841, 503, -1
1125, 470, -1
1125, 503, -1
553, 470, -1
553, 503, -1
1465, 470, -1
1465, 503, -1
178, 84, -1
178, 1039, -1
114, 84, -1
114, 1039, -1
841, 84, -1
841, 1039, -1
1125, 84, -1
1125, 1039, -1
553, 84, -1
553, 1039, -1
1465, 84, -1
1465, 1039, -1
178, 990, -1
178, 501, -1
114, 990, -1
114, 501, -1
841, 990, -1
841, 501, -1
1125, 990, -1
1125, 501, -1
553, 990, -1
553, 501, -1
1465, 990, -1
1465, 501, -1
178, 739, -1
114, 739, -1
841, 739, -1
1125, 739, -1
553, 739, -1
1465, 739, -1
178, 292, -1
114, 292, -1
841, 292, -1
1125, 292, -1
553, 292, -1
1465, 292, -1
178, 229, -1
114, 229, -1
841, 229, -1
1125, 229, -1
553, 229, -1
1465, 229, -1
470, 178, -1
470, 114, -1
470, 841, -1
470, 1125, -1
470, 553, -1
470, 1465, -1
503, 178, -1
503, 114, -1
503, 841, -1
503, 1125, -1
503, 553, -1
503, 1465, -1
470, 84, -1
470, 1039, -1
503, 84, -1
503, 1039, -1
470, 990, -1
470, 501, -1
503, 990, -1
503, 501, -1
470, 739, -1
503, 739, -1
470, 292, -1
503, 292, -1
470, 229, -1
503, 229, -1
84, 178, -1
84, 114, -1
84, 841, -1
84, 1125, -1
84, 553, -1
84, 1465, -1
1039, 178, -1
1039, 114, -1
1039, 841, -1
1039, 1125, -1
1039, 553, -1
1039, 1465, -1
84, 470, -1
84, 503, -1
1039, 470, -1
1039, 503, -1
84, 990, -1
84, 501, -1
1039, 990, -1
1039, 501, -1
84, 739, -1
1039, 739, -1
84, 292, -1
1039, 292, -1
84, 229, -1
1039, 229, -1
990, 178, -1
990, 114, -1
990, 841, -1
990, 1125, -1
990, 553, -1
990, 1465, -1
501, 178, -1
501, 114, -1
501, 841, -1
501, 1125, -1
501, 553, -1
501, 1465, -1
990, 470, -1
990, 503, -1
501, 470, -1
501, 503, -1
990, 84, -1
990, 1039, -1
501, 84, -1
501, 1039, -1
990, 739, -1
501, 739, -1
990, 292, -1
501, 292, -1
990, 229, -1
501, 229, -1
739, 178, -1
739, 114, -1
739, 841, -1
739, 1125, -1
739, 553, -1
739, 1465, -1
739, 470, -1
739, 503, -1
739, 84, -1
739, 1039, -1
739, 990, -1
739, 501, -1
739, 292, -1
739, 229, -1
292, 178, -1
292, 114, -1
292, 841, -1
292, 1125, -1
292, 553, -1
292, 1465, -1
292, 470, -1
292, 503, -1
292, 84, -1
292, 1039, -1
292, 990, -1
292, 501, -1
292, 739, -1
292, 229, -1
229, 178, -1
229, 114, -1
229, 841, -1
229, 1125, -1
229, 553, -1
229, 1465, -1
229, 470, -1
229, 503, -1
229, 84, -1
229, 1039, -1
229, 990, -1
229, 501, -1
229, 739, -1
229, 292, -1

178, 114, 1
178, 841, 1
178, 1125, 1
178, 553, 1
178, 1465, 1
114, 178, 1
114, 841, 1
114, 1125, 1
114, 553, 1
114, 1465, 1
841, 178, 1
841, 114, 1
841, 1125, 1
841, 553, 1
841, 1465, 1
1125, 178, 1
1125, 114, 1
1125, 841, 1
1125, 553, 1
1125, 1465, 1
553, 178, 1
553, 114, 1
553, 841, 1
553, 1125, 1
553, 1465, 1
1465, 178, 1
1465, 114, 1
1465, 841, 1
1465, 1125, 1
1465, 553, 1
470, 503, 1
503, 470, 1
84, 1039, 1
1039, 84, 1
990, 501, 1
990, 500, 1
501, 990, 1
501, 500, 1
500, 990, 1
500, 501, 1
178, 470, -1
178, 503, -1
114, 470, -1
114, 503, -1
841, 470, -1
841, 503, -1
1125, 470, -1
1125, 503, -1
553, 470, -1
553, 503, -1
1465, 470, -1
1465, 503, -1
178, 84, -1
178, 1039, -1
114, 84, -1
114, 1039, -1
841, 84, -1
841, 1039, -1
1125, 84, -1
1125, 1039, -1
553, 84, -1
553, 1039, -1
1465, 84, -1
1465, 1039, -1
178, 990, -1
178, 501, -1
178, 500, -1
114, 990, -1
114, 501, -1
114, 500, -1
841, 990, -1
841, 501, -1
841, 500, -1
1125, 990, -1
1125, 501, -1
1125, 500, -1
553, 990, -1
553, 501, -1
553, 500, -1
1465, 990, -1
1465, 501, -1
1465, 500, -1
178, 739, -1
114, 739, -1
841, 739, -1
1125, 739, -1
553, 739, -1
1465, 739, -1
178, 292, -1
114, 292, -1
841, 292, -1
1125, 292, -1
553, 292, -1
1465, 292, -1
178, 229, -1
114, 229, -1
841, 229, -1
1125, 229, -1
553, 229, -1
1465, 229, -1
470, 178, -1
470, 114, -1
470, 841, -1
470, 1125, -1
470, 553, -1
470, 1465, -1
503, 178, -1
503, 114, -1
503, 841, -1
503, 1125, -1
503, 553, -1
503, 1465, -1
470, 84, -1
470, 1039, -1
503, 84, -1
503, 1039, -1
470, 990, -1
470, 501, -1
470, 500, -1
503, 990, -1
503, 501, -1
503, 500, -1
470, 739, -1
503, 739, -1
470, 292, -1
503, 292, -1
470, 229, -1
503, 229, -1
84, 178, -1
84, 114, -1
84, 841, -1
84, 1125, -1
84, 553, -1
84, 1465, -1
1039, 178, -1
1039, 114, -1
1039, 841, -1
1039, 1125, -1
1039, 553, -1
1039, 1465, -1
84, 470, -1
84, 503, -1
1039, 470, -1
1039, 503, -1
84, 990, -1
84, 501, -1
84, 500, -1
1039, 990, -1
1039, 501, -1
1039, 500, -1
84, 739, -1
1039, 739, -1
84, 292, -1
1039, 292, -1
84, 229, -1
1039, 229, -1
990, 178, -1
990, 114, -1
990, 841, -1
990, 1125, -1
990, 553, -1
990, 1465, -1
501, 178, -1
501, 114, -1
501, 841, -1
501, 1125, -1
501, 553, -1
501, 1465, -1
500, 178, -1
500, 114, -1
500, 841, -1
500, 1125, -1
500, 553, -1
500, 1465, -1
990, 470, -1
990, 503, -1
501, 470, -1
501, 503, -1
500, 470, -1
500, 503, -1
990, 84, -1
990, 1039, -1
501, 84, -1
501, 1039, -1
500, 84, -1
500, 1039, -1
990, 739, -1
501, 739, -1
500, 739, -1
990, 292, -1
501, 292, -1
500, 292, -1
990, 229, -1
501, 229, -1
500, 229, -1
739, 178, -1
739, 114, -1
739, 841, -1
739, 1125, -1
739, 553, -1
739, 1465, -1
739, 470, -1
739, 503, -1
739, 84, -1
739, 1039, -1
739, 990, -1
739, 501, -1
739, 500, -1
739, 292, -1
739, 229, -1
292, 178, -1
292, 114, -1
292, 841, -1
292, 1125, -1
292, 553, -1
292, 1465, -1
292, 470, -1
292, 503, -1
292, 84, -1
292, 1039, -1
292, 990, -1
292, 501, -1
292, 500, -1
292, 739, -1
292, 229, -1
229, 178, -1
229, 114, -1
229, 841, -1
229, 1125, -1
229, 553, -1
229, 1465, -1
229, 470, -1
229, 503, -1
229, 84, -1
229, 1039, -1
229, 990, -1
229, 501, -1
229, 500, -1
229, 739, -1
229, 292, -1

178, 114, 1
178, 841, 1
178, 1125, 1
178, 553, 1
178, 1465, 1
178, 1252, 1
178, 339, 1
178, 271, 1
114, 178, 1
114, 841, 1
114, 1125, 1
114, 553, 1
114, 1465, 1
114, 1252, 1
114, 339, 1
114, 271, 1
841, 178, 1
841, 114, 1
841, 1125, 1
841, 553, 1
841, 1465, 1
841, 1252, 1
841, 339, 1
841, 271, 1
1125, 178, 1
1125, 114, 1
1125, 841, 1
1125, 553, 1
1125, 1465, 1
1125, 1252, 1
1125, 339, 1
1125, 271, 1
553, 178, 1
553, 114, 1
553, 841, 1
553, 1125, 1
553, 1465, 1
553, 1252, 1
553, 339, 1
553, 271, 1
1465, 178, 1
1465, 114, 1
1465, 841, 1
1465, 1125, 1
1465, 553, 1
1465, 1252, 1
1465, 339, 1
1465, 271, 1
1252, 178, 1
1252, 114, 1
1252, 841, 1
1252, 1125, 1
1252, 553, 1
1252, 1465, 1
1252, 339, 1
1252, 271, 1
339, 178, 1
339, 114, 1
339, 841, 1
339, 1125, 1
339, 553, 1
339, 1465, 1
339, 1252, 1
339, 271, 1
271, 178, 1
271, 114, 1
271, 841, 1
271, 1125, 1
271, 553, 1
271, 1465, 1
271, 1252, 1
271, 339, 1
470, 503, 1
503, 470, 1
84, 1039, 1
1039, 84, 1
990, 501, 1
990, 500, 1
501, 990, 1
501, 500, 1
500, 990, 1
500, 501, 1
229, 720, 1
720, 229, 1
178, 470, -1
178, 503, -1
114, 470, -1
114, 503, -1
841, 470, -1
841, 503, -1
1125, 470, -1
1125, 503, -1
553, 470, -1
553, 503, -1
1465, 470, -1
1465, 503, -1
1252, 470, -1
1252, 503, -1
339, 470, -1
339, 503, -1
271, 470, -1
271, 503, -1
178, 84, -1
178, 1039, -1
114, 84, -1
114, 1039, -1
841, 84, -1
841, 1039, -1
1125, 84, -1
1125, 1039, -1
553, 84, -1
553, 1039, -1
1465, 84, -1
1465, 1039, -1
1252, 84, -1
1252, 1039, -1
339, 84, -1
339, 1039, -1
271, 84, -1
271, 1039, -1
178, 990, -1
178, 501, -1
178, 500, -1
114, 990, -1
114, 501, -1
114, 500, -1
841, 990, -1
841, 501, -1
841, 500, -1
1125, 990, -1
1125, 501, -1
1125, 500, -1
553, 990, -1
553, 501, -1
553, 500, -1
1465, 990, -1
1465, 501, -1
1465, 500, -1
1252, 990, -1
1252, 501, -1
1252, 500, -1
339, 990, -1
339, 501, -1
339, 500, -1
271, 990, -1
271, 501, -1
271, 500, -1
178, 739, -1
114, 739, -1
841, 739, -1
1125, 739, -1
553, 739, -1
1465, 739, -1
1252, 739, -1
339, 739, -1
271, 739, -1
178, 292, -1
114, 292, -1
841, 292, -1
1125, 292, -1
553, 292, -1
1465, 292, -1
1252, 292, -1
339, 292, -1
271, 292, -1
178, 229, -1
178, 720, -1
114, 229, -1
114, 720, -1
841, 229, -1
841, 720, -1
1125, 229, -1
1125, 720, -1
553, 229, -1
553, 720, -1
1465, 229, -1
1465, 720, -1
1252, 229, -1
1252, 720, -1
339, 229, -1
339, 720, -1
271, 229, -1
271, 720, -1
470, 178, -1
470, 114, -1
470, 841, -1
470, 1125, -1
470, 553, -1
470, 1465, -1
470, 1252, -1
470, 339, -1
470, 271, -1
503, 178, -1
503, 114, -1
503, 841, -1
503, 1125, -1
503, 553, -1
503, 1465, -1
503, 1252, -1
503, 339, -1
503, 271, -1
470, 84, -1
470, 1039, -1
503, 84, -1
503, 1039, -1
470, 990, -1
470, 501, -1
470, 500, -1
503, 990, -1
503, 501, -1
503, 500, -1
470, 739, -1
503, 739, -1
470, 292, -1
503, 292, -1
470, 229, -1
470, 720, -1
503, 229, -1
503, 720, -1
84, 178, -1
84, 114, -1
84, 841, -1
84, 1125, -1
84, 553, -1
84, 1465, -1
84, 1252, -1
84, 339, -1
84, 271, -1
1039, 178, -1
1039, 114, -1
1039, 841, -1
1039, 1125, -1
1039, 553, -1
1039, 1465, -1
1039, 1252, -1
1039, 339, -1
1039, 271, -1
84, 470, -1
84, 503, -1
1039, 470, -1
1039, 503, -1
84, 990, -1
84, 501, -1
84, 500, -1
1039, 990, -1
1039, 501, -1
1039, 500, -1
84, 739, -1
1039, 739, -1
84, 292, -1
1039, 292, -1
84, 229, -1
84, 720, -1
1039, 229, -1
1039, 720, -1
990, 178, -1
990, 114, -1
990, 841, -1
990, 1125, -1
990, 553, -1
990, 1465, -1
990, 1252, -1
990, 339, -1
990, 271, -1
501, 178, -1
501, 114, -1
501, 841, -1
501, 1125, -1
501, 553, -1
501, 1465, -1
501, 1252, -1
501, 339, -1
501, 271, -1
500, 178, -1
500, 114, -1
500, 841, -1
500, 1125, -1
500, 553, -1
500, 1465, -1
500, 1252, -1
500, 339, -1
500, 271, -1
990, 470, -1
990, 503, -1
501, 470, -1
501, 503, -1
500, 470, -1
500, 503, -1
990, 84, -1
990, 1039, -1
501, 84, -1
501, 1039, -1
500, 84, -1
500, 1039, -1
990, 739, -1
501, 739, -1
500, 739, -1
990, 292, -1
501, 292, -1
500, 292, -1
990, 229, -1
990, 720, -1
501, 229, -1
501, 720, -1
500, 229, -1
500, 720, -1
739, 178, -1
739, 114, -1
739, 841, -1
739, 1125, -1
739, 553, -1
739, 1465, -1
739, 1252, -1
739, 339, -1
739, 271, -1
739, 470, -1
739, 503, -1
739, 84, -1
739, 1039, -1
739, 990, -1
739, 501, -1
739, 500, -1
739, 292, -1
739, 229, -1
739, 720, -1
292, 178, -1
292, 114, -1
292, 841, -1
292, 1125, -1
292, 553, -1
292, 1465, -1
292, 1252, -1
292, 339, -1
292, 271, -1
292, 470, -1
292, 503, -1
292, 84, -1
292, 1039, -1
292, 990, -1
292, 501, -1
292, 500, -1
292, 739, -1
292, 229, -1
292, 720, -1
229, 178, -1
229, 114, -1
229, 841, -1
229, 1125, -1
229, 553, -1
229, 1465, -1
229, 1252, -1
229, 339, -1
229, 271, -1
720, 178, -1
720, 114, -1
720, 841, -1
720, 1125, -1
720, 553, -1
720, 1465, -1
720, 1252, -1
720, 339, -1
720, 271, -1
229, 470, -1
229, 503, -1
720, 470, -1
720, 503, -1
229, 84, -1
229, 1039, -1
720, 84, -1
720, 1039, -1
229, 990, -1
229, 501, -1
229, 500, -1
720, 990, -1
720, 501, -1
720, 500, -1
229, 739, -1
720, 739, -1
229, 292, -1
720, 292, -1

178, 114, 1
178, 841, 1
178, 1125, 1
178, 553, 1
178, 1465, 1
178, 1252, 1
178, 339, 1
178, 271, 1
114, 178, 1
114, 841, 1
114, 1125, 1
114, 553, 1
114, 1465, 1
114, 1252, 1
114, 339, 1
114, 271, 1
841, 178, 1
841, 114, 1
841, 1125, 1
841, 553, 1
841, 1465, 1
841, 1252, 1
841, 339, 1
841, 271, 1
1125, 178, 1
1125, 114, 1
1125, 841, 1
1125, 553, 1
1125, 1465, 1
1125, 1252, 1
1125, 339, 1
1125, 271, 1
553, 178, 1
553, 114, 1
553, 841, 1
553, 1125, 1
553, 1465, 1
553, 1252, 1
553, 339, 1
553, 271, 1
1465, 178, 1
1465, 114, 1
1465, 841, 1
1465, 1125, 1
1465, 553, 1
1465, 1252, 1
1465, 339, 1
1465, 271, 1
1252, 178, 1
1252, 114, 1
1252, 841, 1
1252, 1125, 1
1252, 553, 1
1252, 1465, 1
1252, 339, 1
1252, 271, 1
339, 178, 1
339, 114, 1
339, 841, 1
339, 1125, 1
339, 553, 1
339, 1465, 1
339, 1252, 1
339, 271, 1
271, 178, 1
271, 114, 1
271, 841, 1
271, 1125, 1
271, 553, 1
271, 1465, 1
271, 1252, 1
271, 339, 1
470, 503, 1
503, 470, 1
84, 1039, 1
84, 82, 1
1039, 84, 1
1039, 82, 1
82, 84, 1
82, 1039, 1
990, 501, 1
990, 500, 1
501, 990, 1
501, 500, 1
500, 990, 1
500, 501, 1
229, 720, 1
720, 229, 1
178, 470, -1
178, 503, -1
114, 470, -1
114, 503, -1
841, 470, -1
841, 503, -1
1125, 470, -1
1125, 503, -1
553, 470, -1
553, 503, -1
1465, 470, -1
1465, 503, -1
1252, 470, -1
1252, 503, -1
339, 470, -1
339, 503, -1
271, 470, -1
271, 503, -1
178, 84, -1
178, 1039, -1
178, 82, -1
114, 84, -1
114, 1039, -1
114, 82, -1
841, 84, -1
841, 1039, -1
841, 82, -1
1125, 84, -1
1125, 1039, -1
1125, 82, -1
553, 84, -1
553, 1039, -1
553, 82, -1
1465, 84, -1
1465, 1039, -1
1465, 82, -1
1252, 84, -1
1252, 1039, -1
1252, 82, -1
339, 84, -1
339, 1039, -1
339, 82, -1
271, 84, -1
271, 1039, -1
271, 82, -1
178, 990, -1
178, 501, -1
178, 500, -1
114, 990, -1
114, 501, -1
114, 500, -1
841, 990, -1
841, 501, -1
841, 500, -1
1125, 990, -1
1125, 501, -1
1125, 500, -1
553, 990, -1
553, 501, -1
553, 500, -1
1465, 990, -1
1465, 501, -1
1465, 500, -1
1252, 990, -1
1252, 501, -1
1252, 500, -1
339, 990, -1
339, 501, -1
339, 500, -1
271, 990, -1
271, 501, -1
271, 500, -1
178, 739, -1
114, 739, -1
841, 739, -1
1125, 739, -1
553, 739, -1
1465, 739, -1
1252, 739, -1
339, 739, -1
271, 739, -1
178, 292, -1
114, 292, -1
841, 292, -1
1125, 292, -1
553, 292, -1
1465, 292, -1
1252, 292, -1
339, 292, -1
271, 292, -1
178, 229, -1
178, 720, -1
114, 229, -1
114, 720, -1
841, 229, -1
841, 720, -1
1125, 229, -1
1125, 720, -1
553, 229, -1
553, 720, -1
1465, 229, -1
1465, 720, -1
1252, 229, -1
1252, 720, -1
339, 229, -1
339, 720, -1
271, 229, -1
271, 720, -1
178, 85, -1
114, 85, -1
841, 85, -1
1125, 85, -1
553, 85, -1
1465, 85, -1
1252, 85, -1
339, 85, -1
271, 85, -1
470, 178, -1
470, 114, -1
470, 841, -1
470, 1125, -1
470, 553, -1
470, 1465, -1
470, 1252, -1
470, 339, -1
470, 271, -1
503, 178, -1
503, 114, -1
503, 841, -1
503, 1125, -1
503, 553, -1
503, 1465, -1
503, 1252, -1
503, 339, -1
503, 271, -1
470, 84, -1
470, 1039, -1
470, 82, -1
503, 84, -1
503, 1039, -1
503, 82, -1
470, 990, -1
470, 501, -1
470, 500, -1
503, 990, -1
503, 501, -1
503, 500, -1
470, 739, -1
503, 739, -1
470, 292, -1
503, 292, -1
470, 229, -1
470, 720, -1
503, 229, -1
503, 720, -1
470, 85, -1
503, 85, -1
84, 178, -1
84, 114, -1
84, 841, -1
84, 1125, -1
84, 553, -1
84, 1465, -1
84, 1252, -1
84, 339, -1
84, 271, -1
1039, 178, -1
1039, 114, -1
1039, 841, -1
1039, 1125, -1
1039, 553, -1
1039, 1465, -1
1039, 1252, -1
1039, 339, -1
1039, 271, -1
82, 178, -1
82, 114, -1
82, 841, -1
82, 1125, -1
82, 553, -1
82, 1465, -1
82, 1252, -1
82, 339, -1
82, 271, -1
84, 470, -1
84, 503, -1
1039, 470, -1
1039, 503, -1
82, 470, -1
82, 503, -1
84, 990, -1
84, 501, -1
84, 500, -1
1039, 990, -1
1039, 501, -1
1039, 500, -1
82, 990, -1
82, 501, -1
82, 500, -1
84, 739, -1
1039, 739, -1
82, 739, -1
84, 292, -1
1039, 292, -1
82, 292, -1
84, 229, -1
84, 720, -1
1039, 229, -1
1039, 720, -1
82, 229, -1
82, 720, -1
84, 85, -1
1039, 85, -1
82, 85, -1
990, 178, -1
990, 114, -1
990, 841, -1
990, 1125, -1
990, 553, -1
990, 1465, -1
990, 1252, -1
990, 339, -1
990, 271, -1
501, 178, -1
501, 114, -1
501, 841, -1
501, 1125, -1
501, 553, -1
501, 1465, -1
501, 1252, -1
501, 339, -1
501, 271, -1
500, 178, -1
500, 114, -1
500, 841, -1
500, 1125, -1
500, 553, -1
500, 1465, -1
500, 1252, -1
500, 339, -1
500, 271, -1
990, 470, -1
990, 503, -1
501, 470, -1
501, 503, -1
500, 470, -1
500, 503, -1
990, 84, -1
990, 1039, -1
990, 82, -1
501, 84, -1
501, 1039, -1
501, 82, -1
500, 84, -1
500, 1039, -1
500, 82, -1
990, 739, -1
501, 739, -1
500, 739, -1
990, 292, -1
501, 292, -1
500, 292, -1
990, 229, -1
990, 720, -1
501, 229, -1
501, 720, -1
500, 229, -1
500, 720, -1
990, 85, -1
501, 85, -1
500, 85, -1
739, 178, -1
739, 114, -1
739, 841, -1
739, 1125, -1
739, 553, -1
739, 1465, -1
739, 1252, -1
739, 339, -1
739, 271, -1
739, 470, -1
739, 503, -1
739, 84, -1
739, 1039, -1
739, 82, -1
739, 990, -1
739, 501, -1
739, 500, -1
739, 292, -1
739, 229, -1
739, 720, -1
739, 85, -1
292, 178, -1
292, 114, -1
292, 841, -1
292, 1125, -1
292, 553, -1
292, 1465, -1
292, 1252, -1
292, 339, -1
292, 271, -1
292, 470, -1
292, 503, -1
292, 84, -1
292, 1039, -1
292, 82, -1
292, 990, -1
292, 501, -1
292, 500, -1
292, 739, -1
292, 229, -1
292, 720, -1
292, 85, -1
229, 178, -1
229, 114, -1
229, 841, -1
229, 1125, -1
229, 553, -1
229, 1465, -1
229, 1252, -1
229, 339, -1
229, 271, -1
720, 178, -1
720, 114, -1
720, 841, -1
720, 1125, -1
720, 553, -1
720, 1465, -1
720, 1252, -1
720, 339, -1
720, 271, -1
229, 470, -1
229, 503, -1
720, 470, -1
720, 503, -1
229, 84, -1
229, 1039, -1
229, 82, -1
720, 84, -1
720, 1039, -1
720, 82, -1
229, 990, -1
229, 501, -1
229, 500, -1
720, 990, -1
720, 501, -1
720, 500, -1
229, 739, -1
720, 739, -1
229, 292, -1
720, 292, -1
229, 85, -1
720, 85, -1
85, 178, -1
85, 114, -1
85, 841, -1
85, 1125, -1
85, 553, -1
85, 1465, -1
85, 1252, -1
85, 339, -1
85, 271, -1
85, 470, -1
85, 503, -1
85, 84, -1
85, 1039, -1
85, 82, -1
85, 990, -1
85, 501, -1
85, 500, -1
85, 739, -1
85, 292, -1
85, 229, -1
85, 720, -1

178, 114, 1
178, 841, 1
178, 1125, 1
178, 553, 1
178, 1465, 1
178, 1252, 1
178, 339, 1
178, 271, 1
114, 178, 1
114, 841, 1
114, 1125, 1
114, 553, 1
114, 1465, 1
114, 1252, 1
114, 339, 1
114, 271, 1
841, 178, 1
841, 114, 1
841, 1125, 1
841, 553, 1
841, 1465, 1
841, 1252, 1
841, 339, 1
841, 271, 1
1125, 178, 1
1125, 114, 1
1125, 841, 1
1125, 553, 1
1125, 1465, 1
1125, 1252, 1
1125, 339, 1
1125, 271, 1
553, 178, 1
553, 114, 1
553, 841, 1
553, 1125, 1
553, 1465, 1
553, 1252, 1
553, 339, 1
553, 271, 1
1465, 178, 1
1465, 114, 1
1465, 841, 1
1465, 1125, 1
1465, 553, 1
1465, 1252, 1
1465, 339, 1
1465, 271, 1
1252, 178, 1
1252, 114, 1
1252, 841, 1
1252, 1125, 1
1252, 553, 1
1252, 1465, 1
1252, 339, 1
1252, 271, 1
339, 178, 1
339, 114, 1
339, 841, 1
339, 1125, 1
339, 553, 1
339, 1465, 1
339, 1252, 1
339, 271, 1
271, 178, 1
271, 114, 1
271, 841, 1
271, 1125, 1
271, 553, 1
271, 1465, 1
271, 1252, 1
271, 339, 1
470, 503, 1
503, 470, 1
84, 1039, 1
84, 82, 1
1039, 84, 1
1039, 82, 1
82, 84, 1
82, 1039, 1
990, 501, 1
990, 500, 1
501, 990, 1
501, 500, 1
500, 990, 1
500, 501, 1
229, 720, 1
720, 229, 1
85, 1077, 1
1077, 85, 1
178, 470, -1
178, 503, -1
114, 470, -1
114, 503, -1
841, 470, -1
841, 503, -1
1125, 470, -1
1125, 503, -1
553, 470, -1
553, 503, -1
1465, 470, -1
1465, 503, -1
1252, 470, -1
1252, 503, -1
339, 470, -1
339, 503, -1
271, 470, -1
271, 503, -1
178, 84, -1
178, 1039, -1
178, 82, -1
114, 84, -1
114, 1039, -1
114, 82, -1
841, 84, -1
841, 1039, -1
841, 82, -1
1125, 84, -1
1125, 1039, -1
1125, 82, -1
553, 84, -1
553, 1039, -1
553, 82, -1
1465, 84, -1
1465, 1039, -1
1465, 82, -1
1252, 84, -1
1252, 1039, -1
1252, 82, -1
339, 84, -1
339, 1039, -1
339, 82, -1
271, 84, -1
271, 1039, -1
271, 82, -1
178, 990, -1
178, 501, -1
178, 500, -1
114, 990, -1
114, 501, -1
114, 500, -1
841, 990, -1
841, 501, -1
841, 500, -1
1125, 990, -1
1125, 501, -1
1125, 500, -1
553, 990, -1
553, 501, -1
553, 500, -1
1465, 990, -1
1465, 501, -1
1465, 500, -1
1252, 990, -1
1252, 501, -1
1252, 500, -1
339, 990, -1
339, 501, -1
339, 500, -1
271, 990, -1
271, 501, -1
271, 500, -1
178, 739, -1
114, 739, -1
841, 739, -1
1125, 739, -1
553, 739, -1
1465, 739, -1
1252, 739, -1
339, 739, -1
271, 739, -1
178, 292, -1
114, 292, -1
841, 292, -1
1125, 292, -1
553, 292, -1
1465, 292, -1
1252, 292, -1
339, 292, -1
271, 292, -1
178, 229, -1
178, 720, -1
114, 229, -1
114, 720, -1
841, 229, -1
841, 720, -1
1125, 229, -1
1125, 720, -1
553, 229, -1
553, 720, -1
1465, 229, -1
1465, 720, -1
1252, 229, -1
1252, 720, -1
339, 229, -1
339, 720, -1
271, 229, -1
271, 720, -1
178, 85, -1
178, 1077, -1
114, 85, -1
114, 1077, -1
841, 85, -1
841, 1077, -1
1125, 85, -1
1125, 1077, -1
553, 85, -1
553, 1077, -1
1465, 85, -1
1465, 1077, -1
1252, 85, -1
1252, 1077, -1
339, 85, -1
339, 1077, -1
271, 85, -1
271, 1077, -1
470, 178, -1
470, 114, -1
470, 841, -1
470, 1125, -1
470, 553, -1
470, 1465, -1
470, 1252, -1
470, 339, -1
470, 271, -1
503, 178, -1
503, 114, -1
503, 841, -1
503, 1125, -1
503, 553, -1
503, 1465, -1
503, 1252, -1
503, 339, -1
503, 271, -1
470, 84, -1
470, 1039, -1
470, 82, -1
503, 84, -1
503, 1039, -1
503, 82, -1
470, 990, -1
470, 501, -1
470, 500, -1
503, 990, -1
503, 501, -1
503, 500, -1
470, 739, -1
503, 739, -1
470, 292, -1
503, 292, -1
470, 229, -1
470, 720, -1
503, 229, -1
503, 720, -1
470, 85, -1
470, 1077, -1
503, 85, -1
503, 1077, -1
84, 178, -1
84, 114, -1
84, 841, -1
84, 1125, -1
84, 553, -1
84, 1465, -1
84, 1252, -1
84, 339, -1
84, 271, -1
1039, 178, -1
1039, 114, -1
1039, 841, -1
1039, 1125, -1
1039, 553, -1
1039, 1465, -1
1039, 1252, -1
1039, 339, -1
1039, 271, -1
82, 178, -1
82, 114, -1
82, 841, -1
82, 1125, -1
82, 553, -1
82, 1465, -1
82, 1252, -1
82, 339, -1
82, 271, -1
84, 470, -1
84, 503, -1
1039, 470, -1
1039, 503, -1
82, 470, -1
82, 503, -1
84, 990, -1
84, 501, -1
84, 500, -1
1039, 990, -1
1039, 501, -1
1039, 500, -1
82, 990, -1
82, 501, -1
82, 500, -1
84, 739, -1
1039, 739, -1
82, 739, -1
84, 292, -1
1039, 292, -1
82, 292, -1
84, 229, -1
84, 720, -1
1039, 229, -1
1039, 720, -1
82, 229, -1
82, 720, -1
84, 85, -1
84, 1077, -1
1039, 85, -1
1039, 1077, -1
82, 85, -1
82, 1077, -1
990, 178, -1
990, 114, -1
990, 841, -1
990, 1125, -1
990, 553, -1
990, 1465, -1
990, 1252, -1
990, 339, -1
990, 271, -1
501, 178, -1
501, 114, -1
501, 841, -1
501, 1125, -1
501, 553, -1
501, 1465, -1
501, 1252, -1
501, 339, -1
501, 271, -1
500, 178, -1
500, 114, -1
500, 841, -1
500, 1125, -1
500, 553, -1
500, 1465, -1
500, 1252, -1
500, 339, -1
500, 271, -1
990, 470, -1
990, 503, -1
501, 470, -1
501, 503, -1
500, 470, -1
500, 503, -1
990, 84, -1
990, 1039, -1
990, 82, -1
501, 84, -1
501, 1039, -1
501, 82, -1
500, 84, -1
500, 1039, -1
500, 82, -1
990, 739, -1
501, 739, -1
500, 739, -1
990, 292, -1
501, 292, -1
500, 292, -1
990, 229, -1
990, 720, -1
501, 229, -1
501, 720, -1
500, 229, -1
500, 720, -1
990, 85, -1
990, 1077, -1
501, 85, -1
501, 1077, -1
500, 85, -1
500, 1077, -1
739, 178, -1
739, 114, -1
739, 841, -1
739, 1125, -1
739, 553, -1
739, 1465, -1
739, 1252, -1
739, 339, -1
739, 271, -1
739, 470, -1
739, 503, -1
739, 84, -1
739, 1039, -1
739, 82, -1
739, 990, -1
739, 501, -1
739, 500, -1
739, 292, -1
739, 229, -1
739, 720, -1
739, 85, -1
739, 1077, -1
292, 178, -1
292, 114, -1
292, 841, -1
292, 1125, -1
292, 553, -1
292, 1465, -1
292, 1252, -1
292, 339, -1
292, 271, -1
292, 470, -1
292, 503, -1
292, 84, -1
292, 1039, -1
292, 82, -1
292, 990, -1
292, 501, -1
292, 500, -1
292, 739, -1
292, 229, -1
292, 720, -1
292, 85, -1
292, 1077, -1
229, 178, -1
229, 114, -1
229, 841, -1
229, 1125, -1
229, 553, -1
229, 1465, -1
229, 1252, -1
229, 339, -1
229, 271, -1
720, 178, -1
720, 114, -1
720, 841, -1
720, 1125, -1
720, 553, -1
720, 1465, -1
720, 1252, -1
720, 339, -1
720, 271, -1
229, 470, -1
229, 503, -1
720, 470, -1
720, 503, -1
229, 84, -1
229, 1039, -1
229, 82, -1
720, 84, -1
720, 1039, -1
720, 82, -1
229, 990, -1
229, 501, -1
229, 500, -1
720, 990, -1
720, 501, -1
720, 500, -1
229, 739, -1
720, 739, -1
229, 292, -1
720, 292, -1
229, 85, -1
229, 1077, -1
720, 85, -1
720, 1077, -1
85, 178, -1
85, 114, -1
85, 841, -1
85, 1125, -1
85, 553, -1
85, 1465, -1
85, 1252, -1
85, 339, -1
85, 271, -1
1077, 178, -1
1077, 114, -1
1077, 841, -1
1077, 1125, -1
1077, 553, -1
1077, 1465, -1
1077, 1252, -1
1077, 339, -1
1077, 271, -1
85, 470, -1
85, 503, -1
1077, 470, -1
1077, 503, -1
85, 84, -1
85, 1039, -1
85, 82, -1
1077, 84, -1
1077, 1039, -1
1077, 82, -1
85, 990, -1
85, 501, -1
85, 500, -1
1077, 990, -1
1077, 501, -1
1077, 500, -1
85, 739, -1
1077, 739, -1
85, 292, -1
1077, 292, -1
85, 229, -1
85, 720, -1
1077, 229, -1
1077, 720, -1

178, 114, 1
178, 841, 1
178, 1125, 1
178, 553, 1
178, 1465, 1
178, 1252, 1
178, 339, 1
178, 271, 1
114, 178, 1
114, 841, 1
114, 1125, 1
114, 553, 1
114, 1465, 1
114, 1252, 1
114, 339, 1
114, 271, 1
841, 178, 1
841, 114, 1
841, 1125, 1
841, 553, 1
841, 1465, 1
841, 1252, 1
841, 339, 1
841, 271, 1
1125, 178, 1
1125, 114, 1
1125, 841, 1
1125, 553, 1
1125, 1465, 1
1125, 1252, 1
1125, 339, 1
1125, 271, 1
553, 178, 1
553, 114, 1
553, 841, 1
553, 1125, 1
553, 1465, 1
553, 1252, 1
553, 339, 1
553, 271, 1
1465, 178, 1
1465, 114, 1
1465, 841, 1
1465, 1125, 1
1465, 553, 1
1465, 1252, 1
1465, 339, 1
1465, 271, 1
1252, 178, 1
1252, 114, 1
1252, 841, 1
1252, 1125, 1
1252, 553, 1
1252, 1465, 1
1252, 339, 1
1252, 271, 1
339, 178, 1
339, 114, 1
339, 841, 1
339, 1125, 1
339, 553, 1
339, 1465, 1
339, 1252, 1
339, 271, 1
271, 178, 1
271, 114, 1
271, 841, 1
271, 1125, 1
271, 553, 1
271, 1465, 1
271, 1252, 1
271, 339, 1
470, 503, 1
503, 470, 1
84, 1039, 1
84, 82, 1
1039, 84, 1
1039, 82, 1
82, 84, 1
82, 1039, 1
990, 501, 1
990, 500, 1
501, 990, 1
501, 500, 1
500, 990, 1
500, 501, 1
229, 720, 1
229, 1145, 1
720, 229, 1
720, 1145, 1
1145, 229, 1
1145, 720, 1
85, 1077, 1
1077, 85, 1
178, 470, -1
178, 503, -1
114, 470, -1
114, 503, -1
841, 470, -1
841, 503, -1
1125, 470, -1
1125, 503, -1
553, 470, -1
553, 503, -1
1465, 470, -1
1465, 503, -1
1252, 470, -1
1252, 503, -1
339, 470, -1
339, 503, -1
271, 470, -1
271, 503, -1
178, 84, -1
178, 1039, -1
178, 82, -1
114, 84, -1
114, 1039, -1
114, 82, -1
841, 84, -1
841, 1039, -1
841, 82, -1
1125, 84, -1
1125, 1039, -1
1125, 82, -1
553, 84, -1
553, 1039, -1
553, 82, -1
1465, 84, -1
1465, 1039, -1
1465, 82, -1
1252, 84, -1
1252, 1039, -1
1252, 82, -1
339, 84, -1
339, 1039, -1
339, 82, -1
271, 84, -1
271, 1039, -1
271, 82, -1
178, 990, -1
178, 501, -1
178, 500, -1
114, 990, -1
114, 501, -1
114, 500, -1
841, 990, -1
841, 501, -1
841, 500, -1
1125, 990, -1
1125, 501, -1
1125, 500, -1
553, 990, -1
553, 501, -1
553, 500, -1
1465, 990, -1
1465, 501, -1
1465, 500, -1
1252, 990, -1
1252, 501, -1
1252, 500, -1
339, 990, -1
339, 501, -1
339, 500, -1
271, 990, -1
271, 501, -1
271, 500, -1
178, 739, -1
114, 739, -1
841, 739, -1
1125, 739, -1
553, 739, -1
1465, 739, -1
1252, 739, -1
339, 739, -1
271, 739, -1
178, 292, -1
114, 292, -1
841, 292, -1
1125, 292, -1
553, 292, -1
1465, 292, -1
1252, 292, -1
339, 292, -1
271, 292, -1
178, 229, -1
178, 720, -1
178, 1145, -1
114, 229, -1
114, 720, -1
114, 1145, -1
841, 229, -1
841, 720, -1
841, 1145, -1
1125, 229, -1
1125, 720, -1
1125, 1145, -1
553, 229, -1
553, 720, -1
553, 1145, -1
1465, 229, -1
1465, 720, -1
1465, 1145, -1
1252, 229, -1
1252, 720, -1
1252, 1145, -1
339, 229, -1
339, 720, -1
339, 1145, -1
271, 229, -1
271, 720, -1
271, 1145, -1
178, 85, -1
178, 1077, -1
114, 85, -1
114, 1077, -1
841, 85, -1
841, 1077, -1
1125, 85, -1
1125, 1077, -1
553, 85, -1
553, 1077, -1
1465, 85, -1
1465, 1077, -1
1252, 85, -1
1252, 1077, -1
339, 85, -1
339, 1077, -1
271, 85, -1
271, 1077, -1
470, 178, -1
470, 114, -1
470, 841, -1
470, 1125, -1
470, 553, -1
470, 1465, -1
470, 1252, -1
470, 339, -1
470, 271, -1
503, 178, -1
503, 114, -1
503, 841, -1
503, 1125, -1
503, 553, -1
503, 1465, -1
503, 1252, -1
503, 339, -1
503, 271, -1
470, 84, -1
470, 1039, -1
470, 82, -1
503, 84, -1
503, 1039, -1
503, 82, -1
470, 990, -1
470, 501, -1
470, 500, -1
503, 990, -1
503, 501, -1
503, 500, -1
470, 739, -1
503, 739, -1
470, 292, -1
503, 292, -1
470, 229, -1
470, 720, -1
470, 1145, -1
503, 229, -1
503, 720, -1
503, 1145, -1
470, 85, -1
470, 1077, -1
503, 85, -1
503, 1077, -1
84, 178, -1
84, 114, -1
84, 841, -1
84, 1125, -1
84, 553, -1
84, 1465, -1
84, 1252, -1
84, 339, -1
84, 271, -1
1039, 178, -1
1039, 114, -1
1039, 841, -1
1039, 1125, -1
1039, 553, -1
1039, 1465, -1
1039, 1252, -1
1039, 339, -1
1039, 271, -1
82, 178, -1
82, 114, -1
82, 841, -1
82, 1125, -1
82, 553, -1
82, 1465, -1
82, 1252, -1
82, 339, -1
82, 271, -1
84, 470, -1
84, 503, -1
1039, 470, -1
1039, 503, -1
82, 470, -1
82, 503, -1
84, 990, -1
84, 501, -1
84, 500, -1
1039, 990, -1
1039, 501, -1
1039, 500, -1
82, 990, -1
82, 501, -1
82, 500, -1
84, 739, -1
1039, 739, -1
82, 739, -1
84, 292, -1
1039, 292, -1
82, 292, -1
84, 229, -1
84, 720, -1
84, 1145, -1
1039, 229, -1
1039, 720, -1
1039, 1145, -1
82, 229, -1
82, 720, -1
82, 1145, -1
84, 85, -1
84, 1077, -1
1039, 85, -1
1039, 1077, -1
82, 85, -1
82, 1077, -1
990, 178, -1
990, 114, -1
990, 841, -1
990, 1125, -1
990, 553, -1
990, 1465, -1
990, 1252, -1
990, 339, -1
990, 271, -1
501, 178, -1
501, 114, -1
501, 841, -1
501, 1125, -1
501, 553, -1
501, 1465, -1
501, 1252, -1
501, 339, -1
501, 271, -1
500, 178, -1
500, 114, -1
500, 841, -1
500, 1125, -1
500, 553, -1
500, 1465, -1
500, 1252, -1
500, 339, -1
500, 271, -1
990, 470, -1
990, 503, -1
501, 470, -1
501, 503, -1
500, 470, -1
500, 503, -1
990, 84, -1
990, 1039, -1
990, 82, -1
501, 84, -1
501, 1039, -1
501, 82, -1
500, 84, -1
500, 1039, -1
500, 82, -1
990, 739, -1
501, 739, -1
500, 739, -1
990, 292, -1
501, 292, -1
500, 292, -1
990, 229, -1
990, 720, -1
990, 1145, -1
501, 229, -1
501, 720, -1
501, 1145, -1
500, 229, -1
500, 720, -1
500, 1145, -1
990, 85, -1
990, 1077, -1
501, 85, -1
501, 1077, -1
500, 85, -1
500, 1077, -1
739, 178, -1
739, 114, -1
739, 841, -1
739, 1125, -1
739, 553, -1
739, 1465, -1
739, 1252, -1
739, 339, -1
739, 271, -1
739, 470, -1
739, 503, -1
739, 84, -1
739, 1039, -1
739, 82, -1
739, 990, -1
739, 501, -1
739, 500, -1
739, 292, -1
739, 229, -1
739, 720, -1
739, 1145, -1
739, 85, -1
739, 1077, -1
292, 178, -1
292, 114, -1
292, 841, -1
292, 1125, -1
292, 553, -1
292, 1465, -1
292, 1252, -1
292, 339, -1
292, 271, -1
292, 470, -1
292, 503, -1
292, 84, -1
292, 1039, -1
292, 82, -1
292, 990, -1
292, 501, -1
292, 500, -1
292, 739, -1
292, 229, -1
292, 720, -1
292, 1145, -1
292, 85, -1
292, 1077, -1
229, 178, -1
229, 114, -1
229, 841, -1
229, 1125, -1
229, 553, -1
229, 1465, -1
229, 1252, -1
229, 339, -1
229, 271, -1
720, 178, -1
720, 114, -1
720, 841, -1
720, 1125, -1
720, 553, -1
720, 1465, -1
720, 1252, -1
720, 339, -1
720, 271, -1
1145, 178, -1
1145, 114, -1
1145, 841, -1
1145, 1125, -1
1145, 553, -1
1145, 1465, -1
1145, 1252, -1
1145, 339, -1
1145, 271, -1
229, 470, -1
229, 503, -1
720, 470, -1
720, 503, -1
1145, 470, -1
1145, 503, -1
229, 84, -1
229, 1039, -1
229, 82, -1
720, 84, -1
720, 1039, -1
720, 82, -1
1145, 84, -1
1145, 1039, -1
1145, 82, -1
229, 990, -1
229, 501, -1
229, 500, -1
720, 990, -1
720, 501, -1
720, 500, -1
1145, 990, -1
1145, 501, -1
1145, 500, -1
229, 739, -1
720, 739, -1
1145, 739, -1
229, 292, -1
720, 292, -1
1145, 292, -1
229, 85, -1
229, 1077, -1
720, 85, -1
720, 1077, -1
1145, 85, -1
1145, 1077, -1
85, 178, -1
85, 114, -1
85, 841, -1
85, 1125, -1
85, 553, -1
85, 1465, -1
85, 1252, -1
85, 339, -1
85, 271, -1
1077, 178, -1
1077, 114, -1
1077, 841, -1
1077, 1125, -1
1077, 553, -1
1077, 1465, -1
1077, 1252, -1
1077, 339, -1
1077, 271, -1
85, 470, -1
85, 503, -1
1077, 470, -1
1077, 503, -1
85, 84, -1
85, 1039, -1
85, 82, -1
1077, 84, -1
1077, 1039, -1
1077, 82, -1
85, 990, -1
85, 501, -1
85, 500, -1
1077, 990, -1
1077, 501, -1
1077, 500, -1
85, 739, -1
1077, 739, -1
85, 292, -1
1077, 292, -1
85, 229, -1
85, 720, -1
85, 1145, -1
1077, 229, -1
1077, 720, -1
1077, 1145, -1

178, 114, 1
178, 841, 1
178, 1125, 1
178, 553, 1
178, 1465, 1
178, 1252, 1
178, 339, 1
178, 271, 1
114, 178, 1
114, 841, 1
114, 1125, 1
114, 553, 1
114, 1465, 1
114, 1252, 1
114, 339, 1
114, 271, 1
841, 178, 1
841, 114, 1
841, 1125, 1
841, 553, 1
841, 1465, 1
841, 1252, 1
841, 339, 1
841, 271, 1
1125, 178, 1
1125, 114, 1
1125, 841, 1
1125, 553, 1
1125, 1465, 1
1125, 1252, 1
1125, 339, 1
1125, 271, 1
553, 178, 1
553, 114, 1
553, 841, 1
553, 1125, 1
553, 1465, 1
553, 1252, 1
553, 339, 1
553, 271, 1
1465, 178, 1
1465, 114, 1
1465, 841, 1
1465, 1125, 1
1465, 553, 1
1465, 1252, 1
1465, 339, 1
1465, 271, 1
1252, 178, 1
1252, 114, 1
1252, 841, 1
1252, 1125, 1
1252, 553, 1
1252, 1465, 1
1252, 339, 1
1252, 271, 1
339, 178, 1
339, 114, 1
339, 841, 1
339, 1125, 1
339, 553, 1
339, 1465, 1
339, 1252, 1
339, 271, 1
271, 178, 1
271, 114, 1
271, 841, 1
271, 1125, 1
271, 553, 1
271, 1465, 1
271, 1252, 1
271, 339, 1
470, 503, 1
503, 470, 1
84, 1039, 1
84, 82, 1
1039, 84, 1
1039, 82, 1
82, 84, 1
82, 1039, 1
990, 501, 1
990, 500, 1
501, 990, 1
501, 500, 1
500, 990, 1
500, 501, 1
292, 708, 1
708, 292, 1
229, 720, 1
229, 1145, 1
720, 229, 1
720, 1145, 1
1145, 229, 1
1145, 720, 1
85, 1077, 1
1077, 85, 1
178, 470, -1
178, 503, -1
114, 470, -1
114, 503, -1
841, 470, -1
841, 503, -1
1125, 470, -1
1125, 503, -1
553, 470, -1
553, 503, -1
1465, 470, -1
1465, 503, -1
1252, 470, -1
1252, 503, -1
339, 470, -1
339, 503, -1
271, 470, -1
271, 503, -1
178, 84, -1
178, 1039, -1
178, 82, -1
114, 84, -1
114, 1039, -1
114, 82, -1
841, 84, -1
841, 1039, -1
841, 82, -1
1125, 84, -1
1125, 1039, -1
1125, 82, -1
553, 84, -1
553, 1039, -1
553, 82, -1
1465, 84, -1
1465, 1039, -1
1465, 82, -1
1252, 84, -1
1252, 1039, -1
1252, 82, -1
339, 84, -1
339, 1039, -1
339, 82, -1
271, 84, -1
271, 1039, -1
271, 82, -1
178, 990, -1
178, 501, -1
178, 500, -1
114, 990, -1
114, 501, -1
114, 500, -1
841, 990, -1
841, 501, -1
841, 500, -1
1125, 990, -1
1125, 501, -1
1125, 500, -1
553, 990, -1
553, 501, -1
553, 500, -1
1465, 990, -1
1465, 501, -1
1465, 500, -1
1252, 990, -1
1252, 501, -1
1252, 500, -1
339, 990, -1
339, 501, -1
339, 500, -1
271, 990, -1
271, 501, -1
271, 500, -1
178, 739, -1
114, 739, -1
841, 739, -1
1125, 739, -1
553, 739, -1
1465, 739, -1
1252, 739, -1
339, 739, -1
271, 739, -1
178, 292, -1
178, 708, -1
114, 292, -1
114, 708, -1
841, 292, -1
841, 708, -1
1125, 292, -1
1125, 708, -1
553, 292, -1
553, 708, -1
1465, 292, -1
1465, 708, -1
1252, 292, -1
1252, 708, -1
339, 292, -1
339, 708, -1
271, 292, -1
271, 708, -1
178, 229, -1
178, 720, -1
178, 1145, -1
114, 229, -1
114, 720, -1
114, 1145, -1
841, 229, -1
841, 720, -1
841, 1145, -1
1125, 229, -1
1125, 720, -1
1125, 1145, -1
553, 229, -1
553, 720, -1
553, 1145, -1
1465, 229, -1
1465, 720, -1
1465, 1145, -1
1252, 229, -1
1252, 720, -1
1252, 1145, -1
339, 229, -1
339, 720, -1
339, 1145, -1
271, 229, -1
271, 720, -1
271, 1145, -1
178, 85, -1
178, 1077, -1
114, 85, -1
114, 1077, -1
841, 85, -1
841, 1077, -1
1125, 85, -1
1125, 1077, -1
553, 85, -1
553, 1077, -1
1465, 85, -1
1465, 1077, -1
1252, 85, -1
1252, 1077, -1
339, 85, -1
339, 1077, -1
271, 85, -1
271, 1077, -1
470, 178, -1
470, 114, -1
470, 841, -1
470, 1125, -1
470, 553, -1
470, 1465, -1
470, 1252, -1
470, 339, -1
470, 271, -1
503, 178, -1
503, 114, -1
503, 841, -1
503, 1125, -1
503, 553, -1
503, 1465, -1
503, 1252, -1
503, 339, -1
503, 271, -1
470, 84, -1
470, 1039, -1
470, 82, -1
503, 84, -1
503, 1039, -1
503, 82, -1
470, 990, -1
470, 501, -1
470, 500, -1
503, 990, -1
503, 501, -1
503, 500, -1
470, 739, -1
503, 739, -1
470, 292, -1
470, 708, -1
503, 292, -1
503, 708, -1
470, 229, -1
470, 720, -1
470, 1145, -1
503, 229, -1
503, 720, -1
503, 1145, -1
470, 85, -1
470, 1077, -1
503, 85, -1
503, 1077, -1
84, 178, -1
84, 114, -1
84, 841, -1
84, 1125, -1
84, 553, -1
84, 1465, -1
84, 1252, -1
84, 339, -1
84, 271, -1
1039, 178, -1
1039, 114, -1
1039, 841, -1
1039, 1125, -1
1039, 553, -1
1039, 1465, -1
1039, 1252, -1
1039, 339, -1
1039, 271, -1
82, 178, -1
82, 114, -1
82, 841, -1
82, 1125, -1
82, 553, -1
82, 1465, -1
82, 1252, -1
82, 339, -1
82, 271, -1
84, 470, -1
84, 503, -1
1039, 470, -1
1039, 503, -1
82, 470, -1
82, 503, -1
84, 990, -1
84, 501, -1
84, 500, -1
1039, 990, -1
1039, 501, -1
1039, 500, -1
82, 990, -1
82, 501, -1
82, 500, -1
84, 739, -1
1039, 739, -1
82, 739, -1
84, 292, -1
84, 708, -1
1039, 292, -1
1039, 708, -1
82, 292, -1
82, 708, -1
84, 229, -1
84, 720, -1
84, 1145, -1
1039, 229, -1
1039, 720, -1
1039, 1145, -1
82, 229, -1
82, 720, -1
82, 1145, -1
84, 85, -1
84, 1077, -1
1039, 85, -1
1039, 1077, -1
82, 85, -1
82, 1077, -1
990, 178, -1
990, 114, -1
990, 841, -1
990, 1125, -1
990, 553, -1
990, 1465, -1
990, 1252, -1
990, 339, -1
990, 271, -1
501, 178, -1
501, 114, -1
501, 841, -1
501, 1125, -1
501, 553, -1
501, 1465, -1
501, 1252, -1
501, 339, -1
501, 271, -1
500, 178, -1
500, 114, -1
500, 841, -1
500, 1125, -1
500, 553, -1
500, 1465, -1
500, 1252, -1
500, 339, -1
500, 271, -1
990, 470, -1
990, 503, -1
501, 470, -1
501, 503, -1
500, 470, -1
500, 503, -1
990, 84, -1
990, 1039, -1
990, 82, -1
501, 84, -1
501, 1039, -1
501, 82, -1
500, 84, -1
500, 1039, -1
500, 82, -1
990, 739, -1
501, 739, -1
500, 739, -1
990, 292, -1
990, 708, -1
501, 292, -1
501, 708, -1
500, 292, -1
500, 708, -1
990, 229, -1
990, 720, -1
990, 1145, -1
501, 229, -1
501, 720, -1
501, 1145, -1
500, 229, -1
500, 720, -1
500, 1145, -1
990, 85, -1
990, 1077, -1
501, 85, -1
501, 1077, -1
500, 85, -1
500, 1077, -1
739, 178, -1
739, 114, -1
739, 841, -1
739, 1125, -1
739, 553, -1
739, 1465, -1
739, 1252, -1
739, 339, -1
739, 271, -1
739, 470, -1
739, 503, -1
739, 84, -1
739, 1039, -1
739, 82, -1
739, 990, -1
739, 501, -1
739, 500, -1
739, 292, -1
739, 708, -1
739, 229, -1
739, 720, -1
739, 1145, -1
739, 85, -1
739, 1077, -1
292, 178, -1
292, 114, -1
292, 841, -1
292, 1125, -1
292, 553, -1
292, 1465, -1
292, 1252, -1
292, 339, -1
292, 271, -1
708, 178, -1
708, 114, -1
708, 841, -1
708, 1125, -1
708, 553, -1
708, 1465, -1
708, 1252, -1
708, 339, -1
708, 271, -1
292, 470, -1
292, 503, -1
708, 470, -1
708, 503, -1
292, 84, -1
292, 1039, -1
292, 82, -1
708, 84, -1
708, 1039, -1
708, 82, -1
292, 990, -1
292, 501, -1
292, 500, -1
708, 990, -1
708, 501, -1
708, 500, -1
292, 739, -1
708, 739, -1
292, 229, -1
292, 720, -1
292, 1145, -1
708, 229, -1
708, 720, -1
708, 1145, -1
292, 85, -1
292, 1077, -1
708, 85, -1
708, 1077, -1
229, 178, -1
229, 114, -1
229, 841, -1
229, 1125, -1
229, 553, -1
229, 1465, -1
229, 1252, -1
229, 339, -1
229, 271, -1
720, 178, -1
720, 114, -1
720, 841, -1
720, 1125, -1
720, 553, -1
720, 1465, -1
720, 1252, -1
720, 339, -1
720, 271, -1
1145, 178, -1
1145, 114, -1
1145, 841, -1
1145, 1125, -1
1145, 553, -1
1145, 1465, -1
1145, 1252, -1
1145, 339, -1
1145, 271, -1
229, 470, -1
229, 503, -1
720, 470, -1
720, 503, -1
1145, 470, -1
1145, 503, -1
229, 84, -1
229, 1039, -1
229, 82, -1
720, 84, -1
720, 1039, -1
720, 82, -1
1145, 84, -1
1145, 1039, -1
1145, 82, -1
229, 990, -1
229, 501, -1
229, 500, -1
720, 990, -1
720, 501, -1
720, 500, -1
1145, 990, -1
1145, 501, -1
1145, 500, -1
229, 739, -1
720, 739, -1
1145, 739, -1
229, 292, -1
229, 708, -1
720, 292, -1
720, 708, -1
1145, 292, -1
1145, 708, -1
229, 85, -1
229, 1077, -1
720, 85, -1
720, 1077, -1
1145, 85, -1
1145, 1077, -1
85, 178, -1
85, 114, -1
85, 841, -1
85, 1125, -1
85, 553, -1
85, 1465, -1
85, 1252, -1
85, 339, -1
85, 271, -1
1077, 178, -1
1077, 114, -1
1077, 841, -1
1077, 1125, -1
1077, 553, -1
1077, 1465, -1
1077, 1252, -1
1077, 339, -1
1077, 271, -1
85, 470, -1
85, 503, -1
1077, 470, -1
1077, 503, -1
85, 84, -1
85, 1039, -1
85, 82, -1
1077, 84, -1
1077, 1039, -1
1077, 82, -1
85, 990, -1
85, 501, -1
85, 500, -1
1077, 990, -1
1077, 501, -1
1077, 500, -1
85, 739, -1
1077, 739, -1
85, 292, -1
85, 708, -1
1077, 292, -1
1077, 708, -1
85, 229, -1
85, 720, -1
85, 1145, -1
1077, 229, -1
1077, 720, -1
1077, 1145, -1

