860, 319, -1
860, 990, -1
860, 114, -1
860, 506, -1
319, 860, -1
319, 990, -1
319, 114, -1
319, 506, -1
990, 860, -1
990, 319, -1
990, 114, -1
990, 506, -1
114, 860, -1
114, 319, -1
114, 990, -1
114, 506, -1
506, 860, -1
506, 319, -1
506, 990, -1
506, 114, -1

114, 841, 1
841, 114, 1
860, 319, -1
860, 990, -1
860, 114, -1
860, 841, -1
860, 506, -1
860, 470, -1
319, 860, -1
319, 990, -1
319, 114, -1
319, 841, -1
319, 506, -1
319, 470, -1
990, 860, -1
990, 319, -1
990, 114, -1
990, 841, -1
990, 506, -1
990, 470, -1
114, 860, -1
841, 860, -1
114, 319, -1
841, 319, -1
114, 990, -1
841, 990, -1
114, 506, -1
841, 506, -1
114, 470, -1
841, 470, -1
506, 860, -1
506, 319, -1
506, 990, -1
506, 114, -1
506, 841, -1
506, 470, -1
470, 860, -1
470, 319, -1
470, 990, -1
470, 114, -1
470, 841, -1
470, 506, -1

114, 841, 1
114, 553, 1
841, 114, 1
841, 553, 1
553, 114, 1
553, 841, 1
860, 319, -1
860, 990, -1
860, 114, -1
860, 841, -1
860, 553, -1
860, 506, -1
860, 470, -1
860, 796, -1
319, 860, -1
319, 990, -1
319, 114, -1
319, 841, -1
319, 553, -1
319, 506, -1
319, 470, -1
319, 796, -1
990, 860, -1
990, 319, -1
990, 114, -1
990, 841, -1
990, 553, -1
990, 506, -1
990, 470, -1
990, 796, -1
114, 860, -1
841, 860, -1
553, 860, -1
114, 319, -1
841, 319, -1
553, 319, -1
114, 990, -1
841, 990, -1
553, 990, -1
114, 506, -1
841, 506, -1
553, 506, -1
114, 470, -1
841, 470, -1
553, 470, -1
114, 796, -1
841, 796, -1
553, 796, -1
506, 860, -1
506, 319, -1
506, 990, -1
506, 114, -1
506, 841, -1
506, 553, -1
506, 470, -1
506, 796, -1
470, 860, -1
470, 319, -1
470, 990, -1
470, 114, -1
470, 841, -1
470, 553, -1
470, 506, -1
470, 796, -1
796, 860, -1
796, 319, -1
796, 990, -1
796, 114, -1
796, 841, -1
796, 553, -1
796, 506, -1
796, 470, -1

319, 110, 1
110, 319, 1
990, 501, 1
501, 990, 1
114, 841, 1
114, 553, 1
114, 707, 1
841, 114, 1
841, 553, 1
841, 707, 1
553, 114, 1
553, 841, 1
553, 707, 1
707, 114, 1
707, 841, 1
707, 553, 1
860, 319, -1
860, 110, -1
860, 990, -1
860, 501, -1
860, 114, -1
860, 841, -1
860, 553, -1
860, 707, -1
860, 506, -1
860, 470, -1
860, 796, -1
319, 860, -1
110, 860, -1
319, 990, -1
319, 501, -1
110, 990, -1
110, 501, -1
319, 114, -1
319, 841, -1
319, 553, -1
319, 707, -1
110, 114, -1
110, 841, -1
110, 553, -1
110, 707, -1
319, 506, -1
110, 506, -1
319, 470, -1
110, 470, -1
319, 796, -1
110, 796, -1
990, 860, -1
501, 860, -1
990, 319, -1
990, 110, -1
501, 319, -1
501, 110, -1
990, 114, -1
990, 841, -1
990, 553, -1
990, 707, -1
501, 114, -1
501, 841, -1
501, 553, -1
501, 707, -1
990, 506, -1
501, 506, -1
990, 470, -1
501, 470, -1
990, 796, -1
501, 796, -1
114, 860, -1
841, 860, -1
553, 860, -1
707, 860, -1
114, 319, -1
114, 110, -1
841, 319, -1
841, 110, -1
553, 319, -1
553, 110, -1
707, 319, -1
707, 110, -1
114, 990, -1
114, 501, -1
841, 990, -1
841, 501, -1
553, 990, -1
553, 501, -1
707, 990, -1
707, 501, -1
114, 506, -1
841, 506, -1
553, 506, -1
707, 506, -1
114, 470, -1
841, 470, -1
553, 470, -1
707, 470, -1
114, 796, -1
841, 796, -1
553, 796, -1
707, 796, -1
506, 860, -1
506, 319, -1
506, 110, -1
506, 990, -1
506, 501, -1
506, 114, -1
506, 841, -1
506, 553, -1
506, 707, -1
506, 470, -1
506, 796, -1
470, 860, -1
470, 319, -1
470, 110, -1
470, 990, -1
470, 501, -1
470, 114, -1
470, 841, -1
470, 553, -1
470, 707, -1
470, 506, -1
470, 796, -1
796, 860, -1
796, 319, -1
796, 110, -1
796, 990, -1
796, 501, -1
796, 114, -1
796, 841, -1
796, 553, -1
796, 707, -1
796, 506, -1
796, 470, -1

319, 110, 1
110, 319, 1
990, 501, 1
990, 1000, 1
990, 500, 1
501, 990, 1
501, 1000, 1
501, 500, 1
1000, 990, 1
1000, 501, 1
1000, 500, 1
500, 990, 1
500, 501, 1
500, 1000, 1
114, 841, 1
114, 553, 1
114, 707, 1
114, 145, 1
841, 114, 1
841, 553, 1
841, 707, 1
841, 145, 1
553, 114, 1
553, 841, 1
553, 707, 1
553, 145, 1
707, 114, 1
707, 841, 1
707, 553, 1
707, 145, 1
145, 114, 1
145, 841, 1
145, 553, 1
145, 707, 1
860, 319, -1
860, 110, -1
860, 990, -1
860, 501, -1
860, 1000, -1
860, 500, -1
860, 114, -1
860, 841, -1
860, 553, -1
860, 707, -1
860, 145, -1
860, 506, -1
860, 470, -1
860, 796, -1
319, 860, -1
110, 860, -1
319, 990, -1
319, 501, -1
319, 1000, -1
319, 500, -1
110, 990, -1
110, 501, -1
110, 1000, -1
110, 500, -1
319, 114, -1
319, 841, -1
319, 553, -1
319, 707, -1
319, 145, -1
110, 114, -1
110, 841, -1
110, 553, -1
110, 707, -1
110, 145, -1
319, 506, -1
110, 506, -1
319, 470, -1
110, 470, -1
319, 796, -1
110, 796, -1
990, 860, -1
501, 860, -1
1000, 860, -1
500, 860, -1
990, 319, -1
990, 110, -1
501, 319, -1
501, 110, -1
1000, 319, -1
1000, 110, -1
500, 319, -1
500, 110, -1
990, 114, -1
990, 841, -1
990, 553, -1
990, 707, -1
990, 145, -1
501, 114, -1
501, 841, -1
501, 553, -1
501, 707, -1
501, 145, -1
1000, 114, -1
1000, 841, -1
1000, 553, -1
1000, 707, -1
1000, 145, -1
500, 114, -1
500, 841, -1
500, 553, -1
500, 707, -1
500, 145, -1
990, 506, -1
501, 506, -1
1000, 506, -1
500, 506, -1
990, 470, -1
501, 470, -1
1000, 470, -1
500, 470, -1
990, 796, -1
501, 796, -1
1000, 796, -1
500, 796, -1
114, 860, -1
841, 860, -1
553, 860, -1
707, 860, -1
145, 860, -1
114, 319, -1
114, 110, -1
841, 319, -1
841, 110, -1
553, 319, -1
553, 110, -1
707, 319, -1
707, 110, -1
145, 319, -1
145, 110, -1
114, 990, -1
114, 501, -1
114, 1000, -1
114, 500, -1
841, 990, -1
841, 501, -1
841, 1000, -1
841, 500, -1
553, 990, -1
553, 501, -1
553, 1000, -1
553, 500, -1
707, 990, -1
707, 501, -1
707, 1000, -1
707, 500, -1
145, 990, -1
145, 501, -1
145, 1000, -1
145, 500, -1
114, 506, -1
841, 506, -1
553, 506, -1
707, 506, -1
145, 506, -1
114, 470, -1
841, 470, -1
553, 470, -1
707, 470, -1
145, 470, -1
114, 796, -1
841, 796, -1
553, 796, -1
707, 796, -1
145, 796, -1
506, 860, -1
506, 319, -1
506, 110, -1
506, 990, -1
506, 501, -1
506, 1000, -1
506, 500, -1
506, 114, -1
506, 841, -1
506, 553, -1
506, 707, -1
506, 145, -1
506, 470, -1
506, 796, -1
470, 860, -1
470, 319, -1
470, 110, -1
470, 990, -1
470, 501, -1
470, 1000, -1
470, 500, -1
470, 114, -1
470, 841, -1
470, 553, -1
470, 707, -1
470, 145, -1
470, 506, -1
470, 796, -1
796, 860, -1
796, 319, -1
796, 110, -1
796, 990, -1
796, 501, -1
796, 1000, -1
796, 500, -1
796, 114, -1
796, 841, -1
796, 553, -1
796, 707, -1
796, 145, -1
796, 506, -1
796, 470, -1

860, 1039, 1
1039, 860, 1
319, 110, 1
110, 319, 1
990, 501, 1
990, 1000, 1
990, 500, 1
501, 990, 1
501, 1000, 1
501, 500, 1
1000, 990, 1
1000, 501, 1
1000, 500, 1
500, 990, 1
500, 501, 1
500, 1000, 1
114, 841, 1
114, 553, 1
114, 707, 1
114, 145, 1
114, 1109, 1
841, 114, 1
841, 553, 1
841, 707, 1
841, 145, 1
841, 1109, 1
553, 114, 1
553, 841, 1
553, 707, 1
553, 145, 1
553, 1109, 1
707, 114, 1
707, 841, 1
707, 553, 1
707, 145, 1
707, 1109, 1
145, 114, 1
145, 841, 1
145, 553, 1
145, 707, 1
145, 1109, 1
1109, 114, 1
1109, 841, 1
1109, 553, 1
1109, 707, 1
1109, 145, 1
860, 319, -1
860, 110, -1
1039, 319, -1
1039, 110, -1
860, 990, -1
860, 501, -1
860, 1000, -1
860, 500, -1
1039, 990, -1
1039, 501, -1
1039, 1000, -1
1039, 500, -1
860, 114, -1
860, 841, -1
860, 553, -1
860, 707, -1
860, 145, -1
860, 1109, -1
1039, 114, -1
1039, 841, -1
1039, 553, -1
1039, 707, -1
1039, 145, -1
1039, 1109, -1
860, 506, -1
1039, 506, -1
860, 470, -1
1039, 470, -1
860, 796, -1
1039, 796, -1
319, 860, -1
319, 1039, -1
110, 860, -1
110, 1039, -1
319, 990, -1
319, 501, -1
319, 1000, -1
319, 500, -1
110, 990, -1
110, 501, -1
110, 1000, -1
110, 500, -1
319, 114, -1
319, 841, -1
319, 553, -1
319, 707, -1
319, 145, -1
319, 1109, -1
110, 114, -1
110, 841, -1
110, 553, -1
110, 707, -1
110, 145, -1
110, 1109, -1
319, 506, -1
110, 506, -1
319, 470, -1
110, 470, -1
319, 796, -1
110, 796, -1
990, 860, -1
990, 1039, -1
501, 860, -1
501, 1039, -1
1000, 860, -1
1000, 1039, -1
500, 860, -1
500, 1039, -1
990, 319, -1
990, 110, -1
501, 319, -1
501, 110, -1
1000, 319, -1
1000, 110, -1
500, 319, -1
500, 110, -1
990, 114, -1
990, 841, -1
990, 553, -1
990, 707, -1
990, 145, -1
990, 1109, -1
501, 114, -1
501, 841, -1
501, 553, -1
501, 707, -1
501, 145, -1
501, 1109, -1
1000, 114, -1
1000, 841, -1
1000, 553, -1
1000, 707, -1
1000, 145, -1
1000, 1109, -1
500, 114, -1
500, 841, -1
500, 553, -1
500, 707, -1
500, 145, -1
500, 1109, -1
990, 506, -1
501, 506, -1
1000, 506, -1
500, 506, -1
990, 470, -1
501, 470, -1
1000, 470, -1
500, 470, -1
990, 796, -1
501, 796, -1
1000, 796, -1
500, 796, -1
114, 860, -1
114, 1039, -1
841, 860, -1
841, 1039, -1
553, 860, -1
553, 1039, -1
707, 860, -1
707, 1039, -1
145, 860, -1
145, 1039, -1
1109, 860, -1
1109, 1039, -1
114, 319, -1
114, 110, -1
841, 319, -1
841, 110, -1
553, 319, -1
553, 110, -1
707, 319, -1
707, 110, -1
145, 319, -1
145, 110, -1
1109, 319, -1
1109, 110, -1
114, 990, -1
114, 501, -1
114, 1000, -1
114, 500, -1
841, 990, -1
841, 501, -1
841, 1000, -1
841, 500, -1
553, 990, -1
553, 501, -1
553, 1000, -1
553, 500, -1
707, 990, -1
707, 501, -1
707, 1000, -1
707, 500, -1
145, 990, -1
145, 501, -1
145, 1000, -1
145, 500, -1
1109, 990, -1
1109, 501, -1
1109, 1000, -1
1109, 500, -1
114, 506, -1
841, 506, -1
553, 506, -1
707, 506, -1
145, 506, -1
1109, 506, -1
114, 470, -1
841, 470, -1
553, 470, -1
707, 470, -1
145, 470, -1
1109, 470, -1
114, 796, -1
841, 796, -1
553, 796, -1
707, 796, -1
145, 796, -1
1109, 796, -1
506, 860, -1
506, 1039, -1
506, 319, -1
506, 110, -1
506, 990, -1
506, 501, -1
506, 1000, -1
506, 500, -1
506, 114, -1
506, 841, -1
506, 553, -1
506, 707, -1
506, 145, -1
506, 1109, -1
506, 470, -1
506, 796, -1
470, 860, -1
470, 1039, -1
470, 319, -1
470, 110, -1
470, 990, -1
470, 501, -1
470, 1000, -1
470, 500, -1
470, 114, -1
470, 841, -1
470, 553, -1
470, 707, -1
470, 145, -1
470, 1109, -1
470, 506, -1
470, 796, -1
796, 860, -1
796, 1039, -1
796, 319, -1
796, 110, -1
796, 990, -1
796, 501, -1
796, 1000, -1
796, 500, -1
796, 114, -1
796, 841, -1
796, 553, -1
796, 707, -1
796, 145, -1
796, 1109, -1
796, 506, -1
796, 470, -1

860, 1039, 1
860, 1357, 1
1039, 860, 1
1039, 1357, 1
1357, 860, 1
1357, 1039, 1
319, 110, 1
110, 319, 1
990, 501, 1
990, 1000, 1
990, 500, 1
501, 990, 1
501, 1000, 1
501, 500, 1
1000, 990, 1
1000, 501, 1
1000, 500, 1
500, 990, 1
500, 501, 1
500, 1000, 1
114, 841, 1
114, 553, 1
114, 707, 1
114, 145, 1
114, 1109, 1
841, 114, 1
841, 553, 1
841, 707, 1
841, 145, 1
841, 1109, 1
553, 114, 1
553, 841, 1
553, 707, 1
553, 145, 1
553, 1109, 1
707, 114, 1
707, 841, 1
707, 553, 1
707, 145, 1
707, 1109, 1
145, 114, 1
145, 841, 1
145, 553, 1
145, 707, 1
145, 1109, 1
1109, 114, 1
1109, 841, 1
1109, 553, 1
1109, 707, 1
1109, 145, 1
860, 319, -1
860, 110, -1
1039, 319, -1
1039, 110, -1
1357, 319, -1
1357, 110, -1
860, 990, -1
860, 501, -1
860, 1000, -1
860, 500, -1
1039, 990, -1
1039, 501, -1
1039, 1000, -1
1039, 500, -1
1357, 990, -1
1357, 501, -1
1357, 1000, -1
1357, 500, -1
860, 114, -1
860, 841, -1
860, 553, -1
860, 707, -1
860, 145, -1
860, 1109, -1
1039, 114, -1
1039, 841, -1
1039, 553, -1
1039, 707, -1
1039, 145, -1
1039, 1109, -1
1357, 114, -1
1357, 841, -1
1357, 553, -1
1357, 707, -1
1357, 145, -1
1357, 1109, -1
860, 506, -1
1039, 506, -1
1357, 506, -1
860, 470, -1
1039, 470, -1
1357, 470, -1
860, 796, -1
1039, 796, -1
1357, 796, -1
860, 1184, -1
1039, 1184, -1
1357, 1184, -1
319, 860, -1
319, 1039, -1
319, 1357, -1
110, 860, -1
110, 1039, -1
110, 1357, -1
319, 990, -1
319, 501, -1
319, 1000, -1
319, 500, -1
110, 990, -1
110, 501, -1
110, 1000, -1
110, 500, -1
319, 114, -1
319, 841, -1
319, 553, -1
319, 707, -1
319, 145, -1
319, 1109, -1
110, 114, -1
110, 841, -1
110, 553, -1
110, 707, -1
110, 145, -1
110, 1109, -1
319, 506, -1
110, 506, -1
319, 470, -1
110, 470, -1
319, 796, -1
110, 796, -1
319, 1184, -1
110, 1184, -1
990, 860, -1
990, 1039, -1
990, 1357, -1
501, 860, -1
501, 1039, -1
501, 1357, -1
1000, 860, -1
1000, 1039, -1
1000, 1357, -1
500, 860, -1
500, 1039, -1
500, 1357, -1
990, 319, -1
990, 110, -1
501, 319, -1
501, 110, -1
1000, 319, -1
1000, 110, -1
500, 319, -1
500, 110, -1
990, 114, -1
990, 841, -1
990, 553, -1
990, 707, -1
990, 145, -1
990, 1109, -1
501, 114, -1
501, 841, -1
501, 553, -1
501, 707, -1
501, 145, -1
501, 1109, -1
1000, 114, -1
1000, 841, -1
1000, 553, -1
1000, 707, -1
1000, 145, -1
1000, 1109, -1
500, 114, -1
500, 841, -1
500, 553, -1
500, 707, -1
500, 145, -1
500, 1109, -1
990, 506, -1
501, 506, -1
1000, 506, -1
500, 506, -1
990, 470, -1
501, 470, -1
1000, 470, -1
500, 470, -1
990, 796, -1
501, 796, -1
1000, 796, -1
500, 796, -1
990, 1184, -1
501, 1184, -1
1000, 1184, -1
500, 1184, -1
114, 860, -1
114, 1039, -1
114, 1357, -1
841, 860, -1
841, 1039, -1
841, 1357, -1
553, 860, -1
553, 1039, -1
553, 1357, -1
707, 860, -1
707, 1039, -1
707, 1357, -1
145, 860, -1
145, 1039, -1
145, 1357, -1
1109, 860, -1
1109, 1039, -1
1109, 1357, -1
114, 319, -1
114, 110, -1
841, 319, -1
841, 110, -1
553, 319, -1
553, 110, -1
707, 319, -1
707, 110, -1
145, 319, -1
145, 110, -1
1109, 319, -1
1109, 110, -1
114, 990, -1
114, 501, -1
114, 1000, -1
114, 500, -1
841, 990, -1
841, 501, -1
841, 1000, -1
841, 500, -1
553, 990, -1
553, 501, -1
553, 1000, -1
553, 500, -1
707, 990, -1
707, 501, -1
707, 1000, -1
707, 500, -1
145, 990, -1
145, 501, -1
145, 1000, -1
145, 500, -1
1109, 990, -1
1109, 501, -1
1109, 1000, -1
1109, 500, -1
114, 506, -1
841, 506, -1
553, 506, -1
707, 506, -1
145, 506, -1
1109, 506, -1
114, 470, -1
841, 470, -1
553, 470, -1
707, 470, -1
145, 470, -1
1109, 470, -1
114, 796, -1
841, 796, -1
553, 796, -1
707, 796, -1
145, 796, -1
1109, 796, -1
114, 1184, -1
841, 1184, -1
553, 1184, -1
707, 1184, -1
145, 1184, -1
1109, 1184, -1
506, 860, -1
506, 1039, -1
506, 1357, -1
506, 319, -1
506, 110, -1
506, 990, -1
506, 501, -1
506, 1000, -1
506, 500, -1
506, 114, -1
506, 841, -1
506, 553, -1
506, 707, -1
506, 145, -1
506, 1109, -1
506, 470, -1
506, 796, -1
506, 1184, -1
470, 860, -1
470, 1039, -1
470, 1357, -1
470, 319, -1
470, 110, -1
470, 990, -1
470, 501, -1
470, 1000, -1
470, 500, -1
470, 114, -1
470, 841, -1
470, 553, -1
470, 707, -1
470, 145, -1
470, 1109, -1
470, 506, -1
470, 796, -1
470, 1184, -1
796, 860, -1
796, 1039, -1
796, 1357, -1
796, 319, -1
796, 110, -1
796, 990, -1
796, 501, -1
796, 1000, -1
796, 500, -1
796, 114, -1
796, 841, -1
796, 553, -1
796, 707, -1
796, 145, -1
796, 1109, -1
796, 506, -1
796, 470, -1
796, 1184, -1
1184, 860, -1
1184, 1039, -1
1184, 1357, -1
1184, 319, -1
1184, 110, -1
1184, 990, -1
1184, 501, -1
1184, 1000, -1
1184, 500, -1
1184, 114, -1
1184, 841, -1
1184, 553, -1
1184, 707, -1
1184, 145, -1
1184, 1109, -1
1184, 506, -1
1184, 470, -1
1184, 796, -1

860, 1039, 1
860, 1357, 1
1039, 860, 1
1039, 1357, 1
1357, 860, 1
1357, 1039, 1
319, 110, 1
110, 319, 1
990, 501, 1
990, 1000, 1
990, 500, 1
501, 990, 1
501, 1000, 1
501, 500, 1
1000, 990, 1
1000, 501, 1
1000, 500, 1
500, 990, 1
500, 501, 1
500, 1000, 1
114, 841, 1
114, 553, 1
114, 707, 1
114, 145, 1
114, 1109, 1
114, 1472, 1
114, 1125, 1
841, 114, 1
841, 553, 1
841, 707, 1
841, 145, 1
841, 1109, 1
841, 1472, 1
841, 1125, 1
553, 114, 1
553, 841, 1
553, 707, 1
553, 145, 1
553, 1109, 1
553, 1472, 1
553, 1125, 1
707, 114, 1
707, 841, 1
707, 553, 1
707, 145, 1
707, 1109, 1
707, 1472, 1
707, 1125, 1
145, 114, 1
145, 841, 1
145, 553, 1
145, 707, 1
145, 1109, 1
145, 1472, 1
145, 1125, 1
1109, 114, 1
1109, 841, 1
1109, 553, 1
1109, 707, 1
1109, 145, 1
1109, 1472, 1
1109, 1125, 1
1472, 114, 1
1472, 841, 1
1472, 553, 1
1472, 707, 1
1472, 145, 1
1472, 1109, 1
1472, 1125, 1
1125, 114, 1
1125, 841, 1
1125, 553, 1
1125, 707, 1
1125, 145, 1
1125, 1109, 1
1125, 1472, 1
860, 319, -1
860, 110, -1
1039, 319, -1
1039, 110, -1
1357, 319, -1
1357, 110, -1
860, 990, -1
860, 501, -1
860, 1000, -1
860, 500, -1
1039, 990, -1
1039, 501, -1
1039, 1000, -1
1039, 500, -1
1357, 990, -1
1357, 501, -1
1357, 1000, -1
1357, 500, -1
860, 114, -1
860, 841, -1
860, 553, -1
860, 707, -1
860, 145, -1
860, 1109, -1
860, 1472, -1
860, 1125, -1
1039, 114, -1
1039, 841, -1
1039, 553, -1
1039, 707, -1
1039, 145, -1
1039, 1109, -1
1039, 1472, -1
1039, 1125, -1
1357, 114, -1
1357, 841, -1
1357, 553, -1
1357, 707, -1
1357, 145, -1
1357, 1109, -1
1357, 1472, -1
1357, 1125, -1
860, 506, -1
1039, 506, -1
1357, 506, -1
860, 470, -1
1039, 470, -1
1357, 470, -1
860, 796, -1
1039, 796, -1
1357, 796, -1
860, 1184, -1
1039, 1184, -1
1357, 1184, -1
319, 860, -1
319, 1039, -1
319, 1357, -1
110, 860, -1
110, 1039, -1
110, 1357, -1
319, 990, -1
319, 501, -1
319, 1000, -1
319, 500, -1
110, 990, -1
110, 501, -1
110, 1000, -1
110, 500, -1
319, 114, -1
319, 841, -1
319, 553, -1
319, 707, -1
319, 145, -1
319, 1109, -1
319, 1472, -1
319, 1125, -1
110, 114, -1
110, 841, -1
110, 553, -1
110, 707, -1
110, 145, -1
110, 1109, -1
110, 1472, -1
110, 1125, -1
319, 506, -1
110, 506, -1
319, 470, -1
110, 470, -1
319, 796, -1
110, 796, -1
319, 1184, -1
110, 1184, -1
990, 860, -1
990, 1039, -1
990, 1357, -1
501, 860, -1
501, 1039, -1
501, 1357, -1
1000, 860, -1
1000, 1039, -1
1000, 1357, -1
500, 860, -1
500, 1039, -1
500, 1357, -1
990, 319, -1
990, 110, -1
501, 319, -1
501, 110, -1
1000, 319, -1
1000, 110, -1
500, 319, -1
500, 110, -1
990, 114, -1
990, 841, -1
990, 553, -1
990, 707, -1
990, 145, -1
990, 1109, -1
990, 1472, -1
990, 1125, -1
501, 114, -1
501, 841, -1
501, 553, -1
501, 707, -1
501, 145, -1
501, 1109, -1
501, 1472, -1
501, 1125, -1
1000, 114, -1
1000, 841, -1
1000, 553, -1
1000, 707, -1
1000, 145, -1
1000, 1109, -1
1000, 1472, -1
1000, 1125, -1
500, 114, -1
500, 841, -1
500, 553, -1
500, 707, -1
500, 145, -1
500, 1109, -1
500, 1472, -1
500, 1125, -1
990, 506, -1
501, 506, -1
1000, 506, -1
500, 506, -1
990, 470, -1
501, 470, -1
1000, 470, -1
500, 470, -1
990, 796, -1
501, 796, -1
1000, 796, -1
500, 796, -1
990, 1184, -1
501, 1184, -1
1000, 1184, -1
500, 1184, -1
114, 860, -1
114, 1039, -1
114, 1357, -1
841, 860, -1
841, 1039, -1
841, 1357, -1
553, 860, -1
553, 1039, -1
553, 1357, -1
707, 860, -1
707, 1039, -1
707, 1357, -1
145, 860, -1
145, 1039, -1
145, 1357, -1
1109, 860, -1
1109, 1039, -1
1109, 1357, -1
1472, 860, -1
1472, 1039, -1
1472, 1357, -1
1125, 860, -1
1125, 1039, -1
1125, 1357, -1
114, 319, -1
114, 110, -1
841, 319, -1
841, 110, -1
553, 319, -1
553, 110, -1
707, 319, -1
707, 110, -1
145, 319, -1
145, 110, -1
1109, 319, -1
1109, 110, -1
1472, 319, -1
1472, 110, -1
1125, 319, -1
1125, 110, -1
114, 990, -1
114, 501, -1
114, 1000, -1
114, 500, -1
841, 990, -1
841, 501, -1
841, 1000, -1
841, 500, -1
553, 990, -1
553, 501, -1
553, 1000, -1
553, 500, -1
707, 990, -1
707, 501, -1
707, 1000, -1
707, 500, -1
145, 990, -1
145, 501, -1
145, 1000, -1
145, 500, -1
1109, 990, -1
1109, 501, -1
1109, 1000, -1
1109, 500, -1
1472, 990, -1
1472, 501, -1
1472, 1000, -1
1472, 500, -1
1125, 990, -1
1125, 501, -1
1125, 1000, -1
1125, 500, -1
114, 506, -1
841, 506, -1
553, 506, -1
707, 506, -1
145, 506, -1
1109, 506, -1
1472, 506, -1
1125, 506, -1
114, 470, -1
841, 470, -1
553, 470, -1
707, 470, -1
145, 470, -1
1109, 470, -1
1472, 470, -1
1125, 470, -1
114, 796, -1
841, 796, -1
553, 796, -1
707, 796, -1
145, 796, -1
1109, 796, -1
1472, 796, -1
1125, 796, -1
114, 1184, -1
841, 1184, -1
553, 1184, -1
707, 1184, -1
145, 1184, -1
1109, 1184, -1
1472, 1184, -1
1125, 1184, -1
506, 860, -1
506, 1039, -1
506, 1357, -1
506, 319, -1
506, 110, -1
506, 990, -1
506, 501, -1
506, 1000, -1
506, 500, -1
506, 114, -1
506, 841, -1
506, 553, -1
506, 707, -1
506, 145, -1
506, 1109, -1
506, 1472, -1
506, 1125, -1
506, 470, -1
506, 796, -1
506, 1184, -1
470, 860, -1
470, 1039, -1
470, 1357, -1
470, 319, -1
470, 110, -1
470, 990, -1
470, 501, -1
470, 1000, -1
470, 500, -1
470, 114, -1
470, 841, -1
470, 553, -1
470, 707, -1
470, 145, -1
470, 1109, -1
470, 1472, -1
470, 1125, -1
470, 506, -1
470, 796, -1
470, 1184, -1
796, 860, -1
796, 1039, -1
796, 1357, -1
796, 319, -1
796, 110, -1
796, 990, -1
796, 501, -1
796, 1000, -1
796, 500, -1
796, 114, -1
796, 841, -1
796, 553, -1
796, 707, -1
796, 145, -1
796, 1109, -1
796, 1472, -1
796, 1125, -1
796, 506, -1
796, 470, -1
796, 1184, -1
1184, 860, -1
1184, 1039, -1
1184, 1357, -1
1184, 319, -1
1184, 110, -1
1184, 990, -1
1184, 501, -1
1184, 1000, -1
1184, 500, -1
1184, 114, -1
1184, 841, -1
1184, 553, -1
1184, 707, -1
1184, 145, -1
1184, 1109, -1
1184, 1472, -1
1184, 1125, -1
1184, 506, -1
1184, 470, -1
1184, 796, -1

860, 1039, 1
860, 1357, 1
1039, 860, 1
1039, 1357, 1
1357, 860, 1
1357, 1039, 1
319, 110, 1
110, 319, 1
990, 501, 1
990, 1000, 1
990, 500, 1
501, 990, 1
501, 1000, 1
501, 500, 1
1000, 990, 1
1000, 501, 1
1000, 500, 1
500, 990, 1
500, 501, 1
500, 1000, 1
114, 841, 1
114, 553, 1
114, 707, 1
114, 145, 1
114, 1109, 1
114, 1472, 1
114, 1125, 1
114, 695, 1
114, 1220, 1
841, 114, 1
841, 553, 1
841, 707, 1
841, 145, 1
841, 1109, 1
841, 1472, 1
841, 1125, 1
841, 695, 1
841, 1220, 1
553, 114, 1
553, 841, 1
553, 707, 1
553, 145, 1
553, 1109, 1
553, 1472, 1
553, 1125, 1
553, 695, 1
553, 1220, 1
707, 114, 1
707, 841, 1
707, 553, 1
707, 145, 1
707, 1109, 1
707, 1472, 1
707, 1125, 1
707, 695, 1
707, 1220, 1
145, 114, 1
145, 841, 1
145, 553, 1
145, 707, 1
145, 1109, 1
145, 1472, 1
145, 1125, 1
145, 695, 1
145, 1220, 1
1109, 114, 1
1109, 841, 1
1109, 553, 1
1109, 707, 1
1109, 145, 1
1109, 1472, 1
1109, 1125, 1
1109, 695, 1
1109, 1220, 1
1472, 114, 1
1472, 841, 1
1472, 553, 1
1472, 707, 1
1472, 145, 1
1472, 1109, 1
1472, 1125, 1
1472, 695, 1
1472, 1220, 1
1125, 114, 1
1125, 841, 1
1125, 553, 1
1125, 707, 1
1125, 145, 1
1125, 1109, 1
1125, 1472, 1
1125, 695, 1
1125, 1220, 1
695, 114, 1
695, 841, 1
695, 553, 1
695, 707, 1
695, 145, 1
695, 1109, 1
695, 1472, 1
695, 1125, 1
695, 1220, 1
1220, 114, 1
1220, 841, 1
1220, 553, 1
1220, 707, 1
1220, 145, 1
1220, 1109, 1
1220, 1472, 1
1220, 1125, 1
1220, 695, 1
860, 319, -1
860, 110, -1
1039, 319, -1
1039, 110, -1
1357, 319, -1
1357, 110, -1
860, 990, -1
860, 501, -1
860, 1000, -1
860, 500, -1
1039, 990, -1
1039, 501, -1
1039, 1000, -1
1039, 500, -1
1357, 990, -1
1357, 501, -1
1357, 1000, -1
1357, 500, -1
860, 114, -1
860, 841, -1
860, 553, -1
860, 707, -1
860, 145, -1
860, 1109, -1
860, 1472, -1
860, 1125, -1
860, 695, -1
860, 1220, -1
1039, 114, -1
1039, 841, -1
1039, 553, -1
1039, 707, -1
1039, 145, -1
1039, 1109, -1
1039, 1472, -1
1039, 1125, -1
1039, 695, -1
1039, 1220, -1
1357, 114, -1
1357, 841, -1
1357, 553, -1
1357, 707, -1
1357, 145, -1
1357, 1109, -1
1357, 1472, -1
1357, 1125, -1
1357, 695, -1
1357, 1220, -1
860, 506, -1
1039, 506, -1
1357, 506, -1
860, 470, -1
1039, 470, -1
1357, 470, -1
860, 796, -1
1039, 796, -1
1357, 796, -1
860, 1184, -1
1039, 1184, -1
1357, 1184, -1
319, 860, -1
319, 1039, -1
319, 1357, -1
110, 860, -1
110, 1039, -1
110, 1357, -1
319, 990, -1
319, 501, -1
319, 1000, -1
319, 500, -1
110, 990, -1
110, 501, -1
110, 1000, -1
110, 500, -1
319, 114, -1
319, 841, -1
319, 553, -1
319, 707, -1
319, 145, -1
319, 1109, -1
319, 1472, -1
319, 1125, -1
319, 695, -1
319, 1220, -1
110, 114, -1
110, 841, -1
110, 553, -1
110, 707, -1
110, 145, -1
110, 1109, -1
110, 1472, -1
110, 1125, -1
110, 695, -1
110, 1220, -1
319, 506, -1
110, 506, -1
319, 470, -1
110, 470, -1
319, 796, -1
110, 796, -1
319, 1184, -1
110, 1184, -1
990, 860, -1
990, 1039, -1
990, 1357, -1
501, 860, -1
501, 1039, -1
501, 1357, -1
1000, 860, -1
1000, 1039, -1
1000, 1357, -1
500, 860, -1
500, 1039, -1
500, 1357, -1
990, 319, -1
990, 110, -1
501, 319, -1
501, 110, -1
1000, 319, -1
1000, 110, -1
500, 319, -1
500, 110, -1
990, 114, -1
990, 841, -1
990, 553, -1
990, 707, -1
990, 145, -1
990, 1109, -1
990, 1472, -1
990, 1125, -1
990, 695, -1
990, 1220, -1
501, 114, -1
501, 841, -1
501, 553, -1
501, 707, -1
501, 145, -1
501, 1109, -1
501, 1472, -1
501, 1125, -1
501, 695, -1
501, 1220, -1
1000, 114, -1
1000, 841, -1
1000, 553, -1
1000, 707, -1
1000, 145, -1
1000, 1109, -1
1000, 1472, -1
1000, 1125, -1
1000, 695, -1
1000, 1220, -1
500, 114, -1
500, 841, -1
500, 553, -1
500, 707, -1
500, 145, -1
500, 1109, -1
500, 1472, -1
500, 1125, -1
500, 695, -1
500, 1220, -1
990, 506, -1
501, 506, -1
1000, 506, -1
500, 506, -1
990, 470, -1
501, 470, -1
1000, 470, -1
500, 470, -1
990, 796, -1
501, 796, -1
1000, 796, -1
500, 796, -1
990, 1184, -1
501, 1184, -1
1000, 1184, -1
500, 1184, -1
114, 860, -1
114, 1039, -1
114, 1357, -1
841, 860, -1
841, 1039, -1
841, 1357, -1
553, 860, -1
553, 1039, -1
553, 1357, -1
707, 860, -1
707, 1039, -1
707, 1357, -1
145, 860, -1
145, 1039, -1
145, 1357, -1
1109, 860, -1
1109, 1039, -1
1109, 1357, -1
1472, 860, -1
1472, 1039, -1
1472, 1357, -1
1125, 860, -1
1125, 1039, -1
1125, 1357, -1
695, 860, -1
695, 1039, -1
695, 1357, -1
1220, 860, -1
1220, 1039, -1
1220, 1357, -1
114, 319, -1
114, 110, -1
841, 319, -1
841, 110, -1
553, 319, -1
553, 110, -1
707, 319, -1
707, 110, -1
145, 319, -1
145, 110, -1
1109, 319, -1
1109, 110, -1
1472, 319, -1
1472, 110, -1
1125, 319, -1
1125, 110, -1
695, 319, -1
695, 110, -1
1220, 319, -1
1220, 110, -1
114, 990, -1
114, 501, -1
114, 1000, -1
114, 500, -1
841, 990, -1
841, 501, -1
841, 1000, -1
841, 500, -1
553, 990, -1
553, 501, -1
553, 1000, -1
553, 500, -1
707, 990, -1
707, 501, -1
707, 1000, -1
707, 500, -1
145, 990, -1
145, 501, -1
145, 1000, -1
145, 500, -1
1109, 990, -1
1109, 501, -1
1109, 1000, -1
1109, 500, -1
1472, 990, -1
1472, 501, -1
1472, 1000, -1
1472, 500, -1
1125, 990, -1
1125, 501, -1
1125, 1000, -1
1125, 500, -1
695, 990, -1
695, 501, -1
695, 1000, -1
695, 500, -1
1220, 990, -1
1220, 501, -1
1220, 1000, -1
1220, 500, -1
114, 506, -1
841, 506, -1
553, 506, -1
707, 506, -1
145, 506, -1
1109, 506, -1
1472, 506, -1
1125, 506, -1
695, 506, -1
1220, 506, -1
114, 470, -1
841, 470, -1
553, 470, -1
707, 470, -1
145, 470, -1
1109, 470, -1
1472, 470, -1
1125, 470, -1
695, 470, -1
1220, 470, -1
114, 796, -1
841, 796, -1
553, 796, -1
707, 796, -1
145, 796, -1
1109, 796, -1
1472, 796, -1
1125, 796, -1
695, 796, -1
1220, 796, -1
114, 1184, -1
841, 1184, -1
553, 1184, -1
707, 1184, -1
145, 1184, -1
1109, 1184, -1
1472, 1184, -1
1125, 1184, -1
695, 1184, -1
1220, 1184, -1
506, 860, -1
506, 1039, -1
506, 1357, -1
506, 319, -1
506, 110, -1
506, 990, -1
506, 501, -1
506, 1000, -1
506, 500, -1
506, 114, -1
506, 841, -1
506, 553, -1
506, 707, -1
506, 145, -1
506, 1109, -1
506, 1472, -1
506, 1125, -1
506, 695, -1
506, 1220, -1
506, 470, -1
506, 796, -1
506, 1184, -1
470, 860, -1
470, 1039, -1
470, 1357, -1
470, 319, -1
470, 110, -1
470, 990, -1
470, 501, -1
470, 1000, -1
470, 500, -1
470, 114, -1
470, 841, -1
470, 553, -1
470, 707, -1
470, 145, -1
470, 1109, -1
470, 1472, -1
470, 1125, -1
470, 695, -1
470, 1220, -1
470, 506, -1
470, 796, -1
470, 1184, -1
796, 860, -1
796, 1039, -1
796, 1357, -1
796, 319, -1
796, 110, -1
796, 990, -1
796, 501, -1
796, 1000, -1
796, 500, -1
796, 114, -1
796, 841, -1
796, 553, -1
796, 707, -1
796, 145, -1
796, 1109, -1
796, 1472, -1
796, 1125, -1
796, 695, -1
796, 1220, -1
796, 506, -1
796, 470, -1
796, 1184, -1
1184, 860, -1
1184, 1039, -1
1184, 1357, -1
1184, 319, -1
1184, 110, -1
1184, 990, -1
1184, 501, -1
1184, 1000, -1
1184, 500, -1
1184, 114, -1
1184, 841, -1
1184, 553, -1
1184, 707, -1
1184, 145, -1
1184, 1109, -1
1184, 1472, -1
1184, 1125, -1
1184, 695, -1
1184, 1220, -1
1184, 506, -1
1184, 470, -1
1184, 796, -1

860, 1039, 1
860, 1357, 1
1039, 860, 1
1039, 1357, 1
1357, 860, 1
1357, 1039, 1
319, 110, 1
110, 319, 1
990, 501, 1
990, 1000, 1
990, 500, 1
990, 963, 1
501, 990, 1
501, 1000, 1
501, 500, 1
501, 963, 1
1000, 990, 1
1000, 501, 1
1000, 500, 1
1000, 963, 1
500, 990, 1
500, 501, 1
500, 1000, 1
500, 963, 1
963, 990, 1
963, 501, 1
963, 1000, 1
963, 500, 1
114, 841, 1
114, 553, 1
114, 707, 1
114, 145, 1
114, 1109, 1
114, 1472, 1
114, 1125, 1
114, 695, 1
114, 1220, 1
841, 114, 1
841, 553, 1
841, 707, 1
841, 145, 1
841, 1109, 1
841, 1472, 1
841, 1125, 1
841, 695, 1
841, 1220, 1
553, 114, 1
553, 841, 1
553, 707, 1
553, 145, 1
553, 1109, 1
553, 1472, 1
553, 1125, 1
553, 695, 1
553, 1220, 1
707, 114, 1
707, 841, 1
707, 553, 1
707, 145, 1
707, 1109, 1
707, 1472, 1
707, 1125, 1
707, 695, 1
707, 1220, 1
145, 114, 1
145, 841, 1
145, 553, 1
145, 707, 1
145, 1109, 1
145, 1472, 1
145, 1125, 1
145, 695, 1
145, 1220, 1
1109, 114, 1
1109, 841, 1
1109, 553, 1
1109, 707, 1
1109, 145, 1
1109, 1472, 1
1109, 1125, 1
1109, 695, 1
1109, 1220, 1
1472, 114, 1
1472, 841, 1
1472, 553, 1
1472, 707, 1
1472, 145, 1
1472, 1109, 1
1472, 1125, 1
1472, 695, 1
1472, 1220, 1
1125, 114, 1
1125, 841, 1
1125, 553, 1
1125, 707, 1
1125, 145, 1
1125, 1109, 1
1125, 1472, 1
1125, 695, 1
1125, 1220, 1
695, 114, 1
695, 841, 1
695, 553, 1
695, 707, 1
695, 145, 1
695, 1109, 1
695, 1472, 1
695, 1125, 1
695, 1220, 1
1220, 114, 1
1220, 841, 1
1220, 553, 1
1220, 707, 1
1220, 145, 1
1220, 1109, 1
1220, 1472, 1
1220, 1125, 1
1220, 695, 1
796, 276, 1
276, 796, 1
860, 319, -1
860, 110, -1
1039, 319, -1
1039, 110, -1
1357, 319, -1
1357, 110, -1
860, 990, -1
860, 501, -1
860, 1000, -1
860, 500, -1
860, 963, -1
1039, 990, -1
1039, 501, -1
1039, 1000, -1
1039, 500, -1
1039, 963, -1
1357, 990, -1
1357, 501, -1
1357, 1000, -1
1357, 500, -1
1357, 963, -1
860, 114, -1
860, 841, -1
860, 553, -1
860, 707, -1
860, 145, -1
860, 1109, -1
860, 1472, -1
860, 1125, -1
860, 695, -1
860, 1220, -1
1039, 114, -1
1039, 841, -1
1039, 553, -1
1039, 707, -1
1039, 145, -1
1039, 1109, -1
1039, 1472, -1
1039, 1125, -1
1039, 695, -1
1039, 1220, -1
1357, 114, -1
1357, 841, -1
1357, 553, -1
1357, 707, -1
1357, 145, -1
1357, 1109, -1
1357, 1472, -1
1357, 1125, -1
1357, 695, -1
1357, 1220, -1
860, 506, -1
1039, 506, -1
1357, 506, -1
860, 470, -1
1039, 470, -1
1357, 470, -1
860, 796, -1
860, 276, -1
1039, 796, -1
1039, 276, -1
1357, 796, -1
1357, 276, -1
860, 1184, -1
1039, 1184, -1
1357, 1184, -1
319, 860, -1
319, 1039, -1
319, 1357, -1
110, 860, -1
110, 1039, -1
110, 1357, -1
319, 990, -1
319, 501, -1
319, 1000, -1
319, 500, -1
319, 963, -1
110, 990, -1
110, 501, -1
110, 1000, -1
110, 500, -1
110, 963, -1
319, 114, -1
319, 841, -1
319, 553, -1
319, 707, -1
319, 145, -1
319, 1109, -1
319, 1472, -1
319, 1125, -1
319, 695, -1
319, 1220, -1
110, 114, -1
110, 841, -1
110, 553, -1
110, 707, -1
110, 145, -1
110, 1109, -1
110, 1472, -1
110, 1125, -1
110, 695, -1
110, 1220, -1
319, 506, -1
110, 506, -1
319, 470, -1
110, 470, -1
319, 796, -1
319, 276, -1
110, 796, -1
110, 276, -1
319, 1184, -1
110, 1184, -1
990, 860, -1
990, 1039, -1
990, 1357, -1
501, 860, -1
501, 1039, -1
501, 1357, -1
1000, 860, -1
1000, 1039, -1
1000, 1357, -1
500, 860, -1
500, 1039, -1
500, 1357, -1
963, 860, -1
963, 1039, -1
963, 1357, -1
990, 319, -1
990, 110, -1
501, 319, -1
501, 110, -1
1000, 319, -1
1000, 110, -1
500, 319, -1
500, 110, -1
963, 319, -1
963, 110, -1
990, 114, -1
990, 841, -1
990, 553, -1
990, 707, -1
990, 145, -1
990, 1109, -1
990, 1472, -1
990, 1125, -1
990, 695, -1
990, 1220, -1
501, 114, -1
501, 841, -1
501, 553, -1
501, 707, -1
501, 145, -1
501, 1109, -1
501, 1472, -1
501, 1125, -1
501, 695, -1
501, 1220, -1
1000, 114, -1
1000, 841, -1
1000, 553, -1
1000, 707, -1
1000, 145, -1
1000, 1109, -1
1000, 1472, -1
1000, 1125, -1
1000, 695, -1
1000, 1220, -1
500, 114, -1
500, 841, -1
500, 553, -1
500, 707, -1
500, 145, -1
500, 1109, -1
500, 1472, -1
500, 1125, -1
500, 695, -1
500, 1220, -1
963, 114, -1
963, 841, -1
963, 553, -1
963, 707, -1
963, 145, -1
963, 1109, -1
963, 1472, -1
963, 1125, -1
963, 695, -1
963, 1220, -1
990, 506, -1
501, 506, -1
1000, 506, -1
500, 506, -1
963, 506, -1
990, 470, -1
501, 470, -1
1000, 470, -1
500, 470, -1
963, 470, -1
990, 796, -1
990, 276, -1
501, 796, -1
501, 276, -1
1000, 796, -1
1000, 276, -1
500, 796, -1
500, 276, -1
963, 796, -1
963, 276, -1
990, 1184, -1
501, 1184, -1
1000, 1184, -1
500, 1184, -1
963, 1184, -1
114, 860, -1
114, 1039, -1
114, 1357, -1
841, 860, -1
841, 1039, -1
841, 1357, -1
553, 860, -1
553, 1039, -1
553, 1357, -1
707, 860, -1
707, 1039, -1
707, 1357, -1
145, 860, -1
145, 1039, -1
145, 1357, -1
1109, 860, -1
1109, 1039, -1
1109, 1357, -1
1472, 860, -1
1472, 1039, -1
1472, 1357, -1
1125, 860, -1
1125, 1039, -1
1125, 1357, -1
695, 860, -1
695, 1039, -1
695, 1357, -1
1220, 860, -1
1220, 1039, -1
1220, 1357, -1
114, 319, -1
114, 110, -1
841, 319, -1
841, 110, -1
553, 319, -1
553, 110, -1
707, 319, -1
707, 110, -1
145, 319, -1
145, 110, -1
1109, 319, -1
1109, 110, -1
1472, 319, -1
1472, 110, -1
1125, 319, -1
1125, 110, -1
695, 319, -1
695, 110, -1
1220, 319, -1
1220, 110, -1
114, 990, -1
114, 501, -1
114, 1000, -1
114, 500, -1
114, 963, -1
841, 990, -1
841, 501, -1
841, 1000, -1
841, 500, -1
841, 963, -1
553, 990, -1
553, 501, -1
553, 1000, -1
553, 500, -1
553, 963, -1
707, 990, -1
707, 501, -1
707, 1000, -1
707, 500, -1
707, 963, -1
145, 990, -1
145, 501, -1
145, 1000, -1
145, 500, -1
145, 963, -1
1109, 990, -1
1109, 501, -1
1109, 1000, -1
1109, 500, -1
1109, 963, -1
1472, 990, -1
1472, 501, -1
1472, 1000, -1
1472, 500, -1
1472, 963, -1
1125, 990, -1
1125, 501, -1
1125, 1000, -1
1125, 500, -1
1125, 963, -1
695, 990, -1
695, 501, -1
695, 1000, -1
695, 500, -1
695, 963, -1
1220, 990, -1
1220, 501, -1
1220, 1000, -1
1220, 500, -1
1220, 963, -1
114, 506, -1
841, 506, -1
553, 506, -1
707, 506, -1
145, 506, -1
1109, 506, -1
1472, 506, -1
1125, 506, -1
695, 506, -1
1220, 506, -1
114, 470, -1
841, 470, -1
553, 470, -1
707, 470, -1
145, 470, -1
1109, 470, -1
1472, 470, -1
1125, 470, -1
695, 470, -1
1220, 470, -1
114, 796, -1
114, 276, -1
841, 796, -1
841, 276, -1
553, 796, -1
553, 276, -1
707, 796, -1
707, 276, -1
145, 796, -1
145, 276, -1
1109, 796, -1
1109, 276, -1
1472, 796, -1
1472, 276, -1
1125, 796, -1
1125, 276, -1
695, 796, -1
695, 276, -1
1220, 796, -1
1220, 276, -1
114, 1184, -1
841, 1184, -1
553, 1184, -1
707, 1184, -1
145, 1184, -1
1109, 1184, -1
1472, 1184, -1
1125, 1184, -1
695, 1184, -1
1220, 1184, -1
506, 860, -1
506, 1039, -1
506, 1357, -1
506, 319, -1
506, 110, -1
506, 990, -1
506, 501, -1
506, 1000, -1
506, 500, -1
506, 963, -1
506, 114, -1
506, 841, -1
506, 553, -1
506, 707, -1
506, 145, -1
506, 1109, -1
506, 1472, -1
506, 1125, -1
506, 695, -1
506, 1220, -1
506, 470, -1
506, 796, -1
506, 276, -1
506, 1184, -1
470, 860, -1
470, 1039, -1
470, 1357, -1
470, 319, -1
470, 110, -1
470, 990, -1
470, 501, -1
470, 1000, -1
470, 500, -1
470, 963, -1
470, 114, -1
470, 841, -1
470, 553, -1
470, 707, -1
470, 145, -1
470, 1109, -1
470, 1472, -1
470, 1125, -1
470, 695, -1
470, 1220, -1
470, 506, -1
470, 796, -1
470, 276, -1
470, 1184, -1
796, 860, -1
796, 1039, -1
796, 1357, -1
276, 860, -1
276, 1039, -1
276, 1357, -1
796, 319, -1
796, 110, -1
276, 319, -1
276, 110, -1
796, 990, -1
796, 501, -1
796, 1000, -1
796, 500, -1
796, 963, -1
276, 990, -1
276, 501, -1
276, 1000, -1
276, 500, -1
276, 963, -1
796, 114, -1
796, 841, -1
796, 553, -1
796, 707, -1
796, 145, -1
796, 1109, -1
796, 1472, -1
796, 1125, -1
796, 695, -1
796, 1220, -1
276, 114, -1
276, 841, -1
276, 553, -1
276, 707, -1
276, 145, -1
276, 1109, -1
276, 1472, -1
276, 1125, -1
276, 695, -1
276, 1220, -1
796, 506, -1
276, 506, -1
796, 470, -1
276, 470, -1
796, 1184, -1
276, 1184, -1
1184, 860, -1
1184, 1039, -1
1184, 1357, -1
1184, 319, -1
1184, 110, -1
1184, 990, -1
1184, 501, -1
1184, 1000, -1
1184, 500, -1
1184, 963, -1
1184, 114, -1
1184, 841, -1
1184, 553, -1
1184, 707, -1
1184, 145, -1
1184, 1109, -1
1184, 1472, -1
1184, 1125, -1
1184, 695, -1
1184, 1220, -1
1184, 506, -1
1184, 470, -1
1184, 796, -1
1184, 276, -1

