707, 553, 1
553, 707, 1
265, 720, -1
265, 990, -1
265, 707, -1
265, 553, -1
720, 265, -1
720, 990, -1
720, 707, -1
720, 553, -1
990, 265, -1
990, 720, -1
990, 707, -1
990, 553, -1
707, 265, -1
553, 265, -1
707, 720, -1
553, 720, -1
707, 990, -1
553, 990, -1

707, 553, 1
707, 114, 1
553, 707, 1
553, 114, 1
114, 707, 1
114, 553, 1
265, 720, -1
265, 990, -1
265, 707, -1
265, 553, -1
265, 114, -1
265, 531, -1
720, 265, -1
720, 990, -1
720, 707, -1
720, 553, -1
720, 114, -1
720, 531, -1
990, 265, -1
990, 720, -1
990, 707, -1
990, 553, -1
990, 114, -1
990, 531, -1
707, 265, -1
553, 265, -1
114, 265, -1
707, 720, -1
553, 720, -1
114, 720, -1
707, 990, -1
553, 990, -1
114, 990, -1
707, 531, -1
553, 531, -1
114, 531, -1
531, 265, -1
531, 720, -1
531, 990, -1
531, 707, -1
531, 553, -1
531, 114, -1

707, 553, 1
707, 114, 1
707, 841, 1
553, 707, 1
553, 114, 1
553, 841, 1
114, 707, 1
114, 553, 1
114, 841, 1
841, 707, 1
841, 553, 1
841, 114, 1
265, 720, -1
265, 990, -1
265, 707, -1
265, 553, -1
265, 114, -1
265, 841, -1
265, 531, -1
265, 1356, -1
720, 265, -1
720, 990, -1
720, 707, -1
720, 553, -1
720, 114, -1
720, 841, -1
720, 531, -1
720, 1356, -1
990, 265, -1
990, 720, -1
990, 707, -1
990, 553, -1
990, 114, -1
990, 841, -1
990, 531, -1
990, 1356, -1
707, 265, -1
553, 265, -1
114, 265, -1
841, 265, -1
707, 720, -1
553, 720, -1
114, 720, -1
841, 720, -1
707, 990, -1
553, 990, -1
114, 990, -1
841, 990, -1
707, 531, -1
553, 531, -1
114, 531, -1
841, 531, -1
707, 1356, -1
553, 1356, -1
114, 1356, -1
841, 1356, -1
531, 265, -1
531, 720, -1
531, 990, -1
531, 707, -1
531, 553, -1
531, 114, -1
531, 841, -1
531, 1356, -1
1356, 265, -1
1356, 720, -1
1356, 990, -1
1356, 707, -1
1356, 553, -1
1356, 114, -1
1356, 841, -1
1356, 531, -1

707, 553, 1
707, 114, 1
707, 841, 1
553, 707, 1
553, 114, 1
553, 841, 1
114, 707, 1
114, 553, 1
114, 841, 1
841, 707, 1
841, 553, 1
841, 114, 1
265, 720, -1
265, 990, -1
265, 707, -1
265, 553, -1
265, 114, -1
265, 841, -1
265, 531, -1
265, 1356, -1
265, 254, -1
720, 265, -1
720, 990, -1
720, 707, -1
720, 553, -1
720, 114, -1
720, 841, -1
720, 531, -1
720, 1356, -1
720, 254, -1
990, 265, -1
990, 720, -1
990, 707, -1
990, 553, -1
990, 114, -1
990, 841, -1
990, 531, -1
990, 1356, -1
990, 254, -1
707, 265, -1
553, 265, -1
114, 265, -1
841, 265, -1
707, 720, -1
553, 720, -1
114, 720, -1
841, 720, -1
707, 990, -1
553, 990, -1
114, 990, -1
841, 990, -1
707, 531, -1
553, 531, -1
114, 531, -1
841, 531, -1
707, 1356, -1
553, 1356, -1
114, 1356, -1
841, 1356, -1
707, 254, -1
553, 254, -1
114, 254, -1
841, 254, -1
531, 265, -1
531, 720, -1
531, 990, -1
531, 707, -1
531, 553, -1
531, 114, -1
531, 841, -1
531, 1356, -1
531, 254, -1
1356, 265, -1
1356, 720, -1
1356, 990, -1
1356, 707, -1
1356, 553, -1
1356, 114, -1
1356, 841, -1
1356, 531, -1
1356, 254, -1
254, 265, -1
254, 720, -1
254, 990, -1
254, 707, -1
254, 553, -1
254, 114, -1
254, 841, -1
254, 531, -1
254, 1356, -1

990, 500, 1
500, 990, 1
707, 553, 1
707, 114, 1
707, 841, 1
553, 707, 1
553, 114, 1
553, 841, 1
114, 707, 1
114, 553, 1
114, 841, 1
841, 707, 1
841, 553, 1
841, 114, 1
1356, 470, 1
470, 1356, 1
265, 720, -1
265, 990, -1
265, 500, -1
265, 707, -1
265, 553, -1
265, 114, -1
265, 841, -1
265, 531, -1
265, 1356, -1
265, 470, -1
265, 254, -1
720, 265, -1
720, 990, -1
720, 500, -1
720, 707, -1
720, 553, -1
720, 114, -1
720, 841, -1
720, 531, -1
720, 1356, -1
720, 470, -1
720, 254, -1
990, 265, -1
500, 265, -1
990, 720, -1
500, 720, -1
990, 707, -1
990, 553, -1
990, 114, -1
990, 841, -1
500, 707, -1
500, 553, -1
500, 114, -1
500, 841, -1
990, 531, -1
500, 531, -1
990, 1356, -1
990, 470, -1
500, 1356, -1
500, 470, -1
990, 254, -1
500, 254, -1
707, 265, -1
553, 265, -1
114, 265, -1
841, 265, -1
707, 720, -1
553, 720, -1
114, 720, -1
841, 720, -1
707, 990, -1
707, 500, -1
553, 990, -1
553, 500, -1
114, 990, -1
114, 500, -1
841, 990, -1
841, 500, -1
707, 531, -1
553, 531, -1
114, 531, -1
841, 531, -1
707, 1356, -1
707, 470, -1
553, 1356, -1
553, 470, -1
114, 1356, -1
114, 470, -1
841, 1356, -1
841, 470, -1
707, 254, -1
553, 254, -1
114, 254, -1
841, 254, -1
531, 265, -1
531, 720, -1
531, 990, -1
531, 500, -1
531, 707, -1
531, 553, -1
531, 114, -1
531, 841, -1
531, 1356, -1
531, 470, -1
531, 254, -1
1356, 265, -1
470, 265, -1
1356, 720, -1
470, 720, -1
1356, 990, -1
1356, 500, -1
470, 990, -1
470, 500, -1
1356, 707, -1
1356, 553, -1
1356, 114, -1
1356, 841, -1
470, 707, -1
470, 553, -1
470, 114, -1
470, 841, -1
1356, 531, -1
470, 531, -1
1356, 254, -1
470, 254, -1
254, 265, -1
254, 720, -1
254, 990, -1
254, 500, -1
254, 707, -1
254, 553, -1
254, 114, -1
254, 841, -1
254, 531, -1
254, 1356, -1
254, 470, -1

990, 500, 1
500, 990, 1
707, 553, 1
707, 114, 1
707, 841, 1
553, 707, 1
553, 114, 1
553, 841, 1
114, 707, 1
114, 553, 1
114, 841, 1
841, 707, 1
841, 553, 1
841, 114, 1
1356, 470, 1
470, 1356, 1
265, 720, -1
265, 990, -1
265, 500, -1
265, 707, -1
265, 553, -1
265, 114, -1
265, 841, -1
265, 531, -1
265, 1356, -1
265, 470, -1
265, 254, -1
265, 506, -1
720, 265, -1
720, 990, -1
720, 500, -1
720, 707, -1
720, 553, -1
720, 114, -1
720, 841, -1
720, 531, -1
720, 1356, -1
720, 470, -1
720, 254, -1
720, 506, -1
990, 265, -1
500, 265, -1
990, 720, -1
500, 720, -1
990, 707, -1
990, 553, -1
990, 114, -1
990, 841, -1
500, 707, -1
500, 553, -1
500, 114, -1
500, 841, -1
990, 531, -1
500, 531, -1
990, 1356, -1
990, 470, -1
500, 1356, -1
500, 470, -1
990, 254, -1
500, 254, -1
990, 506, -1
500, 506, -1
707, 265, -1
553, 265, -1
114, 265, -1
841, 265, -1
707, 720, -1
553, 720, -1
114, 720, -1
841, 720, -1
707, 990, -1
707, 500, -1
553, 990, -1
553, 500, -1
114, 990, -1
114, 500, -1
841, 990, -1
841, 500, -1
707, 531, -1
553, 531, -1
114, 531, -1
841, 531, -1
707, 1356, -1
707, 470, -1
553, 1356, -1
553, 470, -1
114, 1356, -1
114, 470, -1
841, 1356, -1
841, 470, -1
707, 254, -1
553, 254, -1
114, 254, -1
841, 254, -1
707, 506, -1
553, 506, -1
114, 506, -1
841, 506, -1
531, 265, -1
531, 720, -1
531, 990, -1
531, 500, -1
531, 707, -1
531, 553, -1
531, 114, -1
531, 841, -1
531, 1356, -1
531, 470, -1
531, 254, -1
531, 506, -1
1356, 265, -1
470, 265, -1
1356, 720, -1
470, 720, -1
1356, 990, -1
1356, 500, -1
470, 990, -1
470, 500, -1
1356, 707, -1
1356, 553, -1
1356, 114, -1
1356, 841, -1
470, 707, -1
470, 553, -1
470, 114, -1
470, 841, -1
1356, 531, -1
470, 531, -1
1356, 254, -1
470, 254, -1
1356, 506, -1
470, 506, -1
254, 265, -1
254, 720, -1
254, 990, -1
254, 500, -1
254, 707, -1
254, 553, -1
254, 114, -1
254, 841, -1
254, 531, -1
254, 1356, -1
254, 470, -1
254, 506, -1
506, 265, -1
506, 720, -1
506, 990, -1
506, 500, -1
506, 707, -1
506, 553, -1
506, 114, -1
506, 841, -1
506, 531, -1
506, 1356, -1
506, 470, -1
506, 254, -1

265, 84, 1
84, 265, 1
990, 500, 1
500, 990, 1
707, 553, 1
707, 114, 1
707, 841, 1
707, 1452, 1
553, 707, 1
553, 114, 1
553, 841, 1
553, 1452, 1
114, 707, 1
114, 553, 1
114, 841, 1
114, 1452, 1
841, 707, 1
841, 553, 1
841, 114, 1
841, 1452, 1
1452, 707, 1
1452, 553, 1
1452, 114, 1
1452, 841, 1
1356, 470, 1
470, 1356, 1
265, 720, -1
84, 720, -1
265, 990, -1
265, 500, -1
84, 990, -1
84, 500, -1
265, 707, -1
265, 553, -1
265, 114, -1
265, 841, -1
265, 1452, -1
84, 707, -1
84, 553, -1
84, 114, -1
84, 841, -1
84, 1452, -1
265, 531, -1
84, 531, -1
265, 1356, -1
265, 470, -1
84, 1356, -1
84, 470, -1
265, 254, -1
84, 254, -1
265, 506, -1
84, 506, -1
720, 265, -1
720, 84, -1
720, 990, -1
720, 500, -1
720, 707, -1
720, 553, -1
720, 114, -1
720, 841, -1
720, 1452, -1
720, 531, -1
720, 1356, -1
720, 470, -1
720, 254, -1
720, 506, -1
990, 265, -1
990, 84, -1
500, 265, -1
500, 84, -1
990, 720, -1
500, 720, -1
990, 707, -1
990, 553, -1
990, 114, -1
990, 841, -1
990, 1452, -1
500, 707, -1
500, 553, -1
500, 114, -1
500, 841, -1
500, 1452, -1
990, 531, -1
500, 531, -1
990, 1356, -1
990, 470, -1
500, 1356, -1
500, 470, -1
990, 254, -1
500, 254, -1
990, 506, -1
500, 506, -1
707, 265, -1
707, 84, -1
553, 265, -1
553, 84, -1
114, 265, -1
114, 84, -1
841, 265, -1
841, 84, -1
1452, 265, -1
1452, 84, -1
707, 720, -1
553, 720, -1
114, 720, -1
841, 720, -1
1452, 720, -1
707, 990, -1
707, 500, -1
553, 990, -1
553, 500, -1
114, 990, -1
114, 500, -1
841, 990, -1
841, 500, -1
1452, 990, -1
1452, 500, -1
707, 531, -1
553, 531, -1
114, 531, -1
841, 531, -1
1452, 531, -1
707, 1356, -1
707, 470, -1
553, 1356, -1
553, 470, -1
114, 1356, -1
114, 470, -1
841, 1356, -1
841, 470, -1
1452, 1356, -1
1452, 470, -1
707, 254, -1
553, 254, -1
114, 254, -1
841, 254, -1
1452, 254, -1
707, 506, -1
553, 506, -1
114, 506, -1
841, 506, -1
1452, 506, -1
531, 265, -1
531, 84, -1
531, 720, -1
531, 990, -1
531, 500, -1
531, 707, -1
531, 553, -1
531, 114, -1
531, 841, -1
531, 1452, -1
531, 1356, -1
531, 470, -1
531, 254, -1
531, 506, -1
1356, 265, -1
1356, 84, -1
470, 265, -1
470, 84, -1
1356, 720, -1
470, 720, -1
1356, 990, -1
1356, 500, -1
470, 990, -1
470, 500, -1
1356, 707, -1
1356, 553, -1
1356, 114, -1
1356, 841, -1
1356, 1452, -1
470, 707, -1
470, 553, -1
470, 114, -1
470, 841, -1
470, 1452, -1
1356, 531, -1
470, 531, -1
1356, 254, -1
470, 254, -1
1356, 506, -1
470, 506, -1
254, 265, -1
254, 84, -1
254, 720, -1
254, 990, -1
254, 500, -1
254, 707, -1
254, 553, -1
254, 114, -1
254, 841, -1
254, 1452, -1
254, 531, -1
254, 1356, -1
254, 470, -1
254, 506, -1
506, 265, -1
506, 84, -1
506, 720, -1
506, 990, -1
506, 500, -1
506, 707, -1
506, 553, -1
506, 114, -1
506, 841, -1
506, 1452, -1
506, 531, -1
506, 1356, -1
506, 470, -1
506, 254, -1

265, 84, 1
84, 265, 1
990, 500, 1
500, 990, 1
707, 553, 1
707, 114, 1
707, 841, 1
707, 1452, 1
553, 707, 1
553, 114, 1
553, 841, 1
553, 1452, 1
114, 707, 1
114, 553, 1
114, 841, 1
114, 1452, 1
841, 707, 1
841, 553, 1
841, 114, 1
841, 1452, 1
1452, 707, 1
1452, 553, 1
1452, 114, 1
1452, 841, 1
1356, 470, 1
470, 1356, 1
265, 720, -1
84, 720, -1
265, 990, -1
265, 500, -1
84, 990, -1
84, 500, -1
265, 707, -1
265, 553, -1
265, 114, -1
265, 841, -1
265, 1452, -1
84, 707, -1
84, 553, -1
84, 114, -1
84, 841, -1
84, 1452, -1
265, 531, -1
84, 531, -1
265, 1356, -1
265, 470, -1
84, 1356, -1
84, 470, -1
265, 254, -1
84, 254, -1
265, 506, -1
84, 506, -1
265, 538, -1
84, 538, -1
720, 265, -1
720, 84, -1
720, 990, -1
720, 500, -1
720, 707, -1
720, 553, -1
720, 114, -1
720, 841, -1
720, 1452, -1
720, 531, -1
720, 1356, -1
720, 470, -1
720, 254, -1
720, 506, -1
720, 538, -1
990, 265, -1
990, 84, -1
500, 265, -1
500, 84, -1
990, 720, -1
500, 720, -1
990, 707, -1
990, 553, -1
990, 114, -1
990, 841, -1
990, 1452, -1
500, 707, -1
500, 553, -1
500, 114, -1
500, 841, -1
500, 1452, -1
990, 531, -1
500, 531, -1
990, 1356, -1
990, 470, -1
500, 1356, -1
500, 470, -1
990, 254, -1
500, 254, -1
990, 506, -1
500, 506, -1
990, 538, -1
500, 538, -1
707, 265, -1
707, 84, -1
553, 265, -1
553, 84, -1
114, 265, -1
114, 84, -1
841, 265, -1
841, 84, -1
1452, 265, -1
1452, 84, -1
707, 720, -1
553, 720, -1
114, 720, -1
841, 720, -1
1452, 720, -1
707, 990, -1
707, 500, -1
553, 990, -1
553, 500, -1
114, 990, -1
114, 500, -1
841, 990, -1
841, 500, -1
1452, 990, -1
1452, 500, -1
707, 531, -1
553, 531, -1
114, 531, -1
841, 531, -1
1452, 531, -1
707, 1356, -1
707, 470, -1
553, 1356, -1
553, 470, -1
114, 1356, -1
114, 470, -1
841, 1356, -1
841, 470, -1
1452, 1356, -1
1452, 470, -1
707, 254, -1
553, 254, -1
114, 254, -1
841, 254, -1
1452, 254, -1
707, 506, -1
553, 506, -1
114, 506, -1
841, 506, -1
1452, 506, -1
707, 538, -1
553, 538, -1
114, 538, -1
841, 538, -1
1452, 538, -1
531, 265, -1
531, 84, -1
531, 720, -1
531, 990, -1
531, 500, -1
531, 707, -1
531, 553, -1
531, 114, -1
531, 841, -1
531, 1452, -1
531, 1356, -1
531, 470, -1
531, 254, -1
531, 506, -1
531, 538, -1
1356, 265, -1
1356, 84, -1
470, 265, -1
470, 84, -1
1356, 720, -1
470, 720, -1
1356, 990, -1
1356, 500, -1
470, 990, -1
470, 500, -1
1356, 707, -1
1356, 553, -1
1356, 114, -1
1356, 841, -1
1356, 1452, -1
470, 707, -1
470, 553, -1
470, 114, -1
470, 841, -1
470, 1452, -1
1356, 531, -1
470, 531, -1
1356, 254, -1
470, 254, -1
1356, 506, -1
470, 506, -1
1356, 538, -1
470, 538, -1
254, 265, -1
254, 84, -1
254, 720, -1
254, 990, -1
254, 500, -1
254, 707, -1
254, 553, -1
254, 114, -1
254, 841, -1
254, 1452, -1
254, 531, -1
254, 1356, -1
254, 470, -1
254, 506, -1
254, 538, -1
506, 265, -1
506, 84, -1
506, 720, -1
506, 990, -1
506, 500, -1
506, 707, -1
506, 553, -1
506, 114, -1
506, 841, -1
506, 1452, -1
506, 531, -1
506, 1356, -1
506, 470, -1
506, 254, -1
506, 538, -1
538, 265, -1
538, 84, -1
538, 720, -1
538, 990, -1
538, 500, -1
538, 707, -1
538, 553, -1
538, 114, -1
538, 841, -1
538, 1452, -1
538, 531, -1
538, 1356, -1
538, 470, -1
538, 254, -1
538, 506, -1

265, 84, 1
265, 1039, 1
265, 616, 1
84, 265, 1
84, 1039, 1
84, 616, 1
1039, 265, 1
1039, 84, 1
1039, 616, 1
616, 265, 1
616, 84, 1
616, 1039, 1
720, 110, 1
720, 1145, 1
110, 720, 1
110, 1145, 1
1145, 720, 1
1145, 110, 1
990, 500, 1
500, 990, 1
707, 553, 1
707, 114, 1
707, 841, 1
707, 1452, 1
707, 684, 1
553, 707, 1
553, 114, 1
553, 841, 1
553, 1452, 1
553, 684, 1
114, 707, 1
114, 553, 1
114, 841, 1
114, 1452, 1
114, 684, 1
841, 707, 1
841, 553, 1
841, 114, 1
841, 1452, 1
841, 684, 1
1452, 707, 1
1452, 553, 1
1452, 114, 1
1452, 841, 1
1452, 684, 1
684, 707, 1
684, 553, 1
684, 114, 1
684, 841, 1
684, 1452, 1
1356, 470, 1
470, 1356, 1
265, 720, -1
265, 110, -1
265, 1145, -1
84, 720, -1
84, 110, -1
84, 1145, -1
1039, 720, -1
1039, 110, -1
1039, 1145, -1
616, 720, -1
616, 110, -1
616, 1145, -1
265, 990, -1
265, 500, -1
84, 990, -1
84, 500, -1
1039, 990, -1
1039, 500, -1
616, 990, -1
616, 500, -1
265, 707, -1
265, 553, -1
265, 114, -1
265, 841, -1
265, 1452, -1
265, 684, -1
84, 707, -1
84, 553, -1
84, 114, -1
84, 841, -1
84, 1452, -1
84, 684, -1
1039, 707, -1
1039, 553, -1
1039, 114, -1
1039, 841, -1
1039, 1452, -1
1039, 684, -1
616, 707, -1
616, 553, -1
616, 114, -1
616, 841, -1
616, 1452, -1
616, 684, -1
265, 531, -1
84, 531, -1
1039, 531, -1
616, 531, -1
265, 1356, -1
265, 470, -1
84, 1356, -1
84, 470, -1
1039, 1356, -1
1039, 470, -1
616, 1356, -1
616, 470, -1
265, 254, -1
84, 254, -1
1039, 254, -1
616, 254, -1
265, 506, -1
84, 506, -1
1039, 506, -1
616, 506, -1
265, 538, -1
84, 538, -1
1039, 538, -1
616, 538, -1
720, 265, -1
720, 84, -1
720, 1039, -1
720, 616, -1
110, 265, -1
110, 84, -1
110, 1039, -1
110, 616, -1
1145, 265, -1
1145, 84, -1
1145, 1039, -1
1145, 616, -1
720, 990, -1
720, 500, -1
110, 990, -1
110, 500, -1
1145, 990, -1
1145, 500, -1
720, 707, -1
720, 553, -1
720, 114, -1
720, 841, -1
720, 1452, -1
720, 684, -1
110, 707, -1
110, 553, -1
110, 114, -1
110, 841, -1
110, 1452, -1
110, 684, -1
1145, 707, -1
1145, 553, -1
1145, 114, -1
1145, 841, -1
1145, 1452, -1
1145, 684, -1
720, 531, -1
110, 531, -1
1145, 531, -1
720, 1356, -1
720, 470, -1
110, 1356, -1
110, 470, -1
1145, 1356, -1
1145, 470, -1
720, 254, -1
110, 254, -1
1145, 254, -1
720, 506, -1
110, 506, -1
1145, 506, -1
720, 538, -1
110, 538, -1
1145, 538, -1
990, 265, -1
990, 84, -1
990, 1039, -1
990, 616, -1
500, 265, -1
500, 84, -1
500, 1039, -1
500, 616, -1
990, 720, -1
990, 110, -1
990, 1145, -1
500, 720, -1
500, 110, -1
500, 1145, -1
990, 707, -1
990, 553, -1
990, 114, -1
990, 841, -1
990, 1452, -1
990, 684, -1
500, 707, -1
500, 553, -1
500, 114, -1
500, 841, -1
500, 1452, -1
500, 684, -1
990, 531, -1
500, 531, -1
990, 1356, -1
990, 470, -1
500, 1356, -1
500, 470, -1
990, 254, -1
500, 254, -1
990, 506, -1
500, 506, -1
990, 538, -1
500, 538, -1
707, 265, -1
707, 84, -1
707, 1039, -1
707, 616, -1
553, 265, -1
553, 84, -1
553, 1039, -1
553, 616, -1
114, 265, -1
114, 84, -1
114, 1039, -1
114, 616, -1
841, 265, -1
841, 84, -1
841, 1039, -1
841, 616, -1
1452, 265, -1
1452, 84, -1
1452, 1039, -1
1452, 616, -1
684, 265, -1
684, 84, -1
684, 1039, -1
684, 616, -1
707, 720, -1
707, 110, -1
707, 1145, -1
553, 720, -1
553, 110, -1
553, 1145, -1
114, 720, -1
114, 110, -1
114, 1145, -1
841, 720, -1
841, 110, -1
841, 1145, -1
1452, 720, -1
1452, 110, -1
1452, 1145, -1
684, 720, -1
684, 110, -1
684, 1145, -1
707, 990, -1
707, 500, -1
553, 990, -1
553, 500, -1
114, 990, -1
114, 500, -1
841, 990, -1
841, 500, -1
1452, 990, -1
1452, 500, -1
684, 990, -1
684, 500, -1
707, 531, -1
553, 531, -1
114, 531, -1
841, 531, -1
1452, 531, -1
684, 531, -1
707, 1356, -1
707, 470, -1
553, 1356, -1
553, 470, -1
114, 1356, -1
114, 470, -1
841, 1356, -1
841, 470, -1
1452, 1356, -1
1452, 470, -1
684, 1356, -1
684, 470, -1
707, 254, -1
553, 254, -1
114, 254, -1
841, 254, -1
1452, 254, -1
684, 254, -1
707, 506, -1
553, 506, -1
114, 506, -1
841, 506, -1
1452, 506, -1
684, 506, -1
707, 538, -1
553, 538, -1
114, 538, -1
841, 538, -1
1452, 538, -1
684, 538, -1
531, 265, -1
531, 84, -1
531, 1039, -1
531, 616, -1
531, 720, -1
531, 110, -1
531, 1145, -1
531, 990, -1
531, 500, -1
531, 707, -1
531, 553, -1
531, 114, -1
531, 841, -1
531, 1452, -1
531, 684, -1
531, 1356, -1
531, 470, -1
531, 254, -1
531, 506, -1
531, 538, -1
1356, 265, -1
1356, 84, -1
1356, 1039, -1
1356, 616, -1
470, 265, -1
470, 84, -1
470, 1039, -1
470, 616, -1
1356, 720, -1
1356, 110, -1
1356, 1145, -1
470, 720, -1
470, 110, -1
470, 1145, -1
1356, 990, -1
1356, 500, -1
470, 990, -1
470, 500, -1
1356, 707, -1
1356, 553, -1
1356, 114, -1
1356, 841, -1
1356, 1452, -1
1356, 684, -1
470, 707, -1
470, 553, -1
470, 114, -1
470, 841, -1
470, 1452, -1
470, 684, -1
1356, 531, -1
470, 531, -1
1356, 254, -1
470, 254, -1
1356, 506, -1
470, 506, -1
1356, 538, -1
470, 538, -1
254, 265, -1
254, 84, -1
254, 1039, -1
254, 616, -1
254, 720, -1
254, 110, -1
254, 1145, -1
254, 990, -1
254, 500, -1
254, 707, -1
254, 553, -1
254, 114, -1
254, 841, -1
254, 1452, -1
254, 684, -1
254, 531, -1
254, 1356, -1
254, 470, -1
254, 506, -1
254, 538, -1
506, 265, -1
506, 84, -1
506, 1039, -1
506, 616, -1
506, 720, -1
506, 110, -1
506, 1145, -1
506, 990, -1
506, 500, -1
506, 707, -1
506, 553, -1
506, 114, -1
506, 841, -1
506, 1452, -1
506, 684, -1
506, 531, -1
506, 1356, -1
506, 470, -1
506, 254, -1
506, 538, -1
538, 265, -1
538, 84, -1
538, 1039, -1
538, 616, -1
538, 720, -1
538, 110, -1
538, 1145, -1
538, 990, -1
538, 500, -1
538, 707, -1
538, 553, -1
538, 114, -1
538, 841, -1
538, 1452, -1
538, 684, -1
538, 531, -1
538, 1356, -1
538, 470, -1
538, 254, -1
538, 506, -1

265, 84, 1
265, 1039, 1
265, 616, 1
84, 265, 1
84, 1039, 1
84, 616, 1
1039, 265, 1
1039, 84, 1
1039, 616, 1
616, 265, 1
616, 84, 1
616, 1039, 1
720, 110, 1
720, 1145, 1
110, 720, 1
110, 1145, 1
1145, 720, 1
1145, 110, 1
990, 500, 1
990, 501, 1
990, 1000, 1
500, 990, 1
500, 501, 1
500, 1000, 1
501, 990, 1
501, 500, 1
501, 1000, 1
1000, 990, 1
1000, 500, 1
1000, 501, 1
707, 553, 1
707, 114, 1
707, 841, 1
707, 1452, 1
707, 684, 1
707, 1125, 1
553, 707, 1
553, 114, 1
553, 841, 1
553, 1452, 1
553, 684, 1
553, 1125, 1
114, 707, 1
114, 553, 1
114, 841, 1
114, 1452, 1
114, 684, 1
114, 1125, 1
841, 707, 1
841, 553, 1
841, 114, 1
841, 1452, 1
841, 684, 1
841, 1125, 1
1452, 707, 1
1452, 553, 1
1452, 114, 1
1452, 841, 1
1452, 684, 1
1452, 1125, 1
684, 707, 1
684, 553, 1
684, 114, 1
684, 841, 1
684, 1452, 1
684, 1125, 1
1125, 707, 1
1125, 553, 1
1125, 114, 1
1125, 841, 1
1125, 1452, 1
1125, 684, 1
1356, 470, 1
470, 1356, 1
265, 720, -1
265, 110, -1
265, 1145, -1
84, 720, -1
84, 110, -1
84, 1145, -1
1039, 720, -1
1039, 110, -1
1039, 1145, -1
616, 720, -1
616, 110, -1
616, 1145, -1
265, 990, -1
265, 500, -1
265, 501, -1
265, 1000, -1
84, 990, -1
84, 500, -1
84, 501, -1
84, 1000, -1
1039, 990, -1
1039, 500, -1
1039, 501, -1
1039, 1000, -1
616, 990, -1
616, 500, -1
616, 501, -1
616, 1000, -1
265, 707, -1
265, 553, -1
265, 114, -1
265, 841, -1
265, 1452, -1
265, 684, -1
265, 1125, -1
84, 707, -1
84, 553, -1
84, 114, -1
84, 841, -1
84, 1452, -1
84, 684, -1
84, 1125, -1
1039, 707, -1
1039, 553, -1
1039, 114, -1
1039, 841, -1
1039, 1452, -1
1039, 684, -1
1039, 1125, -1
616, 707, -1
616, 553, -1
616, 114, -1
616, 841, -1
616, 1452, -1
616, 684, -1
616, 1125, -1
265, 531, -1
84, 531, -1
1039, 531, -1
616, 531, -1
265, 1356, -1
265, 470, -1
84, 1356, -1
84, 470, -1
1039, 1356, -1
1039, 470, -1
616, 1356, -1
616, 470, -1
265, 254, -1
84, 254, -1
1039, 254, -1
616, 254, -1
265, 506, -1
84, 506, -1
1039, 506, -1
616, 506, -1
265, 538, -1
84, 538, -1
1039, 538, -1
616, 538, -1
720, 265, -1
720, 84, -1
720, 1039, -1
720, 616, -1
110, 265, -1
110, 84, -1
110, 1039, -1
110, 616, -1
1145, 265, -1
1145, 84, -1
1145, 1039, -1
1145, 616, -1
720, 990, -1
720, 500, -1
720, 501, -1
720, 1000, -1
110, 990, -1
110, 500, -1
110, 501, -1
110, 1000, -1
1145, 990, -1
1145, 500, -1
1145, 501, -1
1145, 1000, -1
720, 707, -1
720, 553, -1
720, 114, -1
720, 841, -1
720, 1452, -1
720, 684, -1
720, 1125, -1
110, 707, -1
110, 553, -1
110, 114, -1
110, 841, -1
110, 1452, -1
110, 684, -1
110, 1125, -1
1145, 707, -1
1145, 553, -1
1145, 114, -1
1145, 841, -1
1145, 1452, -1
1145, 684, -1
1145, 1125, -1
720, 531, -1
110, 531, -1
1145, 531, -1
720, 1356, -1
720, 470, -1
110, 1356, -1
110, 470, -1
1145, 1356, -1
1145, 470, -1
720, 254, -1
110, 254, -1
1145, 254, -1
720, 506, -1
110, 506, -1
1145, 506, -1
720, 538, -1
110, 538, -1
1145, 538, -1
990, 265, -1
990, 84, -1
990, 1039, -1
990, 616, -1
500, 265, -1
500, 84, -1
500, 1039, -1
500, 616, -1
501, 265, -1
501, 84, -1
501, 1039, -1
501, 616, -1
1000, 265, -1
1000, 84, -1
1000, 1039, -1
1000, 616, -1
990, 720, -1
990, 110, -1
990, 1145, -1
500, 720, -1
500, 110, -1
500, 1145, -1
501, 720, -1
501, 110, -1
501, 1145, -1
1000, 720, -1
1000, 110, -1
1000, 1145, -1
990, 707, -1
990, 553, -1
990, 114, -1
990, 841, -1
990, 1452, -1
990, 684, -1
990, 1125, -1
500, 707, -1
500, 553, -1
500, 114, -1
500, 841, -1
500, 1452, -1
500, 684, -1
500, 1125, -1
501, 707, -1
501, 553, -1
501, 114, -1
501, 841, -1
501, 1452, -1
501, 684, -1
501, 1125, -1
1000, 707, -1
1000, 553, -1
1000, 114, -1
1000, 841, -1
1000, 1452, -1
1000, 684, -1
1000, 1125, -1
990, 531, -1
500, 531, -1
501, 531, -1
1000, 531, -1
990, 1356, -1
990, 470, -1
500, 1356, -1
500, 470, -1
501, 1356, -1
501, 470, -1
1000, 1356, -1
1000, 470, -1
990, 254, -1
500, 254, -1
501, 254, -1
1000, 254, -1
990, 506, -1
500, 506, -1
501, 506, -1
1000, 506, -1
990, 538, -1
500, 538, -1
501, 538, -1
1000, 538, -1
707, 265, -1
707, 84, -1
707, 1039, -1
707, 616, -1
553, 265, -1
553, 84, -1
553, 1039, -1
553, 616, -1
114, 265, -1
114, 84, -1
114, 1039, -1
114, 616, -1
841, 265, -1
841, 84, -1
841, 1039, -1
841, 616, -1
1452, 265, -1
1452, 84, -1
1452, 1039, -1
1452, 616, -1
684, 265, -1
684, 84, -1
684, 1039, -1
684, 616, -1
1125, 265, -1
1125, 84, -1
1125, 1039, -1
1125, 616, -1
707, 720, -1
707, 110, -1
707, 1145, -1
553, 720, -1
553, 110, -1
553, 1145, -1
114, 720, -1
114, 110, -1
114, 1145, -1
841, 720, -1
841, 110, -1
841, 1145, -1
1452, 720, -1
1452, 110, -1
1452, 1145, -1
684, 720, -1
684, 110, -1
684, 1145, -1
1125, 720, -1
1125, 110, -1
1125, 1145, -1
707, 990, -1
707, 500, -1
707, 501, -1
707, 1000, -1
553, 990, -1
553, 500, -1
553, 501, -1
553, 1000, -1
114, 990, -1
114, 500, -1
114, 501, -1
114, 1000, -1
841, 990, -1
841, 500, -1
841, 501, -1
841, 1000, -1
1452, 990, -1
1452, 500, -1
1452, 501, -1
1452, 1000, -1
684, 990, -1
684, 500, -1
684, 501, -1
684, 1000, -1
1125, 990, -1
1125, 500, -1
1125, 501, -1
1125, 1000, -1
707, 531, -1
553, 531, -1
114, 531, -1
841, 531, -1
1452, 531, -1
684, 531, -1
1125, 531, -1
707, 1356, -1
707, 470, -1
553, 1356, -1
553, 470, -1
114, 1356, -1
114, 470, -1
841, 1356, -1
841, 470, -1
1452, 1356, -1
1452, 470, -1
684, 1356, -1
684, 470, -1
1125, 1356, -1
1125, 470, -1
707, 254, -1
553, 254, -1
114, 254, -1
841, 254, -1
1452, 254, -1
684, 254, -1
1125, 254, -1
707, 506, -1
553, 506, -1
114, 506, -1
841, 506, -1
1452, 506, -1
684, 506, -1
1125, 506, -1
707, 538, -1
553, 538, -1
114, 538, -1
841, 538, -1
1452, 538, -1
684, 538, -1
1125, 538, -1
531, 265, -1
531, 84, -1
531, 1039, -1
531, 616, -1
531, 720, -1
531, 110, -1
531, 1145, -1
531, 990, -1
531, 500, -1
531, 501, -1
531, 1000, -1
531, 707, -1
531, 553, -1
531, 114, -1
531, 841, -1
531, 1452, -1
531, 684, -1
531, 1125, -1
531, 1356, -1
531, 470, -1
531, 254, -1
531, 506, -1
531, 538, -1
1356, 265, -1
1356, 84, -1
1356, 1039, -1
1356, 616, -1
470, 265, -1
470, 84, -1
470, 1039, -1
470, 616, -1
1356, 720, -1
1356, 110, -1
1356, 1145, -1
470, 720, -1
470, 110, -1
470, 1145, -1
1356, 990, -1
1356, 500, -1
1356, 501, -1
1356, 1000, -1
470, 990, -1
470, 500, -1
470, 501, -1
470, 1000, -1
1356, 707, -1
1356, 553, -1
1356, 114, -1
1356, 841, -1
1356, 1452, -1
1356, 684, -1
1356, 1125, -1
470, 707, -1
470, 553, -1
470, 114, -1
470, 841, -1
470, 1452, -1
470, 684, -1
470, 1125, -1
1356, 531, -1
470, 531, -1
1356, 254, -1
470, 254, -1
1356, 506, -1
470, 506, -1
1356, 538, -1
470, 538, -1
254, 265, -1
254, 84, -1
254, 1039, -1
254, 616, -1
254, 720, -1
254, 110, -1
254, 1145, -1
254, 990, -1
254, 500, -1
254, 501, -1
254, 1000, -1
254, 707, -1
254, 553, -1
254, 114, -1
254, 841, -1
254, 1452, -1
254, 684, -1
254, 1125, -1
254, 531, -1
254, 1356, -1
254, 470, -1
254, 506, -1
254, 538, -1
506, 265, -1
506, 84, -1
506, 1039, -1
506, 616, -1
506, 720, -1
506, 110, -1
506, 1145, -1
506, 990, -1
506, 500, -1
506, 501, -1
506, 1000, -1
506, 707, -1
506, 553, -1
506, 114, -1
506, 841, -1
506, 1452, -1
506, 684, -1
506, 1125, -1
506, 531, -1
506, 1356, -1
506, 470, -1
506, 254, -1
506, 538, -1
538, 265, -1
538, 84, -1
538, 1039, -1
538, 616, -1
538, 720, -1
538, 110, -1
538, 1145, -1
538, 990, -1
538, 500, -1
538, 501, -1
538, 1000, -1
538, 707, -1
538, 553, -1
538, 114, -1
538, 841, -1
538, 1452, -1
538, 684, -1
538, 1125, -1
538, 531, -1
538, 1356, -1
538, 470, -1
538, 254, -1
538, 506, -1

