348, 382, 1
387, 382, 1
387, 348, 1
1404, 647, 1
640, 382, -1
640, 348, -1
647, 382, -1
647, 348, -1
647, 640, -1
1406, 382, -1
1406, 348, -1
1406, 640, -1
1406, 647, -1
387, 640, -1
387, 647, -1
387, 1406, -1
1404, 382, -1
1404, 348, -1
1404, 387, -1
1404, 640, -1
1404, 1406, -1

769, 348, 1
1281, 348, 1
3, 348, 1
387, 348, 1
388, 348, 1
1158, 348, 1
509, 348, 1
776, 348, 1
1289, 348, 1
10, 348, 1
523, 348, 1
1290, 348, 1
1293, 348, 1
654, 348, 1
270, 348, 1
1040, 348, 1
912, 348, 1
20, 348, 1
21, 348, 1
532, 348, 1
534, 348, 1
1048, 348, 1
660, 348, 1
1173, 348, 1
27, 348, 1
1301, 348, 1
277, 348, 1
1303, 348, 1
1055, 348, 1
1309, 348, 1
413, 348, 1
418, 348, 1
803, 348, 1
550, 348, 1
1065, 348, 1
430, 348, 1
815, 348, 1
689, 348, 1
50, 348, 1
562, 348, 1
949, 348, 1
825, 348, 1
1082, 348, 1
1210, 348, 1
1347, 348, 1
1221, 348, 1
70, 348, 1
327, 348, 1
453, 348, 1
456, 348, 1
845, 348, 1
1233, 348, 1
1236, 348, 1
982, 348, 1
1241, 348, 1
91, 348, 1
1371, 348, 1
348, 348, 1
734, 348, 1
736, 348, 1
612, 348, 1
230, 348, 1
365, 348, 1
369, 348, 1
1138, 348, 1
370, 348, 1
371, 348, 1
404, 348, 1
1271, 348, 1
253, 348, 1
382, 348, 1
767, 348, 1
1404, 647, 1
647, 647, 1
1026, 382, 1
1026, 348, 1
1026, 387, 1
1026, 413, 1
1, 647, 1
1, 1404, 1
1026, 640, -1
1026, 647, -1
1026, 1404, -1
1026, 1406, -1
513, 382, -1
513, 348, -1
513, 387, -1
513, 413, -1
513, 1026, -1
513, 640, -1
513, 647, -1
513, 1404, -1
513, 1406, -1
1, 382, -1
1, 348, -1
1, 387, -1
1, 413, -1
1, 1026, -1
1, 640, -1
1, 1406, -1
1, 513, -1

3, 348, 1
10, 348, 1
523, 348, 1
1040, 348, 1
18, 348, 1
20, 348, 1
21, 348, 1
532, 348, 1
534, 348, 1
1048, 348, 1
27, 348, 1
1055, 348, 1
550, 348, 1
1065, 348, 1
50, 348, 1
562, 348, 1
1082, 348, 1
70, 348, 1
91, 348, 1
621, 348, 1
1138, 348, 1
1158, 348, 1
654, 348, 1
1172, 348, 1
660, 348, 1
1173, 348, 1
1175, 348, 1
162, 348, 1
689, 348, 1
182, 348, 1
1210, 348, 1
1221, 348, 1
1233, 348, 1
1236, 348, 1
1241, 348, 1
733, 348, 1
734, 348, 1
736, 348, 1
230, 348, 1
747, 348, 1
758, 348, 1
1271, 348, 1
253, 348, 1
767, 348, 1
769, 348, 1
1281, 348, 1
776, 348, 1
1289, 348, 1
1293, 348, 1
270, 348, 1
1295, 348, 1
1300, 348, 1
277, 348, 1
1301, 348, 1
1303, 348, 1
1309, 348, 1
803, 348, 1
815, 348, 1
1330, 348, 1
825, 348, 1
1347, 348, 1
327, 348, 1
1353, 348, 1
845, 348, 1
1371, 348, 1
348, 348, 1
365, 348, 1
880, 348, 1
369, 348, 1
370, 348, 1
371, 348, 1
382, 348, 1
387, 348, 1
912, 348, 1
404, 348, 1
413, 348, 1
418, 348, 1
430, 348, 1
949, 348, 1
453, 348, 1
456, 348, 1
465, 348, 1
509, 348, 1
1, 1, 1
131, 1, 1
647, 1, 1
1002, 1, 1
749, 1, 1
911, 1, 1
1361, 1, 1
883, 1, 1
1404, 1, 1
1038, 382, 1
1038, 348, 1
1038, 387, 1
1038, 413, 1
1038, 1026, 1
1038, 1301, 1
1035, 382, 1
1035, 348, 1
1035, 387, 1
1035, 413, 1
1035, 1026, 1
1035, 1301, 1
1035, 1038, 1
517, 382, 1
517, 348, 1
517, 387, 1
517, 413, 1
517, 1026, 1
517, 1301, 1
517, 1038, 1
517, 1035, 1
1038, 640, -1
1038, 647, -1
1038, 1404, -1
1038, 1, -1
1038, 1406, -1
1038, 513, -1
1035, 640, -1
1035, 647, -1
1035, 1404, -1
1035, 1, -1
1035, 1406, -1
1035, 513, -1
517, 640, -1
517, 647, -1
517, 1404, -1
517, 1, -1
517, 1406, -1
517, 513, -1

1, 1, 1
1124, 1, 1
1093, 1, 1
647, 1, 1
1002, 1, 1
749, 1, 1
911, 1, 1
883, 1, 1
214, 1, 1
1144, 1, 1
633, 1, 1
1404, 1, 1
924, 1, 1
894, 1, 1
1026, 382, 1
3, 382, 1
517, 382, 1
1030, 382, 1
7, 382, 1
1031, 382, 1
9, 382, 1
510, 382, 1
1035, 382, 1
18, 382, 1
1043, 382, 1
537, 382, 1
27, 382, 1
1052, 382, 1
540, 382, 1
1055, 382, 1
546, 382, 1
37, 382, 1
1069, 382, 1
53, 382, 1
571, 382, 1
63, 382, 1
578, 382, 1
67, 382, 1
68, 382, 1
1094, 382, 1
74, 382, 1
591, 382, 1
1103, 382, 1
92, 382, 1
604, 382, 1
605, 382, 1
610, 382, 1
612, 382, 1
1126, 382, 1
104, 382, 1
1128, 382, 1
621, 382, 1
1136, 382, 1
1137, 382, 1
119, 382, 1
1150, 382, 1
128, 382, 1
643, 382, 1
644, 382, 1
1157, 382, 1
139, 382, 1
140, 382, 1
1163, 382, 1
655, 382, 1
1178, 382, 1
156, 382, 1
160, 382, 1
161, 382, 1
1189, 382, 1
686, 382, 1
694, 382, 1
1210, 382, 1
1211, 382, 1
1215, 382, 1
192, 382, 1
713, 382, 1
725, 382, 1
726, 382, 1
215, 382, 1
728, 382, 1
729, 382, 1
1241, 382, 1
734, 382, 1
223, 382, 1
224, 382, 1
226, 382, 1
1253, 382, 1
743, 382, 1
235, 382, 1
1262, 382, 1
239, 382, 1
241, 382, 1
245, 382, 1
758, 382, 1
1272, 382, 1
761, 382, 1
1273, 382, 1
1276, 382, 1
253, 382, 1
765, 382, 1
1281, 382, 1
1282, 382, 1
771, 382, 1
261, 382, 1
776, 382, 1
266, 382, 1
274, 382, 1
1300, 382, 1
1301, 382, 1
1303, 382, 1
1305, 382, 1
1313, 382, 1
1314, 382, 1
809, 382, 1
1324, 382, 1
1328, 382, 1
1330, 382, 1
1332, 382, 1
824, 382, 1
825, 382, 1
826, 382, 1
1336, 382, 1
1340, 382, 1
327, 382, 1
328, 382, 1
1353, 382, 1
842, 382, 1
844, 382, 1
335, 382, 1
847, 382, 1
856, 382, 1
1368, 382, 1
858, 382, 1
362, 382, 1
372, 382, 1
373, 382, 1
374, 382, 1
888, 382, 1
382, 382, 1
900, 382, 1
391, 382, 1
908, 382, 1
397, 382, 1
398, 382, 1
1422, 382, 1
912, 382, 1
404, 382, 1
405, 382, 1
921, 382, 1
413, 382, 1
927, 382, 1
417, 382, 1
418, 382, 1
419, 382, 1
931, 382, 1
932, 382, 1
937, 382, 1
1451, 382, 1
430, 382, 1
942, 382, 1
943, 382, 1
1457, 382, 1
949, 382, 1
950, 382, 1
952, 382, 1
955, 382, 1
958, 382, 1
1471, 382, 1
453, 382, 1
1482, 382, 1
460, 382, 1
465, 382, 1
977, 382, 1
467, 382, 1
980, 382, 1
981, 382, 1
984, 382, 1
985, 382, 1
995, 382, 1
1006, 382, 1
1007, 382, 1
1012, 382, 1
1013, 382, 1
1020, 382, 1
1022, 382, 1
387, 348, 1
388, 348, 1
903, 348, 1
10, 348, 1
267, 348, 1
523, 348, 1
1034, 348, 1
270, 348, 1
910, 348, 1
16, 348, 1
400, 348, 1
1038, 348, 1
1290, 348, 1
532, 348, 1
660, 348, 1
1172, 348, 1
1173, 348, 1
1174, 348, 1
153, 348, 1
1175, 348, 1
158, 348, 1
1196, 348, 1
815, 348, 1
689, 348, 1
50, 348, 1
1073, 348, 1
1075, 348, 1
1463, 348, 1
1080, 348, 1
1338, 348, 1
1342, 348, 1
1091, 348, 1
1092, 348, 1
1221, 348, 1
456, 348, 1
341, 348, 1
342, 348, 1
1110, 348, 1
1240, 348, 1
91, 348, 1
348, 348, 1
733, 348, 1
735, 348, 1
863, 348, 1
864, 348, 1
361, 348, 1
873, 348, 1
1293, 348, 1
365, 348, 1
879, 348, 1
370, 348, 1
1011, 348, 1
1140, 348, 1
1141, 348, 1
509, 348, 1
533, 640, 1
533, 382, -1
533, 348, -1
533, 387, -1
533, 413, -1
533, 1026, -1
533, 1301, -1
533, 1038, -1
533, 1035, -1
533, 517, -1
533, 1303, -1
533, 1196, -1
533, 647, -1
533, 1404, -1
533, 1, -1
533, 1406, -1
533, 513, -1
1408, 382, -1
1408, 348, -1
1408, 387, -1
1408, 413, -1
1408, 1026, -1
1408, 1301, -1
1408, 1038, -1
1408, 1035, -1
1408, 517, -1
1408, 1303, -1
1408, 1196, -1
1408, 640, -1
1408, 533, -1
1408, 647, -1
1408, 1404, -1
1408, 1, -1
1408, 1406, -1
1408, 513, -1

509, 348, 1
3, 348, 1
517, 348, 1
1030, 348, 1
10, 348, 1
523, 348, 1
1034, 348, 1
1035, 348, 1
1038, 348, 1
15, 348, 1
16, 348, 1
529, 348, 1
18, 348, 1
1040, 348, 1
20, 348, 1
21, 348, 1
532, 348, 1
534, 348, 1
27, 348, 1
1065, 348, 1
47, 348, 1
50, 348, 1
562, 348, 1
53, 348, 1
58, 348, 1
1082, 348, 1
1088, 348, 1
1110, 348, 1
91, 348, 1
605, 348, 1
1117, 348, 1
1121, 348, 1
610, 348, 1
612, 348, 1
621, 348, 1
1138, 348, 1
1141, 348, 1
119, 348, 1
1147, 348, 1
644, 348, 1
1158, 348, 1
658, 348, 1
660, 348, 1
149, 348, 1
1172, 348, 1
1173, 348, 1
1174, 348, 1
153, 348, 1
1175, 348, 1
1178, 348, 1
156, 348, 1
158, 348, 1
160, 348, 1
161, 348, 1
162, 348, 1
1186, 348, 1
1187, 348, 1
1196, 348, 1
689, 348, 1
182, 348, 1
694, 348, 1
1210, 348, 1
700, 348, 1
1221, 348, 1
713, 348, 1
1231, 348, 1
1233, 348, 1
1236, 348, 1
725, 348, 1
1241, 348, 1
733, 348, 1
734, 348, 1
735, 348, 1
736, 348, 1
1253, 348, 1
230, 348, 1
743, 348, 1
758, 348, 1
1271, 348, 1
1272, 348, 1
253, 348, 1
1278, 348, 1
767, 348, 1
1281, 348, 1
1282, 348, 1
1283, 348, 1
776, 348, 1
1289, 348, 1
269, 348, 1
270, 348, 1
1293, 348, 1
1295, 348, 1
274, 348, 1
1300, 348, 1
277, 348, 1
1301, 348, 1
1303, 348, 1
1309, 348, 1
809, 348, 1
815, 348, 1
817, 348, 1
1329, 348, 1
1330, 348, 1
1336, 348, 1
825, 348, 1
1347, 348, 1
837, 348, 1
327, 348, 1
328, 348, 1
844, 348, 1
845, 348, 1
335, 348, 1
1371, 348, 1
348, 348, 1
864, 348, 1
362, 348, 1
880, 348, 1
370, 348, 1
371, 348, 1
372, 348, 1
374, 348, 1
1400, 348, 1
382, 348, 1
387, 348, 1
388, 348, 1
391, 348, 1
910, 348, 1
1422, 348, 1
912, 348, 1
921, 348, 1
413, 348, 1
417, 348, 1
418, 348, 1
419, 348, 1
1451, 348, 1
941, 348, 1
942, 348, 1
949, 348, 1
950, 348, 1
1463, 348, 1
441, 348, 1
956, 348, 1
450, 348, 1
453, 348, 1
456, 348, 1
1482, 348, 1
460, 348, 1
464, 348, 1
465, 348, 1
977, 348, 1
982, 348, 1
1012, 348, 1
1013, 348, 1
1021, 348, 1
510, 348, 1
1404, 647, 1
647, 647, 1
1287, 1406, 1
6, 647, 1
6, 1404, 1
6, 1, 1
1287, 382, -1
1287, 348, -1
1287, 387, -1
1287, 413, -1
1287, 1026, -1
1287, 1301, -1
1287, 1038, -1
1287, 1035, -1
1287, 517, -1
1287, 1303, -1
1287, 1196, -1
1287, 640, -1
1287, 533, -1
1287, 647, -1
1287, 1404, -1
1287, 1, -1
1287, 513, -1
1287, 1408, -1
6, 382, -1
6, 348, -1
6, 387, -1
6, 413, -1
6, 1026, -1
6, 1301, -1
6, 1038, -1
6, 1035, -1
6, 517, -1
6, 1303, -1
6, 1196, -1
6, 640, -1
6, 533, -1
6, 1406, -1
6, 1287, -1
6, 513, -1
6, 1408, -1

1, 1, 1
131, 1, 1
134, 1, 1
6, 1, 1
135, 1, 1
774, 1, 1
911, 1, 1
144, 1, 1
147, 1, 1
275, 1, 1
154, 1, 1
924, 1, 1
1059, 1, 1
1197, 1, 1
1334, 1, 1
185, 1, 1
186, 1, 1
1468, 1, 1
1093, 1, 1
1224, 1, 1
972, 1, 1
1101, 1, 1
1229, 1, 1
214, 1, 1
738, 1, 1
355, 1, 1
1002, 1, 1
109, 1, 1
1263, 1, 1
240, 1, 1
1264, 1, 1
1266, 1, 1
883, 1, 1
375, 1, 1
1016, 1, 1
633, 1, 1
1144, 1, 1
1017, 1, 1
894, 1, 1
509, 348, 1
3, 348, 1
517, 348, 1
1030, 348, 1
7, 348, 1
9, 348, 1
10, 348, 1
523, 348, 1
1034, 348, 1
1035, 348, 1
1038, 348, 1
15, 348, 1
16, 348, 1
529, 348, 1
18, 348, 1
1040, 348, 1
20, 348, 1
21, 348, 1
532, 348, 1
534, 348, 1
1043, 348, 1
537, 348, 1
1048, 348, 1
27, 348, 1
540, 348, 1
1055, 348, 1
546, 348, 1
37, 348, 1
550, 348, 1
1065, 348, 1
1069, 348, 1
47, 348, 1
50, 348, 1
53, 348, 1
58, 348, 1
1082, 348, 1
63, 348, 1
1088, 348, 1
66, 348, 1
68, 348, 1
70, 348, 1
1110, 348, 1
91, 348, 1
605, 348, 1
1117, 348, 1
1121, 348, 1
610, 348, 1
612, 348, 1
1128, 348, 1
621, 348, 1
1138, 348, 1
1141, 348, 1
119, 348, 1
644, 348, 1
1157, 348, 1
1158, 348, 1
139, 348, 1
654, 348, 1
655, 348, 1
660, 348, 1
149, 348, 1
1172, 348, 1
1175, 348, 1
1173, 348, 1
153, 348, 1
1178, 348, 1
1174, 348, 1
156, 348, 1
158, 348, 1
160, 348, 1
161, 348, 1
162, 348, 1
682, 348, 1
1196, 348, 1
686, 348, 1
689, 348, 1
182, 348, 1
694, 348, 1
1210, 348, 1
700, 348, 1
1215, 348, 1
192, 348, 1
1221, 348, 1
713, 348, 1
1231, 348, 1
1233, 348, 1
1236, 348, 1
725, 348, 1
726, 348, 1
215, 348, 1
1240, 348, 1
729, 348, 1
1241, 348, 1
733, 348, 1
734, 348, 1
735, 348, 1
736, 348, 1
1253, 348, 1
230, 348, 1
743, 348, 1
747, 348, 1
236, 348, 1
1262, 348, 1
758, 348, 1
1271, 348, 1
1272, 348, 1
253, 348, 1
1278, 348, 1
767, 348, 1
768, 348, 1
769, 348, 1
1281, 348, 1
1282, 348, 1
1283, 348, 1
776, 348, 1
1289, 348, 1
1290, 348, 1
1293, 348, 1
270, 348, 1
1295, 348, 1
274, 348, 1
1300, 348, 1
277, 348, 1
1301, 348, 1
1303, 348, 1
1309, 348, 1
1310, 348, 1
1311, 348, 1
1313, 348, 1
803, 348, 1
809, 348, 1
1324, 348, 1
815, 348, 1
817, 348, 1
1330, 348, 1
1331, 348, 1
1332, 348, 1
1336, 348, 1
825, 348, 1
1338, 348, 1
1347, 348, 1
837, 348, 1
838, 348, 1
327, 348, 1
328, 348, 1
1353, 348, 1
844, 348, 1
845, 348, 1
335, 348, 1
1368, 348, 1
858, 348, 1
1371, 348, 1
348, 348, 1
864, 348, 1
362, 348, 1
365, 348, 1
880, 348, 1
369, 348, 1
370, 348, 1
371, 348, 1
372, 348, 1
374, 348, 1
382, 348, 1
387, 348, 1
388, 348, 1
391, 348, 1
398, 348, 1
910, 348, 1
912, 348, 1
1422, 348, 1
403, 348, 1
404, 348, 1
405, 348, 1
921, 348, 1
413, 348, 1
417, 348, 1
418, 348, 1
419, 348, 1
1451, 348, 1
430, 348, 1
942, 348, 1
943, 348, 1
1457, 348, 1
949, 348, 1
950, 348, 1
1463, 348, 1
441, 348, 1
955, 348, 1
956, 348, 1
958, 348, 1
1471, 348, 1
450, 348, 1
453, 348, 1
456, 348, 1
1482, 348, 1
460, 348, 1
465, 348, 1
977, 348, 1
467, 348, 1
982, 348, 1
1012, 348, 1
1013, 348, 1
1021, 348, 1
510, 348, 1
1404, 647, 1
647, 647, 1
640, 513, 1
513, 513, 1
1418, 513, 1
1108, 513, 1
415, 513, 1
1318, 1287, 1
1287, 1287, 1
168, 1287, 1
525, 1287, 1
272, 1287, 1
785, 1287, 1
1106, 1287, 1
1406, 1287, 1
271, 640, 1
271, 533, 1
271, 382, -1
271, 348, -1
271, 387, -1
271, 413, -1
271, 1026, -1
271, 1301, -1
271, 1038, -1
271, 1035, -1
271, 517, -1
271, 1303, -1
271, 1196, -1
271, 647, -1
271, 1404, -1
271, 1, -1
271, 6, -1
271, 1406, -1
271, 1287, -1
271, 513, -1
271, 1408, -1

509, 348, 1
3, 348, 1
1030, 348, 1
1031, 348, 1
7, 348, 1
9, 348, 1
10, 348, 1
1038, 348, 1
15, 348, 1
16, 348, 1
1040, 348, 1
18, 348, 1
1043, 348, 1
20, 348, 1
23, 348, 1
24, 348, 1
537, 348, 1
1048, 348, 1
27, 348, 1
540, 348, 1
1052, 348, 1
1055, 348, 1
546, 348, 1
37, 348, 1
550, 348, 1
1065, 348, 1
1069, 348, 1
1073, 348, 1
50, 348, 1
1075, 348, 1
58, 348, 1
571, 348, 1
1082, 348, 1
63, 348, 1
66, 348, 1
67, 348, 1
68, 348, 1
578, 348, 1
70, 348, 1
1091, 348, 1
1092, 348, 1
74, 348, 1
591, 348, 1
1103, 348, 1
1110, 348, 1
92, 348, 1
604, 348, 1
610, 348, 1
1126, 348, 1
104, 348, 1
1128, 348, 1
621, 348, 1
1136, 348, 1
1137, 348, 1
1138, 348, 1
1150, 348, 1
128, 348, 1
643, 348, 1
644, 348, 1
1157, 348, 1
1158, 348, 1
137, 348, 1
1161, 348, 1
140, 348, 1
655, 348, 1
1172, 348, 1
149, 348, 1
1173, 348, 1
1175, 348, 1
660, 348, 1
153, 348, 1
1178, 348, 1
156, 348, 1
158, 348, 1
160, 348, 1
161, 348, 1
162, 348, 1
1189, 348, 1
682, 348, 1
1196, 348, 1
686, 348, 1
689, 348, 1
181, 348, 1
182, 348, 1
694, 348, 1
1210, 348, 1
1211, 348, 1
700, 348, 1
1215, 348, 1
192, 348, 1
1221, 348, 1
713, 348, 1
1233, 348, 1
1236, 348, 1
725, 348, 1
215, 348, 1
1240, 348, 1
729, 348, 1
1241, 348, 1
733, 348, 1
734, 348, 1
223, 348, 1
224, 348, 1
736, 348, 1
226, 348, 1
1250, 348, 1
1253, 348, 1
230, 348, 1
743, 348, 1
235, 348, 1
747, 348, 1
1262, 348, 1
239, 348, 1
241, 348, 1
245, 348, 1
758, 348, 1
1271, 348, 1
1272, 348, 1
761, 348, 1
1273, 348, 1
1276, 348, 1
253, 348, 1
765, 348, 1
767, 348, 1
768, 348, 1
769, 348, 1
1280, 348, 1
1281, 348, 1
1282, 348, 1
261, 348, 1
1283, 348, 1
776, 348, 1
1289, 348, 1
266, 348, 1
267, 348, 1
1293, 348, 1
270, 348, 1
1295, 348, 1
274, 348, 1
1300, 348, 1
277, 348, 1
1301, 348, 1
1302, 348, 1
1303, 348, 1
1305, 348, 1
1309, 348, 1
803, 348, 1
811, 348, 1
1324, 348, 1
815, 348, 1
1328, 348, 1
1330, 348, 1
1331, 348, 1
1332, 348, 1
824, 348, 1
825, 348, 1
826, 348, 1
1336, 348, 1
1338, 348, 1
1340, 348, 1
1347, 348, 1
837, 348, 1
327, 348, 1
328, 348, 1
1352, 348, 1
842, 348, 1
1353, 348, 1
844, 348, 1
845, 348, 1
341, 348, 1
853, 348, 1
856, 348, 1
858, 348, 1
348, 348, 1
863, 348, 1
864, 348, 1
361, 348, 1
362, 348, 1
873, 348, 1
364, 348, 1
365, 348, 1
878, 348, 1
879, 348, 1
880, 348, 1
370, 348, 1
371, 348, 1
372, 348, 1
373, 348, 1
374, 348, 1
382, 348, 1
387, 348, 1
900, 348, 1
391, 348, 1
903, 348, 1
393, 348, 1
908, 348, 1
397, 348, 1
398, 348, 1
910, 348, 1
912, 348, 1
1422, 348, 1
404, 348, 1
405, 348, 1
919, 348, 1
921, 348, 1
922, 348, 1
413, 348, 1
927, 348, 1
417, 348, 1
418, 348, 1
419, 348, 1
937, 348, 1
430, 348, 1
943, 348, 1
1457, 348, 1
949, 348, 1
950, 348, 1
1463, 348, 1
952, 348, 1
955, 348, 1
956, 348, 1
958, 348, 1
1471, 348, 1
450, 348, 1
453, 348, 1
456, 348, 1
1482, 348, 1
971, 348, 1
460, 348, 1
465, 348, 1
467, 348, 1
980, 348, 1
981, 348, 1
983, 348, 1
995, 348, 1
1006, 348, 1
1007, 348, 1
1011, 348, 1
1012, 348, 1
1013, 348, 1
1020, 348, 1
1021, 348, 1
1022, 348, 1
1, 1, 1
131, 1, 1
647, 1, 1
1002, 1, 1
911, 1, 1
883, 1, 1
1404, 1, 1
1026, 517, 1
1035, 517, 1
517, 517, 1
1285, 1287, 1
1287, 1287, 1
302, 1287, 1
476, 1287, 1
349, 1287, 1
1406, 1287, 1
512, 513, 1
521, 513, 1
521, 512, 1
512, 382, -1
512, 348, -1
512, 387, -1
512, 413, -1
512, 1026, -1
512, 1301, -1
512, 1038, -1
512, 1035, -1
512, 517, -1
512, 1303, -1
512, 1196, -1
512, 640, -1
512, 533, -1
512, 271, -1
512, 647, -1
512, 1404, -1
512, 1, -1
512, 6, -1
512, 1406, -1
512, 1287, -1
512, 1408, -1
521, 382, -1
521, 348, -1
521, 387, -1
521, 413, -1
521, 1026, -1
521, 1301, -1
521, 1038, -1
521, 1035, -1
521, 517, -1
521, 1303, -1
521, 1196, -1
521, 640, -1
521, 533, -1
521, 271, -1
521, 647, -1
521, 1404, -1
521, 1, -1
521, 6, -1
521, 1406, -1
521, 1287, -1
521, 1408, -1

1, 1, 1
1413, 1, 1
134, 1, 1
6, 1, 1
774, 1, 1
905, 1, 1
1416, 1, 1
1419, 1, 1
911, 1, 1
144, 1, 1
1426, 1, 1
275, 1, 1
1433, 1, 1
924, 1, 1
1438, 1, 1
1191, 1, 1
43, 1, 1
171, 1, 1
1070, 1, 1
431, 1, 1
1198, 1, 1
1334, 1, 1
185, 1, 1
186, 1, 1
569, 1, 1
1468, 1, 1
1093, 1, 1
972, 1, 1
1101, 1, 1
1361, 1, 1
1362, 1, 1
1113, 1, 1
355, 1, 1
100, 1, 1
105, 1, 1
1002, 1, 1
1385, 1, 1
109, 1, 1
111, 1, 1
240, 1, 1
1263, 1, 1
1264, 1, 1
1266, 1, 1
1398, 1, 1
1144, 1, 1
633, 1, 1
894, 1, 1
509, 348, 1
3, 348, 1
517, 348, 1
1030, 348, 1
7, 348, 1
9, 348, 1
10, 348, 1
523, 348, 1
1034, 348, 1
1035, 348, 1
1038, 348, 1
15, 348, 1
16, 348, 1
529, 348, 1
18, 348, 1
1040, 348, 1
20, 348, 1
21, 348, 1
532, 348, 1
534, 348, 1
1043, 348, 1
537, 348, 1
1048, 348, 1
27, 348, 1
540, 348, 1
1055, 348, 1
37, 348, 1
550, 348, 1
1065, 348, 1
1069, 348, 1
47, 348, 1
50, 348, 1
562, 348, 1
53, 348, 1
58, 348, 1
1082, 348, 1
63, 348, 1
1088, 348, 1
66, 348, 1
68, 348, 1
70, 348, 1
1110, 348, 1
91, 348, 1
605, 348, 1
1117, 348, 1
1121, 348, 1
610, 348, 1
612, 348, 1
1128, 348, 1
621, 348, 1
1138, 348, 1
1141, 348, 1
119, 348, 1
644, 348, 1
1157, 348, 1
1158, 348, 1
139, 348, 1
654, 348, 1
655, 348, 1
660, 348, 1
149, 348, 1
1172, 348, 1
1175, 348, 1
1173, 348, 1
153, 348, 1
1178, 348, 1
1174, 348, 1
156, 348, 1
158, 348, 1
160, 348, 1
161, 348, 1
162, 348, 1
682, 348, 1
1196, 348, 1
686, 348, 1
689, 348, 1
182, 348, 1
694, 348, 1
1210, 348, 1
700, 348, 1
1215, 348, 1
192, 348, 1
1221, 348, 1
713, 348, 1
1231, 348, 1
1233, 348, 1
1236, 348, 1
725, 348, 1
726, 348, 1
215, 348, 1
729, 348, 1
1241, 348, 1
733, 348, 1
734, 348, 1
735, 348, 1
736, 348, 1
1253, 348, 1
230, 348, 1
743, 348, 1
747, 348, 1
1262, 348, 1
758, 348, 1
1271, 348, 1
1272, 348, 1
253, 348, 1
1278, 348, 1
767, 348, 1
768, 348, 1
769, 348, 1
1281, 348, 1
1282, 348, 1
1283, 348, 1
776, 348, 1
1289, 348, 1
1290, 348, 1
1293, 348, 1
270, 348, 1
1295, 348, 1
274, 348, 1
1300, 348, 1
277, 348, 1
1301, 348, 1
1303, 348, 1
1309, 348, 1
1310, 348, 1
1311, 348, 1
1313, 348, 1
803, 348, 1
809, 348, 1
1324, 348, 1
815, 348, 1
817, 348, 1
1330, 348, 1
1331, 348, 1
1332, 348, 1
1336, 348, 1
825, 348, 1
1338, 348, 1
1347, 348, 1
837, 348, 1
838, 348, 1
327, 348, 1
328, 348, 1
1353, 348, 1
844, 348, 1
845, 348, 1
335, 348, 1
1368, 348, 1
858, 348, 1
1371, 348, 1
348, 348, 1
864, 348, 1
362, 348, 1
365, 348, 1
880, 348, 1
369, 348, 1
370, 348, 1
371, 348, 1
372, 348, 1
374, 348, 1
382, 348, 1
387, 348, 1
388, 348, 1
391, 348, 1
398, 348, 1
910, 348, 1
912, 348, 1
1422, 348, 1
403, 348, 1
404, 348, 1
405, 348, 1
921, 348, 1
413, 348, 1
417, 348, 1
418, 348, 1
419, 348, 1
1451, 348, 1
430, 348, 1
942, 348, 1
943, 348, 1
1457, 348, 1
949, 348, 1
950, 348, 1
1463, 348, 1
441, 348, 1
955, 348, 1
956, 348, 1
958, 348, 1
1471, 348, 1
450, 348, 1
453, 348, 1
456, 348, 1
1482, 348, 1
460, 348, 1
465, 348, 1
977, 348, 1
982, 348, 1
1012, 348, 1
1013, 348, 1
1021, 348, 1
510, 348, 1
1404, 647, 1
647, 647, 1
512, 512, 1
513, 512, 1
705, 512, 1
352, 512, 1
484, 512, 1
521, 512, 1
561, 512, 1
1297, 512, 1
596, 512, 1
567, 512, 1
313, 512, 1
220, 512, 1
1318, 1287, 1
1287, 1287, 1
168, 1287, 1
392, 1287, 1
525, 1287, 1
1359, 1287, 1
785, 1287, 1
1106, 1287, 1
476, 1287, 1
1406, 1287, 1
148, 640, 1
148, 533, 1
148, 271, 1
148, 382, -1
148, 348, -1
148, 387, -1
148, 413, -1
148, 1026, -1
148, 1301, -1
148, 1038, -1
148, 1035, -1
148, 517, -1
148, 1303, -1
148, 1196, -1
148, 647, -1
148, 1404, -1
148, 1, -1
148, 6, -1
148, 1406, -1
148, 1287, -1
148, 513, -1
148, 512, -1
148, 521, -1
148, 1408, -1

1, 1, 1
131, 1, 1
134, 1, 1
6, 1, 1
135, 1, 1
774, 1, 1
911, 1, 1
144, 1, 1
147, 1, 1
924, 1, 1
1059, 1, 1
1197, 1, 1
1334, 1, 1
185, 1, 1
186, 1, 1
1093, 1, 1
1224, 1, 1
972, 1, 1
1101, 1, 1
1229, 1, 1
214, 1, 1
738, 1, 1
355, 1, 1
1002, 1, 1
109, 1, 1
1263, 1, 1
240, 1, 1
1264, 1, 1
1266, 1, 1
883, 1, 1
375, 1, 1
1016, 1, 1
633, 1, 1
1017, 1, 1
894, 1, 1
509, 348, 1
3, 348, 1
517, 348, 1
1030, 348, 1
7, 348, 1
9, 348, 1
10, 348, 1
1034, 348, 1
1035, 348, 1
1038, 348, 1
15, 348, 1
16, 348, 1
1040, 348, 1
18, 348, 1
1043, 348, 1
20, 348, 1
21, 348, 1
532, 348, 1
1048, 348, 1
537, 348, 1
27, 348, 1
540, 348, 1
1055, 348, 1
37, 348, 1
550, 348, 1
1065, 348, 1
1069, 348, 1
47, 348, 1
50, 348, 1
53, 348, 1
58, 348, 1
1082, 348, 1
63, 348, 1
66, 348, 1
68, 348, 1
70, 348, 1
1110, 348, 1
605, 348, 1
1117, 348, 1
1121, 348, 1
610, 348, 1
612, 348, 1
1128, 348, 1
621, 348, 1
1138, 348, 1
1141, 348, 1
119, 348, 1
644, 348, 1
1157, 348, 1
1158, 348, 1
139, 348, 1
654, 348, 1
655, 348, 1
660, 348, 1
149, 348, 1
1173, 348, 1
1175, 348, 1
1172, 348, 1
153, 348, 1
1178, 348, 1
1174, 348, 1
156, 348, 1
158, 348, 1
160, 348, 1
161, 348, 1
162, 348, 1
682, 348, 1
1196, 348, 1
686, 348, 1
689, 348, 1
182, 348, 1
694, 348, 1
1210, 348, 1
700, 348, 1
1215, 348, 1
192, 348, 1
1221, 348, 1
713, 348, 1
1233, 348, 1
1236, 348, 1
725, 348, 1
726, 348, 1
215, 348, 1
729, 348, 1
1241, 348, 1
733, 348, 1
734, 348, 1
736, 348, 1
1253, 348, 1
230, 348, 1
743, 348, 1
747, 348, 1
1262, 348, 1
758, 348, 1
1271, 348, 1
1272, 348, 1
253, 348, 1
1278, 348, 1
767, 348, 1
768, 348, 1
769, 348, 1
1281, 348, 1
1282, 348, 1
1283, 348, 1
776, 348, 1
1289, 348, 1
1290, 348, 1
1293, 348, 1
270, 348, 1
1295, 348, 1
274, 348, 1
1300, 348, 1
277, 348, 1
1301, 348, 1
1303, 348, 1
1309, 348, 1
1310, 348, 1
1311, 348, 1
1313, 348, 1
803, 348, 1
809, 348, 1
1324, 348, 1
815, 348, 1
1330, 348, 1
1331, 348, 1
1332, 348, 1
1336, 348, 1
825, 348, 1
1338, 348, 1
1347, 348, 1
837, 348, 1
838, 348, 1
327, 348, 1
328, 348, 1
1353, 348, 1
844, 348, 1
845, 348, 1
335, 348, 1
1368, 348, 1
858, 348, 1
348, 348, 1
864, 348, 1
362, 348, 1
365, 348, 1
880, 348, 1
369, 348, 1
370, 348, 1
371, 348, 1
372, 348, 1
374, 348, 1
382, 348, 1
387, 348, 1
388, 348, 1
391, 348, 1
398, 348, 1
910, 348, 1
912, 348, 1
1422, 348, 1
404, 348, 1
405, 348, 1
921, 348, 1
413, 348, 1
417, 348, 1
418, 348, 1
419, 348, 1
1451, 348, 1
430, 348, 1
942, 348, 1
943, 348, 1
1457, 348, 1
949, 348, 1
950, 348, 1
1463, 348, 1
441, 348, 1
955, 348, 1
956, 348, 1
958, 348, 1
1471, 348, 1
450, 348, 1
453, 348, 1
456, 348, 1
1482, 348, 1
460, 348, 1
465, 348, 1
977, 348, 1
982, 348, 1
1012, 348, 1
1013, 348, 1
1021, 348, 1
510, 348, 1
640, 148, 1
457, 148, 1
202, 148, 1
1418, 148, 1
1004, 148, 1
174, 148, 1
1230, 148, 1
208, 148, 1
81, 148, 1
753, 148, 1
148, 148, 1
533, 148, 1
246, 148, 1
1047, 148, 1
953, 148, 1
861, 148, 1
1277, 148, 1
1404, 647, 1
647, 647, 1
1287, 1287, 1
302, 1287, 1
272, 1287, 1
349, 1287, 1
1406, 1287, 1
512, 512, 1
521, 512, 1
1297, 512, 1
1252, 640, 1
1252, 533, 1
1252, 271, 1
1252, 148, 1
1252, 382, -1
1252, 348, -1
1252, 387, -1
1252, 413, -1
1252, 1026, -1
1252, 1301, -1
1252, 1038, -1
1252, 1035, -1
1252, 517, -1
1252, 1303, -1
1252, 1196, -1
1252, 647, -1
1252, 1404, -1
1252, 1, -1
1252, 6, -1
1252, 1406, -1
1252, 1287, -1
1252, 513, -1
1252, 512, -1
1252, 521, -1
1252, 1408, -1

509, 348, 1
3, 348, 1
517, 348, 1
1030, 348, 1
7, 348, 1
9, 348, 1
10, 348, 1
1035, 348, 1
15, 348, 1
1040, 348, 1
18, 348, 1
1043, 348, 1
537, 348, 1
27, 348, 1
540, 348, 1
1055, 348, 1
546, 348, 1
37, 348, 1
1062, 348, 1
1069, 348, 1
47, 348, 1
1075, 348, 1
564, 348, 1
53, 348, 1
58, 348, 1
571, 348, 1
1082, 348, 1
63, 348, 1
66, 348, 1
67, 348, 1
68, 348, 1
1110, 348, 1
604, 348, 1
605, 348, 1
610, 348, 1
612, 348, 1
1128, 348, 1
621, 348, 1
119, 348, 1
1150, 348, 1
644, 348, 1
1157, 348, 1
139, 348, 1
655, 348, 1
1178, 348, 1
156, 348, 1
158, 348, 1
160, 348, 1
161, 348, 1
1189, 348, 1
1196, 348, 1
686, 348, 1
182, 348, 1
694, 348, 1
1210, 348, 1
1215, 348, 1
192, 348, 1
713, 348, 1
1233, 348, 1
725, 348, 1
726, 348, 1
215, 348, 1
1240, 348, 1
729, 348, 1
1241, 348, 1
733, 348, 1
734, 348, 1
1250, 348, 1
1253, 348, 1
230, 348, 1
743, 348, 1
1262, 348, 1
239, 348, 1
241, 348, 1
245, 348, 1
758, 348, 1
1271, 348, 1
1272, 348, 1
761, 348, 1
253, 348, 1
767, 348, 1
769, 348, 1
1281, 348, 1
1282, 348, 1
1283, 348, 1
776, 348, 1
1290, 348, 1
270, 348, 1
274, 348, 1
1300, 348, 1
277, 348, 1
1301, 348, 1
1303, 348, 1
1313, 348, 1
803, 348, 1
809, 348, 1
1324, 348, 1
815, 348, 1
1330, 348, 1
1332, 348, 1
824, 348, 1
825, 348, 1
1336, 348, 1
1340, 348, 1
837, 348, 1
327, 348, 1
328, 348, 1
1353, 348, 1
844, 348, 1
335, 348, 1
847, 348, 1
1368, 348, 1
858, 348, 1
348, 348, 1
362, 348, 1
370, 348, 1
372, 348, 1
373, 348, 1
374, 348, 1
888, 348, 1
382, 348, 1
391, 348, 1
397, 348, 1
398, 348, 1
910, 348, 1
912, 348, 1
1422, 348, 1
404, 348, 1
405, 348, 1
921, 348, 1
413, 348, 1
417, 348, 1
418, 348, 1
419, 348, 1
1451, 348, 1
430, 348, 1
942, 348, 1
943, 348, 1
1457, 348, 1
949, 348, 1
950, 348, 1
955, 348, 1
956, 348, 1
958, 348, 1
1471, 348, 1
450, 348, 1
453, 348, 1
456, 348, 1
1482, 348, 1
971, 348, 1
460, 348, 1
465, 348, 1
977, 348, 1
467, 348, 1
1012, 348, 1
1013, 348, 1
1021, 348, 1
510, 348, 1
513, 513, 1
262, 513, 1
521, 513, 1
14, 513, 1
1296, 513, 1
287, 513, 1
1066, 513, 1
172, 513, 1
301, 513, 1
429, 513, 1
48, 513, 1
561, 513, 1
1206, 513, 1
567, 513, 1
830, 513, 1
576, 513, 1
705, 513, 1
1475, 513, 1
352, 513, 1
484, 513, 1
1391, 513, 1
377, 513, 1
640, 148, 1
1418, 148, 1
271, 148, 1
148, 148, 1
533, 148, 1
1047, 148, 1
925, 148, 1
436, 148, 1
953, 148, 1
1230, 148, 1
861, 148, 1
1252, 148, 1
1001, 148, 1
1004, 148, 1
113, 148, 1
753, 148, 1
1010, 148, 1
246, 148, 1
886, 148, 1
380, 148, 1
1277, 148, 1
1404, 647, 1
647, 647, 1
1169, 1287, 1
349, 1287, 1
1406, 1287, 1
1287, 1287, 1
659, 382, 1
659, 348, 1
659, 387, 1
659, 413, 1
659, 1026, 1
659, 1301, 1
659, 1038, 1
659, 1035, 1
659, 517, 1
659, 1303, 1
659, 1196, 1
258, 640, 1
258, 533, 1
258, 271, 1
258, 148, 1
258, 1252, 1
659, 640, -1
659, 533, -1
659, 271, -1
659, 148, -1
659, 1252, -1
659, 647, -1
659, 1404, -1
659, 1, -1
659, 6, -1
659, 1406, -1
659, 1287, -1
659, 513, -1
659, 512, -1
659, 521, -1
659, 1408, -1
258, 382, -1
258, 348, -1
258, 387, -1
258, 413, -1
258, 1026, -1
258, 1301, -1
258, 1038, -1
258, 1035, -1
258, 517, -1
258, 1303, -1
258, 1196, -1
258, 659, -1
258, 647, -1
258, 1404, -1
258, 1, -1
258, 6, -1
258, 1406, -1
258, 1287, -1
258, 513, -1
258, 512, -1
258, 521, -1
258, 1408, -1

