92, 126, 1
128, 126, 1
128, 92, 1
4, 56, 1
104, 126, 1
104, 92, 1
104, 128, 1
112, 126, 1
112, 92, 1
112, 128, 1
112, 104, 1
62, 126, 1
62, 92, 1
62, 128, 1
62, 104, 1
62, 112, 1
56, 126, -1
56, 92, -1
56, 128, -1
4, 126, -1
4, 92, -1
4, 128, -1
104, 56, -1
104, 4, -1
112, 56, -1
112, 4, -1
62, 56, -1
62, 4, -1
164, 126, -1
164, 92, -1
164, 128, -1
164, 104, -1
164, 112, -1
164, 62, -1
164, 56, -1
164, 4, -1

168, 164, 1
60, 126, 1
60, 92, 1
60, 128, 1
60, 104, 1
60, 112, 1
60, 62, 1
168, 126, -1
168, 92, -1
168, 128, -1
168, 104, -1
168, 112, -1
168, 62, -1
168, 56, -1
168, 4, -1
60, 56, -1
60, 4, -1
60, 164, -1
60, 168, -1

132, 164, 1
132, 168, 1
100, 126, 1
100, 92, 1
100, 128, 1
100, 104, 1
100, 112, 1
100, 62, 1
100, 60, 1
21, 56, 1
21, 4, 1
132, 126, -1
132, 92, -1
132, 128, -1
132, 104, -1
132, 112, -1
132, 62, -1
132, 60, -1
132, 56, -1
132, 4, -1
100, 56, -1
100, 4, -1
100, 164, -1
100, 168, -1
100, 132, -1
21, 126, -1
21, 92, -1
21, 128, -1
21, 104, -1
21, 112, -1
21, 62, -1
21, 60, -1
21, 100, -1
21, 164, -1
21, 168, -1
21, 132, -1

142, 164, 1
142, 168, 1
142, 132, 1
136, 164, 1
136, 168, 1
136, 132, 1
136, 142, 1
40, 56, 1
40, 4, 1
40, 21, 1
142, 126, -1
142, 92, -1
142, 128, -1
142, 104, -1
142, 112, -1
142, 62, -1
142, 60, -1
142, 100, -1
142, 56, -1
142, 4, -1
142, 21, -1
136, 126, -1
136, 92, -1
136, 128, -1
136, 104, -1
136, 112, -1
136, 62, -1
136, 60, -1
136, 100, -1
136, 56, -1
136, 4, -1
136, 21, -1
40, 126, -1
40, 92, -1
40, 128, -1
40, 104, -1
40, 112, -1
40, 62, -1
40, 60, -1
40, 100, -1
40, 164, -1
40, 168, -1
40, 132, -1
40, 142, -1
40, 136, -1

160, 164, 1
160, 168, 1
160, 132, 1
160, 142, 1
160, 136, 1
20, 56, 1
20, 4, 1
20, 21, 1
20, 40, 1
109, 126, 1
109, 92, 1
109, 128, 1
109, 104, 1
109, 112, 1
109, 62, 1
109, 60, 1
109, 100, 1
160, 126, -1
160, 92, -1
160, 128, -1
160, 104, -1
160, 112, -1
160, 62, -1
160, 60, -1
160, 100, -1
160, 56, -1
160, 4, -1
160, 21, -1
160, 40, -1
20, 126, -1
20, 92, -1
20, 128, -1
20, 104, -1
20, 112, -1
20, 62, -1
20, 60, -1
20, 100, -1
20, 164, -1
20, 168, -1
20, 132, -1
20, 142, -1
20, 136, -1
20, 160, -1
109, 56, -1
109, 4, -1
109, 21, -1
109, 40, -1
109, 20, -1
109, 164, -1
109, 168, -1
109, 132, -1
109, 142, -1
109, 136, -1
109, 160, -1

165, 164, 1
165, 168, 1
165, 132, 1
165, 142, 1
165, 136, 1
165, 160, 1
19, 56, 1
19, 4, 1
19, 21, 1
19, 40, 1
19, 20, 1
81, 126, 1
81, 92, 1
81, 128, 1
81, 104, 1
81, 112, 1
81, 62, 1
81, 60, 1
81, 100, 1
81, 109, 1
165, 126, -1
165, 92, -1
165, 128, -1
165, 104, -1
165, 112, -1
165, 62, -1
165, 60, -1
165, 100, -1
165, 109, -1
165, 56, -1
165, 4, -1
165, 21, -1
165, 40, -1
165, 20, -1
19, 126, -1
19, 92, -1
19, 128, -1
19, 104, -1
19, 112, -1
19, 62, -1
19, 60, -1
19, 100, -1
19, 109, -1
19, 164, -1
19, 168, -1
19, 132, -1
19, 142, -1
19, 136, -1
19, 160, -1
19, 165, -1
81, 56, -1
81, 4, -1
81, 21, -1
81, 40, -1
81, 20, -1
81, 19, -1
81, 164, -1
81, 168, -1
81, 132, -1
81, 142, -1
81, 136, -1
81, 160, -1
81, 165, -1

137, 164, 1
137, 168, 1
137, 132, 1
137, 142, 1
137, 136, 1
137, 160, 1
137, 165, 1
39, 56, 1
39, 4, 1
39, 21, 1
39, 40, 1
39, 20, 1
39, 19, 1
68, 126, 1
68, 92, 1
68, 128, 1
68, 104, 1
68, 112, 1
68, 62, 1
68, 60, 1
68, 100, 1
68, 109, 1
68, 81, 1
137, 126, -1
137, 92, -1
137, 128, -1
137, 104, -1
137, 112, -1
137, 62, -1
137, 60, -1
137, 100, -1
137, 109, -1
137, 81, -1
137, 56, -1
137, 4, -1
137, 21, -1
137, 40, -1
137, 20, -1
137, 19, -1
39, 126, -1
39, 92, -1
39, 128, -1
39, 104, -1
39, 112, -1
39, 62, -1
39, 60, -1
39, 100, -1
39, 109, -1
39, 81, -1
39, 164, -1
39, 168, -1
39, 132, -1
39, 142, -1
39, 136, -1
39, 160, -1
39, 165, -1
39, 137, -1
68, 56, -1
68, 4, -1
68, 21, -1
68, 40, -1
68, 20, -1
68, 19, -1
68, 39, -1
68, 164, -1
68, 168, -1
68, 132, -1
68, 142, -1
68, 136, -1
68, 160, -1
68, 165, -1
68, 137, -1

143, 164, 1
143, 168, 1
143, 132, 1
143, 142, 1
143, 136, 1
143, 160, 1
143, 165, 1
143, 137, 1
36, 56, 1
36, 4, 1
36, 21, 1
36, 40, 1
36, 20, 1
36, 19, 1
36, 39, 1
78, 126, 1
78, 92, 1
78, 128, 1
78, 104, 1
78, 112, 1
78, 62, 1
78, 60, 1
78, 100, 1
78, 109, 1
78, 81, 1
78, 68, 1
143, 126, -1
143, 92, -1
143, 128, -1
143, 104, -1
143, 112, -1
143, 62, -1
143, 60, -1
143, 100, -1
143, 109, -1
143, 81, -1
143, 68, -1
143, 56, -1
143, 4, -1
143, 21, -1
143, 40, -1
143, 20, -1
143, 19, -1
143, 39, -1
36, 126, -1
36, 92, -1
36, 128, -1
36, 104, -1
36, 112, -1
36, 62, -1
36, 60, -1
36, 100, -1
36, 109, -1
36, 81, -1
36, 68, -1
36, 164, -1
36, 168, -1
36, 132, -1
36, 142, -1
36, 136, -1
36, 160, -1
36, 165, -1
36, 137, -1
36, 143, -1
78, 56, -1
78, 4, -1
78, 21, -1
78, 40, -1
78, 20, -1
78, 19, -1
78, 39, -1
78, 36, -1
78, 164, -1
78, 168, -1
78, 132, -1
78, 142, -1
78, 136, -1
78, 160, -1
78, 165, -1
78, 137, -1
78, 143, -1

59, 126, 1
59, 92, 1
59, 128, 1
59, 104, 1
59, 112, 1
59, 62, 1
59, 60, 1
59, 100, 1
59, 109, 1
59, 81, 1
59, 68, 1
59, 78, 1
65, 126, 1
65, 92, 1
65, 128, 1
65, 104, 1
65, 112, 1
65, 62, 1
65, 60, 1
65, 100, 1
65, 109, 1
65, 81, 1
65, 68, 1
65, 78, 1
65, 59, 1
88, 126, 1
88, 92, 1
88, 128, 1
88, 104, 1
88, 112, 1
88, 62, 1
88, 60, 1
88, 100, 1
88, 109, 1
88, 81, 1
88, 68, 1
88, 78, 1
88, 59, 1
88, 65, 1
59, 56, -1
59, 4, -1
59, 21, -1
59, 40, -1
59, 20, -1
59, 19, -1
59, 39, -1
59, 36, -1
59, 164, -1
59, 168, -1
59, 132, -1
59, 142, -1
59, 136, -1
59, 160, -1
59, 165, -1
59, 137, -1
59, 143, -1
65, 56, -1
65, 4, -1
65, 21, -1
65, 40, -1
65, 20, -1
65, 19, -1
65, 39, -1
65, 36, -1
65, 164, -1
65, 168, -1
65, 132, -1
65, 142, -1
65, 136, -1
65, 160, -1
65, 165, -1
65, 137, -1
65, 143, -1
88, 56, -1
88, 4, -1
88, 21, -1
88, 40, -1
88, 20, -1
88, 19, -1
88, 39, -1
88, 36, -1
88, 164, -1
88, 168, -1
88, 132, -1
88, 142, -1
88, 136, -1
88, 160, -1
88, 165, -1
88, 137, -1
88, 143, -1

170, 164, 1
170, 168, 1
170, 132, 1
170, 142, 1
170, 136, 1
170, 160, 1
170, 165, 1
170, 137, 1
170, 143, 1
145, 164, 1
145, 168, 1
145, 132, 1
145, 142, 1
145, 136, 1
145, 160, 1
145, 165, 1
145, 137, 1
145, 143, 1
145, 170, 1
44, 56, 1
44, 4, 1
44, 21, 1
44, 40, 1
44, 20, 1
44, 19, 1
44, 39, 1
44, 36, 1
170, 126, -1
170, 92, -1
170, 128, -1
170, 104, -1
170, 112, -1
170, 62, -1
170, 60, -1
170, 100, -1
170, 109, -1
170, 81, -1
170, 68, -1
170, 78, -1
170, 59, -1
170, 65, -1
170, 88, -1
170, 56, -1
170, 4, -1
170, 21, -1
170, 40, -1
170, 20, -1
170, 19, -1
170, 39, -1
170, 36, -1
145, 126, -1
145, 92, -1
145, 128, -1
145, 104, -1
145, 112, -1
145, 62, -1
145, 60, -1
145, 100, -1
145, 109, -1
145, 81, -1
145, 68, -1
145, 78, -1
145, 59, -1
145, 65, -1
145, 88, -1
145, 56, -1
145, 4, -1
145, 21, -1
145, 40, -1
145, 20, -1
145, 19, -1
145, 39, -1
145, 36, -1
44, 126, -1
44, 92, -1
44, 128, -1
44, 104, -1
44, 112, -1
44, 62, -1
44, 60, -1
44, 100, -1
44, 109, -1
44, 81, -1
44, 68, -1
44, 78, -1
44, 59, -1
44, 65, -1
44, 88, -1
44, 164, -1
44, 168, -1
44, 132, -1
44, 142, -1
44, 136, -1
44, 160, -1
44, 165, -1
44, 137, -1
44, 143, -1
44, 170, -1
44, 145, -1

