92, 126, 1
128, 126, 1
128, 92, 1
98, 126, 1
98, 92, 1
98, 128, 1
44, 56, 1
89, 126, 1
89, 92, 1
89, 128, 1
89, 98, 1
56, 126, -1
56, 92, -1
56, 128, -1
98, 56, -1
44, 126, -1
44, 92, -1
44, 128, -1
44, 98, -1
89, 56, -1
89, 44, -1
167, 126, -1
167, 92, -1
167, 128, -1
167, 98, -1
167, 89, -1
167, 56, -1
167, 44, -1

109, 126, 1
109, 92, 1
109, 128, 1
109, 98, 1
109, 89, 1
120, 126, 1
120, 92, 1
120, 128, 1
120, 98, 1
120, 89, 1
120, 109, 1
139, 167, 1
109, 56, -1
109, 44, -1
109, 167, -1
120, 56, -1
120, 44, -1
120, 167, -1
139, 126, -1
139, 92, -1
139, 128, -1
139, 98, -1
139, 89, -1
139, 109, -1
139, 120, -1
139, 56, -1
139, 44, -1

74, 126, 1
74, 92, 1
74, 128, 1
74, 98, 1
74, 89, 1
74, 109, 1
74, 120, 1
74, 106, 1
25, 56, 1
25, 44, 1
156, 167, 1
156, 139, 1
106, 126, 1
106, 92, 1
106, 128, 1
106, 98, 1
106, 89, 1
106, 109, 1
106, 120, 1
106, 106, 1
106, 74, 1
74, 56, -1
74, 44, -1
74, 167, -1
74, 139, -1
25, 126, -1
25, 92, -1
25, 128, -1
25, 98, -1
25, 89, -1
25, 109, -1
25, 120, -1
25, 106, -1
25, 74, -1
25, 167, -1
25, 139, -1
156, 126, -1
156, 92, -1
156, 128, -1
156, 98, -1
156, 89, -1
156, 109, -1
156, 120, -1
156, 106, -1
156, 74, -1
156, 56, -1
156, 44, -1
156, 25, -1
106, 56, -1
106, 44, -1
106, 25, -1
106, 167, -1
106, 139, -1
106, 156, -1

150, 167, 1
150, 139, 1
150, 156, 1
65, 126, 1
65, 92, 1
65, 128, 1
65, 98, 1
65, 89, 1
65, 109, 1
65, 120, 1
65, 106, 1
65, 74, 1
65, 106, 1
24, 56, 1
24, 44, 1
24, 25, 1
150, 126, -1
150, 92, -1
150, 128, -1
150, 98, -1
150, 89, -1
150, 109, -1
150, 120, -1
150, 106, -1
150, 74, -1
150, 106, -1
150, 56, -1
150, 44, -1
150, 25, -1
65, 56, -1
65, 44, -1
65, 25, -1
65, 167, -1
65, 139, -1
65, 156, -1
65, 150, -1
24, 126, -1
24, 92, -1
24, 128, -1
24, 98, -1
24, 89, -1
24, 109, -1
24, 120, -1
24, 106, -1
24, 74, -1
24, 106, -1
24, 65, -1
24, 167, -1
24, 139, -1
24, 156, -1
24, 150, -1

68, 126, 1
68, 92, 1
68, 128, 1
68, 98, 1
68, 89, 1
68, 109, 1
68, 120, 1
68, 106, 1
68, 74, 1
68, 106, 1
68, 65, 1
68, 90, 1
81, 126, 1
81, 92, 1
81, 128, 1
81, 98, 1
81, 89, 1
81, 109, 1
81, 120, 1
81, 106, 1
81, 74, 1
81, 106, 1
81, 65, 1
81, 90, 1
81, 68, 1
90, 126, 1
90, 92, 1
90, 128, 1
90, 98, 1
90, 89, 1
90, 109, 1
90, 120, 1
90, 106, 1
90, 74, 1
90, 106, 1
90, 65, 1
90, 90, 1
90, 68, 1
90, 81, 1
149, 167, 1
149, 139, 1
149, 156, 1
149, 150, 1
68, 56, -1
68, 44, -1
68, 25, -1
68, 24, -1
68, 167, -1
68, 139, -1
68, 156, -1
68, 150, -1
81, 56, -1
81, 44, -1
81, 25, -1
81, 24, -1
81, 167, -1
81, 139, -1
81, 156, -1
81, 150, -1
90, 56, -1
90, 44, -1
90, 25, -1
90, 24, -1
90, 167, -1
90, 139, -1
90, 156, -1
90, 150, -1
149, 126, -1
149, 92, -1
149, 128, -1
149, 98, -1
149, 89, -1
149, 109, -1
149, 120, -1
149, 106, -1
149, 74, -1
149, 106, -1
149, 65, -1
149, 90, -1
149, 68, -1
149, 81, -1
149, 90, -1
149, 56, -1
149, 44, -1
149, 25, -1
149, 24, -1

177, 167, 1
177, 139, 1
177, 156, 1
177, 150, 1
177, 149, 1
62, 126, 1
62, 92, 1
62, 128, 1
62, 98, 1
62, 89, 1
62, 109, 1
62, 120, 1
62, 106, 1
62, 74, 1
62, 106, 1
62, 65, 1
62, 90, 1
62, 68, 1
62, 81, 1
62, 90, 1
95, 126, 1
95, 92, 1
95, 128, 1
95, 98, 1
95, 89, 1
95, 109, 1
95, 120, 1
95, 106, 1
95, 74, 1
95, 106, 1
95, 65, 1
95, 90, 1
95, 68, 1
95, 81, 1
95, 90, 1
95, 62, 1
35, 56, 1
35, 44, 1
35, 25, 1
35, 24, 1
177, 126, -1
177, 92, -1
177, 128, -1
177, 98, -1
177, 89, -1
177, 109, -1
177, 120, -1
177, 106, -1
177, 74, -1
177, 106, -1
177, 65, -1
177, 90, -1
177, 68, -1
177, 81, -1
177, 90, -1
177, 56, -1
177, 44, -1
177, 25, -1
177, 24, -1
62, 56, -1
62, 44, -1
62, 25, -1
62, 24, -1
62, 167, -1
62, 139, -1
62, 156, -1
62, 150, -1
62, 149, -1
62, 177, -1
95, 56, -1
95, 44, -1
95, 25, -1
95, 24, -1
95, 167, -1
95, 139, -1
95, 156, -1
95, 150, -1
95, 149, -1
95, 177, -1
35, 126, -1
35, 92, -1
35, 128, -1
35, 98, -1
35, 89, -1
35, 109, -1
35, 120, -1
35, 106, -1
35, 74, -1
35, 106, -1
35, 65, -1
35, 90, -1
35, 68, -1
35, 81, -1
35, 90, -1
35, 62, -1
35, 95, -1
35, 167, -1
35, 139, -1
35, 156, -1
35, 150, -1
35, 149, -1
35, 177, -1

94, 126, 1
94, 92, 1
94, 128, 1
94, 98, 1
94, 89, 1
94, 109, 1
94, 120, 1
94, 106, 1
94, 74, 1
94, 106, 1
94, 65, 1
94, 90, 1
94, 68, 1
94, 81, 1
94, 90, 1
94, 62, 1
94, 95, 1
94, 116, 1
162, 167, 1
162, 139, 1
162, 156, 1
162, 150, 1
162, 149, 1
162, 177, 1
96, 126, 1
96, 92, 1
96, 128, 1
96, 98, 1
96, 89, 1
96, 109, 1
96, 120, 1
96, 106, 1
96, 74, 1
96, 106, 1
96, 65, 1
96, 90, 1
96, 68, 1
96, 81, 1
96, 90, 1
96, 62, 1
96, 95, 1
96, 116, 1
96, 94, 1
88, 126, 1
88, 92, 1
88, 128, 1
88, 98, 1
88, 89, 1
88, 109, 1
88, 120, 1
88, 106, 1
88, 74, 1
88, 106, 1
88, 65, 1
88, 90, 1
88, 68, 1
88, 81, 1
88, 90, 1
88, 62, 1
88, 95, 1
88, 116, 1
88, 94, 1
88, 96, 1
69, 126, 1
69, 92, 1
69, 128, 1
69, 98, 1
69, 89, 1
69, 109, 1
69, 120, 1
69, 106, 1
69, 74, 1
69, 106, 1
69, 65, 1
69, 90, 1
69, 68, 1
69, 81, 1
69, 90, 1
69, 62, 1
69, 95, 1
69, 116, 1
69, 94, 1
69, 96, 1
69, 88, 1
94, 56, -1
94, 44, -1
94, 25, -1
94, 24, -1
94, 35, -1
94, 167, -1
94, 139, -1
94, 156, -1
94, 150, -1
94, 149, -1
94, 177, -1
162, 126, -1
162, 92, -1
162, 128, -1
162, 98, -1
162, 89, -1
162, 109, -1
162, 120, -1
162, 106, -1
162, 74, -1
162, 106, -1
162, 65, -1
162, 90, -1
162, 68, -1
162, 81, -1
162, 90, -1
162, 62, -1
162, 95, -1
162, 116, -1
162, 94, -1
162, 56, -1
162, 44, -1
162, 25, -1
162, 24, -1
162, 35, -1
96, 56, -1
96, 44, -1
96, 25, -1
96, 24, -1
96, 35, -1
96, 167, -1
96, 139, -1
96, 156, -1
96, 150, -1
96, 149, -1
96, 177, -1
96, 162, -1
88, 56, -1
88, 44, -1
88, 25, -1
88, 24, -1
88, 35, -1
88, 167, -1
88, 139, -1
88, 156, -1
88, 150, -1
88, 149, -1
88, 177, -1
88, 162, -1
69, 56, -1
69, 44, -1
69, 25, -1
69, 24, -1
69, 35, -1
69, 167, -1
69, 139, -1
69, 156, -1
69, 150, -1
69, 149, -1
69, 177, -1
69, 162, -1

21, 56, 1
21, 44, 1
21, 25, 1
21, 24, 1
21, 35, 1
158, 167, 1
158, 139, 1
158, 156, 1
158, 150, 1
158, 149, 1
158, 177, 1
158, 162, 1
101, 126, 1
101, 92, 1
101, 128, 1
101, 98, 1
101, 89, 1
101, 109, 1
101, 120, 1
101, 106, 1
101, 74, 1
101, 106, 1
101, 65, 1
101, 90, 1
101, 68, 1
101, 81, 1
101, 90, 1
101, 62, 1
101, 95, 1
101, 116, 1
101, 94, 1
101, 96, 1
101, 88, 1
101, 69, 1
101, 107, 1
21, 126, -1
21, 92, -1
21, 128, -1
21, 98, -1
21, 89, -1
21, 109, -1
21, 120, -1
21, 106, -1
21, 74, -1
21, 106, -1
21, 65, -1
21, 90, -1
21, 68, -1
21, 81, -1
21, 90, -1
21, 62, -1
21, 95, -1
21, 116, -1
21, 94, -1
21, 96, -1
21, 88, -1
21, 69, -1
21, 107, -1
21, 167, -1
21, 139, -1
21, 156, -1
21, 150, -1
21, 149, -1
21, 177, -1
21, 162, -1
158, 126, -1
158, 92, -1
158, 128, -1
158, 98, -1
158, 89, -1
158, 109, -1
158, 120, -1
158, 106, -1
158, 74, -1
158, 106, -1
158, 65, -1
158, 90, -1
158, 68, -1
158, 81, -1
158, 90, -1
158, 62, -1
158, 95, -1
158, 116, -1
158, 94, -1
158, 96, -1
158, 88, -1
158, 69, -1
158, 107, -1
158, 56, -1
158, 44, -1
158, 25, -1
158, 24, -1
158, 35, -1
158, 21, -1
101, 56, -1
101, 44, -1
101, 25, -1
101, 24, -1
101, 35, -1
101, 21, -1
101, 167, -1
101, 139, -1
101, 156, -1
101, 150, -1
101, 149, -1
101, 177, -1
101, 162, -1
101, 158, -1

28, 56, 1
28, 44, 1
28, 25, 1
28, 24, 1
28, 35, 1
28, 21, 1
63, 126, 1
63, 92, 1
63, 128, 1
63, 98, 1
63, 89, 1
63, 109, 1
63, 120, 1
63, 106, 1
63, 74, 1
63, 106, 1
63, 65, 1
63, 90, 1
63, 68, 1
63, 81, 1
63, 90, 1
63, 62, 1
63, 95, 1
63, 116, 1
63, 94, 1
63, 96, 1
63, 88, 1
63, 69, 1
63, 107, 1
63, 101, 1
63, 117, 1
165, 167, 1
165, 139, 1
165, 156, 1
165, 150, 1
165, 149, 1
165, 177, 1
165, 162, 1
165, 158, 1
165, 172, 1
100, 126, 1
100, 92, 1
100, 128, 1
100, 98, 1
100, 89, 1
100, 109, 1
100, 120, 1
100, 106, 1
100, 74, 1
100, 106, 1
100, 65, 1
100, 90, 1
100, 68, 1
100, 81, 1
100, 90, 1
100, 62, 1
100, 95, 1
100, 116, 1
100, 94, 1
100, 96, 1
100, 88, 1
100, 69, 1
100, 107, 1
100, 101, 1
100, 117, 1
100, 63, 1
28, 126, -1
28, 92, -1
28, 128, -1
28, 98, -1
28, 89, -1
28, 109, -1
28, 120, -1
28, 106, -1
28, 74, -1
28, 106, -1
28, 65, -1
28, 90, -1
28, 68, -1
28, 81, -1
28, 90, -1
28, 62, -1
28, 95, -1
28, 116, -1
28, 94, -1
28, 96, -1
28, 88, -1
28, 69, -1
28, 107, -1
28, 101, -1
28, 117, -1
28, 167, -1
28, 139, -1
28, 156, -1
28, 150, -1
28, 149, -1
28, 177, -1
28, 162, -1
28, 158, -1
28, 172, -1
63, 56, -1
63, 44, -1
63, 25, -1
63, 24, -1
63, 35, -1
63, 21, -1
63, 28, -1
63, 167, -1
63, 139, -1
63, 156, -1
63, 150, -1
63, 149, -1
63, 177, -1
63, 162, -1
63, 158, -1
63, 172, -1
165, 126, -1
165, 92, -1
165, 128, -1
165, 98, -1
165, 89, -1
165, 109, -1
165, 120, -1
165, 106, -1
165, 74, -1
165, 106, -1
165, 65, -1
165, 90, -1
165, 68, -1
165, 81, -1
165, 90, -1
165, 62, -1
165, 95, -1
165, 116, -1
165, 94, -1
165, 96, -1
165, 88, -1
165, 69, -1
165, 107, -1
165, 101, -1
165, 117, -1
165, 63, -1
165, 56, -1
165, 44, -1
165, 25, -1
165, 24, -1
165, 35, -1
165, 21, -1
165, 28, -1
100, 56, -1
100, 44, -1
100, 25, -1
100, 24, -1
100, 35, -1
100, 21, -1
100, 28, -1
100, 167, -1
100, 139, -1
100, 156, -1
100, 150, -1
100, 149, -1
100, 177, -1
100, 162, -1
100, 158, -1
100, 172, -1
100, 165, -1

36, 56, 1
36, 44, 1
36, 25, 1
36, 24, 1
36, 35, 1
36, 21, 1
36, 28, 1
125, 126, 1
125, 92, 1
125, 128, 1
125, 98, 1
125, 89, 1
125, 109, 1
125, 120, 1
125, 106, 1
125, 74, 1
125, 106, 1
125, 65, 1
125, 90, 1
125, 68, 1
125, 81, 1
125, 90, 1
125, 62, 1
125, 95, 1
125, 116, 1
125, 94, 1
125, 96, 1
125, 88, 1
125, 69, 1
125, 107, 1
125, 101, 1
125, 117, 1
125, 63, 1
125, 100, 1
125, 103, 1
131, 167, 1
131, 139, 1
131, 156, 1
131, 150, 1
131, 149, 1
131, 177, 1
131, 162, 1
131, 158, 1
131, 172, 1
131, 165, 1
131, 164, 1
104, 126, 1
104, 92, 1
104, 128, 1
104, 98, 1
104, 89, 1
104, 109, 1
104, 120, 1
104, 106, 1
104, 74, 1
104, 106, 1
104, 65, 1
104, 90, 1
104, 68, 1
104, 81, 1
104, 90, 1
104, 62, 1
104, 95, 1
104, 116, 1
104, 94, 1
104, 96, 1
104, 88, 1
104, 69, 1
104, 107, 1
104, 101, 1
104, 117, 1
104, 63, 1
104, 100, 1
104, 103, 1
104, 125, 1
36, 126, -1
36, 92, -1
36, 128, -1
36, 98, -1
36, 89, -1
36, 109, -1
36, 120, -1
36, 106, -1
36, 74, -1
36, 106, -1
36, 65, -1
36, 90, -1
36, 68, -1
36, 81, -1
36, 90, -1
36, 62, -1
36, 95, -1
36, 116, -1
36, 94, -1
36, 96, -1
36, 88, -1
36, 69, -1
36, 107, -1
36, 101, -1
36, 117, -1
36, 63, -1
36, 100, -1
36, 103, -1
36, 167, -1
36, 139, -1
36, 156, -1
36, 150, -1
36, 149, -1
36, 177, -1
36, 162, -1
36, 158, -1
36, 172, -1
36, 165, -1
36, 164, -1
125, 56, -1
125, 44, -1
125, 25, -1
125, 24, -1
125, 35, -1
125, 21, -1
125, 28, -1
125, 36, -1
125, 167, -1
125, 139, -1
125, 156, -1
125, 150, -1
125, 149, -1
125, 177, -1
125, 162, -1
125, 158, -1
125, 172, -1
125, 165, -1
125, 164, -1
131, 126, -1
131, 92, -1
131, 128, -1
131, 98, -1
131, 89, -1
131, 109, -1
131, 120, -1
131, 106, -1
131, 74, -1
131, 106, -1
131, 65, -1
131, 90, -1
131, 68, -1
131, 81, -1
131, 90, -1
131, 62, -1
131, 95, -1
131, 116, -1
131, 94, -1
131, 96, -1
131, 88, -1
131, 69, -1
131, 107, -1
131, 101, -1
131, 117, -1
131, 63, -1
131, 100, -1
131, 103, -1
131, 125, -1
131, 56, -1
131, 44, -1
131, 25, -1
131, 24, -1
131, 35, -1
131, 21, -1
131, 28, -1
131, 36, -1
104, 56, -1
104, 44, -1
104, 25, -1
104, 24, -1
104, 35, -1
104, 21, -1
104, 28, -1
104, 36, -1
104, 167, -1
104, 139, -1
104, 156, -1
104, 150, -1
104, 149, -1
104, 177, -1
104, 162, -1
104, 158, -1
104, 172, -1
104, 165, -1
104, 164, -1
104, 131, -1

