92, 126, 1
128, 126, 1
128, 92, 1
98, 126, 1
98, 92, 1
98, 128, 1
36, 56, 1
100, 126, 1
100, 92, 1
100, 128, 1
100, 98, 1
109, 126, 1
109, 92, 1
109, 128, 1
109, 98, 1
109, 100, 1
56, 126, -1
56, 92, -1
56, 128, -1
98, 56, -1
36, 126, -1
36, 92, -1
36, 128, -1
36, 98, -1
100, 56, -1
100, 36, -1
153, 126, -1
153, 92, -1
153, 128, -1
153, 98, -1
153, 100, -1
153, 56, -1
153, 36, -1
109, 56, -1
109, 36, -1
109, 153, -1

150, 153, 1
65, 126, 1
65, 92, 1
65, 128, 1
65, 98, 1
65, 100, 1
65, 109, 1
24, 56, 1
24, 36, 1
150, 126, -1
150, 92, -1
150, 128, -1
150, 98, -1
150, 100, -1
150, 109, -1
150, 56, -1
150, 36, -1
65, 56, -1
65, 36, -1
65, 153, -1
65, 150, -1
24, 126, -1
24, 92, -1
24, 128, -1
24, 98, -1
24, 100, -1
24, 109, -1
24, 65, -1
24, 153, -1
24, 150, -1

138, 153, 1
138, 150, 1
21, 56, 1
21, 36, 1
21, 24, 1
44, 56, 1
44, 36, 1
44, 24, 1
44, 21, 1
138, 126, -1
138, 92, -1
138, 128, -1
138, 98, -1
138, 100, -1
138, 109, -1
138, 65, -1
138, 56, -1
138, 36, -1
138, 24, -1
21, 126, -1
21, 92, -1
21, 128, -1
21, 98, -1
21, 100, -1
21, 109, -1
21, 65, -1
21, 153, -1
21, 150, -1
21, 138, -1
44, 126, -1
44, 92, -1
44, 128, -1
44, 98, -1
44, 100, -1
44, 109, -1
44, 65, -1
44, 153, -1
44, 150, -1
44, 138, -1

35, 56, 1
35, 36, 1
35, 24, 1
35, 21, 1
35, 44, 1
120, 126, 1
120, 92, 1
120, 128, 1
120, 98, 1
120, 100, 1
120, 109, 1
120, 65, 1
142, 153, 1
142, 150, 1
142, 138, 1
35, 126, -1
35, 92, -1
35, 128, -1
35, 98, -1
35, 100, -1
35, 109, -1
35, 65, -1
35, 153, -1
35, 150, -1
35, 138, -1
120, 56, -1
120, 36, -1
120, 24, -1
120, 21, -1
120, 44, -1
120, 35, -1
120, 153, -1
120, 150, -1
120, 138, -1
142, 126, -1
142, 92, -1
142, 128, -1
142, 98, -1
142, 100, -1
142, 109, -1
142, 65, -1
142, 120, -1
142, 56, -1
142, 36, -1
142, 24, -1
142, 21, -1
142, 44, -1
142, 35, -1

139, 153, 1
139, 150, 1
139, 138, 1
139, 142, 1
95, 126, 1
95, 92, 1
95, 128, 1
95, 98, 1
95, 100, 1
95, 109, 1
95, 65, 1
95, 120, 1
25, 56, 1
25, 36, 1
25, 24, 1
25, 21, 1
25, 44, 1
25, 35, 1
139, 126, -1
139, 92, -1
139, 128, -1
139, 98, -1
139, 100, -1
139, 109, -1
139, 65, -1
139, 120, -1
139, 56, -1
139, 36, -1
139, 24, -1
139, 21, -1
139, 44, -1
139, 35, -1
95, 56, -1
95, 36, -1
95, 24, -1
95, 21, -1
95, 44, -1
95, 35, -1
95, 153, -1
95, 150, -1
95, 138, -1
95, 142, -1
95, 139, -1
25, 126, -1
25, 92, -1
25, 128, -1
25, 98, -1
25, 100, -1
25, 109, -1
25, 65, -1
25, 120, -1
25, 95, -1
25, 153, -1
25, 150, -1
25, 138, -1
25, 142, -1
25, 139, -1

74, 126, 1
74, 92, 1
74, 128, 1
74, 98, 1
74, 100, 1
74, 109, 1
74, 65, 1
74, 120, 1
74, 95, 1
149, 153, 1
149, 150, 1
149, 138, 1
149, 142, 1
149, 139, 1
43, 56, 1
43, 36, 1
43, 24, 1
43, 21, 1
43, 44, 1
43, 35, 1
43, 25, 1
74, 56, -1
74, 36, -1
74, 24, -1
74, 21, -1
74, 44, -1
74, 35, -1
74, 25, -1
74, 153, -1
74, 150, -1
74, 138, -1
74, 142, -1
74, 139, -1
149, 126, -1
149, 92, -1
149, 128, -1
149, 98, -1
149, 100, -1
149, 109, -1
149, 65, -1
149, 120, -1
149, 95, -1
149, 74, -1
149, 56, -1
149, 36, -1
149, 24, -1
149, 21, -1
149, 44, -1
149, 35, -1
149, 25, -1
43, 126, -1
43, 92, -1
43, 128, -1
43, 98, -1
43, 100, -1
43, 109, -1
43, 65, -1
43, 120, -1
43, 95, -1
43, 74, -1
43, 153, -1
43, 150, -1
43, 138, -1
43, 142, -1
43, 139, -1
43, 149, -1

11, 56, 1
11, 36, 1
11, 24, 1
11, 21, 1
11, 44, 1
11, 35, 1
11, 25, 1
11, 43, 1
81, 126, 1
81, 92, 1
81, 128, 1
81, 98, 1
81, 100, 1
81, 109, 1
81, 65, 1
81, 120, 1
81, 95, 1
81, 74, 1
4, 56, 1
4, 36, 1
4, 24, 1
4, 21, 1
4, 44, 1
4, 35, 1
4, 25, 1
4, 43, 1
4, 11, 1
11, 126, -1
11, 92, -1
11, 128, -1
11, 98, -1
11, 100, -1
11, 109, -1
11, 65, -1
11, 120, -1
11, 95, -1
11, 74, -1
11, 153, -1
11, 150, -1
11, 138, -1
11, 142, -1
11, 139, -1
11, 149, -1
81, 56, -1
81, 36, -1
81, 24, -1
81, 21, -1
81, 44, -1
81, 35, -1
81, 25, -1
81, 43, -1
81, 11, -1
81, 153, -1
81, 150, -1
81, 138, -1
81, 142, -1
81, 139, -1
81, 149, -1
4, 126, -1
4, 92, -1
4, 128, -1
4, 98, -1
4, 100, -1
4, 109, -1
4, 65, -1
4, 120, -1
4, 95, -1
4, 74, -1
4, 81, -1
4, 153, -1
4, 150, -1
4, 138, -1
4, 142, -1
4, 139, -1
4, 149, -1

20, 56, 1
20, 36, 1
20, 24, 1
20, 21, 1
20, 44, 1
20, 35, 1
20, 25, 1
20, 43, 1
20, 11, 1
20, 4, 1
89, 126, 1
89, 92, 1
89, 128, 1
89, 98, 1
89, 100, 1
89, 109, 1
89, 65, 1
89, 120, 1
89, 95, 1
89, 74, 1
89, 81, 1
156, 153, 1
156, 150, 1
156, 138, 1
156, 142, 1
156, 139, 1
156, 149, 1
20, 126, -1
20, 92, -1
20, 128, -1
20, 98, -1
20, 100, -1
20, 109, -1
20, 65, -1
20, 120, -1
20, 95, -1
20, 74, -1
20, 81, -1
20, 153, -1
20, 150, -1
20, 138, -1
20, 142, -1
20, 139, -1
20, 149, -1
89, 56, -1
89, 36, -1
89, 24, -1
89, 21, -1
89, 44, -1
89, 35, -1
89, 25, -1
89, 43, -1
89, 11, -1
89, 4, -1
89, 20, -1
89, 153, -1
89, 150, -1
89, 138, -1
89, 142, -1
89, 139, -1
89, 149, -1
156, 126, -1
156, 92, -1
156, 128, -1
156, 98, -1
156, 100, -1
156, 109, -1
156, 65, -1
156, 120, -1
156, 95, -1
156, 74, -1
156, 81, -1
156, 89, -1
156, 56, -1
156, 36, -1
156, 24, -1
156, 21, -1
156, 44, -1
156, 35, -1
156, 25, -1
156, 43, -1
156, 11, -1
156, 4, -1
156, 20, -1

143, 153, 1
143, 150, 1
143, 138, 1
143, 142, 1
143, 139, 1
143, 149, 1
143, 156, 1
69, 126, 1
69, 92, 1
69, 128, 1
69, 98, 1
69, 100, 1
69, 109, 1
69, 65, 1
69, 120, 1
69, 95, 1
69, 74, 1
69, 81, 1
69, 89, 1
68, 126, 1
68, 92, 1
68, 128, 1
68, 98, 1
68, 100, 1
68, 109, 1
68, 65, 1
68, 120, 1
68, 95, 1
68, 74, 1
68, 81, 1
68, 89, 1
68, 69, 1
143, 126, -1
143, 92, -1
143, 128, -1
143, 98, -1
143, 100, -1
143, 109, -1
143, 65, -1
143, 120, -1
143, 95, -1
143, 74, -1
143, 81, -1
143, 89, -1
143, 56, -1
143, 36, -1
143, 24, -1
143, 21, -1
143, 44, -1
143, 35, -1
143, 25, -1
143, 43, -1
143, 11, -1
143, 4, -1
143, 20, -1
69, 56, -1
69, 36, -1
69, 24, -1
69, 21, -1
69, 44, -1
69, 35, -1
69, 25, -1
69, 43, -1
69, 11, -1
69, 4, -1
69, 20, -1
69, 153, -1
69, 150, -1
69, 138, -1
69, 142, -1
69, 139, -1
69, 149, -1
69, 156, -1
69, 143, -1
68, 56, -1
68, 36, -1
68, 24, -1
68, 21, -1
68, 44, -1
68, 35, -1
68, 25, -1
68, 43, -1
68, 11, -1
68, 4, -1
68, 20, -1
68, 153, -1
68, 150, -1
68, 138, -1
68, 142, -1
68, 139, -1
68, 149, -1
68, 156, -1
68, 143, -1

177, 153, 1
177, 150, 1
177, 138, 1
177, 142, 1
177, 139, 1
177, 149, 1
177, 156, 1
177, 143, 1
62, 126, 1
62, 92, 1
62, 128, 1
62, 98, 1
62, 100, 1
62, 109, 1
62, 65, 1
62, 120, 1
62, 95, 1
62, 74, 1
62, 81, 1
62, 89, 1
62, 69, 1
62, 68, 1
78, 126, 1
78, 92, 1
78, 128, 1
78, 98, 1
78, 100, 1
78, 109, 1
78, 65, 1
78, 120, 1
78, 95, 1
78, 74, 1
78, 81, 1
78, 89, 1
78, 69, 1
78, 68, 1
78, 62, 1
39, 56, 1
39, 36, 1
39, 24, 1
39, 21, 1
39, 44, 1
39, 35, 1
39, 25, 1
39, 43, 1
39, 11, 1
39, 4, 1
39, 20, 1
177, 126, -1
177, 92, -1
177, 128, -1
177, 98, -1
177, 100, -1
177, 109, -1
177, 65, -1
177, 120, -1
177, 95, -1
177, 74, -1
177, 81, -1
177, 89, -1
177, 69, -1
177, 68, -1
177, 56, -1
177, 36, -1
177, 24, -1
177, 21, -1
177, 44, -1
177, 35, -1
177, 25, -1
177, 43, -1
177, 11, -1
177, 4, -1
177, 20, -1
62, 56, -1
62, 36, -1
62, 24, -1
62, 21, -1
62, 44, -1
62, 35, -1
62, 25, -1
62, 43, -1
62, 11, -1
62, 4, -1
62, 20, -1
62, 153, -1
62, 150, -1
62, 138, -1
62, 142, -1
62, 139, -1
62, 149, -1
62, 156, -1
62, 143, -1
62, 177, -1
78, 56, -1
78, 36, -1
78, 24, -1
78, 21, -1
78, 44, -1
78, 35, -1
78, 25, -1
78, 43, -1
78, 11, -1
78, 4, -1
78, 20, -1
78, 153, -1
78, 150, -1
78, 138, -1
78, 142, -1
78, 139, -1
78, 149, -1
78, 156, -1
78, 143, -1
78, 177, -1
39, 126, -1
39, 92, -1
39, 128, -1
39, 98, -1
39, 100, -1
39, 109, -1
39, 65, -1
39, 120, -1
39, 95, -1
39, 74, -1
39, 81, -1
39, 89, -1
39, 69, -1
39, 68, -1
39, 62, -1
39, 78, -1
39, 153, -1
39, 150, -1
39, 138, -1
39, 142, -1
39, 139, -1
39, 149, -1
39, 156, -1
39, 143, -1
39, 177, -1

