348, 382, 1
164, 126, 1
249, 126, 1
249, 164, 1
120, 382, 1
120, 348, 1
371, 382, 1
371, 348, 1
371, 120, 1
109, 126, 1
109, 164, 1
109, 249, 1
126, 382, -1
126, 348, -1
164, 382, -1
164, 348, -1
249, 382, -1
249, 348, -1
120, 126, -1
120, 164, -1
120, 249, -1
371, 126, -1
371, 164, -1
371, 249, -1
109, 382, -1
109, 348, -1
109, 120, -1
109, 371, -1

403, 126, 1
403, 164, 1
403, 249, 1
403, 109, 1
489, 382, 1
489, 348, 1
489, 120, 1
489, 371, 1
401, 126, 1
401, 164, 1
401, 249, 1
401, 109, 1
401, 403, 1
122, 382, 1
122, 348, 1
122, 120, 1
122, 371, 1
122, 489, 1
99, 126, 1
99, 164, 1
99, 249, 1
99, 109, 1
99, 403, 1
99, 401, 1
25, 382, 1
25, 348, 1
25, 120, 1
25, 371, 1
25, 489, 1
25, 122, 1
64, 382, 1
64, 348, 1
64, 120, 1
64, 371, 1
64, 489, 1
64, 122, 1
64, 25, 1
403, 382, -1
403, 348, -1
403, 120, -1
403, 371, -1
489, 126, -1
489, 164, -1
489, 249, -1
489, 109, -1
489, 403, -1
401, 382, -1
401, 348, -1
401, 120, -1
401, 371, -1
401, 489, -1
122, 126, -1
122, 164, -1
122, 249, -1
122, 109, -1
122, 403, -1
122, 401, -1
99, 382, -1
99, 348, -1
99, 120, -1
99, 371, -1
99, 489, -1
99, 122, -1
25, 126, -1
25, 164, -1
25, 249, -1
25, 109, -1
25, 403, -1
25, 401, -1
25, 99, -1
64, 126, -1
64, 164, -1
64, 249, -1
64, 109, -1
64, 403, -1
64, 401, -1
64, 99, -1

11, 382, 1
11, 348, 1
11, 120, 1
11, 371, 1
11, 489, 1
11, 122, 1
11, 25, 1
11, 64, 1
499, 382, 1
499, 348, 1
499, 120, 1
499, 371, 1
499, 489, 1
499, 122, 1
499, 25, 1
499, 64, 1
499, 11, 1
426, 126, 1
426, 164, 1
426, 249, 1
426, 109, 1
426, 403, 1
426, 401, 1
426, 99, 1
89, 382, 1
89, 348, 1
89, 120, 1
89, 371, 1
89, 489, 1
89, 122, 1
89, 25, 1
89, 64, 1
89, 11, 1
89, 499, 1
133, 382, 1
133, 348, 1
133, 120, 1
133, 371, 1
133, 489, 1
133, 122, 1
133, 25, 1
133, 64, 1
133, 11, 1
133, 499, 1
133, 89, 1
491, 382, 1
491, 348, 1
491, 120, 1
491, 371, 1
491, 489, 1
491, 122, 1
491, 25, 1
491, 64, 1
491, 11, 1
491, 499, 1
491, 89, 1
491, 133, 1
415, 126, 1
415, 164, 1
415, 249, 1
415, 109, 1
415, 403, 1
415, 401, 1
415, 99, 1
415, 426, 1
183, 382, 1
183, 348, 1
183, 120, 1
183, 371, 1
183, 489, 1
183, 122, 1
183, 25, 1
183, 64, 1
183, 11, 1
183, 499, 1
183, 89, 1
183, 133, 1
183, 491, 1
11, 126, -1
11, 164, -1
11, 249, -1
11, 109, -1
11, 403, -1
11, 401, -1
11, 99, -1
499, 126, -1
499, 164, -1
499, 249, -1
499, 109, -1
499, 403, -1
499, 401, -1
499, 99, -1
426, 382, -1
426, 348, -1
426, 120, -1
426, 371, -1
426, 489, -1
426, 122, -1
426, 25, -1
426, 64, -1
426, 11, -1
426, 499, -1
89, 126, -1
89, 164, -1
89, 249, -1
89, 109, -1
89, 403, -1
89, 401, -1
89, 99, -1
89, 426, -1
133, 126, -1
133, 164, -1
133, 249, -1
133, 109, -1
133, 403, -1
133, 401, -1
133, 99, -1
133, 426, -1
491, 126, -1
491, 164, -1
491, 249, -1
491, 109, -1
491, 403, -1
491, 401, -1
491, 99, -1
491, 426, -1
415, 382, -1
415, 348, -1
415, 120, -1
415, 371, -1
415, 489, -1
415, 122, -1
415, 25, -1
415, 64, -1
415, 11, -1
415, 499, -1
415, 89, -1
415, 133, -1
415, 491, -1
183, 126, -1
183, 164, -1
183, 249, -1
183, 109, -1
183, 403, -1
183, 401, -1
183, 99, -1
183, 426, -1
183, 415, -1

259, 382, 1
259, 348, 1
259, 120, 1
259, 371, 1
259, 489, 1
259, 122, 1
259, 25, 1
259, 64, 1
259, 11, 1
259, 499, 1
259, 89, 1
259, 133, 1
259, 491, 1
259, 183, 1
320, 126, 1
320, 164, 1
320, 249, 1
320, 109, 1
320, 403, 1
320, 401, 1
320, 99, 1
320, 426, 1
320, 415, 1
413, 382, 1
413, 348, 1
413, 120, 1
413, 371, 1
413, 489, 1
413, 122, 1
413, 25, 1
413, 64, 1
413, 11, 1
413, 499, 1
413, 89, 1
413, 133, 1
413, 491, 1
413, 183, 1
413, 259, 1
482, 382, 1
482, 348, 1
482, 120, 1
482, 371, 1
482, 489, 1
482, 122, 1
482, 25, 1
482, 64, 1
482, 11, 1
482, 499, 1
482, 89, 1
482, 133, 1
482, 491, 1
482, 183, 1
482, 259, 1
482, 413, 1
177, 382, 1
177, 348, 1
177, 120, 1
177, 371, 1
177, 489, 1
177, 122, 1
177, 25, 1
177, 64, 1
177, 11, 1
177, 499, 1
177, 89, 1
177, 133, 1
177, 491, 1
177, 183, 1
177, 259, 1
177, 413, 1
177, 482, 1
222, 382, 1
222, 348, 1
222, 120, 1
222, 371, 1
222, 489, 1
222, 122, 1
222, 25, 1
222, 64, 1
222, 11, 1
222, 499, 1
222, 89, 1
222, 133, 1
222, 491, 1
222, 183, 1
222, 259, 1
222, 413, 1
222, 482, 1
222, 177, 1
265, 382, 1
265, 348, 1
265, 120, 1
265, 371, 1
265, 489, 1
265, 122, 1
265, 25, 1
265, 64, 1
265, 11, 1
265, 499, 1
265, 89, 1
265, 133, 1
265, 491, 1
265, 183, 1
265, 259, 1
265, 413, 1
265, 482, 1
265, 177, 1
265, 222, 1
156, 382, 1
156, 348, 1
156, 120, 1
156, 371, 1
156, 489, 1
156, 122, 1
156, 25, 1
156, 64, 1
156, 11, 1
156, 499, 1
156, 89, 1
156, 133, 1
156, 491, 1
156, 183, 1
156, 259, 1
156, 413, 1
156, 482, 1
156, 177, 1
156, 222, 1
156, 265, 1
449, 382, 1
449, 348, 1
449, 120, 1
449, 371, 1
449, 489, 1
449, 122, 1
449, 25, 1
449, 64, 1
449, 11, 1
449, 499, 1
449, 89, 1
449, 133, 1
449, 491, 1
449, 183, 1
449, 259, 1
449, 413, 1
449, 482, 1
449, 177, 1
449, 222, 1
449, 265, 1
449, 156, 1
259, 126, -1
259, 164, -1
259, 249, -1
259, 109, -1
259, 403, -1
259, 401, -1
259, 99, -1
259, 426, -1
259, 415, -1
320, 382, -1
320, 348, -1
320, 120, -1
320, 371, -1
320, 489, -1
320, 122, -1
320, 25, -1
320, 64, -1
320, 11, -1
320, 499, -1
320, 89, -1
320, 133, -1
320, 491, -1
320, 183, -1
320, 259, -1
413, 126, -1
413, 164, -1
413, 249, -1
413, 109, -1
413, 403, -1
413, 401, -1
413, 99, -1
413, 426, -1
413, 415, -1
413, 320, -1
482, 126, -1
482, 164, -1
482, 249, -1
482, 109, -1
482, 403, -1
482, 401, -1
482, 99, -1
482, 426, -1
482, 415, -1
482, 320, -1
177, 126, -1
177, 164, -1
177, 249, -1
177, 109, -1
177, 403, -1
177, 401, -1
177, 99, -1
177, 426, -1
177, 415, -1
177, 320, -1
222, 126, -1
222, 164, -1
222, 249, -1
222, 109, -1
222, 403, -1
222, 401, -1
222, 99, -1
222, 426, -1
222, 415, -1
222, 320, -1
265, 126, -1
265, 164, -1
265, 249, -1
265, 109, -1
265, 403, -1
265, 401, -1
265, 99, -1
265, 426, -1
265, 415, -1
265, 320, -1
156, 126, -1
156, 164, -1
156, 249, -1
156, 109, -1
156, 403, -1
156, 401, -1
156, 99, -1
156, 426, -1
156, 415, -1
156, 320, -1
449, 126, -1
449, 164, -1
449, 249, -1
449, 109, -1
449, 403, -1
449, 401, -1
449, 99, -1
449, 426, -1
449, 415, -1
449, 320, -1

3, 382, 1
3, 348, 1
3, 120, 1
3, 371, 1
3, 489, 1
3, 122, 1
3, 25, 1
3, 64, 1
3, 11, 1
3, 499, 1
3, 89, 1
3, 133, 1
3, 491, 1
3, 183, 1
3, 259, 1
3, 413, 1
3, 482, 1
3, 177, 1
3, 222, 1
3, 265, 1
3, 156, 1
3, 449, 1
466, 382, 1
466, 348, 1
466, 120, 1
466, 371, 1
466, 489, 1
466, 122, 1
466, 25, 1
466, 64, 1
466, 11, 1
466, 499, 1
466, 89, 1
466, 133, 1
466, 491, 1
466, 183, 1
466, 259, 1
466, 413, 1
466, 482, 1
466, 177, 1
466, 222, 1
466, 265, 1
466, 156, 1
466, 449, 1
466, 3, 1
87, 382, 1
87, 348, 1
87, 120, 1
87, 371, 1
87, 489, 1
87, 122, 1
87, 25, 1
87, 64, 1
87, 11, 1
87, 499, 1
87, 89, 1
87, 133, 1
87, 491, 1
87, 183, 1
87, 259, 1
87, 413, 1
87, 482, 1
87, 177, 1
87, 222, 1
87, 265, 1
87, 156, 1
87, 449, 1
87, 3, 1
87, 466, 1
244, 126, 1
244, 164, 1
244, 249, 1
244, 109, 1
244, 403, 1
244, 401, 1
244, 99, 1
244, 426, 1
244, 415, 1
244, 320, 1
290, 126, 1
290, 164, 1
290, 249, 1
290, 109, 1
290, 403, 1
290, 401, 1
290, 99, 1
290, 426, 1
290, 415, 1
290, 320, 1
290, 244, 1
163, 382, 1
163, 348, 1
163, 120, 1
163, 371, 1
163, 489, 1
163, 122, 1
163, 25, 1
163, 64, 1
163, 11, 1
163, 499, 1
163, 89, 1
163, 133, 1
163, 491, 1
163, 183, 1
163, 259, 1
163, 413, 1
163, 482, 1
163, 177, 1
163, 222, 1
163, 265, 1
163, 156, 1
163, 449, 1
163, 3, 1
163, 466, 1
163, 87, 1
43, 382, 1
43, 348, 1
43, 120, 1
43, 371, 1
43, 489, 1
43, 122, 1
43, 25, 1
43, 64, 1
43, 11, 1
43, 499, 1
43, 89, 1
43, 133, 1
43, 491, 1
43, 183, 1
43, 259, 1
43, 413, 1
43, 482, 1
43, 177, 1
43, 222, 1
43, 265, 1
43, 156, 1
43, 449, 1
43, 3, 1
43, 466, 1
43, 87, 1
43, 163, 1
58, 382, 1
58, 348, 1
58, 120, 1
58, 371, 1
58, 489, 1
58, 122, 1
58, 25, 1
58, 64, 1
58, 11, 1
58, 499, 1
58, 89, 1
58, 133, 1
58, 491, 1
58, 183, 1
58, 259, 1
58, 413, 1
58, 482, 1
58, 177, 1
58, 222, 1
58, 265, 1
58, 156, 1
58, 449, 1
58, 3, 1
58, 466, 1
58, 87, 1
58, 163, 1
58, 43, 1
3, 126, -1
3, 164, -1
3, 249, -1
3, 109, -1
3, 403, -1
3, 401, -1
3, 99, -1
3, 426, -1
3, 415, -1
3, 320, -1
466, 126, -1
466, 164, -1
466, 249, -1
466, 109, -1
466, 403, -1
466, 401, -1
466, 99, -1
466, 426, -1
466, 415, -1
466, 320, -1
87, 126, -1
87, 164, -1
87, 249, -1
87, 109, -1
87, 403, -1
87, 401, -1
87, 99, -1
87, 426, -1
87, 415, -1
87, 320, -1
244, 382, -1
244, 348, -1
244, 120, -1
244, 371, -1
244, 489, -1
244, 122, -1
244, 25, -1
244, 64, -1
244, 11, -1
244, 499, -1
244, 89, -1
244, 133, -1
244, 491, -1
244, 183, -1
244, 259, -1
244, 413, -1
244, 482, -1
244, 177, -1
244, 222, -1
244, 265, -1
244, 156, -1
244, 449, -1
244, 3, -1
244, 466, -1
244, 87, -1
290, 382, -1
290, 348, -1
290, 120, -1
290, 371, -1
290, 489, -1
290, 122, -1
290, 25, -1
290, 64, -1
290, 11, -1
290, 499, -1
290, 89, -1
290, 133, -1
290, 491, -1
290, 183, -1
290, 259, -1
290, 413, -1
290, 482, -1
290, 177, -1
290, 222, -1
290, 265, -1
290, 156, -1
290, 449, -1
290, 3, -1
290, 466, -1
290, 87, -1
163, 126, -1
163, 164, -1
163, 249, -1
163, 109, -1
163, 403, -1
163, 401, -1
163, 99, -1
163, 426, -1
163, 415, -1
163, 320, -1
163, 244, -1
163, 290, -1
43, 126, -1
43, 164, -1
43, 249, -1
43, 109, -1
43, 403, -1
43, 401, -1
43, 99, -1
43, 426, -1
43, 415, -1
43, 320, -1
43, 244, -1
43, 290, -1
58, 126, -1
58, 164, -1
58, 249, -1
58, 109, -1
58, 403, -1
58, 401, -1
58, 99, -1
58, 426, -1
58, 415, -1
58, 320, -1
58, 244, -1
58, 290, -1

105, 126, 1
105, 164, 1
105, 249, 1
105, 109, 1
105, 403, 1
105, 401, 1
105, 99, 1
105, 426, 1
105, 415, 1
105, 320, 1
105, 244, 1
105, 290, 1
115, 126, 1
115, 164, 1
115, 249, 1
115, 109, 1
115, 403, 1
115, 401, 1
115, 99, 1
115, 426, 1
115, 415, 1
115, 320, 1
115, 244, 1
115, 290, 1
115, 105, 1
184, 126, 1
184, 164, 1
184, 249, 1
184, 109, 1
184, 403, 1
184, 401, 1
184, 99, 1
184, 426, 1
184, 415, 1
184, 320, 1
184, 244, 1
184, 290, 1
184, 105, 1
184, 115, 1
138, 382, 1
138, 348, 1
138, 120, 1
138, 371, 1
138, 489, 1
138, 122, 1
138, 25, 1
138, 64, 1
138, 11, 1
138, 499, 1
138, 89, 1
138, 133, 1
138, 491, 1
138, 183, 1
138, 259, 1
138, 413, 1
138, 482, 1
138, 177, 1
138, 222, 1
138, 265, 1
138, 156, 1
138, 449, 1
138, 3, 1
138, 466, 1
138, 87, 1
138, 163, 1
138, 43, 1
138, 58, 1
153, 382, 1
153, 348, 1
153, 120, 1
153, 371, 1
153, 489, 1
153, 122, 1
153, 25, 1
153, 64, 1
153, 11, 1
153, 499, 1
153, 89, 1
153, 133, 1
153, 491, 1
153, 183, 1
153, 259, 1
153, 413, 1
153, 482, 1
153, 177, 1
153, 222, 1
153, 265, 1
153, 156, 1
153, 449, 1
153, 3, 1
153, 466, 1
153, 87, 1
153, 163, 1
153, 43, 1
153, 58, 1
153, 138, 1
107, 126, 1
107, 164, 1
107, 249, 1
107, 109, 1
107, 403, 1
107, 401, 1
107, 99, 1
107, 426, 1
107, 415, 1
107, 320, 1
107, 244, 1
107, 290, 1
107, 105, 1
107, 115, 1
107, 184, 1
105, 382, -1
105, 348, -1
105, 120, -1
105, 371, -1
105, 489, -1
105, 122, -1
105, 25, -1
105, 64, -1
105, 11, -1
105, 499, -1
105, 89, -1
105, 133, -1
105, 491, -1
105, 183, -1
105, 259, -1
105, 413, -1
105, 482, -1
105, 177, -1
105, 222, -1
105, 265, -1
105, 156, -1
105, 449, -1
105, 3, -1
105, 466, -1
105, 87, -1
105, 163, -1
105, 43, -1
105, 58, -1
115, 382, -1
115, 348, -1
115, 120, -1
115, 371, -1
115, 489, -1
115, 122, -1
115, 25, -1
115, 64, -1
115, 11, -1
115, 499, -1
115, 89, -1
115, 133, -1
115, 491, -1
115, 183, -1
115, 259, -1
115, 413, -1
115, 482, -1
115, 177, -1
115, 222, -1
115, 265, -1
115, 156, -1
115, 449, -1
115, 3, -1
115, 466, -1
115, 87, -1
115, 163, -1
115, 43, -1
115, 58, -1
184, 382, -1
184, 348, -1
184, 120, -1
184, 371, -1
184, 489, -1
184, 122, -1
184, 25, -1
184, 64, -1
184, 11, -1
184, 499, -1
184, 89, -1
184, 133, -1
184, 491, -1
184, 183, -1
184, 259, -1
184, 413, -1
184, 482, -1
184, 177, -1
184, 222, -1
184, 265, -1
184, 156, -1
184, 449, -1
184, 3, -1
184, 466, -1
184, 87, -1
184, 163, -1
184, 43, -1
184, 58, -1
138, 126, -1
138, 164, -1
138, 249, -1
138, 109, -1
138, 403, -1
138, 401, -1
138, 99, -1
138, 426, -1
138, 415, -1
138, 320, -1
138, 244, -1
138, 290, -1
138, 105, -1
138, 115, -1
138, 184, -1
153, 126, -1
153, 164, -1
153, 249, -1
153, 109, -1
153, 403, -1
153, 401, -1
153, 99, -1
153, 426, -1
153, 415, -1
153, 320, -1
153, 244, -1
153, 290, -1
153, 105, -1
153, 115, -1
153, 184, -1
107, 382, -1
107, 348, -1
107, 120, -1
107, 371, -1
107, 489, -1
107, 122, -1
107, 25, -1
107, 64, -1
107, 11, -1
107, 499, -1
107, 89, -1
107, 133, -1
107, 491, -1
107, 183, -1
107, 259, -1
107, 413, -1
107, 482, -1
107, 177, -1
107, 222, -1
107, 265, -1
107, 156, -1
107, 449, -1
107, 3, -1
107, 466, -1
107, 87, -1
107, 163, -1
107, 43, -1
107, 58, -1
107, 138, -1
107, 153, -1

302, 126, 1
302, 164, 1
302, 249, 1
302, 109, 1
302, 403, 1
302, 401, 1
302, 99, 1
302, 426, 1
302, 415, 1
302, 320, 1
302, 244, 1
302, 290, 1
302, 105, 1
302, 115, 1
302, 184, 1
302, 107, 1
50, 126, 1
50, 164, 1
50, 249, 1
50, 109, 1
50, 403, 1
50, 401, 1
50, 99, 1
50, 426, 1
50, 415, 1
50, 320, 1
50, 244, 1
50, 290, 1
50, 105, 1
50, 115, 1
50, 184, 1
50, 107, 1
50, 302, 1
168, 126, 1
168, 164, 1
168, 249, 1
168, 109, 1
168, 403, 1
168, 401, 1
168, 99, 1
168, 426, 1
168, 415, 1
168, 320, 1
168, 244, 1
168, 290, 1
168, 105, 1
168, 115, 1
168, 184, 1
168, 107, 1
168, 302, 1
168, 50, 1
152, 382, 1
152, 348, 1
152, 120, 1
152, 371, 1
152, 489, 1
152, 122, 1
152, 25, 1
152, 64, 1
152, 11, 1
152, 499, 1
152, 89, 1
152, 133, 1
152, 491, 1
152, 183, 1
152, 259, 1
152, 413, 1
152, 482, 1
152, 177, 1
152, 222, 1
152, 265, 1
152, 156, 1
152, 449, 1
152, 3, 1
152, 466, 1
152, 87, 1
152, 163, 1
152, 43, 1
152, 58, 1
152, 138, 1
152, 153, 1
18, 126, 1
18, 164, 1
18, 249, 1
18, 109, 1
18, 403, 1
18, 401, 1
18, 99, 1
18, 426, 1
18, 415, 1
18, 320, 1
18, 244, 1
18, 290, 1
18, 105, 1
18, 115, 1
18, 184, 1
18, 107, 1
18, 302, 1
18, 50, 1
18, 168, 1
484, 382, 1
484, 348, 1
484, 120, 1
484, 371, 1
484, 489, 1
484, 122, 1
484, 25, 1
484, 64, 1
484, 11, 1
484, 499, 1
484, 89, 1
484, 133, 1
484, 491, 1
484, 183, 1
484, 259, 1
484, 413, 1
484, 482, 1
484, 177, 1
484, 222, 1
484, 265, 1
484, 156, 1
484, 449, 1
484, 3, 1
484, 466, 1
484, 87, 1
484, 163, 1
484, 43, 1
484, 58, 1
484, 138, 1
484, 153, 1
484, 152, 1
258, 382, 1
258, 348, 1
258, 120, 1
258, 371, 1
258, 489, 1
258, 122, 1
258, 25, 1
258, 64, 1
258, 11, 1
258, 499, 1
258, 89, 1
258, 133, 1
258, 491, 1
258, 183, 1
258, 259, 1
258, 413, 1
258, 482, 1
258, 177, 1
258, 222, 1
258, 265, 1
258, 156, 1
258, 449, 1
258, 3, 1
258, 466, 1
258, 87, 1
258, 163, 1
258, 43, 1
258, 58, 1
258, 138, 1
258, 153, 1
258, 152, 1
258, 484, 1
302, 382, -1
302, 348, -1
302, 120, -1
302, 371, -1
302, 489, -1
302, 122, -1
302, 25, -1
302, 64, -1
302, 11, -1
302, 499, -1
302, 89, -1
302, 133, -1
302, 491, -1
302, 183, -1
302, 259, -1
302, 413, -1
302, 482, -1
302, 177, -1
302, 222, -1
302, 265, -1
302, 156, -1
302, 449, -1
302, 3, -1
302, 466, -1
302, 87, -1
302, 163, -1
302, 43, -1
302, 58, -1
302, 138, -1
302, 153, -1
50, 382, -1
50, 348, -1
50, 120, -1
50, 371, -1
50, 489, -1
50, 122, -1
50, 25, -1
50, 64, -1
50, 11, -1
50, 499, -1
50, 89, -1
50, 133, -1
50, 491, -1
50, 183, -1
50, 259, -1
50, 413, -1
50, 482, -1
50, 177, -1
50, 222, -1
50, 265, -1
50, 156, -1
50, 449, -1
50, 3, -1
50, 466, -1
50, 87, -1
50, 163, -1
50, 43, -1
50, 58, -1
50, 138, -1
50, 153, -1
168, 382, -1
168, 348, -1
168, 120, -1
168, 371, -1
168, 489, -1
168, 122, -1
168, 25, -1
168, 64, -1
168, 11, -1
168, 499, -1
168, 89, -1
168, 133, -1
168, 491, -1
168, 183, -1
168, 259, -1
168, 413, -1
168, 482, -1
168, 177, -1
168, 222, -1
168, 265, -1
168, 156, -1
168, 449, -1
168, 3, -1
168, 466, -1
168, 87, -1
168, 163, -1
168, 43, -1
168, 58, -1
168, 138, -1
168, 153, -1
152, 126, -1
152, 164, -1
152, 249, -1
152, 109, -1
152, 403, -1
152, 401, -1
152, 99, -1
152, 426, -1
152, 415, -1
152, 320, -1
152, 244, -1
152, 290, -1
152, 105, -1
152, 115, -1
152, 184, -1
152, 107, -1
152, 302, -1
152, 50, -1
152, 168, -1
18, 382, -1
18, 348, -1
18, 120, -1
18, 371, -1
18, 489, -1
18, 122, -1
18, 25, -1
18, 64, -1
18, 11, -1
18, 499, -1
18, 89, -1
18, 133, -1
18, 491, -1
18, 183, -1
18, 259, -1
18, 413, -1
18, 482, -1
18, 177, -1
18, 222, -1
18, 265, -1
18, 156, -1
18, 449, -1
18, 3, -1
18, 466, -1
18, 87, -1
18, 163, -1
18, 43, -1
18, 58, -1
18, 138, -1
18, 153, -1
18, 152, -1
484, 126, -1
484, 164, -1
484, 249, -1
484, 109, -1
484, 403, -1
484, 401, -1
484, 99, -1
484, 426, -1
484, 415, -1
484, 320, -1
484, 244, -1
484, 290, -1
484, 105, -1
484, 115, -1
484, 184, -1
484, 107, -1
484, 302, -1
484, 50, -1
484, 168, -1
484, 18, -1
258, 126, -1
258, 164, -1
258, 249, -1
258, 109, -1
258, 403, -1
258, 401, -1
258, 99, -1
258, 426, -1
258, 415, -1
258, 320, -1
258, 244, -1
258, 290, -1
258, 105, -1
258, 115, -1
258, 184, -1
258, 107, -1
258, 302, -1
258, 50, -1
258, 168, -1
258, 18, -1

129, 382, 1
129, 348, 1
129, 120, 1
129, 371, 1
129, 489, 1
129, 122, 1
129, 25, 1
129, 64, 1
129, 11, 1
129, 499, 1
129, 89, 1
129, 133, 1
129, 491, 1
129, 183, 1
129, 259, 1
129, 413, 1
129, 482, 1
129, 177, 1
129, 222, 1
129, 265, 1
129, 156, 1
129, 449, 1
129, 3, 1
129, 466, 1
129, 87, 1
129, 163, 1
129, 43, 1
129, 58, 1
129, 138, 1
129, 153, 1
129, 152, 1
129, 484, 1
129, 258, 1
341, 382, 1
341, 348, 1
341, 120, 1
341, 371, 1
341, 489, 1
341, 122, 1
341, 25, 1
341, 64, 1
341, 11, 1
341, 499, 1
341, 89, 1
341, 133, 1
341, 491, 1
341, 183, 1
341, 259, 1
341, 413, 1
341, 482, 1
341, 177, 1
341, 222, 1
341, 265, 1
341, 156, 1
341, 449, 1
341, 3, 1
341, 466, 1
341, 87, 1
341, 163, 1
341, 43, 1
341, 58, 1
341, 138, 1
341, 153, 1
341, 152, 1
341, 484, 1
341, 258, 1
341, 129, 1
471, 382, 1
471, 348, 1
471, 120, 1
471, 371, 1
471, 489, 1
471, 122, 1
471, 25, 1
471, 64, 1
471, 11, 1
471, 499, 1
471, 89, 1
471, 133, 1
471, 491, 1
471, 183, 1
471, 259, 1
471, 413, 1
471, 482, 1
471, 177, 1
471, 222, 1
471, 265, 1
471, 156, 1
471, 449, 1
471, 3, 1
471, 466, 1
471, 87, 1
471, 163, 1
471, 43, 1
471, 58, 1
471, 138, 1
471, 153, 1
471, 152, 1
471, 484, 1
471, 258, 1
471, 129, 1
471, 341, 1
375, 382, 1
375, 348, 1
375, 120, 1
375, 371, 1
375, 489, 1
375, 122, 1
375, 25, 1
375, 64, 1
375, 11, 1
375, 499, 1
375, 89, 1
375, 133, 1
375, 491, 1
375, 183, 1
375, 259, 1
375, 413, 1
375, 482, 1
375, 177, 1
375, 222, 1
375, 265, 1
375, 156, 1
375, 449, 1
375, 3, 1
375, 466, 1
375, 87, 1
375, 163, 1
375, 43, 1
375, 58, 1
375, 138, 1
375, 153, 1
375, 152, 1
375, 484, 1
375, 258, 1
375, 129, 1
375, 341, 1
375, 471, 1
479, 126, 1
479, 164, 1
479, 249, 1
479, 109, 1
479, 403, 1
479, 401, 1
479, 99, 1
479, 426, 1
479, 415, 1
479, 320, 1
479, 244, 1
479, 290, 1
479, 105, 1
479, 115, 1
479, 184, 1
479, 107, 1
479, 302, 1
479, 50, 1
479, 168, 1
479, 18, 1
486, 382, 1
486, 348, 1
486, 120, 1
486, 371, 1
486, 489, 1
486, 122, 1
486, 25, 1
486, 64, 1
486, 11, 1
486, 499, 1
486, 89, 1
486, 133, 1
486, 491, 1
486, 183, 1
486, 259, 1
486, 413, 1
486, 482, 1
486, 177, 1
486, 222, 1
486, 265, 1
486, 156, 1
486, 449, 1
486, 3, 1
486, 466, 1
486, 87, 1
486, 163, 1
486, 43, 1
486, 58, 1
486, 138, 1
486, 153, 1
486, 152, 1
486, 484, 1
486, 258, 1
486, 129, 1
486, 341, 1
486, 471, 1
486, 375, 1
285, 382, 1
285, 348, 1
285, 120, 1
285, 371, 1
285, 489, 1
285, 122, 1
285, 25, 1
285, 64, 1
285, 11, 1
285, 499, 1
285, 89, 1
285, 133, 1
285, 491, 1
285, 183, 1
285, 259, 1
285, 413, 1
285, 482, 1
285, 177, 1
285, 222, 1
285, 265, 1
285, 156, 1
285, 449, 1
285, 3, 1
285, 466, 1
285, 87, 1
285, 163, 1
285, 43, 1
285, 58, 1
285, 138, 1
285, 153, 1
285, 152, 1
285, 484, 1
285, 258, 1
285, 129, 1
285, 341, 1
285, 471, 1
285, 375, 1
285, 486, 1
269, 382, 1
269, 348, 1
269, 120, 1
269, 371, 1
269, 489, 1
269, 122, 1
269, 25, 1
269, 64, 1
269, 11, 1
269, 499, 1
269, 89, 1
269, 133, 1
269, 491, 1
269, 183, 1
269, 259, 1
269, 413, 1
269, 482, 1
269, 177, 1
269, 222, 1
269, 265, 1
269, 156, 1
269, 449, 1
269, 3, 1
269, 466, 1
269, 87, 1
269, 163, 1
269, 43, 1
269, 58, 1
269, 138, 1
269, 153, 1
269, 152, 1
269, 484, 1
269, 258, 1
269, 129, 1
269, 341, 1
269, 471, 1
269, 375, 1
269, 486, 1
269, 285, 1
2, 126, 1
2, 164, 1
2, 249, 1
2, 109, 1
2, 403, 1
2, 401, 1
2, 99, 1
2, 426, 1
2, 415, 1
2, 320, 1
2, 244, 1
2, 290, 1
2, 105, 1
2, 115, 1
2, 184, 1
2, 107, 1
2, 302, 1
2, 50, 1
2, 168, 1
2, 18, 1
2, 479, 1
128, 126, 1
128, 164, 1
128, 249, 1
128, 109, 1
128, 403, 1
128, 401, 1
128, 99, 1
128, 426, 1
128, 415, 1
128, 320, 1
128, 244, 1
128, 290, 1
128, 105, 1
128, 115, 1
128, 184, 1
128, 107, 1
128, 302, 1
128, 50, 1
128, 168, 1
128, 18, 1
128, 479, 1
128, 2, 1
129, 126, -1
129, 164, -1
129, 249, -1
129, 109, -1
129, 403, -1
129, 401, -1
129, 99, -1
129, 426, -1
129, 415, -1
129, 320, -1
129, 244, -1
129, 290, -1
129, 105, -1
129, 115, -1
129, 184, -1
129, 107, -1
129, 302, -1
129, 50, -1
129, 168, -1
129, 18, -1
341, 126, -1
341, 164, -1
341, 249, -1
341, 109, -1
341, 403, -1
341, 401, -1
341, 99, -1
341, 426, -1
341, 415, -1
341, 320, -1
341, 244, -1
341, 290, -1
341, 105, -1
341, 115, -1
341, 184, -1
341, 107, -1
341, 302, -1
341, 50, -1
341, 168, -1
341, 18, -1
471, 126, -1
471, 164, -1
471, 249, -1
471, 109, -1
471, 403, -1
471, 401, -1
471, 99, -1
471, 426, -1
471, 415, -1
471, 320, -1
471, 244, -1
471, 290, -1
471, 105, -1
471, 115, -1
471, 184, -1
471, 107, -1
471, 302, -1
471, 50, -1
471, 168, -1
471, 18, -1
375, 126, -1
375, 164, -1
375, 249, -1
375, 109, -1
375, 403, -1
375, 401, -1
375, 99, -1
375, 426, -1
375, 415, -1
375, 320, -1
375, 244, -1
375, 290, -1
375, 105, -1
375, 115, -1
375, 184, -1
375, 107, -1
375, 302, -1
375, 50, -1
375, 168, -1
375, 18, -1
479, 382, -1
479, 348, -1
479, 120, -1
479, 371, -1
479, 489, -1
479, 122, -1
479, 25, -1
479, 64, -1
479, 11, -1
479, 499, -1
479, 89, -1
479, 133, -1
479, 491, -1
479, 183, -1
479, 259, -1
479, 413, -1
479, 482, -1
479, 177, -1
479, 222, -1
479, 265, -1
479, 156, -1
479, 449, -1
479, 3, -1
479, 466, -1
479, 87, -1
479, 163, -1
479, 43, -1
479, 58, -1
479, 138, -1
479, 153, -1
479, 152, -1
479, 484, -1
479, 258, -1
479, 129, -1
479, 341, -1
479, 471, -1
479, 375, -1
486, 126, -1
486, 164, -1
486, 249, -1
486, 109, -1
486, 403, -1
486, 401, -1
486, 99, -1
486, 426, -1
486, 415, -1
486, 320, -1
486, 244, -1
486, 290, -1
486, 105, -1
486, 115, -1
486, 184, -1
486, 107, -1
486, 302, -1
486, 50, -1
486, 168, -1
486, 18, -1
486, 479, -1
285, 126, -1
285, 164, -1
285, 249, -1
285, 109, -1
285, 403, -1
285, 401, -1
285, 99, -1
285, 426, -1
285, 415, -1
285, 320, -1
285, 244, -1
285, 290, -1
285, 105, -1
285, 115, -1
285, 184, -1
285, 107, -1
285, 302, -1
285, 50, -1
285, 168, -1
285, 18, -1
285, 479, -1
269, 126, -1
269, 164, -1
269, 249, -1
269, 109, -1
269, 403, -1
269, 401, -1
269, 99, -1
269, 426, -1
269, 415, -1
269, 320, -1
269, 244, -1
269, 290, -1
269, 105, -1
269, 115, -1
269, 184, -1
269, 107, -1
269, 302, -1
269, 50, -1
269, 168, -1
269, 18, -1
269, 479, -1
2, 382, -1
2, 348, -1
2, 120, -1
2, 371, -1
2, 489, -1
2, 122, -1
2, 25, -1
2, 64, -1
2, 11, -1
2, 499, -1
2, 89, -1
2, 133, -1
2, 491, -1
2, 183, -1
2, 259, -1
2, 413, -1
2, 482, -1
2, 177, -1
2, 222, -1
2, 265, -1
2, 156, -1
2, 449, -1
2, 3, -1
2, 466, -1
2, 87, -1
2, 163, -1
2, 43, -1
2, 58, -1
2, 138, -1
2, 153, -1
2, 152, -1
2, 484, -1
2, 258, -1
2, 129, -1
2, 341, -1
2, 471, -1
2, 375, -1
2, 486, -1
2, 285, -1
2, 269, -1
128, 382, -1
128, 348, -1
128, 120, -1
128, 371, -1
128, 489, -1
128, 122, -1
128, 25, -1
128, 64, -1
128, 11, -1
128, 499, -1
128, 89, -1
128, 133, -1
128, 491, -1
128, 183, -1
128, 259, -1
128, 413, -1
128, 482, -1
128, 177, -1
128, 222, -1
128, 265, -1
128, 156, -1
128, 449, -1
128, 3, -1
128, 466, -1
128, 87, -1
128, 163, -1
128, 43, -1
128, 58, -1
128, 138, -1
128, 153, -1
128, 152, -1
128, 484, -1
128, 258, -1
128, 129, -1
128, 341, -1
128, 471, -1
128, 375, -1
128, 486, -1
128, 285, -1
128, 269, -1

317, 382, 1
317, 348, 1
317, 120, 1
317, 371, 1
317, 489, 1
317, 122, 1
317, 25, 1
317, 64, 1
317, 11, 1
317, 499, 1
317, 89, 1
317, 133, 1
317, 491, 1
317, 183, 1
317, 259, 1
317, 413, 1
317, 482, 1
317, 177, 1
317, 222, 1
317, 265, 1
317, 156, 1
317, 449, 1
317, 3, 1
317, 466, 1
317, 87, 1
317, 163, 1
317, 43, 1
317, 58, 1
317, 138, 1
317, 153, 1
317, 152, 1
317, 484, 1
317, 258, 1
317, 129, 1
317, 341, 1
317, 471, 1
317, 375, 1
317, 486, 1
317, 285, 1
317, 269, 1
7, 382, 1
7, 348, 1
7, 120, 1
7, 371, 1
7, 489, 1
7, 122, 1
7, 25, 1
7, 64, 1
7, 11, 1
7, 499, 1
7, 89, 1
7, 133, 1
7, 491, 1
7, 183, 1
7, 259, 1
7, 413, 1
7, 482, 1
7, 177, 1
7, 222, 1
7, 265, 1
7, 156, 1
7, 449, 1
7, 3, 1
7, 466, 1
7, 87, 1
7, 163, 1
7, 43, 1
7, 58, 1
7, 138, 1
7, 153, 1
7, 152, 1
7, 484, 1
7, 258, 1
7, 129, 1
7, 341, 1
7, 471, 1
7, 375, 1
7, 486, 1
7, 285, 1
7, 269, 1
7, 317, 1
197, 382, 1
197, 348, 1
197, 120, 1
197, 371, 1
197, 489, 1
197, 122, 1
197, 25, 1
197, 64, 1
197, 11, 1
197, 499, 1
197, 89, 1
197, 133, 1
197, 491, 1
197, 183, 1
197, 259, 1
197, 413, 1
197, 482, 1
197, 177, 1
197, 222, 1
197, 265, 1
197, 156, 1
197, 449, 1
197, 3, 1
197, 466, 1
197, 87, 1
197, 163, 1
197, 43, 1
197, 58, 1
197, 138, 1
197, 153, 1
197, 152, 1
197, 484, 1
197, 258, 1
197, 129, 1
197, 341, 1
197, 471, 1
197, 375, 1
197, 486, 1
197, 285, 1
197, 269, 1
197, 317, 1
197, 7, 1
21, 382, 1
21, 348, 1
21, 120, 1
21, 371, 1
21, 489, 1
21, 122, 1
21, 25, 1
21, 64, 1
21, 11, 1
21, 499, 1
21, 89, 1
21, 133, 1
21, 491, 1
21, 183, 1
21, 259, 1
21, 413, 1
21, 482, 1
21, 177, 1
21, 222, 1
21, 265, 1
21, 156, 1
21, 449, 1
21, 3, 1
21, 466, 1
21, 87, 1
21, 163, 1
21, 43, 1
21, 58, 1
21, 138, 1
21, 153, 1
21, 152, 1
21, 484, 1
21, 258, 1
21, 129, 1
21, 341, 1
21, 471, 1
21, 375, 1
21, 486, 1
21, 285, 1
21, 269, 1
21, 317, 1
21, 7, 1
21, 197, 1
135, 126, 1
135, 164, 1
135, 249, 1
135, 109, 1
135, 403, 1
135, 401, 1
135, 99, 1
135, 426, 1
135, 415, 1
135, 320, 1
135, 244, 1
135, 290, 1
135, 105, 1
135, 115, 1
135, 184, 1
135, 107, 1
135, 302, 1
135, 50, 1
135, 168, 1
135, 18, 1
135, 479, 1
135, 2, 1
135, 128, 1
279, 382, 1
279, 348, 1
279, 120, 1
279, 371, 1
279, 489, 1
279, 122, 1
279, 25, 1
279, 64, 1
279, 11, 1
279, 499, 1
279, 89, 1
279, 133, 1
279, 491, 1
279, 183, 1
279, 259, 1
279, 413, 1
279, 482, 1
279, 177, 1
279, 222, 1
279, 265, 1
279, 156, 1
279, 449, 1
279, 3, 1
279, 466, 1
279, 87, 1
279, 163, 1
279, 43, 1
279, 58, 1
279, 138, 1
279, 153, 1
279, 152, 1
279, 484, 1
279, 258, 1
279, 129, 1
279, 341, 1
279, 471, 1
279, 375, 1
279, 486, 1
279, 285, 1
279, 269, 1
279, 317, 1
279, 7, 1
279, 197, 1
279, 21, 1
420, 382, 1
420, 348, 1
420, 120, 1
420, 371, 1
420, 489, 1
420, 122, 1
420, 25, 1
420, 64, 1
420, 11, 1
420, 499, 1
420, 89, 1
420, 133, 1
420, 491, 1
420, 183, 1
420, 259, 1
420, 413, 1
420, 482, 1
420, 177, 1
420, 222, 1
420, 265, 1
420, 156, 1
420, 449, 1
420, 3, 1
420, 466, 1
420, 87, 1
420, 163, 1
420, 43, 1
420, 58, 1
420, 138, 1
420, 153, 1
420, 152, 1
420, 484, 1
420, 258, 1
420, 129, 1
420, 341, 1
420, 471, 1
420, 375, 1
420, 486, 1
420, 285, 1
420, 269, 1
420, 317, 1
420, 7, 1
420, 197, 1
420, 21, 1
420, 279, 1
206, 382, 1
206, 348, 1
206, 120, 1
206, 371, 1
206, 489, 1
206, 122, 1
206, 25, 1
206, 64, 1
206, 11, 1
206, 499, 1
206, 89, 1
206, 133, 1
206, 491, 1
206, 183, 1
206, 259, 1
206, 413, 1
206, 482, 1
206, 177, 1
206, 222, 1
206, 265, 1
206, 156, 1
206, 449, 1
206, 3, 1
206, 466, 1
206, 87, 1
206, 163, 1
206, 43, 1
206, 58, 1
206, 138, 1
206, 153, 1
206, 152, 1
206, 484, 1
206, 258, 1
206, 129, 1
206, 341, 1
206, 471, 1
206, 375, 1
206, 486, 1
206, 285, 1
206, 269, 1
206, 317, 1
206, 7, 1
206, 197, 1
206, 21, 1
206, 279, 1
206, 420, 1
145, 126, 1
145, 164, 1
145, 249, 1
145, 109, 1
145, 403, 1
145, 401, 1
145, 99, 1
145, 426, 1
145, 415, 1
145, 320, 1
145, 244, 1
145, 290, 1
145, 105, 1
145, 115, 1
145, 184, 1
145, 107, 1
145, 302, 1
145, 50, 1
145, 168, 1
145, 18, 1
145, 479, 1
145, 2, 1
145, 128, 1
145, 135, 1
317, 126, -1
317, 164, -1
317, 249, -1
317, 109, -1
317, 403, -1
317, 401, -1
317, 99, -1
317, 426, -1
317, 415, -1
317, 320, -1
317, 244, -1
317, 290, -1
317, 105, -1
317, 115, -1
317, 184, -1
317, 107, -1
317, 302, -1
317, 50, -1
317, 168, -1
317, 18, -1
317, 479, -1
317, 2, -1
317, 128, -1
7, 126, -1
7, 164, -1
7, 249, -1
7, 109, -1
7, 403, -1
7, 401, -1
7, 99, -1
7, 426, -1
7, 415, -1
7, 320, -1
7, 244, -1
7, 290, -1
7, 105, -1
7, 115, -1
7, 184, -1
7, 107, -1
7, 302, -1
7, 50, -1
7, 168, -1
7, 18, -1
7, 479, -1
7, 2, -1
7, 128, -1
197, 126, -1
197, 164, -1
197, 249, -1
197, 109, -1
197, 403, -1
197, 401, -1
197, 99, -1
197, 426, -1
197, 415, -1
197, 320, -1
197, 244, -1
197, 290, -1
197, 105, -1
197, 115, -1
197, 184, -1
197, 107, -1
197, 302, -1
197, 50, -1
197, 168, -1
197, 18, -1
197, 479, -1
197, 2, -1
197, 128, -1
21, 126, -1
21, 164, -1
21, 249, -1
21, 109, -1
21, 403, -1
21, 401, -1
21, 99, -1
21, 426, -1
21, 415, -1
21, 320, -1
21, 244, -1
21, 290, -1
21, 105, -1
21, 115, -1
21, 184, -1
21, 107, -1
21, 302, -1
21, 50, -1
21, 168, -1
21, 18, -1
21, 479, -1
21, 2, -1
21, 128, -1
135, 382, -1
135, 348, -1
135, 120, -1
135, 371, -1
135, 489, -1
135, 122, -1
135, 25, -1
135, 64, -1
135, 11, -1
135, 499, -1
135, 89, -1
135, 133, -1
135, 491, -1
135, 183, -1
135, 259, -1
135, 413, -1
135, 482, -1
135, 177, -1
135, 222, -1
135, 265, -1
135, 156, -1
135, 449, -1
135, 3, -1
135, 466, -1
135, 87, -1
135, 163, -1
135, 43, -1
135, 58, -1
135, 138, -1
135, 153, -1
135, 152, -1
135, 484, -1
135, 258, -1
135, 129, -1
135, 341, -1
135, 471, -1
135, 375, -1
135, 486, -1
135, 285, -1
135, 269, -1
135, 317, -1
135, 7, -1
135, 197, -1
135, 21, -1
279, 126, -1
279, 164, -1
279, 249, -1
279, 109, -1
279, 403, -1
279, 401, -1
279, 99, -1
279, 426, -1
279, 415, -1
279, 320, -1
279, 244, -1
279, 290, -1
279, 105, -1
279, 115, -1
279, 184, -1
279, 107, -1
279, 302, -1
279, 50, -1
279, 168, -1
279, 18, -1
279, 479, -1
279, 2, -1
279, 128, -1
279, 135, -1
420, 126, -1
420, 164, -1
420, 249, -1
420, 109, -1
420, 403, -1
420, 401, -1
420, 99, -1
420, 426, -1
420, 415, -1
420, 320, -1
420, 244, -1
420, 290, -1
420, 105, -1
420, 115, -1
420, 184, -1
420, 107, -1
420, 302, -1
420, 50, -1
420, 168, -1
420, 18, -1
420, 479, -1
420, 2, -1
420, 128, -1
420, 135, -1
206, 126, -1
206, 164, -1
206, 249, -1
206, 109, -1
206, 403, -1
206, 401, -1
206, 99, -1
206, 426, -1
206, 415, -1
206, 320, -1
206, 244, -1
206, 290, -1
206, 105, -1
206, 115, -1
206, 184, -1
206, 107, -1
206, 302, -1
206, 50, -1
206, 168, -1
206, 18, -1
206, 479, -1
206, 2, -1
206, 128, -1
206, 135, -1
145, 382, -1
145, 348, -1
145, 120, -1
145, 371, -1
145, 489, -1
145, 122, -1
145, 25, -1
145, 64, -1
145, 11, -1
145, 499, -1
145, 89, -1
145, 133, -1
145, 491, -1
145, 183, -1
145, 259, -1
145, 413, -1
145, 482, -1
145, 177, -1
145, 222, -1
145, 265, -1
145, 156, -1
145, 449, -1
145, 3, -1
145, 466, -1
145, 87, -1
145, 163, -1
145, 43, -1
145, 58, -1
145, 138, -1
145, 153, -1
145, 152, -1
145, 484, -1
145, 258, -1
145, 129, -1
145, 341, -1
145, 471, -1
145, 375, -1
145, 486, -1
145, 285, -1
145, 269, -1
145, 317, -1
145, 7, -1
145, 197, -1
145, 21, -1
145, 279, -1
145, 420, -1
145, 206, -1

251, 126, 1
251, 164, 1
251, 249, 1
251, 109, 1
251, 403, 1
251, 401, 1
251, 99, 1
251, 426, 1
251, 415, 1
251, 320, 1
251, 244, 1
251, 290, 1
251, 105, 1
251, 115, 1
251, 184, 1
251, 107, 1
251, 302, 1
251, 50, 1
251, 168, 1
251, 18, 1
251, 479, 1
251, 2, 1
251, 128, 1
251, 135, 1
251, 145, 1
379, 126, 1
379, 164, 1
379, 249, 1
379, 109, 1
379, 403, 1
379, 401, 1
379, 99, 1
379, 426, 1
379, 415, 1
379, 320, 1
379, 244, 1
379, 290, 1
379, 105, 1
379, 115, 1
379, 184, 1
379, 107, 1
379, 302, 1
379, 50, 1
379, 168, 1
379, 18, 1
379, 479, 1
379, 2, 1
379, 128, 1
379, 135, 1
379, 145, 1
379, 251, 1
247, 382, 1
247, 348, 1
247, 120, 1
247, 371, 1
247, 489, 1
247, 122, 1
247, 25, 1
247, 64, 1
247, 11, 1
247, 499, 1
247, 89, 1
247, 133, 1
247, 491, 1
247, 183, 1
247, 259, 1
247, 413, 1
247, 482, 1
247, 177, 1
247, 222, 1
247, 265, 1
247, 156, 1
247, 449, 1
247, 3, 1
247, 466, 1
247, 87, 1
247, 163, 1
247, 43, 1
247, 58, 1
247, 138, 1
247, 153, 1
247, 152, 1
247, 484, 1
247, 258, 1
247, 129, 1
247, 341, 1
247, 471, 1
247, 375, 1
247, 486, 1
247, 285, 1
247, 269, 1
247, 317, 1
247, 7, 1
247, 197, 1
247, 21, 1
247, 279, 1
247, 420, 1
247, 206, 1
0, 126, 1
0, 164, 1
0, 249, 1
0, 109, 1
0, 403, 1
0, 401, 1
0, 99, 1
0, 426, 1
0, 415, 1
0, 320, 1
0, 244, 1
0, 290, 1
0, 105, 1
0, 115, 1
0, 184, 1
0, 107, 1
0, 302, 1
0, 50, 1
0, 168, 1
0, 18, 1
0, 479, 1
0, 2, 1
0, 128, 1
0, 135, 1
0, 145, 1
0, 251, 1
0, 379, 1
27, 382, 1
27, 348, 1
27, 120, 1
27, 371, 1
27, 489, 1
27, 122, 1
27, 25, 1
27, 64, 1
27, 11, 1
27, 499, 1
27, 89, 1
27, 133, 1
27, 491, 1
27, 183, 1
27, 259, 1
27, 413, 1
27, 482, 1
27, 177, 1
27, 222, 1
27, 265, 1
27, 156, 1
27, 449, 1
27, 3, 1
27, 466, 1
27, 87, 1
27, 163, 1
27, 43, 1
27, 58, 1
27, 138, 1
27, 153, 1
27, 152, 1
27, 484, 1
27, 258, 1
27, 129, 1
27, 341, 1
27, 471, 1
27, 375, 1
27, 486, 1
27, 285, 1
27, 269, 1
27, 317, 1
27, 7, 1
27, 197, 1
27, 21, 1
27, 279, 1
27, 420, 1
27, 206, 1
27, 247, 1
36, 382, 1
36, 348, 1
36, 120, 1
36, 371, 1
36, 489, 1
36, 122, 1
36, 25, 1
36, 64, 1
36, 11, 1
36, 499, 1
36, 89, 1
36, 133, 1
36, 491, 1
36, 183, 1
36, 259, 1
36, 413, 1
36, 482, 1
36, 177, 1
36, 222, 1
36, 265, 1
36, 156, 1
36, 449, 1
36, 3, 1
36, 466, 1
36, 87, 1
36, 163, 1
36, 43, 1
36, 58, 1
36, 138, 1
36, 153, 1
36, 152, 1
36, 484, 1
36, 258, 1
36, 129, 1
36, 341, 1
36, 471, 1
36, 375, 1
36, 486, 1
36, 285, 1
36, 269, 1
36, 317, 1
36, 7, 1
36, 197, 1
36, 21, 1
36, 279, 1
36, 420, 1
36, 206, 1
36, 247, 1
36, 27, 1
40, 382, 1
40, 348, 1
40, 120, 1
40, 371, 1
40, 489, 1
40, 122, 1
40, 25, 1
40, 64, 1
40, 11, 1
40, 499, 1
40, 89, 1
40, 133, 1
40, 491, 1
40, 183, 1
40, 259, 1
40, 413, 1
40, 482, 1
40, 177, 1
40, 222, 1
40, 265, 1
40, 156, 1
40, 449, 1
40, 3, 1
40, 466, 1
40, 87, 1
40, 163, 1
40, 43, 1
40, 58, 1
40, 138, 1
40, 153, 1
40, 152, 1
40, 484, 1
40, 258, 1
40, 129, 1
40, 341, 1
40, 471, 1
40, 375, 1
40, 486, 1
40, 285, 1
40, 269, 1
40, 317, 1
40, 7, 1
40, 197, 1
40, 21, 1
40, 279, 1
40, 420, 1
40, 206, 1
40, 247, 1
40, 27, 1
40, 36, 1
251, 382, -1
251, 348, -1
251, 120, -1
251, 371, -1
251, 489, -1
251, 122, -1
251, 25, -1
251, 64, -1
251, 11, -1
251, 499, -1
251, 89, -1
251, 133, -1
251, 491, -1
251, 183, -1
251, 259, -1
251, 413, -1
251, 482, -1
251, 177, -1
251, 222, -1
251, 265, -1
251, 156, -1
251, 449, -1
251, 3, -1
251, 466, -1
251, 87, -1
251, 163, -1
251, 43, -1
251, 58, -1
251, 138, -1
251, 153, -1
251, 152, -1
251, 484, -1
251, 258, -1
251, 129, -1
251, 341, -1
251, 471, -1
251, 375, -1
251, 486, -1
251, 285, -1
251, 269, -1
251, 317, -1
251, 7, -1
251, 197, -1
251, 21, -1
251, 279, -1
251, 420, -1
251, 206, -1
379, 382, -1
379, 348, -1
379, 120, -1
379, 371, -1
379, 489, -1
379, 122, -1
379, 25, -1
379, 64, -1
379, 11, -1
379, 499, -1
379, 89, -1
379, 133, -1
379, 491, -1
379, 183, -1
379, 259, -1
379, 413, -1
379, 482, -1
379, 177, -1
379, 222, -1
379, 265, -1
379, 156, -1
379, 449, -1
379, 3, -1
379, 466, -1
379, 87, -1
379, 163, -1
379, 43, -1
379, 58, -1
379, 138, -1
379, 153, -1
379, 152, -1
379, 484, -1
379, 258, -1
379, 129, -1
379, 341, -1
379, 471, -1
379, 375, -1
379, 486, -1
379, 285, -1
379, 269, -1
379, 317, -1
379, 7, -1
379, 197, -1
379, 21, -1
379, 279, -1
379, 420, -1
379, 206, -1
247, 126, -1
247, 164, -1
247, 249, -1
247, 109, -1
247, 403, -1
247, 401, -1
247, 99, -1
247, 426, -1
247, 415, -1
247, 320, -1
247, 244, -1
247, 290, -1
247, 105, -1
247, 115, -1
247, 184, -1
247, 107, -1
247, 302, -1
247, 50, -1
247, 168, -1
247, 18, -1
247, 479, -1
247, 2, -1
247, 128, -1
247, 135, -1
247, 145, -1
247, 251, -1
247, 379, -1
0, 382, -1
0, 348, -1
0, 120, -1
0, 371, -1
0, 489, -1
0, 122, -1
0, 25, -1
0, 64, -1
0, 11, -1
0, 499, -1
0, 89, -1
0, 133, -1
0, 491, -1
0, 183, -1
0, 259, -1
0, 413, -1
0, 482, -1
0, 177, -1
0, 222, -1
0, 265, -1
0, 156, -1
0, 449, -1
0, 3, -1
0, 466, -1
0, 87, -1
0, 163, -1
0, 43, -1
0, 58, -1
0, 138, -1
0, 153, -1
0, 152, -1
0, 484, -1
0, 258, -1
0, 129, -1
0, 341, -1
0, 471, -1
0, 375, -1
0, 486, -1
0, 285, -1
0, 269, -1
0, 317, -1
0, 7, -1
0, 197, -1
0, 21, -1
0, 279, -1
0, 420, -1
0, 206, -1
0, 247, -1
27, 126, -1
27, 164, -1
27, 249, -1
27, 109, -1
27, 403, -1
27, 401, -1
27, 99, -1
27, 426, -1
27, 415, -1
27, 320, -1
27, 244, -1
27, 290, -1
27, 105, -1
27, 115, -1
27, 184, -1
27, 107, -1
27, 302, -1
27, 50, -1
27, 168, -1
27, 18, -1
27, 479, -1
27, 2, -1
27, 128, -1
27, 135, -1
27, 145, -1
27, 251, -1
27, 379, -1
27, 0, -1
36, 126, -1
36, 164, -1
36, 249, -1
36, 109, -1
36, 403, -1
36, 401, -1
36, 99, -1
36, 426, -1
36, 415, -1
36, 320, -1
36, 244, -1
36, 290, -1
36, 105, -1
36, 115, -1
36, 184, -1
36, 107, -1
36, 302, -1
36, 50, -1
36, 168, -1
36, 18, -1
36, 479, -1
36, 2, -1
36, 128, -1
36, 135, -1
36, 145, -1
36, 251, -1
36, 379, -1
36, 0, -1
40, 126, -1
40, 164, -1
40, 249, -1
40, 109, -1
40, 403, -1
40, 401, -1
40, 99, -1
40, 426, -1
40, 415, -1
40, 320, -1
40, 244, -1
40, 290, -1
40, 105, -1
40, 115, -1
40, 184, -1
40, 107, -1
40, 302, -1
40, 50, -1
40, 168, -1
40, 18, -1
40, 479, -1
40, 2, -1
40, 128, -1
40, 135, -1
40, 145, -1
40, 251, -1
40, 379, -1
40, 0, -1

