348, 382, 1
164, 126, 1
249, 126, 1
249, 164, 1
120, 382, 1
120, 348, 1
371, 382, 1
371, 348, 1
371, 120, 1
109, 126, 1
109, 164, 1
109, 249, 1
126, 382, -1
126, 348, -1
164, 382, -1
164, 348, -1
249, 382, -1
249, 348, -1
120, 126, -1
120, 164, -1
120, 249, -1
371, 126, -1
371, 164, -1
371, 249, -1
109, 382, -1
109, 348, -1
109, 120, -1
109, 371, -1

367, 382, 1
367, 348, 1
367, 120, 1
367, 371, 1
301, 126, 1
301, 164, 1
301, 249, 1
301, 109, 1
367, 126, -1
367, 164, -1
367, 249, -1
367, 109, -1
301, 382, -1
301, 348, -1
301, 120, -1
301, 371, -1
301, 367, -1

131, 382, 1
131, 348, 1
131, 120, 1
131, 371, 1
131, 367, 1
293, 126, 1
293, 164, 1
293, 249, 1
293, 109, 1
293, 301, 1
131, 126, -1
131, 164, -1
131, 249, -1
131, 109, -1
131, 301, -1
293, 382, -1
293, 348, -1
293, 120, -1
293, 371, -1
293, 367, -1
293, 131, -1

161, 382, 1
161, 348, 1
161, 120, 1
161, 371, 1
161, 367, 1
161, 131, 1
147, 126, 1
147, 164, 1
147, 249, 1
147, 109, 1
147, 301, 1
147, 293, 1
161, 126, -1
161, 164, -1
161, 249, -1
161, 109, -1
161, 301, -1
161, 293, -1
147, 382, -1
147, 348, -1
147, 120, -1
147, 371, -1
147, 367, -1
147, 131, -1
147, 161, -1

64, 382, 1
64, 348, 1
64, 120, 1
64, 371, 1
64, 367, 1
64, 131, 1
64, 161, 1
65, 126, 1
65, 164, 1
65, 249, 1
65, 109, 1
65, 301, 1
65, 293, 1
65, 147, 1
64, 126, -1
64, 164, -1
64, 249, -1
64, 109, -1
64, 301, -1
64, 293, -1
64, 147, -1
65, 382, -1
65, 348, -1
65, 120, -1
65, 371, -1
65, 367, -1
65, 131, -1
65, 161, -1
65, 64, -1

410, 382, 1
410, 348, 1
410, 120, 1
410, 371, 1
410, 367, 1
410, 131, 1
410, 161, 1
410, 64, 1
457, 126, 1
457, 164, 1
457, 249, 1
457, 109, 1
457, 301, 1
457, 293, 1
457, 147, 1
457, 65, 1
410, 126, -1
410, 164, -1
410, 249, -1
410, 109, -1
410, 301, -1
410, 293, -1
410, 147, -1
410, 65, -1
457, 382, -1
457, 348, -1
457, 120, -1
457, 371, -1
457, 367, -1
457, 131, -1
457, 161, -1
457, 64, -1
457, 410, -1

149, 382, 1
149, 348, 1
149, 120, 1
149, 371, 1
149, 367, 1
149, 131, 1
149, 161, 1
149, 64, 1
149, 410, 1
60, 126, 1
60, 164, 1
60, 249, 1
60, 109, 1
60, 301, 1
60, 293, 1
60, 147, 1
60, 65, 1
60, 457, 1
149, 126, -1
149, 164, -1
149, 249, -1
149, 109, -1
149, 301, -1
149, 293, -1
149, 147, -1
149, 65, -1
149, 457, -1
60, 382, -1
60, 348, -1
60, 120, -1
60, 371, -1
60, 367, -1
60, 131, -1
60, 161, -1
60, 64, -1
60, 410, -1
60, 149, -1

136, 382, 1
136, 348, 1
136, 120, 1
136, 371, 1
136, 367, 1
136, 131, 1
136, 161, 1
136, 64, 1
136, 410, 1
136, 149, 1
210, 126, 1
210, 164, 1
210, 249, 1
210, 109, 1
210, 301, 1
210, 293, 1
210, 147, 1
210, 65, 1
210, 457, 1
210, 60, 1
136, 126, -1
136, 164, -1
136, 249, -1
136, 109, -1
136, 301, -1
136, 293, -1
136, 147, -1
136, 65, -1
136, 457, -1
136, 60, -1
210, 382, -1
210, 348, -1
210, 120, -1
210, 371, -1
210, 367, -1
210, 131, -1
210, 161, -1
210, 64, -1
210, 410, -1
210, 149, -1
210, 136, -1

87, 382, 1
87, 348, 1
87, 120, 1
87, 371, 1
87, 367, 1
87, 131, 1
87, 161, 1
87, 64, 1
87, 410, 1
87, 149, 1
87, 136, 1
172, 126, 1
172, 164, 1
172, 249, 1
172, 109, 1
172, 301, 1
172, 293, 1
172, 147, 1
172, 65, 1
172, 457, 1
172, 60, 1
172, 210, 1
87, 126, -1
87, 164, -1
87, 249, -1
87, 109, -1
87, 301, -1
87, 293, -1
87, 147, -1
87, 65, -1
87, 457, -1
87, 60, -1
87, 210, -1
172, 382, -1
172, 348, -1
172, 120, -1
172, 371, -1
172, 367, -1
172, 131, -1
172, 161, -1
172, 64, -1
172, 410, -1
172, 149, -1
172, 136, -1
172, 87, -1

462, 382, 1
462, 348, 1
462, 120, 1
462, 371, 1
462, 367, 1
462, 131, 1
462, 161, 1
462, 64, 1
462, 410, 1
462, 149, 1
462, 136, 1
462, 87, 1
495, 126, 1
495, 164, 1
495, 249, 1
495, 109, 1
495, 301, 1
495, 293, 1
495, 147, 1
495, 65, 1
495, 457, 1
495, 60, 1
495, 210, 1
495, 172, 1
462, 126, -1
462, 164, -1
462, 249, -1
462, 109, -1
462, 301, -1
462, 293, -1
462, 147, -1
462, 65, -1
462, 457, -1
462, 60, -1
462, 210, -1
462, 172, -1
495, 382, -1
495, 348, -1
495, 120, -1
495, 371, -1
495, 367, -1
495, 131, -1
495, 161, -1
495, 64, -1
495, 410, -1
495, 149, -1
495, 136, -1
495, 87, -1
495, 462, -1

