348, 382, 1
66, 126, 1
353, 382, 1
353, 348, 1
279, 382, 1
279, 348, 1
279, 353, 1
308, 382, 1
308, 348, 1
308, 353, 1
308, 279, 1
206, 382, 1
206, 348, 1
206, 353, 1
206, 279, 1
206, 308, 1
246, 382, 1
246, 348, 1
246, 353, 1
246, 279, 1
246, 308, 1
246, 206, 1
7, 382, 1
7, 348, 1
7, 353, 1
7, 279, 1
7, 308, 1
7, 206, 1
7, 246, 1
126, 382, -1
126, 348, -1
66, 382, -1
66, 348, -1
353, 126, -1
353, 66, -1
279, 126, -1
279, 66, -1
308, 126, -1
308, 66, -1
206, 126, -1
206, 66, -1
246, 126, -1
246, 66, -1
7, 126, -1
7, 66, -1

13, 126, 1
13, 66, 1
13, 450, 1
143, 382, 1
143, 348, 1
143, 353, 1
143, 279, 1
143, 308, 1
143, 206, 1
143, 246, 1
143, 7, 1
143, 427, 1
186, 126, 1
186, 66, 1
186, 450, 1
186, 13, 1
498, 382, 1
498, 348, 1
498, 353, 1
498, 279, 1
498, 308, 1
498, 206, 1
498, 246, 1
498, 7, 1
498, 427, 1
498, 143, 1
103, 126, 1
103, 66, 1
103, 450, 1
103, 13, 1
103, 186, 1
13, 382, -1
13, 348, -1
13, 353, -1
13, 279, -1
13, 308, -1
13, 206, -1
13, 246, -1
13, 7, -1
13, 427, -1
143, 126, -1
143, 66, -1
143, 450, -1
143, 13, -1
186, 382, -1
186, 348, -1
186, 353, -1
186, 279, -1
186, 308, -1
186, 206, -1
186, 246, -1
186, 7, -1
186, 427, -1
186, 143, -1
498, 126, -1
498, 66, -1
498, 450, -1
498, 13, -1
498, 186, -1
103, 382, -1
103, 348, -1
103, 353, -1
103, 279, -1
103, 308, -1
103, 206, -1
103, 246, -1
103, 7, -1
103, 427, -1
103, 143, -1
103, 498, -1

283, 126, 1
283, 66, 1
283, 450, 1
283, 13, 1
283, 186, 1
283, 103, 1
283, 271, 1
27, 382, 1
27, 348, 1
27, 353, 1
27, 279, 1
27, 308, 1
27, 206, 1
27, 246, 1
27, 7, 1
27, 427, 1
27, 143, 1
27, 498, 1
27, 496, 1
459, 126, 1
459, 66, 1
459, 450, 1
459, 13, 1
459, 186, 1
459, 103, 1
459, 271, 1
459, 283, 1
224, 126, 1
224, 66, 1
224, 450, 1
224, 13, 1
224, 186, 1
224, 103, 1
224, 271, 1
224, 283, 1
224, 459, 1
283, 382, -1
283, 348, -1
283, 353, -1
283, 279, -1
283, 308, -1
283, 206, -1
283, 246, -1
283, 7, -1
283, 427, -1
283, 143, -1
283, 498, -1
283, 496, -1
27, 126, -1
27, 66, -1
27, 450, -1
27, 13, -1
27, 186, -1
27, 103, -1
27, 271, -1
27, 283, -1
459, 382, -1
459, 348, -1
459, 353, -1
459, 279, -1
459, 308, -1
459, 206, -1
459, 246, -1
459, 7, -1
459, 427, -1
459, 143, -1
459, 498, -1
459, 496, -1
459, 27, -1
224, 382, -1
224, 348, -1
224, 353, -1
224, 279, -1
224, 308, -1
224, 206, -1
224, 246, -1
224, 7, -1
224, 427, -1
224, 143, -1
224, 498, -1
224, 496, -1
224, 27, -1

401, 126, 1
401, 66, 1
401, 450, 1
401, 13, 1
401, 186, 1
401, 103, 1
401, 271, 1
401, 283, 1
401, 459, 1
401, 224, 1
401, 276, 1
63, 126, 1
63, 66, 1
63, 450, 1
63, 13, 1
63, 186, 1
63, 103, 1
63, 271, 1
63, 283, 1
63, 459, 1
63, 224, 1
63, 276, 1
63, 401, 1
448, 126, 1
448, 66, 1
448, 450, 1
448, 13, 1
448, 186, 1
448, 103, 1
448, 271, 1
448, 283, 1
448, 459, 1
448, 224, 1
448, 276, 1
448, 401, 1
448, 63, 1
101, 382, 1
101, 348, 1
101, 353, 1
101, 279, 1
101, 308, 1
101, 206, 1
101, 246, 1
101, 7, 1
101, 427, 1
101, 143, 1
101, 498, 1
101, 496, 1
101, 27, 1
101, 158, 1
192, 382, 1
192, 348, 1
192, 353, 1
192, 279, 1
192, 308, 1
192, 206, 1
192, 246, 1
192, 7, 1
192, 427, 1
192, 143, 1
192, 498, 1
192, 496, 1
192, 27, 1
192, 158, 1
192, 101, 1
401, 382, -1
401, 348, -1
401, 353, -1
401, 279, -1
401, 308, -1
401, 206, -1
401, 246, -1
401, 7, -1
401, 427, -1
401, 143, -1
401, 498, -1
401, 496, -1
401, 27, -1
401, 158, -1
63, 382, -1
63, 348, -1
63, 353, -1
63, 279, -1
63, 308, -1
63, 206, -1
63, 246, -1
63, 7, -1
63, 427, -1
63, 143, -1
63, 498, -1
63, 496, -1
63, 27, -1
63, 158, -1
448, 382, -1
448, 348, -1
448, 353, -1
448, 279, -1
448, 308, -1
448, 206, -1
448, 246, -1
448, 7, -1
448, 427, -1
448, 143, -1
448, 498, -1
448, 496, -1
448, 27, -1
448, 158, -1
101, 126, -1
101, 66, -1
101, 450, -1
101, 13, -1
101, 186, -1
101, 103, -1
101, 271, -1
101, 283, -1
101, 459, -1
101, 224, -1
101, 276, -1
101, 401, -1
101, 63, -1
101, 448, -1
192, 126, -1
192, 66, -1
192, 450, -1
192, 13, -1
192, 186, -1
192, 103, -1
192, 271, -1
192, 283, -1
192, 459, -1
192, 224, -1
192, 276, -1
192, 401, -1
192, 63, -1
192, 448, -1

209, 126, 1
209, 66, 1
209, 450, 1
209, 13, 1
209, 186, 1
209, 103, 1
209, 271, 1
209, 283, 1
209, 459, 1
209, 224, 1
209, 276, 1
209, 401, 1
209, 63, 1
209, 448, 1
209, 419, 1
214, 126, 1
214, 66, 1
214, 450, 1
214, 13, 1
214, 186, 1
214, 103, 1
214, 271, 1
214, 283, 1
214, 459, 1
214, 224, 1
214, 276, 1
214, 401, 1
214, 63, 1
214, 448, 1
214, 419, 1
214, 209, 1
6, 382, 1
6, 348, 1
6, 353, 1
6, 279, 1
6, 308, 1
6, 206, 1
6, 246, 1
6, 7, 1
6, 427, 1
6, 143, 1
6, 498, 1
6, 496, 1
6, 27, 1
6, 158, 1
6, 101, 1
6, 192, 1
6, 269, 1
86, 126, 1
86, 66, 1
86, 450, 1
86, 13, 1
86, 186, 1
86, 103, 1
86, 271, 1
86, 283, 1
86, 459, 1
86, 224, 1
86, 276, 1
86, 401, 1
86, 63, 1
86, 448, 1
86, 419, 1
86, 209, 1
86, 214, 1
173, 382, 1
173, 348, 1
173, 353, 1
173, 279, 1
173, 308, 1
173, 206, 1
173, 246, 1
173, 7, 1
173, 427, 1
173, 143, 1
173, 498, 1
173, 496, 1
173, 27, 1
173, 158, 1
173, 101, 1
173, 192, 1
173, 269, 1
173, 6, 1
137, 126, 1
137, 66, 1
137, 450, 1
137, 13, 1
137, 186, 1
137, 103, 1
137, 271, 1
137, 283, 1
137, 459, 1
137, 224, 1
137, 276, 1
137, 401, 1
137, 63, 1
137, 448, 1
137, 419, 1
137, 209, 1
137, 214, 1
137, 86, 1
209, 382, -1
209, 348, -1
209, 353, -1
209, 279, -1
209, 308, -1
209, 206, -1
209, 246, -1
209, 7, -1
209, 427, -1
209, 143, -1
209, 498, -1
209, 496, -1
209, 27, -1
209, 158, -1
209, 101, -1
209, 192, -1
209, 269, -1
214, 382, -1
214, 348, -1
214, 353, -1
214, 279, -1
214, 308, -1
214, 206, -1
214, 246, -1
214, 7, -1
214, 427, -1
214, 143, -1
214, 498, -1
214, 496, -1
214, 27, -1
214, 158, -1
214, 101, -1
214, 192, -1
214, 269, -1
6, 126, -1
6, 66, -1
6, 450, -1
6, 13, -1
6, 186, -1
6, 103, -1
6, 271, -1
6, 283, -1
6, 459, -1
6, 224, -1
6, 276, -1
6, 401, -1
6, 63, -1
6, 448, -1
6, 419, -1
6, 209, -1
6, 214, -1
86, 382, -1
86, 348, -1
86, 353, -1
86, 279, -1
86, 308, -1
86, 206, -1
86, 246, -1
86, 7, -1
86, 427, -1
86, 143, -1
86, 498, -1
86, 496, -1
86, 27, -1
86, 158, -1
86, 101, -1
86, 192, -1
86, 269, -1
86, 6, -1
173, 126, -1
173, 66, -1
173, 450, -1
173, 13, -1
173, 186, -1
173, 103, -1
173, 271, -1
173, 283, -1
173, 459, -1
173, 224, -1
173, 276, -1
173, 401, -1
173, 63, -1
173, 448, -1
173, 419, -1
173, 209, -1
173, 214, -1
173, 86, -1
137, 382, -1
137, 348, -1
137, 353, -1
137, 279, -1
137, 308, -1
137, 206, -1
137, 246, -1
137, 7, -1
137, 427, -1
137, 143, -1
137, 498, -1
137, 496, -1
137, 27, -1
137, 158, -1
137, 101, -1
137, 192, -1
137, 269, -1
137, 6, -1
137, 173, -1

461, 126, 1
461, 66, 1
461, 450, 1
461, 13, 1
461, 186, 1
461, 103, 1
461, 271, 1
461, 283, 1
461, 459, 1
461, 224, 1
461, 276, 1
461, 401, 1
461, 63, 1
461, 448, 1
461, 419, 1
461, 209, 1
461, 214, 1
461, 86, 1
461, 137, 1
461, 470, 1
461, 155, 1
231, 126, 1
231, 66, 1
231, 450, 1
231, 13, 1
231, 186, 1
231, 103, 1
231, 271, 1
231, 283, 1
231, 459, 1
231, 224, 1
231, 276, 1
231, 401, 1
231, 63, 1
231, 448, 1
231, 419, 1
231, 209, 1
231, 214, 1
231, 86, 1
231, 137, 1
231, 470, 1
231, 155, 1
231, 461, 1
451, 126, 1
451, 66, 1
451, 450, 1
451, 13, 1
451, 186, 1
451, 103, 1
451, 271, 1
451, 283, 1
451, 459, 1
451, 224, 1
451, 276, 1
451, 401, 1
451, 63, 1
451, 448, 1
451, 419, 1
451, 209, 1
451, 214, 1
451, 86, 1
451, 137, 1
451, 470, 1
451, 155, 1
451, 461, 1
451, 231, 1
321, 382, 1
321, 348, 1
321, 353, 1
321, 279, 1
321, 308, 1
321, 206, 1
321, 246, 1
321, 7, 1
321, 427, 1
321, 143, 1
321, 498, 1
321, 496, 1
321, 27, 1
321, 158, 1
321, 101, 1
321, 192, 1
321, 269, 1
321, 6, 1
321, 173, 1
321, 62, 1
244, 126, 1
244, 66, 1
244, 450, 1
244, 13, 1
244, 186, 1
244, 103, 1
244, 271, 1
244, 283, 1
244, 459, 1
244, 224, 1
244, 276, 1
244, 401, 1
244, 63, 1
244, 448, 1
244, 419, 1
244, 209, 1
244, 214, 1
244, 86, 1
244, 137, 1
244, 470, 1
244, 155, 1
244, 461, 1
244, 231, 1
244, 451, 1
296, 382, 1
296, 348, 1
296, 353, 1
296, 279, 1
296, 308, 1
296, 206, 1
296, 246, 1
296, 7, 1
296, 427, 1
296, 143, 1
296, 498, 1
296, 496, 1
296, 27, 1
296, 158, 1
296, 101, 1
296, 192, 1
296, 269, 1
296, 6, 1
296, 173, 1
296, 62, 1
296, 321, 1
461, 382, -1
461, 348, -1
461, 353, -1
461, 279, -1
461, 308, -1
461, 206, -1
461, 246, -1
461, 7, -1
461, 427, -1
461, 143, -1
461, 498, -1
461, 496, -1
461, 27, -1
461, 158, -1
461, 101, -1
461, 192, -1
461, 269, -1
461, 6, -1
461, 173, -1
461, 62, -1
231, 382, -1
231, 348, -1
231, 353, -1
231, 279, -1
231, 308, -1
231, 206, -1
231, 246, -1
231, 7, -1
231, 427, -1
231, 143, -1
231, 498, -1
231, 496, -1
231, 27, -1
231, 158, -1
231, 101, -1
231, 192, -1
231, 269, -1
231, 6, -1
231, 173, -1
231, 62, -1
451, 382, -1
451, 348, -1
451, 353, -1
451, 279, -1
451, 308, -1
451, 206, -1
451, 246, -1
451, 7, -1
451, 427, -1
451, 143, -1
451, 498, -1
451, 496, -1
451, 27, -1
451, 158, -1
451, 101, -1
451, 192, -1
451, 269, -1
451, 6, -1
451, 173, -1
451, 62, -1
321, 126, -1
321, 66, -1
321, 450, -1
321, 13, -1
321, 186, -1
321, 103, -1
321, 271, -1
321, 283, -1
321, 459, -1
321, 224, -1
321, 276, -1
321, 401, -1
321, 63, -1
321, 448, -1
321, 419, -1
321, 209, -1
321, 214, -1
321, 86, -1
321, 137, -1
321, 470, -1
321, 155, -1
321, 461, -1
321, 231, -1
321, 451, -1
244, 382, -1
244, 348, -1
244, 353, -1
244, 279, -1
244, 308, -1
244, 206, -1
244, 246, -1
244, 7, -1
244, 427, -1
244, 143, -1
244, 498, -1
244, 496, -1
244, 27, -1
244, 158, -1
244, 101, -1
244, 192, -1
244, 269, -1
244, 6, -1
244, 173, -1
244, 62, -1
244, 321, -1
296, 126, -1
296, 66, -1
296, 450, -1
296, 13, -1
296, 186, -1
296, 103, -1
296, 271, -1
296, 283, -1
296, 459, -1
296, 224, -1
296, 276, -1
296, 401, -1
296, 63, -1
296, 448, -1
296, 419, -1
296, 209, -1
296, 214, -1
296, 86, -1
296, 137, -1
296, 470, -1
296, 155, -1
296, 461, -1
296, 231, -1
296, 451, -1
296, 244, -1

105, 126, 1
105, 66, 1
105, 450, 1
105, 13, 1
105, 186, 1
105, 103, 1
105, 271, 1
105, 283, 1
105, 459, 1
105, 224, 1
105, 276, 1
105, 401, 1
105, 63, 1
105, 448, 1
105, 419, 1
105, 209, 1
105, 214, 1
105, 86, 1
105, 137, 1
105, 470, 1
105, 155, 1
105, 461, 1
105, 231, 1
105, 451, 1
105, 244, 1
105, 424, 1
105, 123, 1
141, 126, 1
141, 66, 1
141, 450, 1
141, 13, 1
141, 186, 1
141, 103, 1
141, 271, 1
141, 283, 1
141, 459, 1
141, 224, 1
141, 276, 1
141, 401, 1
141, 63, 1
141, 448, 1
141, 419, 1
141, 209, 1
141, 214, 1
141, 86, 1
141, 137, 1
141, 470, 1
141, 155, 1
141, 461, 1
141, 231, 1
141, 451, 1
141, 244, 1
141, 424, 1
141, 123, 1
141, 105, 1
385, 382, 1
385, 348, 1
385, 353, 1
385, 279, 1
385, 308, 1
385, 206, 1
385, 246, 1
385, 7, 1
385, 427, 1
385, 143, 1
385, 498, 1
385, 496, 1
385, 27, 1
385, 158, 1
385, 101, 1
385, 192, 1
385, 269, 1
385, 6, 1
385, 173, 1
385, 62, 1
385, 321, 1
385, 296, 1
385, 313, 1
65, 126, 1
65, 66, 1
65, 450, 1
65, 13, 1
65, 186, 1
65, 103, 1
65, 271, 1
65, 283, 1
65, 459, 1
65, 224, 1
65, 276, 1
65, 401, 1
65, 63, 1
65, 448, 1
65, 419, 1
65, 209, 1
65, 214, 1
65, 86, 1
65, 137, 1
65, 470, 1
65, 155, 1
65, 461, 1
65, 231, 1
65, 451, 1
65, 244, 1
65, 424, 1
65, 123, 1
65, 105, 1
65, 141, 1
441, 382, 1
441, 348, 1
441, 353, 1
441, 279, 1
441, 308, 1
441, 206, 1
441, 246, 1
441, 7, 1
441, 427, 1
441, 143, 1
441, 498, 1
441, 496, 1
441, 27, 1
441, 158, 1
441, 101, 1
441, 192, 1
441, 269, 1
441, 6, 1
441, 173, 1
441, 62, 1
441, 321, 1
441, 296, 1
441, 313, 1
441, 385, 1
12, 126, 1
12, 66, 1
12, 450, 1
12, 13, 1
12, 186, 1
12, 103, 1
12, 271, 1
12, 283, 1
12, 459, 1
12, 224, 1
12, 276, 1
12, 401, 1
12, 63, 1
12, 448, 1
12, 419, 1
12, 209, 1
12, 214, 1
12, 86, 1
12, 137, 1
12, 470, 1
12, 155, 1
12, 461, 1
12, 231, 1
12, 451, 1
12, 244, 1
12, 424, 1
12, 123, 1
12, 105, 1
12, 141, 1
12, 65, 1
105, 382, -1
105, 348, -1
105, 353, -1
105, 279, -1
105, 308, -1
105, 206, -1
105, 246, -1
105, 7, -1
105, 427, -1
105, 143, -1
105, 498, -1
105, 496, -1
105, 27, -1
105, 158, -1
105, 101, -1
105, 192, -1
105, 269, -1
105, 6, -1
105, 173, -1
105, 62, -1
105, 321, -1
105, 296, -1
105, 313, -1
141, 382, -1
141, 348, -1
141, 353, -1
141, 279, -1
141, 308, -1
141, 206, -1
141, 246, -1
141, 7, -1
141, 427, -1
141, 143, -1
141, 498, -1
141, 496, -1
141, 27, -1
141, 158, -1
141, 101, -1
141, 192, -1
141, 269, -1
141, 6, -1
141, 173, -1
141, 62, -1
141, 321, -1
141, 296, -1
141, 313, -1
385, 126, -1
385, 66, -1
385, 450, -1
385, 13, -1
385, 186, -1
385, 103, -1
385, 271, -1
385, 283, -1
385, 459, -1
385, 224, -1
385, 276, -1
385, 401, -1
385, 63, -1
385, 448, -1
385, 419, -1
385, 209, -1
385, 214, -1
385, 86, -1
385, 137, -1
385, 470, -1
385, 155, -1
385, 461, -1
385, 231, -1
385, 451, -1
385, 244, -1
385, 424, -1
385, 123, -1
385, 105, -1
385, 141, -1
65, 382, -1
65, 348, -1
65, 353, -1
65, 279, -1
65, 308, -1
65, 206, -1
65, 246, -1
65, 7, -1
65, 427, -1
65, 143, -1
65, 498, -1
65, 496, -1
65, 27, -1
65, 158, -1
65, 101, -1
65, 192, -1
65, 269, -1
65, 6, -1
65, 173, -1
65, 62, -1
65, 321, -1
65, 296, -1
65, 313, -1
65, 385, -1
441, 126, -1
441, 66, -1
441, 450, -1
441, 13, -1
441, 186, -1
441, 103, -1
441, 271, -1
441, 283, -1
441, 459, -1
441, 224, -1
441, 276, -1
441, 401, -1
441, 63, -1
441, 448, -1
441, 419, -1
441, 209, -1
441, 214, -1
441, 86, -1
441, 137, -1
441, 470, -1
441, 155, -1
441, 461, -1
441, 231, -1
441, 451, -1
441, 244, -1
441, 424, -1
441, 123, -1
441, 105, -1
441, 141, -1
441, 65, -1
12, 382, -1
12, 348, -1
12, 353, -1
12, 279, -1
12, 308, -1
12, 206, -1
12, 246, -1
12, 7, -1
12, 427, -1
12, 143, -1
12, 498, -1
12, 496, -1
12, 27, -1
12, 158, -1
12, 101, -1
12, 192, -1
12, 269, -1
12, 6, -1
12, 173, -1
12, 62, -1
12, 321, -1
12, 296, -1
12, 313, -1
12, 385, -1
12, 441, -1

159, 126, 1
159, 66, 1
159, 450, 1
159, 13, 1
159, 186, 1
159, 103, 1
159, 271, 1
159, 283, 1
159, 459, 1
159, 224, 1
159, 276, 1
159, 401, 1
159, 63, 1
159, 448, 1
159, 419, 1
159, 209, 1
159, 214, 1
159, 86, 1
159, 137, 1
159, 470, 1
159, 155, 1
159, 461, 1
159, 231, 1
159, 451, 1
159, 244, 1
159, 424, 1
159, 123, 1
159, 105, 1
159, 141, 1
159, 65, 1
159, 12, 1
159, 290, 1
159, 469, 1
423, 126, 1
423, 66, 1
423, 450, 1
423, 13, 1
423, 186, 1
423, 103, 1
423, 271, 1
423, 283, 1
423, 459, 1
423, 224, 1
423, 276, 1
423, 401, 1
423, 63, 1
423, 448, 1
423, 419, 1
423, 209, 1
423, 214, 1
423, 86, 1
423, 137, 1
423, 470, 1
423, 155, 1
423, 461, 1
423, 231, 1
423, 451, 1
423, 244, 1
423, 424, 1
423, 123, 1
423, 105, 1
423, 141, 1
423, 65, 1
423, 12, 1
423, 290, 1
423, 469, 1
423, 159, 1
23, 382, 1
23, 348, 1
23, 353, 1
23, 279, 1
23, 308, 1
23, 206, 1
23, 246, 1
23, 7, 1
23, 427, 1
23, 143, 1
23, 498, 1
23, 496, 1
23, 27, 1
23, 158, 1
23, 101, 1
23, 192, 1
23, 269, 1
23, 6, 1
23, 173, 1
23, 62, 1
23, 321, 1
23, 296, 1
23, 313, 1
23, 385, 1
23, 441, 1
23, 239, 1
233, 126, 1
233, 66, 1
233, 450, 1
233, 13, 1
233, 186, 1
233, 103, 1
233, 271, 1
233, 283, 1
233, 459, 1
233, 224, 1
233, 276, 1
233, 401, 1
233, 63, 1
233, 448, 1
233, 419, 1
233, 209, 1
233, 214, 1
233, 86, 1
233, 137, 1
233, 470, 1
233, 155, 1
233, 461, 1
233, 231, 1
233, 451, 1
233, 244, 1
233, 424, 1
233, 123, 1
233, 105, 1
233, 141, 1
233, 65, 1
233, 12, 1
233, 290, 1
233, 469, 1
233, 159, 1
233, 423, 1
357, 382, 1
357, 348, 1
357, 353, 1
357, 279, 1
357, 308, 1
357, 206, 1
357, 246, 1
357, 7, 1
357, 427, 1
357, 143, 1
357, 498, 1
357, 496, 1
357, 27, 1
357, 158, 1
357, 101, 1
357, 192, 1
357, 269, 1
357, 6, 1
357, 173, 1
357, 62, 1
357, 321, 1
357, 296, 1
357, 313, 1
357, 385, 1
357, 441, 1
357, 239, 1
357, 23, 1
290, 126, 1
290, 66, 1
290, 450, 1
290, 13, 1
290, 186, 1
290, 103, 1
290, 271, 1
290, 283, 1
290, 459, 1
290, 224, 1
290, 276, 1
290, 401, 1
290, 63, 1
290, 448, 1
290, 419, 1
290, 209, 1
290, 214, 1
290, 86, 1
290, 137, 1
290, 470, 1
290, 155, 1
290, 461, 1
290, 231, 1
290, 451, 1
290, 244, 1
290, 424, 1
290, 123, 1
290, 105, 1
290, 141, 1
290, 65, 1
290, 12, 1
290, 290, 1
290, 469, 1
290, 159, 1
290, 423, 1
290, 233, 1
159, 382, -1
159, 348, -1
159, 353, -1
159, 279, -1
159, 308, -1
159, 206, -1
159, 246, -1
159, 7, -1
159, 427, -1
159, 143, -1
159, 498, -1
159, 496, -1
159, 27, -1
159, 158, -1
159, 101, -1
159, 192, -1
159, 269, -1
159, 6, -1
159, 173, -1
159, 62, -1
159, 321, -1
159, 296, -1
159, 313, -1
159, 385, -1
159, 441, -1
159, 239, -1
423, 382, -1
423, 348, -1
423, 353, -1
423, 279, -1
423, 308, -1
423, 206, -1
423, 246, -1
423, 7, -1
423, 427, -1
423, 143, -1
423, 498, -1
423, 496, -1
423, 27, -1
423, 158, -1
423, 101, -1
423, 192, -1
423, 269, -1
423, 6, -1
423, 173, -1
423, 62, -1
423, 321, -1
423, 296, -1
423, 313, -1
423, 385, -1
423, 441, -1
423, 239, -1
23, 126, -1
23, 66, -1
23, 450, -1
23, 13, -1
23, 186, -1
23, 103, -1
23, 271, -1
23, 283, -1
23, 459, -1
23, 224, -1
23, 276, -1
23, 401, -1
23, 63, -1
23, 448, -1
23, 419, -1
23, 209, -1
23, 214, -1
23, 86, -1
23, 137, -1
23, 470, -1
23, 155, -1
23, 461, -1
23, 231, -1
23, 451, -1
23, 244, -1
23, 424, -1
23, 123, -1
23, 105, -1
23, 141, -1
23, 65, -1
23, 12, -1
23, 290, -1
23, 469, -1
23, 159, -1
23, 423, -1
233, 382, -1
233, 348, -1
233, 353, -1
233, 279, -1
233, 308, -1
233, 206, -1
233, 246, -1
233, 7, -1
233, 427, -1
233, 143, -1
233, 498, -1
233, 496, -1
233, 27, -1
233, 158, -1
233, 101, -1
233, 192, -1
233, 269, -1
233, 6, -1
233, 173, -1
233, 62, -1
233, 321, -1
233, 296, -1
233, 313, -1
233, 385, -1
233, 441, -1
233, 239, -1
233, 23, -1
357, 126, -1
357, 66, -1
357, 450, -1
357, 13, -1
357, 186, -1
357, 103, -1
357, 271, -1
357, 283, -1
357, 459, -1
357, 224, -1
357, 276, -1
357, 401, -1
357, 63, -1
357, 448, -1
357, 419, -1
357, 209, -1
357, 214, -1
357, 86, -1
357, 137, -1
357, 470, -1
357, 155, -1
357, 461, -1
357, 231, -1
357, 451, -1
357, 244, -1
357, 424, -1
357, 123, -1
357, 105, -1
357, 141, -1
357, 65, -1
357, 12, -1
357, 290, -1
357, 469, -1
357, 159, -1
357, 423, -1
357, 233, -1
290, 382, -1
290, 348, -1
290, 353, -1
290, 279, -1
290, 308, -1
290, 206, -1
290, 246, -1
290, 7, -1
290, 427, -1
290, 143, -1
290, 498, -1
290, 496, -1
290, 27, -1
290, 158, -1
290, 101, -1
290, 192, -1
290, 269, -1
290, 6, -1
290, 173, -1
290, 62, -1
290, 321, -1
290, 296, -1
290, 313, -1
290, 385, -1
290, 441, -1
290, 239, -1
290, 23, -1
290, 357, -1

306, 126, 1
306, 66, 1
306, 450, 1
306, 13, 1
306, 186, 1
306, 103, 1
306, 271, 1
306, 283, 1
306, 459, 1
306, 224, 1
306, 276, 1
306, 401, 1
306, 63, 1
306, 448, 1
306, 419, 1
306, 209, 1
306, 214, 1
306, 86, 1
306, 137, 1
306, 470, 1
306, 155, 1
306, 461, 1
306, 231, 1
306, 451, 1
306, 244, 1
306, 424, 1
306, 123, 1
306, 105, 1
306, 141, 1
306, 65, 1
306, 12, 1
306, 290, 1
306, 469, 1
306, 159, 1
306, 423, 1
306, 233, 1
306, 290, 1
306, 84, 1
306, 190, 1
430, 126, 1
430, 66, 1
430, 450, 1
430, 13, 1
430, 186, 1
430, 103, 1
430, 271, 1
430, 283, 1
430, 459, 1
430, 224, 1
430, 276, 1
430, 401, 1
430, 63, 1
430, 448, 1
430, 419, 1
430, 209, 1
430, 214, 1
430, 86, 1
430, 137, 1
430, 470, 1
430, 155, 1
430, 461, 1
430, 231, 1
430, 451, 1
430, 244, 1
430, 424, 1
430, 123, 1
430, 105, 1
430, 141, 1
430, 65, 1
430, 12, 1
430, 290, 1
430, 469, 1
430, 159, 1
430, 423, 1
430, 233, 1
430, 290, 1
430, 84, 1
430, 190, 1
430, 306, 1
464, 382, 1
464, 348, 1
464, 353, 1
464, 279, 1
464, 308, 1
464, 206, 1
464, 246, 1
464, 7, 1
464, 427, 1
464, 143, 1
464, 498, 1
464, 496, 1
464, 27, 1
464, 158, 1
464, 101, 1
464, 192, 1
464, 269, 1
464, 6, 1
464, 173, 1
464, 62, 1
464, 321, 1
464, 296, 1
464, 313, 1
464, 385, 1
464, 441, 1
464, 239, 1
464, 23, 1
464, 357, 1
464, 440, 1
252, 126, 1
252, 66, 1
252, 450, 1
252, 13, 1
252, 186, 1
252, 103, 1
252, 271, 1
252, 283, 1
252, 459, 1
252, 224, 1
252, 276, 1
252, 401, 1
252, 63, 1
252, 448, 1
252, 419, 1
252, 209, 1
252, 214, 1
252, 86, 1
252, 137, 1
252, 470, 1
252, 155, 1
252, 461, 1
252, 231, 1
252, 451, 1
252, 244, 1
252, 424, 1
252, 123, 1
252, 105, 1
252, 141, 1
252, 65, 1
252, 12, 1
252, 290, 1
252, 469, 1
252, 159, 1
252, 423, 1
252, 233, 1
252, 290, 1
252, 84, 1
252, 190, 1
252, 306, 1
252, 430, 1
468, 382, 1
468, 348, 1
468, 353, 1
468, 279, 1
468, 308, 1
468, 206, 1
468, 246, 1
468, 7, 1
468, 427, 1
468, 143, 1
468, 498, 1
468, 496, 1
468, 27, 1
468, 158, 1
468, 101, 1
468, 192, 1
468, 269, 1
468, 6, 1
468, 173, 1
468, 62, 1
468, 321, 1
468, 296, 1
468, 313, 1
468, 385, 1
468, 441, 1
468, 239, 1
468, 23, 1
468, 357, 1
468, 440, 1
468, 464, 1
363, 126, 1
363, 66, 1
363, 450, 1
363, 13, 1
363, 186, 1
363, 103, 1
363, 271, 1
363, 283, 1
363, 459, 1
363, 224, 1
363, 276, 1
363, 401, 1
363, 63, 1
363, 448, 1
363, 419, 1
363, 209, 1
363, 214, 1
363, 86, 1
363, 137, 1
363, 470, 1
363, 155, 1
363, 461, 1
363, 231, 1
363, 451, 1
363, 244, 1
363, 424, 1
363, 123, 1
363, 105, 1
363, 141, 1
363, 65, 1
363, 12, 1
363, 290, 1
363, 469, 1
363, 159, 1
363, 423, 1
363, 233, 1
363, 290, 1
363, 84, 1
363, 190, 1
363, 306, 1
363, 430, 1
363, 252, 1
306, 382, -1
306, 348, -1
306, 353, -1
306, 279, -1
306, 308, -1
306, 206, -1
306, 246, -1
306, 7, -1
306, 427, -1
306, 143, -1
306, 498, -1
306, 496, -1
306, 27, -1
306, 158, -1
306, 101, -1
306, 192, -1
306, 269, -1
306, 6, -1
306, 173, -1
306, 62, -1
306, 321, -1
306, 296, -1
306, 313, -1
306, 385, -1
306, 441, -1
306, 239, -1
306, 23, -1
306, 357, -1
306, 440, -1
430, 382, -1
430, 348, -1
430, 353, -1
430, 279, -1
430, 308, -1
430, 206, -1
430, 246, -1
430, 7, -1
430, 427, -1
430, 143, -1
430, 498, -1
430, 496, -1
430, 27, -1
430, 158, -1
430, 101, -1
430, 192, -1
430, 269, -1
430, 6, -1
430, 173, -1
430, 62, -1
430, 321, -1
430, 296, -1
430, 313, -1
430, 385, -1
430, 441, -1
430, 239, -1
430, 23, -1
430, 357, -1
430, 440, -1
464, 126, -1
464, 66, -1
464, 450, -1
464, 13, -1
464, 186, -1
464, 103, -1
464, 271, -1
464, 283, -1
464, 459, -1
464, 224, -1
464, 276, -1
464, 401, -1
464, 63, -1
464, 448, -1
464, 419, -1
464, 209, -1
464, 214, -1
464, 86, -1
464, 137, -1
464, 470, -1
464, 155, -1
464, 461, -1
464, 231, -1
464, 451, -1
464, 244, -1
464, 424, -1
464, 123, -1
464, 105, -1
464, 141, -1
464, 65, -1
464, 12, -1
464, 290, -1
464, 469, -1
464, 159, -1
464, 423, -1
464, 233, -1
464, 290, -1
464, 84, -1
464, 190, -1
464, 306, -1
464, 430, -1
252, 382, -1
252, 348, -1
252, 353, -1
252, 279, -1
252, 308, -1
252, 206, -1
252, 246, -1
252, 7, -1
252, 427, -1
252, 143, -1
252, 498, -1
252, 496, -1
252, 27, -1
252, 158, -1
252, 101, -1
252, 192, -1
252, 269, -1
252, 6, -1
252, 173, -1
252, 62, -1
252, 321, -1
252, 296, -1
252, 313, -1
252, 385, -1
252, 441, -1
252, 239, -1
252, 23, -1
252, 357, -1
252, 440, -1
252, 464, -1
468, 126, -1
468, 66, -1
468, 450, -1
468, 13, -1
468, 186, -1
468, 103, -1
468, 271, -1
468, 283, -1
468, 459, -1
468, 224, -1
468, 276, -1
468, 401, -1
468, 63, -1
468, 448, -1
468, 419, -1
468, 209, -1
468, 214, -1
468, 86, -1
468, 137, -1
468, 470, -1
468, 155, -1
468, 461, -1
468, 231, -1
468, 451, -1
468, 244, -1
468, 424, -1
468, 123, -1
468, 105, -1
468, 141, -1
468, 65, -1
468, 12, -1
468, 290, -1
468, 469, -1
468, 159, -1
468, 423, -1
468, 233, -1
468, 290, -1
468, 84, -1
468, 190, -1
468, 306, -1
468, 430, -1
468, 252, -1
363, 382, -1
363, 348, -1
363, 353, -1
363, 279, -1
363, 308, -1
363, 206, -1
363, 246, -1
363, 7, -1
363, 427, -1
363, 143, -1
363, 498, -1
363, 496, -1
363, 27, -1
363, 158, -1
363, 101, -1
363, 192, -1
363, 269, -1
363, 6, -1
363, 173, -1
363, 62, -1
363, 321, -1
363, 296, -1
363, 313, -1
363, 385, -1
363, 441, -1
363, 239, -1
363, 23, -1
363, 357, -1
363, 440, -1
363, 464, -1
363, 468, -1

324, 126, 1
324, 66, 1
324, 450, 1
324, 13, 1
324, 186, 1
324, 103, 1
324, 271, 1
324, 283, 1
324, 459, 1
324, 224, 1
324, 276, 1
324, 401, 1
324, 63, 1
324, 448, 1
324, 419, 1
324, 209, 1
324, 214, 1
324, 86, 1
324, 137, 1
324, 470, 1
324, 155, 1
324, 461, 1
324, 231, 1
324, 451, 1
324, 244, 1
324, 424, 1
324, 123, 1
324, 105, 1
324, 141, 1
324, 65, 1
324, 12, 1
324, 290, 1
324, 469, 1
324, 159, 1
324, 423, 1
324, 233, 1
324, 290, 1
324, 84, 1
324, 190, 1
324, 306, 1
324, 430, 1
324, 252, 1
324, 363, 1
324, 115, 1
324, 337, 1
379, 126, 1
379, 66, 1
379, 450, 1
379, 13, 1
379, 186, 1
379, 103, 1
379, 271, 1
379, 283, 1
379, 459, 1
379, 224, 1
379, 276, 1
379, 401, 1
379, 63, 1
379, 448, 1
379, 419, 1
379, 209, 1
379, 214, 1
379, 86, 1
379, 137, 1
379, 470, 1
379, 155, 1
379, 461, 1
379, 231, 1
379, 451, 1
379, 244, 1
379, 424, 1
379, 123, 1
379, 105, 1
379, 141, 1
379, 65, 1
379, 12, 1
379, 290, 1
379, 469, 1
379, 159, 1
379, 423, 1
379, 233, 1
379, 290, 1
379, 84, 1
379, 190, 1
379, 306, 1
379, 430, 1
379, 252, 1
379, 363, 1
379, 115, 1
379, 337, 1
379, 324, 1
163, 382, 1
163, 348, 1
163, 353, 1
163, 279, 1
163, 308, 1
163, 206, 1
163, 246, 1
163, 7, 1
163, 427, 1
163, 143, 1
163, 498, 1
163, 496, 1
163, 27, 1
163, 158, 1
163, 101, 1
163, 192, 1
163, 269, 1
163, 6, 1
163, 173, 1
163, 62, 1
163, 321, 1
163, 296, 1
163, 313, 1
163, 385, 1
163, 441, 1
163, 239, 1
163, 23, 1
163, 357, 1
163, 440, 1
163, 464, 1
163, 468, 1
163, 78, 1
368, 126, 1
368, 66, 1
368, 450, 1
368, 13, 1
368, 186, 1
368, 103, 1
368, 271, 1
368, 283, 1
368, 459, 1
368, 224, 1
368, 276, 1
368, 401, 1
368, 63, 1
368, 448, 1
368, 419, 1
368, 209, 1
368, 214, 1
368, 86, 1
368, 137, 1
368, 470, 1
368, 155, 1
368, 461, 1
368, 231, 1
368, 451, 1
368, 244, 1
368, 424, 1
368, 123, 1
368, 105, 1
368, 141, 1
368, 65, 1
368, 12, 1
368, 290, 1
368, 469, 1
368, 159, 1
368, 423, 1
368, 233, 1
368, 290, 1
368, 84, 1
368, 190, 1
368, 306, 1
368, 430, 1
368, 252, 1
368, 363, 1
368, 115, 1
368, 337, 1
368, 324, 1
368, 379, 1
494, 382, 1
494, 348, 1
494, 353, 1
494, 279, 1
494, 308, 1
494, 206, 1
494, 246, 1
494, 7, 1
494, 427, 1
494, 143, 1
494, 498, 1
494, 496, 1
494, 27, 1
494, 158, 1
494, 101, 1
494, 192, 1
494, 269, 1
494, 6, 1
494, 173, 1
494, 62, 1
494, 321, 1
494, 296, 1
494, 313, 1
494, 385, 1
494, 441, 1
494, 239, 1
494, 23, 1
494, 357, 1
494, 440, 1
494, 464, 1
494, 468, 1
494, 78, 1
494, 163, 1
253, 126, 1
253, 66, 1
253, 450, 1
253, 13, 1
253, 186, 1
253, 103, 1
253, 271, 1
253, 283, 1
253, 459, 1
253, 224, 1
253, 276, 1
253, 401, 1
253, 63, 1
253, 448, 1
253, 419, 1
253, 209, 1
253, 214, 1
253, 86, 1
253, 137, 1
253, 470, 1
253, 155, 1
253, 461, 1
253, 231, 1
253, 451, 1
253, 244, 1
253, 424, 1
253, 123, 1
253, 105, 1
253, 141, 1
253, 65, 1
253, 12, 1
253, 290, 1
253, 469, 1
253, 159, 1
253, 423, 1
253, 233, 1
253, 290, 1
253, 84, 1
253, 190, 1
253, 306, 1
253, 430, 1
253, 252, 1
253, 363, 1
253, 115, 1
253, 337, 1
253, 324, 1
253, 379, 1
253, 368, 1
324, 382, -1
324, 348, -1
324, 353, -1
324, 279, -1
324, 308, -1
324, 206, -1
324, 246, -1
324, 7, -1
324, 427, -1
324, 143, -1
324, 498, -1
324, 496, -1
324, 27, -1
324, 158, -1
324, 101, -1
324, 192, -1
324, 269, -1
324, 6, -1
324, 173, -1
324, 62, -1
324, 321, -1
324, 296, -1
324, 313, -1
324, 385, -1
324, 441, -1
324, 239, -1
324, 23, -1
324, 357, -1
324, 440, -1
324, 464, -1
324, 468, -1
324, 78, -1
379, 382, -1
379, 348, -1
379, 353, -1
379, 279, -1
379, 308, -1
379, 206, -1
379, 246, -1
379, 7, -1
379, 427, -1
379, 143, -1
379, 498, -1
379, 496, -1
379, 27, -1
379, 158, -1
379, 101, -1
379, 192, -1
379, 269, -1
379, 6, -1
379, 173, -1
379, 62, -1
379, 321, -1
379, 296, -1
379, 313, -1
379, 385, -1
379, 441, -1
379, 239, -1
379, 23, -1
379, 357, -1
379, 440, -1
379, 464, -1
379, 468, -1
379, 78, -1
163, 126, -1
163, 66, -1
163, 450, -1
163, 13, -1
163, 186, -1
163, 103, -1
163, 271, -1
163, 283, -1
163, 459, -1
163, 224, -1
163, 276, -1
163, 401, -1
163, 63, -1
163, 448, -1
163, 419, -1
163, 209, -1
163, 214, -1
163, 86, -1
163, 137, -1
163, 470, -1
163, 155, -1
163, 461, -1
163, 231, -1
163, 451, -1
163, 244, -1
163, 424, -1
163, 123, -1
163, 105, -1
163, 141, -1
163, 65, -1
163, 12, -1
163, 290, -1
163, 469, -1
163, 159, -1
163, 423, -1
163, 233, -1
163, 290, -1
163, 84, -1
163, 190, -1
163, 306, -1
163, 430, -1
163, 252, -1
163, 363, -1
163, 115, -1
163, 337, -1
163, 324, -1
163, 379, -1
368, 382, -1
368, 348, -1
368, 353, -1
368, 279, -1
368, 308, -1
368, 206, -1
368, 246, -1
368, 7, -1
368, 427, -1
368, 143, -1
368, 498, -1
368, 496, -1
368, 27, -1
368, 158, -1
368, 101, -1
368, 192, -1
368, 269, -1
368, 6, -1
368, 173, -1
368, 62, -1
368, 321, -1
368, 296, -1
368, 313, -1
368, 385, -1
368, 441, -1
368, 239, -1
368, 23, -1
368, 357, -1
368, 440, -1
368, 464, -1
368, 468, -1
368, 78, -1
368, 163, -1
494, 126, -1
494, 66, -1
494, 450, -1
494, 13, -1
494, 186, -1
494, 103, -1
494, 271, -1
494, 283, -1
494, 459, -1
494, 224, -1
494, 276, -1
494, 401, -1
494, 63, -1
494, 448, -1
494, 419, -1
494, 209, -1
494, 214, -1
494, 86, -1
494, 137, -1
494, 470, -1
494, 155, -1
494, 461, -1
494, 231, -1
494, 451, -1
494, 244, -1
494, 424, -1
494, 123, -1
494, 105, -1
494, 141, -1
494, 65, -1
494, 12, -1
494, 290, -1
494, 469, -1
494, 159, -1
494, 423, -1
494, 233, -1
494, 290, -1
494, 84, -1
494, 190, -1
494, 306, -1
494, 430, -1
494, 252, -1
494, 363, -1
494, 115, -1
494, 337, -1
494, 324, -1
494, 379, -1
494, 368, -1
253, 382, -1
253, 348, -1
253, 353, -1
253, 279, -1
253, 308, -1
253, 206, -1
253, 246, -1
253, 7, -1
253, 427, -1
253, 143, -1
253, 498, -1
253, 496, -1
253, 27, -1
253, 158, -1
253, 101, -1
253, 192, -1
253, 269, -1
253, 6, -1
253, 173, -1
253, 62, -1
253, 321, -1
253, 296, -1
253, 313, -1
253, 385, -1
253, 441, -1
253, 239, -1
253, 23, -1
253, 357, -1
253, 440, -1
253, 464, -1
253, 468, -1
253, 78, -1
253, 163, -1
253, 494, -1

