348, 382, 1
66, 126, 1
353, 382, 1
353, 348, 1
279, 382, 1
279, 348, 1
279, 353, 1
308, 382, 1
308, 348, 1
308, 353, 1
308, 279, 1
206, 382, 1
206, 348, 1
206, 353, 1
206, 279, 1
206, 308, 1
246, 382, 1
246, 348, 1
246, 353, 1
246, 279, 1
246, 308, 1
246, 206, 1
7, 382, 1
7, 348, 1
7, 353, 1
7, 279, 1
7, 308, 1
7, 206, 1
7, 246, 1
126, 382, -1
126, 348, -1
66, 382, -1
66, 348, -1
353, 126, -1
353, 66, -1
279, 126, -1
279, 66, -1
308, 126, -1
308, 66, -1
206, 126, -1
206, 66, -1
246, 126, -1
246, 66, -1
7, 126, -1
7, 66, -1

229, 126, 1
229, 66, 1
73, 382, 1
73, 348, 1
73, 353, 1
73, 279, 1
73, 308, 1
73, 206, 1
73, 246, 1
73, 7, 1
73, 427, 1
446, 382, 1
446, 348, 1
446, 353, 1
446, 279, 1
446, 308, 1
446, 206, 1
446, 246, 1
446, 7, 1
446, 427, 1
446, 73, 1
357, 382, 1
357, 348, 1
357, 353, 1
357, 279, 1
357, 308, 1
357, 206, 1
357, 246, 1
357, 7, 1
357, 427, 1
357, 73, 1
357, 446, 1
229, 382, -1
229, 348, -1
229, 353, -1
229, 279, -1
229, 308, -1
229, 206, -1
229, 246, -1
229, 7, -1
229, 427, -1
73, 126, -1
73, 66, -1
73, 229, -1
446, 126, -1
446, 66, -1
446, 229, -1
357, 126, -1
357, 66, -1
357, 229, -1

418, 126, 1
418, 66, 1
418, 229, 1
418, 388, 1
158, 382, 1
158, 348, 1
158, 353, 1
158, 279, 1
158, 308, 1
158, 206, 1
158, 246, 1
158, 7, 1
158, 427, 1
158, 73, 1
158, 446, 1
158, 357, 1
158, 496, 1
232, 126, 1
232, 66, 1
232, 229, 1
232, 388, 1
232, 418, 1
148, 382, 1
148, 348, 1
148, 353, 1
148, 279, 1
148, 308, 1
148, 206, 1
148, 246, 1
148, 7, 1
148, 427, 1
148, 73, 1
148, 446, 1
148, 357, 1
148, 496, 1
148, 158, 1
247, 382, 1
247, 348, 1
247, 353, 1
247, 279, 1
247, 308, 1
247, 206, 1
247, 246, 1
247, 7, 1
247, 427, 1
247, 73, 1
247, 446, 1
247, 357, 1
247, 496, 1
247, 158, 1
247, 148, 1
418, 382, -1
418, 348, -1
418, 353, -1
418, 279, -1
418, 308, -1
418, 206, -1
418, 246, -1
418, 7, -1
418, 427, -1
418, 73, -1
418, 446, -1
418, 357, -1
418, 496, -1
158, 126, -1
158, 66, -1
158, 229, -1
158, 388, -1
158, 418, -1
232, 382, -1
232, 348, -1
232, 353, -1
232, 279, -1
232, 308, -1
232, 206, -1
232, 246, -1
232, 7, -1
232, 427, -1
232, 73, -1
232, 446, -1
232, 357, -1
232, 496, -1
232, 158, -1
148, 126, -1
148, 66, -1
148, 229, -1
148, 388, -1
148, 418, -1
148, 232, -1
247, 126, -1
247, 66, -1
247, 229, -1
247, 388, -1
247, 418, -1
247, 232, -1

134, 126, 1
134, 66, 1
134, 229, 1
134, 388, 1
134, 418, 1
134, 232, 1
134, 83, 1
483, 126, 1
483, 66, 1
483, 229, 1
483, 388, 1
483, 418, 1
483, 232, 1
483, 83, 1
483, 134, 1
16, 382, 1
16, 348, 1
16, 353, 1
16, 279, 1
16, 308, 1
16, 206, 1
16, 246, 1
16, 7, 1
16, 427, 1
16, 73, 1
16, 446, 1
16, 357, 1
16, 496, 1
16, 158, 1
16, 148, 1
16, 247, 1
16, 313, 1
62, 382, 1
62, 348, 1
62, 353, 1
62, 279, 1
62, 308, 1
62, 206, 1
62, 246, 1
62, 7, 1
62, 427, 1
62, 73, 1
62, 446, 1
62, 357, 1
62, 496, 1
62, 158, 1
62, 148, 1
62, 247, 1
62, 313, 1
62, 16, 1
128, 126, 1
128, 66, 1
128, 229, 1
128, 388, 1
128, 418, 1
128, 232, 1
128, 83, 1
128, 134, 1
128, 483, 1
134, 382, -1
134, 348, -1
134, 353, -1
134, 279, -1
134, 308, -1
134, 206, -1
134, 246, -1
134, 7, -1
134, 427, -1
134, 73, -1
134, 446, -1
134, 357, -1
134, 496, -1
134, 158, -1
134, 148, -1
134, 247, -1
134, 313, -1
483, 382, -1
483, 348, -1
483, 353, -1
483, 279, -1
483, 308, -1
483, 206, -1
483, 246, -1
483, 7, -1
483, 427, -1
483, 73, -1
483, 446, -1
483, 357, -1
483, 496, -1
483, 158, -1
483, 148, -1
483, 247, -1
483, 313, -1
16, 126, -1
16, 66, -1
16, 229, -1
16, 388, -1
16, 418, -1
16, 232, -1
16, 83, -1
16, 134, -1
16, 483, -1
62, 126, -1
62, 66, -1
62, 229, -1
62, 388, -1
62, 418, -1
62, 232, -1
62, 83, -1
62, 134, -1
62, 483, -1
128, 382, -1
128, 348, -1
128, 353, -1
128, 279, -1
128, 308, -1
128, 206, -1
128, 246, -1
128, 7, -1
128, 427, -1
128, 73, -1
128, 446, -1
128, 357, -1
128, 496, -1
128, 158, -1
128, 148, -1
128, 247, -1
128, 313, -1
128, 16, -1
128, 62, -1

238, 382, 1
238, 348, 1
238, 353, 1
238, 279, 1
238, 308, 1
238, 206, 1
238, 246, 1
238, 7, 1
238, 427, 1
238, 73, 1
238, 446, 1
238, 357, 1
238, 496, 1
238, 158, 1
238, 148, 1
238, 247, 1
238, 313, 1
238, 16, 1
238, 62, 1
238, 269, 1
271, 126, 1
271, 66, 1
271, 229, 1
271, 388, 1
271, 418, 1
271, 232, 1
271, 83, 1
271, 134, 1
271, 483, 1
271, 128, 1
271, 271, 1
236, 382, 1
236, 348, 1
236, 353, 1
236, 279, 1
236, 308, 1
236, 206, 1
236, 246, 1
236, 7, 1
236, 427, 1
236, 73, 1
236, 446, 1
236, 357, 1
236, 496, 1
236, 158, 1
236, 148, 1
236, 247, 1
236, 313, 1
236, 16, 1
236, 62, 1
236, 269, 1
236, 238, 1
154, 382, 1
154, 348, 1
154, 353, 1
154, 279, 1
154, 308, 1
154, 206, 1
154, 246, 1
154, 7, 1
154, 427, 1
154, 73, 1
154, 446, 1
154, 357, 1
154, 496, 1
154, 158, 1
154, 148, 1
154, 247, 1
154, 313, 1
154, 16, 1
154, 62, 1
154, 269, 1
154, 238, 1
154, 236, 1
137, 126, 1
137, 66, 1
137, 229, 1
137, 388, 1
137, 418, 1
137, 232, 1
137, 83, 1
137, 134, 1
137, 483, 1
137, 128, 1
137, 271, 1
137, 271, 1
238, 126, -1
238, 66, -1
238, 229, -1
238, 388, -1
238, 418, -1
238, 232, -1
238, 83, -1
238, 134, -1
238, 483, -1
238, 128, -1
238, 271, -1
271, 382, -1
271, 348, -1
271, 353, -1
271, 279, -1
271, 308, -1
271, 206, -1
271, 246, -1
271, 7, -1
271, 427, -1
271, 73, -1
271, 446, -1
271, 357, -1
271, 496, -1
271, 158, -1
271, 148, -1
271, 247, -1
271, 313, -1
271, 16, -1
271, 62, -1
271, 269, -1
271, 238, -1
236, 126, -1
236, 66, -1
236, 229, -1
236, 388, -1
236, 418, -1
236, 232, -1
236, 83, -1
236, 134, -1
236, 483, -1
236, 128, -1
236, 271, -1
236, 271, -1
154, 126, -1
154, 66, -1
154, 229, -1
154, 388, -1
154, 418, -1
154, 232, -1
154, 83, -1
154, 134, -1
154, 483, -1
154, 128, -1
154, 271, -1
154, 271, -1
137, 382, -1
137, 348, -1
137, 353, -1
137, 279, -1
137, 308, -1
137, 206, -1
137, 246, -1
137, 7, -1
137, 427, -1
137, 73, -1
137, 446, -1
137, 357, -1
137, 496, -1
137, 158, -1
137, 148, -1
137, 247, -1
137, 313, -1
137, 16, -1
137, 62, -1
137, 269, -1
137, 238, -1
137, 236, -1
137, 154, -1

105, 126, 1
105, 66, 1
105, 229, 1
105, 388, 1
105, 418, 1
105, 232, 1
105, 83, 1
105, 134, 1
105, 483, 1
105, 128, 1
105, 271, 1
105, 271, 1
105, 137, 1
157, 382, 1
157, 348, 1
157, 353, 1
157, 279, 1
157, 308, 1
157, 206, 1
157, 246, 1
157, 7, 1
157, 427, 1
157, 73, 1
157, 446, 1
157, 357, 1
157, 496, 1
157, 158, 1
157, 148, 1
157, 247, 1
157, 313, 1
157, 16, 1
157, 62, 1
157, 269, 1
157, 238, 1
157, 236, 1
157, 154, 1
157, 393, 1
25, 382, 1
25, 348, 1
25, 353, 1
25, 279, 1
25, 308, 1
25, 206, 1
25, 246, 1
25, 7, 1
25, 427, 1
25, 73, 1
25, 446, 1
25, 357, 1
25, 496, 1
25, 158, 1
25, 148, 1
25, 247, 1
25, 313, 1
25, 16, 1
25, 62, 1
25, 269, 1
25, 238, 1
25, 236, 1
25, 154, 1
25, 393, 1
25, 157, 1
69, 382, 1
69, 348, 1
69, 353, 1
69, 279, 1
69, 308, 1
69, 206, 1
69, 246, 1
69, 7, 1
69, 427, 1
69, 73, 1
69, 446, 1
69, 357, 1
69, 496, 1
69, 158, 1
69, 148, 1
69, 247, 1
69, 313, 1
69, 16, 1
69, 62, 1
69, 269, 1
69, 238, 1
69, 236, 1
69, 154, 1
69, 393, 1
69, 157, 1
69, 25, 1
159, 126, 1
159, 66, 1
159, 229, 1
159, 388, 1
159, 418, 1
159, 232, 1
159, 83, 1
159, 134, 1
159, 483, 1
159, 128, 1
159, 271, 1
159, 271, 1
159, 137, 1
159, 105, 1
480, 126, 1
480, 66, 1
480, 229, 1
480, 388, 1
480, 418, 1
480, 232, 1
480, 83, 1
480, 134, 1
480, 483, 1
480, 128, 1
480, 271, 1
480, 271, 1
480, 137, 1
480, 105, 1
480, 159, 1
105, 382, -1
105, 348, -1
105, 353, -1
105, 279, -1
105, 308, -1
105, 206, -1
105, 246, -1
105, 7, -1
105, 427, -1
105, 73, -1
105, 446, -1
105, 357, -1
105, 496, -1
105, 158, -1
105, 148, -1
105, 247, -1
105, 313, -1
105, 16, -1
105, 62, -1
105, 269, -1
105, 238, -1
105, 236, -1
105, 154, -1
105, 393, -1
157, 126, -1
157, 66, -1
157, 229, -1
157, 388, -1
157, 418, -1
157, 232, -1
157, 83, -1
157, 134, -1
157, 483, -1
157, 128, -1
157, 271, -1
157, 271, -1
157, 137, -1
157, 105, -1
25, 126, -1
25, 66, -1
25, 229, -1
25, 388, -1
25, 418, -1
25, 232, -1
25, 83, -1
25, 134, -1
25, 483, -1
25, 128, -1
25, 271, -1
25, 271, -1
25, 137, -1
25, 105, -1
69, 126, -1
69, 66, -1
69, 229, -1
69, 388, -1
69, 418, -1
69, 232, -1
69, 83, -1
69, 134, -1
69, 483, -1
69, 128, -1
69, 271, -1
69, 271, -1
69, 137, -1
69, 105, -1
159, 382, -1
159, 348, -1
159, 353, -1
159, 279, -1
159, 308, -1
159, 206, -1
159, 246, -1
159, 7, -1
159, 427, -1
159, 73, -1
159, 446, -1
159, 357, -1
159, 496, -1
159, 158, -1
159, 148, -1
159, 247, -1
159, 313, -1
159, 16, -1
159, 62, -1
159, 269, -1
159, 238, -1
159, 236, -1
159, 154, -1
159, 393, -1
159, 157, -1
159, 25, -1
159, 69, -1
480, 382, -1
480, 348, -1
480, 353, -1
480, 279, -1
480, 308, -1
480, 206, -1
480, 246, -1
480, 7, -1
480, 427, -1
480, 73, -1
480, 446, -1
480, 357, -1
480, 496, -1
480, 158, -1
480, 148, -1
480, 247, -1
480, 313, -1
480, 16, -1
480, 62, -1
480, 269, -1
480, 238, -1
480, 236, -1
480, 154, -1
480, 393, -1
480, 157, -1
480, 25, -1
480, 69, -1

244, 126, 1
244, 66, 1
244, 229, 1
244, 388, 1
244, 418, 1
244, 232, 1
244, 83, 1
244, 134, 1
244, 483, 1
244, 128, 1
244, 271, 1
244, 271, 1
244, 137, 1
244, 105, 1
244, 159, 1
244, 480, 1
239, 382, 1
239, 348, 1
239, 353, 1
239, 279, 1
239, 308, 1
239, 206, 1
239, 246, 1
239, 7, 1
239, 427, 1
239, 73, 1
239, 446, 1
239, 357, 1
239, 496, 1
239, 158, 1
239, 148, 1
239, 247, 1
239, 313, 1
239, 16, 1
239, 62, 1
239, 269, 1
239, 238, 1
239, 236, 1
239, 154, 1
239, 393, 1
239, 157, 1
239, 25, 1
239, 69, 1
239, 239, 1
413, 382, 1
413, 348, 1
413, 353, 1
413, 279, 1
413, 308, 1
413, 206, 1
413, 246, 1
413, 7, 1
413, 427, 1
413, 73, 1
413, 446, 1
413, 357, 1
413, 496, 1
413, 158, 1
413, 148, 1
413, 247, 1
413, 313, 1
413, 16, 1
413, 62, 1
413, 269, 1
413, 238, 1
413, 236, 1
413, 154, 1
413, 393, 1
413, 157, 1
413, 25, 1
413, 69, 1
413, 239, 1
413, 239, 1
297, 126, 1
297, 66, 1
297, 229, 1
297, 388, 1
297, 418, 1
297, 232, 1
297, 83, 1
297, 134, 1
297, 483, 1
297, 128, 1
297, 271, 1
297, 271, 1
297, 137, 1
297, 105, 1
297, 159, 1
297, 480, 1
297, 244, 1
103, 126, 1
103, 66, 1
103, 229, 1
103, 388, 1
103, 418, 1
103, 232, 1
103, 83, 1
103, 134, 1
103, 483, 1
103, 128, 1
103, 271, 1
103, 271, 1
103, 137, 1
103, 105, 1
103, 159, 1
103, 480, 1
103, 244, 1
103, 297, 1
244, 382, -1
244, 348, -1
244, 353, -1
244, 279, -1
244, 308, -1
244, 206, -1
244, 246, -1
244, 7, -1
244, 427, -1
244, 73, -1
244, 446, -1
244, 357, -1
244, 496, -1
244, 158, -1
244, 148, -1
244, 247, -1
244, 313, -1
244, 16, -1
244, 62, -1
244, 269, -1
244, 238, -1
244, 236, -1
244, 154, -1
244, 393, -1
244, 157, -1
244, 25, -1
244, 69, -1
244, 239, -1
239, 126, -1
239, 66, -1
239, 229, -1
239, 388, -1
239, 418, -1
239, 232, -1
239, 83, -1
239, 134, -1
239, 483, -1
239, 128, -1
239, 271, -1
239, 271, -1
239, 137, -1
239, 105, -1
239, 159, -1
239, 480, -1
239, 244, -1
413, 126, -1
413, 66, -1
413, 229, -1
413, 388, -1
413, 418, -1
413, 232, -1
413, 83, -1
413, 134, -1
413, 483, -1
413, 128, -1
413, 271, -1
413, 271, -1
413, 137, -1
413, 105, -1
413, 159, -1
413, 480, -1
413, 244, -1
297, 382, -1
297, 348, -1
297, 353, -1
297, 279, -1
297, 308, -1
297, 206, -1
297, 246, -1
297, 7, -1
297, 427, -1
297, 73, -1
297, 446, -1
297, 357, -1
297, 496, -1
297, 158, -1
297, 148, -1
297, 247, -1
297, 313, -1
297, 16, -1
297, 62, -1
297, 269, -1
297, 238, -1
297, 236, -1
297, 154, -1
297, 393, -1
297, 157, -1
297, 25, -1
297, 69, -1
297, 239, -1
297, 239, -1
297, 413, -1
103, 382, -1
103, 348, -1
103, 353, -1
103, 279, -1
103, 308, -1
103, 206, -1
103, 246, -1
103, 7, -1
103, 427, -1
103, 73, -1
103, 446, -1
103, 357, -1
103, 496, -1
103, 158, -1
103, 148, -1
103, 247, -1
103, 313, -1
103, 16, -1
103, 62, -1
103, 269, -1
103, 238, -1
103, 236, -1
103, 154, -1
103, 393, -1
103, 157, -1
103, 25, -1
103, 69, -1
103, 239, -1
103, 239, -1
103, 413, -1

252, 126, 1
252, 66, 1
252, 229, 1
252, 388, 1
252, 418, 1
252, 232, 1
252, 83, 1
252, 134, 1
252, 483, 1
252, 128, 1
252, 271, 1
252, 271, 1
252, 137, 1
252, 105, 1
252, 159, 1
252, 480, 1
252, 244, 1
252, 297, 1
252, 103, 1
252, 252, 1
27, 382, 1
27, 348, 1
27, 353, 1
27, 279, 1
27, 308, 1
27, 206, 1
27, 246, 1
27, 7, 1
27, 427, 1
27, 73, 1
27, 446, 1
27, 357, 1
27, 496, 1
27, 158, 1
27, 148, 1
27, 247, 1
27, 313, 1
27, 16, 1
27, 62, 1
27, 269, 1
27, 238, 1
27, 236, 1
27, 154, 1
27, 393, 1
27, 157, 1
27, 25, 1
27, 69, 1
27, 239, 1
27, 239, 1
27, 413, 1
27, 440, 1
186, 126, 1
186, 66, 1
186, 229, 1
186, 388, 1
186, 418, 1
186, 232, 1
186, 83, 1
186, 134, 1
186, 483, 1
186, 128, 1
186, 271, 1
186, 271, 1
186, 137, 1
186, 105, 1
186, 159, 1
186, 480, 1
186, 244, 1
186, 297, 1
186, 103, 1
186, 252, 1
186, 252, 1
226, 382, 1
226, 348, 1
226, 353, 1
226, 279, 1
226, 308, 1
226, 206, 1
226, 246, 1
226, 7, 1
226, 427, 1
226, 73, 1
226, 446, 1
226, 357, 1
226, 496, 1
226, 158, 1
226, 148, 1
226, 247, 1
226, 313, 1
226, 16, 1
226, 62, 1
226, 269, 1
226, 238, 1
226, 236, 1
226, 154, 1
226, 393, 1
226, 157, 1
226, 25, 1
226, 69, 1
226, 239, 1
226, 239, 1
226, 413, 1
226, 440, 1
226, 27, 1
63, 126, 1
63, 66, 1
63, 229, 1
63, 388, 1
63, 418, 1
63, 232, 1
63, 83, 1
63, 134, 1
63, 483, 1
63, 128, 1
63, 271, 1
63, 271, 1
63, 137, 1
63, 105, 1
63, 159, 1
63, 480, 1
63, 244, 1
63, 297, 1
63, 103, 1
63, 252, 1
63, 252, 1
63, 186, 1
252, 382, -1
252, 348, -1
252, 353, -1
252, 279, -1
252, 308, -1
252, 206, -1
252, 246, -1
252, 7, -1
252, 427, -1
252, 73, -1
252, 446, -1
252, 357, -1
252, 496, -1
252, 158, -1
252, 148, -1
252, 247, -1
252, 313, -1
252, 16, -1
252, 62, -1
252, 269, -1
252, 238, -1
252, 236, -1
252, 154, -1
252, 393, -1
252, 157, -1
252, 25, -1
252, 69, -1
252, 239, -1
252, 239, -1
252, 413, -1
252, 440, -1
27, 126, -1
27, 66, -1
27, 229, -1
27, 388, -1
27, 418, -1
27, 232, -1
27, 83, -1
27, 134, -1
27, 483, -1
27, 128, -1
27, 271, -1
27, 271, -1
27, 137, -1
27, 105, -1
27, 159, -1
27, 480, -1
27, 244, -1
27, 297, -1
27, 103, -1
27, 252, -1
27, 252, -1
186, 382, -1
186, 348, -1
186, 353, -1
186, 279, -1
186, 308, -1
186, 206, -1
186, 246, -1
186, 7, -1
186, 427, -1
186, 73, -1
186, 446, -1
186, 357, -1
186, 496, -1
186, 158, -1
186, 148, -1
186, 247, -1
186, 313, -1
186, 16, -1
186, 62, -1
186, 269, -1
186, 238, -1
186, 236, -1
186, 154, -1
186, 393, -1
186, 157, -1
186, 25, -1
186, 69, -1
186, 239, -1
186, 239, -1
186, 413, -1
186, 440, -1
186, 27, -1
226, 126, -1
226, 66, -1
226, 229, -1
226, 388, -1
226, 418, -1
226, 232, -1
226, 83, -1
226, 134, -1
226, 483, -1
226, 128, -1
226, 271, -1
226, 271, -1
226, 137, -1
226, 105, -1
226, 159, -1
226, 480, -1
226, 244, -1
226, 297, -1
226, 103, -1
226, 252, -1
226, 252, -1
226, 186, -1
63, 382, -1
63, 348, -1
63, 353, -1
63, 279, -1
63, 308, -1
63, 206, -1
63, 246, -1
63, 7, -1
63, 427, -1
63, 73, -1
63, 446, -1
63, 357, -1
63, 496, -1
63, 158, -1
63, 148, -1
63, 247, -1
63, 313, -1
63, 16, -1
63, 62, -1
63, 269, -1
63, 238, -1
63, 236, -1
63, 154, -1
63, 393, -1
63, 157, -1
63, 25, -1
63, 69, -1
63, 239, -1
63, 239, -1
63, 413, -1
63, 440, -1
63, 27, -1
63, 226, -1

422, 126, 1
422, 66, 1
422, 229, 1
422, 388, 1
422, 418, 1
422, 232, 1
422, 83, 1
422, 134, 1
422, 483, 1
422, 128, 1
422, 271, 1
422, 271, 1
422, 137, 1
422, 105, 1
422, 159, 1
422, 480, 1
422, 244, 1
422, 297, 1
422, 103, 1
422, 252, 1
422, 252, 1
422, 186, 1
422, 63, 1
422, 273, 1
422, 115, 1
288, 382, 1
288, 348, 1
288, 353, 1
288, 279, 1
288, 308, 1
288, 206, 1
288, 246, 1
288, 7, 1
288, 427, 1
288, 73, 1
288, 446, 1
288, 357, 1
288, 496, 1
288, 158, 1
288, 148, 1
288, 247, 1
288, 313, 1
288, 16, 1
288, 62, 1
288, 269, 1
288, 238, 1
288, 236, 1
288, 154, 1
288, 393, 1
288, 157, 1
288, 25, 1
288, 69, 1
288, 239, 1
288, 239, 1
288, 413, 1
288, 440, 1
288, 27, 1
288, 226, 1
288, 389, 1
133, 382, 1
133, 348, 1
133, 353, 1
133, 279, 1
133, 308, 1
133, 206, 1
133, 246, 1
133, 7, 1
133, 427, 1
133, 73, 1
133, 446, 1
133, 357, 1
133, 496, 1
133, 158, 1
133, 148, 1
133, 247, 1
133, 313, 1
133, 16, 1
133, 62, 1
133, 269, 1
133, 238, 1
133, 236, 1
133, 154, 1
133, 393, 1
133, 157, 1
133, 25, 1
133, 69, 1
133, 239, 1
133, 239, 1
133, 413, 1
133, 440, 1
133, 27, 1
133, 226, 1
133, 389, 1
133, 288, 1
448, 126, 1
448, 66, 1
448, 229, 1
448, 388, 1
448, 418, 1
448, 232, 1
448, 83, 1
448, 134, 1
448, 483, 1
448, 128, 1
448, 271, 1
448, 271, 1
448, 137, 1
448, 105, 1
448, 159, 1
448, 480, 1
448, 244, 1
448, 297, 1
448, 103, 1
448, 252, 1
448, 252, 1
448, 186, 1
448, 63, 1
448, 273, 1
448, 115, 1
448, 422, 1
74, 126, 1
74, 66, 1
74, 229, 1
74, 388, 1
74, 418, 1
74, 232, 1
74, 83, 1
74, 134, 1
74, 483, 1
74, 128, 1
74, 271, 1
74, 271, 1
74, 137, 1
74, 105, 1
74, 159, 1
74, 480, 1
74, 244, 1
74, 297, 1
74, 103, 1
74, 252, 1
74, 252, 1
74, 186, 1
74, 63, 1
74, 273, 1
74, 115, 1
74, 422, 1
74, 448, 1
77, 126, 1
77, 66, 1
77, 229, 1
77, 388, 1
77, 418, 1
77, 232, 1
77, 83, 1
77, 134, 1
77, 483, 1
77, 128, 1
77, 271, 1
77, 271, 1
77, 137, 1
77, 105, 1
77, 159, 1
77, 480, 1
77, 244, 1
77, 297, 1
77, 103, 1
77, 252, 1
77, 252, 1
77, 186, 1
77, 63, 1
77, 273, 1
77, 115, 1
77, 422, 1
77, 448, 1
77, 74, 1
422, 382, -1
422, 348, -1
422, 353, -1
422, 279, -1
422, 308, -1
422, 206, -1
422, 246, -1
422, 7, -1
422, 427, -1
422, 73, -1
422, 446, -1
422, 357, -1
422, 496, -1
422, 158, -1
422, 148, -1
422, 247, -1
422, 313, -1
422, 16, -1
422, 62, -1
422, 269, -1
422, 238, -1
422, 236, -1
422, 154, -1
422, 393, -1
422, 157, -1
422, 25, -1
422, 69, -1
422, 239, -1
422, 239, -1
422, 413, -1
422, 440, -1
422, 27, -1
422, 226, -1
422, 389, -1
288, 126, -1
288, 66, -1
288, 229, -1
288, 388, -1
288, 418, -1
288, 232, -1
288, 83, -1
288, 134, -1
288, 483, -1
288, 128, -1
288, 271, -1
288, 271, -1
288, 137, -1
288, 105, -1
288, 159, -1
288, 480, -1
288, 244, -1
288, 297, -1
288, 103, -1
288, 252, -1
288, 252, -1
288, 186, -1
288, 63, -1
288, 273, -1
288, 115, -1
288, 422, -1
133, 126, -1
133, 66, -1
133, 229, -1
133, 388, -1
133, 418, -1
133, 232, -1
133, 83, -1
133, 134, -1
133, 483, -1
133, 128, -1
133, 271, -1
133, 271, -1
133, 137, -1
133, 105, -1
133, 159, -1
133, 480, -1
133, 244, -1
133, 297, -1
133, 103, -1
133, 252, -1
133, 252, -1
133, 186, -1
133, 63, -1
133, 273, -1
133, 115, -1
133, 422, -1
448, 382, -1
448, 348, -1
448, 353, -1
448, 279, -1
448, 308, -1
448, 206, -1
448, 246, -1
448, 7, -1
448, 427, -1
448, 73, -1
448, 446, -1
448, 357, -1
448, 496, -1
448, 158, -1
448, 148, -1
448, 247, -1
448, 313, -1
448, 16, -1
448, 62, -1
448, 269, -1
448, 238, -1
448, 236, -1
448, 154, -1
448, 393, -1
448, 157, -1
448, 25, -1
448, 69, -1
448, 239, -1
448, 239, -1
448, 413, -1
448, 440, -1
448, 27, -1
448, 226, -1
448, 389, -1
448, 288, -1
448, 133, -1
74, 382, -1
74, 348, -1
74, 353, -1
74, 279, -1
74, 308, -1
74, 206, -1
74, 246, -1
74, 7, -1
74, 427, -1
74, 73, -1
74, 446, -1
74, 357, -1
74, 496, -1
74, 158, -1
74, 148, -1
74, 247, -1
74, 313, -1
74, 16, -1
74, 62, -1
74, 269, -1
74, 238, -1
74, 236, -1
74, 154, -1
74, 393, -1
74, 157, -1
74, 25, -1
74, 69, -1
74, 239, -1
74, 239, -1
74, 413, -1
74, 440, -1
74, 27, -1
74, 226, -1
74, 389, -1
74, 288, -1
74, 133, -1
77, 382, -1
77, 348, -1
77, 353, -1
77, 279, -1
77, 308, -1
77, 206, -1
77, 246, -1
77, 7, -1
77, 427, -1
77, 73, -1
77, 446, -1
77, 357, -1
77, 496, -1
77, 158, -1
77, 148, -1
77, 247, -1
77, 313, -1
77, 16, -1
77, 62, -1
77, 269, -1
77, 238, -1
77, 236, -1
77, 154, -1
77, 393, -1
77, 157, -1
77, 25, -1
77, 69, -1
77, 239, -1
77, 239, -1
77, 413, -1
77, 440, -1
77, 27, -1
77, 226, -1
77, 389, -1
77, 288, -1
77, 133, -1

302, 126, 1
302, 66, 1
302, 229, 1
302, 388, 1
302, 418, 1
302, 232, 1
302, 83, 1
302, 134, 1
302, 483, 1
302, 128, 1
302, 271, 1
302, 271, 1
302, 137, 1
302, 105, 1
302, 159, 1
302, 480, 1
302, 244, 1
302, 297, 1
302, 103, 1
302, 252, 1
302, 252, 1
302, 186, 1
302, 63, 1
302, 273, 1
302, 115, 1
302, 422, 1
302, 448, 1
302, 74, 1
302, 77, 1
302, 231, 1
302, 302, 1
156, 382, 1
156, 348, 1
156, 353, 1
156, 279, 1
156, 308, 1
156, 206, 1
156, 246, 1
156, 7, 1
156, 427, 1
156, 73, 1
156, 446, 1
156, 357, 1
156, 496, 1
156, 158, 1
156, 148, 1
156, 247, 1
156, 313, 1
156, 16, 1
156, 62, 1
156, 269, 1
156, 238, 1
156, 236, 1
156, 154, 1
156, 393, 1
156, 157, 1
156, 25, 1
156, 69, 1
156, 239, 1
156, 239, 1
156, 413, 1
156, 440, 1
156, 27, 1
156, 226, 1
156, 389, 1
156, 288, 1
156, 133, 1
156, 78, 1
143, 382, 1
143, 348, 1
143, 353, 1
143, 279, 1
143, 308, 1
143, 206, 1
143, 246, 1
143, 7, 1
143, 427, 1
143, 73, 1
143, 446, 1
143, 357, 1
143, 496, 1
143, 158, 1
143, 148, 1
143, 247, 1
143, 313, 1
143, 16, 1
143, 62, 1
143, 269, 1
143, 238, 1
143, 236, 1
143, 154, 1
143, 393, 1
143, 157, 1
143, 25, 1
143, 69, 1
143, 239, 1
143, 239, 1
143, 413, 1
143, 440, 1
143, 27, 1
143, 226, 1
143, 389, 1
143, 288, 1
143, 133, 1
143, 78, 1
143, 156, 1
231, 126, 1
231, 66, 1
231, 229, 1
231, 388, 1
231, 418, 1
231, 232, 1
231, 83, 1
231, 134, 1
231, 483, 1
231, 128, 1
231, 271, 1
231, 271, 1
231, 137, 1
231, 105, 1
231, 159, 1
231, 480, 1
231, 244, 1
231, 297, 1
231, 103, 1
231, 252, 1
231, 252, 1
231, 186, 1
231, 63, 1
231, 273, 1
231, 115, 1
231, 422, 1
231, 448, 1
231, 74, 1
231, 77, 1
231, 231, 1
231, 302, 1
231, 302, 1
437, 126, 1
437, 66, 1
437, 229, 1
437, 388, 1
437, 418, 1
437, 232, 1
437, 83, 1
437, 134, 1
437, 483, 1
437, 128, 1
437, 271, 1
437, 271, 1
437, 137, 1
437, 105, 1
437, 159, 1
437, 480, 1
437, 244, 1
437, 297, 1
437, 103, 1
437, 252, 1
437, 252, 1
437, 186, 1
437, 63, 1
437, 273, 1
437, 115, 1
437, 422, 1
437, 448, 1
437, 74, 1
437, 77, 1
437, 231, 1
437, 302, 1
437, 302, 1
437, 231, 1
302, 382, -1
302, 348, -1
302, 353, -1
302, 279, -1
302, 308, -1
302, 206, -1
302, 246, -1
302, 7, -1
302, 427, -1
302, 73, -1
302, 446, -1
302, 357, -1
302, 496, -1
302, 158, -1
302, 148, -1
302, 247, -1
302, 313, -1
302, 16, -1
302, 62, -1
302, 269, -1
302, 238, -1
302, 236, -1
302, 154, -1
302, 393, -1
302, 157, -1
302, 25, -1
302, 69, -1
302, 239, -1
302, 239, -1
302, 413, -1
302, 440, -1
302, 27, -1
302, 226, -1
302, 389, -1
302, 288, -1
302, 133, -1
302, 78, -1
156, 126, -1
156, 66, -1
156, 229, -1
156, 388, -1
156, 418, -1
156, 232, -1
156, 83, -1
156, 134, -1
156, 483, -1
156, 128, -1
156, 271, -1
156, 271, -1
156, 137, -1
156, 105, -1
156, 159, -1
156, 480, -1
156, 244, -1
156, 297, -1
156, 103, -1
156, 252, -1
156, 252, -1
156, 186, -1
156, 63, -1
156, 273, -1
156, 115, -1
156, 422, -1
156, 448, -1
156, 74, -1
156, 77, -1
156, 231, -1
156, 302, -1
156, 302, -1
143, 126, -1
143, 66, -1
143, 229, -1
143, 388, -1
143, 418, -1
143, 232, -1
143, 83, -1
143, 134, -1
143, 483, -1
143, 128, -1
143, 271, -1
143, 271, -1
143, 137, -1
143, 105, -1
143, 159, -1
143, 480, -1
143, 244, -1
143, 297, -1
143, 103, -1
143, 252, -1
143, 252, -1
143, 186, -1
143, 63, -1
143, 273, -1
143, 115, -1
143, 422, -1
143, 448, -1
143, 74, -1
143, 77, -1
143, 231, -1
143, 302, -1
143, 302, -1
231, 382, -1
231, 348, -1
231, 353, -1
231, 279, -1
231, 308, -1
231, 206, -1
231, 246, -1
231, 7, -1
231, 427, -1
231, 73, -1
231, 446, -1
231, 357, -1
231, 496, -1
231, 158, -1
231, 148, -1
231, 247, -1
231, 313, -1
231, 16, -1
231, 62, -1
231, 269, -1
231, 238, -1
231, 236, -1
231, 154, -1
231, 393, -1
231, 157, -1
231, 25, -1
231, 69, -1
231, 239, -1
231, 239, -1
231, 413, -1
231, 440, -1
231, 27, -1
231, 226, -1
231, 389, -1
231, 288, -1
231, 133, -1
231, 78, -1
231, 156, -1
231, 143, -1
437, 382, -1
437, 348, -1
437, 353, -1
437, 279, -1
437, 308, -1
437, 206, -1
437, 246, -1
437, 7, -1
437, 427, -1
437, 73, -1
437, 446, -1
437, 357, -1
437, 496, -1
437, 158, -1
437, 148, -1
437, 247, -1
437, 313, -1
437, 16, -1
437, 62, -1
437, 269, -1
437, 238, -1
437, 236, -1
437, 154, -1
437, 393, -1
437, 157, -1
437, 25, -1
437, 69, -1
437, 239, -1
437, 239, -1
437, 413, -1
437, 440, -1
437, 27, -1
437, 226, -1
437, 389, -1
437, 288, -1
437, 133, -1
437, 78, -1
437, 156, -1
437, 143, -1

