92, 126, 1
128, 126, 1
128, 92, 1
21, 56, 1
88, 126, 1
88, 92, 1
88, 128, 1
56, 126, -1
56, 92, -1
56, 128, -1
21, 126, -1
21, 92, -1
21, 128, -1
88, 56, -1
88, 21, -1
134, 126, -1
134, 92, -1
134, 128, -1
134, 88, -1
134, 56, -1
134, 21, -1

76, 126, 1
76, 92, 1
76, 128, 1
76, 88, 1
109, 126, 1
109, 92, 1
109, 128, 1
109, 88, 1
109, 76, 1
81, 126, 1
81, 92, 1
81, 128, 1
81, 88, 1
81, 76, 1
81, 109, 1
76, 56, -1
76, 21, -1
76, 134, -1
109, 56, -1
109, 21, -1
109, 134, -1
81, 56, -1
81, 21, -1
81, 134, -1

95, 126, 1
95, 92, 1
95, 128, 1
95, 88, 1
95, 76, 1
95, 109, 1
95, 81, 1
139, 134, 1
120, 126, 1
120, 92, 1
120, 128, 1
120, 88, 1
120, 76, 1
120, 109, 1
120, 81, 1
120, 95, 1
95, 56, -1
95, 21, -1
95, 134, -1
139, 126, -1
139, 92, -1
139, 128, -1
139, 88, -1
139, 76, -1
139, 109, -1
139, 81, -1
139, 95, -1
139, 56, -1
139, 21, -1
120, 56, -1
120, 21, -1
120, 134, -1
120, 139, -1

131, 134, 1
131, 139, 1
40, 56, 1
40, 21, 1
98, 126, 1
98, 92, 1
98, 128, 1
98, 88, 1
98, 76, 1
98, 109, 1
98, 81, 1
98, 95, 1
98, 120, 1
104, 126, 1
104, 92, 1
104, 128, 1
104, 88, 1
104, 76, 1
104, 109, 1
104, 81, 1
104, 95, 1
104, 120, 1
104, 98, 1
131, 126, -1
131, 92, -1
131, 128, -1
131, 88, -1
131, 76, -1
131, 109, -1
131, 81, -1
131, 95, -1
131, 120, -1
131, 56, -1
131, 21, -1
40, 126, -1
40, 92, -1
40, 128, -1
40, 88, -1
40, 76, -1
40, 109, -1
40, 81, -1
40, 95, -1
40, 120, -1
40, 134, -1
40, 139, -1
40, 131, -1
98, 56, -1
98, 21, -1
98, 40, -1
98, 134, -1
98, 139, -1
98, 131, -1
104, 56, -1
104, 21, -1
104, 40, -1
104, 134, -1
104, 139, -1
104, 131, -1

74, 126, 1
74, 92, 1
74, 128, 1
74, 88, 1
74, 76, 1
74, 109, 1
74, 81, 1
74, 95, 1
74, 120, 1
74, 98, 1
74, 104, 1
138, 134, 1
138, 139, 1
138, 131, 1
43, 56, 1
43, 21, 1
43, 40, 1
158, 134, 1
158, 139, 1
158, 131, 1
158, 138, 1
74, 56, -1
74, 21, -1
74, 40, -1
74, 134, -1
74, 139, -1
74, 131, -1
138, 126, -1
138, 92, -1
138, 128, -1
138, 88, -1
138, 76, -1
138, 109, -1
138, 81, -1
138, 95, -1
138, 120, -1
138, 98, -1
138, 104, -1
138, 74, -1
138, 56, -1
138, 21, -1
138, 40, -1
43, 126, -1
43, 92, -1
43, 128, -1
43, 88, -1
43, 76, -1
43, 109, -1
43, 81, -1
43, 95, -1
43, 120, -1
43, 98, -1
43, 104, -1
43, 74, -1
43, 134, -1
43, 139, -1
43, 131, -1
43, 138, -1
158, 126, -1
158, 92, -1
158, 128, -1
158, 88, -1
158, 76, -1
158, 109, -1
158, 81, -1
158, 95, -1
158, 120, -1
158, 98, -1
158, 104, -1
158, 74, -1
158, 56, -1
158, 21, -1
158, 40, -1
158, 43, -1

25, 56, 1
25, 21, 1
25, 40, 1
25, 43, 1
59, 126, 1
59, 92, 1
59, 128, 1
59, 88, 1
59, 76, 1
59, 109, 1
59, 81, 1
59, 95, 1
59, 120, 1
59, 98, 1
59, 104, 1
59, 74, 1
100, 126, 1
100, 92, 1
100, 128, 1
100, 88, 1
100, 76, 1
100, 109, 1
100, 81, 1
100, 95, 1
100, 120, 1
100, 98, 1
100, 104, 1
100, 74, 1
100, 59, 1
62, 126, 1
62, 92, 1
62, 128, 1
62, 88, 1
62, 76, 1
62, 109, 1
62, 81, 1
62, 95, 1
62, 120, 1
62, 98, 1
62, 104, 1
62, 74, 1
62, 59, 1
62, 100, 1
25, 126, -1
25, 92, -1
25, 128, -1
25, 88, -1
25, 76, -1
25, 109, -1
25, 81, -1
25, 95, -1
25, 120, -1
25, 98, -1
25, 104, -1
25, 74, -1
25, 134, -1
25, 139, -1
25, 131, -1
25, 138, -1
25, 158, -1
59, 56, -1
59, 21, -1
59, 40, -1
59, 43, -1
59, 25, -1
59, 134, -1
59, 139, -1
59, 131, -1
59, 138, -1
59, 158, -1
100, 56, -1
100, 21, -1
100, 40, -1
100, 43, -1
100, 25, -1
100, 134, -1
100, 139, -1
100, 131, -1
100, 138, -1
100, 158, -1
62, 56, -1
62, 21, -1
62, 40, -1
62, 43, -1
62, 25, -1
62, 134, -1
62, 139, -1
62, 131, -1
62, 138, -1
62, 158, -1

66, 126, 1
66, 92, 1
66, 128, 1
66, 88, 1
66, 76, 1
66, 109, 1
66, 81, 1
66, 95, 1
66, 120, 1
66, 98, 1
66, 104, 1
66, 74, 1
66, 59, 1
66, 100, 1
66, 62, 1
44, 56, 1
44, 21, 1
44, 40, 1
44, 43, 1
44, 25, 1
65, 126, 1
65, 92, 1
65, 128, 1
65, 88, 1
65, 76, 1
65, 109, 1
65, 81, 1
65, 95, 1
65, 120, 1
65, 98, 1
65, 104, 1
65, 74, 1
65, 59, 1
65, 100, 1
65, 62, 1
65, 66, 1
68, 126, 1
68, 92, 1
68, 128, 1
68, 88, 1
68, 76, 1
68, 109, 1
68, 81, 1
68, 95, 1
68, 120, 1
68, 98, 1
68, 104, 1
68, 74, 1
68, 59, 1
68, 100, 1
68, 62, 1
68, 66, 1
68, 65, 1
66, 56, -1
66, 21, -1
66, 40, -1
66, 43, -1
66, 25, -1
66, 134, -1
66, 139, -1
66, 131, -1
66, 138, -1
66, 158, -1
44, 126, -1
44, 92, -1
44, 128, -1
44, 88, -1
44, 76, -1
44, 109, -1
44, 81, -1
44, 95, -1
44, 120, -1
44, 98, -1
44, 104, -1
44, 74, -1
44, 59, -1
44, 100, -1
44, 62, -1
44, 66, -1
44, 134, -1
44, 139, -1
44, 131, -1
44, 138, -1
44, 158, -1
65, 56, -1
65, 21, -1
65, 40, -1
65, 43, -1
65, 25, -1
65, 44, -1
65, 134, -1
65, 139, -1
65, 131, -1
65, 138, -1
65, 158, -1
68, 56, -1
68, 21, -1
68, 40, -1
68, 43, -1
68, 25, -1
68, 44, -1
68, 134, -1
68, 139, -1
68, 131, -1
68, 138, -1
68, 158, -1

12, 56, 1
12, 21, 1
12, 40, 1
12, 43, 1
12, 25, 1
12, 44, 1
35, 56, 1
35, 21, 1
35, 40, 1
35, 43, 1
35, 25, 1
35, 44, 1
35, 12, 1
145, 134, 1
145, 139, 1
145, 131, 1
145, 138, 1
145, 158, 1
96, 126, 1
96, 92, 1
96, 128, 1
96, 88, 1
96, 76, 1
96, 109, 1
96, 81, 1
96, 95, 1
96, 120, 1
96, 98, 1
96, 104, 1
96, 74, 1
96, 59, 1
96, 100, 1
96, 62, 1
96, 66, 1
96, 65, 1
96, 68, 1
12, 126, -1
12, 92, -1
12, 128, -1
12, 88, -1
12, 76, -1
12, 109, -1
12, 81, -1
12, 95, -1
12, 120, -1
12, 98, -1
12, 104, -1
12, 74, -1
12, 59, -1
12, 100, -1
12, 62, -1
12, 66, -1
12, 65, -1
12, 68, -1
12, 134, -1
12, 139, -1
12, 131, -1
12, 138, -1
12, 158, -1
35, 126, -1
35, 92, -1
35, 128, -1
35, 88, -1
35, 76, -1
35, 109, -1
35, 81, -1
35, 95, -1
35, 120, -1
35, 98, -1
35, 104, -1
35, 74, -1
35, 59, -1
35, 100, -1
35, 62, -1
35, 66, -1
35, 65, -1
35, 68, -1
35, 134, -1
35, 139, -1
35, 131, -1
35, 138, -1
35, 158, -1
145, 126, -1
145, 92, -1
145, 128, -1
145, 88, -1
145, 76, -1
145, 109, -1
145, 81, -1
145, 95, -1
145, 120, -1
145, 98, -1
145, 104, -1
145, 74, -1
145, 59, -1
145, 100, -1
145, 62, -1
145, 66, -1
145, 65, -1
145, 68, -1
145, 56, -1
145, 21, -1
145, 40, -1
145, 43, -1
145, 25, -1
145, 44, -1
145, 12, -1
145, 35, -1
96, 56, -1
96, 21, -1
96, 40, -1
96, 43, -1
96, 25, -1
96, 44, -1
96, 12, -1
96, 35, -1
96, 134, -1
96, 139, -1
96, 131, -1
96, 138, -1
96, 158, -1
96, 145, -1

70, 126, 1
70, 92, 1
70, 128, 1
70, 88, 1
70, 76, 1
70, 109, 1
70, 81, 1
70, 95, 1
70, 120, 1
70, 98, 1
70, 104, 1
70, 74, 1
70, 59, 1
70, 100, 1
70, 62, 1
70, 66, 1
70, 65, 1
70, 68, 1
70, 96, 1
4, 56, 1
4, 21, 1
4, 40, 1
4, 43, 1
4, 25, 1
4, 44, 1
4, 12, 1
4, 35, 1
130, 134, 1
130, 139, 1
130, 131, 1
130, 138, 1
130, 158, 1
130, 145, 1
83, 126, 1
83, 92, 1
83, 128, 1
83, 88, 1
83, 76, 1
83, 109, 1
83, 81, 1
83, 95, 1
83, 120, 1
83, 98, 1
83, 104, 1
83, 74, 1
83, 59, 1
83, 100, 1
83, 62, 1
83, 66, 1
83, 65, 1
83, 68, 1
83, 96, 1
83, 70, 1
61, 126, 1
61, 92, 1
61, 128, 1
61, 88, 1
61, 76, 1
61, 109, 1
61, 81, 1
61, 95, 1
61, 120, 1
61, 98, 1
61, 104, 1
61, 74, 1
61, 59, 1
61, 100, 1
61, 62, 1
61, 66, 1
61, 65, 1
61, 68, 1
61, 96, 1
61, 70, 1
61, 83, 1
70, 56, -1
70, 21, -1
70, 40, -1
70, 43, -1
70, 25, -1
70, 44, -1
70, 12, -1
70, 35, -1
70, 134, -1
70, 139, -1
70, 131, -1
70, 138, -1
70, 158, -1
70, 145, -1
4, 126, -1
4, 92, -1
4, 128, -1
4, 88, -1
4, 76, -1
4, 109, -1
4, 81, -1
4, 95, -1
4, 120, -1
4, 98, -1
4, 104, -1
4, 74, -1
4, 59, -1
4, 100, -1
4, 62, -1
4, 66, -1
4, 65, -1
4, 68, -1
4, 96, -1
4, 70, -1
4, 134, -1
4, 139, -1
4, 131, -1
4, 138, -1
4, 158, -1
4, 145, -1
130, 126, -1
130, 92, -1
130, 128, -1
130, 88, -1
130, 76, -1
130, 109, -1
130, 81, -1
130, 95, -1
130, 120, -1
130, 98, -1
130, 104, -1
130, 74, -1
130, 59, -1
130, 100, -1
130, 62, -1
130, 66, -1
130, 65, -1
130, 68, -1
130, 96, -1
130, 70, -1
130, 56, -1
130, 21, -1
130, 40, -1
130, 43, -1
130, 25, -1
130, 44, -1
130, 12, -1
130, 35, -1
130, 4, -1
83, 56, -1
83, 21, -1
83, 40, -1
83, 43, -1
83, 25, -1
83, 44, -1
83, 12, -1
83, 35, -1
83, 4, -1
83, 134, -1
83, 139, -1
83, 131, -1
83, 138, -1
83, 158, -1
83, 145, -1
83, 130, -1
61, 56, -1
61, 21, -1
61, 40, -1
61, 43, -1
61, 25, -1
61, 44, -1
61, 12, -1
61, 35, -1
61, 4, -1
61, 134, -1
61, 139, -1
61, 131, -1
61, 138, -1
61, 158, -1
61, 145, -1
61, 130, -1

24, 56, 1
24, 21, 1
24, 40, 1
24, 43, 1
24, 25, 1
24, 44, 1
24, 12, 1
24, 35, 1
24, 4, 1
150, 134, 1
150, 139, 1
150, 131, 1
150, 138, 1
150, 158, 1
150, 145, 1
150, 130, 1
89, 126, 1
89, 92, 1
89, 128, 1
89, 88, 1
89, 76, 1
89, 109, 1
89, 81, 1
89, 95, 1
89, 120, 1
89, 98, 1
89, 104, 1
89, 74, 1
89, 59, 1
89, 100, 1
89, 62, 1
89, 66, 1
89, 65, 1
89, 68, 1
89, 96, 1
89, 70, 1
89, 83, 1
89, 61, 1
24, 126, -1
24, 92, -1
24, 128, -1
24, 88, -1
24, 76, -1
24, 109, -1
24, 81, -1
24, 95, -1
24, 120, -1
24, 98, -1
24, 104, -1
24, 74, -1
24, 59, -1
24, 100, -1
24, 62, -1
24, 66, -1
24, 65, -1
24, 68, -1
24, 96, -1
24, 70, -1
24, 83, -1
24, 61, -1
24, 134, -1
24, 139, -1
24, 131, -1
24, 138, -1
24, 158, -1
24, 145, -1
24, 130, -1
150, 126, -1
150, 92, -1
150, 128, -1
150, 88, -1
150, 76, -1
150, 109, -1
150, 81, -1
150, 95, -1
150, 120, -1
150, 98, -1
150, 104, -1
150, 74, -1
150, 59, -1
150, 100, -1
150, 62, -1
150, 66, -1
150, 65, -1
150, 68, -1
150, 96, -1
150, 70, -1
150, 83, -1
150, 61, -1
150, 56, -1
150, 21, -1
150, 40, -1
150, 43, -1
150, 25, -1
150, 44, -1
150, 12, -1
150, 35, -1
150, 4, -1
150, 24, -1
89, 56, -1
89, 21, -1
89, 40, -1
89, 43, -1
89, 25, -1
89, 44, -1
89, 12, -1
89, 35, -1
89, 4, -1
89, 24, -1
89, 134, -1
89, 139, -1
89, 131, -1
89, 138, -1
89, 158, -1
89, 145, -1
89, 130, -1
89, 150, -1

