348, 382, 1
404, 640, 1
410, 640, 1
410, 404, 1
659, 640, 1
659, 404, 1
659, 410, 1
640, 382, -1
640, 348, -1
0, 382, -1
0, 348, -1
0, 640, -1
2, 382, -1
2, 348, -1
2, 640, -1
2, 0, -1
404, 382, -1
404, 348, -1
404, 0, -1
404, 2, -1
410, 382, -1
410, 348, -1
410, 0, -1
410, 2, -1
659, 382, -1
659, 348, -1
659, 0, -1
659, 2, -1

768, 2, 1
768, 382, -1
768, 348, -1
768, 640, -1
768, 404, -1
768, 410, -1
768, 659, -1
768, 0, -1
1, 382, -1
1, 348, -1
1, 640, -1
1, 404, -1
1, 410, -1
1, 659, -1
1, 0, -1
1, 2, -1
1, 768, -1

530, 640, 1
530, 404, 1
530, 410, 1
530, 659, 1
769, 382, -1
769, 348, -1
769, 640, -1
769, 404, -1
769, 410, -1
769, 659, -1
769, 0, -1
769, 2, -1
769, 768, -1
769, 1, -1
530, 382, -1
530, 348, -1
530, 0, -1
530, 2, -1
530, 768, -1
530, 1, -1
530, 769, -1

402, 769, 1
402, 382, -1
402, 348, -1
402, 640, -1
402, 404, -1
402, 410, -1
402, 659, -1
402, 530, -1
402, 0, -1
402, 2, -1
402, 768, -1
402, 1, -1

3, 769, 1
3, 402, 1
3, 382, -1
3, 348, -1
3, 640, -1
3, 404, -1
3, 410, -1
3, 659, -1
3, 530, -1
3, 0, -1
3, 2, -1
3, 768, -1
3, 1, -1

767, 1, 1
767, 382, -1
767, 348, -1
767, 640, -1
767, 404, -1
767, 410, -1
767, 659, -1
767, 530, -1
767, 0, -1
767, 2, -1
767, 768, -1
767, 769, -1
767, 402, -1
767, 3, -1

517, 640, 1
517, 404, 1
517, 410, 1
517, 659, 1
517, 530, 1
449, 640, 1
449, 404, 1
449, 410, 1
449, 659, 1
449, 530, 1
449, 517, 1
517, 382, -1
517, 348, -1
517, 0, -1
517, 2, -1
517, 768, -1
517, 1, -1
517, 767, -1
517, 769, -1
517, 402, -1
517, 3, -1
449, 382, -1
449, 348, -1
449, 0, -1
449, 2, -1
449, 768, -1
449, 1, -1
449, 767, -1
449, 769, -1
449, 402, -1
449, 3, -1

652, 640, 1
652, 404, 1
652, 410, 1
652, 659, 1
652, 530, 1
652, 517, 1
652, 449, 1
751, 640, 1
751, 404, 1
751, 410, 1
751, 659, 1
751, 530, 1
751, 517, 1
751, 449, 1
751, 652, 1
652, 382, -1
652, 348, -1
652, 0, -1
652, 2, -1
652, 768, -1
652, 1, -1
652, 767, -1
652, 769, -1
652, 402, -1
652, 3, -1
751, 382, -1
751, 348, -1
751, 0, -1
751, 2, -1
751, 768, -1
751, 1, -1
751, 767, -1
751, 769, -1
751, 402, -1
751, 3, -1

700, 640, 1
700, 404, 1
700, 410, 1
700, 659, 1
700, 530, 1
700, 517, 1
700, 449, 1
700, 652, 1
700, 751, 1
564, 640, 1
564, 404, 1
564, 410, 1
564, 659, 1
564, 530, 1
564, 517, 1
564, 449, 1
564, 652, 1
564, 751, 1
564, 700, 1
700, 382, -1
700, 348, -1
700, 0, -1
700, 2, -1
700, 768, -1
700, 1, -1
700, 767, -1
700, 769, -1
700, 402, -1
700, 3, -1
564, 382, -1
564, 348, -1
564, 0, -1
564, 2, -1
564, 768, -1
564, 1, -1
564, 767, -1
564, 769, -1
564, 402, -1
564, 3, -1

214, 382, 1
214, 348, 1
214, 640, -1
214, 404, -1
214, 410, -1
214, 659, -1
214, 530, -1
214, 517, -1
214, 449, -1
214, 652, -1
214, 751, -1
214, 700, -1
214, 564, -1
214, 0, -1
214, 2, -1
214, 768, -1
214, 1, -1
214, 767, -1
214, 769, -1
214, 402, -1
214, 3, -1

