141, 126, 1
77, 92, 1
125, 126, 1
125, 141, 1
110, 126, 1
110, 141, 1
110, 125, 1
129, 126, 1
129, 141, 1
129, 125, 1
129, 110, 1
145, 126, 1
145, 141, 1
145, 125, 1
145, 110, 1
145, 129, 1
92, 126, -1
141, 92, -1
77, 126, -1
77, 141, -1
125, 92, -1
125, 77, -1
110, 92, -1
110, 77, -1
129, 92, -1
129, 77, -1
0, 126, -1
0, 141, -1
0, 125, -1
0, 110, -1
0, 129, -1
0, 92, -1
0, 77, -1
145, 92, -1
145, 77, -1
145, 0, -1

116, 126, 1
116, 141, 1
116, 125, 1
116, 110, 1
116, 129, 1
116, 145, 1
133, 126, 1
133, 141, 1
133, 125, 1
133, 110, 1
133, 129, 1
133, 145, 1
133, 116, 1
116, 92, -1
116, 77, -1
116, 0, -1
133, 92, -1
133, 77, -1
133, 0, -1

108, 126, 1
108, 141, 1
108, 125, 1
108, 110, 1
108, 129, 1
108, 145, 1
108, 116, 1
108, 133, 1
56, 92, 1
56, 77, 1
108, 92, -1
108, 77, -1
108, 0, -1
56, 126, -1
56, 141, -1
56, 125, -1
56, 110, -1
56, 129, -1
56, 145, -1
56, 116, -1
56, 133, -1
56, 108, -1
56, 0, -1

111, 126, 1
111, 141, 1
111, 125, 1
111, 110, 1
111, 129, 1
111, 145, 1
111, 116, 1
111, 133, 1
111, 108, 1
51, 92, 1
51, 77, 1
51, 56, 1
111, 92, -1
111, 77, -1
111, 56, -1
111, 0, -1
51, 126, -1
51, 141, -1
51, 125, -1
51, 110, -1
51, 129, -1
51, 145, -1
51, 116, -1
51, 133, -1
51, 108, -1
51, 111, -1
51, 0, -1

76, 92, 1
76, 77, 1
76, 56, 1
76, 51, 1
107, 126, 1
107, 141, 1
107, 125, 1
107, 110, 1
107, 129, 1
107, 145, 1
107, 116, 1
107, 133, 1
107, 108, 1
107, 111, 1
76, 126, -1
76, 141, -1
76, 125, -1
76, 110, -1
76, 129, -1
76, 145, -1
76, 116, -1
76, 133, -1
76, 108, -1
76, 111, -1
76, 0, -1
107, 92, -1
107, 77, -1
107, 56, -1
107, 51, -1
107, 76, -1
107, 0, -1

87, 92, 1
87, 77, 1
87, 56, 1
87, 51, 1
87, 76, 1
130, 126, 1
130, 141, 1
130, 125, 1
130, 110, 1
130, 129, 1
130, 145, 1
130, 116, 1
130, 133, 1
130, 108, 1
130, 111, 1
130, 107, 1
87, 126, -1
87, 141, -1
87, 125, -1
87, 110, -1
87, 129, -1
87, 145, -1
87, 116, -1
87, 133, -1
87, 108, -1
87, 111, -1
87, 107, -1
87, 0, -1
130, 92, -1
130, 77, -1
130, 56, -1
130, 51, -1
130, 76, -1
130, 87, -1
130, 0, -1

147, 126, 1
147, 141, 1
147, 125, 1
147, 110, 1
147, 129, 1
147, 145, 1
147, 116, 1
147, 133, 1
147, 108, 1
147, 111, 1
147, 107, 1
147, 130, 1
72, 92, 1
72, 77, 1
72, 56, 1
72, 51, 1
72, 76, 1
72, 87, 1
147, 92, -1
147, 77, -1
147, 56, -1
147, 51, -1
147, 76, -1
147, 87, -1
147, 0, -1
72, 126, -1
72, 141, -1
72, 125, -1
72, 110, -1
72, 129, -1
72, 145, -1
72, 116, -1
72, 133, -1
72, 108, -1
72, 111, -1
72, 107, -1
72, 130, -1
72, 147, -1
72, 0, -1

137, 126, 1
137, 141, 1
137, 125, 1
137, 110, 1
137, 129, 1
137, 145, 1
137, 116, 1
137, 133, 1
137, 108, 1
137, 111, 1
137, 107, 1
137, 130, 1
137, 147, 1
50, 92, 1
50, 77, 1
50, 56, 1
50, 51, 1
50, 76, 1
50, 87, 1
50, 72, 1
137, 92, -1
137, 77, -1
137, 56, -1
137, 51, -1
137, 76, -1
137, 87, -1
137, 72, -1
137, 0, -1
50, 126, -1
50, 141, -1
50, 125, -1
50, 110, -1
50, 129, -1
50, 145, -1
50, 116, -1
50, 133, -1
50, 108, -1
50, 111, -1
50, 107, -1
50, 130, -1
50, 147, -1
50, 137, -1
50, 0, -1

122, 126, 1
122, 141, 1
122, 125, 1
122, 110, 1
122, 129, 1
122, 145, 1
122, 116, 1
122, 133, 1
122, 108, 1
122, 111, 1
122, 107, 1
122, 130, 1
122, 147, 1
122, 137, 1
86, 92, 1
86, 77, 1
86, 56, 1
86, 51, 1
86, 76, 1
86, 87, 1
86, 72, 1
86, 50, 1
122, 92, -1
122, 77, -1
122, 56, -1
122, 51, -1
122, 76, -1
122, 87, -1
122, 72, -1
122, 50, -1
122, 0, -1
86, 126, -1
86, 141, -1
86, 125, -1
86, 110, -1
86, 129, -1
86, 145, -1
86, 116, -1
86, 133, -1
86, 108, -1
86, 111, -1
86, 107, -1
86, 130, -1
86, 147, -1
86, 137, -1
86, 122, -1
86, 0, -1

68, 92, 1
68, 77, 1
68, 56, 1
68, 51, 1
68, 76, 1
68, 87, 1
68, 72, 1
68, 50, 1
68, 86, 1
112, 126, 1
112, 141, 1
112, 125, 1
112, 110, 1
112, 129, 1
112, 145, 1
112, 116, 1
112, 133, 1
112, 108, 1
112, 111, 1
112, 107, 1
112, 130, 1
112, 147, 1
112, 137, 1
112, 122, 1
68, 126, -1
68, 141, -1
68, 125, -1
68, 110, -1
68, 129, -1
68, 145, -1
68, 116, -1
68, 133, -1
68, 108, -1
68, 111, -1
68, 107, -1
68, 130, -1
68, 147, -1
68, 137, -1
68, 122, -1
68, 0, -1
112, 92, -1
112, 77, -1
112, 56, -1
112, 51, -1
112, 76, -1
112, 87, -1
112, 72, -1
112, 50, -1
112, 86, -1
112, 68, -1
112, 0, -1

