348, 382, 1
1003, 640, 1
738, 640, 1
738, 1003, 1
246, 382, 1
246, 348, 1
77, 382, 1
77, 348, 1
77, 246, 1
503, 382, 1
503, 348, 1
503, 246, 1
503, 77, 1
58, 382, 1
58, 348, 1
58, 246, 1
58, 77, 1
58, 503, 1
640, 382, -1
640, 348, -1
1003, 382, -1
1003, 348, -1
738, 382, -1
738, 348, -1
246, 640, -1
246, 1003, -1
246, 738, -1
77, 640, -1
77, 1003, -1
77, 738, -1
503, 640, -1
503, 1003, -1
503, 738, -1
58, 640, -1
58, 1003, -1
58, 738, -1

147, 382, 1
147, 348, 1
147, 246, 1
147, 77, 1
147, 503, 1
147, 58, 1
487, 382, 1
487, 348, 1
487, 246, 1
487, 77, 1
487, 503, 1
487, 58, 1
487, 147, 1
218, 382, 1
218, 348, 1
218, 246, 1
218, 77, 1
218, 503, 1
218, 58, 1
218, 147, 1
218, 487, 1
1859, 1588, 1
523, 382, 1
523, 348, 1
523, 246, 1
523, 77, 1
523, 503, 1
523, 58, 1
523, 147, 1
523, 487, 1
523, 218, 1
458, 382, 1
458, 348, 1
458, 246, 1
458, 77, 1
458, 503, 1
458, 58, 1
458, 147, 1
458, 487, 1
458, 218, 1
458, 523, 1
147, 640, -1
147, 1003, -1
147, 738, -1
487, 640, -1
487, 1003, -1
487, 738, -1
218, 640, -1
218, 1003, -1
218, 738, -1
1588, 382, -1
1588, 348, -1
1588, 246, -1
1588, 77, -1
1588, 503, -1
1588, 58, -1
1588, 147, -1
1588, 487, -1
1588, 218, -1
1588, 640, -1
1588, 1003, -1
1588, 738, -1
1859, 382, -1
1859, 348, -1
1859, 246, -1
1859, 77, -1
1859, 503, -1
1859, 58, -1
1859, 147, -1
1859, 487, -1
1859, 218, -1
1859, 640, -1
1859, 1003, -1
1859, 738, -1
523, 640, -1
523, 1003, -1
523, 738, -1
523, 1588, -1
523, 1859, -1
458, 640, -1
458, 1003, -1
458, 738, -1
458, 1588, -1
458, 1859, -1

683, 640, 1
683, 1003, 1
683, 738, 1
1575, 1588, 1
1575, 1859, 1
1382, 1588, 1
1382, 1859, 1
1382, 1575, 1
569, 382, 1
569, 348, 1
569, 246, 1
569, 77, 1
569, 503, 1
569, 58, 1
569, 147, 1
569, 487, 1
569, 218, 1
569, 523, 1
569, 458, 1
498, 382, 1
498, 348, 1
498, 246, 1
498, 77, 1
498, 503, 1
498, 58, 1
498, 147, 1
498, 487, 1
498, 218, 1
498, 523, 1
498, 458, 1
498, 569, 1
683, 382, -1
683, 348, -1
683, 246, -1
683, 77, -1
683, 503, -1
683, 58, -1
683, 147, -1
683, 487, -1
683, 218, -1
683, 523, -1
683, 458, -1
683, 1588, -1
683, 1859, -1
1575, 382, -1
1575, 348, -1
1575, 246, -1
1575, 77, -1
1575, 503, -1
1575, 58, -1
1575, 147, -1
1575, 487, -1
1575, 218, -1
1575, 523, -1
1575, 458, -1
1575, 640, -1
1575, 1003, -1
1575, 738, -1
1575, 683, -1
1382, 382, -1
1382, 348, -1
1382, 246, -1
1382, 77, -1
1382, 503, -1
1382, 58, -1
1382, 147, -1
1382, 487, -1
1382, 218, -1
1382, 523, -1
1382, 458, -1
1382, 640, -1
1382, 1003, -1
1382, 738, -1
1382, 683, -1
569, 640, -1
569, 1003, -1
569, 738, -1
569, 683, -1
569, 1588, -1
569, 1859, -1
569, 1575, -1
569, 1382, -1
498, 640, -1
498, 1003, -1
498, 738, -1
498, 683, -1
498, 1588, -1
498, 1859, -1
498, 1575, -1
498, 1382, -1

1771, 1588, 1
1771, 1859, 1
1771, 1575, 1
1771, 1382, 1
256, 382, 1
256, 348, 1
256, 246, 1
256, 77, 1
256, 503, 1
256, 58, 1
256, 147, 1
256, 487, 1
256, 218, 1
256, 523, 1
256, 458, 1
256, 569, 1
256, 498, 1
1592, 1588, 1
1592, 1859, 1
1592, 1575, 1
1592, 1382, 1
1592, 1771, 1
1775, 1588, 1
1775, 1859, 1
1775, 1575, 1
1775, 1382, 1
1775, 1771, 1
1775, 1592, 1
1771, 382, -1
1771, 348, -1
1771, 246, -1
1771, 77, -1
1771, 503, -1
1771, 58, -1
1771, 147, -1
1771, 487, -1
1771, 218, -1
1771, 523, -1
1771, 458, -1
1771, 569, -1
1771, 498, -1
1771, 640, -1
1771, 1003, -1
1771, 738, -1
1771, 683, -1
256, 640, -1
256, 1003, -1
256, 738, -1
256, 683, -1
256, 1588, -1
256, 1859, -1
256, 1575, -1
256, 1382, -1
256, 1771, -1
1592, 382, -1
1592, 348, -1
1592, 246, -1
1592, 77, -1
1592, 503, -1
1592, 58, -1
1592, 147, -1
1592, 487, -1
1592, 218, -1
1592, 523, -1
1592, 458, -1
1592, 569, -1
1592, 498, -1
1592, 256, -1
1592, 640, -1
1592, 1003, -1
1592, 738, -1
1592, 683, -1
1775, 382, -1
1775, 348, -1
1775, 246, -1
1775, 77, -1
1775, 503, -1
1775, 58, -1
1775, 147, -1
1775, 487, -1
1775, 218, -1
1775, 523, -1
1775, 458, -1
1775, 569, -1
1775, 498, -1
1775, 256, -1
1775, 640, -1
1775, 1003, -1
1775, 738, -1
1775, 683, -1

1821, 1588, 1
1821, 1859, 1
1821, 1575, 1
1821, 1382, 1
1821, 1771, 1
1821, 1592, 1
1821, 1775, 1
1014, 640, 1
1014, 1003, 1
1014, 738, 1
1014, 683, 1
1128, 640, 1
1128, 1003, 1
1128, 738, 1
1128, 683, 1
1128, 1014, 1
223, 382, 1
223, 348, 1
223, 246, 1
223, 77, 1
223, 503, 1
223, 58, 1
223, 147, 1
223, 487, 1
223, 218, 1
223, 523, 1
223, 458, 1
223, 569, 1
223, 498, 1
223, 256, 1
229, 382, 1
229, 348, 1
229, 246, 1
229, 77, 1
229, 503, 1
229, 58, 1
229, 147, 1
229, 487, 1
229, 218, 1
229, 523, 1
229, 458, 1
229, 569, 1
229, 498, 1
229, 256, 1
229, 223, 1
1821, 382, -1
1821, 348, -1
1821, 246, -1
1821, 77, -1
1821, 503, -1
1821, 58, -1
1821, 147, -1
1821, 487, -1
1821, 218, -1
1821, 523, -1
1821, 458, -1
1821, 569, -1
1821, 498, -1
1821, 256, -1
1821, 640, -1
1821, 1003, -1
1821, 738, -1
1821, 683, -1
1014, 382, -1
1014, 348, -1
1014, 246, -1
1014, 77, -1
1014, 503, -1
1014, 58, -1
1014, 147, -1
1014, 487, -1
1014, 218, -1
1014, 523, -1
1014, 458, -1
1014, 569, -1
1014, 498, -1
1014, 256, -1
1014, 1588, -1
1014, 1859, -1
1014, 1575, -1
1014, 1382, -1
1014, 1771, -1
1014, 1592, -1
1014, 1775, -1
1014, 1821, -1
1128, 382, -1
1128, 348, -1
1128, 246, -1
1128, 77, -1
1128, 503, -1
1128, 58, -1
1128, 147, -1
1128, 487, -1
1128, 218, -1
1128, 523, -1
1128, 458, -1
1128, 569, -1
1128, 498, -1
1128, 256, -1
1128, 1588, -1
1128, 1859, -1
1128, 1575, -1
1128, 1382, -1
1128, 1771, -1
1128, 1592, -1
1128, 1775, -1
1128, 1821, -1
223, 640, -1
223, 1003, -1
223, 738, -1
223, 683, -1
223, 1014, -1
223, 1128, -1
223, 1588, -1
223, 1859, -1
223, 1575, -1
223, 1382, -1
223, 1771, -1
223, 1592, -1
223, 1775, -1
223, 1821, -1
229, 640, -1
229, 1003, -1
229, 738, -1
229, 683, -1
229, 1014, -1
229, 1128, -1
229, 1588, -1
229, 1859, -1
229, 1575, -1
229, 1382, -1
229, 1771, -1
229, 1592, -1
229, 1775, -1
229, 1821, -1

1621, 1588, 1
1621, 1859, 1
1621, 1575, 1
1621, 1382, 1
1621, 1771, 1
1621, 1592, 1
1621, 1775, 1
1621, 1821, 1
1314, 1588, 1
1314, 1859, 1
1314, 1575, 1
1314, 1382, 1
1314, 1771, 1
1314, 1592, 1
1314, 1775, 1
1314, 1821, 1
1314, 1621, 1
1741, 1588, 1
1741, 1859, 1
1741, 1575, 1
1741, 1382, 1
1741, 1771, 1
1741, 1592, 1
1741, 1775, 1
1741, 1821, 1
1741, 1621, 1
1741, 1314, 1
384, 382, 1
384, 348, 1
384, 246, 1
384, 77, 1
384, 503, 1
384, 58, 1
384, 147, 1
384, 487, 1
384, 218, 1
384, 523, 1
384, 458, 1
384, 569, 1
384, 498, 1
384, 256, 1
384, 223, 1
384, 229, 1
1621, 382, -1
1621, 348, -1
1621, 246, -1
1621, 77, -1
1621, 503, -1
1621, 58, -1
1621, 147, -1
1621, 487, -1
1621, 218, -1
1621, 523, -1
1621, 458, -1
1621, 569, -1
1621, 498, -1
1621, 256, -1
1621, 223, -1
1621, 229, -1
1621, 640, -1
1621, 1003, -1
1621, 738, -1
1621, 683, -1
1621, 1014, -1
1621, 1128, -1
1314, 382, -1
1314, 348, -1
1314, 246, -1
1314, 77, -1
1314, 503, -1
1314, 58, -1
1314, 147, -1
1314, 487, -1
1314, 218, -1
1314, 523, -1
1314, 458, -1
1314, 569, -1
1314, 498, -1
1314, 256, -1
1314, 223, -1
1314, 229, -1
1314, 640, -1
1314, 1003, -1
1314, 738, -1
1314, 683, -1
1314, 1014, -1
1314, 1128, -1
1741, 382, -1
1741, 348, -1
1741, 246, -1
1741, 77, -1
1741, 503, -1
1741, 58, -1
1741, 147, -1
1741, 487, -1
1741, 218, -1
1741, 523, -1
1741, 458, -1
1741, 569, -1
1741, 498, -1
1741, 256, -1
1741, 223, -1
1741, 229, -1
1741, 640, -1
1741, 1003, -1
1741, 738, -1
1741, 683, -1
1741, 1014, -1
1741, 1128, -1
384, 640, -1
384, 1003, -1
384, 738, -1
384, 683, -1
384, 1014, -1
384, 1128, -1
384, 1588, -1
384, 1859, -1
384, 1575, -1
384, 1382, -1
384, 1771, -1
384, 1592, -1
384, 1775, -1
384, 1821, -1
384, 1621, -1
384, 1314, -1
384, 1741, -1

774, 640, 1
774, 1003, 1
774, 738, 1
774, 683, 1
774, 1014, 1
774, 1128, 1
1563, 1588, 1
1563, 1859, 1
1563, 1575, 1
1563, 1382, 1
1563, 1771, 1
1563, 1592, 1
1563, 1775, 1
1563, 1821, 1
1563, 1621, 1
1563, 1314, 1
1563, 1741, 1
433, 382, 1
433, 348, 1
433, 246, 1
433, 77, 1
433, 503, 1
433, 58, 1
433, 147, 1
433, 487, 1
433, 218, 1
433, 523, 1
433, 458, 1
433, 569, 1
433, 498, 1
433, 256, 1
433, 223, 1
433, 229, 1
433, 384, 1
354, 382, 1
354, 348, 1
354, 246, 1
354, 77, 1
354, 503, 1
354, 58, 1
354, 147, 1
354, 487, 1
354, 218, 1
354, 523, 1
354, 458, 1
354, 569, 1
354, 498, 1
354, 256, 1
354, 223, 1
354, 229, 1
354, 384, 1
354, 433, 1
1024, 640, 1
1024, 1003, 1
1024, 738, 1
1024, 683, 1
1024, 1014, 1
1024, 1128, 1
1024, 774, 1
538, 382, 1
538, 348, 1
538, 246, 1
538, 77, 1
538, 503, 1
538, 58, 1
538, 147, 1
538, 487, 1
538, 218, 1
538, 523, 1
538, 458, 1
538, 569, 1
538, 498, 1
538, 256, 1
538, 223, 1
538, 229, 1
538, 384, 1
538, 433, 1
538, 354, 1
774, 382, -1
774, 348, -1
774, 246, -1
774, 77, -1
774, 503, -1
774, 58, -1
774, 147, -1
774, 487, -1
774, 218, -1
774, 523, -1
774, 458, -1
774, 569, -1
774, 498, -1
774, 256, -1
774, 223, -1
774, 229, -1
774, 384, -1
774, 1588, -1
774, 1859, -1
774, 1575, -1
774, 1382, -1
774, 1771, -1
774, 1592, -1
774, 1775, -1
774, 1821, -1
774, 1621, -1
774, 1314, -1
774, 1741, -1
1563, 382, -1
1563, 348, -1
1563, 246, -1
1563, 77, -1
1563, 503, -1
1563, 58, -1
1563, 147, -1
1563, 487, -1
1563, 218, -1
1563, 523, -1
1563, 458, -1
1563, 569, -1
1563, 498, -1
1563, 256, -1
1563, 223, -1
1563, 229, -1
1563, 384, -1
1563, 640, -1
1563, 1003, -1
1563, 738, -1
1563, 683, -1
1563, 1014, -1
1563, 1128, -1
1563, 774, -1
433, 640, -1
433, 1003, -1
433, 738, -1
433, 683, -1
433, 1014, -1
433, 1128, -1
433, 774, -1
433, 1588, -1
433, 1859, -1
433, 1575, -1
433, 1382, -1
433, 1771, -1
433, 1592, -1
433, 1775, -1
433, 1821, -1
433, 1621, -1
433, 1314, -1
433, 1741, -1
433, 1563, -1
354, 640, -1
354, 1003, -1
354, 738, -1
354, 683, -1
354, 1014, -1
354, 1128, -1
354, 774, -1
354, 1588, -1
354, 1859, -1
354, 1575, -1
354, 1382, -1
354, 1771, -1
354, 1592, -1
354, 1775, -1
354, 1821, -1
354, 1621, -1
354, 1314, -1
354, 1741, -1
354, 1563, -1
1024, 382, -1
1024, 348, -1
1024, 246, -1
1024, 77, -1
1024, 503, -1
1024, 58, -1
1024, 147, -1
1024, 487, -1
1024, 218, -1
1024, 523, -1
1024, 458, -1
1024, 569, -1
1024, 498, -1
1024, 256, -1
1024, 223, -1
1024, 229, -1
1024, 384, -1
1024, 433, -1
1024, 354, -1
1024, 1588, -1
1024, 1859, -1
1024, 1575, -1
1024, 1382, -1
1024, 1771, -1
1024, 1592, -1
1024, 1775, -1
1024, 1821, -1
1024, 1621, -1
1024, 1314, -1
1024, 1741, -1
1024, 1563, -1
538, 640, -1
538, 1003, -1
538, 738, -1
538, 683, -1
538, 1014, -1
538, 1128, -1
538, 774, -1
538, 1024, -1
538, 1588, -1
538, 1859, -1
538, 1575, -1
538, 1382, -1
538, 1771, -1
538, 1592, -1
538, 1775, -1
538, 1821, -1
538, 1621, -1
538, 1314, -1
538, 1741, -1
538, 1563, -1

999, 640, 1
999, 1003, 1
999, 738, 1
999, 683, 1
999, 1014, 1
999, 1128, 1
999, 774, 1
999, 1024, 1
1008, 640, 1
1008, 1003, 1
1008, 738, 1
1008, 683, 1
1008, 1014, 1
1008, 1128, 1
1008, 774, 1
1008, 1024, 1
1008, 999, 1
1776, 1588, 1
1776, 1859, 1
1776, 1575, 1
1776, 1382, 1
1776, 1771, 1
1776, 1592, 1
1776, 1775, 1
1776, 1821, 1
1776, 1621, 1
1776, 1314, 1
1776, 1741, 1
1776, 1563, 1
509, 382, 1
509, 348, 1
509, 246, 1
509, 77, 1
509, 503, 1
509, 58, 1
509, 147, 1
509, 487, 1
509, 218, 1
509, 523, 1
509, 458, 1
509, 569, 1
509, 498, 1
509, 256, 1
509, 223, 1
509, 229, 1
509, 384, 1
509, 433, 1
509, 354, 1
509, 538, 1
366, 382, 1
366, 348, 1
366, 246, 1
366, 77, 1
366, 503, 1
366, 58, 1
366, 147, 1
366, 487, 1
366, 218, 1
366, 523, 1
366, 458, 1
366, 569, 1
366, 498, 1
366, 256, 1
366, 223, 1
366, 229, 1
366, 384, 1
366, 433, 1
366, 354, 1
366, 538, 1
366, 509, 1
999, 382, -1
999, 348, -1
999, 246, -1
999, 77, -1
999, 503, -1
999, 58, -1
999, 147, -1
999, 487, -1
999, 218, -1
999, 523, -1
999, 458, -1
999, 569, -1
999, 498, -1
999, 256, -1
999, 223, -1
999, 229, -1
999, 384, -1
999, 433, -1
999, 354, -1
999, 538, -1
999, 1588, -1
999, 1859, -1
999, 1575, -1
999, 1382, -1
999, 1771, -1
999, 1592, -1
999, 1775, -1
999, 1821, -1
999, 1621, -1
999, 1314, -1
999, 1741, -1
999, 1563, -1
1008, 382, -1
1008, 348, -1
1008, 246, -1
1008, 77, -1
1008, 503, -1
1008, 58, -1
1008, 147, -1
1008, 487, -1
1008, 218, -1
1008, 523, -1
1008, 458, -1
1008, 569, -1
1008, 498, -1
1008, 256, -1
1008, 223, -1
1008, 229, -1
1008, 384, -1
1008, 433, -1
1008, 354, -1
1008, 538, -1
1008, 1588, -1
1008, 1859, -1
1008, 1575, -1
1008, 1382, -1
1008, 1771, -1
1008, 1592, -1
1008, 1775, -1
1008, 1821, -1
1008, 1621, -1
1008, 1314, -1
1008, 1741, -1
1008, 1563, -1
1776, 382, -1
1776, 348, -1
1776, 246, -1
1776, 77, -1
1776, 503, -1
1776, 58, -1
1776, 147, -1
1776, 487, -1
1776, 218, -1
1776, 523, -1
1776, 458, -1
1776, 569, -1
1776, 498, -1
1776, 256, -1
1776, 223, -1
1776, 229, -1
1776, 384, -1
1776, 433, -1
1776, 354, -1
1776, 538, -1
1776, 640, -1
1776, 1003, -1
1776, 738, -1
1776, 683, -1
1776, 1014, -1
1776, 1128, -1
1776, 774, -1
1776, 1024, -1
1776, 999, -1
1776, 1008, -1
509, 640, -1
509, 1003, -1
509, 738, -1
509, 683, -1
509, 1014, -1
509, 1128, -1
509, 774, -1
509, 1024, -1
509, 999, -1
509, 1008, -1
509, 1588, -1
509, 1859, -1
509, 1575, -1
509, 1382, -1
509, 1771, -1
509, 1592, -1
509, 1775, -1
509, 1821, -1
509, 1621, -1
509, 1314, -1
509, 1741, -1
509, 1563, -1
509, 1776, -1
366, 640, -1
366, 1003, -1
366, 738, -1
366, 683, -1
366, 1014, -1
366, 1128, -1
366, 774, -1
366, 1024, -1
366, 999, -1
366, 1008, -1
366, 1588, -1
366, 1859, -1
366, 1575, -1
366, 1382, -1
366, 1771, -1
366, 1592, -1
366, 1775, -1
366, 1821, -1
366, 1621, -1
366, 1314, -1
366, 1741, -1
366, 1563, -1
366, 1776, -1

723, 640, 1
723, 1003, 1
723, 738, 1
723, 683, 1
723, 1014, 1
723, 1128, 1
723, 774, 1
723, 1024, 1
723, 999, 1
723, 1008, 1
280, 382, 1
280, 348, 1
280, 246, 1
280, 77, 1
280, 503, 1
280, 58, 1
280, 147, 1
280, 487, 1
280, 218, 1
280, 523, 1
280, 458, 1
280, 569, 1
280, 498, 1
280, 256, 1
280, 223, 1
280, 229, 1
280, 384, 1
280, 433, 1
280, 354, 1
280, 538, 1
280, 509, 1
280, 366, 1
415, 382, 1
415, 348, 1
415, 246, 1
415, 77, 1
415, 503, 1
415, 58, 1
415, 147, 1
415, 487, 1
415, 218, 1
415, 523, 1
415, 458, 1
415, 569, 1
415, 498, 1
415, 256, 1
415, 223, 1
415, 229, 1
415, 384, 1
415, 433, 1
415, 354, 1
415, 538, 1
415, 509, 1
415, 366, 1
415, 280, 1
460, 382, 1
460, 348, 1
460, 246, 1
460, 77, 1
460, 503, 1
460, 58, 1
460, 147, 1
460, 487, 1
460, 218, 1
460, 523, 1
460, 458, 1
460, 569, 1
460, 498, 1
460, 256, 1
460, 223, 1
460, 229, 1
460, 384, 1
460, 433, 1
460, 354, 1
460, 538, 1
460, 509, 1
460, 366, 1
460, 280, 1
460, 415, 1
1177, 640, 1
1177, 1003, 1
1177, 738, 1
1177, 683, 1
1177, 1014, 1
1177, 1128, 1
1177, 774, 1
1177, 1024, 1
1177, 999, 1
1177, 1008, 1
1177, 723, 1
1685, 1588, 1
1685, 1859, 1
1685, 1575, 1
1685, 1382, 1
1685, 1771, 1
1685, 1592, 1
1685, 1775, 1
1685, 1821, 1
1685, 1621, 1
1685, 1314, 1
1685, 1741, 1
1685, 1563, 1
1685, 1776, 1
723, 382, -1
723, 348, -1
723, 246, -1
723, 77, -1
723, 503, -1
723, 58, -1
723, 147, -1
723, 487, -1
723, 218, -1
723, 523, -1
723, 458, -1
723, 569, -1
723, 498, -1
723, 256, -1
723, 223, -1
723, 229, -1
723, 384, -1
723, 433, -1
723, 354, -1
723, 538, -1
723, 509, -1
723, 366, -1
723, 1588, -1
723, 1859, -1
723, 1575, -1
723, 1382, -1
723, 1771, -1
723, 1592, -1
723, 1775, -1
723, 1821, -1
723, 1621, -1
723, 1314, -1
723, 1741, -1
723, 1563, -1
723, 1776, -1
280, 640, -1
280, 1003, -1
280, 738, -1
280, 683, -1
280, 1014, -1
280, 1128, -1
280, 774, -1
280, 1024, -1
280, 999, -1
280, 1008, -1
280, 723, -1
280, 1588, -1
280, 1859, -1
280, 1575, -1
280, 1382, -1
280, 1771, -1
280, 1592, -1
280, 1775, -1
280, 1821, -1
280, 1621, -1
280, 1314, -1
280, 1741, -1
280, 1563, -1
280, 1776, -1
415, 640, -1
415, 1003, -1
415, 738, -1
415, 683, -1
415, 1014, -1
415, 1128, -1
415, 774, -1
415, 1024, -1
415, 999, -1
415, 1008, -1
415, 723, -1
415, 1588, -1
415, 1859, -1
415, 1575, -1
415, 1382, -1
415, 1771, -1
415, 1592, -1
415, 1775, -1
415, 1821, -1
415, 1621, -1
415, 1314, -1
415, 1741, -1
415, 1563, -1
415, 1776, -1
460, 640, -1
460, 1003, -1
460, 738, -1
460, 683, -1
460, 1014, -1
460, 1128, -1
460, 774, -1
460, 1024, -1
460, 999, -1
460, 1008, -1
460, 723, -1
460, 1588, -1
460, 1859, -1
460, 1575, -1
460, 1382, -1
460, 1771, -1
460, 1592, -1
460, 1775, -1
460, 1821, -1
460, 1621, -1
460, 1314, -1
460, 1741, -1
460, 1563, -1
460, 1776, -1
1177, 382, -1
1177, 348, -1
1177, 246, -1
1177, 77, -1
1177, 503, -1
1177, 58, -1
1177, 147, -1
1177, 487, -1
1177, 218, -1
1177, 523, -1
1177, 458, -1
1177, 569, -1
1177, 498, -1
1177, 256, -1
1177, 223, -1
1177, 229, -1
1177, 384, -1
1177, 433, -1
1177, 354, -1
1177, 538, -1
1177, 509, -1
1177, 366, -1
1177, 280, -1
1177, 415, -1
1177, 460, -1
1177, 1588, -1
1177, 1859, -1
1177, 1575, -1
1177, 1382, -1
1177, 1771, -1
1177, 1592, -1
1177, 1775, -1
1177, 1821, -1
1177, 1621, -1
1177, 1314, -1
1177, 1741, -1
1177, 1563, -1
1177, 1776, -1
1685, 382, -1
1685, 348, -1
1685, 246, -1
1685, 77, -1
1685, 503, -1
1685, 58, -1
1685, 147, -1
1685, 487, -1
1685, 218, -1
1685, 523, -1
1685, 458, -1
1685, 569, -1
1685, 498, -1
1685, 256, -1
1685, 223, -1
1685, 229, -1
1685, 384, -1
1685, 433, -1
1685, 354, -1
1685, 538, -1
1685, 509, -1
1685, 366, -1
1685, 280, -1
1685, 415, -1
1685, 460, -1
1685, 640, -1
1685, 1003, -1
1685, 738, -1
1685, 683, -1
1685, 1014, -1
1685, 1128, -1
1685, 774, -1
1685, 1024, -1
1685, 999, -1
1685, 1008, -1
1685, 723, -1
1685, 1177, -1

833, 640, 1
833, 1003, 1
833, 738, 1
833, 683, 1
833, 1014, 1
833, 1128, 1
833, 774, 1
833, 1024, 1
833, 999, 1
833, 1008, 1
833, 723, 1
833, 1177, 1
1847, 1588, 1
1847, 1859, 1
1847, 1575, 1
1847, 1382, 1
1847, 1771, 1
1847, 1592, 1
1847, 1775, 1
1847, 1821, 1
1847, 1621, 1
1847, 1314, 1
1847, 1741, 1
1847, 1563, 1
1847, 1776, 1
1847, 1685, 1
1301, 1588, 1
1301, 1859, 1
1301, 1575, 1
1301, 1382, 1
1301, 1771, 1
1301, 1592, 1
1301, 1775, 1
1301, 1821, 1
1301, 1621, 1
1301, 1314, 1
1301, 1741, 1
1301, 1563, 1
1301, 1776, 1
1301, 1685, 1
1301, 1847, 1
833, 382, -1
833, 348, -1
833, 246, -1
833, 77, -1
833, 503, -1
833, 58, -1
833, 147, -1
833, 487, -1
833, 218, -1
833, 523, -1
833, 458, -1
833, 569, -1
833, 498, -1
833, 256, -1
833, 223, -1
833, 229, -1
833, 384, -1
833, 433, -1
833, 354, -1
833, 538, -1
833, 509, -1
833, 366, -1
833, 280, -1
833, 415, -1
833, 460, -1
833, 1588, -1
833, 1859, -1
833, 1575, -1
833, 1382, -1
833, 1771, -1
833, 1592, -1
833, 1775, -1
833, 1821, -1
833, 1621, -1
833, 1314, -1
833, 1741, -1
833, 1563, -1
833, 1776, -1
833, 1685, -1
1847, 382, -1
1847, 348, -1
1847, 246, -1
1847, 77, -1
1847, 503, -1
1847, 58, -1
1847, 147, -1
1847, 487, -1
1847, 218, -1
1847, 523, -1
1847, 458, -1
1847, 569, -1
1847, 498, -1
1847, 256, -1
1847, 223, -1
1847, 229, -1
1847, 384, -1
1847, 433, -1
1847, 354, -1
1847, 538, -1
1847, 509, -1
1847, 366, -1
1847, 280, -1
1847, 415, -1
1847, 460, -1
1847, 640, -1
1847, 1003, -1
1847, 738, -1
1847, 683, -1
1847, 1014, -1
1847, 1128, -1
1847, 774, -1
1847, 1024, -1
1847, 999, -1
1847, 1008, -1
1847, 723, -1
1847, 1177, -1
1847, 833, -1
1301, 382, -1
1301, 348, -1
1301, 246, -1
1301, 77, -1
1301, 503, -1
1301, 58, -1
1301, 147, -1
1301, 487, -1
1301, 218, -1
1301, 523, -1
1301, 458, -1
1301, 569, -1
1301, 498, -1
1301, 256, -1
1301, 223, -1
1301, 229, -1
1301, 384, -1
1301, 433, -1
1301, 354, -1
1301, 538, -1
1301, 509, -1
1301, 366, -1
1301, 280, -1
1301, 415, -1
1301, 460, -1
1301, 640, -1
1301, 1003, -1
1301, 738, -1
1301, 683, -1
1301, 1014, -1
1301, 1128, -1
1301, 774, -1
1301, 1024, -1
1301, 999, -1
1301, 1008, -1
1301, 723, -1
1301, 1177, -1
1301, 833, -1

