348, 382, 1
1003, 640, 1
738, 640, 1
738, 1003, 1
246, 382, 1
246, 348, 1
77, 382, 1
77, 348, 1
77, 246, 1
503, 382, 1
503, 348, 1
503, 246, 1
503, 77, 1
58, 382, 1
58, 348, 1
58, 246, 1
58, 77, 1
58, 503, 1
640, 382, -1
640, 348, -1
1003, 382, -1
1003, 348, -1
738, 382, -1
738, 348, -1
246, 640, -1
246, 1003, -1
246, 738, -1
77, 640, -1
77, 1003, -1
77, 738, -1
503, 640, -1
503, 1003, -1
503, 738, -1
58, 640, -1
58, 1003, -1
58, 738, -1

558, 382, 1
558, 348, 1
558, 246, 1
558, 77, 1
558, 503, 1
558, 58, 1
1280, 1549, 1
1572, 1549, 1
1572, 1280, 1
558, 640, -1
558, 1003, -1
558, 738, -1
1549, 382, -1
1549, 348, -1
1549, 246, -1
1549, 77, -1
1549, 503, -1
1549, 58, -1
1549, 558, -1
1549, 640, -1
1549, 1003, -1
1549, 738, -1
1280, 382, -1
1280, 348, -1
1280, 246, -1
1280, 77, -1
1280, 503, -1
1280, 58, -1
1280, 558, -1
1280, 640, -1
1280, 1003, -1
1280, 738, -1
1572, 382, -1
1572, 348, -1
1572, 246, -1
1572, 77, -1
1572, 503, -1
1572, 58, -1
1572, 558, -1
1572, 640, -1
1572, 1003, -1
1572, 738, -1

1334, 1549, 1
1334, 1280, 1
1334, 1572, 1
1793, 1549, 1
1793, 1280, 1
1793, 1572, 1
1793, 1334, 1
1464, 1549, 1
1464, 1280, 1
1464, 1572, 1
1464, 1334, 1
1464, 1793, 1
1593, 1549, 1
1593, 1280, 1
1593, 1572, 1
1593, 1334, 1
1593, 1793, 1
1593, 1464, 1
1334, 382, -1
1334, 348, -1
1334, 246, -1
1334, 77, -1
1334, 503, -1
1334, 58, -1
1334, 558, -1
1334, 640, -1
1334, 1003, -1
1334, 738, -1
1793, 382, -1
1793, 348, -1
1793, 246, -1
1793, 77, -1
1793, 503, -1
1793, 58, -1
1793, 558, -1
1793, 640, -1
1793, 1003, -1
1793, 738, -1
1464, 382, -1
1464, 348, -1
1464, 246, -1
1464, 77, -1
1464, 503, -1
1464, 58, -1
1464, 558, -1
1464, 640, -1
1464, 1003, -1
1464, 738, -1
1593, 382, -1
1593, 348, -1
1593, 246, -1
1593, 77, -1
1593, 503, -1
1593, 58, -1
1593, 558, -1
1593, 640, -1
1593, 1003, -1
1593, 738, -1

260, 382, 1
260, 348, 1
260, 246, 1
260, 77, 1
260, 503, 1
260, 58, 1
260, 558, 1
1378, 1549, 1
1378, 1280, 1
1378, 1572, 1
1378, 1334, 1
1378, 1793, 1
1378, 1464, 1
1378, 1593, 1
1641, 1549, 1
1641, 1280, 1
1641, 1572, 1
1641, 1334, 1
1641, 1793, 1
1641, 1464, 1
1641, 1593, 1
1641, 1378, 1
538, 382, 1
538, 348, 1
538, 246, 1
538, 77, 1
538, 503, 1
538, 58, 1
538, 558, 1
538, 260, 1
633, 382, 1
633, 348, 1
633, 246, 1
633, 77, 1
633, 503, 1
633, 58, 1
633, 558, 1
633, 260, 1
633, 538, 1
260, 640, -1
260, 1003, -1
260, 738, -1
260, 1549, -1
260, 1280, -1
260, 1572, -1
260, 1334, -1
260, 1793, -1
260, 1464, -1
260, 1593, -1
1378, 382, -1
1378, 348, -1
1378, 246, -1
1378, 77, -1
1378, 503, -1
1378, 58, -1
1378, 558, -1
1378, 260, -1
1378, 640, -1
1378, 1003, -1
1378, 738, -1
1641, 382, -1
1641, 348, -1
1641, 246, -1
1641, 77, -1
1641, 503, -1
1641, 58, -1
1641, 558, -1
1641, 260, -1
1641, 640, -1
1641, 1003, -1
1641, 738, -1
538, 640, -1
538, 1003, -1
538, 738, -1
538, 1549, -1
538, 1280, -1
538, 1572, -1
538, 1334, -1
538, 1793, -1
538, 1464, -1
538, 1593, -1
538, 1378, -1
538, 1641, -1
633, 640, -1
633, 1003, -1
633, 738, -1
633, 1549, -1
633, 1280, -1
633, 1572, -1
633, 1334, -1
633, 1793, -1
633, 1464, -1
633, 1593, -1
633, 1378, -1
633, 1641, -1

1738, 1549, 1
1738, 1280, 1
1738, 1572, 1
1738, 1334, 1
1738, 1793, 1
1738, 1464, 1
1738, 1593, 1
1738, 1378, 1
1738, 1641, 1
353, 382, 1
353, 348, 1
353, 246, 1
353, 77, 1
353, 503, 1
353, 58, 1
353, 558, 1
353, 260, 1
353, 538, 1
353, 633, 1
1434, 1549, 1
1434, 1280, 1
1434, 1572, 1
1434, 1334, 1
1434, 1793, 1
1434, 1464, 1
1434, 1593, 1
1434, 1378, 1
1434, 1641, 1
1434, 1738, 1
261, 382, 1
261, 348, 1
261, 246, 1
261, 77, 1
261, 503, 1
261, 58, 1
261, 558, 1
261, 260, 1
261, 538, 1
261, 633, 1
261, 353, 1
1445, 1549, 1
1445, 1280, 1
1445, 1572, 1
1445, 1334, 1
1445, 1793, 1
1445, 1464, 1
1445, 1593, 1
1445, 1378, 1
1445, 1641, 1
1445, 1738, 1
1445, 1434, 1
1738, 382, -1
1738, 348, -1
1738, 246, -1
1738, 77, -1
1738, 503, -1
1738, 58, -1
1738, 558, -1
1738, 260, -1
1738, 538, -1
1738, 633, -1
1738, 640, -1
1738, 1003, -1
1738, 738, -1
353, 640, -1
353, 1003, -1
353, 738, -1
353, 1549, -1
353, 1280, -1
353, 1572, -1
353, 1334, -1
353, 1793, -1
353, 1464, -1
353, 1593, -1
353, 1378, -1
353, 1641, -1
353, 1738, -1
1434, 382, -1
1434, 348, -1
1434, 246, -1
1434, 77, -1
1434, 503, -1
1434, 58, -1
1434, 558, -1
1434, 260, -1
1434, 538, -1
1434, 633, -1
1434, 353, -1
1434, 640, -1
1434, 1003, -1
1434, 738, -1
261, 640, -1
261, 1003, -1
261, 738, -1
261, 1549, -1
261, 1280, -1
261, 1572, -1
261, 1334, -1
261, 1793, -1
261, 1464, -1
261, 1593, -1
261, 1378, -1
261, 1641, -1
261, 1738, -1
261, 1434, -1
1445, 382, -1
1445, 348, -1
1445, 246, -1
1445, 77, -1
1445, 503, -1
1445, 58, -1
1445, 558, -1
1445, 260, -1
1445, 538, -1
1445, 633, -1
1445, 353, -1
1445, 261, -1
1445, 640, -1
1445, 1003, -1
1445, 738, -1

1690, 1549, 1
1690, 1280, 1
1690, 1572, 1
1690, 1334, 1
1690, 1793, 1
1690, 1464, 1
1690, 1593, 1
1690, 1378, 1
1690, 1641, 1
1690, 1738, 1
1690, 1434, 1
1690, 1445, 1
622, 382, 1
622, 348, 1
622, 246, 1
622, 77, 1
622, 503, 1
622, 58, 1
622, 558, 1
622, 260, 1
622, 538, 1
622, 633, 1
622, 353, 1
622, 261, 1
1467, 1549, 1
1467, 1280, 1
1467, 1572, 1
1467, 1334, 1
1467, 1793, 1
1467, 1464, 1
1467, 1593, 1
1467, 1378, 1
1467, 1641, 1
1467, 1738, 1
1467, 1434, 1
1467, 1445, 1
1467, 1690, 1
1613, 1549, 1
1613, 1280, 1
1613, 1572, 1
1613, 1334, 1
1613, 1793, 1
1613, 1464, 1
1613, 1593, 1
1613, 1378, 1
1613, 1641, 1
1613, 1738, 1
1613, 1434, 1
1613, 1445, 1
1613, 1690, 1
1613, 1467, 1
1690, 382, -1
1690, 348, -1
1690, 246, -1
1690, 77, -1
1690, 503, -1
1690, 58, -1
1690, 558, -1
1690, 260, -1
1690, 538, -1
1690, 633, -1
1690, 353, -1
1690, 261, -1
1690, 640, -1
1690, 1003, -1
1690, 738, -1
622, 640, -1
622, 1003, -1
622, 738, -1
622, 1549, -1
622, 1280, -1
622, 1572, -1
622, 1334, -1
622, 1793, -1
622, 1464, -1
622, 1593, -1
622, 1378, -1
622, 1641, -1
622, 1738, -1
622, 1434, -1
622, 1445, -1
622, 1690, -1
1467, 382, -1
1467, 348, -1
1467, 246, -1
1467, 77, -1
1467, 503, -1
1467, 58, -1
1467, 558, -1
1467, 260, -1
1467, 538, -1
1467, 633, -1
1467, 353, -1
1467, 261, -1
1467, 622, -1
1467, 640, -1
1467, 1003, -1
1467, 738, -1
1613, 382, -1
1613, 348, -1
1613, 246, -1
1613, 77, -1
1613, 503, -1
1613, 58, -1
1613, 558, -1
1613, 260, -1
1613, 538, -1
1613, 633, -1
1613, 353, -1
1613, 261, -1
1613, 622, -1
1613, 640, -1
1613, 1003, -1
1613, 738, -1

1565, 1549, 1
1565, 1280, 1
1565, 1572, 1
1565, 1334, 1
1565, 1793, 1
1565, 1464, 1
1565, 1593, 1
1565, 1378, 1
1565, 1641, 1
1565, 1738, 1
1565, 1434, 1
1565, 1445, 1
1565, 1690, 1
1565, 1467, 1
1565, 1613, 1
228, 382, 1
228, 348, 1
228, 246, 1
228, 77, 1
228, 503, 1
228, 58, 1
228, 558, 1
228, 260, 1
228, 538, 1
228, 633, 1
228, 353, 1
228, 261, 1
228, 622, 1
620, 382, 1
620, 348, 1
620, 246, 1
620, 77, 1
620, 503, 1
620, 58, 1
620, 558, 1
620, 260, 1
620, 538, 1
620, 633, 1
620, 353, 1
620, 261, 1
620, 622, 1
620, 228, 1
1588, 1549, 1
1588, 1280, 1
1588, 1572, 1
1588, 1334, 1
1588, 1793, 1
1588, 1464, 1
1588, 1593, 1
1588, 1378, 1
1588, 1641, 1
1588, 1738, 1
1588, 1434, 1
1588, 1445, 1
1588, 1690, 1
1588, 1467, 1
1588, 1613, 1
1588, 1565, 1
1565, 382, -1
1565, 348, -1
1565, 246, -1
1565, 77, -1
1565, 503, -1
1565, 58, -1
1565, 558, -1
1565, 260, -1
1565, 538, -1
1565, 633, -1
1565, 353, -1
1565, 261, -1
1565, 622, -1
1565, 640, -1
1565, 1003, -1
1565, 738, -1
228, 640, -1
228, 1003, -1
228, 738, -1
228, 1549, -1
228, 1280, -1
228, 1572, -1
228, 1334, -1
228, 1793, -1
228, 1464, -1
228, 1593, -1
228, 1378, -1
228, 1641, -1
228, 1738, -1
228, 1434, -1
228, 1445, -1
228, 1690, -1
228, 1467, -1
228, 1613, -1
228, 1565, -1
620, 640, -1
620, 1003, -1
620, 738, -1
620, 1549, -1
620, 1280, -1
620, 1572, -1
620, 1334, -1
620, 1793, -1
620, 1464, -1
620, 1593, -1
620, 1378, -1
620, 1641, -1
620, 1738, -1
620, 1434, -1
620, 1445, -1
620, 1690, -1
620, 1467, -1
620, 1613, -1
620, 1565, -1
1588, 382, -1
1588, 348, -1
1588, 246, -1
1588, 77, -1
1588, 503, -1
1588, 58, -1
1588, 558, -1
1588, 260, -1
1588, 538, -1
1588, 633, -1
1588, 353, -1
1588, 261, -1
1588, 622, -1
1588, 228, -1
1588, 620, -1
1588, 640, -1
1588, 1003, -1
1588, 738, -1

860, 640, 1
860, 1003, 1
860, 738, 1
379, 382, 1
379, 348, 1
379, 246, 1
379, 77, 1
379, 503, 1
379, 58, 1
379, 558, 1
379, 260, 1
379, 538, 1
379, 633, 1
379, 353, 1
379, 261, 1
379, 622, 1
379, 228, 1
379, 620, 1
1534, 1549, 1
1534, 1280, 1
1534, 1572, 1
1534, 1334, 1
1534, 1793, 1
1534, 1464, 1
1534, 1593, 1
1534, 1378, 1
1534, 1641, 1
1534, 1738, 1
1534, 1434, 1
1534, 1445, 1
1534, 1690, 1
1534, 1467, 1
1534, 1613, 1
1534, 1565, 1
1534, 1588, 1
1715, 1549, 1
1715, 1280, 1
1715, 1572, 1
1715, 1334, 1
1715, 1793, 1
1715, 1464, 1
1715, 1593, 1
1715, 1378, 1
1715, 1641, 1
1715, 1738, 1
1715, 1434, 1
1715, 1445, 1
1715, 1690, 1
1715, 1467, 1
1715, 1613, 1
1715, 1565, 1
1715, 1588, 1
1715, 1534, 1
860, 382, -1
860, 348, -1
860, 246, -1
860, 77, -1
860, 503, -1
860, 58, -1
860, 558, -1
860, 260, -1
860, 538, -1
860, 633, -1
860, 353, -1
860, 261, -1
860, 622, -1
860, 228, -1
860, 620, -1
860, 1549, -1
860, 1280, -1
860, 1572, -1
860, 1334, -1
860, 1793, -1
860, 1464, -1
860, 1593, -1
860, 1378, -1
860, 1641, -1
860, 1738, -1
860, 1434, -1
860, 1445, -1
860, 1690, -1
860, 1467, -1
860, 1613, -1
860, 1565, -1
860, 1588, -1
379, 640, -1
379, 1003, -1
379, 738, -1
379, 860, -1
379, 1549, -1
379, 1280, -1
379, 1572, -1
379, 1334, -1
379, 1793, -1
379, 1464, -1
379, 1593, -1
379, 1378, -1
379, 1641, -1
379, 1738, -1
379, 1434, -1
379, 1445, -1
379, 1690, -1
379, 1467, -1
379, 1613, -1
379, 1565, -1
379, 1588, -1
1534, 382, -1
1534, 348, -1
1534, 246, -1
1534, 77, -1
1534, 503, -1
1534, 58, -1
1534, 558, -1
1534, 260, -1
1534, 538, -1
1534, 633, -1
1534, 353, -1
1534, 261, -1
1534, 622, -1
1534, 228, -1
1534, 620, -1
1534, 379, -1
1534, 640, -1
1534, 1003, -1
1534, 738, -1
1534, 860, -1
1715, 382, -1
1715, 348, -1
1715, 246, -1
1715, 77, -1
1715, 503, -1
1715, 58, -1
1715, 558, -1
1715, 260, -1
1715, 538, -1
1715, 633, -1
1715, 353, -1
1715, 261, -1
1715, 622, -1
1715, 228, -1
1715, 620, -1
1715, 379, -1
1715, 640, -1
1715, 1003, -1
1715, 738, -1
1715, 860, -1

1280, 1280, 1
1641, 1280, 1
1738, 1280, 1
1715, 1280, 1
1588, 1280, 1
1334, 1280, 1
1464, 1280, 1
1593, 1280, 1
1434, 1280, 1
1467, 1280, 1
1565, 1280, 1
1534, 1280, 1
1742, 1549, 1
1742, 1280, 1
1742, 1572, 1
1742, 1334, 1
1742, 1793, 1
1742, 1464, 1
1742, 1593, 1
1742, 1378, 1
1742, 1641, 1
1742, 1738, 1
1742, 1434, 1
1742, 1445, 1
1742, 1690, 1
1742, 1467, 1
1742, 1613, 1
1742, 1565, 1
1742, 1588, 1
1742, 1534, 1
1742, 1715, 1
1414, 1549, 1
1414, 1280, 1
1414, 1572, 1
1414, 1334, 1
1414, 1793, 1
1414, 1464, 1
1414, 1593, 1
1414, 1378, 1
1414, 1641, 1
1414, 1738, 1
1414, 1434, 1
1414, 1445, 1
1414, 1690, 1
1414, 1467, 1
1414, 1613, 1
1414, 1565, 1
1414, 1588, 1
1414, 1534, 1
1414, 1715, 1
1414, 1742, 1
1635, 1549, 1
1635, 1280, 1
1635, 1572, 1
1635, 1334, 1
1635, 1793, 1
1635, 1464, 1
1635, 1593, 1
1635, 1378, 1
1635, 1641, 1
1635, 1738, 1
1635, 1434, 1
1635, 1445, 1
1635, 1690, 1
1635, 1467, 1
1635, 1613, 1
1635, 1565, 1
1635, 1588, 1
1635, 1534, 1
1635, 1715, 1
1635, 1742, 1
1635, 1414, 1
1742, 382, -1
1742, 348, -1
1742, 246, -1
1742, 77, -1
1742, 503, -1
1742, 58, -1
1742, 558, -1
1742, 260, -1
1742, 538, -1
1742, 633, -1
1742, 353, -1
1742, 261, -1
1742, 622, -1
1742, 228, -1
1742, 620, -1
1742, 379, -1
1742, 640, -1
1742, 1003, -1
1742, 738, -1
1742, 860, -1
1414, 382, -1
1414, 348, -1
1414, 246, -1
1414, 77, -1
1414, 503, -1
1414, 58, -1
1414, 558, -1
1414, 260, -1
1414, 538, -1
1414, 633, -1
1414, 353, -1
1414, 261, -1
1414, 622, -1
1414, 228, -1
1414, 620, -1
1414, 379, -1
1414, 640, -1
1414, 1003, -1
1414, 738, -1
1414, 860, -1
1635, 382, -1
1635, 348, -1
1635, 246, -1
1635, 77, -1
1635, 503, -1
1635, 58, -1
1635, 558, -1
1635, 260, -1
1635, 538, -1
1635, 633, -1
1635, 353, -1
1635, 261, -1
1635, 622, -1
1635, 228, -1
1635, 620, -1
1635, 379, -1
1635, 640, -1
1635, 1003, -1
1635, 738, -1
1635, 860, -1

1280, 1280, 1
1635, 1280, 1
1641, 1280, 1
1738, 1280, 1
1742, 1280, 1
1715, 1280, 1
1588, 1280, 1
1334, 1280, 1
1464, 1280, 1
1593, 1280, 1
1434, 1280, 1
1467, 1280, 1
1565, 1280, 1
1534, 1280, 1
1778, 1549, 1
1778, 1280, 1
1778, 1572, 1
1778, 1334, 1
1778, 1793, 1
1778, 1464, 1
1778, 1593, 1
1778, 1378, 1
1778, 1641, 1
1778, 1738, 1
1778, 1434, 1
1778, 1445, 1
1778, 1690, 1
1778, 1467, 1
1778, 1613, 1
1778, 1565, 1
1778, 1588, 1
1778, 1534, 1
1778, 1715, 1
1778, 1742, 1
1778, 1414, 1
1778, 1635, 1
656, 640, 1
656, 1003, 1
656, 738, 1
656, 860, 1
1385, 1549, 1
1385, 1280, 1
1385, 1572, 1
1385, 1334, 1
1385, 1793, 1
1385, 1464, 1
1385, 1593, 1
1385, 1378, 1
1385, 1641, 1
1385, 1738, 1
1385, 1434, 1
1385, 1445, 1
1385, 1690, 1
1385, 1467, 1
1385, 1613, 1
1385, 1565, 1
1385, 1588, 1
1385, 1534, 1
1385, 1715, 1
1385, 1742, 1
1385, 1414, 1
1385, 1635, 1
1385, 1778, 1
1614, 1549, 1
1614, 1280, 1
1614, 1572, 1
1614, 1334, 1
1614, 1793, 1
1614, 1464, 1
1614, 1593, 1
1614, 1378, 1
1614, 1641, 1
1614, 1738, 1
1614, 1434, 1
1614, 1445, 1
1614, 1690, 1
1614, 1467, 1
1614, 1613, 1
1614, 1565, 1
1614, 1588, 1
1614, 1534, 1
1614, 1715, 1
1614, 1742, 1
1614, 1414, 1
1614, 1635, 1
1614, 1778, 1
1614, 1385, 1
1778, 382, -1
1778, 348, -1
1778, 246, -1
1778, 77, -1
1778, 503, -1
1778, 58, -1
1778, 558, -1
1778, 260, -1
1778, 538, -1
1778, 633, -1
1778, 353, -1
1778, 261, -1
1778, 622, -1
1778, 228, -1
1778, 620, -1
1778, 379, -1
1778, 640, -1
1778, 1003, -1
1778, 738, -1
1778, 860, -1
656, 382, -1
656, 348, -1
656, 246, -1
656, 77, -1
656, 503, -1
656, 58, -1
656, 558, -1
656, 260, -1
656, 538, -1
656, 633, -1
656, 353, -1
656, 261, -1
656, 622, -1
656, 228, -1
656, 620, -1
656, 379, -1
656, 1549, -1
656, 1280, -1
656, 1572, -1
656, 1334, -1
656, 1793, -1
656, 1464, -1
656, 1593, -1
656, 1378, -1
656, 1641, -1
656, 1738, -1
656, 1434, -1
656, 1445, -1
656, 1690, -1
656, 1467, -1
656, 1613, -1
656, 1565, -1
656, 1588, -1
656, 1534, -1
656, 1715, -1
656, 1742, -1
656, 1414, -1
656, 1635, -1
656, 1778, -1
1385, 382, -1
1385, 348, -1
1385, 246, -1
1385, 77, -1
1385, 503, -1
1385, 58, -1
1385, 558, -1
1385, 260, -1
1385, 538, -1
1385, 633, -1
1385, 353, -1
1385, 261, -1
1385, 622, -1
1385, 228, -1
1385, 620, -1
1385, 379, -1
1385, 640, -1
1385, 1003, -1
1385, 738, -1
1385, 860, -1
1385, 656, -1
1614, 382, -1
1614, 348, -1
1614, 246, -1
1614, 77, -1
1614, 503, -1
1614, 58, -1
1614, 558, -1
1614, 260, -1
1614, 538, -1
1614, 633, -1
1614, 353, -1
1614, 261, -1
1614, 622, -1
1614, 228, -1
1614, 620, -1
1614, 379, -1
1614, 640, -1
1614, 1003, -1
1614, 738, -1
1614, 860, -1
1614, 656, -1

