92, 126, 1
128, 126, 1
128, 92, 1
4, 56, 1
104, 126, 1
104, 92, 1
104, 128, 1
112, 126, 1
112, 92, 1
112, 128, 1
112, 104, 1
62, 126, 1
62, 92, 1
62, 128, 1
62, 104, 1
62, 112, 1
56, 126, -1
56, 92, -1
56, 128, -1
4, 126, -1
4, 92, -1
4, 128, -1
104, 56, -1
104, 4, -1
112, 56, -1
112, 4, -1
62, 56, -1
62, 4, -1
164, 126, -1
164, 92, -1
164, 128, -1
164, 104, -1
164, 112, -1
164, 62, -1
164, 56, -1
164, 4, -1

1, 56, 1
1, 4, 1
71, 126, 1
71, 92, 1
71, 128, 1
71, 104, 1
71, 112, 1
71, 62, 1
1, 126, -1
1, 92, -1
1, 128, -1
1, 104, -1
1, 112, -1
1, 62, -1
1, 164, -1
71, 56, -1
71, 4, -1
71, 1, -1
71, 164, -1

72, 126, 1
72, 92, 1
72, 128, 1
72, 104, 1
72, 112, 1
72, 62, 1
72, 71, 1
34, 56, 1
34, 4, 1
34, 1, 1
72, 56, -1
72, 4, -1
72, 1, -1
72, 164, -1
34, 126, -1
34, 92, -1
34, 128, -1
34, 104, -1
34, 112, -1
34, 62, -1
34, 71, -1
34, 72, -1
34, 164, -1

41, 56, 1
41, 4, 1
41, 1, 1
41, 34, 1
124, 126, 1
124, 92, 1
124, 128, 1
124, 104, 1
124, 112, 1
124, 62, 1
124, 71, 1
124, 72, 1
41, 126, -1
41, 92, -1
41, 128, -1
41, 104, -1
41, 112, -1
41, 62, -1
41, 71, -1
41, 72, -1
41, 164, -1
124, 56, -1
124, 4, -1
124, 1, -1
124, 34, -1
124, 41, -1
124, 164, -1

37, 56, 1
37, 4, 1
37, 1, 1
37, 34, 1
37, 41, 1
123, 126, 1
123, 92, 1
123, 128, 1
123, 104, 1
123, 112, 1
123, 62, 1
123, 71, 1
123, 72, 1
123, 124, 1
37, 126, -1
37, 92, -1
37, 128, -1
37, 104, -1
37, 112, -1
37, 62, -1
37, 71, -1
37, 72, -1
37, 124, -1
37, 164, -1
123, 56, -1
123, 4, -1
123, 1, -1
123, 34, -1
123, 41, -1
123, 37, -1
123, 164, -1

11, 56, 1
11, 4, 1
11, 1, 1
11, 34, 1
11, 41, 1
11, 37, 1
113, 126, 1
113, 92, 1
113, 128, 1
113, 104, 1
113, 112, 1
113, 62, 1
113, 71, 1
113, 72, 1
113, 124, 1
113, 123, 1
11, 126, -1
11, 92, -1
11, 128, -1
11, 104, -1
11, 112, -1
11, 62, -1
11, 71, -1
11, 72, -1
11, 124, -1
11, 123, -1
11, 164, -1
113, 56, -1
113, 4, -1
113, 1, -1
113, 34, -1
113, 41, -1
113, 37, -1
113, 11, -1
113, 164, -1

58, 56, 1
58, 4, 1
58, 1, 1
58, 34, 1
58, 41, 1
58, 37, 1
58, 11, 1
99, 126, 1
99, 92, 1
99, 128, 1
99, 104, 1
99, 112, 1
99, 62, 1
99, 71, 1
99, 72, 1
99, 124, 1
99, 123, 1
99, 113, 1
58, 126, -1
58, 92, -1
58, 128, -1
58, 104, -1
58, 112, -1
58, 62, -1
58, 71, -1
58, 72, -1
58, 124, -1
58, 123, -1
58, 113, -1
58, 164, -1
99, 56, -1
99, 4, -1
99, 1, -1
99, 34, -1
99, 41, -1
99, 37, -1
99, 11, -1
99, 58, -1
99, 164, -1

125, 126, 1
125, 92, 1
125, 128, 1
125, 104, 1
125, 112, 1
125, 62, 1
125, 71, 1
125, 72, 1
125, 124, 1
125, 123, 1
125, 113, 1
125, 99, 1
7, 56, 1
7, 4, 1
7, 1, 1
7, 34, 1
7, 41, 1
7, 37, 1
7, 11, 1
7, 58, 1
125, 56, -1
125, 4, -1
125, 1, -1
125, 34, -1
125, 41, -1
125, 37, -1
125, 11, -1
125, 58, -1
125, 164, -1
7, 126, -1
7, 92, -1
7, 128, -1
7, 104, -1
7, 112, -1
7, 62, -1
7, 71, -1
7, 72, -1
7, 124, -1
7, 123, -1
7, 113, -1
7, 99, -1
7, 125, -1
7, 164, -1

12, 56, 1
12, 4, 1
12, 1, 1
12, 34, 1
12, 41, 1
12, 37, 1
12, 11, 1
12, 58, 1
12, 7, 1
86, 126, 1
86, 92, 1
86, 128, 1
86, 104, 1
86, 112, 1
86, 62, 1
86, 71, 1
86, 72, 1
86, 124, 1
86, 123, 1
86, 113, 1
86, 99, 1
86, 125, 1
12, 126, -1
12, 92, -1
12, 128, -1
12, 104, -1
12, 112, -1
12, 62, -1
12, 71, -1
12, 72, -1
12, 124, -1
12, 123, -1
12, 113, -1
12, 99, -1
12, 125, -1
12, 164, -1
86, 56, -1
86, 4, -1
86, 1, -1
86, 34, -1
86, 41, -1
86, 37, -1
86, 11, -1
86, 58, -1
86, 7, -1
86, 12, -1
86, 164, -1

6, 56, 1
6, 4, 1
6, 1, 1
6, 34, 1
6, 41, 1
6, 37, 1
6, 11, 1
6, 58, 1
6, 7, 1
6, 12, 1
97, 126, 1
97, 92, 1
97, 128, 1
97, 104, 1
97, 112, 1
97, 62, 1
97, 71, 1
97, 72, 1
97, 124, 1
97, 123, 1
97, 113, 1
97, 99, 1
97, 125, 1
97, 86, 1
6, 126, -1
6, 92, -1
6, 128, -1
6, 104, -1
6, 112, -1
6, 62, -1
6, 71, -1
6, 72, -1
6, 124, -1
6, 123, -1
6, 113, -1
6, 99, -1
6, 125, -1
6, 86, -1
6, 164, -1
97, 56, -1
97, 4, -1
97, 1, -1
97, 34, -1
97, 41, -1
97, 37, -1
97, 11, -1
97, 58, -1
97, 7, -1
97, 12, -1
97, 6, -1
97, 164, -1

