92, 126, 1
128, 126, 1
128, 92, 1
21, 56, 1
88, 126, 1
88, 92, 1
88, 128, 1
56, 126, -1
56, 92, -1
56, 128, -1
21, 126, -1
21, 92, -1
21, 128, -1
88, 56, -1
88, 21, -1
134, 126, -1
134, 92, -1
134, 128, -1
134, 88, -1
134, 56, -1
134, 21, -1

109, 126, 1
109, 92, 1
109, 128, 1
109, 88, 1
25, 56, 1
25, 21, 1
120, 126, 1
120, 92, 1
120, 128, 1
120, 88, 1
120, 109, 1
44, 56, 1
44, 21, 1
44, 25, 1
66, 126, 1
66, 92, 1
66, 128, 1
66, 88, 1
66, 109, 1
66, 120, 1
139, 134, 1
109, 56, -1
109, 21, -1
109, 134, -1
25, 126, -1
25, 92, -1
25, 128, -1
25, 88, -1
25, 109, -1
25, 134, -1
120, 56, -1
120, 21, -1
120, 25, -1
120, 134, -1
44, 126, -1
44, 92, -1
44, 128, -1
44, 88, -1
44, 109, -1
44, 120, -1
44, 134, -1
66, 56, -1
66, 21, -1
66, 25, -1
66, 44, -1
66, 134, -1
139, 126, -1
139, 92, -1
139, 128, -1
139, 88, -1
139, 109, -1
139, 120, -1
139, 66, -1
139, 56, -1
139, 21, -1
139, 25, -1
139, 44, -1

24, 56, 1
24, 21, 1
24, 25, 1
24, 44, 1
72, 126, 1
72, 92, 1
72, 128, 1
72, 88, 1
72, 109, 1
72, 120, 1
72, 66, 1
162, 134, 1
162, 139, 1
74, 126, 1
74, 92, 1
74, 128, 1
74, 88, 1
74, 109, 1
74, 120, 1
74, 66, 1
74, 72, 1
95, 126, 1
95, 92, 1
95, 128, 1
95, 88, 1
95, 109, 1
95, 120, 1
95, 66, 1
95, 72, 1
95, 74, 1
24, 126, -1
24, 92, -1
24, 128, -1
24, 88, -1
24, 109, -1
24, 120, -1
24, 66, -1
24, 134, -1
24, 139, -1
72, 56, -1
72, 21, -1
72, 25, -1
72, 44, -1
72, 24, -1
72, 134, -1
72, 139, -1
162, 126, -1
162, 92, -1
162, 128, -1
162, 88, -1
162, 109, -1
162, 120, -1
162, 66, -1
162, 72, -1
162, 56, -1
162, 21, -1
162, 25, -1
162, 44, -1
162, 24, -1
74, 56, -1
74, 21, -1
74, 25, -1
74, 44, -1
74, 24, -1
74, 134, -1
74, 139, -1
74, 162, -1
95, 56, -1
95, 21, -1
95, 25, -1
95, 44, -1
95, 24, -1
95, 134, -1
95, 139, -1
95, 162, -1

121, 126, 1
121, 92, 1
121, 128, 1
121, 88, 1
121, 109, 1
121, 120, 1
121, 66, 1
121, 72, 1
121, 74, 1
121, 95, 1
98, 126, 1
98, 92, 1
98, 128, 1
98, 88, 1
98, 109, 1
98, 120, 1
98, 66, 1
98, 72, 1
98, 74, 1
98, 95, 1
98, 121, 1
71, 126, 1
71, 92, 1
71, 128, 1
71, 88, 1
71, 109, 1
71, 120, 1
71, 66, 1
71, 72, 1
71, 74, 1
71, 95, 1
71, 121, 1
71, 98, 1
123, 126, 1
123, 92, 1
123, 128, 1
123, 88, 1
123, 109, 1
123, 120, 1
123, 66, 1
123, 72, 1
123, 74, 1
123, 95, 1
123, 121, 1
123, 98, 1
123, 71, 1
59, 126, 1
59, 92, 1
59, 128, 1
59, 88, 1
59, 109, 1
59, 120, 1
59, 66, 1
59, 72, 1
59, 74, 1
59, 95, 1
59, 121, 1
59, 98, 1
59, 71, 1
59, 123, 1
146, 134, 1
146, 139, 1
146, 162, 1
110, 126, 1
110, 92, 1
110, 128, 1
110, 88, 1
110, 109, 1
110, 120, 1
110, 66, 1
110, 72, 1
110, 74, 1
110, 95, 1
110, 121, 1
110, 98, 1
110, 71, 1
110, 123, 1
110, 59, 1
101, 126, 1
101, 92, 1
101, 128, 1
101, 88, 1
101, 109, 1
101, 120, 1
101, 66, 1
101, 72, 1
101, 74, 1
101, 95, 1
101, 121, 1
101, 98, 1
101, 71, 1
101, 123, 1
101, 59, 1
101, 110, 1
77, 126, 1
77, 92, 1
77, 128, 1
77, 88, 1
77, 109, 1
77, 120, 1
77, 66, 1
77, 72, 1
77, 74, 1
77, 95, 1
77, 121, 1
77, 98, 1
77, 71, 1
77, 123, 1
77, 59, 1
77, 110, 1
77, 101, 1
121, 56, -1
121, 21, -1
121, 25, -1
121, 44, -1
121, 24, -1
121, 134, -1
121, 139, -1
121, 162, -1
98, 56, -1
98, 21, -1
98, 25, -1
98, 44, -1
98, 24, -1
98, 134, -1
98, 139, -1
98, 162, -1
71, 56, -1
71, 21, -1
71, 25, -1
71, 44, -1
71, 24, -1
71, 134, -1
71, 139, -1
71, 162, -1
123, 56, -1
123, 21, -1
123, 25, -1
123, 44, -1
123, 24, -1
123, 134, -1
123, 139, -1
123, 162, -1
59, 56, -1
59, 21, -1
59, 25, -1
59, 44, -1
59, 24, -1
59, 134, -1
59, 139, -1
59, 162, -1
146, 126, -1
146, 92, -1
146, 128, -1
146, 88, -1
146, 109, -1
146, 120, -1
146, 66, -1
146, 72, -1
146, 74, -1
146, 95, -1
146, 121, -1
146, 98, -1
146, 71, -1
146, 123, -1
146, 59, -1
146, 56, -1
146, 21, -1
146, 25, -1
146, 44, -1
146, 24, -1
110, 56, -1
110, 21, -1
110, 25, -1
110, 44, -1
110, 24, -1
110, 134, -1
110, 139, -1
110, 162, -1
110, 146, -1
101, 56, -1
101, 21, -1
101, 25, -1
101, 44, -1
101, 24, -1
101, 134, -1
101, 139, -1
101, 162, -1
101, 146, -1
77, 56, -1
77, 21, -1
77, 25, -1
77, 44, -1
77, 24, -1
77, 134, -1
77, 139, -1
77, 162, -1
77, 146, -1

151, 134, 1
151, 139, 1
151, 162, 1
151, 146, 1
81, 126, 1
81, 92, 1
81, 128, 1
81, 88, 1
81, 109, 1
81, 120, 1
81, 66, 1
81, 72, 1
81, 74, 1
81, 95, 1
81, 121, 1
81, 98, 1
81, 71, 1
81, 123, 1
81, 59, 1
81, 110, 1
81, 101, 1
81, 77, 1
79, 126, 1
79, 92, 1
79, 128, 1
79, 88, 1
79, 109, 1
79, 120, 1
79, 66, 1
79, 72, 1
79, 74, 1
79, 95, 1
79, 121, 1
79, 98, 1
79, 71, 1
79, 123, 1
79, 59, 1
79, 110, 1
79, 101, 1
79, 77, 1
79, 81, 1
104, 126, 1
104, 92, 1
104, 128, 1
104, 88, 1
104, 109, 1
104, 120, 1
104, 66, 1
104, 72, 1
104, 74, 1
104, 95, 1
104, 121, 1
104, 98, 1
104, 71, 1
104, 123, 1
104, 59, 1
104, 110, 1
104, 101, 1
104, 77, 1
104, 81, 1
104, 79, 1
89, 126, 1
89, 92, 1
89, 128, 1
89, 88, 1
89, 109, 1
89, 120, 1
89, 66, 1
89, 72, 1
89, 74, 1
89, 95, 1
89, 121, 1
89, 98, 1
89, 71, 1
89, 123, 1
89, 59, 1
89, 110, 1
89, 101, 1
89, 77, 1
89, 81, 1
89, 79, 1
89, 104, 1
151, 126, -1
151, 92, -1
151, 128, -1
151, 88, -1
151, 109, -1
151, 120, -1
151, 66, -1
151, 72, -1
151, 74, -1
151, 95, -1
151, 121, -1
151, 98, -1
151, 71, -1
151, 123, -1
151, 59, -1
151, 110, -1
151, 101, -1
151, 77, -1
151, 56, -1
151, 21, -1
151, 25, -1
151, 44, -1
151, 24, -1
81, 56, -1
81, 21, -1
81, 25, -1
81, 44, -1
81, 24, -1
81, 134, -1
81, 139, -1
81, 162, -1
81, 146, -1
81, 151, -1
79, 56, -1
79, 21, -1
79, 25, -1
79, 44, -1
79, 24, -1
79, 134, -1
79, 139, -1
79, 162, -1
79, 146, -1
79, 151, -1
104, 56, -1
104, 21, -1
104, 25, -1
104, 44, -1
104, 24, -1
104, 134, -1
104, 139, -1
104, 162, -1
104, 146, -1
104, 151, -1
89, 56, -1
89, 21, -1
89, 25, -1
89, 44, -1
89, 24, -1
89, 134, -1
89, 139, -1
89, 162, -1
89, 146, -1
89, 151, -1

65, 126, 1
65, 92, 1
65, 128, 1
65, 88, 1
65, 109, 1
65, 120, 1
65, 66, 1
65, 72, 1
65, 74, 1
65, 95, 1
65, 121, 1
65, 98, 1
65, 71, 1
65, 123, 1
65, 59, 1
65, 110, 1
65, 101, 1
65, 77, 1
65, 81, 1
65, 79, 1
65, 104, 1
65, 89, 1
100, 126, 1
100, 92, 1
100, 128, 1
100, 88, 1
100, 109, 1
100, 120, 1
100, 66, 1
100, 72, 1
100, 74, 1
100, 95, 1
100, 121, 1
100, 98, 1
100, 71, 1
100, 123, 1
100, 59, 1
100, 110, 1
100, 101, 1
100, 77, 1
100, 81, 1
100, 79, 1
100, 104, 1
100, 89, 1
100, 65, 1
118, 126, 1
118, 92, 1
118, 128, 1
118, 88, 1
118, 109, 1
118, 120, 1
118, 66, 1
118, 72, 1
118, 74, 1
118, 95, 1
118, 121, 1
118, 98, 1
118, 71, 1
118, 123, 1
118, 59, 1
118, 110, 1
118, 101, 1
118, 77, 1
118, 81, 1
118, 79, 1
118, 104, 1
118, 89, 1
118, 65, 1
118, 100, 1
160, 134, 1
160, 139, 1
160, 162, 1
160, 146, 1
160, 151, 1
111, 126, 1
111, 92, 1
111, 128, 1
111, 88, 1
111, 109, 1
111, 120, 1
111, 66, 1
111, 72, 1
111, 74, 1
111, 95, 1
111, 121, 1
111, 98, 1
111, 71, 1
111, 123, 1
111, 59, 1
111, 110, 1
111, 101, 1
111, 77, 1
111, 81, 1
111, 79, 1
111, 104, 1
111, 89, 1
111, 65, 1
111, 100, 1
111, 118, 1
67, 126, 1
67, 92, 1
67, 128, 1
67, 88, 1
67, 109, 1
67, 120, 1
67, 66, 1
67, 72, 1
67, 74, 1
67, 95, 1
67, 121, 1
67, 98, 1
67, 71, 1
67, 123, 1
67, 59, 1
67, 110, 1
67, 101, 1
67, 77, 1
67, 81, 1
67, 79, 1
67, 104, 1
67, 89, 1
67, 65, 1
67, 100, 1
67, 118, 1
67, 111, 1
122, 126, 1
122, 92, 1
122, 128, 1
122, 88, 1
122, 109, 1
122, 120, 1
122, 66, 1
122, 72, 1
122, 74, 1
122, 95, 1
122, 121, 1
122, 98, 1
122, 71, 1
122, 123, 1
122, 59, 1
122, 110, 1
122, 101, 1
122, 77, 1
122, 81, 1
122, 79, 1
122, 104, 1
122, 89, 1
122, 65, 1
122, 100, 1
122, 118, 1
122, 111, 1
122, 67, 1
102, 126, 1
102, 92, 1
102, 128, 1
102, 88, 1
102, 109, 1
102, 120, 1
102, 66, 1
102, 72, 1
102, 74, 1
102, 95, 1
102, 121, 1
102, 98, 1
102, 71, 1
102, 123, 1
102, 59, 1
102, 110, 1
102, 101, 1
102, 77, 1
102, 81, 1
102, 79, 1
102, 104, 1
102, 89, 1
102, 65, 1
102, 100, 1
102, 118, 1
102, 111, 1
102, 67, 1
102, 122, 1
65, 56, -1
65, 21, -1
65, 25, -1
65, 44, -1
65, 24, -1
65, 134, -1
65, 139, -1
65, 162, -1
65, 146, -1
65, 151, -1
100, 56, -1
100, 21, -1
100, 25, -1
100, 44, -1
100, 24, -1
100, 134, -1
100, 139, -1
100, 162, -1
100, 146, -1
100, 151, -1
118, 56, -1
118, 21, -1
118, 25, -1
118, 44, -1
118, 24, -1
118, 134, -1
118, 139, -1
118, 162, -1
118, 146, -1
118, 151, -1
160, 126, -1
160, 92, -1
160, 128, -1
160, 88, -1
160, 109, -1
160, 120, -1
160, 66, -1
160, 72, -1
160, 74, -1
160, 95, -1
160, 121, -1
160, 98, -1
160, 71, -1
160, 123, -1
160, 59, -1
160, 110, -1
160, 101, -1
160, 77, -1
160, 81, -1
160, 79, -1
160, 104, -1
160, 89, -1
160, 65, -1
160, 100, -1
160, 118, -1
160, 56, -1
160, 21, -1
160, 25, -1
160, 44, -1
160, 24, -1
111, 56, -1
111, 21, -1
111, 25, -1
111, 44, -1
111, 24, -1
111, 134, -1
111, 139, -1
111, 162, -1
111, 146, -1
111, 151, -1
111, 160, -1
67, 56, -1
67, 21, -1
67, 25, -1
67, 44, -1
67, 24, -1
67, 134, -1
67, 139, -1
67, 162, -1
67, 146, -1
67, 151, -1
67, 160, -1
122, 56, -1
122, 21, -1
122, 25, -1
122, 44, -1
122, 24, -1
122, 134, -1
122, 139, -1
122, 162, -1
122, 146, -1
122, 151, -1
122, 160, -1
102, 56, -1
102, 21, -1
102, 25, -1
102, 44, -1
102, 24, -1
102, 134, -1
102, 139, -1
102, 162, -1
102, 146, -1
102, 151, -1
102, 160, -1

69, 126, 1
69, 92, 1
69, 128, 1
69, 88, 1
69, 109, 1
69, 120, 1
69, 66, 1
69, 72, 1
69, 74, 1
69, 95, 1
69, 121, 1
69, 98, 1
69, 71, 1
69, 123, 1
69, 59, 1
69, 110, 1
69, 101, 1
69, 77, 1
69, 81, 1
69, 79, 1
69, 104, 1
69, 89, 1
69, 65, 1
69, 100, 1
69, 118, 1
69, 111, 1
69, 67, 1
69, 122, 1
69, 102, 1
170, 134, 1
170, 139, 1
170, 162, 1
170, 146, 1
170, 151, 1
170, 160, 1
64, 126, 1
64, 92, 1
64, 128, 1
64, 88, 1
64, 109, 1
64, 120, 1
64, 66, 1
64, 72, 1
64, 74, 1
64, 95, 1
64, 121, 1
64, 98, 1
64, 71, 1
64, 123, 1
64, 59, 1
64, 110, 1
64, 101, 1
64, 77, 1
64, 81, 1
64, 79, 1
64, 104, 1
64, 89, 1
64, 65, 1
64, 100, 1
64, 118, 1
64, 111, 1
64, 67, 1
64, 122, 1
64, 102, 1
64, 69, 1
78, 126, 1
78, 92, 1
78, 128, 1
78, 88, 1
78, 109, 1
78, 120, 1
78, 66, 1
78, 72, 1
78, 74, 1
78, 95, 1
78, 121, 1
78, 98, 1
78, 71, 1
78, 123, 1
78, 59, 1
78, 110, 1
78, 101, 1
78, 77, 1
78, 81, 1
78, 79, 1
78, 104, 1
78, 89, 1
78, 65, 1
78, 100, 1
78, 118, 1
78, 111, 1
78, 67, 1
78, 122, 1
78, 102, 1
78, 69, 1
78, 64, 1
124, 126, 1
124, 92, 1
124, 128, 1
124, 88, 1
124, 109, 1
124, 120, 1
124, 66, 1
124, 72, 1
124, 74, 1
124, 95, 1
124, 121, 1
124, 98, 1
124, 71, 1
124, 123, 1
124, 59, 1
124, 110, 1
124, 101, 1
124, 77, 1
124, 81, 1
124, 79, 1
124, 104, 1
124, 89, 1
124, 65, 1
124, 100, 1
124, 118, 1
124, 111, 1
124, 67, 1
124, 122, 1
124, 102, 1
124, 69, 1
124, 64, 1
124, 78, 1
76, 126, 1
76, 92, 1
76, 128, 1
76, 88, 1
76, 109, 1
76, 120, 1
76, 66, 1
76, 72, 1
76, 74, 1
76, 95, 1
76, 121, 1
76, 98, 1
76, 71, 1
76, 123, 1
76, 59, 1
76, 110, 1
76, 101, 1
76, 77, 1
76, 81, 1
76, 79, 1
76, 104, 1
76, 89, 1
76, 65, 1
76, 100, 1
76, 118, 1
76, 111, 1
76, 67, 1
76, 122, 1
76, 102, 1
76, 69, 1
76, 64, 1
76, 78, 1
76, 124, 1
82, 126, 1
82, 92, 1
82, 128, 1
82, 88, 1
82, 109, 1
82, 120, 1
82, 66, 1
82, 72, 1
82, 74, 1
82, 95, 1
82, 121, 1
82, 98, 1
82, 71, 1
82, 123, 1
82, 59, 1
82, 110, 1
82, 101, 1
82, 77, 1
82, 81, 1
82, 79, 1
82, 104, 1
82, 89, 1
82, 65, 1
82, 100, 1
82, 118, 1
82, 111, 1
82, 67, 1
82, 122, 1
82, 102, 1
82, 69, 1
82, 64, 1
82, 78, 1
82, 124, 1
82, 76, 1
91, 126, 1
91, 92, 1
91, 128, 1
91, 88, 1
91, 109, 1
91, 120, 1
91, 66, 1
91, 72, 1
91, 74, 1
91, 95, 1
91, 121, 1
91, 98, 1
91, 71, 1
91, 123, 1
91, 59, 1
91, 110, 1
91, 101, 1
91, 77, 1
91, 81, 1
91, 79, 1
91, 104, 1
91, 89, 1
91, 65, 1
91, 100, 1
91, 118, 1
91, 111, 1
91, 67, 1
91, 122, 1
91, 102, 1
91, 69, 1
91, 64, 1
91, 78, 1
91, 124, 1
91, 76, 1
91, 82, 1
125, 126, 1
125, 92, 1
125, 128, 1
125, 88, 1
125, 109, 1
125, 120, 1
125, 66, 1
125, 72, 1
125, 74, 1
125, 95, 1
125, 121, 1
125, 98, 1
125, 71, 1
125, 123, 1
125, 59, 1
125, 110, 1
125, 101, 1
125, 77, 1
125, 81, 1
125, 79, 1
125, 104, 1
125, 89, 1
125, 65, 1
125, 100, 1
125, 118, 1
125, 111, 1
125, 67, 1
125, 122, 1
125, 102, 1
125, 69, 1
125, 64, 1
125, 78, 1
125, 124, 1
125, 76, 1
125, 82, 1
125, 91, 1
69, 56, -1
69, 21, -1
69, 25, -1
69, 44, -1
69, 24, -1
69, 134, -1
69, 139, -1
69, 162, -1
69, 146, -1
69, 151, -1
69, 160, -1
170, 126, -1
170, 92, -1
170, 128, -1
170, 88, -1
170, 109, -1
170, 120, -1
170, 66, -1
170, 72, -1
170, 74, -1
170, 95, -1
170, 121, -1
170, 98, -1
170, 71, -1
170, 123, -1
170, 59, -1
170, 110, -1
170, 101, -1
170, 77, -1
170, 81, -1
170, 79, -1
170, 104, -1
170, 89, -1
170, 65, -1
170, 100, -1
170, 118, -1
170, 111, -1
170, 67, -1
170, 122, -1
170, 102, -1
170, 69, -1
170, 56, -1
170, 21, -1
170, 25, -1
170, 44, -1
170, 24, -1
64, 56, -1
64, 21, -1
64, 25, -1
64, 44, -1
64, 24, -1
64, 134, -1
64, 139, -1
64, 162, -1
64, 146, -1
64, 151, -1
64, 160, -1
64, 170, -1
78, 56, -1
78, 21, -1
78, 25, -1
78, 44, -1
78, 24, -1
78, 134, -1
78, 139, -1
78, 162, -1
78, 146, -1
78, 151, -1
78, 160, -1
78, 170, -1
124, 56, -1
124, 21, -1
124, 25, -1
124, 44, -1
124, 24, -1
124, 134, -1
124, 139, -1
124, 162, -1
124, 146, -1
124, 151, -1
124, 160, -1
124, 170, -1
76, 56, -1
76, 21, -1
76, 25, -1
76, 44, -1
76, 24, -1
76, 134, -1
76, 139, -1
76, 162, -1
76, 146, -1
76, 151, -1
76, 160, -1
76, 170, -1
82, 56, -1
82, 21, -1
82, 25, -1
82, 44, -1
82, 24, -1
82, 134, -1
82, 139, -1
82, 162, -1
82, 146, -1
82, 151, -1
82, 160, -1
82, 170, -1
91, 56, -1
91, 21, -1
91, 25, -1
91, 44, -1
91, 24, -1
91, 134, -1
91, 139, -1
91, 162, -1
91, 146, -1
91, 151, -1
91, 160, -1
91, 170, -1
125, 56, -1
125, 21, -1
125, 25, -1
125, 44, -1
125, 24, -1
125, 134, -1
125, 139, -1
125, 162, -1
125, 146, -1
125, 151, -1
125, 160, -1
125, 170, -1

62, 126, 1
62, 92, 1
62, 128, 1
62, 88, 1
62, 109, 1
62, 120, 1
62, 66, 1
62, 72, 1
62, 74, 1
62, 95, 1
62, 121, 1
62, 98, 1
62, 71, 1
62, 123, 1
62, 59, 1
62, 110, 1
62, 101, 1
62, 77, 1
62, 81, 1
62, 79, 1
62, 104, 1
62, 89, 1
62, 65, 1
62, 100, 1
62, 118, 1
62, 111, 1
62, 67, 1
62, 122, 1
62, 102, 1
62, 69, 1
62, 64, 1
62, 78, 1
62, 124, 1
62, 76, 1
62, 82, 1
62, 91, 1
62, 125, 1
75, 126, 1
75, 92, 1
75, 128, 1
75, 88, 1
75, 109, 1
75, 120, 1
75, 66, 1
75, 72, 1
75, 74, 1
75, 95, 1
75, 121, 1
75, 98, 1
75, 71, 1
75, 123, 1
75, 59, 1
75, 110, 1
75, 101, 1
75, 77, 1
75, 81, 1
75, 79, 1
75, 104, 1
75, 89, 1
75, 65, 1
75, 100, 1
75, 118, 1
75, 111, 1
75, 67, 1
75, 122, 1
75, 102, 1
75, 69, 1
75, 64, 1
75, 78, 1
75, 124, 1
75, 76, 1
75, 82, 1
75, 91, 1
75, 125, 1
75, 62, 1
112, 126, 1
112, 92, 1
112, 128, 1
112, 88, 1
112, 109, 1
112, 120, 1
112, 66, 1
112, 72, 1
112, 74, 1
112, 95, 1
112, 121, 1
112, 98, 1
112, 71, 1
112, 123, 1
112, 59, 1
112, 110, 1
112, 101, 1
112, 77, 1
112, 81, 1
112, 79, 1
112, 104, 1
112, 89, 1
112, 65, 1
112, 100, 1
112, 118, 1
112, 111, 1
112, 67, 1
112, 122, 1
112, 102, 1
112, 69, 1
112, 64, 1
112, 78, 1
112, 124, 1
112, 76, 1
112, 82, 1
112, 91, 1
112, 125, 1
112, 62, 1
112, 75, 1
4, 56, 1
4, 21, 1
4, 25, 1
4, 44, 1
4, 24, 1
96, 126, 1
96, 92, 1
96, 128, 1
96, 88, 1
96, 109, 1
96, 120, 1
96, 66, 1
96, 72, 1
96, 74, 1
96, 95, 1
96, 121, 1
96, 98, 1
96, 71, 1
96, 123, 1
96, 59, 1
96, 110, 1
96, 101, 1
96, 77, 1
96, 81, 1
96, 79, 1
96, 104, 1
96, 89, 1
96, 65, 1
96, 100, 1
96, 118, 1
96, 111, 1
96, 67, 1
96, 122, 1
96, 102, 1
96, 69, 1
96, 64, 1
96, 78, 1
96, 124, 1
96, 76, 1
96, 82, 1
96, 91, 1
96, 125, 1
96, 62, 1
96, 75, 1
96, 112, 1
83, 126, 1
83, 92, 1
83, 128, 1
83, 88, 1
83, 109, 1
83, 120, 1
83, 66, 1
83, 72, 1
83, 74, 1
83, 95, 1
83, 121, 1
83, 98, 1
83, 71, 1
83, 123, 1
83, 59, 1
83, 110, 1
83, 101, 1
83, 77, 1
83, 81, 1
83, 79, 1
83, 104, 1
83, 89, 1
83, 65, 1
83, 100, 1
83, 118, 1
83, 111, 1
83, 67, 1
83, 122, 1
83, 102, 1
83, 69, 1
83, 64, 1
83, 78, 1
83, 124, 1
83, 76, 1
83, 82, 1
83, 91, 1
83, 125, 1
83, 62, 1
83, 75, 1
83, 112, 1
83, 96, 1
138, 134, 1
138, 139, 1
138, 162, 1
138, 146, 1
138, 151, 1
138, 160, 1
138, 170, 1
62, 56, -1
62, 21, -1
62, 25, -1
62, 44, -1
62, 24, -1
62, 134, -1
62, 139, -1
62, 162, -1
62, 146, -1
62, 151, -1
62, 160, -1
62, 170, -1
75, 56, -1
75, 21, -1
75, 25, -1
75, 44, -1
75, 24, -1
75, 134, -1
75, 139, -1
75, 162, -1
75, 146, -1
75, 151, -1
75, 160, -1
75, 170, -1
112, 56, -1
112, 21, -1
112, 25, -1
112, 44, -1
112, 24, -1
112, 134, -1
112, 139, -1
112, 162, -1
112, 146, -1
112, 151, -1
112, 160, -1
112, 170, -1
4, 126, -1
4, 92, -1
4, 128, -1
4, 88, -1
4, 109, -1
4, 120, -1
4, 66, -1
4, 72, -1
4, 74, -1
4, 95, -1
4, 121, -1
4, 98, -1
4, 71, -1
4, 123, -1
4, 59, -1
4, 110, -1
4, 101, -1
4, 77, -1
4, 81, -1
4, 79, -1
4, 104, -1
4, 89, -1
4, 65, -1
4, 100, -1
4, 118, -1
4, 111, -1
4, 67, -1
4, 122, -1
4, 102, -1
4, 69, -1
4, 64, -1
4, 78, -1
4, 124, -1
4, 76, -1
4, 82, -1
4, 91, -1
4, 125, -1
4, 62, -1
4, 75, -1
4, 112, -1
4, 134, -1
4, 139, -1
4, 162, -1
4, 146, -1
4, 151, -1
4, 160, -1
4, 170, -1
96, 56, -1
96, 21, -1
96, 25, -1
96, 44, -1
96, 24, -1
96, 4, -1
96, 134, -1
96, 139, -1
96, 162, -1
96, 146, -1
96, 151, -1
96, 160, -1
96, 170, -1
83, 56, -1
83, 21, -1
83, 25, -1
83, 44, -1
83, 24, -1
83, 4, -1
83, 134, -1
83, 139, -1
83, 162, -1
83, 146, -1
83, 151, -1
83, 160, -1
83, 170, -1
138, 126, -1
138, 92, -1
138, 128, -1
138, 88, -1
138, 109, -1
138, 120, -1
138, 66, -1
138, 72, -1
138, 74, -1
138, 95, -1
138, 121, -1
138, 98, -1
138, 71, -1
138, 123, -1
138, 59, -1
138, 110, -1
138, 101, -1
138, 77, -1
138, 81, -1
138, 79, -1
138, 104, -1
138, 89, -1
138, 65, -1
138, 100, -1
138, 118, -1
138, 111, -1
138, 67, -1
138, 122, -1
138, 102, -1
138, 69, -1
138, 64, -1
138, 78, -1
138, 124, -1
138, 76, -1
138, 82, -1
138, 91, -1
138, 125, -1
138, 62, -1
138, 75, -1
138, 112, -1
138, 96, -1
138, 83, -1
138, 56, -1
138, 21, -1
138, 25, -1
138, 44, -1
138, 24, -1
138, 4, -1

61, 126, 1
61, 92, 1
61, 128, 1
61, 88, 1
61, 109, 1
61, 120, 1
61, 66, 1
61, 72, 1
61, 74, 1
61, 95, 1
61, 121, 1
61, 98, 1
61, 71, 1
61, 123, 1
61, 59, 1
61, 110, 1
61, 101, 1
61, 77, 1
61, 81, 1
61, 79, 1
61, 104, 1
61, 89, 1
61, 65, 1
61, 100, 1
61, 118, 1
61, 111, 1
61, 67, 1
61, 122, 1
61, 102, 1
61, 69, 1
61, 64, 1
61, 78, 1
61, 124, 1
61, 76, 1
61, 82, 1
61, 91, 1
61, 125, 1
61, 62, 1
61, 75, 1
61, 112, 1
61, 96, 1
61, 83, 1
150, 134, 1
150, 139, 1
150, 162, 1
150, 146, 1
150, 151, 1
150, 160, 1
150, 170, 1
150, 138, 1
143, 134, 1
143, 139, 1
143, 162, 1
143, 146, 1
143, 151, 1
143, 160, 1
143, 170, 1
143, 138, 1
143, 150, 1
105, 126, 1
105, 92, 1
105, 128, 1
105, 88, 1
105, 109, 1
105, 120, 1
105, 66, 1
105, 72, 1
105, 74, 1
105, 95, 1
105, 121, 1
105, 98, 1
105, 71, 1
105, 123, 1
105, 59, 1
105, 110, 1
105, 101, 1
105, 77, 1
105, 81, 1
105, 79, 1
105, 104, 1
105, 89, 1
105, 65, 1
105, 100, 1
105, 118, 1
105, 111, 1
105, 67, 1
105, 122, 1
105, 102, 1
105, 69, 1
105, 64, 1
105, 78, 1
105, 124, 1
105, 76, 1
105, 82, 1
105, 91, 1
105, 125, 1
105, 62, 1
105, 75, 1
105, 112, 1
105, 96, 1
105, 83, 1
105, 61, 1
108, 126, 1
108, 92, 1
108, 128, 1
108, 88, 1
108, 109, 1
108, 120, 1
108, 66, 1
108, 72, 1
108, 74, 1
108, 95, 1
108, 121, 1
108, 98, 1
108, 71, 1
108, 123, 1
108, 59, 1
108, 110, 1
108, 101, 1
108, 77, 1
108, 81, 1
108, 79, 1
108, 104, 1
108, 89, 1
108, 65, 1
108, 100, 1
108, 118, 1
108, 111, 1
108, 67, 1
108, 122, 1
108, 102, 1
108, 69, 1
108, 64, 1
108, 78, 1
108, 124, 1
108, 76, 1
108, 82, 1
108, 91, 1
108, 125, 1
108, 62, 1
108, 75, 1
108, 112, 1
108, 96, 1
108, 83, 1
108, 61, 1
108, 105, 1
85, 126, 1
85, 92, 1
85, 128, 1
85, 88, 1
85, 109, 1
85, 120, 1
85, 66, 1
85, 72, 1
85, 74, 1
85, 95, 1
85, 121, 1
85, 98, 1
85, 71, 1
85, 123, 1
85, 59, 1
85, 110, 1
85, 101, 1
85, 77, 1
85, 81, 1
85, 79, 1
85, 104, 1
85, 89, 1
85, 65, 1
85, 100, 1
85, 118, 1
85, 111, 1
85, 67, 1
85, 122, 1
85, 102, 1
85, 69, 1
85, 64, 1
85, 78, 1
85, 124, 1
85, 76, 1
85, 82, 1
85, 91, 1
85, 125, 1
85, 62, 1
85, 75, 1
85, 112, 1
85, 96, 1
85, 83, 1
85, 61, 1
85, 105, 1
85, 108, 1
68, 126, 1
68, 92, 1
68, 128, 1
68, 88, 1
68, 109, 1
68, 120, 1
68, 66, 1
68, 72, 1
68, 74, 1
68, 95, 1
68, 121, 1
68, 98, 1
68, 71, 1
68, 123, 1
68, 59, 1
68, 110, 1
68, 101, 1
68, 77, 1
68, 81, 1
68, 79, 1
68, 104, 1
68, 89, 1
68, 65, 1
68, 100, 1
68, 118, 1
68, 111, 1
68, 67, 1
68, 122, 1
68, 102, 1
68, 69, 1
68, 64, 1
68, 78, 1
68, 124, 1
68, 76, 1
68, 82, 1
68, 91, 1
68, 125, 1
68, 62, 1
68, 75, 1
68, 112, 1
68, 96, 1
68, 83, 1
68, 61, 1
68, 105, 1
68, 108, 1
68, 85, 1
61, 56, -1
61, 21, -1
61, 25, -1
61, 44, -1
61, 24, -1
61, 4, -1
61, 134, -1
61, 139, -1
61, 162, -1
61, 146, -1
61, 151, -1
61, 160, -1
61, 170, -1
61, 138, -1
150, 126, -1
150, 92, -1
150, 128, -1
150, 88, -1
150, 109, -1
150, 120, -1
150, 66, -1
150, 72, -1
150, 74, -1
150, 95, -1
150, 121, -1
150, 98, -1
150, 71, -1
150, 123, -1
150, 59, -1
150, 110, -1
150, 101, -1
150, 77, -1
150, 81, -1
150, 79, -1
150, 104, -1
150, 89, -1
150, 65, -1
150, 100, -1
150, 118, -1
150, 111, -1
150, 67, -1
150, 122, -1
150, 102, -1
150, 69, -1
150, 64, -1
150, 78, -1
150, 124, -1
150, 76, -1
150, 82, -1
150, 91, -1
150, 125, -1
150, 62, -1
150, 75, -1
150, 112, -1
150, 96, -1
150, 83, -1
150, 61, -1
150, 56, -1
150, 21, -1
150, 25, -1
150, 44, -1
150, 24, -1
150, 4, -1
143, 126, -1
143, 92, -1
143, 128, -1
143, 88, -1
143, 109, -1
143, 120, -1
143, 66, -1
143, 72, -1
143, 74, -1
143, 95, -1
143, 121, -1
143, 98, -1
143, 71, -1
143, 123, -1
143, 59, -1
143, 110, -1
143, 101, -1
143, 77, -1
143, 81, -1
143, 79, -1
143, 104, -1
143, 89, -1
143, 65, -1
143, 100, -1
143, 118, -1
143, 111, -1
143, 67, -1
143, 122, -1
143, 102, -1
143, 69, -1
143, 64, -1
143, 78, -1
143, 124, -1
143, 76, -1
143, 82, -1
143, 91, -1
143, 125, -1
143, 62, -1
143, 75, -1
143, 112, -1
143, 96, -1
143, 83, -1
143, 61, -1
143, 56, -1
143, 21, -1
143, 25, -1
143, 44, -1
143, 24, -1
143, 4, -1
105, 56, -1
105, 21, -1
105, 25, -1
105, 44, -1
105, 24, -1
105, 4, -1
105, 134, -1
105, 139, -1
105, 162, -1
105, 146, -1
105, 151, -1
105, 160, -1
105, 170, -1
105, 138, -1
105, 150, -1
105, 143, -1
108, 56, -1
108, 21, -1
108, 25, -1
108, 44, -1
108, 24, -1
108, 4, -1
108, 134, -1
108, 139, -1
108, 162, -1
108, 146, -1
108, 151, -1
108, 160, -1
108, 170, -1
108, 138, -1
108, 150, -1
108, 143, -1
85, 56, -1
85, 21, -1
85, 25, -1
85, 44, -1
85, 24, -1
85, 4, -1
85, 134, -1
85, 139, -1
85, 162, -1
85, 146, -1
85, 151, -1
85, 160, -1
85, 170, -1
85, 138, -1
85, 150, -1
85, 143, -1
68, 56, -1
68, 21, -1
68, 25, -1
68, 44, -1
68, 24, -1
68, 4, -1
68, 134, -1
68, 139, -1
68, 162, -1
68, 146, -1
68, 151, -1
68, 160, -1
68, 170, -1
68, 138, -1
68, 150, -1
68, 143, -1

43, 56, 1
43, 21, 1
43, 25, 1
43, 44, 1
43, 24, 1
43, 4, 1
129, 126, 1
129, 92, 1
129, 128, 1
129, 88, 1
129, 109, 1
129, 120, 1
129, 66, 1
129, 72, 1
129, 74, 1
129, 95, 1
129, 121, 1
129, 98, 1
129, 71, 1
129, 123, 1
129, 59, 1
129, 110, 1
129, 101, 1
129, 77, 1
129, 81, 1
129, 79, 1
129, 104, 1
129, 89, 1
129, 65, 1
129, 100, 1
129, 118, 1
129, 111, 1
129, 67, 1
129, 122, 1
129, 102, 1
129, 69, 1
129, 64, 1
129, 78, 1
129, 124, 1
129, 76, 1
129, 82, 1
129, 91, 1
129, 125, 1
129, 62, 1
129, 75, 1
129, 112, 1
129, 96, 1
129, 83, 1
129, 61, 1
129, 105, 1
129, 108, 1
129, 85, 1
129, 68, 1
131, 134, 1
131, 139, 1
131, 162, 1
131, 146, 1
131, 151, 1
131, 160, 1
131, 170, 1
131, 138, 1
131, 150, 1
131, 143, 1
70, 126, 1
70, 92, 1
70, 128, 1
70, 88, 1
70, 109, 1
70, 120, 1
70, 66, 1
70, 72, 1
70, 74, 1
70, 95, 1
70, 121, 1
70, 98, 1
70, 71, 1
70, 123, 1
70, 59, 1
70, 110, 1
70, 101, 1
70, 77, 1
70, 81, 1
70, 79, 1
70, 104, 1
70, 89, 1
70, 65, 1
70, 100, 1
70, 118, 1
70, 111, 1
70, 67, 1
70, 122, 1
70, 102, 1
70, 69, 1
70, 64, 1
70, 78, 1
70, 124, 1
70, 76, 1
70, 82, 1
70, 91, 1
70, 125, 1
70, 62, 1
70, 75, 1
70, 112, 1
70, 96, 1
70, 83, 1
70, 61, 1
70, 105, 1
70, 108, 1
70, 85, 1
70, 68, 1
70, 129, 1
99, 126, 1
99, 92, 1
99, 128, 1
99, 88, 1
99, 109, 1
99, 120, 1
99, 66, 1
99, 72, 1
99, 74, 1
99, 95, 1
99, 121, 1
99, 98, 1
99, 71, 1
99, 123, 1
99, 59, 1
99, 110, 1
99, 101, 1
99, 77, 1
99, 81, 1
99, 79, 1
99, 104, 1
99, 89, 1
99, 65, 1
99, 100, 1
99, 118, 1
99, 111, 1
99, 67, 1
99, 122, 1
99, 102, 1
99, 69, 1
99, 64, 1
99, 78, 1
99, 124, 1
99, 76, 1
99, 82, 1
99, 91, 1
99, 125, 1
99, 62, 1
99, 75, 1
99, 112, 1
99, 96, 1
99, 83, 1
99, 61, 1
99, 105, 1
99, 108, 1
99, 85, 1
99, 68, 1
99, 129, 1
99, 70, 1
137, 134, 1
137, 139, 1
137, 162, 1
137, 146, 1
137, 151, 1
137, 160, 1
137, 170, 1
137, 138, 1
137, 150, 1
137, 143, 1
137, 131, 1
127, 126, 1
127, 92, 1
127, 128, 1
127, 88, 1
127, 109, 1
127, 120, 1
127, 66, 1
127, 72, 1
127, 74, 1
127, 95, 1
127, 121, 1
127, 98, 1
127, 71, 1
127, 123, 1
127, 59, 1
127, 110, 1
127, 101, 1
127, 77, 1
127, 81, 1
127, 79, 1
127, 104, 1
127, 89, 1
127, 65, 1
127, 100, 1
127, 118, 1
127, 111, 1
127, 67, 1
127, 122, 1
127, 102, 1
127, 69, 1
127, 64, 1
127, 78, 1
127, 124, 1
127, 76, 1
127, 82, 1
127, 91, 1
127, 125, 1
127, 62, 1
127, 75, 1
127, 112, 1
127, 96, 1
127, 83, 1
127, 61, 1
127, 105, 1
127, 108, 1
127, 85, 1
127, 68, 1
127, 129, 1
127, 70, 1
127, 99, 1
93, 126, 1
93, 92, 1
93, 128, 1
93, 88, 1
93, 109, 1
93, 120, 1
93, 66, 1
93, 72, 1
93, 74, 1
93, 95, 1
93, 121, 1
93, 98, 1
93, 71, 1
93, 123, 1
93, 59, 1
93, 110, 1
93, 101, 1
93, 77, 1
93, 81, 1
93, 79, 1
93, 104, 1
93, 89, 1
93, 65, 1
93, 100, 1
93, 118, 1
93, 111, 1
93, 67, 1
93, 122, 1
93, 102, 1
93, 69, 1
93, 64, 1
93, 78, 1
93, 124, 1
93, 76, 1
93, 82, 1
93, 91, 1
93, 125, 1
93, 62, 1
93, 75, 1
93, 112, 1
93, 96, 1
93, 83, 1
93, 61, 1
93, 105, 1
93, 108, 1
93, 85, 1
93, 68, 1
93, 129, 1
93, 70, 1
93, 99, 1
93, 127, 1
119, 126, 1
119, 92, 1
119, 128, 1
119, 88, 1
119, 109, 1
119, 120, 1
119, 66, 1
119, 72, 1
119, 74, 1
119, 95, 1
119, 121, 1
119, 98, 1
119, 71, 1
119, 123, 1
119, 59, 1
119, 110, 1
119, 101, 1
119, 77, 1
119, 81, 1
119, 79, 1
119, 104, 1
119, 89, 1
119, 65, 1
119, 100, 1
119, 118, 1
119, 111, 1
119, 67, 1
119, 122, 1
119, 102, 1
119, 69, 1
119, 64, 1
119, 78, 1
119, 124, 1
119, 76, 1
119, 82, 1
119, 91, 1
119, 125, 1
119, 62, 1
119, 75, 1
119, 112, 1
119, 96, 1
119, 83, 1
119, 61, 1
119, 105, 1
119, 108, 1
119, 85, 1
119, 68, 1
119, 129, 1
119, 70, 1
119, 99, 1
119, 127, 1
119, 93, 1
43, 126, -1
43, 92, -1
43, 128, -1
43, 88, -1
43, 109, -1
43, 120, -1
43, 66, -1
43, 72, -1
43, 74, -1
43, 95, -1
43, 121, -1
43, 98, -1
43, 71, -1
43, 123, -1
43, 59, -1
43, 110, -1
43, 101, -1
43, 77, -1
43, 81, -1
43, 79, -1
43, 104, -1
43, 89, -1
43, 65, -1
43, 100, -1
43, 118, -1
43, 111, -1
43, 67, -1
43, 122, -1
43, 102, -1
43, 69, -1
43, 64, -1
43, 78, -1
43, 124, -1
43, 76, -1
43, 82, -1
43, 91, -1
43, 125, -1
43, 62, -1
43, 75, -1
43, 112, -1
43, 96, -1
43, 83, -1
43, 61, -1
43, 105, -1
43, 108, -1
43, 85, -1
43, 68, -1
43, 134, -1
43, 139, -1
43, 162, -1
43, 146, -1
43, 151, -1
43, 160, -1
43, 170, -1
43, 138, -1
43, 150, -1
43, 143, -1
129, 56, -1
129, 21, -1
129, 25, -1
129, 44, -1
129, 24, -1
129, 4, -1
129, 43, -1
129, 134, -1
129, 139, -1
129, 162, -1
129, 146, -1
129, 151, -1
129, 160, -1
129, 170, -1
129, 138, -1
129, 150, -1
129, 143, -1
131, 126, -1
131, 92, -1
131, 128, -1
131, 88, -1
131, 109, -1
131, 120, -1
131, 66, -1
131, 72, -1
131, 74, -1
131, 95, -1
131, 121, -1
131, 98, -1
131, 71, -1
131, 123, -1
131, 59, -1
131, 110, -1
131, 101, -1
131, 77, -1
131, 81, -1
131, 79, -1
131, 104, -1
131, 89, -1
131, 65, -1
131, 100, -1
131, 118, -1
131, 111, -1
131, 67, -1
131, 122, -1
131, 102, -1
131, 69, -1
131, 64, -1
131, 78, -1
131, 124, -1
131, 76, -1
131, 82, -1
131, 91, -1
131, 125, -1
131, 62, -1
131, 75, -1
131, 112, -1
131, 96, -1
131, 83, -1
131, 61, -1
131, 105, -1
131, 108, -1
131, 85, -1
131, 68, -1
131, 129, -1
131, 56, -1
131, 21, -1
131, 25, -1
131, 44, -1
131, 24, -1
131, 4, -1
131, 43, -1
70, 56, -1
70, 21, -1
70, 25, -1
70, 44, -1
70, 24, -1
70, 4, -1
70, 43, -1
70, 134, -1
70, 139, -1
70, 162, -1
70, 146, -1
70, 151, -1
70, 160, -1
70, 170, -1
70, 138, -1
70, 150, -1
70, 143, -1
70, 131, -1
99, 56, -1
99, 21, -1
99, 25, -1
99, 44, -1
99, 24, -1
99, 4, -1
99, 43, -1
99, 134, -1
99, 139, -1
99, 162, -1
99, 146, -1
99, 151, -1
99, 160, -1
99, 170, -1
99, 138, -1
99, 150, -1
99, 143, -1
99, 131, -1
137, 126, -1
137, 92, -1
137, 128, -1
137, 88, -1
137, 109, -1
137, 120, -1
137, 66, -1
137, 72, -1
137, 74, -1
137, 95, -1
137, 121, -1
137, 98, -1
137, 71, -1
137, 123, -1
137, 59, -1
137, 110, -1
137, 101, -1
137, 77, -1
137, 81, -1
137, 79, -1
137, 104, -1
137, 89, -1
137, 65, -1
137, 100, -1
137, 118, -1
137, 111, -1
137, 67, -1
137, 122, -1
137, 102, -1
137, 69, -1
137, 64, -1
137, 78, -1
137, 124, -1
137, 76, -1
137, 82, -1
137, 91, -1
137, 125, -1
137, 62, -1
137, 75, -1
137, 112, -1
137, 96, -1
137, 83, -1
137, 61, -1
137, 105, -1
137, 108, -1
137, 85, -1
137, 68, -1
137, 129, -1
137, 70, -1
137, 99, -1
137, 56, -1
137, 21, -1
137, 25, -1
137, 44, -1
137, 24, -1
137, 4, -1
137, 43, -1
127, 56, -1
127, 21, -1
127, 25, -1
127, 44, -1
127, 24, -1
127, 4, -1
127, 43, -1
127, 134, -1
127, 139, -1
127, 162, -1
127, 146, -1
127, 151, -1
127, 160, -1
127, 170, -1
127, 138, -1
127, 150, -1
127, 143, -1
127, 131, -1
127, 137, -1
93, 56, -1
93, 21, -1
93, 25, -1
93, 44, -1
93, 24, -1
93, 4, -1
93, 43, -1
93, 134, -1
93, 139, -1
93, 162, -1
93, 146, -1
93, 151, -1
93, 160, -1
93, 170, -1
93, 138, -1
93, 150, -1
93, 143, -1
93, 131, -1
93, 137, -1
119, 56, -1
119, 21, -1
119, 25, -1
119, 44, -1
119, 24, -1
119, 4, -1
119, 43, -1
119, 134, -1
119, 139, -1
119, 162, -1
119, 146, -1
119, 151, -1
119, 160, -1
119, 170, -1
119, 138, -1
119, 150, -1
119, 143, -1
119, 131, -1
119, 137, -1

