92, 126, 1
128, 126, 1
128, 92, 1
4, 56, 1
104, 126, 1
104, 92, 1
104, 128, 1
112, 126, 1
112, 92, 1
112, 128, 1
112, 104, 1
62, 126, 1
62, 92, 1
62, 128, 1
62, 104, 1
62, 112, 1
56, 126, -1
56, 92, -1
56, 128, -1
4, 126, -1
4, 92, -1
4, 128, -1
104, 56, -1
104, 4, -1
112, 56, -1
112, 4, -1
62, 56, -1
62, 4, -1
164, 126, -1
164, 92, -1
164, 128, -1
164, 104, -1
164, 112, -1
164, 62, -1
164, 56, -1
164, 4, -1

142, 164, 1
65, 126, 1
65, 92, 1
65, 128, 1
65, 104, 1
65, 112, 1
65, 62, 1
109, 126, 1
109, 92, 1
109, 128, 1
109, 104, 1
109, 112, 1
109, 62, 1
109, 65, 1
142, 126, -1
142, 92, -1
142, 128, -1
142, 104, -1
142, 112, -1
142, 62, -1
142, 56, -1
142, 4, -1
65, 56, -1
65, 4, -1
65, 164, -1
65, 142, -1
109, 56, -1
109, 4, -1
109, 164, -1
109, 142, -1

74, 126, 1
74, 92, 1
74, 128, 1
74, 104, 1
74, 112, 1
74, 62, 1
74, 65, 1
74, 109, 1
139, 164, 1
139, 142, 1
98, 126, 1
98, 92, 1
98, 128, 1
98, 104, 1
98, 112, 1
98, 62, 1
98, 65, 1
98, 109, 1
98, 74, 1
74, 56, -1
74, 4, -1
74, 164, -1
74, 142, -1
139, 126, -1
139, 92, -1
139, 128, -1
139, 104, -1
139, 112, -1
139, 62, -1
139, 65, -1
139, 109, -1
139, 74, -1
139, 56, -1
139, 4, -1
98, 56, -1
98, 4, -1
98, 164, -1
98, 142, -1
98, 139, -1

95, 126, 1
95, 92, 1
95, 128, 1
95, 104, 1
95, 112, 1
95, 62, 1
95, 65, 1
95, 109, 1
95, 74, 1
95, 98, 1
120, 126, 1
120, 92, 1
120, 128, 1
120, 104, 1
120, 112, 1
120, 62, 1
120, 65, 1
120, 109, 1
120, 74, 1
120, 98, 1
120, 95, 1
150, 164, 1
150, 142, 1
150, 139, 1
95, 56, -1
95, 4, -1
95, 164, -1
95, 142, -1
95, 139, -1
120, 56, -1
120, 4, -1
120, 164, -1
120, 142, -1
120, 139, -1
150, 126, -1
150, 92, -1
150, 128, -1
150, 104, -1
150, 112, -1
150, 62, -1
150, 65, -1
150, 109, -1
150, 74, -1
150, 98, -1
150, 95, -1
150, 120, -1
150, 56, -1
150, 4, -1

156, 164, 1
156, 142, 1
156, 139, 1
156, 150, 1
81, 126, 1
81, 92, 1
81, 128, 1
81, 104, 1
81, 112, 1
81, 62, 1
81, 65, 1
81, 109, 1
81, 74, 1
81, 98, 1
81, 95, 1
81, 120, 1
68, 126, 1
68, 92, 1
68, 128, 1
68, 104, 1
68, 112, 1
68, 62, 1
68, 65, 1
68, 109, 1
68, 74, 1
68, 98, 1
68, 95, 1
68, 120, 1
68, 81, 1
141, 164, 1
141, 142, 1
141, 139, 1
141, 150, 1
141, 156, 1
156, 126, -1
156, 92, -1
156, 128, -1
156, 104, -1
156, 112, -1
156, 62, -1
156, 65, -1
156, 109, -1
156, 74, -1
156, 98, -1
156, 95, -1
156, 120, -1
156, 56, -1
156, 4, -1
81, 56, -1
81, 4, -1
81, 164, -1
81, 142, -1
81, 139, -1
81, 150, -1
81, 156, -1
68, 56, -1
68, 4, -1
68, 164, -1
68, 142, -1
68, 139, -1
68, 150, -1
68, 156, -1
141, 126, -1
141, 92, -1
141, 128, -1
141, 104, -1
141, 112, -1
141, 62, -1
141, 65, -1
141, 109, -1
141, 74, -1
141, 98, -1
141, 95, -1
141, 120, -1
141, 81, -1
141, 68, -1
141, 56, -1
141, 4, -1

177, 164, 1
177, 142, 1
177, 139, 1
177, 150, 1
177, 156, 1
177, 141, 1
24, 56, 1
24, 4, 1
21, 56, 1
21, 4, 1
21, 24, 1
177, 126, -1
177, 92, -1
177, 128, -1
177, 104, -1
177, 112, -1
177, 62, -1
177, 65, -1
177, 109, -1
177, 74, -1
177, 98, -1
177, 95, -1
177, 120, -1
177, 81, -1
177, 68, -1
177, 56, -1
177, 4, -1
24, 126, -1
24, 92, -1
24, 128, -1
24, 104, -1
24, 112, -1
24, 62, -1
24, 65, -1
24, 109, -1
24, 74, -1
24, 98, -1
24, 95, -1
24, 120, -1
24, 81, -1
24, 68, -1
24, 164, -1
24, 142, -1
24, 139, -1
24, 150, -1
24, 156, -1
24, 141, -1
24, 177, -1
21, 126, -1
21, 92, -1
21, 128, -1
21, 104, -1
21, 112, -1
21, 62, -1
21, 65, -1
21, 109, -1
21, 74, -1
21, 98, -1
21, 95, -1
21, 120, -1
21, 81, -1
21, 68, -1
21, 164, -1
21, 142, -1
21, 139, -1
21, 150, -1
21, 156, -1
21, 141, -1
21, 177, -1

35, 56, 1
35, 4, 1
35, 24, 1
35, 21, 1
165, 164, 1
165, 142, 1
165, 139, 1
165, 150, 1
165, 156, 1
165, 141, 1
165, 177, 1
89, 126, 1
89, 92, 1
89, 128, 1
89, 104, 1
89, 112, 1
89, 62, 1
89, 65, 1
89, 109, 1
89, 74, 1
89, 98, 1
89, 95, 1
89, 120, 1
89, 81, 1
89, 68, 1
161, 164, 1
161, 142, 1
161, 139, 1
161, 150, 1
161, 156, 1
161, 141, 1
161, 177, 1
161, 165, 1
35, 126, -1
35, 92, -1
35, 128, -1
35, 104, -1
35, 112, -1
35, 62, -1
35, 65, -1
35, 109, -1
35, 74, -1
35, 98, -1
35, 95, -1
35, 120, -1
35, 81, -1
35, 68, -1
35, 164, -1
35, 142, -1
35, 139, -1
35, 150, -1
35, 156, -1
35, 141, -1
35, 177, -1
165, 126, -1
165, 92, -1
165, 128, -1
165, 104, -1
165, 112, -1
165, 62, -1
165, 65, -1
165, 109, -1
165, 74, -1
165, 98, -1
165, 95, -1
165, 120, -1
165, 81, -1
165, 68, -1
165, 56, -1
165, 4, -1
165, 24, -1
165, 21, -1
165, 35, -1
89, 56, -1
89, 4, -1
89, 24, -1
89, 21, -1
89, 35, -1
89, 164, -1
89, 142, -1
89, 139, -1
89, 150, -1
89, 156, -1
89, 141, -1
89, 177, -1
89, 165, -1
161, 126, -1
161, 92, -1
161, 128, -1
161, 104, -1
161, 112, -1
161, 62, -1
161, 65, -1
161, 109, -1
161, 74, -1
161, 98, -1
161, 95, -1
161, 120, -1
161, 81, -1
161, 68, -1
161, 89, -1
161, 56, -1
161, 4, -1
161, 24, -1
161, 21, -1
161, 35, -1

146, 164, 1
146, 142, 1
146, 139, 1
146, 150, 1
146, 156, 1
146, 141, 1
146, 177, 1
146, 165, 1
146, 161, 1
36, 56, 1
36, 4, 1
36, 24, 1
36, 21, 1
36, 35, 1
43, 56, 1
43, 4, 1
43, 24, 1
43, 21, 1
43, 35, 1
43, 36, 1
82, 126, 1
82, 92, 1
82, 128, 1
82, 104, 1
82, 112, 1
82, 62, 1
82, 65, 1
82, 109, 1
82, 74, 1
82, 98, 1
82, 95, 1
82, 120, 1
82, 81, 1
82, 68, 1
82, 89, 1
146, 126, -1
146, 92, -1
146, 128, -1
146, 104, -1
146, 112, -1
146, 62, -1
146, 65, -1
146, 109, -1
146, 74, -1
146, 98, -1
146, 95, -1
146, 120, -1
146, 81, -1
146, 68, -1
146, 89, -1
146, 56, -1
146, 4, -1
146, 24, -1
146, 21, -1
146, 35, -1
36, 126, -1
36, 92, -1
36, 128, -1
36, 104, -1
36, 112, -1
36, 62, -1
36, 65, -1
36, 109, -1
36, 74, -1
36, 98, -1
36, 95, -1
36, 120, -1
36, 81, -1
36, 68, -1
36, 89, -1
36, 164, -1
36, 142, -1
36, 139, -1
36, 150, -1
36, 156, -1
36, 141, -1
36, 177, -1
36, 165, -1
36, 161, -1
36, 146, -1
43, 126, -1
43, 92, -1
43, 128, -1
43, 104, -1
43, 112, -1
43, 62, -1
43, 65, -1
43, 109, -1
43, 74, -1
43, 98, -1
43, 95, -1
43, 120, -1
43, 81, -1
43, 68, -1
43, 89, -1
43, 164, -1
43, 142, -1
43, 139, -1
43, 150, -1
43, 156, -1
43, 141, -1
43, 177, -1
43, 165, -1
43, 161, -1
43, 146, -1
82, 56, -1
82, 4, -1
82, 24, -1
82, 21, -1
82, 35, -1
82, 36, -1
82, 43, -1
82, 164, -1
82, 142, -1
82, 139, -1
82, 150, -1
82, 156, -1
82, 141, -1
82, 177, -1
82, 165, -1
82, 161, -1
82, 146, -1

25, 56, 1
25, 4, 1
25, 24, 1
25, 21, 1
25, 35, 1
25, 36, 1
25, 43, 1
149, 164, 1
149, 142, 1
149, 139, 1
149, 150, 1
149, 156, 1
149, 141, 1
149, 177, 1
149, 165, 1
149, 161, 1
149, 146, 1
88, 126, 1
88, 92, 1
88, 128, 1
88, 104, 1
88, 112, 1
88, 62, 1
88, 65, 1
88, 109, 1
88, 74, 1
88, 98, 1
88, 95, 1
88, 120, 1
88, 81, 1
88, 68, 1
88, 89, 1
88, 82, 1
25, 126, -1
25, 92, -1
25, 128, -1
25, 104, -1
25, 112, -1
25, 62, -1
25, 65, -1
25, 109, -1
25, 74, -1
25, 98, -1
25, 95, -1
25, 120, -1
25, 81, -1
25, 68, -1
25, 89, -1
25, 82, -1
25, 164, -1
25, 142, -1
25, 139, -1
25, 150, -1
25, 156, -1
25, 141, -1
25, 177, -1
25, 165, -1
25, 161, -1
25, 146, -1
149, 126, -1
149, 92, -1
149, 128, -1
149, 104, -1
149, 112, -1
149, 62, -1
149, 65, -1
149, 109, -1
149, 74, -1
149, 98, -1
149, 95, -1
149, 120, -1
149, 81, -1
149, 68, -1
149, 89, -1
149, 82, -1
149, 56, -1
149, 4, -1
149, 24, -1
149, 21, -1
149, 35, -1
149, 36, -1
149, 43, -1
149, 25, -1
88, 56, -1
88, 4, -1
88, 24, -1
88, 21, -1
88, 35, -1
88, 36, -1
88, 43, -1
88, 25, -1
88, 164, -1
88, 142, -1
88, 139, -1
88, 150, -1
88, 156, -1
88, 141, -1
88, 177, -1
88, 165, -1
88, 161, -1
88, 146, -1
88, 149, -1

44, 56, 1
44, 4, 1
44, 24, 1
44, 21, 1
44, 35, 1
44, 36, 1
44, 43, 1
44, 25, 1
143, 164, 1
143, 142, 1
143, 139, 1
143, 150, 1
143, 156, 1
143, 141, 1
143, 177, 1
143, 165, 1
143, 161, 1
143, 146, 1
143, 149, 1
69, 126, 1
69, 92, 1
69, 128, 1
69, 104, 1
69, 112, 1
69, 62, 1
69, 65, 1
69, 109, 1
69, 74, 1
69, 98, 1
69, 95, 1
69, 120, 1
69, 81, 1
69, 68, 1
69, 89, 1
69, 82, 1
69, 88, 1
158, 164, 1
158, 142, 1
158, 139, 1
158, 150, 1
158, 156, 1
158, 141, 1
158, 177, 1
158, 165, 1
158, 161, 1
158, 146, 1
158, 149, 1
158, 143, 1
44, 126, -1
44, 92, -1
44, 128, -1
44, 104, -1
44, 112, -1
44, 62, -1
44, 65, -1
44, 109, -1
44, 74, -1
44, 98, -1
44, 95, -1
44, 120, -1
44, 81, -1
44, 68, -1
44, 89, -1
44, 82, -1
44, 88, -1
44, 164, -1
44, 142, -1
44, 139, -1
44, 150, -1
44, 156, -1
44, 141, -1
44, 177, -1
44, 165, -1
44, 161, -1
44, 146, -1
44, 149, -1
143, 126, -1
143, 92, -1
143, 128, -1
143, 104, -1
143, 112, -1
143, 62, -1
143, 65, -1
143, 109, -1
143, 74, -1
143, 98, -1
143, 95, -1
143, 120, -1
143, 81, -1
143, 68, -1
143, 89, -1
143, 82, -1
143, 88, -1
143, 56, -1
143, 4, -1
143, 24, -1
143, 21, -1
143, 35, -1
143, 36, -1
143, 43, -1
143, 25, -1
143, 44, -1
69, 56, -1
69, 4, -1
69, 24, -1
69, 21, -1
69, 35, -1
69, 36, -1
69, 43, -1
69, 25, -1
69, 44, -1
69, 164, -1
69, 142, -1
69, 139, -1
69, 150, -1
69, 156, -1
69, 141, -1
69, 177, -1
69, 165, -1
69, 161, -1
69, 146, -1
69, 149, -1
69, 143, -1
158, 126, -1
158, 92, -1
158, 128, -1
158, 104, -1
158, 112, -1
158, 62, -1
158, 65, -1
158, 109, -1
158, 74, -1
158, 98, -1
158, 95, -1
158, 120, -1
158, 81, -1
158, 68, -1
158, 89, -1
158, 82, -1
158, 88, -1
158, 69, -1
158, 56, -1
158, 4, -1
158, 24, -1
158, 21, -1
158, 35, -1
158, 36, -1
158, 43, -1
158, 25, -1
158, 44, -1

