92, 126, 1
128, 126, 1
128, 92, 1
185, 126, -1
185, 92, -1
185, 128, -1
45, 126, -1
45, 92, -1
45, 128, -1
45, 185, -1
161, 126, -1
161, 92, -1
161, 128, -1
161, 185, -1
161, 45, -1

84, 126, 1
84, 92, 1
84, 128, 1
110, 126, 1
110, 92, 1
110, 128, 1
110, 84, 1
84, 185, -1
84, 45, -1
84, 161, -1
181, 126, -1
181, 92, -1
181, 128, -1
181, 84, -1
181, 185, -1
181, 45, -1
181, 161, -1
110, 185, -1
110, 45, -1
110, 161, -1
110, 181, -1

183, 181, 1
186, 185, 1
183, 126, -1
183, 92, -1
183, 128, -1
183, 84, -1
183, 110, -1
183, 185, -1
183, 45, -1
183, 161, -1
186, 126, -1
186, 92, -1
186, 128, -1
186, 84, -1
186, 110, -1
186, 45, -1
186, 161, -1
186, 181, -1
186, 183, -1

107, 126, 1
107, 92, 1
107, 128, 1
107, 84, 1
107, 110, 1
108, 126, 1
108, 92, 1
108, 128, 1
108, 84, 1
108, 110, 1
108, 107, 1
124, 126, 1
124, 92, 1
124, 128, 1
124, 84, 1
124, 110, 1
124, 107, 1
124, 108, 1
189, 185, 1
189, 186, 1
107, 185, -1
107, 186, -1
107, 45, -1
107, 161, -1
107, 181, -1
107, 183, -1
108, 185, -1
108, 186, -1
108, 45, -1
108, 161, -1
108, 181, -1
108, 183, -1
124, 185, -1
124, 186, -1
124, 45, -1
124, 161, -1
124, 181, -1
124, 183, -1
189, 126, -1
189, 92, -1
189, 128, -1
189, 84, -1
189, 110, -1
189, 107, -1
189, 108, -1
189, 124, -1
189, 45, -1
189, 161, -1
189, 181, -1
189, 183, -1

111, 126, 1
111, 92, 1
111, 128, 1
111, 84, 1
111, 110, 1
111, 107, 1
111, 108, 1
111, 124, 1
111, 185, -1
111, 186, -1
111, 189, -1
111, 45, -1
111, 161, -1
111, 181, -1
111, 183, -1
163, 126, -1
163, 92, -1
163, 128, -1
163, 84, -1
163, 110, -1
163, 107, -1
163, 108, -1
163, 124, -1
163, 111, -1
163, 185, -1
163, 186, -1
163, 189, -1
163, 45, -1
163, 161, -1
163, 181, -1
163, 183, -1

106, 126, 1
106, 92, 1
106, 128, 1
106, 84, 1
106, 110, 1
106, 107, 1
106, 108, 1
106, 124, 1
106, 111, 1
179, 181, 1
179, 183, 1
106, 185, -1
106, 186, -1
106, 189, -1
106, 45, -1
106, 161, -1
106, 181, -1
106, 183, -1
106, 163, -1
179, 126, -1
179, 92, -1
179, 128, -1
179, 84, -1
179, 110, -1
179, 107, -1
179, 108, -1
179, 124, -1
179, 111, -1
179, 106, -1
179, 185, -1
179, 186, -1
179, 189, -1
179, 45, -1
179, 161, -1
179, 163, -1

211, 185, 1
211, 186, 1
211, 189, 1
61, 45, 1
164, 163, 1
211, 126, -1
211, 92, -1
211, 128, -1
211, 84, -1
211, 110, -1
211, 107, -1
211, 108, -1
211, 124, -1
211, 111, -1
211, 106, -1
211, 45, -1
211, 161, -1
211, 181, -1
211, 183, -1
211, 179, -1
211, 163, -1
61, 126, -1
61, 92, -1
61, 128, -1
61, 84, -1
61, 110, -1
61, 107, -1
61, 108, -1
61, 124, -1
61, 111, -1
61, 106, -1
61, 185, -1
61, 186, -1
61, 189, -1
61, 211, -1
61, 161, -1
61, 181, -1
61, 183, -1
61, 179, -1
61, 163, -1
164, 126, -1
164, 92, -1
164, 128, -1
164, 84, -1
164, 110, -1
164, 107, -1
164, 108, -1
164, 124, -1
164, 111, -1
164, 106, -1
164, 185, -1
164, 186, -1
164, 189, -1
164, 211, -1
164, 45, -1
164, 61, -1
164, 161, -1
164, 181, -1
164, 183, -1
164, 179, -1

166, 163, 1
166, 164, 1
192, 185, 1
192, 186, 1
192, 189, 1
192, 211, 1
166, 126, -1
166, 92, -1
166, 128, -1
166, 84, -1
166, 110, -1
166, 107, -1
166, 108, -1
166, 124, -1
166, 111, -1
166, 106, -1
166, 185, -1
166, 186, -1
166, 189, -1
166, 211, -1
166, 45, -1
166, 61, -1
166, 161, -1
166, 181, -1
166, 183, -1
166, 179, -1
192, 126, -1
192, 92, -1
192, 128, -1
192, 84, -1
192, 110, -1
192, 107, -1
192, 108, -1
192, 124, -1
192, 111, -1
192, 106, -1
192, 45, -1
192, 61, -1
192, 161, -1
192, 181, -1
192, 183, -1
192, 179, -1
192, 163, -1
192, 164, -1
192, 166, -1

207, 185, 1
207, 186, 1
207, 189, 1
207, 211, 1
207, 192, 1
70, 126, 1
70, 92, 1
70, 128, 1
70, 84, 1
70, 110, 1
70, 107, 1
70, 108, 1
70, 124, 1
70, 111, 1
70, 106, 1
187, 185, 1
187, 186, 1
187, 189, 1
187, 211, 1
187, 192, 1
187, 207, 1
207, 126, -1
207, 92, -1
207, 128, -1
207, 84, -1
207, 110, -1
207, 107, -1
207, 108, -1
207, 124, -1
207, 111, -1
207, 106, -1
207, 45, -1
207, 61, -1
207, 161, -1
207, 181, -1
207, 183, -1
207, 179, -1
207, 163, -1
207, 164, -1
207, 166, -1
70, 185, -1
70, 186, -1
70, 189, -1
70, 211, -1
70, 192, -1
70, 207, -1
70, 45, -1
70, 61, -1
70, 161, -1
70, 181, -1
70, 183, -1
70, 179, -1
70, 163, -1
70, 164, -1
70, 166, -1
187, 126, -1
187, 92, -1
187, 128, -1
187, 84, -1
187, 110, -1
187, 107, -1
187, 108, -1
187, 124, -1
187, 111, -1
187, 106, -1
187, 70, -1
187, 45, -1
187, 61, -1
187, 161, -1
187, 181, -1
187, 183, -1
187, 179, -1
187, 163, -1
187, 164, -1
187, 166, -1

180, 181, 1
180, 183, 1
180, 179, 1
151, 161, 1
180, 126, -1
180, 92, -1
180, 128, -1
180, 84, -1
180, 110, -1
180, 107, -1
180, 108, -1
180, 124, -1
180, 111, -1
180, 106, -1
180, 70, -1
180, 185, -1
180, 186, -1
180, 189, -1
180, 211, -1
180, 192, -1
180, 207, -1
180, 187, -1
180, 45, -1
180, 61, -1
180, 161, -1
180, 163, -1
180, 164, -1
180, 166, -1
151, 126, -1
151, 92, -1
151, 128, -1
151, 84, -1
151, 110, -1
151, 107, -1
151, 108, -1
151, 124, -1
151, 111, -1
151, 106, -1
151, 70, -1
151, 185, -1
151, 186, -1
151, 189, -1
151, 211, -1
151, 192, -1
151, 207, -1
151, 187, -1
151, 45, -1
151, 61, -1
151, 181, -1
151, 183, -1
151, 179, -1
151, 180, -1
151, 163, -1
151, 164, -1
151, 166, -1

