92, 126, 1
128, 126, 1
128, 92, 1
185, 126, -1
185, 92, -1
185, 128, -1
45, 126, -1
45, 92, -1
45, 128, -1
45, 185, -1
161, 126, -1
161, 92, -1
161, 128, -1
161, 185, -1
161, 45, -1

2, 45, 1
2, 126, -1
2, 92, -1
2, 128, -1
2, 185, -1
2, 161, -1
184, 126, -1
184, 92, -1
184, 128, -1
184, 185, -1
184, 45, -1
184, 2, -1
184, 161, -1

86, 126, 1
86, 92, 1
86, 128, 1
78, 126, 1
78, 92, 1
78, 128, 1
78, 86, 1
93, 126, 1
93, 92, 1
93, 128, 1
93, 86, 1
93, 78, 1
85, 126, 1
85, 92, 1
85, 128, 1
85, 86, 1
85, 78, 1
85, 93, 1
91, 126, 1
91, 92, 1
91, 128, 1
91, 86, 1
91, 78, 1
91, 93, 1
91, 85, 1
54, 45, 1
54, 2, 1
86, 185, -1
86, 45, -1
86, 2, -1
86, 161, -1
86, 184, -1
78, 185, -1
78, 45, -1
78, 2, -1
78, 161, -1
78, 184, -1
93, 185, -1
93, 45, -1
93, 2, -1
93, 161, -1
93, 184, -1
85, 185, -1
85, 45, -1
85, 2, -1
85, 161, -1
85, 184, -1
91, 185, -1
91, 45, -1
91, 2, -1
91, 161, -1
91, 184, -1
54, 126, -1
54, 92, -1
54, 128, -1
54, 86, -1
54, 78, -1
54, 93, -1
54, 85, -1
54, 91, -1
54, 185, -1
54, 161, -1
54, 184, -1

56, 45, 1
56, 2, 1
56, 54, 1
1, 45, 1
1, 2, 1
1, 54, 1
1, 56, 1
102, 126, 1
102, 92, 1
102, 128, 1
102, 86, 1
102, 78, 1
102, 93, 1
102, 85, 1
102, 91, 1
84, 126, 1
84, 92, 1
84, 128, 1
84, 86, 1
84, 78, 1
84, 93, 1
84, 85, 1
84, 91, 1
84, 102, 1
133, 126, 1
133, 92, 1
133, 128, 1
133, 86, 1
133, 78, 1
133, 93, 1
133, 85, 1
133, 91, 1
133, 102, 1
133, 84, 1
56, 126, -1
56, 92, -1
56, 128, -1
56, 86, -1
56, 78, -1
56, 93, -1
56, 85, -1
56, 91, -1
56, 185, -1
56, 161, -1
56, 184, -1
1, 126, -1
1, 92, -1
1, 128, -1
1, 86, -1
1, 78, -1
1, 93, -1
1, 85, -1
1, 91, -1
1, 185, -1
1, 161, -1
1, 184, -1
102, 185, -1
102, 45, -1
102, 2, -1
102, 54, -1
102, 56, -1
102, 1, -1
102, 161, -1
102, 184, -1
84, 185, -1
84, 45, -1
84, 2, -1
84, 54, -1
84, 56, -1
84, 1, -1
84, 161, -1
84, 184, -1
133, 185, -1
133, 45, -1
133, 2, -1
133, 54, -1
133, 56, -1
133, 1, -1
133, 161, -1
133, 184, -1

119, 126, 1
119, 92, 1
119, 128, 1
119, 86, 1
119, 78, 1
119, 93, 1
119, 85, 1
119, 91, 1
119, 102, 1
119, 84, 1
119, 133, 1
117, 126, 1
117, 92, 1
117, 128, 1
117, 86, 1
117, 78, 1
117, 93, 1
117, 85, 1
117, 91, 1
117, 102, 1
117, 84, 1
117, 133, 1
117, 119, 1
71, 126, 1
71, 92, 1
71, 128, 1
71, 86, 1
71, 78, 1
71, 93, 1
71, 85, 1
71, 91, 1
71, 102, 1
71, 84, 1
71, 133, 1
71, 119, 1
71, 117, 1
141, 126, 1
141, 92, 1
141, 128, 1
141, 86, 1
141, 78, 1
141, 93, 1
141, 85, 1
141, 91, 1
141, 102, 1
141, 84, 1
141, 133, 1
141, 119, 1
141, 117, 1
141, 71, 1
90, 126, 1
90, 92, 1
90, 128, 1
90, 86, 1
90, 78, 1
90, 93, 1
90, 85, 1
90, 91, 1
90, 102, 1
90, 84, 1
90, 133, 1
90, 119, 1
90, 117, 1
90, 71, 1
90, 141, 1
44, 45, 1
44, 2, 1
44, 54, 1
44, 56, 1
44, 1, 1
186, 185, 1
119, 185, -1
119, 45, -1
119, 2, -1
119, 54, -1
119, 56, -1
119, 1, -1
119, 161, -1
119, 184, -1
117, 185, -1
117, 45, -1
117, 2, -1
117, 54, -1
117, 56, -1
117, 1, -1
117, 161, -1
117, 184, -1
71, 185, -1
71, 45, -1
71, 2, -1
71, 54, -1
71, 56, -1
71, 1, -1
71, 161, -1
71, 184, -1
141, 185, -1
141, 45, -1
141, 2, -1
141, 54, -1
141, 56, -1
141, 1, -1
141, 161, -1
141, 184, -1
90, 185, -1
90, 45, -1
90, 2, -1
90, 54, -1
90, 56, -1
90, 1, -1
90, 161, -1
90, 184, -1
44, 126, -1
44, 92, -1
44, 128, -1
44, 86, -1
44, 78, -1
44, 93, -1
44, 85, -1
44, 91, -1
44, 102, -1
44, 84, -1
44, 133, -1
44, 119, -1
44, 117, -1
44, 71, -1
44, 141, -1
44, 90, -1
44, 185, -1
44, 161, -1
44, 184, -1
186, 126, -1
186, 92, -1
186, 128, -1
186, 86, -1
186, 78, -1
186, 93, -1
186, 85, -1
186, 91, -1
186, 102, -1
186, 84, -1
186, 133, -1
186, 119, -1
186, 117, -1
186, 71, -1
186, 141, -1
186, 90, -1
186, 45, -1
186, 2, -1
186, 54, -1
186, 56, -1
186, 1, -1
186, 44, -1
186, 161, -1
186, 184, -1

70, 126, 1
70, 92, 1
70, 128, 1
70, 86, 1
70, 78, 1
70, 93, 1
70, 85, 1
70, 91, 1
70, 102, 1
70, 84, 1
70, 133, 1
70, 119, 1
70, 117, 1
70, 71, 1
70, 141, 1
70, 90, 1
8, 45, 1
8, 2, 1
8, 54, 1
8, 56, 1
8, 1, 1
8, 44, 1
159, 161, 1
178, 184, 1
70, 185, -1
70, 186, -1
70, 45, -1
70, 2, -1
70, 54, -1
70, 56, -1
70, 1, -1
70, 44, -1
70, 161, -1
70, 184, -1
8, 126, -1
8, 92, -1
8, 128, -1
8, 86, -1
8, 78, -1
8, 93, -1
8, 85, -1
8, 91, -1
8, 102, -1
8, 84, -1
8, 133, -1
8, 119, -1
8, 117, -1
8, 71, -1
8, 141, -1
8, 90, -1
8, 70, -1
8, 185, -1
8, 186, -1
8, 161, -1
8, 184, -1
159, 126, -1
159, 92, -1
159, 128, -1
159, 86, -1
159, 78, -1
159, 93, -1
159, 85, -1
159, 91, -1
159, 102, -1
159, 84, -1
159, 133, -1
159, 119, -1
159, 117, -1
159, 71, -1
159, 141, -1
159, 90, -1
159, 70, -1
159, 185, -1
159, 186, -1
159, 45, -1
159, 2, -1
159, 54, -1
159, 56, -1
159, 1, -1
159, 44, -1
159, 8, -1
159, 184, -1
178, 126, -1
178, 92, -1
178, 128, -1
178, 86, -1
178, 78, -1
178, 93, -1
178, 85, -1
178, 91, -1
178, 102, -1
178, 84, -1
178, 133, -1
178, 119, -1
178, 117, -1
178, 71, -1
178, 141, -1
178, 90, -1
178, 70, -1
178, 185, -1
178, 186, -1
178, 45, -1
178, 2, -1
178, 54, -1
178, 56, -1
178, 1, -1
178, 44, -1
178, 8, -1
178, 161, -1
178, 159, -1

72, 126, 1
72, 92, 1
72, 128, 1
72, 86, 1
72, 78, 1
72, 93, 1
72, 85, 1
72, 91, 1
72, 102, 1
72, 84, 1
72, 133, 1
72, 119, 1
72, 117, 1
72, 71, 1
72, 141, 1
72, 90, 1
72, 70, 1
94, 126, 1
94, 92, 1
94, 128, 1
94, 86, 1
94, 78, 1
94, 93, 1
94, 85, 1
94, 91, 1
94, 102, 1
94, 84, 1
94, 133, 1
94, 119, 1
94, 117, 1
94, 71, 1
94, 141, 1
94, 90, 1
94, 70, 1
94, 72, 1
152, 161, 1
152, 159, 1
187, 185, 1
187, 186, 1
101, 126, 1
101, 92, 1
101, 128, 1
101, 86, 1
101, 78, 1
101, 93, 1
101, 85, 1
101, 91, 1
101, 102, 1
101, 84, 1
101, 133, 1
101, 119, 1
101, 117, 1
101, 71, 1
101, 141, 1
101, 90, 1
101, 70, 1
101, 72, 1
101, 94, 1
72, 185, -1
72, 186, -1
72, 45, -1
72, 2, -1
72, 54, -1
72, 56, -1
72, 1, -1
72, 44, -1
72, 8, -1
72, 161, -1
72, 159, -1
72, 184, -1
72, 178, -1
94, 185, -1
94, 186, -1
94, 45, -1
94, 2, -1
94, 54, -1
94, 56, -1
94, 1, -1
94, 44, -1
94, 8, -1
94, 161, -1
94, 159, -1
94, 184, -1
94, 178, -1
152, 126, -1
152, 92, -1
152, 128, -1
152, 86, -1
152, 78, -1
152, 93, -1
152, 85, -1
152, 91, -1
152, 102, -1
152, 84, -1
152, 133, -1
152, 119, -1
152, 117, -1
152, 71, -1
152, 141, -1
152, 90, -1
152, 70, -1
152, 72, -1
152, 94, -1
152, 185, -1
152, 186, -1
152, 45, -1
152, 2, -1
152, 54, -1
152, 56, -1
152, 1, -1
152, 44, -1
152, 8, -1
152, 184, -1
152, 178, -1
187, 126, -1
187, 92, -1
187, 128, -1
187, 86, -1
187, 78, -1
187, 93, -1
187, 85, -1
187, 91, -1
187, 102, -1
187, 84, -1
187, 133, -1
187, 119, -1
187, 117, -1
187, 71, -1
187, 141, -1
187, 90, -1
187, 70, -1
187, 72, -1
187, 94, -1
187, 45, -1
187, 2, -1
187, 54, -1
187, 56, -1
187, 1, -1
187, 44, -1
187, 8, -1
187, 161, -1
187, 159, -1
187, 152, -1
187, 184, -1
187, 178, -1
101, 185, -1
101, 186, -1
101, 187, -1
101, 45, -1
101, 2, -1
101, 54, -1
101, 56, -1
101, 1, -1
101, 44, -1
101, 8, -1
101, 161, -1
101, 159, -1
101, 152, -1
101, 184, -1
101, 178, -1

52, 45, 1
52, 2, 1
52, 54, 1
52, 56, 1
52, 1, 1
52, 44, 1
52, 8, 1
124, 126, 1
124, 92, 1
124, 128, 1
124, 86, 1
124, 78, 1
124, 93, 1
124, 85, 1
124, 91, 1
124, 102, 1
124, 84, 1
124, 133, 1
124, 119, 1
124, 117, 1
124, 71, 1
124, 141, 1
124, 90, 1
124, 70, 1
124, 72, 1
124, 94, 1
124, 101, 1
51, 45, 1
51, 2, 1
51, 54, 1
51, 56, 1
51, 1, 1
51, 44, 1
51, 8, 1
51, 52, 1
160, 161, 1
160, 159, 1
160, 152, 1
52, 126, -1
52, 92, -1
52, 128, -1
52, 86, -1
52, 78, -1
52, 93, -1
52, 85, -1
52, 91, -1
52, 102, -1
52, 84, -1
52, 133, -1
52, 119, -1
52, 117, -1
52, 71, -1
52, 141, -1
52, 90, -1
52, 70, -1
52, 72, -1
52, 94, -1
52, 101, -1
52, 185, -1
52, 186, -1
52, 187, -1
52, 161, -1
52, 159, -1
52, 152, -1
52, 184, -1
52, 178, -1
124, 185, -1
124, 186, -1
124, 187, -1
124, 45, -1
124, 2, -1
124, 54, -1
124, 56, -1
124, 1, -1
124, 44, -1
124, 8, -1
124, 52, -1
124, 161, -1
124, 159, -1
124, 152, -1
124, 184, -1
124, 178, -1
51, 126, -1
51, 92, -1
51, 128, -1
51, 86, -1
51, 78, -1
51, 93, -1
51, 85, -1
51, 91, -1
51, 102, -1
51, 84, -1
51, 133, -1
51, 119, -1
51, 117, -1
51, 71, -1
51, 141, -1
51, 90, -1
51, 70, -1
51, 72, -1
51, 94, -1
51, 101, -1
51, 124, -1
51, 185, -1
51, 186, -1
51, 187, -1
51, 161, -1
51, 159, -1
51, 152, -1
51, 184, -1
51, 178, -1
160, 126, -1
160, 92, -1
160, 128, -1
160, 86, -1
160, 78, -1
160, 93, -1
160, 85, -1
160, 91, -1
160, 102, -1
160, 84, -1
160, 133, -1
160, 119, -1
160, 117, -1
160, 71, -1
160, 141, -1
160, 90, -1
160, 70, -1
160, 72, -1
160, 94, -1
160, 101, -1
160, 124, -1
160, 185, -1
160, 186, -1
160, 187, -1
160, 45, -1
160, 2, -1
160, 54, -1
160, 56, -1
160, 1, -1
160, 44, -1
160, 8, -1
160, 52, -1
160, 51, -1
160, 184, -1
160, 178, -1

96, 126, 1
96, 92, 1
96, 128, 1
96, 86, 1
96, 78, 1
96, 93, 1
96, 85, 1
96, 91, 1
96, 102, 1
96, 84, 1
96, 133, 1
96, 119, 1
96, 117, 1
96, 71, 1
96, 141, 1
96, 90, 1
96, 70, 1
96, 72, 1
96, 94, 1
96, 101, 1
96, 124, 1
53, 45, 1
53, 2, 1
53, 54, 1
53, 56, 1
53, 1, 1
53, 44, 1
53, 8, 1
53, 52, 1
53, 51, 1
100, 126, 1
100, 92, 1
100, 128, 1
100, 86, 1
100, 78, 1
100, 93, 1
100, 85, 1
100, 91, 1
100, 102, 1
100, 84, 1
100, 133, 1
100, 119, 1
100, 117, 1
100, 71, 1
100, 141, 1
100, 90, 1
100, 70, 1
100, 72, 1
100, 94, 1
100, 101, 1
100, 124, 1
100, 96, 1
30, 45, 1
30, 2, 1
30, 54, 1
30, 56, 1
30, 1, 1
30, 44, 1
30, 8, 1
30, 52, 1
30, 51, 1
30, 53, 1
14, 45, 1
14, 2, 1
14, 54, 1
14, 56, 1
14, 1, 1
14, 44, 1
14, 8, 1
14, 52, 1
14, 51, 1
14, 53, 1
14, 30, 1
16, 45, 1
16, 2, 1
16, 54, 1
16, 56, 1
16, 1, 1
16, 44, 1
16, 8, 1
16, 52, 1
16, 51, 1
16, 53, 1
16, 30, 1
16, 14, 1
96, 185, -1
96, 186, -1
96, 187, -1
96, 45, -1
96, 2, -1
96, 54, -1
96, 56, -1
96, 1, -1
96, 44, -1
96, 8, -1
96, 52, -1
96, 51, -1
96, 161, -1
96, 159, -1
96, 152, -1
96, 160, -1
96, 184, -1
96, 178, -1
53, 126, -1
53, 92, -1
53, 128, -1
53, 86, -1
53, 78, -1
53, 93, -1
53, 85, -1
53, 91, -1
53, 102, -1
53, 84, -1
53, 133, -1
53, 119, -1
53, 117, -1
53, 71, -1
53, 141, -1
53, 90, -1
53, 70, -1
53, 72, -1
53, 94, -1
53, 101, -1
53, 124, -1
53, 96, -1
53, 185, -1
53, 186, -1
53, 187, -1
53, 161, -1
53, 159, -1
53, 152, -1
53, 160, -1
53, 184, -1
53, 178, -1
100, 185, -1
100, 186, -1
100, 187, -1
100, 45, -1
100, 2, -1
100, 54, -1
100, 56, -1
100, 1, -1
100, 44, -1
100, 8, -1
100, 52, -1
100, 51, -1
100, 53, -1
100, 161, -1
100, 159, -1
100, 152, -1
100, 160, -1
100, 184, -1
100, 178, -1
30, 126, -1
30, 92, -1
30, 128, -1
30, 86, -1
30, 78, -1
30, 93, -1
30, 85, -1
30, 91, -1
30, 102, -1
30, 84, -1
30, 133, -1
30, 119, -1
30, 117, -1
30, 71, -1
30, 141, -1
30, 90, -1
30, 70, -1
30, 72, -1
30, 94, -1
30, 101, -1
30, 124, -1
30, 96, -1
30, 100, -1
30, 185, -1
30, 186, -1
30, 187, -1
30, 161, -1
30, 159, -1
30, 152, -1
30, 160, -1
30, 184, -1
30, 178, -1
14, 126, -1
14, 92, -1
14, 128, -1
14, 86, -1
14, 78, -1
14, 93, -1
14, 85, -1
14, 91, -1
14, 102, -1
14, 84, -1
14, 133, -1
14, 119, -1
14, 117, -1
14, 71, -1
14, 141, -1
14, 90, -1
14, 70, -1
14, 72, -1
14, 94, -1
14, 101, -1
14, 124, -1
14, 96, -1
14, 100, -1
14, 185, -1
14, 186, -1
14, 187, -1
14, 161, -1
14, 159, -1
14, 152, -1
14, 160, -1
14, 184, -1
14, 178, -1
16, 126, -1
16, 92, -1
16, 128, -1
16, 86, -1
16, 78, -1
16, 93, -1
16, 85, -1
16, 91, -1
16, 102, -1
16, 84, -1
16, 133, -1
16, 119, -1
16, 117, -1
16, 71, -1
16, 141, -1
16, 90, -1
16, 70, -1
16, 72, -1
16, 94, -1
16, 101, -1
16, 124, -1
16, 96, -1
16, 100, -1
16, 185, -1
16, 186, -1
16, 187, -1
16, 161, -1
16, 159, -1
16, 152, -1
16, 160, -1
16, 184, -1
16, 178, -1

146, 161, 1
146, 159, 1
146, 152, 1
146, 160, 1
98, 126, 1
98, 92, 1
98, 128, 1
98, 86, 1
98, 78, 1
98, 93, 1
98, 85, 1
98, 91, 1
98, 102, 1
98, 84, 1
98, 133, 1
98, 119, 1
98, 117, 1
98, 71, 1
98, 141, 1
98, 90, 1
98, 70, 1
98, 72, 1
98, 94, 1
98, 101, 1
98, 124, 1
98, 96, 1
98, 100, 1
34, 45, 1
34, 2, 1
34, 54, 1
34, 56, 1
34, 1, 1
34, 44, 1
34, 8, 1
34, 52, 1
34, 51, 1
34, 53, 1
34, 30, 1
34, 14, 1
34, 16, 1
55, 45, 1
55, 2, 1
55, 54, 1
55, 56, 1
55, 1, 1
55, 44, 1
55, 8, 1
55, 52, 1
55, 51, 1
55, 53, 1
55, 30, 1
55, 14, 1
55, 16, 1
55, 34, 1
146, 126, -1
146, 92, -1
146, 128, -1
146, 86, -1
146, 78, -1
146, 93, -1
146, 85, -1
146, 91, -1
146, 102, -1
146, 84, -1
146, 133, -1
146, 119, -1
146, 117, -1
146, 71, -1
146, 141, -1
146, 90, -1
146, 70, -1
146, 72, -1
146, 94, -1
146, 101, -1
146, 124, -1
146, 96, -1
146, 100, -1
146, 185, -1
146, 186, -1
146, 187, -1
146, 45, -1
146, 2, -1
146, 54, -1
146, 56, -1
146, 1, -1
146, 44, -1
146, 8, -1
146, 52, -1
146, 51, -1
146, 53, -1
146, 30, -1
146, 14, -1
146, 16, -1
146, 184, -1
146, 178, -1
98, 185, -1
98, 186, -1
98, 187, -1
98, 45, -1
98, 2, -1
98, 54, -1
98, 56, -1
98, 1, -1
98, 44, -1
98, 8, -1
98, 52, -1
98, 51, -1
98, 53, -1
98, 30, -1
98, 14, -1
98, 16, -1
98, 161, -1
98, 159, -1
98, 152, -1
98, 160, -1
98, 146, -1
98, 184, -1
98, 178, -1
34, 126, -1
34, 92, -1
34, 128, -1
34, 86, -1
34, 78, -1
34, 93, -1
34, 85, -1
34, 91, -1
34, 102, -1
34, 84, -1
34, 133, -1
34, 119, -1
34, 117, -1
34, 71, -1
34, 141, -1
34, 90, -1
34, 70, -1
34, 72, -1
34, 94, -1
34, 101, -1
34, 124, -1
34, 96, -1
34, 100, -1
34, 98, -1
34, 185, -1
34, 186, -1
34, 187, -1
34, 161, -1
34, 159, -1
34, 152, -1
34, 160, -1
34, 146, -1
34, 184, -1
34, 178, -1
55, 126, -1
55, 92, -1
55, 128, -1
55, 86, -1
55, 78, -1
55, 93, -1
55, 85, -1
55, 91, -1
55, 102, -1
55, 84, -1
55, 133, -1
55, 119, -1
55, 117, -1
55, 71, -1
55, 141, -1
55, 90, -1
55, 70, -1
55, 72, -1
55, 94, -1
55, 101, -1
55, 124, -1
55, 96, -1
55, 100, -1
55, 98, -1
55, 185, -1
55, 186, -1
55, 187, -1
55, 161, -1
55, 159, -1
55, 152, -1
55, 160, -1
55, 146, -1
55, 184, -1
55, 178, -1

