92, 126, 1
128, 126, 1
128, 92, 1
191, 185, 1
201, 185, 1
201, 191, 1
133, 126, 1
133, 92, 1
133, 128, 1
189, 185, 1
189, 191, 1
189, 201, 1
185, 126, -1
185, 92, -1
185, 128, -1
191, 126, -1
191, 92, -1
191, 128, -1
201, 126, -1
201, 92, -1
201, 128, -1
133, 185, -1
133, 191, -1
133, 201, -1
189, 126, -1
189, 92, -1
189, 128, -1
189, 133, -1

107, 126, 1
107, 92, 1
107, 128, 1
107, 133, 1
56, 50, 1
107, 185, -1
107, 191, -1
107, 201, -1
107, 189, -1
50, 126, -1
50, 92, -1
50, 128, -1
50, 133, -1
50, 107, -1
50, 185, -1
50, 191, -1
50, 201, -1
50, 189, -1
56, 126, -1
56, 92, -1
56, 128, -1
56, 133, -1
56, 107, -1
56, 185, -1
56, 191, -1
56, 201, -1
56, 189, -1

61, 50, 1
61, 56, 1
102, 126, 1
102, 92, 1
102, 128, 1
102, 133, 1
102, 107, 1
105, 126, 1
105, 92, 1
105, 128, 1
105, 133, 1
105, 107, 1
105, 102, 1
61, 126, -1
61, 92, -1
61, 128, -1
61, 133, -1
61, 107, -1
61, 185, -1
61, 191, -1
61, 201, -1
61, 189, -1
102, 185, -1
102, 191, -1
102, 201, -1
102, 189, -1
102, 50, -1
102, 56, -1
102, 61, -1
105, 185, -1
105, 191, -1
105, 201, -1
105, 189, -1
105, 50, -1
105, 56, -1
105, 61, -1

112, 126, 1
112, 92, 1
112, 128, 1
112, 133, 1
112, 107, 1
112, 102, 1
112, 105, 1
71, 126, 1
71, 92, 1
71, 128, 1
71, 133, 1
71, 107, 1
71, 102, 1
71, 105, 1
71, 112, 1
37, 50, 1
37, 56, 1
37, 61, 1
112, 185, -1
112, 191, -1
112, 201, -1
112, 189, -1
112, 50, -1
112, 56, -1
112, 61, -1
71, 185, -1
71, 191, -1
71, 201, -1
71, 189, -1
71, 50, -1
71, 56, -1
71, 61, -1
37, 126, -1
37, 92, -1
37, 128, -1
37, 133, -1
37, 107, -1
37, 102, -1
37, 105, -1
37, 112, -1
37, 71, -1
37, 185, -1
37, 191, -1
37, 201, -1
37, 189, -1

109, 126, 1
109, 92, 1
109, 128, 1
109, 133, 1
109, 107, 1
109, 102, 1
109, 105, 1
109, 112, 1
109, 71, 1
164, 163, 1
163, 126, -1
163, 92, -1
163, 128, -1
163, 133, -1
163, 107, -1
163, 102, -1
163, 105, -1
163, 112, -1
163, 71, -1
163, 185, -1
163, 191, -1
163, 201, -1
163, 189, -1
163, 50, -1
163, 56, -1
163, 61, -1
163, 37, -1
109, 185, -1
109, 191, -1
109, 201, -1
109, 189, -1
109, 50, -1
109, 56, -1
109, 61, -1
109, 37, -1
109, 163, -1
164, 126, -1
164, 92, -1
164, 128, -1
164, 133, -1
164, 107, -1
164, 102, -1
164, 105, -1
164, 112, -1
164, 71, -1
164, 109, -1
164, 185, -1
164, 191, -1
164, 201, -1
164, 189, -1
164, 50, -1
164, 56, -1
164, 61, -1
164, 37, -1

106, 126, 1
106, 92, 1
106, 128, 1
106, 133, 1
106, 107, 1
106, 102, 1
106, 105, 1
106, 112, 1
106, 71, 1
106, 109, 1
184, 126, -1
184, 92, -1
184, 128, -1
184, 133, -1
184, 107, -1
184, 102, -1
184, 105, -1
184, 112, -1
184, 71, -1
184, 109, -1
184, 185, -1
184, 191, -1
184, 201, -1
184, 189, -1
184, 50, -1
184, 56, -1
184, 61, -1
184, 37, -1
184, 163, -1
184, 164, -1
106, 185, -1
106, 191, -1
106, 201, -1
106, 189, -1
106, 50, -1
106, 56, -1
106, 61, -1
106, 37, -1
106, 163, -1
106, 164, -1
106, 184, -1

103, 126, 1
103, 92, 1
103, 128, 1
103, 133, 1
103, 107, 1
103, 102, 1
103, 105, 1
103, 112, 1
103, 71, 1
103, 109, 1
103, 106, 1
8, 50, 1
8, 56, 1
8, 61, 1
8, 37, 1
176, 184, 1
103, 185, -1
103, 191, -1
103, 201, -1
103, 189, -1
103, 50, -1
103, 56, -1
103, 61, -1
103, 37, -1
103, 163, -1
103, 164, -1
103, 184, -1
8, 126, -1
8, 92, -1
8, 128, -1
8, 133, -1
8, 107, -1
8, 102, -1
8, 105, -1
8, 112, -1
8, 71, -1
8, 109, -1
8, 106, -1
8, 103, -1
8, 185, -1
8, 191, -1
8, 201, -1
8, 189, -1
8, 163, -1
8, 164, -1
8, 184, -1
176, 126, -1
176, 92, -1
176, 128, -1
176, 133, -1
176, 107, -1
176, 102, -1
176, 105, -1
176, 112, -1
176, 71, -1
176, 109, -1
176, 106, -1
176, 103, -1
176, 185, -1
176, 191, -1
176, 201, -1
176, 189, -1
176, 50, -1
176, 56, -1
176, 61, -1
176, 37, -1
176, 8, -1
176, 163, -1
176, 164, -1

186, 185, 1
186, 191, 1
186, 201, 1
186, 189, 1
180, 184, 1
180, 176, 1
187, 185, 1
187, 191, 1
187, 201, 1
187, 189, 1
187, 186, 1
186, 126, -1
186, 92, -1
186, 128, -1
186, 133, -1
186, 107, -1
186, 102, -1
186, 105, -1
186, 112, -1
186, 71, -1
186, 109, -1
186, 106, -1
186, 103, -1
186, 50, -1
186, 56, -1
186, 61, -1
186, 37, -1
186, 8, -1
186, 163, -1
186, 164, -1
186, 184, -1
186, 176, -1
180, 126, -1
180, 92, -1
180, 128, -1
180, 133, -1
180, 107, -1
180, 102, -1
180, 105, -1
180, 112, -1
180, 71, -1
180, 109, -1
180, 106, -1
180, 103, -1
180, 185, -1
180, 191, -1
180, 201, -1
180, 189, -1
180, 186, -1
180, 50, -1
180, 56, -1
180, 61, -1
180, 37, -1
180, 8, -1
180, 163, -1
180, 164, -1
187, 126, -1
187, 92, -1
187, 128, -1
187, 133, -1
187, 107, -1
187, 102, -1
187, 105, -1
187, 112, -1
187, 71, -1
187, 109, -1
187, 106, -1
187, 103, -1
187, 50, -1
187, 56, -1
187, 61, -1
187, 37, -1
187, 8, -1
187, 163, -1
187, 164, -1
187, 184, -1
187, 176, -1
187, 180, -1

172, 163, 1
172, 164, 1
108, 126, 1
108, 92, 1
108, 128, 1
108, 133, 1
108, 107, 1
108, 102, 1
108, 105, 1
108, 112, 1
108, 71, 1
108, 109, 1
108, 106, 1
108, 103, 1
172, 126, -1
172, 92, -1
172, 128, -1
172, 133, -1
172, 107, -1
172, 102, -1
172, 105, -1
172, 112, -1
172, 71, -1
172, 109, -1
172, 106, -1
172, 103, -1
172, 185, -1
172, 191, -1
172, 201, -1
172, 189, -1
172, 186, -1
172, 187, -1
172, 50, -1
172, 56, -1
172, 61, -1
172, 37, -1
172, 8, -1
172, 184, -1
172, 176, -1
172, 180, -1
108, 185, -1
108, 191, -1
108, 201, -1
108, 189, -1
108, 186, -1
108, 187, -1
108, 50, -1
108, 56, -1
108, 61, -1
108, 37, -1
108, 8, -1
108, 163, -1
108, 164, -1
108, 172, -1
108, 184, -1
108, 176, -1
108, 180, -1

171, 163, 1
171, 164, 1
171, 172, 1
171, 126, -1
171, 92, -1
171, 128, -1
171, 133, -1
171, 107, -1
171, 102, -1
171, 105, -1
171, 112, -1
171, 71, -1
171, 109, -1
171, 106, -1
171, 103, -1
171, 108, -1
171, 185, -1
171, 191, -1
171, 201, -1
171, 189, -1
171, 186, -1
171, 187, -1
171, 50, -1
171, 56, -1
171, 61, -1
171, 37, -1
171, 8, -1
171, 184, -1
171, 176, -1
171, 180, -1
161, 126, -1
161, 92, -1
161, 128, -1
161, 133, -1
161, 107, -1
161, 102, -1
161, 105, -1
161, 112, -1
161, 71, -1
161, 109, -1
161, 106, -1
161, 103, -1
161, 108, -1
161, 185, -1
161, 191, -1
161, 201, -1
161, 189, -1
161, 186, -1
161, 187, -1
161, 50, -1
161, 56, -1
161, 61, -1
161, 37, -1
161, 8, -1
161, 163, -1
161, 164, -1
161, 172, -1
161, 171, -1
161, 184, -1
161, 176, -1
161, 180, -1

