429, 348, 1
154, 348, 1
154, 429, 1
403, 382, 1
112, 348, 1
112, 429, 1
112, 154, 1
71, 0, 1
348, 382, -1
0, 382, -1
0, 348, -1
429, 382, -1
429, 0, -1
154, 382, -1
154, 0, -1
403, 348, -1
403, 429, -1
403, 154, -1
403, 0, -1
112, 382, -1
112, 403, -1
112, 0, -1
71, 382, -1
71, 403, -1
71, 348, -1
71, 429, -1
71, 154, -1
71, 112, -1

95, 382, 1
95, 403, 1
95, 298, 1
199, 0, 1
199, 71, 1
199, 191, 1
440, 348, 1
440, 429, 1
440, 154, 1
440, 112, 1
440, 45, 1
279, 0, 1
279, 71, 1
279, 191, 1
279, 199, 1
95, 348, -1
95, 429, -1
95, 154, -1
95, 112, -1
95, 45, -1
95, 0, -1
95, 71, -1
95, 191, -1
199, 382, -1
199, 403, -1
199, 298, -1
199, 95, -1
199, 348, -1
199, 429, -1
199, 154, -1
199, 112, -1
199, 45, -1
440, 382, -1
440, 403, -1
440, 298, -1
440, 95, -1
440, 0, -1
440, 71, -1
440, 191, -1
440, 199, -1
279, 382, -1
279, 403, -1
279, 298, -1
279, 95, -1
279, 348, -1
279, 429, -1
279, 154, -1
279, 112, -1
279, 45, -1
279, 440, -1

362, 382, 1
362, 403, 1
362, 298, 1
362, 95, 1
362, 362, 1
212, 348, 1
212, 429, 1
212, 154, 1
212, 112, 1
212, 45, 1
212, 440, 1
212, 212, 1
394, 348, 1
394, 429, 1
394, 154, 1
394, 112, 1
394, 45, 1
394, 440, 1
394, 212, 1
394, 212, 1
362, 348, -1
362, 429, -1
362, 154, -1
362, 112, -1
362, 45, -1
362, 440, -1
362, 212, -1
362, 0, -1
362, 71, -1
362, 191, -1
362, 199, -1
362, 279, -1
362, 372, -1
212, 382, -1
212, 403, -1
212, 298, -1
212, 95, -1
212, 362, -1
212, 362, -1
212, 0, -1
212, 71, -1
212, 191, -1
212, 199, -1
212, 279, -1
212, 372, -1
394, 382, -1
394, 403, -1
394, 298, -1
394, 95, -1
394, 362, -1
394, 362, -1
394, 0, -1
394, 71, -1
394, 191, -1
394, 199, -1
394, 279, -1
394, 372, -1

110, 382, 1
110, 403, 1
110, 298, 1
110, 95, 1
110, 362, 1
110, 362, 1
110, 238, 1
352, 0, 1
352, 71, 1
352, 191, 1
352, 199, 1
352, 279, 1
352, 372, 1
352, 270, 1
329, 0, 1
329, 71, 1
329, 191, 1
329, 199, 1
329, 279, 1
329, 372, 1
329, 270, 1
329, 352, 1
110, 348, -1
110, 429, -1
110, 154, -1
110, 112, -1
110, 45, -1
110, 440, -1
110, 212, -1
110, 212, -1
110, 394, -1
110, 122, -1
110, 35, -1
110, 0, -1
110, 71, -1
110, 191, -1
110, 199, -1
110, 279, -1
110, 372, -1
110, 270, -1
352, 382, -1
352, 403, -1
352, 298, -1
352, 95, -1
352, 362, -1
352, 362, -1
352, 238, -1
352, 110, -1
352, 348, -1
352, 429, -1
352, 154, -1
352, 112, -1
352, 45, -1
352, 440, -1
352, 212, -1
352, 212, -1
352, 394, -1
352, 122, -1
352, 35, -1
329, 382, -1
329, 403, -1
329, 298, -1
329, 95, -1
329, 362, -1
329, 362, -1
329, 238, -1
329, 110, -1
329, 348, -1
329, 429, -1
329, 154, -1
329, 112, -1
329, 45, -1
329, 440, -1
329, 212, -1
329, 212, -1
329, 394, -1
329, 122, -1
329, 35, -1

46, 382, 1
46, 403, 1
46, 298, 1
46, 95, 1
46, 362, 1
46, 362, 1
46, 238, 1
46, 110, 1
46, 158, 1
14, 0, 1
14, 71, 1
14, 191, 1
14, 199, 1
14, 279, 1
14, 372, 1
14, 270, 1
14, 352, 1
14, 329, 1
14, 172, 1
206, 348, 1
206, 429, 1
206, 154, 1
206, 112, 1
206, 45, 1
206, 440, 1
206, 212, 1
206, 212, 1
206, 394, 1
206, 122, 1
206, 35, 1
206, 47, 1
206, 452, 1
46, 348, -1
46, 429, -1
46, 154, -1
46, 112, -1
46, 45, -1
46, 440, -1
46, 212, -1
46, 212, -1
46, 394, -1
46, 122, -1
46, 35, -1
46, 47, -1
46, 452, -1
46, 0, -1
46, 71, -1
46, 191, -1
46, 199, -1
46, 279, -1
46, 372, -1
46, 270, -1
46, 352, -1
46, 329, -1
46, 172, -1
14, 382, -1
14, 403, -1
14, 298, -1
14, 95, -1
14, 362, -1
14, 362, -1
14, 238, -1
14, 110, -1
14, 158, -1
14, 46, -1
14, 348, -1
14, 429, -1
14, 154, -1
14, 112, -1
14, 45, -1
14, 440, -1
14, 212, -1
14, 212, -1
14, 394, -1
14, 122, -1
14, 35, -1
14, 47, -1
14, 452, -1
206, 382, -1
206, 403, -1
206, 298, -1
206, 95, -1
206, 362, -1
206, 362, -1
206, 238, -1
206, 110, -1
206, 158, -1
206, 46, -1
206, 0, -1
206, 71, -1
206, 191, -1
206, 199, -1
206, 279, -1
206, 372, -1
206, 270, -1
206, 352, -1
206, 329, -1
206, 172, -1
206, 14, -1

405, 382, 1
405, 403, 1
405, 298, 1
405, 95, 1
405, 362, 1
405, 362, 1
405, 238, 1
405, 110, 1
405, 158, 1
405, 46, 1
405, 141, 1
72, 348, 1
72, 429, 1
72, 154, 1
72, 112, 1
72, 45, 1
72, 440, 1
72, 212, 1
72, 212, 1
72, 394, 1
72, 122, 1
72, 35, 1
72, 47, 1
72, 452, 1
72, 206, 1
72, 331, 1
490, 0, 1
490, 71, 1
490, 191, 1
490, 199, 1
490, 279, 1
490, 372, 1
490, 270, 1
490, 352, 1
490, 329, 1
490, 172, 1
490, 14, 1
490, 185, 1
405, 348, -1
405, 429, -1
405, 154, -1
405, 112, -1
405, 45, -1
405, 440, -1
405, 212, -1
405, 212, -1
405, 394, -1
405, 122, -1
405, 35, -1
405, 47, -1
405, 452, -1
405, 206, -1
405, 331, -1
405, 0, -1
405, 71, -1
405, 191, -1
405, 199, -1
405, 279, -1
405, 372, -1
405, 270, -1
405, 352, -1
405, 329, -1
405, 172, -1
405, 14, -1
405, 185, -1
72, 382, -1
72, 403, -1
72, 298, -1
72, 95, -1
72, 362, -1
72, 362, -1
72, 238, -1
72, 110, -1
72, 158, -1
72, 46, -1
72, 141, -1
72, 405, -1
72, 0, -1
72, 71, -1
72, 191, -1
72, 199, -1
72, 279, -1
72, 372, -1
72, 270, -1
72, 352, -1
72, 329, -1
72, 172, -1
72, 14, -1
72, 185, -1
490, 382, -1
490, 403, -1
490, 298, -1
490, 95, -1
490, 362, -1
490, 362, -1
490, 238, -1
490, 110, -1
490, 158, -1
490, 46, -1
490, 141, -1
490, 405, -1
490, 348, -1
490, 429, -1
490, 154, -1
490, 112, -1
490, 45, -1
490, 440, -1
490, 212, -1
490, 212, -1
490, 394, -1
490, 122, -1
490, 35, -1
490, 47, -1
490, 452, -1
490, 206, -1
490, 331, -1
490, 72, -1

437, 382, 1
437, 403, 1
437, 298, 1
437, 95, 1
437, 362, 1
437, 362, 1
437, 238, 1
437, 110, 1
437, 158, 1
437, 46, 1
437, 141, 1
437, 405, 1
437, 213, 1
494, 348, 1
494, 429, 1
494, 154, 1
494, 112, 1
494, 45, 1
494, 440, 1
494, 212, 1
494, 212, 1
494, 394, 1
494, 122, 1
494, 35, 1
494, 47, 1
494, 452, 1
494, 206, 1
494, 331, 1
494, 72, 1
494, 202, 1
363, 0, 1
363, 71, 1
363, 191, 1
363, 199, 1
363, 279, 1
363, 372, 1
363, 270, 1
363, 352, 1
363, 329, 1
363, 172, 1
363, 14, 1
363, 185, 1
363, 490, 1
363, 463, 1
437, 348, -1
437, 429, -1
437, 154, -1
437, 112, -1
437, 45, -1
437, 440, -1
437, 212, -1
437, 212, -1
437, 394, -1
437, 122, -1
437, 35, -1
437, 47, -1
437, 452, -1
437, 206, -1
437, 331, -1
437, 72, -1
437, 202, -1
437, 0, -1
437, 71, -1
437, 191, -1
437, 199, -1
437, 279, -1
437, 372, -1
437, 270, -1
437, 352, -1
437, 329, -1
437, 172, -1
437, 14, -1
437, 185, -1
437, 490, -1
437, 463, -1
494, 382, -1
494, 403, -1
494, 298, -1
494, 95, -1
494, 362, -1
494, 362, -1
494, 238, -1
494, 110, -1
494, 158, -1
494, 46, -1
494, 141, -1
494, 405, -1
494, 213, -1
494, 437, -1
494, 0, -1
494, 71, -1
494, 191, -1
494, 199, -1
494, 279, -1
494, 372, -1
494, 270, -1
494, 352, -1
494, 329, -1
494, 172, -1
494, 14, -1
494, 185, -1
494, 490, -1
494, 463, -1
363, 382, -1
363, 403, -1
363, 298, -1
363, 95, -1
363, 362, -1
363, 362, -1
363, 238, -1
363, 110, -1
363, 158, -1
363, 46, -1
363, 141, -1
363, 405, -1
363, 213, -1
363, 437, -1
363, 348, -1
363, 429, -1
363, 154, -1
363, 112, -1
363, 45, -1
363, 440, -1
363, 212, -1
363, 212, -1
363, 394, -1
363, 122, -1
363, 35, -1
363, 47, -1
363, 452, -1
363, 206, -1
363, 331, -1
363, 72, -1
363, 202, -1
363, 494, -1

499, 382, 1
499, 403, 1
499, 298, 1
499, 95, 1
499, 362, 1
499, 362, 1
499, 238, 1
499, 110, 1
499, 158, 1
499, 46, 1
499, 141, 1
499, 405, 1
499, 213, 1
499, 437, 1
499, 59, 1
441, 348, 1
441, 429, 1
441, 154, 1
441, 112, 1
441, 45, 1
441, 440, 1
441, 212, 1
441, 212, 1
441, 394, 1
441, 122, 1
441, 35, 1
441, 47, 1
441, 452, 1
441, 206, 1
441, 331, 1
441, 72, 1
441, 202, 1
441, 494, 1
441, 58, 1
487, 0, 1
487, 71, 1
487, 191, 1
487, 199, 1
487, 279, 1
487, 372, 1
487, 270, 1
487, 352, 1
487, 329, 1
487, 172, 1
487, 14, 1
487, 185, 1
487, 490, 1
487, 463, 1
487, 363, 1
487, 249, 1
499, 348, -1
499, 429, -1
499, 154, -1
499, 112, -1
499, 45, -1
499, 440, -1
499, 212, -1
499, 212, -1
499, 394, -1
499, 122, -1
499, 35, -1
499, 47, -1
499, 452, -1
499, 206, -1
499, 331, -1
499, 72, -1
499, 202, -1
499, 494, -1
499, 58, -1
499, 0, -1
499, 71, -1
499, 191, -1
499, 199, -1
499, 279, -1
499, 372, -1
499, 270, -1
499, 352, -1
499, 329, -1
499, 172, -1
499, 14, -1
499, 185, -1
499, 490, -1
499, 463, -1
499, 363, -1
499, 249, -1
441, 382, -1
441, 403, -1
441, 298, -1
441, 95, -1
441, 362, -1
441, 362, -1
441, 238, -1
441, 110, -1
441, 158, -1
441, 46, -1
441, 141, -1
441, 405, -1
441, 213, -1
441, 437, -1
441, 59, -1
441, 499, -1
441, 0, -1
441, 71, -1
441, 191, -1
441, 199, -1
441, 279, -1
441, 372, -1
441, 270, -1
441, 352, -1
441, 329, -1
441, 172, -1
441, 14, -1
441, 185, -1
441, 490, -1
441, 463, -1
441, 363, -1
441, 249, -1
487, 382, -1
487, 403, -1
487, 298, -1
487, 95, -1
487, 362, -1
487, 362, -1
487, 238, -1
487, 110, -1
487, 158, -1
487, 46, -1
487, 141, -1
487, 405, -1
487, 213, -1
487, 437, -1
487, 59, -1
487, 499, -1
487, 348, -1
487, 429, -1
487, 154, -1
487, 112, -1
487, 45, -1
487, 440, -1
487, 212, -1
487, 212, -1
487, 394, -1
487, 122, -1
487, 35, -1
487, 47, -1
487, 452, -1
487, 206, -1
487, 331, -1
487, 72, -1
487, 202, -1
487, 494, -1
487, 58, -1
487, 441, -1

491, 382, 1
491, 403, 1
491, 298, 1
491, 95, 1
491, 362, 1
491, 362, 1
491, 238, 1
491, 110, 1
491, 158, 1
491, 46, 1
491, 141, 1
491, 405, 1
491, 213, 1
491, 437, 1
491, 59, 1
491, 499, 1
491, 102, 1
412, 348, 1
412, 429, 1
412, 154, 1
412, 112, 1
412, 45, 1
412, 440, 1
412, 212, 1
412, 212, 1
412, 394, 1
412, 122, 1
412, 35, 1
412, 47, 1
412, 452, 1
412, 206, 1
412, 331, 1
412, 72, 1
412, 202, 1
412, 494, 1
412, 58, 1
412, 441, 1
412, 236, 1
483, 0, 1
483, 71, 1
483, 191, 1
483, 199, 1
483, 279, 1
483, 372, 1
483, 270, 1
483, 352, 1
483, 329, 1
483, 172, 1
483, 14, 1
483, 185, 1
483, 490, 1
483, 463, 1
483, 363, 1
483, 249, 1
483, 487, 1
483, 483, 1
491, 348, -1
491, 429, -1
491, 154, -1
491, 112, -1
491, 45, -1
491, 440, -1
491, 212, -1
491, 212, -1
491, 394, -1
491, 122, -1
491, 35, -1
491, 47, -1
491, 452, -1
491, 206, -1
491, 331, -1
491, 72, -1
491, 202, -1
491, 494, -1
491, 58, -1
491, 441, -1
491, 236, -1
491, 0, -1
491, 71, -1
491, 191, -1
491, 199, -1
491, 279, -1
491, 372, -1
491, 270, -1
491, 352, -1
491, 329, -1
491, 172, -1
491, 14, -1
491, 185, -1
491, 490, -1
491, 463, -1
491, 363, -1
491, 249, -1
491, 487, -1
491, 483, -1
412, 382, -1
412, 403, -1
412, 298, -1
412, 95, -1
412, 362, -1
412, 362, -1
412, 238, -1
412, 110, -1
412, 158, -1
412, 46, -1
412, 141, -1
412, 405, -1
412, 213, -1
412, 437, -1
412, 59, -1
412, 499, -1
412, 102, -1
412, 491, -1
412, 0, -1
412, 71, -1
412, 191, -1
412, 199, -1
412, 279, -1
412, 372, -1
412, 270, -1
412, 352, -1
412, 329, -1
412, 172, -1
412, 14, -1
412, 185, -1
412, 490, -1
412, 463, -1
412, 363, -1
412, 249, -1
412, 487, -1
412, 483, -1
483, 382, -1
483, 403, -1
483, 298, -1
483, 95, -1
483, 362, -1
483, 362, -1
483, 238, -1
483, 110, -1
483, 158, -1
483, 46, -1
483, 141, -1
483, 405, -1
483, 213, -1
483, 437, -1
483, 59, -1
483, 499, -1
483, 102, -1
483, 491, -1
483, 348, -1
483, 429, -1
483, 154, -1
483, 112, -1
483, 45, -1
483, 440, -1
483, 212, -1
483, 212, -1
483, 394, -1
483, 122, -1
483, 35, -1
483, 47, -1
483, 452, -1
483, 206, -1
483, 331, -1
483, 72, -1
483, 202, -1
483, 494, -1
483, 58, -1
483, 441, -1
483, 236, -1
483, 412, -1

488, 382, 1
488, 403, 1
488, 298, 1
488, 95, 1
488, 362, 1
488, 362, 1
488, 238, 1
488, 110, 1
488, 158, 1
488, 46, 1
488, 141, 1
488, 405, 1
488, 213, 1
488, 437, 1
488, 59, 1
488, 499, 1
488, 102, 1
488, 491, 1
488, 103, 1
410, 348, 1
410, 429, 1
410, 154, 1
410, 112, 1
410, 45, 1
410, 440, 1
410, 212, 1
410, 212, 1
410, 394, 1
410, 122, 1
410, 35, 1
410, 47, 1
410, 452, 1
410, 206, 1
410, 331, 1
410, 72, 1
410, 202, 1
410, 494, 1
410, 58, 1
410, 441, 1
410, 236, 1
410, 412, 1
410, 356, 1
416, 0, 1
416, 71, 1
416, 191, 1
416, 199, 1
416, 279, 1
416, 372, 1
416, 270, 1
416, 352, 1
416, 329, 1
416, 172, 1
416, 14, 1
416, 185, 1
416, 490, 1
416, 463, 1
416, 363, 1
416, 249, 1
416, 487, 1
416, 483, 1
416, 483, 1
416, 26, 1
488, 348, -1
488, 429, -1
488, 154, -1
488, 112, -1
488, 45, -1
488, 440, -1
488, 212, -1
488, 212, -1
488, 394, -1
488, 122, -1
488, 35, -1
488, 47, -1
488, 452, -1
488, 206, -1
488, 331, -1
488, 72, -1
488, 202, -1
488, 494, -1
488, 58, -1
488, 441, -1
488, 236, -1
488, 412, -1
488, 356, -1
488, 0, -1
488, 71, -1
488, 191, -1
488, 199, -1
488, 279, -1
488, 372, -1
488, 270, -1
488, 352, -1
488, 329, -1
488, 172, -1
488, 14, -1
488, 185, -1
488, 490, -1
488, 463, -1
488, 363, -1
488, 249, -1
488, 487, -1
488, 483, -1
488, 483, -1
488, 26, -1
410, 382, -1
410, 403, -1
410, 298, -1
410, 95, -1
410, 362, -1
410, 362, -1
410, 238, -1
410, 110, -1
410, 158, -1
410, 46, -1
410, 141, -1
410, 405, -1
410, 213, -1
410, 437, -1
410, 59, -1
410, 499, -1
410, 102, -1
410, 491, -1
410, 103, -1
410, 488, -1
410, 0, -1
410, 71, -1
410, 191, -1
410, 199, -1
410, 279, -1
410, 372, -1
410, 270, -1
410, 352, -1
410, 329, -1
410, 172, -1
410, 14, -1
410, 185, -1
410, 490, -1
410, 463, -1
410, 363, -1
410, 249, -1
410, 487, -1
410, 483, -1
410, 483, -1
410, 26, -1
416, 382, -1
416, 403, -1
416, 298, -1
416, 95, -1
416, 362, -1
416, 362, -1
416, 238, -1
416, 110, -1
416, 158, -1
416, 46, -1
416, 141, -1
416, 405, -1
416, 213, -1
416, 437, -1
416, 59, -1
416, 499, -1
416, 102, -1
416, 491, -1
416, 103, -1
416, 488, -1
416, 348, -1
416, 429, -1
416, 154, -1
416, 112, -1
416, 45, -1
416, 440, -1
416, 212, -1
416, 212, -1
416, 394, -1
416, 122, -1
416, 35, -1
416, 47, -1
416, 452, -1
416, 206, -1
416, 331, -1
416, 72, -1
416, 202, -1
416, 494, -1
416, 58, -1
416, 441, -1
416, 236, -1
416, 412, -1
416, 356, -1
416, 410, -1

