176, 126, 1
33, 126, 1
33, 176, 1
137, 348, 1
286, 348, 1
286, 137, 1
123, 348, 1
123, 137, 1
123, 286, 1
323, 348, 1
323, 137, 1
323, 286, 1
323, 123, 1
18, 348, 1
18, 137, 1
18, 286, 1
18, 123, 1
18, 323, 1
126, 348, -1
176, 348, -1
33, 348, -1
137, 126, -1
137, 176, -1
137, 33, -1
286, 126, -1
286, 176, -1
286, 33, -1
123, 126, -1
123, 176, -1
123, 33, -1
323, 126, -1
323, 176, -1
323, 33, -1
18, 126, -1
18, 176, -1
18, 33, -1

51, 126, 1
51, 176, 1
51, 33, 1
4, 348, 1
4, 137, 1
4, 286, 1
4, 123, 1
4, 323, 1
4, 18, 1
51, 348, -1
51, 137, -1
51, 286, -1
51, 123, -1
51, 323, -1
51, 18, -1
4, 126, -1
4, 176, -1
4, 33, -1
4, 51, -1

78, 348, 1
78, 137, 1
78, 286, 1
78, 123, 1
78, 323, 1
78, 18, 1
78, 4, 1
78, 287, 1
134, 126, 1
134, 176, 1
134, 33, 1
134, 51, 1
287, 348, 1
287, 137, 1
287, 286, 1
287, 123, 1
287, 323, 1
287, 18, 1
287, 4, 1
287, 287, 1
287, 78, 1
115, 348, 1
115, 137, 1
115, 286, 1
115, 123, 1
115, 323, 1
115, 18, 1
115, 4, 1
115, 287, 1
115, 78, 1
115, 287, 1
78, 126, -1
78, 176, -1
78, 33, -1
78, 51, -1
134, 348, -1
134, 137, -1
134, 286, -1
134, 123, -1
134, 323, -1
134, 18, -1
134, 4, -1
134, 287, -1
134, 78, -1
287, 126, -1
287, 176, -1
287, 33, -1
287, 51, -1
287, 134, -1
115, 126, -1
115, 176, -1
115, 33, -1
115, 51, -1
115, 134, -1

40, 348, 1
40, 137, 1
40, 286, 1
40, 123, 1
40, 323, 1
40, 18, 1
40, 4, 1
40, 287, 1
40, 78, 1
40, 287, 1
40, 115, 1
40, 321, 1
142, 126, 1
142, 176, 1
142, 33, 1
142, 51, 1
142, 134, 1
120, 126, 1
120, 176, 1
120, 33, 1
120, 51, 1
120, 134, 1
120, 142, 1
183, 348, 1
183, 137, 1
183, 286, 1
183, 123, 1
183, 323, 1
183, 18, 1
183, 4, 1
183, 287, 1
183, 78, 1
183, 287, 1
183, 115, 1
183, 321, 1
183, 40, 1
40, 126, -1
40, 176, -1
40, 33, -1
40, 51, -1
40, 134, -1
142, 348, -1
142, 137, -1
142, 286, -1
142, 123, -1
142, 323, -1
142, 18, -1
142, 4, -1
142, 287, -1
142, 78, -1
142, 287, -1
142, 115, -1
142, 321, -1
142, 40, -1
120, 348, -1
120, 137, -1
120, 286, -1
120, 123, -1
120, 323, -1
120, 18, -1
120, 4, -1
120, 287, -1
120, 78, -1
120, 287, -1
120, 115, -1
120, 321, -1
120, 40, -1
183, 126, -1
183, 176, -1
183, 33, -1
183, 51, -1
183, 134, -1
183, 142, -1
183, 120, -1

264, 348, 1
264, 137, 1
264, 286, 1
264, 123, 1
264, 323, 1
264, 18, 1
264, 4, 1
264, 287, 1
264, 78, 1
264, 287, 1
264, 115, 1
264, 321, 1
264, 40, 1
264, 183, 1
264, 319, 1
250, 126, 1
250, 176, 1
250, 33, 1
250, 51, 1
250, 134, 1
250, 142, 1
250, 120, 1
132, 126, 1
132, 176, 1
132, 33, 1
132, 51, 1
132, 134, 1
132, 142, 1
132, 120, 1
132, 250, 1
245, 348, 1
245, 137, 1
245, 286, 1
245, 123, 1
245, 323, 1
245, 18, 1
245, 4, 1
245, 287, 1
245, 78, 1
245, 287, 1
245, 115, 1
245, 321, 1
245, 40, 1
245, 183, 1
245, 319, 1
245, 264, 1
273, 348, 1
273, 137, 1
273, 286, 1
273, 123, 1
273, 323, 1
273, 18, 1
273, 4, 1
273, 287, 1
273, 78, 1
273, 287, 1
273, 115, 1
273, 321, 1
273, 40, 1
273, 183, 1
273, 319, 1
273, 264, 1
273, 245, 1
264, 126, -1
264, 176, -1
264, 33, -1
264, 51, -1
264, 134, -1
264, 142, -1
264, 120, -1
250, 348, -1
250, 137, -1
250, 286, -1
250, 123, -1
250, 323, -1
250, 18, -1
250, 4, -1
250, 287, -1
250, 78, -1
250, 287, -1
250, 115, -1
250, 321, -1
250, 40, -1
250, 183, -1
250, 319, -1
250, 264, -1
132, 348, -1
132, 137, -1
132, 286, -1
132, 123, -1
132, 323, -1
132, 18, -1
132, 4, -1
132, 287, -1
132, 78, -1
132, 287, -1
132, 115, -1
132, 321, -1
132, 40, -1
132, 183, -1
132, 319, -1
132, 264, -1
245, 126, -1
245, 176, -1
245, 33, -1
245, 51, -1
245, 134, -1
245, 142, -1
245, 120, -1
245, 250, -1
245, 132, -1
273, 126, -1
273, 176, -1
273, 33, -1
273, 51, -1
273, 134, -1
273, 142, -1
273, 120, -1
273, 250, -1
273, 132, -1

93, 126, 1
93, 176, 1
93, 33, 1
93, 51, 1
93, 134, 1
93, 142, 1
93, 120, 1
93, 250, 1
93, 132, 1
262, 348, 1
262, 137, 1
262, 286, 1
262, 123, 1
262, 323, 1
262, 18, 1
262, 4, 1
262, 287, 1
262, 78, 1
262, 287, 1
262, 115, 1
262, 321, 1
262, 40, 1
262, 183, 1
262, 319, 1
262, 264, 1
262, 245, 1
262, 273, 1
262, 331, 1
42, 348, 1
42, 137, 1
42, 286, 1
42, 123, 1
42, 323, 1
42, 18, 1
42, 4, 1
42, 287, 1
42, 78, 1
42, 287, 1
42, 115, 1
42, 321, 1
42, 40, 1
42, 183, 1
42, 319, 1
42, 264, 1
42, 245, 1
42, 273, 1
42, 331, 1
42, 262, 1
209, 348, 1
209, 137, 1
209, 286, 1
209, 123, 1
209, 323, 1
209, 18, 1
209, 4, 1
209, 287, 1
209, 78, 1
209, 287, 1
209, 115, 1
209, 321, 1
209, 40, 1
209, 183, 1
209, 319, 1
209, 264, 1
209, 245, 1
209, 273, 1
209, 331, 1
209, 262, 1
209, 42, 1
141, 348, 1
141, 137, 1
141, 286, 1
141, 123, 1
141, 323, 1
141, 18, 1
141, 4, 1
141, 287, 1
141, 78, 1
141, 287, 1
141, 115, 1
141, 321, 1
141, 40, 1
141, 183, 1
141, 319, 1
141, 264, 1
141, 245, 1
141, 273, 1
141, 331, 1
141, 262, 1
141, 42, 1
141, 209, 1
93, 348, -1
93, 137, -1
93, 286, -1
93, 123, -1
93, 323, -1
93, 18, -1
93, 4, -1
93, 287, -1
93, 78, -1
93, 287, -1
93, 115, -1
93, 321, -1
93, 40, -1
93, 183, -1
93, 319, -1
93, 264, -1
93, 245, -1
93, 273, -1
93, 331, -1
262, 126, -1
262, 176, -1
262, 33, -1
262, 51, -1
262, 134, -1
262, 142, -1
262, 120, -1
262, 250, -1
262, 132, -1
262, 93, -1
42, 126, -1
42, 176, -1
42, 33, -1
42, 51, -1
42, 134, -1
42, 142, -1
42, 120, -1
42, 250, -1
42, 132, -1
42, 93, -1
209, 126, -1
209, 176, -1
209, 33, -1
209, 51, -1
209, 134, -1
209, 142, -1
209, 120, -1
209, 250, -1
209, 132, -1
209, 93, -1
141, 126, -1
141, 176, -1
141, 33, -1
141, 51, -1
141, 134, -1
141, 142, -1
141, 120, -1
141, 250, -1
141, 132, -1
141, 93, -1

340, 348, 1
340, 137, 1
340, 286, 1
340, 123, 1
340, 323, 1
340, 18, 1
340, 4, 1
340, 287, 1
340, 78, 1
340, 287, 1
340, 115, 1
340, 321, 1
340, 40, 1
340, 183, 1
340, 319, 1
340, 264, 1
340, 245, 1
340, 273, 1
340, 331, 1
340, 262, 1
340, 42, 1
340, 209, 1
340, 141, 1
340, 347, 1
278, 348, 1
278, 137, 1
278, 286, 1
278, 123, 1
278, 323, 1
278, 18, 1
278, 4, 1
278, 287, 1
278, 78, 1
278, 287, 1
278, 115, 1
278, 321, 1
278, 40, 1
278, 183, 1
278, 319, 1
278, 264, 1
278, 245, 1
278, 273, 1
278, 331, 1
278, 262, 1
278, 42, 1
278, 209, 1
278, 141, 1
278, 347, 1
278, 340, 1
10, 348, 1
10, 137, 1
10, 286, 1
10, 123, 1
10, 323, 1
10, 18, 1
10, 4, 1
10, 287, 1
10, 78, 1
10, 287, 1
10, 115, 1
10, 321, 1
10, 40, 1
10, 183, 1
10, 319, 1
10, 264, 1
10, 245, 1
10, 273, 1
10, 331, 1
10, 262, 1
10, 42, 1
10, 209, 1
10, 141, 1
10, 347, 1
10, 340, 1
10, 278, 1
65, 126, 1
65, 176, 1
65, 33, 1
65, 51, 1
65, 134, 1
65, 142, 1
65, 120, 1
65, 250, 1
65, 132, 1
65, 93, 1
177, 348, 1
177, 137, 1
177, 286, 1
177, 123, 1
177, 323, 1
177, 18, 1
177, 4, 1
177, 287, 1
177, 78, 1
177, 287, 1
177, 115, 1
177, 321, 1
177, 40, 1
177, 183, 1
177, 319, 1
177, 264, 1
177, 245, 1
177, 273, 1
177, 331, 1
177, 262, 1
177, 42, 1
177, 209, 1
177, 141, 1
177, 347, 1
177, 340, 1
177, 278, 1
177, 10, 1
234, 126, 1
234, 176, 1
234, 33, 1
234, 51, 1
234, 134, 1
234, 142, 1
234, 120, 1
234, 250, 1
234, 132, 1
234, 93, 1
234, 65, 1
340, 126, -1
340, 176, -1
340, 33, -1
340, 51, -1
340, 134, -1
340, 142, -1
340, 120, -1
340, 250, -1
340, 132, -1
340, 93, -1
278, 126, -1
278, 176, -1
278, 33, -1
278, 51, -1
278, 134, -1
278, 142, -1
278, 120, -1
278, 250, -1
278, 132, -1
278, 93, -1
10, 126, -1
10, 176, -1
10, 33, -1
10, 51, -1
10, 134, -1
10, 142, -1
10, 120, -1
10, 250, -1
10, 132, -1
10, 93, -1
65, 348, -1
65, 137, -1
65, 286, -1
65, 123, -1
65, 323, -1
65, 18, -1
65, 4, -1
65, 287, -1
65, 78, -1
65, 287, -1
65, 115, -1
65, 321, -1
65, 40, -1
65, 183, -1
65, 319, -1
65, 264, -1
65, 245, -1
65, 273, -1
65, 331, -1
65, 262, -1
65, 42, -1
65, 209, -1
65, 141, -1
65, 347, -1
65, 340, -1
65, 278, -1
65, 10, -1
177, 126, -1
177, 176, -1
177, 33, -1
177, 51, -1
177, 134, -1
177, 142, -1
177, 120, -1
177, 250, -1
177, 132, -1
177, 93, -1
177, 65, -1
234, 348, -1
234, 137, -1
234, 286, -1
234, 123, -1
234, 323, -1
234, 18, -1
234, 4, -1
234, 287, -1
234, 78, -1
234, 287, -1
234, 115, -1
234, 321, -1
234, 40, -1
234, 183, -1
234, 319, -1
234, 264, -1
234, 245, -1
234, 273, -1
234, 331, -1
234, 262, -1
234, 42, -1
234, 209, -1
234, 141, -1
234, 347, -1
234, 340, -1
234, 278, -1
234, 10, -1
234, 177, -1

328, 348, 1
328, 137, 1
328, 286, 1
328, 123, 1
328, 323, 1
328, 18, 1
328, 4, 1
328, 287, 1
328, 78, 1
328, 287, 1
328, 115, 1
328, 321, 1
328, 40, 1
328, 183, 1
328, 319, 1
328, 264, 1
328, 245, 1
328, 273, 1
328, 331, 1
328, 262, 1
328, 42, 1
328, 209, 1
328, 141, 1
328, 347, 1
328, 340, 1
328, 278, 1
328, 10, 1
328, 177, 1
328, 332, 1
261, 348, 1
261, 137, 1
261, 286, 1
261, 123, 1
261, 323, 1
261, 18, 1
261, 4, 1
261, 287, 1
261, 78, 1
261, 287, 1
261, 115, 1
261, 321, 1
261, 40, 1
261, 183, 1
261, 319, 1
261, 264, 1
261, 245, 1
261, 273, 1
261, 331, 1
261, 262, 1
261, 42, 1
261, 209, 1
261, 141, 1
261, 347, 1
261, 340, 1
261, 278, 1
261, 10, 1
261, 177, 1
261, 332, 1
261, 328, 1
173, 348, 1
173, 137, 1
173, 286, 1
173, 123, 1
173, 323, 1
173, 18, 1
173, 4, 1
173, 287, 1
173, 78, 1
173, 287, 1
173, 115, 1
173, 321, 1
173, 40, 1
173, 183, 1
173, 319, 1
173, 264, 1
173, 245, 1
173, 273, 1
173, 331, 1
173, 262, 1
173, 42, 1
173, 209, 1
173, 141, 1
173, 347, 1
173, 340, 1
173, 278, 1
173, 10, 1
173, 177, 1
173, 332, 1
173, 328, 1
173, 261, 1
243, 348, 1
243, 137, 1
243, 286, 1
243, 123, 1
243, 323, 1
243, 18, 1
243, 4, 1
243, 287, 1
243, 78, 1
243, 287, 1
243, 115, 1
243, 321, 1
243, 40, 1
243, 183, 1
243, 319, 1
243, 264, 1
243, 245, 1
243, 273, 1
243, 331, 1
243, 262, 1
243, 42, 1
243, 209, 1
243, 141, 1
243, 347, 1
243, 340, 1
243, 278, 1
243, 10, 1
243, 177, 1
243, 332, 1
243, 328, 1
243, 261, 1
243, 173, 1
199, 348, 1
199, 137, 1
199, 286, 1
199, 123, 1
199, 323, 1
199, 18, 1
199, 4, 1
199, 287, 1
199, 78, 1
199, 287, 1
199, 115, 1
199, 321, 1
199, 40, 1
199, 183, 1
199, 319, 1
199, 264, 1
199, 245, 1
199, 273, 1
199, 331, 1
199, 262, 1
199, 42, 1
199, 209, 1
199, 141, 1
199, 347, 1
199, 340, 1
199, 278, 1
199, 10, 1
199, 177, 1
199, 332, 1
199, 328, 1
199, 261, 1
199, 173, 1
199, 243, 1
328, 126, -1
328, 176, -1
328, 33, -1
328, 51, -1
328, 134, -1
328, 142, -1
328, 120, -1
328, 250, -1
328, 132, -1
328, 93, -1
328, 65, -1
328, 234, -1
261, 126, -1
261, 176, -1
261, 33, -1
261, 51, -1
261, 134, -1
261, 142, -1
261, 120, -1
261, 250, -1
261, 132, -1
261, 93, -1
261, 65, -1
261, 234, -1
173, 126, -1
173, 176, -1
173, 33, -1
173, 51, -1
173, 134, -1
173, 142, -1
173, 120, -1
173, 250, -1
173, 132, -1
173, 93, -1
173, 65, -1
173, 234, -1
243, 126, -1
243, 176, -1
243, 33, -1
243, 51, -1
243, 134, -1
243, 142, -1
243, 120, -1
243, 250, -1
243, 132, -1
243, 93, -1
243, 65, -1
243, 234, -1
199, 126, -1
199, 176, -1
199, 33, -1
199, 51, -1
199, 134, -1
199, 142, -1
199, 120, -1
199, 250, -1
199, 132, -1
199, 93, -1
199, 65, -1
199, 234, -1

23, 126, 1
23, 176, 1
23, 33, 1
23, 51, 1
23, 134, 1
23, 142, 1
23, 120, 1
23, 250, 1
23, 132, 1
23, 93, 1
23, 65, 1
23, 234, 1
164, 126, 1
164, 176, 1
164, 33, 1
164, 51, 1
164, 134, 1
164, 142, 1
164, 120, 1
164, 250, 1
164, 132, 1
164, 93, 1
164, 65, 1
164, 234, 1
164, 23, 1
236, 126, 1
236, 176, 1
236, 33, 1
236, 51, 1
236, 134, 1
236, 142, 1
236, 120, 1
236, 250, 1
236, 132, 1
236, 93, 1
236, 65, 1
236, 234, 1
236, 23, 1
236, 164, 1
109, 348, 1
109, 137, 1
109, 286, 1
109, 123, 1
109, 323, 1
109, 18, 1
109, 4, 1
109, 287, 1
109, 78, 1
109, 287, 1
109, 115, 1
109, 321, 1
109, 40, 1
109, 183, 1
109, 319, 1
109, 264, 1
109, 245, 1
109, 273, 1
109, 331, 1
109, 262, 1
109, 42, 1
109, 209, 1
109, 141, 1
109, 347, 1
109, 340, 1
109, 278, 1
109, 10, 1
109, 177, 1
109, 332, 1
109, 328, 1
109, 261, 1
109, 173, 1
109, 243, 1
109, 199, 1
109, 329, 1
127, 348, 1
127, 137, 1
127, 286, 1
127, 123, 1
127, 323, 1
127, 18, 1
127, 4, 1
127, 287, 1
127, 78, 1
127, 287, 1
127, 115, 1
127, 321, 1
127, 40, 1
127, 183, 1
127, 319, 1
127, 264, 1
127, 245, 1
127, 273, 1
127, 331, 1
127, 262, 1
127, 42, 1
127, 209, 1
127, 141, 1
127, 347, 1
127, 340, 1
127, 278, 1
127, 10, 1
127, 177, 1
127, 332, 1
127, 328, 1
127, 261, 1
127, 173, 1
127, 243, 1
127, 199, 1
127, 329, 1
127, 109, 1
80, 348, 1
80, 137, 1
80, 286, 1
80, 123, 1
80, 323, 1
80, 18, 1
80, 4, 1
80, 287, 1
80, 78, 1
80, 287, 1
80, 115, 1
80, 321, 1
80, 40, 1
80, 183, 1
80, 319, 1
80, 264, 1
80, 245, 1
80, 273, 1
80, 331, 1
80, 262, 1
80, 42, 1
80, 209, 1
80, 141, 1
80, 347, 1
80, 340, 1
80, 278, 1
80, 10, 1
80, 177, 1
80, 332, 1
80, 328, 1
80, 261, 1
80, 173, 1
80, 243, 1
80, 199, 1
80, 329, 1
80, 109, 1
80, 127, 1
23, 348, -1
23, 137, -1
23, 286, -1
23, 123, -1
23, 323, -1
23, 18, -1
23, 4, -1
23, 287, -1
23, 78, -1
23, 287, -1
23, 115, -1
23, 321, -1
23, 40, -1
23, 183, -1
23, 319, -1
23, 264, -1
23, 245, -1
23, 273, -1
23, 331, -1
23, 262, -1
23, 42, -1
23, 209, -1
23, 141, -1
23, 347, -1
23, 340, -1
23, 278, -1
23, 10, -1
23, 177, -1
23, 332, -1
23, 328, -1
23, 261, -1
23, 173, -1
23, 243, -1
23, 199, -1
23, 329, -1
164, 348, -1
164, 137, -1
164, 286, -1
164, 123, -1
164, 323, -1
164, 18, -1
164, 4, -1
164, 287, -1
164, 78, -1
164, 287, -1
164, 115, -1
164, 321, -1
164, 40, -1
164, 183, -1
164, 319, -1
164, 264, -1
164, 245, -1
164, 273, -1
164, 331, -1
164, 262, -1
164, 42, -1
164, 209, -1
164, 141, -1
164, 347, -1
164, 340, -1
164, 278, -1
164, 10, -1
164, 177, -1
164, 332, -1
164, 328, -1
164, 261, -1
164, 173, -1
164, 243, -1
164, 199, -1
164, 329, -1
236, 348, -1
236, 137, -1
236, 286, -1
236, 123, -1
236, 323, -1
236, 18, -1
236, 4, -1
236, 287, -1
236, 78, -1
236, 287, -1
236, 115, -1
236, 321, -1
236, 40, -1
236, 183, -1
236, 319, -1
236, 264, -1
236, 245, -1
236, 273, -1
236, 331, -1
236, 262, -1
236, 42, -1
236, 209, -1
236, 141, -1
236, 347, -1
236, 340, -1
236, 278, -1
236, 10, -1
236, 177, -1
236, 332, -1
236, 328, -1
236, 261, -1
236, 173, -1
236, 243, -1
236, 199, -1
236, 329, -1
109, 126, -1
109, 176, -1
109, 33, -1
109, 51, -1
109, 134, -1
109, 142, -1
109, 120, -1
109, 250, -1
109, 132, -1
109, 93, -1
109, 65, -1
109, 234, -1
109, 23, -1
109, 164, -1
109, 236, -1
127, 126, -1
127, 176, -1
127, 33, -1
127, 51, -1
127, 134, -1
127, 142, -1
127, 120, -1
127, 250, -1
127, 132, -1
127, 93, -1
127, 65, -1
127, 234, -1
127, 23, -1
127, 164, -1
127, 236, -1
80, 126, -1
80, 176, -1
80, 33, -1
80, 51, -1
80, 134, -1
80, 142, -1
80, 120, -1
80, 250, -1
80, 132, -1
80, 93, -1
80, 65, -1
80, 234, -1
80, 23, -1
80, 164, -1
80, 236, -1

162, 126, 1
162, 176, 1
162, 33, 1
162, 51, 1
162, 134, 1
162, 142, 1
162, 120, 1
162, 250, 1
162, 132, 1
162, 93, 1
162, 65, 1
162, 234, 1
162, 23, 1
162, 164, 1
162, 236, 1
165, 348, 1
165, 137, 1
165, 286, 1
165, 123, 1
165, 323, 1
165, 18, 1
165, 4, 1
165, 287, 1
165, 78, 1
165, 287, 1
165, 115, 1
165, 321, 1
165, 40, 1
165, 183, 1
165, 319, 1
165, 264, 1
165, 245, 1
165, 273, 1
165, 331, 1
165, 262, 1
165, 42, 1
165, 209, 1
165, 141, 1
165, 347, 1
165, 340, 1
165, 278, 1
165, 10, 1
165, 177, 1
165, 332, 1
165, 328, 1
165, 261, 1
165, 173, 1
165, 243, 1
165, 199, 1
165, 329, 1
165, 109, 1
165, 127, 1
165, 80, 1
165, 241, 1
225, 348, 1
225, 137, 1
225, 286, 1
225, 123, 1
225, 323, 1
225, 18, 1
225, 4, 1
225, 287, 1
225, 78, 1
225, 287, 1
225, 115, 1
225, 321, 1
225, 40, 1
225, 183, 1
225, 319, 1
225, 264, 1
225, 245, 1
225, 273, 1
225, 331, 1
225, 262, 1
225, 42, 1
225, 209, 1
225, 141, 1
225, 347, 1
225, 340, 1
225, 278, 1
225, 10, 1
225, 177, 1
225, 332, 1
225, 328, 1
225, 261, 1
225, 173, 1
225, 243, 1
225, 199, 1
225, 329, 1
225, 109, 1
225, 127, 1
225, 80, 1
225, 241, 1
225, 165, 1
35, 126, 1
35, 176, 1
35, 33, 1
35, 51, 1
35, 134, 1
35, 142, 1
35, 120, 1
35, 250, 1
35, 132, 1
35, 93, 1
35, 65, 1
35, 234, 1
35, 23, 1
35, 164, 1
35, 236, 1
35, 162, 1
66, 348, 1
66, 137, 1
66, 286, 1
66, 123, 1
66, 323, 1
66, 18, 1
66, 4, 1
66, 287, 1
66, 78, 1
66, 287, 1
66, 115, 1
66, 321, 1
66, 40, 1
66, 183, 1
66, 319, 1
66, 264, 1
66, 245, 1
66, 273, 1
66, 331, 1
66, 262, 1
66, 42, 1
66, 209, 1
66, 141, 1
66, 347, 1
66, 340, 1
66, 278, 1
66, 10, 1
66, 177, 1
66, 332, 1
66, 328, 1
66, 261, 1
66, 173, 1
66, 243, 1
66, 199, 1
66, 329, 1
66, 109, 1
66, 127, 1
66, 80, 1
66, 241, 1
66, 165, 1
66, 225, 1
294, 348, 1
294, 137, 1
294, 286, 1
294, 123, 1
294, 323, 1
294, 18, 1
294, 4, 1
294, 287, 1
294, 78, 1
294, 287, 1
294, 115, 1
294, 321, 1
294, 40, 1
294, 183, 1
294, 319, 1
294, 264, 1
294, 245, 1
294, 273, 1
294, 331, 1
294, 262, 1
294, 42, 1
294, 209, 1
294, 141, 1
294, 347, 1
294, 340, 1
294, 278, 1
294, 10, 1
294, 177, 1
294, 332, 1
294, 328, 1
294, 261, 1
294, 173, 1
294, 243, 1
294, 199, 1
294, 329, 1
294, 109, 1
294, 127, 1
294, 80, 1
294, 241, 1
294, 165, 1
294, 225, 1
294, 66, 1
162, 348, -1
162, 137, -1
162, 286, -1
162, 123, -1
162, 323, -1
162, 18, -1
162, 4, -1
162, 287, -1
162, 78, -1
162, 287, -1
162, 115, -1
162, 321, -1
162, 40, -1
162, 183, -1
162, 319, -1
162, 264, -1
162, 245, -1
162, 273, -1
162, 331, -1
162, 262, -1
162, 42, -1
162, 209, -1
162, 141, -1
162, 347, -1
162, 340, -1
162, 278, -1
162, 10, -1
162, 177, -1
162, 332, -1
162, 328, -1
162, 261, -1
162, 173, -1
162, 243, -1
162, 199, -1
162, 329, -1
162, 109, -1
162, 127, -1
162, 80, -1
162, 241, -1
165, 126, -1
165, 176, -1
165, 33, -1
165, 51, -1
165, 134, -1
165, 142, -1
165, 120, -1
165, 250, -1
165, 132, -1
165, 93, -1
165, 65, -1
165, 234, -1
165, 23, -1
165, 164, -1
165, 236, -1
165, 162, -1
225, 126, -1
225, 176, -1
225, 33, -1
225, 51, -1
225, 134, -1
225, 142, -1
225, 120, -1
225, 250, -1
225, 132, -1
225, 93, -1
225, 65, -1
225, 234, -1
225, 23, -1
225, 164, -1
225, 236, -1
225, 162, -1
35, 348, -1
35, 137, -1
35, 286, -1
35, 123, -1
35, 323, -1
35, 18, -1
35, 4, -1
35, 287, -1
35, 78, -1
35, 287, -1
35, 115, -1
35, 321, -1
35, 40, -1
35, 183, -1
35, 319, -1
35, 264, -1
35, 245, -1
35, 273, -1
35, 331, -1
35, 262, -1
35, 42, -1
35, 209, -1
35, 141, -1
35, 347, -1
35, 340, -1
35, 278, -1
35, 10, -1
35, 177, -1
35, 332, -1
35, 328, -1
35, 261, -1
35, 173, -1
35, 243, -1
35, 199, -1
35, 329, -1
35, 109, -1
35, 127, -1
35, 80, -1
35, 241, -1
35, 165, -1
35, 225, -1
66, 126, -1
66, 176, -1
66, 33, -1
66, 51, -1
66, 134, -1
66, 142, -1
66, 120, -1
66, 250, -1
66, 132, -1
66, 93, -1
66, 65, -1
66, 234, -1
66, 23, -1
66, 164, -1
66, 236, -1
66, 162, -1
66, 35, -1
294, 126, -1
294, 176, -1
294, 33, -1
294, 51, -1
294, 134, -1
294, 142, -1
294, 120, -1
294, 250, -1
294, 132, -1
294, 93, -1
294, 65, -1
294, 234, -1
294, 23, -1
294, 164, -1
294, 236, -1
294, 162, -1
294, 35, -1

