219, 348, 1
57, 126, 1
192, 126, 1
192, 57, 1
82, 348, 1
82, 219, 1
286, 348, 1
286, 219, 1
286, 82, 1
130, 126, 1
130, 57, 1
130, 192, 1
126, 348, -1
219, 126, -1
57, 348, -1
57, 219, -1
192, 348, -1
192, 219, -1
82, 126, -1
82, 57, -1
82, 192, -1
286, 126, -1
286, 57, -1
286, 192, -1
130, 348, -1
130, 219, -1
130, 82, -1
130, 286, -1

264, 348, 1
264, 219, 1
264, 82, 1
264, 286, 1
134, 126, 1
134, 57, 1
134, 192, 1
134, 130, 1
264, 126, -1
264, 57, -1
264, 192, -1
264, 130, -1
134, 348, -1
134, 219, -1
134, 82, -1
134, 286, -1
134, 264, -1

132, 126, 1
132, 57, 1
132, 192, 1
132, 130, 1
132, 134, 1
176, 126, 1
176, 57, 1
176, 192, 1
176, 130, 1
176, 134, 1
176, 132, 1
132, 348, -1
132, 219, -1
132, 82, -1
132, 286, -1
132, 264, -1
176, 348, -1
176, 219, -1
176, 82, -1
176, 286, -1
176, 264, -1

104, 126, 1
104, 57, 1
104, 192, 1
104, 130, 1
104, 134, 1
104, 132, 1
104, 176, 1
295, 348, 1
295, 219, 1
295, 82, 1
295, 286, 1
295, 264, 1
244, 126, 1
244, 57, 1
244, 192, 1
244, 130, 1
244, 134, 1
244, 132, 1
244, 176, 1
244, 104, 1
104, 348, -1
104, 219, -1
104, 82, -1
104, 286, -1
104, 264, -1
295, 126, -1
295, 57, -1
295, 192, -1
295, 130, -1
295, 134, -1
295, 132, -1
295, 176, -1
295, 104, -1
244, 348, -1
244, 219, -1
244, 82, -1
244, 286, -1
244, 264, -1
244, 295, -1

186, 126, 1
186, 57, 1
186, 192, 1
186, 130, 1
186, 134, 1
186, 132, 1
186, 176, 1
186, 104, 1
186, 244, 1
263, 348, 1
263, 219, 1
263, 82, 1
263, 286, 1
263, 264, 1
263, 295, 1
245, 348, 1
245, 219, 1
245, 82, 1
245, 286, 1
245, 264, 1
245, 295, 1
245, 263, 1
200, 126, 1
200, 57, 1
200, 192, 1
200, 130, 1
200, 134, 1
200, 132, 1
200, 176, 1
200, 104, 1
200, 244, 1
200, 186, 1
186, 348, -1
186, 219, -1
186, 82, -1
186, 286, -1
186, 264, -1
186, 295, -1
263, 126, -1
263, 57, -1
263, 192, -1
263, 130, -1
263, 134, -1
263, 132, -1
263, 176, -1
263, 104, -1
263, 244, -1
263, 186, -1
245, 126, -1
245, 57, -1
245, 192, -1
245, 130, -1
245, 134, -1
245, 132, -1
245, 176, -1
245, 104, -1
245, 244, -1
245, 186, -1
200, 348, -1
200, 219, -1
200, 82, -1
200, 286, -1
200, 264, -1
200, 295, -1
200, 263, -1
200, 245, -1

43, 126, 1
43, 57, 1
43, 192, 1
43, 130, 1
43, 134, 1
43, 132, 1
43, 176, 1
43, 104, 1
43, 244, 1
43, 186, 1
43, 200, 1
43, 106, 1
184, 126, 1
184, 57, 1
184, 192, 1
184, 130, 1
184, 134, 1
184, 132, 1
184, 176, 1
184, 104, 1
184, 244, 1
184, 186, 1
184, 200, 1
184, 106, 1
184, 43, 1
106, 126, 1
106, 57, 1
106, 192, 1
106, 130, 1
106, 134, 1
106, 132, 1
106, 176, 1
106, 104, 1
106, 244, 1
106, 186, 1
106, 200, 1
106, 106, 1
106, 43, 1
106, 184, 1
151, 348, 1
151, 219, 1
151, 82, 1
151, 286, 1
151, 264, 1
151, 295, 1
151, 263, 1
151, 245, 1
151, 287, 1
261, 348, 1
261, 219, 1
261, 82, 1
261, 286, 1
261, 264, 1
261, 295, 1
261, 263, 1
261, 245, 1
261, 287, 1
261, 151, 1
279, 348, 1
279, 219, 1
279, 82, 1
279, 286, 1
279, 264, 1
279, 295, 1
279, 263, 1
279, 245, 1
279, 287, 1
279, 151, 1
279, 261, 1
43, 348, -1
43, 219, -1
43, 82, -1
43, 286, -1
43, 264, -1
43, 295, -1
43, 263, -1
43, 245, -1
43, 287, -1
184, 348, -1
184, 219, -1
184, 82, -1
184, 286, -1
184, 264, -1
184, 295, -1
184, 263, -1
184, 245, -1
184, 287, -1
106, 348, -1
106, 219, -1
106, 82, -1
106, 286, -1
106, 264, -1
106, 295, -1
106, 263, -1
106, 245, -1
106, 287, -1
151, 126, -1
151, 57, -1
151, 192, -1
151, 130, -1
151, 134, -1
151, 132, -1
151, 176, -1
151, 104, -1
151, 244, -1
151, 186, -1
151, 200, -1
151, 106, -1
151, 43, -1
151, 184, -1
151, 106, -1
261, 126, -1
261, 57, -1
261, 192, -1
261, 130, -1
261, 134, -1
261, 132, -1
261, 176, -1
261, 104, -1
261, 244, -1
261, 186, -1
261, 200, -1
261, 106, -1
261, 43, -1
261, 184, -1
261, 106, -1
279, 126, -1
279, 57, -1
279, 192, -1
279, 130, -1
279, 134, -1
279, 132, -1
279, 176, -1
279, 104, -1
279, 244, -1
279, 186, -1
279, 200, -1
279, 106, -1
279, 43, -1
279, 184, -1
279, 106, -1

218, 126, 1
218, 57, 1
218, 192, 1
218, 130, 1
218, 134, 1
218, 132, 1
218, 176, 1
218, 104, 1
218, 244, 1
218, 186, 1
218, 200, 1
218, 106, 1
218, 43, 1
218, 184, 1
218, 106, 1
218, 158, 1
4, 348, 1
4, 219, 1
4, 82, 1
4, 286, 1
4, 264, 1
4, 295, 1
4, 263, 1
4, 245, 1
4, 287, 1
4, 151, 1
4, 261, 1
4, 279, 1
4, 259, 1
259, 348, 1
259, 219, 1
259, 82, 1
259, 286, 1
259, 264, 1
259, 295, 1
259, 263, 1
259, 245, 1
259, 287, 1
259, 151, 1
259, 261, 1
259, 279, 1
259, 259, 1
259, 4, 1
115, 348, 1
115, 219, 1
115, 82, 1
115, 286, 1
115, 264, 1
115, 295, 1
115, 263, 1
115, 245, 1
115, 287, 1
115, 151, 1
115, 261, 1
115, 279, 1
115, 259, 1
115, 4, 1
115, 259, 1
137, 348, 1
137, 219, 1
137, 82, 1
137, 286, 1
137, 264, 1
137, 295, 1
137, 263, 1
137, 245, 1
137, 287, 1
137, 151, 1
137, 261, 1
137, 279, 1
137, 259, 1
137, 4, 1
137, 259, 1
137, 115, 1
218, 348, -1
218, 219, -1
218, 82, -1
218, 286, -1
218, 264, -1
218, 295, -1
218, 263, -1
218, 245, -1
218, 287, -1
218, 151, -1
218, 261, -1
218, 279, -1
218, 259, -1
4, 126, -1
4, 57, -1
4, 192, -1
4, 130, -1
4, 134, -1
4, 132, -1
4, 176, -1
4, 104, -1
4, 244, -1
4, 186, -1
4, 200, -1
4, 106, -1
4, 43, -1
4, 184, -1
4, 106, -1
4, 158, -1
4, 218, -1
259, 126, -1
259, 57, -1
259, 192, -1
259, 130, -1
259, 134, -1
259, 132, -1
259, 176, -1
259, 104, -1
259, 244, -1
259, 186, -1
259, 200, -1
259, 106, -1
259, 43, -1
259, 184, -1
259, 106, -1
259, 158, -1
259, 218, -1
115, 126, -1
115, 57, -1
115, 192, -1
115, 130, -1
115, 134, -1
115, 132, -1
115, 176, -1
115, 104, -1
115, 244, -1
115, 186, -1
115, 200, -1
115, 106, -1
115, 43, -1
115, 184, -1
115, 106, -1
115, 158, -1
115, 218, -1
137, 126, -1
137, 57, -1
137, 192, -1
137, 130, -1
137, 134, -1
137, 132, -1
137, 176, -1
137, 104, -1
137, 244, -1
137, 186, -1
137, 200, -1
137, 106, -1
137, 43, -1
137, 184, -1
137, 106, -1
137, 158, -1
137, 218, -1

206, 126, 1
206, 57, 1
206, 192, 1
206, 130, 1
206, 134, 1
206, 132, 1
206, 176, 1
206, 104, 1
206, 244, 1
206, 186, 1
206, 200, 1
206, 106, 1
206, 43, 1
206, 184, 1
206, 106, 1
206, 158, 1
206, 218, 1
206, 230, 1
142, 126, 1
142, 57, 1
142, 192, 1
142, 130, 1
142, 134, 1
142, 132, 1
142, 176, 1
142, 104, 1
142, 244, 1
142, 186, 1
142, 200, 1
142, 106, 1
142, 43, 1
142, 184, 1
142, 106, 1
142, 158, 1
142, 218, 1
142, 230, 1
142, 206, 1
199, 348, 1
199, 219, 1
199, 82, 1
199, 286, 1
199, 264, 1
199, 295, 1
199, 263, 1
199, 245, 1
199, 287, 1
199, 151, 1
199, 261, 1
199, 279, 1
199, 259, 1
199, 4, 1
199, 259, 1
199, 115, 1
199, 137, 1
199, 155, 1
230, 126, 1
230, 57, 1
230, 192, 1
230, 130, 1
230, 134, 1
230, 132, 1
230, 176, 1
230, 104, 1
230, 244, 1
230, 186, 1
230, 200, 1
230, 106, 1
230, 43, 1
230, 184, 1
230, 106, 1
230, 158, 1
230, 218, 1
230, 230, 1
230, 206, 1
230, 142, 1
88, 348, 1
88, 219, 1
88, 82, 1
88, 286, 1
88, 264, 1
88, 295, 1
88, 263, 1
88, 245, 1
88, 287, 1
88, 151, 1
88, 261, 1
88, 279, 1
88, 259, 1
88, 4, 1
88, 259, 1
88, 115, 1
88, 137, 1
88, 155, 1
88, 199, 1
225, 348, 1
225, 219, 1
225, 82, 1
225, 286, 1
225, 264, 1
225, 295, 1
225, 263, 1
225, 245, 1
225, 287, 1
225, 151, 1
225, 261, 1
225, 279, 1
225, 259, 1
225, 4, 1
225, 259, 1
225, 115, 1
225, 137, 1
225, 155, 1
225, 199, 1
225, 88, 1
206, 348, -1
206, 219, -1
206, 82, -1
206, 286, -1
206, 264, -1
206, 295, -1
206, 263, -1
206, 245, -1
206, 287, -1
206, 151, -1
206, 261, -1
206, 279, -1
206, 259, -1
206, 4, -1
206, 259, -1
206, 115, -1
206, 137, -1
206, 155, -1
142, 348, -1
142, 219, -1
142, 82, -1
142, 286, -1
142, 264, -1
142, 295, -1
142, 263, -1
142, 245, -1
142, 287, -1
142, 151, -1
142, 261, -1
142, 279, -1
142, 259, -1
142, 4, -1
142, 259, -1
142, 115, -1
142, 137, -1
142, 155, -1
199, 126, -1
199, 57, -1
199, 192, -1
199, 130, -1
199, 134, -1
199, 132, -1
199, 176, -1
199, 104, -1
199, 244, -1
199, 186, -1
199, 200, -1
199, 106, -1
199, 43, -1
199, 184, -1
199, 106, -1
199, 158, -1
199, 218, -1
199, 230, -1
199, 206, -1
199, 142, -1
230, 348, -1
230, 219, -1
230, 82, -1
230, 286, -1
230, 264, -1
230, 295, -1
230, 263, -1
230, 245, -1
230, 287, -1
230, 151, -1
230, 261, -1
230, 279, -1
230, 259, -1
230, 4, -1
230, 259, -1
230, 115, -1
230, 137, -1
230, 155, -1
230, 199, -1
88, 126, -1
88, 57, -1
88, 192, -1
88, 130, -1
88, 134, -1
88, 132, -1
88, 176, -1
88, 104, -1
88, 244, -1
88, 186, -1
88, 200, -1
88, 106, -1
88, 43, -1
88, 184, -1
88, 106, -1
88, 158, -1
88, 218, -1
88, 230, -1
88, 206, -1
88, 142, -1
88, 230, -1
225, 126, -1
225, 57, -1
225, 192, -1
225, 130, -1
225, 134, -1
225, 132, -1
225, 176, -1
225, 104, -1
225, 244, -1
225, 186, -1
225, 200, -1
225, 106, -1
225, 43, -1
225, 184, -1
225, 106, -1
225, 158, -1
225, 218, -1
225, 230, -1
225, 206, -1
225, 142, -1
225, 230, -1

198, 126, 1
198, 57, 1
198, 192, 1
198, 130, 1
198, 134, 1
198, 132, 1
198, 176, 1
198, 104, 1
198, 244, 1
198, 186, 1
198, 200, 1
198, 106, 1
198, 43, 1
198, 184, 1
198, 106, 1
198, 158, 1
198, 218, 1
198, 230, 1
198, 206, 1
198, 142, 1
198, 230, 1
198, 138, 1
208, 126, 1
208, 57, 1
208, 192, 1
208, 130, 1
208, 134, 1
208, 132, 1
208, 176, 1
208, 104, 1
208, 244, 1
208, 186, 1
208, 200, 1
208, 106, 1
208, 43, 1
208, 184, 1
208, 106, 1
208, 158, 1
208, 218, 1
208, 230, 1
208, 206, 1
208, 142, 1
208, 230, 1
208, 138, 1
208, 198, 1
278, 348, 1
278, 219, 1
278, 82, 1
278, 286, 1
278, 264, 1
278, 295, 1
278, 263, 1
278, 245, 1
278, 287, 1
278, 151, 1
278, 261, 1
278, 279, 1
278, 259, 1
278, 4, 1
278, 259, 1
278, 115, 1
278, 137, 1
278, 155, 1
278, 199, 1
278, 88, 1
278, 225, 1
278, 321, 1
112, 126, 1
112, 57, 1
112, 192, 1
112, 130, 1
112, 134, 1
112, 132, 1
112, 176, 1
112, 104, 1
112, 244, 1
112, 186, 1
112, 200, 1
112, 106, 1
112, 43, 1
112, 184, 1
112, 106, 1
112, 158, 1
112, 218, 1
112, 230, 1
112, 206, 1
112, 142, 1
112, 230, 1
112, 138, 1
112, 198, 1
112, 208, 1
276, 348, 1
276, 219, 1
276, 82, 1
276, 286, 1
276, 264, 1
276, 295, 1
276, 263, 1
276, 245, 1
276, 287, 1
276, 151, 1
276, 261, 1
276, 279, 1
276, 259, 1
276, 4, 1
276, 259, 1
276, 115, 1
276, 137, 1
276, 155, 1
276, 199, 1
276, 88, 1
276, 225, 1
276, 321, 1
276, 278, 1
173, 348, 1
173, 219, 1
173, 82, 1
173, 286, 1
173, 264, 1
173, 295, 1
173, 263, 1
173, 245, 1
173, 287, 1
173, 151, 1
173, 261, 1
173, 279, 1
173, 259, 1
173, 4, 1
173, 259, 1
173, 115, 1
173, 137, 1
173, 155, 1
173, 199, 1
173, 88, 1
173, 225, 1
173, 321, 1
173, 278, 1
173, 276, 1
198, 348, -1
198, 219, -1
198, 82, -1
198, 286, -1
198, 264, -1
198, 295, -1
198, 263, -1
198, 245, -1
198, 287, -1
198, 151, -1
198, 261, -1
198, 279, -1
198, 259, -1
198, 4, -1
198, 259, -1
198, 115, -1
198, 137, -1
198, 155, -1
198, 199, -1
198, 88, -1
198, 225, -1
198, 321, -1
208, 348, -1
208, 219, -1
208, 82, -1
208, 286, -1
208, 264, -1
208, 295, -1
208, 263, -1
208, 245, -1
208, 287, -1
208, 151, -1
208, 261, -1
208, 279, -1
208, 259, -1
208, 4, -1
208, 259, -1
208, 115, -1
208, 137, -1
208, 155, -1
208, 199, -1
208, 88, -1
208, 225, -1
208, 321, -1
278, 126, -1
278, 57, -1
278, 192, -1
278, 130, -1
278, 134, -1
278, 132, -1
278, 176, -1
278, 104, -1
278, 244, -1
278, 186, -1
278, 200, -1
278, 106, -1
278, 43, -1
278, 184, -1
278, 106, -1
278, 158, -1
278, 218, -1
278, 230, -1
278, 206, -1
278, 142, -1
278, 230, -1
278, 138, -1
278, 198, -1
278, 208, -1
112, 348, -1
112, 219, -1
112, 82, -1
112, 286, -1
112, 264, -1
112, 295, -1
112, 263, -1
112, 245, -1
112, 287, -1
112, 151, -1
112, 261, -1
112, 279, -1
112, 259, -1
112, 4, -1
112, 259, -1
112, 115, -1
112, 137, -1
112, 155, -1
112, 199, -1
112, 88, -1
112, 225, -1
112, 321, -1
112, 278, -1
276, 126, -1
276, 57, -1
276, 192, -1
276, 130, -1
276, 134, -1
276, 132, -1
276, 176, -1
276, 104, -1
276, 244, -1
276, 186, -1
276, 200, -1
276, 106, -1
276, 43, -1
276, 184, -1
276, 106, -1
276, 158, -1
276, 218, -1
276, 230, -1
276, 206, -1
276, 142, -1
276, 230, -1
276, 138, -1
276, 198, -1
276, 208, -1
276, 112, -1
173, 126, -1
173, 57, -1
173, 192, -1
173, 130, -1
173, 134, -1
173, 132, -1
173, 176, -1
173, 104, -1
173, 244, -1
173, 186, -1
173, 200, -1
173, 106, -1
173, 43, -1
173, 184, -1
173, 106, -1
173, 158, -1
173, 218, -1
173, 230, -1
173, 206, -1
173, 142, -1
173, 230, -1
173, 138, -1
173, 198, -1
173, 208, -1
173, 112, -1

25, 126, 1
25, 57, 1
25, 192, 1
25, 130, 1
25, 134, 1
25, 132, 1
25, 176, 1
25, 104, 1
25, 244, 1
25, 186, 1
25, 200, 1
25, 106, 1
25, 43, 1
25, 184, 1
25, 106, 1
25, 158, 1
25, 218, 1
25, 230, 1
25, 206, 1
25, 142, 1
25, 230, 1
25, 138, 1
25, 198, 1
25, 208, 1
25, 112, 1
25, 102, 1
79, 126, 1
79, 57, 1
79, 192, 1
79, 130, 1
79, 134, 1
79, 132, 1
79, 176, 1
79, 104, 1
79, 244, 1
79, 186, 1
79, 200, 1
79, 106, 1
79, 43, 1
79, 184, 1
79, 106, 1
79, 158, 1
79, 218, 1
79, 230, 1
79, 206, 1
79, 142, 1
79, 230, 1
79, 138, 1
79, 198, 1
79, 208, 1
79, 112, 1
79, 102, 1
79, 25, 1
254, 348, 1
254, 219, 1
254, 82, 1
254, 286, 1
254, 264, 1
254, 295, 1
254, 263, 1
254, 245, 1
254, 287, 1
254, 151, 1
254, 261, 1
254, 279, 1
254, 259, 1
254, 4, 1
254, 259, 1
254, 115, 1
254, 137, 1
254, 155, 1
254, 199, 1
254, 88, 1
254, 225, 1
254, 321, 1
254, 278, 1
254, 276, 1
254, 173, 1
254, 347, 1
102, 126, 1
102, 57, 1
102, 192, 1
102, 130, 1
102, 134, 1
102, 132, 1
102, 176, 1
102, 104, 1
102, 244, 1
102, 186, 1
102, 200, 1
102, 106, 1
102, 43, 1
102, 184, 1
102, 106, 1
102, 158, 1
102, 218, 1
102, 230, 1
102, 206, 1
102, 142, 1
102, 230, 1
102, 138, 1
102, 198, 1
102, 208, 1
102, 112, 1
102, 102, 1
102, 25, 1
102, 79, 1
117, 348, 1
117, 219, 1
117, 82, 1
117, 286, 1
117, 264, 1
117, 295, 1
117, 263, 1
117, 245, 1
117, 287, 1
117, 151, 1
117, 261, 1
117, 279, 1
117, 259, 1
117, 4, 1
117, 259, 1
117, 115, 1
117, 137, 1
117, 155, 1
117, 199, 1
117, 88, 1
117, 225, 1
117, 321, 1
117, 278, 1
117, 276, 1
117, 173, 1
117, 347, 1
117, 254, 1
262, 348, 1
262, 219, 1
262, 82, 1
262, 286, 1
262, 264, 1
262, 295, 1
262, 263, 1
262, 245, 1
262, 287, 1
262, 151, 1
262, 261, 1
262, 279, 1
262, 259, 1
262, 4, 1
262, 259, 1
262, 115, 1
262, 137, 1
262, 155, 1
262, 199, 1
262, 88, 1
262, 225, 1
262, 321, 1
262, 278, 1
262, 276, 1
262, 173, 1
262, 347, 1
262, 254, 1
262, 117, 1
25, 348, -1
25, 219, -1
25, 82, -1
25, 286, -1
25, 264, -1
25, 295, -1
25, 263, -1
25, 245, -1
25, 287, -1
25, 151, -1
25, 261, -1
25, 279, -1
25, 259, -1
25, 4, -1
25, 259, -1
25, 115, -1
25, 137, -1
25, 155, -1
25, 199, -1
25, 88, -1
25, 225, -1
25, 321, -1
25, 278, -1
25, 276, -1
25, 173, -1
25, 347, -1
79, 348, -1
79, 219, -1
79, 82, -1
79, 286, -1
79, 264, -1
79, 295, -1
79, 263, -1
79, 245, -1
79, 287, -1
79, 151, -1
79, 261, -1
79, 279, -1
79, 259, -1
79, 4, -1
79, 259, -1
79, 115, -1
79, 137, -1
79, 155, -1
79, 199, -1
79, 88, -1
79, 225, -1
79, 321, -1
79, 278, -1
79, 276, -1
79, 173, -1
79, 347, -1
254, 126, -1
254, 57, -1
254, 192, -1
254, 130, -1
254, 134, -1
254, 132, -1
254, 176, -1
254, 104, -1
254, 244, -1
254, 186, -1
254, 200, -1
254, 106, -1
254, 43, -1
254, 184, -1
254, 106, -1
254, 158, -1
254, 218, -1
254, 230, -1
254, 206, -1
254, 142, -1
254, 230, -1
254, 138, -1
254, 198, -1
254, 208, -1
254, 112, -1
254, 102, -1
254, 25, -1
254, 79, -1
102, 348, -1
102, 219, -1
102, 82, -1
102, 286, -1
102, 264, -1
102, 295, -1
102, 263, -1
102, 245, -1
102, 287, -1
102, 151, -1
102, 261, -1
102, 279, -1
102, 259, -1
102, 4, -1
102, 259, -1
102, 115, -1
102, 137, -1
102, 155, -1
102, 199, -1
102, 88, -1
102, 225, -1
102, 321, -1
102, 278, -1
102, 276, -1
102, 173, -1
102, 347, -1
102, 254, -1
117, 126, -1
117, 57, -1
117, 192, -1
117, 130, -1
117, 134, -1
117, 132, -1
117, 176, -1
117, 104, -1
117, 244, -1
117, 186, -1
117, 200, -1
117, 106, -1
117, 43, -1
117, 184, -1
117, 106, -1
117, 158, -1
117, 218, -1
117, 230, -1
117, 206, -1
117, 142, -1
117, 230, -1
117, 138, -1
117, 198, -1
117, 208, -1
117, 112, -1
117, 102, -1
117, 25, -1
117, 79, -1
117, 102, -1
262, 126, -1
262, 57, -1
262, 192, -1
262, 130, -1
262, 134, -1
262, 132, -1
262, 176, -1
262, 104, -1
262, 244, -1
262, 186, -1
262, 200, -1
262, 106, -1
262, 43, -1
262, 184, -1
262, 106, -1
262, 158, -1
262, 218, -1
262, 230, -1
262, 206, -1
262, 142, -1
262, 230, -1
262, 138, -1
262, 198, -1
262, 208, -1
262, 112, -1
262, 102, -1
262, 25, -1
262, 79, -1
262, 102, -1

