219, 348, 1
57, 126, 1
192, 126, 1
192, 57, 1
82, 348, 1
82, 219, 1
286, 348, 1
286, 219, 1
286, 82, 1
130, 126, 1
130, 57, 1
130, 192, 1
126, 348, -1
219, 126, -1
57, 348, -1
57, 219, -1
192, 348, -1
192, 219, -1
82, 126, -1
82, 57, -1
82, 192, -1
286, 126, -1
286, 57, -1
286, 192, -1
130, 348, -1
130, 219, -1
130, 82, -1
130, 286, -1

218, 126, 1
218, 57, 1
218, 192, 1
218, 130, 1
200, 126, 1
200, 57, 1
200, 192, 1
200, 130, 1
200, 218, 1
225, 348, 1
225, 219, 1
225, 82, 1
225, 286, 1
225, 347, 1
173, 348, 1
173, 219, 1
173, 82, 1
173, 286, 1
173, 347, 1
173, 225, 1
273, 348, 1
273, 219, 1
273, 82, 1
273, 286, 1
273, 347, 1
273, 225, 1
273, 173, 1
131, 348, 1
131, 219, 1
131, 82, 1
131, 286, 1
131, 347, 1
131, 225, 1
131, 173, 1
131, 273, 1
218, 348, -1
218, 219, -1
218, 82, -1
218, 286, -1
218, 347, -1
200, 348, -1
200, 219, -1
200, 82, -1
200, 286, -1
200, 347, -1
225, 126, -1
225, 57, -1
225, 192, -1
225, 130, -1
225, 218, -1
225, 200, -1
173, 126, -1
173, 57, -1
173, 192, -1
173, 130, -1
173, 218, -1
173, 200, -1
273, 126, -1
273, 57, -1
273, 192, -1
273, 130, -1
273, 218, -1
273, 200, -1
131, 126, -1
131, 57, -1
131, 192, -1
131, 130, -1
131, 218, -1
131, 200, -1

206, 126, 1
206, 57, 1
206, 192, 1
206, 130, 1
206, 218, 1
206, 200, 1
206, 168, 1
307, 348, 1
307, 219, 1
307, 82, 1
307, 286, 1
307, 347, 1
307, 225, 1
307, 173, 1
307, 273, 1
307, 131, 1
307, 329, 1
132, 126, 1
132, 57, 1
132, 192, 1
132, 130, 1
132, 218, 1
132, 200, 1
132, 168, 1
132, 206, 1
221, 348, 1
221, 219, 1
221, 82, 1
221, 286, 1
221, 347, 1
221, 225, 1
221, 173, 1
221, 273, 1
221, 131, 1
221, 329, 1
221, 307, 1
104, 126, 1
104, 57, 1
104, 192, 1
104, 130, 1
104, 218, 1
104, 200, 1
104, 168, 1
104, 206, 1
104, 132, 1
4, 348, 1
4, 219, 1
4, 82, 1
4, 286, 1
4, 347, 1
4, 225, 1
4, 173, 1
4, 273, 1
4, 131, 1
4, 329, 1
4, 307, 1
4, 221, 1
206, 348, -1
206, 219, -1
206, 82, -1
206, 286, -1
206, 347, -1
206, 225, -1
206, 173, -1
206, 273, -1
206, 131, -1
206, 329, -1
307, 126, -1
307, 57, -1
307, 192, -1
307, 130, -1
307, 218, -1
307, 200, -1
307, 168, -1
307, 206, -1
132, 348, -1
132, 219, -1
132, 82, -1
132, 286, -1
132, 347, -1
132, 225, -1
132, 173, -1
132, 273, -1
132, 131, -1
132, 329, -1
132, 307, -1
221, 126, -1
221, 57, -1
221, 192, -1
221, 130, -1
221, 218, -1
221, 200, -1
221, 168, -1
221, 206, -1
221, 132, -1
104, 348, -1
104, 219, -1
104, 82, -1
104, 286, -1
104, 347, -1
104, 225, -1
104, 173, -1
104, 273, -1
104, 131, -1
104, 329, -1
104, 307, -1
104, 221, -1
4, 126, -1
4, 57, -1
4, 192, -1
4, 130, -1
4, 218, -1
4, 200, -1
4, 168, -1
4, 206, -1
4, 132, -1
4, 104, -1

214, 126, 1
214, 57, 1
214, 192, 1
214, 130, 1
214, 218, 1
214, 200, 1
214, 168, 1
214, 206, 1
214, 132, 1
214, 104, 1
214, 112, 1
214, 102, 1
176, 126, 1
176, 57, 1
176, 192, 1
176, 130, 1
176, 218, 1
176, 200, 1
176, 168, 1
176, 206, 1
176, 132, 1
176, 104, 1
176, 112, 1
176, 102, 1
176, 214, 1
153, 348, 1
153, 219, 1
153, 82, 1
153, 286, 1
153, 347, 1
153, 225, 1
153, 173, 1
153, 273, 1
153, 131, 1
153, 329, 1
153, 307, 1
153, 221, 1
153, 4, 1
153, 231, 1
266, 348, 1
266, 219, 1
266, 82, 1
266, 286, 1
266, 347, 1
266, 225, 1
266, 173, 1
266, 273, 1
266, 131, 1
266, 329, 1
266, 307, 1
266, 221, 1
266, 4, 1
266, 231, 1
266, 153, 1
102, 126, 1
102, 57, 1
102, 192, 1
102, 130, 1
102, 218, 1
102, 200, 1
102, 168, 1
102, 206, 1
102, 132, 1
102, 104, 1
102, 112, 1
102, 102, 1
102, 214, 1
102, 176, 1
112, 126, 1
112, 57, 1
112, 192, 1
112, 130, 1
112, 218, 1
112, 200, 1
112, 168, 1
112, 206, 1
112, 132, 1
112, 104, 1
112, 112, 1
112, 102, 1
112, 214, 1
112, 176, 1
112, 102, 1
137, 348, 1
137, 219, 1
137, 82, 1
137, 286, 1
137, 347, 1
137, 225, 1
137, 173, 1
137, 273, 1
137, 131, 1
137, 329, 1
137, 307, 1
137, 221, 1
137, 4, 1
137, 231, 1
137, 153, 1
137, 266, 1
214, 348, -1
214, 219, -1
214, 82, -1
214, 286, -1
214, 347, -1
214, 225, -1
214, 173, -1
214, 273, -1
214, 131, -1
214, 329, -1
214, 307, -1
214, 221, -1
214, 4, -1
214, 231, -1
176, 348, -1
176, 219, -1
176, 82, -1
176, 286, -1
176, 347, -1
176, 225, -1
176, 173, -1
176, 273, -1
176, 131, -1
176, 329, -1
176, 307, -1
176, 221, -1
176, 4, -1
176, 231, -1
153, 126, -1
153, 57, -1
153, 192, -1
153, 130, -1
153, 218, -1
153, 200, -1
153, 168, -1
153, 206, -1
153, 132, -1
153, 104, -1
153, 112, -1
153, 102, -1
153, 214, -1
153, 176, -1
266, 126, -1
266, 57, -1
266, 192, -1
266, 130, -1
266, 218, -1
266, 200, -1
266, 168, -1
266, 206, -1
266, 132, -1
266, 104, -1
266, 112, -1
266, 102, -1
266, 214, -1
266, 176, -1
102, 348, -1
102, 219, -1
102, 82, -1
102, 286, -1
102, 347, -1
102, 225, -1
102, 173, -1
102, 273, -1
102, 131, -1
102, 329, -1
102, 307, -1
102, 221, -1
102, 4, -1
102, 231, -1
102, 153, -1
102, 266, -1
112, 348, -1
112, 219, -1
112, 82, -1
112, 286, -1
112, 347, -1
112, 225, -1
112, 173, -1
112, 273, -1
112, 131, -1
112, 329, -1
112, 307, -1
112, 221, -1
112, 4, -1
112, 231, -1
112, 153, -1
112, 266, -1
137, 126, -1
137, 57, -1
137, 192, -1
137, 130, -1
137, 218, -1
137, 200, -1
137, 168, -1
137, 206, -1
137, 132, -1
137, 104, -1
137, 112, -1
137, 102, -1
137, 214, -1
137, 176, -1
137, 102, -1
137, 112, -1

25, 126, 1
25, 57, 1
25, 192, 1
25, 130, 1
25, 218, 1
25, 200, 1
25, 168, 1
25, 206, 1
25, 132, 1
25, 104, 1
25, 112, 1
25, 102, 1
25, 214, 1
25, 176, 1
25, 102, 1
25, 112, 1
25, 248, 1
25, 238, 1
184, 126, 1
184, 57, 1
184, 192, 1
184, 130, 1
184, 218, 1
184, 200, 1
184, 168, 1
184, 206, 1
184, 132, 1
184, 104, 1
184, 112, 1
184, 102, 1
184, 214, 1
184, 176, 1
184, 102, 1
184, 112, 1
184, 248, 1
184, 238, 1
184, 25, 1
7, 126, 1
7, 57, 1
7, 192, 1
7, 130, 1
7, 218, 1
7, 200, 1
7, 168, 1
7, 206, 1
7, 132, 1
7, 104, 1
7, 112, 1
7, 102, 1
7, 214, 1
7, 176, 1
7, 102, 1
7, 112, 1
7, 248, 1
7, 238, 1
7, 25, 1
7, 184, 1
3, 126, 1
3, 57, 1
3, 192, 1
3, 130, 1
3, 218, 1
3, 200, 1
3, 168, 1
3, 206, 1
3, 132, 1
3, 104, 1
3, 112, 1
3, 102, 1
3, 214, 1
3, 176, 1
3, 102, 1
3, 112, 1
3, 248, 1
3, 238, 1
3, 25, 1
3, 184, 1
3, 7, 1
224, 126, 1
224, 57, 1
224, 192, 1
224, 130, 1
224, 218, 1
224, 200, 1
224, 168, 1
224, 206, 1
224, 132, 1
224, 104, 1
224, 112, 1
224, 102, 1
224, 214, 1
224, 176, 1
224, 102, 1
224, 112, 1
224, 248, 1
224, 238, 1
224, 25, 1
224, 184, 1
224, 7, 1
224, 3, 1
133, 348, 1
133, 219, 1
133, 82, 1
133, 286, 1
133, 347, 1
133, 225, 1
133, 173, 1
133, 273, 1
133, 131, 1
133, 329, 1
133, 307, 1
133, 221, 1
133, 4, 1
133, 231, 1
133, 153, 1
133, 266, 1
133, 137, 1
133, 341, 1
133, 277, 1
146, 126, 1
146, 57, 1
146, 192, 1
146, 130, 1
146, 218, 1
146, 200, 1
146, 168, 1
146, 206, 1
146, 132, 1
146, 104, 1
146, 112, 1
146, 102, 1
146, 214, 1
146, 176, 1
146, 102, 1
146, 112, 1
146, 248, 1
146, 238, 1
146, 25, 1
146, 184, 1
146, 7, 1
146, 3, 1
146, 224, 1
243, 348, 1
243, 219, 1
243, 82, 1
243, 286, 1
243, 347, 1
243, 225, 1
243, 173, 1
243, 273, 1
243, 131, 1
243, 329, 1
243, 307, 1
243, 221, 1
243, 4, 1
243, 231, 1
243, 153, 1
243, 266, 1
243, 137, 1
243, 341, 1
243, 277, 1
243, 133, 1
25, 348, -1
25, 219, -1
25, 82, -1
25, 286, -1
25, 347, -1
25, 225, -1
25, 173, -1
25, 273, -1
25, 131, -1
25, 329, -1
25, 307, -1
25, 221, -1
25, 4, -1
25, 231, -1
25, 153, -1
25, 266, -1
25, 137, -1
25, 341, -1
25, 277, -1
184, 348, -1
184, 219, -1
184, 82, -1
184, 286, -1
184, 347, -1
184, 225, -1
184, 173, -1
184, 273, -1
184, 131, -1
184, 329, -1
184, 307, -1
184, 221, -1
184, 4, -1
184, 231, -1
184, 153, -1
184, 266, -1
184, 137, -1
184, 341, -1
184, 277, -1
7, 348, -1
7, 219, -1
7, 82, -1
7, 286, -1
7, 347, -1
7, 225, -1
7, 173, -1
7, 273, -1
7, 131, -1
7, 329, -1
7, 307, -1
7, 221, -1
7, 4, -1
7, 231, -1
7, 153, -1
7, 266, -1
7, 137, -1
7, 341, -1
7, 277, -1
3, 348, -1
3, 219, -1
3, 82, -1
3, 286, -1
3, 347, -1
3, 225, -1
3, 173, -1
3, 273, -1
3, 131, -1
3, 329, -1
3, 307, -1
3, 221, -1
3, 4, -1
3, 231, -1
3, 153, -1
3, 266, -1
3, 137, -1
3, 341, -1
3, 277, -1
224, 348, -1
224, 219, -1
224, 82, -1
224, 286, -1
224, 347, -1
224, 225, -1
224, 173, -1
224, 273, -1
224, 131, -1
224, 329, -1
224, 307, -1
224, 221, -1
224, 4, -1
224, 231, -1
224, 153, -1
224, 266, -1
224, 137, -1
224, 341, -1
224, 277, -1
133, 126, -1
133, 57, -1
133, 192, -1
133, 130, -1
133, 218, -1
133, 200, -1
133, 168, -1
133, 206, -1
133, 132, -1
133, 104, -1
133, 112, -1
133, 102, -1
133, 214, -1
133, 176, -1
133, 102, -1
133, 112, -1
133, 248, -1
133, 238, -1
133, 25, -1
133, 184, -1
133, 7, -1
133, 3, -1
133, 224, -1
146, 348, -1
146, 219, -1
146, 82, -1
146, 286, -1
146, 347, -1
146, 225, -1
146, 173, -1
146, 273, -1
146, 131, -1
146, 329, -1
146, 307, -1
146, 221, -1
146, 4, -1
146, 231, -1
146, 153, -1
146, 266, -1
146, 137, -1
146, 341, -1
146, 277, -1
146, 133, -1
243, 126, -1
243, 57, -1
243, 192, -1
243, 130, -1
243, 218, -1
243, 200, -1
243, 168, -1
243, 206, -1
243, 132, -1
243, 104, -1
243, 112, -1
243, 102, -1
243, 214, -1
243, 176, -1
243, 102, -1
243, 112, -1
243, 248, -1
243, 238, -1
243, 25, -1
243, 184, -1
243, 7, -1
243, 3, -1
243, 224, -1
243, 146, -1

31, 126, 1
31, 57, 1
31, 192, 1
31, 130, 1
31, 218, 1
31, 200, 1
31, 168, 1
31, 206, 1
31, 132, 1
31, 104, 1
31, 112, 1
31, 102, 1
31, 214, 1
31, 176, 1
31, 102, 1
31, 112, 1
31, 248, 1
31, 238, 1
31, 25, 1
31, 184, 1
31, 7, 1
31, 3, 1
31, 224, 1
31, 146, 1
31, 156, 1
198, 126, 1
198, 57, 1
198, 192, 1
198, 130, 1
198, 218, 1
198, 200, 1
198, 168, 1
198, 206, 1
198, 132, 1
198, 104, 1
198, 112, 1
198, 102, 1
198, 214, 1
198, 176, 1
198, 102, 1
198, 112, 1
198, 248, 1
198, 238, 1
198, 25, 1
198, 184, 1
198, 7, 1
198, 3, 1
198, 224, 1
198, 146, 1
198, 156, 1
198, 31, 1
246, 126, 1
246, 57, 1
246, 192, 1
246, 130, 1
246, 218, 1
246, 200, 1
246, 168, 1
246, 206, 1
246, 132, 1
246, 104, 1
246, 112, 1
246, 102, 1
246, 214, 1
246, 176, 1
246, 102, 1
246, 112, 1
246, 248, 1
246, 238, 1
246, 25, 1
246, 184, 1
246, 7, 1
246, 3, 1
246, 224, 1
246, 146, 1
246, 156, 1
246, 31, 1
246, 198, 1
157, 348, 1
157, 219, 1
157, 82, 1
157, 286, 1
157, 347, 1
157, 225, 1
157, 173, 1
157, 273, 1
157, 131, 1
157, 329, 1
157, 307, 1
157, 221, 1
157, 4, 1
157, 231, 1
157, 153, 1
157, 266, 1
157, 137, 1
157, 341, 1
157, 277, 1
157, 133, 1
157, 243, 1
157, 333, 1
157, 241, 1
110, 126, 1
110, 57, 1
110, 192, 1
110, 130, 1
110, 218, 1
110, 200, 1
110, 168, 1
110, 206, 1
110, 132, 1
110, 104, 1
110, 112, 1
110, 102, 1
110, 214, 1
110, 176, 1
110, 102, 1
110, 112, 1
110, 248, 1
110, 238, 1
110, 25, 1
110, 184, 1
110, 7, 1
110, 3, 1
110, 224, 1
110, 146, 1
110, 156, 1
110, 31, 1
110, 198, 1
110, 246, 1
12, 348, 1
12, 219, 1
12, 82, 1
12, 286, 1
12, 347, 1
12, 225, 1
12, 173, 1
12, 273, 1
12, 131, 1
12, 329, 1
12, 307, 1
12, 221, 1
12, 4, 1
12, 231, 1
12, 153, 1
12, 266, 1
12, 137, 1
12, 341, 1
12, 277, 1
12, 133, 1
12, 243, 1
12, 333, 1
12, 241, 1
12, 157, 1
209, 348, 1
209, 219, 1
209, 82, 1
209, 286, 1
209, 347, 1
209, 225, 1
209, 173, 1
209, 273, 1
209, 131, 1
209, 329, 1
209, 307, 1
209, 221, 1
209, 4, 1
209, 231, 1
209, 153, 1
209, 266, 1
209, 137, 1
209, 341, 1
209, 277, 1
209, 133, 1
209, 243, 1
209, 333, 1
209, 241, 1
209, 157, 1
209, 12, 1
31, 348, -1
31, 219, -1
31, 82, -1
31, 286, -1
31, 347, -1
31, 225, -1
31, 173, -1
31, 273, -1
31, 131, -1
31, 329, -1
31, 307, -1
31, 221, -1
31, 4, -1
31, 231, -1
31, 153, -1
31, 266, -1
31, 137, -1
31, 341, -1
31, 277, -1
31, 133, -1
31, 243, -1
31, 333, -1
31, 241, -1
198, 348, -1
198, 219, -1
198, 82, -1
198, 286, -1
198, 347, -1
198, 225, -1
198, 173, -1
198, 273, -1
198, 131, -1
198, 329, -1
198, 307, -1
198, 221, -1
198, 4, -1
198, 231, -1
198, 153, -1
198, 266, -1
198, 137, -1
198, 341, -1
198, 277, -1
198, 133, -1
198, 243, -1
198, 333, -1
198, 241, -1
246, 348, -1
246, 219, -1
246, 82, -1
246, 286, -1
246, 347, -1
246, 225, -1
246, 173, -1
246, 273, -1
246, 131, -1
246, 329, -1
246, 307, -1
246, 221, -1
246, 4, -1
246, 231, -1
246, 153, -1
246, 266, -1
246, 137, -1
246, 341, -1
246, 277, -1
246, 133, -1
246, 243, -1
246, 333, -1
246, 241, -1
157, 126, -1
157, 57, -1
157, 192, -1
157, 130, -1
157, 218, -1
157, 200, -1
157, 168, -1
157, 206, -1
157, 132, -1
157, 104, -1
157, 112, -1
157, 102, -1
157, 214, -1
157, 176, -1
157, 102, -1
157, 112, -1
157, 248, -1
157, 238, -1
157, 25, -1
157, 184, -1
157, 7, -1
157, 3, -1
157, 224, -1
157, 146, -1
157, 156, -1
157, 31, -1
157, 198, -1
157, 246, -1
110, 348, -1
110, 219, -1
110, 82, -1
110, 286, -1
110, 347, -1
110, 225, -1
110, 173, -1
110, 273, -1
110, 131, -1
110, 329, -1
110, 307, -1
110, 221, -1
110, 4, -1
110, 231, -1
110, 153, -1
110, 266, -1
110, 137, -1
110, 341, -1
110, 277, -1
110, 133, -1
110, 243, -1
110, 333, -1
110, 241, -1
110, 157, -1
12, 126, -1
12, 57, -1
12, 192, -1
12, 130, -1
12, 218, -1
12, 200, -1
12, 168, -1
12, 206, -1
12, 132, -1
12, 104, -1
12, 112, -1
12, 102, -1
12, 214, -1
12, 176, -1
12, 102, -1
12, 112, -1
12, 248, -1
12, 238, -1
12, 25, -1
12, 184, -1
12, 7, -1
12, 3, -1
12, 224, -1
12, 146, -1
12, 156, -1
12, 31, -1
12, 198, -1
12, 246, -1
12, 110, -1
209, 126, -1
209, 57, -1
209, 192, -1
209, 130, -1
209, 218, -1
209, 200, -1
209, 168, -1
209, 206, -1
209, 132, -1
209, 104, -1
209, 112, -1
209, 102, -1
209, 214, -1
209, 176, -1
209, 102, -1
209, 112, -1
209, 248, -1
209, 238, -1
209, 25, -1
209, 184, -1
209, 7, -1
209, 3, -1
209, 224, -1
209, 146, -1
209, 156, -1
209, 31, -1
209, 198, -1
209, 246, -1
209, 110, -1

37, 126, 1
37, 57, 1
37, 192, 1
37, 130, 1
37, 218, 1
37, 200, 1
37, 168, 1
37, 206, 1
37, 132, 1
37, 104, 1
37, 112, 1
37, 102, 1
37, 214, 1
37, 176, 1
37, 102, 1
37, 112, 1
37, 248, 1
37, 238, 1
37, 25, 1
37, 184, 1
37, 7, 1
37, 3, 1
37, 224, 1
37, 146, 1
37, 156, 1
37, 31, 1
37, 198, 1
37, 246, 1
37, 110, 1
37, 160, 1
75, 126, 1
75, 57, 1
75, 192, 1
75, 130, 1
75, 218, 1
75, 200, 1
75, 168, 1
75, 206, 1
75, 132, 1
75, 104, 1
75, 112, 1
75, 102, 1
75, 214, 1
75, 176, 1
75, 102, 1
75, 112, 1
75, 248, 1
75, 238, 1
75, 25, 1
75, 184, 1
75, 7, 1
75, 3, 1
75, 224, 1
75, 146, 1
75, 156, 1
75, 31, 1
75, 198, 1
75, 246, 1
75, 110, 1
75, 160, 1
75, 37, 1
43, 126, 1
43, 57, 1
43, 192, 1
43, 130, 1
43, 218, 1
43, 200, 1
43, 168, 1
43, 206, 1
43, 132, 1
43, 104, 1
43, 112, 1
43, 102, 1
43, 214, 1
43, 176, 1
43, 102, 1
43, 112, 1
43, 248, 1
43, 238, 1
43, 25, 1
43, 184, 1
43, 7, 1
43, 3, 1
43, 224, 1
43, 146, 1
43, 156, 1
43, 31, 1
43, 198, 1
43, 246, 1
43, 110, 1
43, 160, 1
43, 37, 1
43, 75, 1
95, 126, 1
95, 57, 1
95, 192, 1
95, 130, 1
95, 218, 1
95, 200, 1
95, 168, 1
95, 206, 1
95, 132, 1
95, 104, 1
95, 112, 1
95, 102, 1
95, 214, 1
95, 176, 1
95, 102, 1
95, 112, 1
95, 248, 1
95, 238, 1
95, 25, 1
95, 184, 1
95, 7, 1
95, 3, 1
95, 224, 1
95, 146, 1
95, 156, 1
95, 31, 1
95, 198, 1
95, 246, 1
95, 110, 1
95, 160, 1
95, 37, 1
95, 75, 1
95, 43, 1
314, 348, 1
314, 219, 1
314, 82, 1
314, 286, 1
314, 347, 1
314, 225, 1
314, 173, 1
314, 273, 1
314, 131, 1
314, 329, 1
314, 307, 1
314, 221, 1
314, 4, 1
314, 231, 1
314, 153, 1
314, 266, 1
314, 137, 1
314, 341, 1
314, 277, 1
314, 133, 1
314, 243, 1
314, 333, 1
314, 241, 1
314, 157, 1
314, 12, 1
314, 209, 1
314, 334, 1
15, 126, 1
15, 57, 1
15, 192, 1
15, 130, 1
15, 218, 1
15, 200, 1
15, 168, 1
15, 206, 1
15, 132, 1
15, 104, 1
15, 112, 1
15, 102, 1
15, 214, 1
15, 176, 1
15, 102, 1
15, 112, 1
15, 248, 1
15, 238, 1
15, 25, 1
15, 184, 1
15, 7, 1
15, 3, 1
15, 224, 1
15, 146, 1
15, 156, 1
15, 31, 1
15, 198, 1
15, 246, 1
15, 110, 1
15, 160, 1
15, 37, 1
15, 75, 1
15, 43, 1
15, 95, 1
129, 348, 1
129, 219, 1
129, 82, 1
129, 286, 1
129, 347, 1
129, 225, 1
129, 173, 1
129, 273, 1
129, 131, 1
129, 329, 1
129, 307, 1
129, 221, 1
129, 4, 1
129, 231, 1
129, 153, 1
129, 266, 1
129, 137, 1
129, 341, 1
129, 277, 1
129, 133, 1
129, 243, 1
129, 333, 1
129, 241, 1
129, 157, 1
129, 12, 1
129, 209, 1
129, 334, 1
129, 314, 1
37, 348, -1
37, 219, -1
37, 82, -1
37, 286, -1
37, 347, -1
37, 225, -1
37, 173, -1
37, 273, -1
37, 131, -1
37, 329, -1
37, 307, -1
37, 221, -1
37, 4, -1
37, 231, -1
37, 153, -1
37, 266, -1
37, 137, -1
37, 341, -1
37, 277, -1
37, 133, -1
37, 243, -1
37, 333, -1
37, 241, -1
37, 157, -1
37, 12, -1
37, 209, -1
37, 334, -1
75, 348, -1
75, 219, -1
75, 82, -1
75, 286, -1
75, 347, -1
75, 225, -1
75, 173, -1
75, 273, -1
75, 131, -1
75, 329, -1
75, 307, -1
75, 221, -1
75, 4, -1
75, 231, -1
75, 153, -1
75, 266, -1
75, 137, -1
75, 341, -1
75, 277, -1
75, 133, -1
75, 243, -1
75, 333, -1
75, 241, -1
75, 157, -1
75, 12, -1
75, 209, -1
75, 334, -1
43, 348, -1
43, 219, -1
43, 82, -1
43, 286, -1
43, 347, -1
43, 225, -1
43, 173, -1
43, 273, -1
43, 131, -1
43, 329, -1
43, 307, -1
43, 221, -1
43, 4, -1
43, 231, -1
43, 153, -1
43, 266, -1
43, 137, -1
43, 341, -1
43, 277, -1
43, 133, -1
43, 243, -1
43, 333, -1
43, 241, -1
43, 157, -1
43, 12, -1
43, 209, -1
43, 334, -1
95, 348, -1
95, 219, -1
95, 82, -1
95, 286, -1
95, 347, -1
95, 225, -1
95, 173, -1
95, 273, -1
95, 131, -1
95, 329, -1
95, 307, -1
95, 221, -1
95, 4, -1
95, 231, -1
95, 153, -1
95, 266, -1
95, 137, -1
95, 341, -1
95, 277, -1
95, 133, -1
95, 243, -1
95, 333, -1
95, 241, -1
95, 157, -1
95, 12, -1
95, 209, -1
95, 334, -1
314, 126, -1
314, 57, -1
314, 192, -1
314, 130, -1
314, 218, -1
314, 200, -1
314, 168, -1
314, 206, -1
314, 132, -1
314, 104, -1
314, 112, -1
314, 102, -1
314, 214, -1
314, 176, -1
314, 102, -1
314, 112, -1
314, 248, -1
314, 238, -1
314, 25, -1
314, 184, -1
314, 7, -1
314, 3, -1
314, 224, -1
314, 146, -1
314, 156, -1
314, 31, -1
314, 198, -1
314, 246, -1
314, 110, -1
314, 160, -1
314, 37, -1
314, 75, -1
314, 43, -1
314, 95, -1
15, 348, -1
15, 219, -1
15, 82, -1
15, 286, -1
15, 347, -1
15, 225, -1
15, 173, -1
15, 273, -1
15, 131, -1
15, 329, -1
15, 307, -1
15, 221, -1
15, 4, -1
15, 231, -1
15, 153, -1
15, 266, -1
15, 137, -1
15, 341, -1
15, 277, -1
15, 133, -1
15, 243, -1
15, 333, -1
15, 241, -1
15, 157, -1
15, 12, -1
15, 209, -1
15, 334, -1
15, 314, -1
129, 126, -1
129, 57, -1
129, 192, -1
129, 130, -1
129, 218, -1
129, 200, -1
129, 168, -1
129, 206, -1
129, 132, -1
129, 104, -1
129, 112, -1
129, 102, -1
129, 214, -1
129, 176, -1
129, 102, -1
129, 112, -1
129, 248, -1
129, 238, -1
129, 25, -1
129, 184, -1
129, 7, -1
129, 3, -1
129, 224, -1
129, 146, -1
129, 156, -1
129, 31, -1
129, 198, -1
129, 246, -1
129, 110, -1
129, 160, -1
129, 37, -1
129, 75, -1
129, 43, -1
129, 95, -1
129, 15, -1

69, 126, 1
69, 57, 1
69, 192, 1
69, 130, 1
69, 218, 1
69, 200, 1
69, 168, 1
69, 206, 1
69, 132, 1
69, 104, 1
69, 112, 1
69, 102, 1
69, 214, 1
69, 176, 1
69, 102, 1
69, 112, 1
69, 248, 1
69, 238, 1
69, 25, 1
69, 184, 1
69, 7, 1
69, 3, 1
69, 224, 1
69, 146, 1
69, 156, 1
69, 31, 1
69, 198, 1
69, 246, 1
69, 110, 1
69, 160, 1
69, 37, 1
69, 75, 1
69, 43, 1
69, 95, 1
69, 15, 1
69, 226, 1
69, 152, 1
167, 348, 1
167, 219, 1
167, 82, 1
167, 286, 1
167, 347, 1
167, 225, 1
167, 173, 1
167, 273, 1
167, 131, 1
167, 329, 1
167, 307, 1
167, 221, 1
167, 4, 1
167, 231, 1
167, 153, 1
167, 266, 1
167, 137, 1
167, 341, 1
167, 277, 1
167, 133, 1
167, 243, 1
167, 333, 1
167, 241, 1
167, 157, 1
167, 12, 1
167, 209, 1
167, 334, 1
167, 314, 1
167, 129, 1
167, 141, 1
226, 126, 1
226, 57, 1
226, 192, 1
226, 130, 1
226, 218, 1
226, 200, 1
226, 168, 1
226, 206, 1
226, 132, 1
226, 104, 1
226, 112, 1
226, 102, 1
226, 214, 1
226, 176, 1
226, 102, 1
226, 112, 1
226, 248, 1
226, 238, 1
226, 25, 1
226, 184, 1
226, 7, 1
226, 3, 1
226, 224, 1
226, 146, 1
226, 156, 1
226, 31, 1
226, 198, 1
226, 246, 1
226, 110, 1
226, 160, 1
226, 37, 1
226, 75, 1
226, 43, 1
226, 95, 1
226, 15, 1
226, 226, 1
226, 152, 1
226, 69, 1
180, 126, 1
180, 57, 1
180, 192, 1
180, 130, 1
180, 218, 1
180, 200, 1
180, 168, 1
180, 206, 1
180, 132, 1
180, 104, 1
180, 112, 1
180, 102, 1
180, 214, 1
180, 176, 1
180, 102, 1
180, 112, 1
180, 248, 1
180, 238, 1
180, 25, 1
180, 184, 1
180, 7, 1
180, 3, 1
180, 224, 1
180, 146, 1
180, 156, 1
180, 31, 1
180, 198, 1
180, 246, 1
180, 110, 1
180, 160, 1
180, 37, 1
180, 75, 1
180, 43, 1
180, 95, 1
180, 15, 1
180, 226, 1
180, 152, 1
180, 69, 1
180, 226, 1
249, 348, 1
249, 219, 1
249, 82, 1
249, 286, 1
249, 347, 1
249, 225, 1
249, 173, 1
249, 273, 1
249, 131, 1
249, 329, 1
249, 307, 1
249, 221, 1
249, 4, 1
249, 231, 1
249, 153, 1
249, 266, 1
249, 137, 1
249, 341, 1
249, 277, 1
249, 133, 1
249, 243, 1
249, 333, 1
249, 241, 1
249, 157, 1
249, 12, 1
249, 209, 1
249, 334, 1
249, 314, 1
249, 129, 1
249, 141, 1
249, 167, 1
28, 348, 1
28, 219, 1
28, 82, 1
28, 286, 1
28, 347, 1
28, 225, 1
28, 173, 1
28, 273, 1
28, 131, 1
28, 329, 1
28, 307, 1
28, 221, 1
28, 4, 1
28, 231, 1
28, 153, 1
28, 266, 1
28, 137, 1
28, 341, 1
28, 277, 1
28, 133, 1
28, 243, 1
28, 333, 1
28, 241, 1
28, 157, 1
28, 12, 1
28, 209, 1
28, 334, 1
28, 314, 1
28, 129, 1
28, 141, 1
28, 167, 1
28, 249, 1
69, 348, -1
69, 219, -1
69, 82, -1
69, 286, -1
69, 347, -1
69, 225, -1
69, 173, -1
69, 273, -1
69, 131, -1
69, 329, -1
69, 307, -1
69, 221, -1
69, 4, -1
69, 231, -1
69, 153, -1
69, 266, -1
69, 137, -1
69, 341, -1
69, 277, -1
69, 133, -1
69, 243, -1
69, 333, -1
69, 241, -1
69, 157, -1
69, 12, -1
69, 209, -1
69, 334, -1
69, 314, -1
69, 129, -1
69, 141, -1
167, 126, -1
167, 57, -1
167, 192, -1
167, 130, -1
167, 218, -1
167, 200, -1
167, 168, -1
167, 206, -1
167, 132, -1
167, 104, -1
167, 112, -1
167, 102, -1
167, 214, -1
167, 176, -1
167, 102, -1
167, 112, -1
167, 248, -1
167, 238, -1
167, 25, -1
167, 184, -1
167, 7, -1
167, 3, -1
167, 224, -1
167, 146, -1
167, 156, -1
167, 31, -1
167, 198, -1
167, 246, -1
167, 110, -1
167, 160, -1
167, 37, -1
167, 75, -1
167, 43, -1
167, 95, -1
167, 15, -1
167, 226, -1
167, 152, -1
167, 69, -1
226, 348, -1
226, 219, -1
226, 82, -1
226, 286, -1
226, 347, -1
226, 225, -1
226, 173, -1
226, 273, -1
226, 131, -1
226, 329, -1
226, 307, -1
226, 221, -1
226, 4, -1
226, 231, -1
226, 153, -1
226, 266, -1
226, 137, -1
226, 341, -1
226, 277, -1
226, 133, -1
226, 243, -1
226, 333, -1
226, 241, -1
226, 157, -1
226, 12, -1
226, 209, -1
226, 334, -1
226, 314, -1
226, 129, -1
226, 141, -1
226, 167, -1
180, 348, -1
180, 219, -1
180, 82, -1
180, 286, -1
180, 347, -1
180, 225, -1
180, 173, -1
180, 273, -1
180, 131, -1
180, 329, -1
180, 307, -1
180, 221, -1
180, 4, -1
180, 231, -1
180, 153, -1
180, 266, -1
180, 137, -1
180, 341, -1
180, 277, -1
180, 133, -1
180, 243, -1
180, 333, -1
180, 241, -1
180, 157, -1
180, 12, -1
180, 209, -1
180, 334, -1
180, 314, -1
180, 129, -1
180, 141, -1
180, 167, -1
249, 126, -1
249, 57, -1
249, 192, -1
249, 130, -1
249, 218, -1
249, 200, -1
249, 168, -1
249, 206, -1
249, 132, -1
249, 104, -1
249, 112, -1
249, 102, -1
249, 214, -1
249, 176, -1
249, 102, -1
249, 112, -1
249, 248, -1
249, 238, -1
249, 25, -1
249, 184, -1
249, 7, -1
249, 3, -1
249, 224, -1
249, 146, -1
249, 156, -1
249, 31, -1
249, 198, -1
249, 246, -1
249, 110, -1
249, 160, -1
249, 37, -1
249, 75, -1
249, 43, -1
249, 95, -1
249, 15, -1
249, 226, -1
249, 152, -1
249, 69, -1
249, 226, -1
249, 180, -1
28, 126, -1
28, 57, -1
28, 192, -1
28, 130, -1
28, 218, -1
28, 200, -1
28, 168, -1
28, 206, -1
28, 132, -1
28, 104, -1
28, 112, -1
28, 102, -1
28, 214, -1
28, 176, -1
28, 102, -1
28, 112, -1
28, 248, -1
28, 238, -1
28, 25, -1
28, 184, -1
28, 7, -1
28, 3, -1
28, 224, -1
28, 146, -1
28, 156, -1
28, 31, -1
28, 198, -1
28, 246, -1
28, 110, -1
28, 160, -1
28, 37, -1
28, 75, -1
28, 43, -1
28, 95, -1
28, 15, -1
28, 226, -1
28, 152, -1
28, 69, -1
28, 226, -1
28, 180, -1

222, 126, 1
222, 57, 1
222, 192, 1
222, 130, 1
222, 218, 1
222, 200, 1
222, 168, 1
222, 206, 1
222, 132, 1
222, 104, 1
222, 112, 1
222, 102, 1
222, 214, 1
222, 176, 1
222, 102, 1
222, 112, 1
222, 248, 1
222, 238, 1
222, 25, 1
222, 184, 1
222, 7, 1
222, 3, 1
222, 224, 1
222, 146, 1
222, 156, 1
222, 31, 1
222, 198, 1
222, 246, 1
222, 110, 1
222, 160, 1
222, 37, 1
222, 75, 1
222, 43, 1
222, 95, 1
222, 15, 1
222, 226, 1
222, 152, 1
222, 69, 1
222, 226, 1
222, 180, 1
222, 49, 1
222, 154, 1
136, 126, 1
136, 57, 1
136, 192, 1
136, 130, 1
136, 218, 1
136, 200, 1
136, 168, 1
136, 206, 1
136, 132, 1
136, 104, 1
136, 112, 1
136, 102, 1
136, 214, 1
136, 176, 1
136, 102, 1
136, 112, 1
136, 248, 1
136, 238, 1
136, 25, 1
136, 184, 1
136, 7, 1
136, 3, 1
136, 224, 1
136, 146, 1
136, 156, 1
136, 31, 1
136, 198, 1
136, 246, 1
136, 110, 1
136, 160, 1
136, 37, 1
136, 75, 1
136, 43, 1
136, 95, 1
136, 15, 1
136, 226, 1
136, 152, 1
136, 69, 1
136, 226, 1
136, 180, 1
136, 49, 1
136, 154, 1
136, 222, 1
49, 126, 1
49, 57, 1
49, 192, 1
49, 130, 1
49, 218, 1
49, 200, 1
49, 168, 1
49, 206, 1
49, 132, 1
49, 104, 1
49, 112, 1
49, 102, 1
49, 214, 1
49, 176, 1
49, 102, 1
49, 112, 1
49, 248, 1
49, 238, 1
49, 25, 1
49, 184, 1
49, 7, 1
49, 3, 1
49, 224, 1
49, 146, 1
49, 156, 1
49, 31, 1
49, 198, 1
49, 246, 1
49, 110, 1
49, 160, 1
49, 37, 1
49, 75, 1
49, 43, 1
49, 95, 1
49, 15, 1
49, 226, 1
49, 152, 1
49, 69, 1
49, 226, 1
49, 180, 1
49, 49, 1
49, 154, 1
49, 222, 1
49, 136, 1
324, 348, 1
324, 219, 1
324, 82, 1
324, 286, 1
324, 347, 1
324, 225, 1
324, 173, 1
324, 273, 1
324, 131, 1
324, 329, 1
324, 307, 1
324, 221, 1
324, 4, 1
324, 231, 1
324, 153, 1
324, 266, 1
324, 137, 1
324, 341, 1
324, 277, 1
324, 133, 1
324, 243, 1
324, 333, 1
324, 241, 1
324, 157, 1
324, 12, 1
324, 209, 1
324, 334, 1
324, 314, 1
324, 129, 1
324, 141, 1
324, 167, 1
324, 249, 1
324, 28, 1
324, 147, 1
108, 126, 1
108, 57, 1
108, 192, 1
108, 130, 1
108, 218, 1
108, 200, 1
108, 168, 1
108, 206, 1
108, 132, 1
108, 104, 1
108, 112, 1
108, 102, 1
108, 214, 1
108, 176, 1
108, 102, 1
108, 112, 1
108, 248, 1
108, 238, 1
108, 25, 1
108, 184, 1
108, 7, 1
108, 3, 1
108, 224, 1
108, 146, 1
108, 156, 1
108, 31, 1
108, 198, 1
108, 246, 1
108, 110, 1
108, 160, 1
108, 37, 1
108, 75, 1
108, 43, 1
108, 95, 1
108, 15, 1
108, 226, 1
108, 152, 1
108, 69, 1
108, 226, 1
108, 180, 1
108, 49, 1
108, 154, 1
108, 222, 1
108, 136, 1
108, 49, 1
121, 348, 1
121, 219, 1
121, 82, 1
121, 286, 1
121, 347, 1
121, 225, 1
121, 173, 1
121, 273, 1
121, 131, 1
121, 329, 1
121, 307, 1
121, 221, 1
121, 4, 1
121, 231, 1
121, 153, 1
121, 266, 1
121, 137, 1
121, 341, 1
121, 277, 1
121, 133, 1
121, 243, 1
121, 333, 1
121, 241, 1
121, 157, 1
121, 12, 1
121, 209, 1
121, 334, 1
121, 314, 1
121, 129, 1
121, 141, 1
121, 167, 1
121, 249, 1
121, 28, 1
121, 147, 1
121, 324, 1
222, 348, -1
222, 219, -1
222, 82, -1
222, 286, -1
222, 347, -1
222, 225, -1
222, 173, -1
222, 273, -1
222, 131, -1
222, 329, -1
222, 307, -1
222, 221, -1
222, 4, -1
222, 231, -1
222, 153, -1
222, 266, -1
222, 137, -1
222, 341, -1
222, 277, -1
222, 133, -1
222, 243, -1
222, 333, -1
222, 241, -1
222, 157, -1
222, 12, -1
222, 209, -1
222, 334, -1
222, 314, -1
222, 129, -1
222, 141, -1
222, 167, -1
222, 249, -1
222, 28, -1
222, 147, -1
136, 348, -1
136, 219, -1
136, 82, -1
136, 286, -1
136, 347, -1
136, 225, -1
136, 173, -1
136, 273, -1
136, 131, -1
136, 329, -1
136, 307, -1
136, 221, -1
136, 4, -1
136, 231, -1
136, 153, -1
136, 266, -1
136, 137, -1
136, 341, -1
136, 277, -1
136, 133, -1
136, 243, -1
136, 333, -1
136, 241, -1
136, 157, -1
136, 12, -1
136, 209, -1
136, 334, -1
136, 314, -1
136, 129, -1
136, 141, -1
136, 167, -1
136, 249, -1
136, 28, -1
136, 147, -1
49, 348, -1
49, 219, -1
49, 82, -1
49, 286, -1
49, 347, -1
49, 225, -1
49, 173, -1
49, 273, -1
49, 131, -1
49, 329, -1
49, 307, -1
49, 221, -1
49, 4, -1
49, 231, -1
49, 153, -1
49, 266, -1
49, 137, -1
49, 341, -1
49, 277, -1
49, 133, -1
49, 243, -1
49, 333, -1
49, 241, -1
49, 157, -1
49, 12, -1
49, 209, -1
49, 334, -1
49, 314, -1
49, 129, -1
49, 141, -1
49, 167, -1
49, 249, -1
49, 28, -1
49, 147, -1
324, 126, -1
324, 57, -1
324, 192, -1
324, 130, -1
324, 218, -1
324, 200, -1
324, 168, -1
324, 206, -1
324, 132, -1
324, 104, -1
324, 112, -1
324, 102, -1
324, 214, -1
324, 176, -1
324, 102, -1
324, 112, -1
324, 248, -1
324, 238, -1
324, 25, -1
324, 184, -1
324, 7, -1
324, 3, -1
324, 224, -1
324, 146, -1
324, 156, -1
324, 31, -1
324, 198, -1
324, 246, -1
324, 110, -1
324, 160, -1
324, 37, -1
324, 75, -1
324, 43, -1
324, 95, -1
324, 15, -1
324, 226, -1
324, 152, -1
324, 69, -1
324, 226, -1
324, 180, -1
324, 49, -1
324, 154, -1
324, 222, -1
324, 136, -1
324, 49, -1
108, 348, -1
108, 219, -1
108, 82, -1
108, 286, -1
108, 347, -1
108, 225, -1
108, 173, -1
108, 273, -1
108, 131, -1
108, 329, -1
108, 307, -1
108, 221, -1
108, 4, -1
108, 231, -1
108, 153, -1
108, 266, -1
108, 137, -1
108, 341, -1
108, 277, -1
108, 133, -1
108, 243, -1
108, 333, -1
108, 241, -1
108, 157, -1
108, 12, -1
108, 209, -1
108, 334, -1
108, 314, -1
108, 129, -1
108, 141, -1
108, 167, -1
108, 249, -1
108, 28, -1
108, 147, -1
108, 324, -1
121, 126, -1
121, 57, -1
121, 192, -1
121, 130, -1
121, 218, -1
121, 200, -1
121, 168, -1
121, 206, -1
121, 132, -1
121, 104, -1
121, 112, -1
121, 102, -1
121, 214, -1
121, 176, -1
121, 102, -1
121, 112, -1
121, 248, -1
121, 238, -1
121, 25, -1
121, 184, -1
121, 7, -1
121, 3, -1
121, 224, -1
121, 146, -1
121, 156, -1
121, 31, -1
121, 198, -1
121, 246, -1
121, 110, -1
121, 160, -1
121, 37, -1
121, 75, -1
121, 43, -1
121, 95, -1
121, 15, -1
121, 226, -1
121, 152, -1
121, 69, -1
121, 226, -1
121, 180, -1
121, 49, -1
121, 154, -1
121, 222, -1
121, 136, -1
121, 49, -1
121, 108, -1

216, 126, 1
216, 57, 1
216, 192, 1
216, 130, 1
216, 218, 1
216, 200, 1
216, 168, 1
216, 206, 1
216, 132, 1
216, 104, 1
216, 112, 1
216, 102, 1
216, 214, 1
216, 176, 1
216, 102, 1
216, 112, 1
216, 248, 1
216, 238, 1
216, 25, 1
216, 184, 1
216, 7, 1
216, 3, 1
216, 224, 1
216, 146, 1
216, 156, 1
216, 31, 1
216, 198, 1
216, 246, 1
216, 110, 1
216, 160, 1
216, 37, 1
216, 75, 1
216, 43, 1
216, 95, 1
216, 15, 1
216, 226, 1
216, 152, 1
216, 69, 1
216, 226, 1
216, 180, 1
216, 49, 1
216, 154, 1
216, 222, 1
216, 136, 1
216, 49, 1
216, 108, 1
216, 230, 1
216, 5, 1
63, 126, 1
63, 57, 1
63, 192, 1
63, 130, 1
63, 218, 1
63, 200, 1
63, 168, 1
63, 206, 1
63, 132, 1
63, 104, 1
63, 112, 1
63, 102, 1
63, 214, 1
63, 176, 1
63, 102, 1
63, 112, 1
63, 248, 1
63, 238, 1
63, 25, 1
63, 184, 1
63, 7, 1
63, 3, 1
63, 224, 1
63, 146, 1
63, 156, 1
63, 31, 1
63, 198, 1
63, 246, 1
63, 110, 1
63, 160, 1
63, 37, 1
63, 75, 1
63, 43, 1
63, 95, 1
63, 15, 1
63, 226, 1
63, 152, 1
63, 69, 1
63, 226, 1
63, 180, 1
63, 49, 1
63, 154, 1
63, 222, 1
63, 136, 1
63, 49, 1
63, 108, 1
63, 230, 1
63, 5, 1
63, 216, 1
190, 126, 1
190, 57, 1
190, 192, 1
190, 130, 1
190, 218, 1
190, 200, 1
190, 168, 1
190, 206, 1
190, 132, 1
190, 104, 1
190, 112, 1
190, 102, 1
190, 214, 1
190, 176, 1
190, 102, 1
190, 112, 1
190, 248, 1
190, 238, 1
190, 25, 1
190, 184, 1
190, 7, 1
190, 3, 1
190, 224, 1
190, 146, 1
190, 156, 1
190, 31, 1
190, 198, 1
190, 246, 1
190, 110, 1
190, 160, 1
190, 37, 1
190, 75, 1
190, 43, 1
190, 95, 1
190, 15, 1
190, 226, 1
190, 152, 1
190, 69, 1
190, 226, 1
190, 180, 1
190, 49, 1
190, 154, 1
190, 222, 1
190, 136, 1
190, 49, 1
190, 108, 1
190, 230, 1
190, 5, 1
190, 216, 1
190, 63, 1
109, 348, 1
109, 219, 1
109, 82, 1
109, 286, 1
109, 347, 1
109, 225, 1
109, 173, 1
109, 273, 1
109, 131, 1
109, 329, 1
109, 307, 1
109, 221, 1
109, 4, 1
109, 231, 1
109, 153, 1
109, 266, 1
109, 137, 1
109, 341, 1
109, 277, 1
109, 133, 1
109, 243, 1
109, 333, 1
109, 241, 1
109, 157, 1
109, 12, 1
109, 209, 1
109, 334, 1
109, 314, 1
109, 129, 1
109, 141, 1
109, 167, 1
109, 249, 1
109, 28, 1
109, 147, 1
109, 324, 1
109, 121, 1
109, 149, 1
283, 348, 1
283, 219, 1
283, 82, 1
283, 286, 1
283, 347, 1
283, 225, 1
283, 173, 1
283, 273, 1
283, 131, 1
283, 329, 1
283, 307, 1
283, 221, 1
283, 4, 1
283, 231, 1
283, 153, 1
283, 266, 1
283, 137, 1
283, 341, 1
283, 277, 1
283, 133, 1
283, 243, 1
283, 333, 1
283, 241, 1
283, 157, 1
283, 12, 1
283, 209, 1
283, 334, 1
283, 314, 1
283, 129, 1
283, 141, 1
283, 167, 1
283, 249, 1
283, 28, 1
283, 147, 1
283, 324, 1
283, 121, 1
283, 149, 1
283, 109, 1
93, 126, 1
93, 57, 1
93, 192, 1
93, 130, 1
93, 218, 1
93, 200, 1
93, 168, 1
93, 206, 1
93, 132, 1
93, 104, 1
93, 112, 1
93, 102, 1
93, 214, 1
93, 176, 1
93, 102, 1
93, 112, 1
93, 248, 1
93, 238, 1
93, 25, 1
93, 184, 1
93, 7, 1
93, 3, 1
93, 224, 1
93, 146, 1
93, 156, 1
93, 31, 1
93, 198, 1
93, 246, 1
93, 110, 1
93, 160, 1
93, 37, 1
93, 75, 1
93, 43, 1
93, 95, 1
93, 15, 1
93, 226, 1
93, 152, 1
93, 69, 1
93, 226, 1
93, 180, 1
93, 49, 1
93, 154, 1
93, 222, 1
93, 136, 1
93, 49, 1
93, 108, 1
93, 230, 1
93, 5, 1
93, 216, 1
93, 63, 1
93, 190, 1
216, 348, -1
216, 219, -1
216, 82, -1
216, 286, -1
216, 347, -1
216, 225, -1
216, 173, -1
216, 273, -1
216, 131, -1
216, 329, -1
216, 307, -1
216, 221, -1
216, 4, -1
216, 231, -1
216, 153, -1
216, 266, -1
216, 137, -1
216, 341, -1
216, 277, -1
216, 133, -1
216, 243, -1
216, 333, -1
216, 241, -1
216, 157, -1
216, 12, -1
216, 209, -1
216, 334, -1
216, 314, -1
216, 129, -1
216, 141, -1
216, 167, -1
216, 249, -1
216, 28, -1
216, 147, -1
216, 324, -1
216, 121, -1
216, 149, -1
63, 348, -1
63, 219, -1
63, 82, -1
63, 286, -1
63, 347, -1
63, 225, -1
63, 173, -1
63, 273, -1
63, 131, -1
63, 329, -1
63, 307, -1
63, 221, -1
63, 4, -1
63, 231, -1
63, 153, -1
63, 266, -1
63, 137, -1
63, 341, -1
63, 277, -1
63, 133, -1
63, 243, -1
63, 333, -1
63, 241, -1
63, 157, -1
63, 12, -1
63, 209, -1
63, 334, -1
63, 314, -1
63, 129, -1
63, 141, -1
63, 167, -1
63, 249, -1
63, 28, -1
63, 147, -1
63, 324, -1
63, 121, -1
63, 149, -1
190, 348, -1
190, 219, -1
190, 82, -1
190, 286, -1
190, 347, -1
190, 225, -1
190, 173, -1
190, 273, -1
190, 131, -1
190, 329, -1
190, 307, -1
190, 221, -1
190, 4, -1
190, 231, -1
190, 153, -1
190, 266, -1
190, 137, -1
190, 341, -1
190, 277, -1
190, 133, -1
190, 243, -1
190, 333, -1
190, 241, -1
190, 157, -1
190, 12, -1
190, 209, -1
190, 334, -1
190, 314, -1
190, 129, -1
190, 141, -1
190, 167, -1
190, 249, -1
190, 28, -1
190, 147, -1
190, 324, -1
190, 121, -1
190, 149, -1
109, 126, -1
109, 57, -1
109, 192, -1
109, 130, -1
109, 218, -1
109, 200, -1
109, 168, -1
109, 206, -1
109, 132, -1
109, 104, -1
109, 112, -1
109, 102, -1
109, 214, -1
109, 176, -1
109, 102, -1
109, 112, -1
109, 248, -1
109, 238, -1
109, 25, -1
109, 184, -1
109, 7, -1
109, 3, -1
109, 224, -1
109, 146, -1
109, 156, -1
109, 31, -1
109, 198, -1
109, 246, -1
109, 110, -1
109, 160, -1
109, 37, -1
109, 75, -1
109, 43, -1
109, 95, -1
109, 15, -1
109, 226, -1
109, 152, -1
109, 69, -1
109, 226, -1
109, 180, -1
109, 49, -1
109, 154, -1
109, 222, -1
109, 136, -1
109, 49, -1
109, 108, -1
109, 230, -1
109, 5, -1
109, 216, -1
109, 63, -1
109, 190, -1
283, 126, -1
283, 57, -1
283, 192, -1
283, 130, -1
283, 218, -1
283, 200, -1
283, 168, -1
283, 206, -1
283, 132, -1
283, 104, -1
283, 112, -1
283, 102, -1
283, 214, -1
283, 176, -1
283, 102, -1
283, 112, -1
283, 248, -1
283, 238, -1
283, 25, -1
283, 184, -1
283, 7, -1
283, 3, -1
283, 224, -1
283, 146, -1
283, 156, -1
283, 31, -1
283, 198, -1
283, 246, -1
283, 110, -1
283, 160, -1
283, 37, -1
283, 75, -1
283, 43, -1
283, 95, -1
283, 15, -1
283, 226, -1
283, 152, -1
283, 69, -1
283, 226, -1
283, 180, -1
283, 49, -1
283, 154, -1
283, 222, -1
283, 136, -1
283, 49, -1
283, 108, -1
283, 230, -1
283, 5, -1
283, 216, -1
283, 63, -1
283, 190, -1
93, 348, -1
93, 219, -1
93, 82, -1
93, 286, -1
93, 347, -1
93, 225, -1
93, 173, -1
93, 273, -1
93, 131, -1
93, 329, -1
93, 307, -1
93, 221, -1
93, 4, -1
93, 231, -1
93, 153, -1
93, 266, -1
93, 137, -1
93, 341, -1
93, 277, -1
93, 133, -1
93, 243, -1
93, 333, -1
93, 241, -1
93, 157, -1
93, 12, -1
93, 209, -1
93, 334, -1
93, 314, -1
93, 129, -1
93, 141, -1
93, 167, -1
93, 249, -1
93, 28, -1
93, 147, -1
93, 324, -1
93, 121, -1
93, 149, -1
93, 109, -1
93, 283, -1

