176, 126, 1
29, 126, 1
29, 176, 1
4, 348, 1
34, 348, 1
34, 4, 1
228, 126, 1
228, 176, 1
228, 29, 1
271, 348, 1
271, 4, 1
271, 34, 1
126, 348, -1
176, 348, -1
29, 348, -1
4, 126, -1
4, 176, -1
4, 29, -1
34, 126, -1
34, 176, -1
34, 29, -1
228, 348, -1
228, 4, -1
228, 34, -1
271, 126, -1
271, 176, -1
271, 29, -1
271, 228, -1

184, 126, 1
184, 176, 1
184, 29, 1
184, 228, 1
43, 126, 1
43, 176, 1
43, 29, 1
43, 228, 1
43, 184, 1
75, 126, 1
75, 176, 1
75, 29, 1
75, 228, 1
75, 184, 1
75, 43, 1
51, 126, 1
51, 176, 1
51, 29, 1
51, 228, 1
51, 184, 1
51, 43, 1
51, 75, 1
134, 126, 1
134, 176, 1
134, 29, 1
134, 228, 1
134, 184, 1
134, 43, 1
134, 75, 1
134, 51, 1
184, 348, -1
184, 4, -1
184, 34, -1
184, 271, -1
43, 348, -1
43, 4, -1
43, 34, -1
43, 271, -1
75, 348, -1
75, 4, -1
75, 34, -1
75, 271, -1
51, 348, -1
51, 4, -1
51, 34, -1
51, 271, -1
134, 348, -1
134, 4, -1
134, 34, -1
134, 271, -1

132, 126, 1
132, 176, 1
132, 29, 1
132, 228, 1
132, 184, 1
132, 43, 1
132, 75, 1
132, 51, 1
132, 134, 1
120, 126, 1
120, 176, 1
120, 29, 1
120, 228, 1
120, 184, 1
120, 43, 1
120, 75, 1
120, 51, 1
120, 134, 1
120, 132, 1
81, 126, 1
81, 176, 1
81, 29, 1
81, 228, 1
81, 184, 1
81, 43, 1
81, 75, 1
81, 51, 1
81, 134, 1
81, 132, 1
81, 120, 1
214, 126, 1
214, 176, 1
214, 29, 1
214, 228, 1
214, 184, 1
214, 43, 1
214, 75, 1
214, 51, 1
214, 134, 1
214, 132, 1
214, 120, 1
214, 81, 1
164, 126, 1
164, 176, 1
164, 29, 1
164, 228, 1
164, 184, 1
164, 43, 1
164, 75, 1
164, 51, 1
164, 134, 1
164, 132, 1
164, 120, 1
164, 81, 1
164, 214, 1
132, 348, -1
132, 4, -1
132, 34, -1
132, 271, -1
120, 348, -1
120, 4, -1
120, 34, -1
120, 271, -1
81, 348, -1
81, 4, -1
81, 34, -1
81, 271, -1
214, 348, -1
214, 4, -1
214, 34, -1
214, 271, -1
164, 348, -1
164, 4, -1
164, 34, -1
164, 271, -1

104, 126, 1
104, 176, 1
104, 29, 1
104, 228, 1
104, 184, 1
104, 43, 1
104, 75, 1
104, 51, 1
104, 134, 1
104, 132, 1
104, 120, 1
104, 81, 1
104, 214, 1
104, 164, 1
200, 126, 1
200, 176, 1
200, 29, 1
200, 228, 1
200, 184, 1
200, 43, 1
200, 75, 1
200, 51, 1
200, 134, 1
200, 132, 1
200, 120, 1
200, 81, 1
200, 214, 1
200, 164, 1
200, 104, 1
216, 126, 1
216, 176, 1
216, 29, 1
216, 228, 1
216, 184, 1
216, 43, 1
216, 75, 1
216, 51, 1
216, 134, 1
216, 132, 1
216, 120, 1
216, 81, 1
216, 214, 1
216, 164, 1
216, 104, 1
216, 200, 1
25, 126, 1
25, 176, 1
25, 29, 1
25, 228, 1
25, 184, 1
25, 43, 1
25, 75, 1
25, 51, 1
25, 134, 1
25, 132, 1
25, 120, 1
25, 81, 1
25, 214, 1
25, 164, 1
25, 104, 1
25, 200, 1
25, 216, 1
35, 126, 1
35, 176, 1
35, 29, 1
35, 228, 1
35, 184, 1
35, 43, 1
35, 75, 1
35, 51, 1
35, 134, 1
35, 132, 1
35, 120, 1
35, 81, 1
35, 214, 1
35, 164, 1
35, 104, 1
35, 200, 1
35, 216, 1
35, 25, 1
104, 348, -1
104, 4, -1
104, 34, -1
104, 271, -1
200, 348, -1
200, 4, -1
200, 34, -1
200, 271, -1
216, 348, -1
216, 4, -1
216, 34, -1
216, 271, -1
25, 348, -1
25, 4, -1
25, 34, -1
25, 271, -1
35, 348, -1
35, 4, -1
35, 34, -1
35, 271, -1

278, 348, 1
278, 4, 1
278, 34, 1
278, 271, 1
262, 348, 1
262, 4, 1
262, 34, 1
262, 271, 1
262, 278, 1
264, 348, 1
264, 4, 1
264, 34, 1
264, 271, 1
264, 278, 1
264, 262, 1
157, 348, 1
157, 4, 1
157, 34, 1
157, 271, 1
157, 278, 1
157, 262, 1
157, 264, 1
15, 126, 1
15, 176, 1
15, 29, 1
15, 228, 1
15, 184, 1
15, 43, 1
15, 75, 1
15, 51, 1
15, 134, 1
15, 132, 1
15, 120, 1
15, 81, 1
15, 214, 1
15, 164, 1
15, 104, 1
15, 200, 1
15, 216, 1
15, 25, 1
15, 35, 1
174, 126, 1
174, 176, 1
174, 29, 1
174, 228, 1
174, 184, 1
174, 43, 1
174, 75, 1
174, 51, 1
174, 134, 1
174, 132, 1
174, 120, 1
174, 81, 1
174, 214, 1
174, 164, 1
174, 104, 1
174, 200, 1
174, 216, 1
174, 25, 1
174, 35, 1
174, 15, 1
227, 348, 1
227, 4, 1
227, 34, 1
227, 271, 1
227, 278, 1
227, 262, 1
227, 264, 1
227, 157, 1
278, 126, -1
278, 176, -1
278, 29, -1
278, 228, -1
278, 184, -1
278, 43, -1
278, 75, -1
278, 51, -1
278, 134, -1
278, 132, -1
278, 120, -1
278, 81, -1
278, 214, -1
278, 164, -1
278, 104, -1
278, 200, -1
278, 216, -1
278, 25, -1
278, 35, -1
262, 126, -1
262, 176, -1
262, 29, -1
262, 228, -1
262, 184, -1
262, 43, -1
262, 75, -1
262, 51, -1
262, 134, -1
262, 132, -1
262, 120, -1
262, 81, -1
262, 214, -1
262, 164, -1
262, 104, -1
262, 200, -1
262, 216, -1
262, 25, -1
262, 35, -1
264, 126, -1
264, 176, -1
264, 29, -1
264, 228, -1
264, 184, -1
264, 43, -1
264, 75, -1
264, 51, -1
264, 134, -1
264, 132, -1
264, 120, -1
264, 81, -1
264, 214, -1
264, 164, -1
264, 104, -1
264, 200, -1
264, 216, -1
264, 25, -1
264, 35, -1
157, 126, -1
157, 176, -1
157, 29, -1
157, 228, -1
157, 184, -1
157, 43, -1
157, 75, -1
157, 51, -1
157, 134, -1
157, 132, -1
157, 120, -1
157, 81, -1
157, 214, -1
157, 164, -1
157, 104, -1
157, 200, -1
157, 216, -1
157, 25, -1
157, 35, -1
15, 348, -1
15, 4, -1
15, 34, -1
15, 271, -1
15, 278, -1
15, 262, -1
15, 264, -1
15, 157, -1
174, 348, -1
174, 4, -1
174, 34, -1
174, 271, -1
174, 278, -1
174, 262, -1
174, 264, -1
174, 157, -1
227, 126, -1
227, 176, -1
227, 29, -1
227, 228, -1
227, 184, -1
227, 43, -1
227, 75, -1
227, 51, -1
227, 134, -1
227, 132, -1
227, 120, -1
227, 81, -1
227, 214, -1
227, 164, -1
227, 104, -1
227, 200, -1
227, 216, -1
227, 25, -1
227, 35, -1
227, 15, -1
227, 174, -1

261, 348, 1
261, 4, 1
261, 34, 1
261, 271, 1
261, 278, 1
261, 262, 1
261, 264, 1
261, 157, 1
261, 227, 1
109, 348, 1
109, 4, 1
109, 34, 1
109, 271, 1
109, 278, 1
109, 262, 1
109, 264, 1
109, 157, 1
109, 227, 1
109, 261, 1
222, 126, 1
222, 176, 1
222, 29, 1
222, 228, 1
222, 184, 1
222, 43, 1
222, 75, 1
222, 51, 1
222, 134, 1
222, 132, 1
222, 120, 1
222, 81, 1
222, 214, 1
222, 164, 1
222, 104, 1
222, 200, 1
222, 216, 1
222, 25, 1
222, 35, 1
222, 15, 1
222, 174, 1
196, 126, 1
196, 176, 1
196, 29, 1
196, 228, 1
196, 184, 1
196, 43, 1
196, 75, 1
196, 51, 1
196, 134, 1
196, 132, 1
196, 120, 1
196, 81, 1
196, 214, 1
196, 164, 1
196, 104, 1
196, 200, 1
196, 216, 1
196, 25, 1
196, 35, 1
196, 15, 1
196, 174, 1
196, 222, 1
31, 126, 1
31, 176, 1
31, 29, 1
31, 228, 1
31, 184, 1
31, 43, 1
31, 75, 1
31, 51, 1
31, 134, 1
31, 132, 1
31, 120, 1
31, 81, 1
31, 214, 1
31, 164, 1
31, 104, 1
31, 200, 1
31, 216, 1
31, 25, 1
31, 35, 1
31, 15, 1
31, 174, 1
31, 222, 1
31, 196, 1
67, 126, 1
67, 176, 1
67, 29, 1
67, 228, 1
67, 184, 1
67, 43, 1
67, 75, 1
67, 51, 1
67, 134, 1
67, 132, 1
67, 120, 1
67, 81, 1
67, 214, 1
67, 164, 1
67, 104, 1
67, 200, 1
67, 216, 1
67, 25, 1
67, 35, 1
67, 15, 1
67, 174, 1
67, 222, 1
67, 196, 1
67, 31, 1
261, 126, -1
261, 176, -1
261, 29, -1
261, 228, -1
261, 184, -1
261, 43, -1
261, 75, -1
261, 51, -1
261, 134, -1
261, 132, -1
261, 120, -1
261, 81, -1
261, 214, -1
261, 164, -1
261, 104, -1
261, 200, -1
261, 216, -1
261, 25, -1
261, 35, -1
261, 15, -1
261, 174, -1
109, 126, -1
109, 176, -1
109, 29, -1
109, 228, -1
109, 184, -1
109, 43, -1
109, 75, -1
109, 51, -1
109, 134, -1
109, 132, -1
109, 120, -1
109, 81, -1
109, 214, -1
109, 164, -1
109, 104, -1
109, 200, -1
109, 216, -1
109, 25, -1
109, 35, -1
109, 15, -1
109, 174, -1
222, 348, -1
222, 4, -1
222, 34, -1
222, 271, -1
222, 278, -1
222, 262, -1
222, 264, -1
222, 157, -1
222, 227, -1
222, 261, -1
222, 109, -1
196, 348, -1
196, 4, -1
196, 34, -1
196, 271, -1
196, 278, -1
196, 262, -1
196, 264, -1
196, 157, -1
196, 227, -1
196, 261, -1
196, 109, -1
31, 348, -1
31, 4, -1
31, 34, -1
31, 271, -1
31, 278, -1
31, 262, -1
31, 264, -1
31, 157, -1
31, 227, -1
31, 261, -1
31, 109, -1
67, 348, -1
67, 4, -1
67, 34, -1
67, 271, -1
67, 278, -1
67, 262, -1
67, 264, -1
67, 157, -1
67, 227, -1
67, 261, -1
67, 109, -1

93, 126, 1
93, 176, 1
93, 29, 1
93, 228, 1
93, 184, 1
93, 43, 1
93, 75, 1
93, 51, 1
93, 134, 1
93, 132, 1
93, 120, 1
93, 81, 1
93, 214, 1
93, 164, 1
93, 104, 1
93, 200, 1
93, 216, 1
93, 25, 1
93, 35, 1
93, 15, 1
93, 174, 1
93, 222, 1
93, 196, 1
93, 31, 1
93, 67, 1
225, 348, 1
225, 4, 1
225, 34, 1
225, 271, 1
225, 278, 1
225, 262, 1
225, 264, 1
225, 157, 1
225, 227, 1
225, 261, 1
225, 109, 1
263, 348, 1
263, 4, 1
263, 34, 1
263, 271, 1
263, 278, 1
263, 262, 1
263, 264, 1
263, 157, 1
263, 227, 1
263, 261, 1
263, 109, 1
263, 225, 1
265, 348, 1
265, 4, 1
265, 34, 1
265, 271, 1
265, 278, 1
265, 262, 1
265, 264, 1
265, 157, 1
265, 227, 1
265, 261, 1
265, 109, 1
265, 225, 1
265, 263, 1
280, 348, 1
280, 4, 1
280, 34, 1
280, 271, 1
280, 278, 1
280, 262, 1
280, 264, 1
280, 157, 1
280, 227, 1
280, 261, 1
280, 109, 1
280, 225, 1
280, 263, 1
280, 265, 1
95, 126, 1
95, 176, 1
95, 29, 1
95, 228, 1
95, 184, 1
95, 43, 1
95, 75, 1
95, 51, 1
95, 134, 1
95, 132, 1
95, 120, 1
95, 81, 1
95, 214, 1
95, 164, 1
95, 104, 1
95, 200, 1
95, 216, 1
95, 25, 1
95, 35, 1
95, 15, 1
95, 174, 1
95, 222, 1
95, 196, 1
95, 31, 1
95, 67, 1
95, 93, 1
83, 126, 1
83, 176, 1
83, 29, 1
83, 228, 1
83, 184, 1
83, 43, 1
83, 75, 1
83, 51, 1
83, 134, 1
83, 132, 1
83, 120, 1
83, 81, 1
83, 214, 1
83, 164, 1
83, 104, 1
83, 200, 1
83, 216, 1
83, 25, 1
83, 35, 1
83, 15, 1
83, 174, 1
83, 222, 1
83, 196, 1
83, 31, 1
83, 67, 1
83, 93, 1
83, 95, 1
93, 348, -1
93, 4, -1
93, 34, -1
93, 271, -1
93, 278, -1
93, 262, -1
93, 264, -1
93, 157, -1
93, 227, -1
93, 261, -1
93, 109, -1
225, 126, -1
225, 176, -1
225, 29, -1
225, 228, -1
225, 184, -1
225, 43, -1
225, 75, -1
225, 51, -1
225, 134, -1
225, 132, -1
225, 120, -1
225, 81, -1
225, 214, -1
225, 164, -1
225, 104, -1
225, 200, -1
225, 216, -1
225, 25, -1
225, 35, -1
225, 15, -1
225, 174, -1
225, 222, -1
225, 196, -1
225, 31, -1
225, 67, -1
225, 93, -1
263, 126, -1
263, 176, -1
263, 29, -1
263, 228, -1
263, 184, -1
263, 43, -1
263, 75, -1
263, 51, -1
263, 134, -1
263, 132, -1
263, 120, -1
263, 81, -1
263, 214, -1
263, 164, -1
263, 104, -1
263, 200, -1
263, 216, -1
263, 25, -1
263, 35, -1
263, 15, -1
263, 174, -1
263, 222, -1
263, 196, -1
263, 31, -1
263, 67, -1
263, 93, -1
265, 126, -1
265, 176, -1
265, 29, -1
265, 228, -1
265, 184, -1
265, 43, -1
265, 75, -1
265, 51, -1
265, 134, -1
265, 132, -1
265, 120, -1
265, 81, -1
265, 214, -1
265, 164, -1
265, 104, -1
265, 200, -1
265, 216, -1
265, 25, -1
265, 35, -1
265, 15, -1
265, 174, -1
265, 222, -1
265, 196, -1
265, 31, -1
265, 67, -1
265, 93, -1
280, 126, -1
280, 176, -1
280, 29, -1
280, 228, -1
280, 184, -1
280, 43, -1
280, 75, -1
280, 51, -1
280, 134, -1
280, 132, -1
280, 120, -1
280, 81, -1
280, 214, -1
280, 164, -1
280, 104, -1
280, 200, -1
280, 216, -1
280, 25, -1
280, 35, -1
280, 15, -1
280, 174, -1
280, 222, -1
280, 196, -1
280, 31, -1
280, 67, -1
280, 93, -1
95, 348, -1
95, 4, -1
95, 34, -1
95, 271, -1
95, 278, -1
95, 262, -1
95, 264, -1
95, 157, -1
95, 227, -1
95, 261, -1
95, 109, -1
95, 225, -1
95, 263, -1
95, 265, -1
95, 280, -1
83, 348, -1
83, 4, -1
83, 34, -1
83, 271, -1
83, 278, -1
83, 262, -1
83, 264, -1
83, 157, -1
83, 227, -1
83, 261, -1
83, 109, -1
83, 225, -1
83, 263, -1
83, 265, -1
83, 280, -1

281, 348, 1
281, 4, 1
281, 34, 1
281, 271, 1
281, 278, 1
281, 262, 1
281, 264, 1
281, 157, 1
281, 227, 1
281, 261, 1
281, 109, 1
281, 225, 1
281, 263, 1
281, 265, 1
281, 280, 1
96, 348, 1
96, 4, 1
96, 34, 1
96, 271, 1
96, 278, 1
96, 262, 1
96, 264, 1
96, 157, 1
96, 227, 1
96, 261, 1
96, 109, 1
96, 225, 1
96, 263, 1
96, 265, 1
96, 280, 1
96, 281, 1
97, 348, 1
97, 4, 1
97, 34, 1
97, 271, 1
97, 278, 1
97, 262, 1
97, 264, 1
97, 157, 1
97, 227, 1
97, 261, 1
97, 109, 1
97, 225, 1
97, 263, 1
97, 265, 1
97, 280, 1
97, 281, 1
97, 96, 1
111, 348, 1
111, 4, 1
111, 34, 1
111, 271, 1
111, 278, 1
111, 262, 1
111, 264, 1
111, 157, 1
111, 227, 1
111, 261, 1
111, 109, 1
111, 225, 1
111, 263, 1
111, 265, 1
111, 280, 1
111, 281, 1
111, 96, 1
111, 97, 1
308, 348, 1
308, 4, 1
308, 34, 1
308, 271, 1
308, 278, 1
308, 262, 1
308, 264, 1
308, 157, 1
308, 227, 1
308, 261, 1
308, 109, 1
308, 225, 1
308, 263, 1
308, 265, 1
308, 280, 1
308, 281, 1
308, 96, 1
308, 97, 1
308, 111, 1
296, 348, 1
296, 4, 1
296, 34, 1
296, 271, 1
296, 278, 1
296, 262, 1
296, 264, 1
296, 157, 1
296, 227, 1
296, 261, 1
296, 109, 1
296, 225, 1
296, 263, 1
296, 265, 1
296, 280, 1
296, 281, 1
296, 96, 1
296, 97, 1
296, 111, 1
296, 308, 1
298, 348, 1
298, 4, 1
298, 34, 1
298, 271, 1
298, 278, 1
298, 262, 1
298, 264, 1
298, 157, 1
298, 227, 1
298, 261, 1
298, 109, 1
298, 225, 1
298, 263, 1
298, 265, 1
298, 280, 1
298, 281, 1
298, 96, 1
298, 97, 1
298, 111, 1
298, 308, 1
298, 296, 1
68, 348, 1
68, 4, 1
68, 34, 1
68, 271, 1
68, 278, 1
68, 262, 1
68, 264, 1
68, 157, 1
68, 227, 1
68, 261, 1
68, 109, 1
68, 225, 1
68, 263, 1
68, 265, 1
68, 280, 1
68, 281, 1
68, 96, 1
68, 97, 1
68, 111, 1
68, 308, 1
68, 296, 1
68, 298, 1
266, 348, 1
266, 4, 1
266, 34, 1
266, 271, 1
266, 278, 1
266, 262, 1
266, 264, 1
266, 157, 1
266, 227, 1
266, 261, 1
266, 109, 1
266, 225, 1
266, 263, 1
266, 265, 1
266, 280, 1
266, 281, 1
266, 96, 1
266, 97, 1
266, 111, 1
266, 308, 1
266, 296, 1
266, 298, 1
266, 68, 1
249, 348, 1
249, 4, 1
249, 34, 1
249, 271, 1
249, 278, 1
249, 262, 1
249, 264, 1
249, 157, 1
249, 227, 1
249, 261, 1
249, 109, 1
249, 225, 1
249, 263, 1
249, 265, 1
249, 280, 1
249, 281, 1
249, 96, 1
249, 97, 1
249, 111, 1
249, 308, 1
249, 296, 1
249, 298, 1
249, 68, 1
249, 266, 1
281, 126, -1
281, 176, -1
281, 29, -1
281, 228, -1
281, 184, -1
281, 43, -1
281, 75, -1
281, 51, -1
281, 134, -1
281, 132, -1
281, 120, -1
281, 81, -1
281, 214, -1
281, 164, -1
281, 104, -1
281, 200, -1
281, 216, -1
281, 25, -1
281, 35, -1
281, 15, -1
281, 174, -1
281, 222, -1
281, 196, -1
281, 31, -1
281, 67, -1
281, 93, -1
281, 95, -1
281, 83, -1
96, 126, -1
96, 176, -1
96, 29, -1
96, 228, -1
96, 184, -1
96, 43, -1
96, 75, -1
96, 51, -1
96, 134, -1
96, 132, -1
96, 120, -1
96, 81, -1
96, 214, -1
96, 164, -1
96, 104, -1
96, 200, -1
96, 216, -1
96, 25, -1
96, 35, -1
96, 15, -1
96, 174, -1
96, 222, -1
96, 196, -1
96, 31, -1
96, 67, -1
96, 93, -1
96, 95, -1
96, 83, -1
97, 126, -1
97, 176, -1
97, 29, -1
97, 228, -1
97, 184, -1
97, 43, -1
97, 75, -1
97, 51, -1
97, 134, -1
97, 132, -1
97, 120, -1
97, 81, -1
97, 214, -1
97, 164, -1
97, 104, -1
97, 200, -1
97, 216, -1
97, 25, -1
97, 35, -1
97, 15, -1
97, 174, -1
97, 222, -1
97, 196, -1
97, 31, -1
97, 67, -1
97, 93, -1
97, 95, -1
97, 83, -1
111, 126, -1
111, 176, -1
111, 29, -1
111, 228, -1
111, 184, -1
111, 43, -1
111, 75, -1
111, 51, -1
111, 134, -1
111, 132, -1
111, 120, -1
111, 81, -1
111, 214, -1
111, 164, -1
111, 104, -1
111, 200, -1
111, 216, -1
111, 25, -1
111, 35, -1
111, 15, -1
111, 174, -1
111, 222, -1
111, 196, -1
111, 31, -1
111, 67, -1
111, 93, -1
111, 95, -1
111, 83, -1
308, 126, -1
308, 176, -1
308, 29, -1
308, 228, -1
308, 184, -1
308, 43, -1
308, 75, -1
308, 51, -1
308, 134, -1
308, 132, -1
308, 120, -1
308, 81, -1
308, 214, -1
308, 164, -1
308, 104, -1
308, 200, -1
308, 216, -1
308, 25, -1
308, 35, -1
308, 15, -1
308, 174, -1
308, 222, -1
308, 196, -1
308, 31, -1
308, 67, -1
308, 93, -1
308, 95, -1
308, 83, -1
296, 126, -1
296, 176, -1
296, 29, -1
296, 228, -1
296, 184, -1
296, 43, -1
296, 75, -1
296, 51, -1
296, 134, -1
296, 132, -1
296, 120, -1
296, 81, -1
296, 214, -1
296, 164, -1
296, 104, -1
296, 200, -1
296, 216, -1
296, 25, -1
296, 35, -1
296, 15, -1
296, 174, -1
296, 222, -1
296, 196, -1
296, 31, -1
296, 67, -1
296, 93, -1
296, 95, -1
296, 83, -1
298, 126, -1
298, 176, -1
298, 29, -1
298, 228, -1
298, 184, -1
298, 43, -1
298, 75, -1
298, 51, -1
298, 134, -1
298, 132, -1
298, 120, -1
298, 81, -1
298, 214, -1
298, 164, -1
298, 104, -1
298, 200, -1
298, 216, -1
298, 25, -1
298, 35, -1
298, 15, -1
298, 174, -1
298, 222, -1
298, 196, -1
298, 31, -1
298, 67, -1
298, 93, -1
298, 95, -1
298, 83, -1
68, 126, -1
68, 176, -1
68, 29, -1
68, 228, -1
68, 184, -1
68, 43, -1
68, 75, -1
68, 51, -1
68, 134, -1
68, 132, -1
68, 120, -1
68, 81, -1
68, 214, -1
68, 164, -1
68, 104, -1
68, 200, -1
68, 216, -1
68, 25, -1
68, 35, -1
68, 15, -1
68, 174, -1
68, 222, -1
68, 196, -1
68, 31, -1
68, 67, -1
68, 93, -1
68, 95, -1
68, 83, -1
266, 126, -1
266, 176, -1
266, 29, -1
266, 228, -1
266, 184, -1
266, 43, -1
266, 75, -1
266, 51, -1
266, 134, -1
266, 132, -1
266, 120, -1
266, 81, -1
266, 214, -1
266, 164, -1
266, 104, -1
266, 200, -1
266, 216, -1
266, 25, -1
266, 35, -1
266, 15, -1
266, 174, -1
266, 222, -1
266, 196, -1
266, 31, -1
266, 67, -1
266, 93, -1
266, 95, -1
266, 83, -1
249, 126, -1
249, 176, -1
249, 29, -1
249, 228, -1
249, 184, -1
249, 43, -1
249, 75, -1
249, 51, -1
249, 134, -1
249, 132, -1
249, 120, -1
249, 81, -1
249, 214, -1
249, 164, -1
249, 104, -1
249, 200, -1
249, 216, -1
249, 25, -1
249, 35, -1
249, 15, -1
249, 174, -1
249, 222, -1
249, 196, -1
249, 31, -1
249, 67, -1
249, 93, -1
249, 95, -1
249, 83, -1

130, 126, 1
130, 176, 1
130, 29, 1
130, 228, 1
130, 184, 1
130, 43, 1
130, 75, 1
130, 51, 1
130, 134, 1
130, 132, 1
130, 120, 1
130, 81, 1
130, 214, 1
130, 164, 1
130, 104, 1
130, 200, 1
130, 216, 1
130, 25, 1
130, 35, 1
130, 15, 1
130, 174, 1
130, 222, 1
130, 196, 1
130, 31, 1
130, 67, 1
130, 93, 1
130, 95, 1
130, 83, 1
123, 348, 1
123, 4, 1
123, 34, 1
123, 271, 1
123, 278, 1
123, 262, 1
123, 264, 1
123, 157, 1
123, 227, 1
123, 261, 1
123, 109, 1
123, 225, 1
123, 263, 1
123, 265, 1
123, 280, 1
123, 281, 1
123, 96, 1
123, 97, 1
123, 111, 1
123, 308, 1
123, 296, 1
123, 298, 1
123, 68, 1
123, 266, 1
123, 249, 1
244, 126, 1
244, 176, 1
244, 29, 1
244, 228, 1
244, 184, 1
244, 43, 1
244, 75, 1
244, 51, 1
244, 134, 1
244, 132, 1
244, 120, 1
244, 81, 1
244, 214, 1
244, 164, 1
244, 104, 1
244, 200, 1
244, 216, 1
244, 25, 1
244, 35, 1
244, 15, 1
244, 174, 1
244, 222, 1
244, 196, 1
244, 31, 1
244, 67, 1
244, 93, 1
244, 95, 1
244, 83, 1
244, 130, 1
286, 348, 1
286, 4, 1
286, 34, 1
286, 271, 1
286, 278, 1
286, 262, 1
286, 264, 1
286, 157, 1
286, 227, 1
286, 261, 1
286, 109, 1
286, 225, 1
286, 263, 1
286, 265, 1
286, 280, 1
286, 281, 1
286, 96, 1
286, 97, 1
286, 111, 1
286, 308, 1
286, 296, 1
286, 298, 1
286, 68, 1
286, 266, 1
286, 249, 1
286, 123, 1
137, 348, 1
137, 4, 1
137, 34, 1
137, 271, 1
137, 278, 1
137, 262, 1
137, 264, 1
137, 157, 1
137, 227, 1
137, 261, 1
137, 109, 1
137, 225, 1
137, 263, 1
137, 265, 1
137, 280, 1
137, 281, 1
137, 96, 1
137, 97, 1
137, 111, 1
137, 308, 1
137, 296, 1
137, 298, 1
137, 68, 1
137, 266, 1
137, 249, 1
137, 123, 1
137, 286, 1
307, 348, 1
307, 4, 1
307, 34, 1
307, 271, 1
307, 278, 1
307, 262, 1
307, 264, 1
307, 157, 1
307, 227, 1
307, 261, 1
307, 109, 1
307, 225, 1
307, 263, 1
307, 265, 1
307, 280, 1
307, 281, 1
307, 96, 1
307, 97, 1
307, 111, 1
307, 308, 1
307, 296, 1
307, 298, 1
307, 68, 1
307, 266, 1
307, 249, 1
307, 123, 1
307, 286, 1
307, 137, 1
78, 348, 1
78, 4, 1
78, 34, 1
78, 271, 1
78, 278, 1
78, 262, 1
78, 264, 1
78, 157, 1
78, 227, 1
78, 261, 1
78, 109, 1
78, 225, 1
78, 263, 1
78, 265, 1
78, 280, 1
78, 281, 1
78, 96, 1
78, 97, 1
78, 111, 1
78, 308, 1
78, 296, 1
78, 298, 1
78, 68, 1
78, 266, 1
78, 249, 1
78, 123, 1
78, 286, 1
78, 137, 1
78, 307, 1
305, 348, 1
305, 4, 1
305, 34, 1
305, 271, 1
305, 278, 1
305, 262, 1
305, 264, 1
305, 157, 1
305, 227, 1
305, 261, 1
305, 109, 1
305, 225, 1
305, 263, 1
305, 265, 1
305, 280, 1
305, 281, 1
305, 96, 1
305, 97, 1
305, 111, 1
305, 308, 1
305, 296, 1
305, 298, 1
305, 68, 1
305, 266, 1
305, 249, 1
305, 123, 1
305, 286, 1
305, 137, 1
305, 307, 1
305, 78, 1
130, 348, -1
130, 4, -1
130, 34, -1
130, 271, -1
130, 278, -1
130, 262, -1
130, 264, -1
130, 157, -1
130, 227, -1
130, 261, -1
130, 109, -1
130, 225, -1
130, 263, -1
130, 265, -1
130, 280, -1
130, 281, -1
130, 96, -1
130, 97, -1
130, 111, -1
130, 308, -1
130, 296, -1
130, 298, -1
130, 68, -1
130, 266, -1
130, 249, -1
123, 126, -1
123, 176, -1
123, 29, -1
123, 228, -1
123, 184, -1
123, 43, -1
123, 75, -1
123, 51, -1
123, 134, -1
123, 132, -1
123, 120, -1
123, 81, -1
123, 214, -1
123, 164, -1
123, 104, -1
123, 200, -1
123, 216, -1
123, 25, -1
123, 35, -1
123, 15, -1
123, 174, -1
123, 222, -1
123, 196, -1
123, 31, -1
123, 67, -1
123, 93, -1
123, 95, -1
123, 83, -1
123, 130, -1
244, 348, -1
244, 4, -1
244, 34, -1
244, 271, -1
244, 278, -1
244, 262, -1
244, 264, -1
244, 157, -1
244, 227, -1
244, 261, -1
244, 109, -1
244, 225, -1
244, 263, -1
244, 265, -1
244, 280, -1
244, 281, -1
244, 96, -1
244, 97, -1
244, 111, -1
244, 308, -1
244, 296, -1
244, 298, -1
244, 68, -1
244, 266, -1
244, 249, -1
244, 123, -1
286, 126, -1
286, 176, -1
286, 29, -1
286, 228, -1
286, 184, -1
286, 43, -1
286, 75, -1
286, 51, -1
286, 134, -1
286, 132, -1
286, 120, -1
286, 81, -1
286, 214, -1
286, 164, -1
286, 104, -1
286, 200, -1
286, 216, -1
286, 25, -1
286, 35, -1
286, 15, -1
286, 174, -1
286, 222, -1
286, 196, -1
286, 31, -1
286, 67, -1
286, 93, -1
286, 95, -1
286, 83, -1
286, 130, -1
286, 244, -1
137, 126, -1
137, 176, -1
137, 29, -1
137, 228, -1
137, 184, -1
137, 43, -1
137, 75, -1
137, 51, -1
137, 134, -1
137, 132, -1
137, 120, -1
137, 81, -1
137, 214, -1
137, 164, -1
137, 104, -1
137, 200, -1
137, 216, -1
137, 25, -1
137, 35, -1
137, 15, -1
137, 174, -1
137, 222, -1
137, 196, -1
137, 31, -1
137, 67, -1
137, 93, -1
137, 95, -1
137, 83, -1
137, 130, -1
137, 244, -1
307, 126, -1
307, 176, -1
307, 29, -1
307, 228, -1
307, 184, -1
307, 43, -1
307, 75, -1
307, 51, -1
307, 134, -1
307, 132, -1
307, 120, -1
307, 81, -1
307, 214, -1
307, 164, -1
307, 104, -1
307, 200, -1
307, 216, -1
307, 25, -1
307, 35, -1
307, 15, -1
307, 174, -1
307, 222, -1
307, 196, -1
307, 31, -1
307, 67, -1
307, 93, -1
307, 95, -1
307, 83, -1
307, 130, -1
307, 244, -1
78, 126, -1
78, 176, -1
78, 29, -1
78, 228, -1
78, 184, -1
78, 43, -1
78, 75, -1
78, 51, -1
78, 134, -1
78, 132, -1
78, 120, -1
78, 81, -1
78, 214, -1
78, 164, -1
78, 104, -1
78, 200, -1
78, 216, -1
78, 25, -1
78, 35, -1
78, 15, -1
78, 174, -1
78, 222, -1
78, 196, -1
78, 31, -1
78, 67, -1
78, 93, -1
78, 95, -1
78, 83, -1
78, 130, -1
78, 244, -1
305, 126, -1
305, 176, -1
305, 29, -1
305, 228, -1
305, 184, -1
305, 43, -1
305, 75, -1
305, 51, -1
305, 134, -1
305, 132, -1
305, 120, -1
305, 81, -1
305, 214, -1
305, 164, -1
305, 104, -1
305, 200, -1
305, 216, -1
305, 25, -1
305, 35, -1
305, 15, -1
305, 174, -1
305, 222, -1
305, 196, -1
305, 31, -1
305, 67, -1
305, 93, -1
305, 95, -1
305, 83, -1
305, 130, -1
305, 244, -1

69, 126, 1
69, 176, 1
69, 29, 1
69, 228, 1
69, 184, 1
69, 43, 1
69, 75, 1
69, 51, 1
69, 134, 1
69, 132, 1
69, 120, 1
69, 81, 1
69, 214, 1
69, 164, 1
69, 104, 1
69, 200, 1
69, 216, 1
69, 25, 1
69, 35, 1
69, 15, 1
69, 174, 1
69, 222, 1
69, 196, 1
69, 31, 1
69, 67, 1
69, 93, 1
69, 95, 1
69, 83, 1
69, 130, 1
69, 244, 1
297, 348, 1
297, 4, 1
297, 34, 1
297, 271, 1
297, 278, 1
297, 262, 1
297, 264, 1
297, 157, 1
297, 227, 1
297, 261, 1
297, 109, 1
297, 225, 1
297, 263, 1
297, 265, 1
297, 280, 1
297, 281, 1
297, 96, 1
297, 97, 1
297, 111, 1
297, 308, 1
297, 296, 1
297, 298, 1
297, 68, 1
297, 266, 1
297, 249, 1
297, 123, 1
297, 286, 1
297, 137, 1
297, 307, 1
297, 78, 1
297, 305, 1
299, 348, 1
299, 4, 1
299, 34, 1
299, 271, 1
299, 278, 1
299, 262, 1
299, 264, 1
299, 157, 1
299, 227, 1
299, 261, 1
299, 109, 1
299, 225, 1
299, 263, 1
299, 265, 1
299, 280, 1
299, 281, 1
299, 96, 1
299, 97, 1
299, 111, 1
299, 308, 1
299, 296, 1
299, 298, 1
299, 68, 1
299, 266, 1
299, 249, 1
299, 123, 1
299, 286, 1
299, 137, 1
299, 307, 1
299, 78, 1
299, 305, 1
299, 297, 1
311, 348, 1
311, 4, 1
311, 34, 1
311, 271, 1
311, 278, 1
311, 262, 1
311, 264, 1
311, 157, 1
311, 227, 1
311, 261, 1
311, 109, 1
311, 225, 1
311, 263, 1
311, 265, 1
311, 280, 1
311, 281, 1
311, 96, 1
311, 97, 1
311, 111, 1
311, 308, 1
311, 296, 1
311, 298, 1
311, 68, 1
311, 266, 1
311, 249, 1
311, 123, 1
311, 286, 1
311, 137, 1
311, 307, 1
311, 78, 1
311, 305, 1
311, 297, 1
311, 299, 1
309, 348, 1
309, 4, 1
309, 34, 1
309, 271, 1
309, 278, 1
309, 262, 1
309, 264, 1
309, 157, 1
309, 227, 1
309, 261, 1
309, 109, 1
309, 225, 1
309, 263, 1
309, 265, 1
309, 280, 1
309, 281, 1
309, 96, 1
309, 97, 1
309, 111, 1
309, 308, 1
309, 296, 1
309, 298, 1
309, 68, 1
309, 266, 1
309, 249, 1
309, 123, 1
309, 286, 1
309, 137, 1
309, 307, 1
309, 78, 1
309, 305, 1
309, 297, 1
309, 299, 1
309, 311, 1
325, 348, 1
325, 4, 1
325, 34, 1
325, 271, 1
325, 278, 1
325, 262, 1
325, 264, 1
325, 157, 1
325, 227, 1
325, 261, 1
325, 109, 1
325, 225, 1
325, 263, 1
325, 265, 1
325, 280, 1
325, 281, 1
325, 96, 1
325, 97, 1
325, 111, 1
325, 308, 1
325, 296, 1
325, 298, 1
325, 68, 1
325, 266, 1
325, 249, 1
325, 123, 1
325, 286, 1
325, 137, 1
325, 307, 1
325, 78, 1
325, 305, 1
325, 297, 1
325, 299, 1
325, 311, 1
325, 309, 1
283, 348, 1
283, 4, 1
283, 34, 1
283, 271, 1
283, 278, 1
283, 262, 1
283, 264, 1
283, 157, 1
283, 227, 1
283, 261, 1
283, 109, 1
283, 225, 1
283, 263, 1
283, 265, 1
283, 280, 1
283, 281, 1
283, 96, 1
283, 97, 1
283, 111, 1
283, 308, 1
283, 296, 1
283, 298, 1
283, 68, 1
283, 266, 1
283, 249, 1
283, 123, 1
283, 286, 1
283, 137, 1
283, 307, 1
283, 78, 1
283, 305, 1
283, 297, 1
283, 299, 1
283, 311, 1
283, 309, 1
283, 325, 1
251, 348, 1
251, 4, 1
251, 34, 1
251, 271, 1
251, 278, 1
251, 262, 1
251, 264, 1
251, 157, 1
251, 227, 1
251, 261, 1
251, 109, 1
251, 225, 1
251, 263, 1
251, 265, 1
251, 280, 1
251, 281, 1
251, 96, 1
251, 97, 1
251, 111, 1
251, 308, 1
251, 296, 1
251, 298, 1
251, 68, 1
251, 266, 1
251, 249, 1
251, 123, 1
251, 286, 1
251, 137, 1
251, 307, 1
251, 78, 1
251, 305, 1
251, 297, 1
251, 299, 1
251, 311, 1
251, 309, 1
251, 325, 1
251, 283, 1
69, 348, -1
69, 4, -1
69, 34, -1
69, 271, -1
69, 278, -1
69, 262, -1
69, 264, -1
69, 157, -1
69, 227, -1
69, 261, -1
69, 109, -1
69, 225, -1
69, 263, -1
69, 265, -1
69, 280, -1
69, 281, -1
69, 96, -1
69, 97, -1
69, 111, -1
69, 308, -1
69, 296, -1
69, 298, -1
69, 68, -1
69, 266, -1
69, 249, -1
69, 123, -1
69, 286, -1
69, 137, -1
69, 307, -1
69, 78, -1
69, 305, -1
297, 126, -1
297, 176, -1
297, 29, -1
297, 228, -1
297, 184, -1
297, 43, -1
297, 75, -1
297, 51, -1
297, 134, -1
297, 132, -1
297, 120, -1
297, 81, -1
297, 214, -1
297, 164, -1
297, 104, -1
297, 200, -1
297, 216, -1
297, 25, -1
297, 35, -1
297, 15, -1
297, 174, -1
297, 222, -1
297, 196, -1
297, 31, -1
297, 67, -1
297, 93, -1
297, 95, -1
297, 83, -1
297, 130, -1
297, 244, -1
297, 69, -1
299, 126, -1
299, 176, -1
299, 29, -1
299, 228, -1
299, 184, -1
299, 43, -1
299, 75, -1
299, 51, -1
299, 134, -1
299, 132, -1
299, 120, -1
299, 81, -1
299, 214, -1
299, 164, -1
299, 104, -1
299, 200, -1
299, 216, -1
299, 25, -1
299, 35, -1
299, 15, -1
299, 174, -1
299, 222, -1
299, 196, -1
299, 31, -1
299, 67, -1
299, 93, -1
299, 95, -1
299, 83, -1
299, 130, -1
299, 244, -1
299, 69, -1
311, 126, -1
311, 176, -1
311, 29, -1
311, 228, -1
311, 184, -1
311, 43, -1
311, 75, -1
311, 51, -1
311, 134, -1
311, 132, -1
311, 120, -1
311, 81, -1
311, 214, -1
311, 164, -1
311, 104, -1
311, 200, -1
311, 216, -1
311, 25, -1
311, 35, -1
311, 15, -1
311, 174, -1
311, 222, -1
311, 196, -1
311, 31, -1
311, 67, -1
311, 93, -1
311, 95, -1
311, 83, -1
311, 130, -1
311, 244, -1
311, 69, -1
309, 126, -1
309, 176, -1
309, 29, -1
309, 228, -1
309, 184, -1
309, 43, -1
309, 75, -1
309, 51, -1
309, 134, -1
309, 132, -1
309, 120, -1
309, 81, -1
309, 214, -1
309, 164, -1
309, 104, -1
309, 200, -1
309, 216, -1
309, 25, -1
309, 35, -1
309, 15, -1
309, 174, -1
309, 222, -1
309, 196, -1
309, 31, -1
309, 67, -1
309, 93, -1
309, 95, -1
309, 83, -1
309, 130, -1
309, 244, -1
309, 69, -1
325, 126, -1
325, 176, -1
325, 29, -1
325, 228, -1
325, 184, -1
325, 43, -1
325, 75, -1
325, 51, -1
325, 134, -1
325, 132, -1
325, 120, -1
325, 81, -1
325, 214, -1
325, 164, -1
325, 104, -1
325, 200, -1
325, 216, -1
325, 25, -1
325, 35, -1
325, 15, -1
325, 174, -1
325, 222, -1
325, 196, -1
325, 31, -1
325, 67, -1
325, 93, -1
325, 95, -1
325, 83, -1
325, 130, -1
325, 244, -1
325, 69, -1
283, 126, -1
283, 176, -1
283, 29, -1
283, 228, -1
283, 184, -1
283, 43, -1
283, 75, -1
283, 51, -1
283, 134, -1
283, 132, -1
283, 120, -1
283, 81, -1
283, 214, -1
283, 164, -1
283, 104, -1
283, 200, -1
283, 216, -1
283, 25, -1
283, 35, -1
283, 15, -1
283, 174, -1
283, 222, -1
283, 196, -1
283, 31, -1
283, 67, -1
283, 93, -1
283, 95, -1
283, 83, -1
283, 130, -1
283, 244, -1
283, 69, -1
251, 126, -1
251, 176, -1
251, 29, -1
251, 228, -1
251, 184, -1
251, 43, -1
251, 75, -1
251, 51, -1
251, 134, -1
251, 132, -1
251, 120, -1
251, 81, -1
251, 214, -1
251, 164, -1
251, 104, -1
251, 200, -1
251, 216, -1
251, 25, -1
251, 35, -1
251, 15, -1
251, 174, -1
251, 222, -1
251, 196, -1
251, 31, -1
251, 67, -1
251, 93, -1
251, 95, -1
251, 83, -1
251, 130, -1
251, 244, -1
251, 69, -1

