176, 126, 1
33, 126, 1
33, 176, 1
137, 348, 1
286, 348, 1
286, 137, 1
123, 348, 1
123, 137, 1
123, 286, 1
323, 348, 1
323, 137, 1
323, 286, 1
323, 123, 1
18, 348, 1
18, 137, 1
18, 286, 1
18, 123, 1
18, 323, 1
126, 348, -1
176, 348, -1
33, 348, -1
137, 126, -1
137, 176, -1
137, 33, -1
286, 126, -1
286, 176, -1
286, 33, -1
123, 126, -1
123, 176, -1
123, 33, -1
323, 126, -1
323, 176, -1
323, 33, -1
18, 126, -1
18, 176, -1
18, 33, -1

51, 126, 1
51, 176, 1
51, 33, 1
4, 348, 1
4, 137, 1
4, 286, 1
4, 123, 1
4, 323, 1
4, 18, 1
51, 348, -1
51, 137, -1
51, 286, -1
51, 123, -1
51, 323, -1
51, 18, -1
4, 126, -1
4, 176, -1
4, 33, -1
4, 51, -1

78, 348, 1
78, 137, 1
78, 286, 1
78, 123, 1
78, 323, 1
78, 18, 1
78, 4, 1
340, 348, 1
340, 137, 1
340, 286, 1
340, 123, 1
340, 323, 1
340, 18, 1
340, 4, 1
340, 78, 1
134, 126, 1
134, 176, 1
134, 33, 1
134, 51, 1
78, 126, -1
78, 176, -1
78, 33, -1
78, 51, -1
340, 126, -1
340, 176, -1
340, 33, -1
340, 51, -1
134, 348, -1
134, 137, -1
134, 286, -1
134, 123, -1
134, 323, -1
134, 18, -1
134, 4, -1
134, 78, -1
134, 340, -1

250, 126, 1
250, 176, 1
250, 33, 1
250, 51, 1
250, 134, 1
183, 348, 1
183, 137, 1
183, 286, 1
183, 123, 1
183, 323, 1
183, 18, 1
183, 4, 1
183, 78, 1
183, 340, 1
250, 348, -1
250, 137, -1
250, 286, -1
250, 123, -1
250, 323, -1
250, 18, -1
250, 4, -1
250, 78, -1
250, 340, -1
183, 126, -1
183, 176, -1
183, 33, -1
183, 51, -1
183, 134, -1
183, 250, -1

185, 348, 1
185, 137, 1
185, 286, 1
185, 123, 1
185, 323, 1
185, 18, 1
185, 4, 1
185, 78, 1
185, 340, 1
185, 183, 1
65, 126, 1
65, 176, 1
65, 33, 1
65, 51, 1
65, 134, 1
65, 250, 1
184, 126, 1
184, 176, 1
184, 33, 1
184, 51, 1
184, 134, 1
184, 250, 1
184, 65, 1
185, 126, -1
185, 176, -1
185, 33, -1
185, 51, -1
185, 134, -1
185, 250, -1
65, 348, -1
65, 137, -1
65, 286, -1
65, 123, -1
65, 323, -1
65, 18, -1
65, 4, -1
65, 78, -1
65, 340, -1
65, 183, -1
65, 185, -1
184, 348, -1
184, 137, -1
184, 286, -1
184, 123, -1
184, 323, -1
184, 18, -1
184, 4, -1
184, 78, -1
184, 340, -1
184, 183, -1
184, 185, -1

206, 126, 1
206, 176, 1
206, 33, 1
206, 51, 1
206, 134, 1
206, 250, 1
206, 65, 1
206, 184, 1
80, 348, 1
80, 137, 1
80, 286, 1
80, 123, 1
80, 323, 1
80, 18, 1
80, 4, 1
80, 78, 1
80, 340, 1
80, 183, 1
80, 185, 1
206, 348, -1
206, 137, -1
206, 286, -1
206, 123, -1
206, 323, -1
206, 18, -1
206, 4, -1
206, 78, -1
206, 340, -1
206, 183, -1
206, 185, -1
80, 126, -1
80, 176, -1
80, 33, -1
80, 51, -1
80, 134, -1
80, 250, -1
80, 65, -1
80, 184, -1
80, 206, -1

35, 126, 1
35, 176, 1
35, 33, 1
35, 51, 1
35, 134, 1
35, 250, 1
35, 65, 1
35, 184, 1
35, 206, 1
63, 126, 1
63, 176, 1
63, 33, 1
63, 51, 1
63, 134, 1
63, 250, 1
63, 65, 1
63, 184, 1
63, 206, 1
63, 35, 1
41, 126, 1
41, 176, 1
41, 33, 1
41, 51, 1
41, 134, 1
41, 250, 1
41, 65, 1
41, 184, 1
41, 206, 1
41, 35, 1
41, 63, 1
35, 348, -1
35, 137, -1
35, 286, -1
35, 123, -1
35, 323, -1
35, 18, -1
35, 4, -1
35, 78, -1
35, 340, -1
35, 183, -1
35, 185, -1
35, 80, -1
63, 348, -1
63, 137, -1
63, 286, -1
63, 123, -1
63, 323, -1
63, 18, -1
63, 4, -1
63, 78, -1
63, 340, -1
63, 183, -1
63, 185, -1
63, 80, -1
41, 348, -1
41, 137, -1
41, 286, -1
41, 123, -1
41, 323, -1
41, 18, -1
41, 4, -1
41, 78, -1
41, 340, -1
41, 183, -1
41, 185, -1
41, 80, -1

136, 126, 1
136, 176, 1
136, 33, 1
136, 51, 1
136, 134, 1
136, 250, 1
136, 65, 1
136, 184, 1
136, 206, 1
136, 35, 1
136, 63, 1
136, 41, 1
222, 126, 1
222, 176, 1
222, 33, 1
222, 51, 1
222, 134, 1
222, 250, 1
222, 65, 1
222, 184, 1
222, 206, 1
222, 35, 1
222, 63, 1
222, 41, 1
222, 136, 1
19, 126, 1
19, 176, 1
19, 33, 1
19, 51, 1
19, 134, 1
19, 250, 1
19, 65, 1
19, 184, 1
19, 206, 1
19, 35, 1
19, 63, 1
19, 41, 1
19, 136, 1
19, 222, 1
136, 348, -1
136, 137, -1
136, 286, -1
136, 123, -1
136, 323, -1
136, 18, -1
136, 4, -1
136, 78, -1
136, 340, -1
136, 183, -1
136, 185, -1
136, 80, -1
222, 348, -1
222, 137, -1
222, 286, -1
222, 123, -1
222, 323, -1
222, 18, -1
222, 4, -1
222, 78, -1
222, 340, -1
222, 183, -1
222, 185, -1
222, 80, -1
19, 348, -1
19, 137, -1
19, 286, -1
19, 123, -1
19, 323, -1
19, 18, -1
19, 4, -1
19, 78, -1
19, 340, -1
19, 183, -1
19, 185, -1
19, 80, -1

214, 126, 1
214, 176, 1
214, 33, 1
214, 51, 1
214, 134, 1
214, 250, 1
214, 65, 1
214, 184, 1
214, 206, 1
214, 35, 1
214, 63, 1
214, 41, 1
214, 136, 1
214, 222, 1
214, 19, 1
68, 348, 1
68, 137, 1
68, 286, 1
68, 123, 1
68, 323, 1
68, 18, 1
68, 4, 1
68, 78, 1
68, 340, 1
68, 183, 1
68, 185, 1
68, 80, 1
172, 126, 1
172, 176, 1
172, 33, 1
172, 51, 1
172, 134, 1
172, 250, 1
172, 65, 1
172, 184, 1
172, 206, 1
172, 35, 1
172, 63, 1
172, 41, 1
172, 136, 1
172, 222, 1
172, 19, 1
172, 214, 1
214, 348, -1
214, 137, -1
214, 286, -1
214, 123, -1
214, 323, -1
214, 18, -1
214, 4, -1
214, 78, -1
214, 340, -1
214, 183, -1
214, 185, -1
214, 80, -1
68, 126, -1
68, 176, -1
68, 33, -1
68, 51, -1
68, 134, -1
68, 250, -1
68, 65, -1
68, 184, -1
68, 206, -1
68, 35, -1
68, 63, -1
68, 41, -1
68, 136, -1
68, 222, -1
68, 19, -1
68, 214, -1
172, 348, -1
172, 137, -1
172, 286, -1
172, 123, -1
172, 323, -1
172, 18, -1
172, 4, -1
172, 78, -1
172, 340, -1
172, 183, -1
172, 185, -1
172, 80, -1
172, 68, -1

3, 126, 1
3, 176, 1
3, 33, 1
3, 51, 1
3, 134, 1
3, 250, 1
3, 65, 1
3, 184, 1
3, 206, 1
3, 35, 1
3, 63, 1
3, 41, 1
3, 136, 1
3, 222, 1
3, 19, 1
3, 214, 1
3, 172, 1
81, 126, 1
81, 176, 1
81, 33, 1
81, 51, 1
81, 134, 1
81, 250, 1
81, 65, 1
81, 184, 1
81, 206, 1
81, 35, 1
81, 63, 1
81, 41, 1
81, 136, 1
81, 222, 1
81, 19, 1
81, 214, 1
81, 172, 1
81, 3, 1
3, 348, -1
3, 137, -1
3, 286, -1
3, 123, -1
3, 323, -1
3, 18, -1
3, 4, -1
3, 78, -1
3, 340, -1
3, 183, -1
3, 185, -1
3, 80, -1
3, 68, -1
81, 348, -1
81, 137, -1
81, 286, -1
81, 123, -1
81, 323, -1
81, 18, -1
81, 4, -1
81, 78, -1
81, 340, -1
81, 183, -1
81, 185, -1
81, 80, -1
81, 68, -1

