9517, 9, 1
9, 9517, 1
7585, 9517, -1
7585, 9, -1
7585, 1916, -1
7585, 3685, -1
9517, 7585, -1
9, 7585, -1
9517, 1916, -1
9, 1916, -1
9517, 3685, -1
9, 3685, -1
1916, 7585, -1
1916, 9517, -1
1916, 9, -1
1916, 3685, -1
3685, 7585, -1
3685, 9517, -1
3685, 9, -1
3685, 1916, -1

9517, 9, 1
9, 9517, 1
7585, 9517, -1
7585, 9, -1
7585, 1916, -1
7585, 3685, -1
7585, 2902, -1
7585, 14094, -1
9517, 7585, -1
9, 7585, -1
9517, 1916, -1
9, 1916, -1
9517, 3685, -1
9, 3685, -1
9517, 2902, -1
9, 2902, -1
9517, 14094, -1
9, 14094, -1
1916, 7585, -1
1916, 9517, -1
1916, 9, -1
1916, 3685, -1
1916, 2902, -1
1916, 14094, -1
3685, 7585, -1
3685, 9517, -1
3685, 9, -1
3685, 1916, -1
3685, 2902, -1
3685, 14094, -1
2902, 7585, -1
2902, 9517, -1
2902, 9, -1
2902, 1916, -1
2902, 3685, -1
2902, 14094, -1
14094, 7585, -1
14094, 9517, -1
14094, 9, -1
14094, 1916, -1
14094, 3685, -1
14094, 2902, -1

9517, 9, 1
9, 9517, 1
7585, 9517, -1
7585, 9, -1
7585, 1916, -1
7585, 3685, -1
7585, 2902, -1
7585, 14094, -1
7585, 13184, -1
9517, 7585, -1
9, 7585, -1
9517, 1916, -1
9, 1916, -1
9517, 3685, -1
9, 3685, -1
9517, 2902, -1
9, 2902, -1
9517, 14094, -1
9, 14094, -1
9517, 13184, -1
9, 13184, -1
1916, 7585, -1
1916, 9517, -1
1916, 9, -1
1916, 3685, -1
1916, 2902, -1
1916, 14094, -1
1916, 13184, -1
3685, 7585, -1
3685, 9517, -1
3685, 9, -1
3685, 1916, -1
3685, 2902, -1
3685, 14094, -1
3685, 13184, -1
2902, 7585, -1
2902, 9517, -1
2902, 9, -1
2902, 1916, -1
2902, 3685, -1
2902, 14094, -1
2902, 13184, -1
14094, 7585, -1
14094, 9517, -1
14094, 9, -1
14094, 1916, -1
14094, 3685, -1
14094, 2902, -1
14094, 13184, -1
13184, 7585, -1
13184, 9517, -1
13184, 9, -1
13184, 1916, -1
13184, 3685, -1
13184, 2902, -1
13184, 14094, -1

9517, 9, 1
9, 9517, 1
7585, 9517, -1
7585, 9, -1
7585, 1916, -1
7585, 3685, -1
7585, 2902, -1
7585, 14094, -1
7585, 13184, -1
7585, 14576, -1
9517, 7585, -1
9, 7585, -1
9517, 1916, -1
9, 1916, -1
9517, 3685, -1
9, 3685, -1
9517, 2902, -1
9, 2902, -1
9517, 14094, -1
9, 14094, -1
9517, 13184, -1
9, 13184, -1
9517, 14576, -1
9, 14576, -1
1916, 7585, -1
1916, 9517, -1
1916, 9, -1
1916, 3685, -1
1916, 2902, -1
1916, 14094, -1
1916, 13184, -1
1916, 14576, -1
3685, 7585, -1
3685, 9517, -1
3685, 9, -1
3685, 1916, -1
3685, 2902, -1
3685, 14094, -1
3685, 13184, -1
3685, 14576, -1
2902, 7585, -1
2902, 9517, -1
2902, 9, -1
2902, 1916, -1
2902, 3685, -1
2902, 14094, -1
2902, 13184, -1
2902, 14576, -1
14094, 7585, -1
14094, 9517, -1
14094, 9, -1
14094, 1916, -1
14094, 3685, -1
14094, 2902, -1
14094, 13184, -1
14094, 14576, -1
13184, 7585, -1
13184, 9517, -1
13184, 9, -1
13184, 1916, -1
13184, 3685, -1
13184, 2902, -1
13184, 14094, -1
13184, 14576, -1
14576, 7585, -1
14576, 9517, -1
14576, 9, -1
14576, 1916, -1
14576, 3685, -1
14576, 2902, -1
14576, 14094, -1
14576, 13184, -1

9517, 9, 1
9, 9517, 1
7585, 9517, -1
7585, 9, -1
7585, 1916, -1
7585, 3685, -1
7585, 2902, -1
7585, 14094, -1
7585, 13184, -1
7585, 14576, -1
7585, 14235, -1
9517, 7585, -1
9, 7585, -1
9517, 1916, -1
9, 1916, -1
9517, 3685, -1
9, 3685, -1
9517, 2902, -1
9, 2902, -1
9517, 14094, -1
9, 14094, -1
9517, 13184, -1
9, 13184, -1
9517, 14576, -1
9, 14576, -1
9517, 14235, -1
9, 14235, -1
1916, 7585, -1
1916, 9517, -1
1916, 9, -1
1916, 3685, -1
1916, 2902, -1
1916, 14094, -1
1916, 13184, -1
1916, 14576, -1
1916, 14235, -1
3685, 7585, -1
3685, 9517, -1
3685, 9, -1
3685, 1916, -1
3685, 2902, -1
3685, 14094, -1
3685, 13184, -1
3685, 14576, -1
3685, 14235, -1
2902, 7585, -1
2902, 9517, -1
2902, 9, -1
2902, 1916, -1
2902, 3685, -1
2902, 14094, -1
2902, 13184, -1
2902, 14576, -1
2902, 14235, -1
14094, 7585, -1
14094, 9517, -1
14094, 9, -1
14094, 1916, -1
14094, 3685, -1
14094, 2902, -1
14094, 13184, -1
14094, 14576, -1
14094, 14235, -1
13184, 7585, -1
13184, 9517, -1
13184, 9, -1
13184, 1916, -1
13184, 3685, -1
13184, 2902, -1
13184, 14094, -1
13184, 14576, -1
13184, 14235, -1
14576, 7585, -1
14576, 9517, -1
14576, 9, -1
14576, 1916, -1
14576, 3685, -1
14576, 2902, -1
14576, 14094, -1
14576, 13184, -1
14576, 14235, -1
14235, 7585, -1
14235, 9517, -1
14235, 9, -1
14235, 1916, -1
14235, 3685, -1
14235, 2902, -1
14235, 14094, -1
14235, 13184, -1
14235, 14576, -1

9517, 9, 1
9, 9517, 1
3685, 4240, 1
4240, 3685, 1
7585, 9517, -1
7585, 9, -1
7585, 1916, -1
7585, 3685, -1
7585, 4240, -1
7585, 2902, -1
7585, 14094, -1
7585, 13184, -1
7585, 14576, -1
7585, 14235, -1
9517, 7585, -1
9, 7585, -1
9517, 1916, -1
9, 1916, -1
9517, 3685, -1
9517, 4240, -1
9, 3685, -1
9, 4240, -1
9517, 2902, -1
9, 2902, -1
9517, 14094, -1
9, 14094, -1
9517, 13184, -1
9, 13184, -1
9517, 14576, -1
9, 14576, -1
9517, 14235, -1
9, 14235, -1
1916, 7585, -1
1916, 9517, -1
1916, 9, -1
1916, 3685, -1
1916, 4240, -1
1916, 2902, -1
1916, 14094, -1
1916, 13184, -1
1916, 14576, -1
1916, 14235, -1
3685, 7585, -1
4240, 7585, -1
3685, 9517, -1
3685, 9, -1
4240, 9517, -1
4240, 9, -1
3685, 1916, -1
4240, 1916, -1
3685, 2902, -1
4240, 2902, -1
3685, 14094, -1
4240, 14094, -1
3685, 13184, -1
4240, 13184, -1
3685, 14576, -1
4240, 14576, -1
3685, 14235, -1
4240, 14235, -1
2902, 7585, -1
2902, 9517, -1
2902, 9, -1
2902, 1916, -1
2902, 3685, -1
2902, 4240, -1
2902, 14094, -1
2902, 13184, -1
2902, 14576, -1
2902, 14235, -1
14094, 7585, -1
14094, 9517, -1
14094, 9, -1
14094, 1916, -1
14094, 3685, -1
14094, 4240, -1
14094, 2902, -1
14094, 13184, -1
14094, 14576, -1
14094, 14235, -1
13184, 7585, -1
13184, 9517, -1
13184, 9, -1
13184, 1916, -1
13184, 3685, -1
13184, 4240, -1
13184, 2902, -1
13184, 14094, -1
13184, 14576, -1
13184, 14235, -1
14576, 7585, -1
14576, 9517, -1
14576, 9, -1
14576, 1916, -1
14576, 3685, -1
14576, 4240, -1
14576, 2902, -1
14576, 14094, -1
14576, 13184, -1
14576, 14235, -1
14235, 7585, -1
14235, 9517, -1
14235, 9, -1
14235, 1916, -1
14235, 3685, -1
14235, 4240, -1
14235, 2902, -1
14235, 14094, -1
14235, 13184, -1
14235, 14576, -1

9517, 9, 1
9, 9517, 1
3685, 4240, 1
4240, 3685, 1
7585, 9517, -1
7585, 9, -1
7585, 1916, -1
7585, 3685, -1
7585, 4240, -1
7585, 2902, -1
7585, 14094, -1
7585, 13184, -1
7585, 14576, -1
7585, 14235, -1
7585, 5417, -1
9517, 7585, -1
9, 7585, -1
9517, 1916, -1
9, 1916, -1
9517, 3685, -1
9517, 4240, -1
9, 3685, -1
9, 4240, -1
9517, 2902, -1
9, 2902, -1
9517, 14094, -1
9, 14094, -1
9517, 13184, -1
9, 13184, -1
9517, 14576, -1
9, 14576, -1
9517, 14235, -1
9, 14235, -1
9517, 5417, -1
9, 5417, -1
1916, 7585, -1
1916, 9517, -1
1916, 9, -1
1916, 3685, -1
1916, 4240, -1
1916, 2902, -1
1916, 14094, -1
1916, 13184, -1
1916, 14576, -1
1916, 14235, -1
1916, 5417, -1
3685, 7585, -1
4240, 7585, -1
3685, 9517, -1
3685, 9, -1
4240, 9517, -1
4240, 9, -1
3685, 1916, -1
4240, 1916, -1
3685, 2902, -1
4240, 2902, -1
3685, 14094, -1
4240, 14094, -1
3685, 13184, -1
4240, 13184, -1
3685, 14576, -1
4240, 14576, -1
3685, 14235, -1
4240, 14235, -1
3685, 5417, -1
4240, 5417, -1
2902, 7585, -1
2902, 9517, -1
2902, 9, -1
2902, 1916, -1
2902, 3685, -1
2902, 4240, -1
2902, 14094, -1
2902, 13184, -1
2902, 14576, -1
2902, 14235, -1
2902, 5417, -1
14094, 7585, -1
14094, 9517, -1
14094, 9, -1
14094, 1916, -1
14094, 3685, -1
14094, 4240, -1
14094, 2902, -1
14094, 13184, -1
14094, 14576, -1
14094, 14235, -1
14094, 5417, -1
13184, 7585, -1
13184, 9517, -1
13184, 9, -1
13184, 1916, -1
13184, 3685, -1
13184, 4240, -1
13184, 2902, -1
13184, 14094, -1
13184, 14576, -1
13184, 14235, -1
13184, 5417, -1
14576, 7585, -1
14576, 9517, -1
14576, 9, -1
14576, 1916, -1
14576, 3685, -1
14576, 4240, -1
14576, 2902, -1
14576, 14094, -1
14576, 13184, -1
14576, 14235, -1
14576, 5417, -1
14235, 7585, -1
14235, 9517, -1
14235, 9, -1
14235, 1916, -1
14235, 3685, -1
14235, 4240, -1
14235, 2902, -1
14235, 14094, -1
14235, 13184, -1
14235, 14576, -1
14235, 5417, -1
5417, 7585, -1
5417, 9517, -1
5417, 9, -1
5417, 1916, -1
5417, 3685, -1
5417, 4240, -1
5417, 2902, -1
5417, 14094, -1
5417, 13184, -1
5417, 14576, -1
5417, 14235, -1

9517, 9, 1
9, 9517, 1
1916, 4290, 1
4290, 1916, 1
3685, 4240, 1
4240, 3685, 1
14094, 18033, 1
18033, 14094, 1
7585, 9517, -1
7585, 9, -1
7585, 1916, -1
7585, 4290, -1
7585, 3685, -1
7585, 4240, -1
7585, 2902, -1
7585, 14094, -1
7585, 18033, -1
7585, 13184, -1
7585, 14576, -1
7585, 14235, -1
7585, 5417, -1
9517, 7585, -1
9, 7585, -1
9517, 1916, -1
9517, 4290, -1
9, 1916, -1
9, 4290, -1
9517, 3685, -1
9517, 4240, -1
9, 3685, -1
9, 4240, -1
9517, 2902, -1
9, 2902, -1
9517, 14094, -1
9517, 18033, -1
9, 14094, -1
9, 18033, -1
9517, 13184, -1
9, 13184, -1
9517, 14576, -1
9, 14576, -1
9517, 14235, -1
9, 14235, -1
9517, 5417, -1
9, 5417, -1
1916, 7585, -1
4290, 7585, -1
1916, 9517, -1
1916, 9, -1
4290, 9517, -1
4290, 9, -1
1916, 3685, -1
1916, 4240, -1
4290, 3685, -1
4290, 4240, -1
1916, 2902, -1
4290, 2902, -1
1916, 14094, -1
1916, 18033, -1
4290, 14094, -1
4290, 18033, -1
1916, 13184, -1
4290, 13184, -1
1916, 14576, -1
4290, 14576, -1
1916, 14235, -1
4290, 14235, -1
1916, 5417, -1
4290, 5417, -1
3685, 7585, -1
4240, 7585, -1
3685, 9517, -1
3685, 9, -1
4240, 9517, -1
4240, 9, -1
3685, 1916, -1
3685, 4290, -1
4240, 1916, -1
4240, 4290, -1
3685, 2902, -1
4240, 2902, -1
3685, 14094, -1
3685, 18033, -1
4240, 14094, -1
4240, 18033, -1
3685, 13184, -1
4240, 13184, -1
3685, 14576, -1
4240, 14576, -1
3685, 14235, -1
4240, 14235, -1
3685, 5417, -1
4240, 5417, -1
2902, 7585, -1
2902, 9517, -1
2902, 9, -1
2902, 1916, -1
2902, 4290, -1
2902, 3685, -1
2902, 4240, -1
2902, 14094, -1
2902, 18033, -1
2902, 13184, -1
2902, 14576, -1
2902, 14235, -1
2902, 5417, -1
14094, 7585, -1
18033, 7585, -1
14094, 9517, -1
14094, 9, -1
18033, 9517, -1
18033, 9, -1
14094, 1916, -1
14094, 4290, -1
18033, 1916, -1
18033, 4290, -1
14094, 3685, -1
14094, 4240, -1
18033, 3685, -1
18033, 4240, -1
14094, 2902, -1
18033, 2902, -1
14094, 13184, -1
18033, 13184, -1
14094, 14576, -1
18033, 14576, -1
14094, 14235, -1
18033, 14235, -1
14094, 5417, -1
18033, 5417, -1
13184, 7585, -1
13184, 9517, -1
13184, 9, -1
13184, 1916, -1
13184, 4290, -1
13184, 3685, -1
13184, 4240, -1
13184, 2902, -1
13184, 14094, -1
13184, 18033, -1
13184, 14576, -1
13184, 14235, -1
13184, 5417, -1
14576, 7585, -1
14576, 9517, -1
14576, 9, -1
14576, 1916, -1
14576, 4290, -1
14576, 3685, -1
14576, 4240, -1
14576, 2902, -1
14576, 14094, -1
14576, 18033, -1
14576, 13184, -1
14576, 14235, -1
14576, 5417, -1
14235, 7585, -1
14235, 9517, -1
14235, 9, -1
14235, 1916, -1
14235, 4290, -1
14235, 3685, -1
14235, 4240, -1
14235, 2902, -1
14235, 14094, -1
14235, 18033, -1
14235, 13184, -1
14235, 14576, -1
14235, 5417, -1
5417, 7585, -1
5417, 9517, -1
5417, 9, -1
5417, 1916, -1
5417, 4290, -1
5417, 3685, -1
5417, 4240, -1
5417, 2902, -1
5417, 14094, -1
5417, 18033, -1
5417, 13184, -1
5417, 14576, -1
5417, 14235, -1

9517, 9, 1
9, 9517, 1
1916, 4290, 1
4290, 1916, 1
3685, 4240, 1
4240, 3685, 1
14094, 18033, 1
18033, 14094, 1
14235, 11522, 1
11522, 14235, 1
7585, 9517, -1
7585, 9, -1
7585, 1916, -1
7585, 4290, -1
7585, 3685, -1
7585, 4240, -1
7585, 2902, -1
7585, 14094, -1
7585, 18033, -1
7585, 13184, -1
7585, 14576, -1
7585, 14235, -1
7585, 11522, -1
7585, 5417, -1
9517, 7585, -1
9, 7585, -1
9517, 1916, -1
9517, 4290, -1
9, 1916, -1
9, 4290, -1
9517, 3685, -1
9517, 4240, -1
9, 3685, -1
9, 4240, -1
9517, 2902, -1
9, 2902, -1
9517, 14094, -1
9517, 18033, -1
9, 14094, -1
9, 18033, -1
9517, 13184, -1
9, 13184, -1
9517, 14576, -1
9, 14576, -1
9517, 14235, -1
9517, 11522, -1
9, 14235, -1
9, 11522, -1
9517, 5417, -1
9, 5417, -1
1916, 7585, -1
4290, 7585, -1
1916, 9517, -1
1916, 9, -1
4290, 9517, -1
4290, 9, -1
1916, 3685, -1
1916, 4240, -1
4290, 3685, -1
4290, 4240, -1
1916, 2902, -1
4290, 2902, -1
1916, 14094, -1
1916, 18033, -1
4290, 14094, -1
4290, 18033, -1
1916, 13184, -1
4290, 13184, -1
1916, 14576, -1
4290, 14576, -1
1916, 14235, -1
1916, 11522, -1
4290, 14235, -1
4290, 11522, -1
1916, 5417, -1
4290, 5417, -1
3685, 7585, -1
4240, 7585, -1
3685, 9517, -1
3685, 9, -1
4240, 9517, -1
4240, 9, -1
3685, 1916, -1
3685, 4290, -1
4240, 1916, -1
4240, 4290, -1
3685, 2902, -1
4240, 2902, -1
3685, 14094, -1
3685, 18033, -1
4240, 14094, -1
4240, 18033, -1
3685, 13184, -1
4240, 13184, -1
3685, 14576, -1
4240, 14576, -1
3685, 14235, -1
3685, 11522, -1
4240, 14235, -1
4240, 11522, -1
3685, 5417, -1
4240, 5417, -1
2902, 7585, -1
2902, 9517, -1
2902, 9, -1
2902, 1916, -1
2902, 4290, -1
2902, 3685, -1
2902, 4240, -1
2902, 14094, -1
2902, 18033, -1
2902, 13184, -1
2902, 14576, -1
2902, 14235, -1
2902, 11522, -1
2902, 5417, -1
14094, 7585, -1
18033, 7585, -1
14094, 9517, -1
14094, 9, -1
18033, 9517, -1
18033, 9, -1
14094, 1916, -1
14094, 4290, -1
18033, 1916, -1
18033, 4290, -1
14094, 3685, -1
14094, 4240, -1
18033, 3685, -1
18033, 4240, -1
14094, 2902, -1
18033, 2902, -1
14094, 13184, -1
18033, 13184, -1
14094, 14576, -1
18033, 14576, -1
14094, 14235, -1
14094, 11522, -1
18033, 14235, -1
18033, 11522, -1
14094, 5417, -1
18033, 5417, -1
13184, 7585, -1
13184, 9517, -1
13184, 9, -1
13184, 1916, -1
13184, 4290, -1
13184, 3685, -1
13184, 4240, -1
13184, 2902, -1
13184, 14094, -1
13184, 18033, -1
13184, 14576, -1
13184, 14235, -1
13184, 11522, -1
13184, 5417, -1
14576, 7585, -1
14576, 9517, -1
14576, 9, -1
14576, 1916, -1
14576, 4290, -1
14576, 3685, -1
14576, 4240, -1
14576, 2902, -1
14576, 14094, -1
14576, 18033, -1
14576, 13184, -1
14576, 14235, -1
14576, 11522, -1
14576, 5417, -1
14235, 7585, -1
11522, 7585, -1
14235, 9517, -1
14235, 9, -1
11522, 9517, -1
11522, 9, -1
14235, 1916, -1
14235, 4290, -1
11522, 1916, -1
11522, 4290, -1
14235, 3685, -1
14235, 4240, -1
11522, 3685, -1
11522, 4240, -1
14235, 2902, -1
11522, 2902, -1
14235, 14094, -1
14235, 18033, -1
11522, 14094, -1
11522, 18033, -1
14235, 13184, -1
11522, 13184, -1
14235, 14576, -1
11522, 14576, -1
14235, 5417, -1
11522, 5417, -1
5417, 7585, -1
5417, 9517, -1
5417, 9, -1
5417, 1916, -1
5417, 4290, -1
5417, 3685, -1
5417, 4240, -1
5417, 2902, -1
5417, 14094, -1
5417, 18033, -1
5417, 13184, -1
5417, 14576, -1
5417, 14235, -1
5417, 11522, -1

9517, 9, 1
9, 9517, 1
1916, 4290, 1
4290, 1916, 1
3685, 4240, 1
4240, 3685, 1
14094, 18033, 1
18033, 14094, 1
14235, 11522, 1
11522, 14235, 1
7585, 9517, -1
7585, 9, -1
7585, 1916, -1
7585, 4290, -1
7585, 3685, -1
7585, 4240, -1
7585, 2902, -1
7585, 14094, -1
7585, 18033, -1
7585, 13184, -1
7585, 14576, -1
7585, 14235, -1
7585, 11522, -1
7585, 5417, -1
7585, 18821, -1
9517, 7585, -1
9, 7585, -1
9517, 1916, -1
9517, 4290, -1
9, 1916, -1
9, 4290, -1
9517, 3685, -1
9517, 4240, -1
9, 3685, -1
9, 4240, -1
9517, 2902, -1
9, 2902, -1
9517, 14094, -1
9517, 18033, -1
9, 14094, -1
9, 18033, -1
9517, 13184, -1
9, 13184, -1
9517, 14576, -1
9, 14576, -1
9517, 14235, -1
9517, 11522, -1
9, 14235, -1
9, 11522, -1
9517, 5417, -1
9, 5417, -1
9517, 18821, -1
9, 18821, -1
1916, 7585, -1
4290, 7585, -1
1916, 9517, -1
1916, 9, -1
4290, 9517, -1
4290, 9, -1
1916, 3685, -1
1916, 4240, -1
4290, 3685, -1
4290, 4240, -1
1916, 2902, -1
4290, 2902, -1
1916, 14094, -1
1916, 18033, -1
4290, 14094, -1
4290, 18033, -1
1916, 13184, -1
4290, 13184, -1
1916, 14576, -1
4290, 14576, -1
1916, 14235, -1
1916, 11522, -1
4290, 14235, -1
4290, 11522, -1
1916, 5417, -1
4290, 5417, -1
1916, 18821, -1
4290, 18821, -1
3685, 7585, -1
4240, 7585, -1
3685, 9517, -1
3685, 9, -1
4240, 9517, -1
4240, 9, -1
3685, 1916, -1
3685, 4290, -1
4240, 1916, -1
4240, 4290, -1
3685, 2902, -1
4240, 2902, -1
3685, 14094, -1
3685, 18033, -1
4240, 14094, -1
4240, 18033, -1
3685, 13184, -1
4240, 13184, -1
3685, 14576, -1
4240, 14576, -1
3685, 14235, -1
3685, 11522, -1
4240, 14235, -1
4240, 11522, -1
3685, 5417, -1
4240, 5417, -1
3685, 18821, -1
4240, 18821, -1
2902, 7585, -1
2902, 9517, -1
2902, 9, -1
2902, 1916, -1
2902, 4290, -1
2902, 3685, -1
2902, 4240, -1
2902, 14094, -1
2902, 18033, -1
2902, 13184, -1
2902, 14576, -1
2902, 14235, -1
2902, 11522, -1
2902, 5417, -1
2902, 18821, -1
14094, 7585, -1
18033, 7585, -1
14094, 9517, -1
14094, 9, -1
18033, 9517, -1
18033, 9, -1
14094, 1916, -1
14094, 4290, -1
18033, 1916, -1
18033, 4290, -1
14094, 3685, -1
14094, 4240, -1
18033, 3685, -1
18033, 4240, -1
14094, 2902, -1
18033, 2902, -1
14094, 13184, -1
18033, 13184, -1
14094, 14576, -1
18033, 14576, -1
14094, 14235, -1
14094, 11522, -1
18033, 14235, -1
18033, 11522, -1
14094, 5417, -1
18033, 5417, -1
14094, 18821, -1
18033, 18821, -1
13184, 7585, -1
13184, 9517, -1
13184, 9, -1
13184, 1916, -1
13184, 4290, -1
13184, 3685, -1
13184, 4240, -1
13184, 2902, -1
13184, 14094, -1
13184, 18033, -1
13184, 14576, -1
13184, 14235, -1
13184, 11522, -1
13184, 5417, -1
13184, 18821, -1
14576, 7585, -1
14576, 9517, -1
14576, 9, -1
14576, 1916, -1
14576, 4290, -1
14576, 3685, -1
14576, 4240, -1
14576, 2902, -1
14576, 14094, -1
14576, 18033, -1
14576, 13184, -1
14576, 14235, -1
14576, 11522, -1
14576, 5417, -1
14576, 18821, -1
14235, 7585, -1
11522, 7585, -1
14235, 9517, -1
14235, 9, -1
11522, 9517, -1
11522, 9, -1
14235, 1916, -1
14235, 4290, -1
11522, 1916, -1
11522, 4290, -1
14235, 3685, -1
14235, 4240, -1
11522, 3685, -1
11522, 4240, -1
14235, 2902, -1
11522, 2902, -1
14235, 14094, -1
14235, 18033, -1
11522, 14094, -1
11522, 18033, -1
14235, 13184, -1
11522, 13184, -1
14235, 14576, -1
11522, 14576, -1
14235, 5417, -1
11522, 5417, -1
14235, 18821, -1
11522, 18821, -1
5417, 7585, -1
5417, 9517, -1
5417, 9, -1
5417, 1916, -1
5417, 4290, -1
5417, 3685, -1
5417, 4240, -1
5417, 2902, -1
5417, 14094, -1
5417, 18033, -1
5417, 13184, -1
5417, 14576, -1
5417, 14235, -1
5417, 11522, -1
5417, 18821, -1
18821, 7585, -1
18821, 9517, -1
18821, 9, -1
18821, 1916, -1
18821, 4290, -1
18821, 3685, -1
18821, 4240, -1
18821, 2902, -1
18821, 14094, -1
18821, 18033, -1
18821, 13184, -1
18821, 14576, -1
18821, 14235, -1
18821, 11522, -1
18821, 5417, -1

