118, 9517, -1
118, 3710, -1
118, 14576, -1
118, 11975, -1
9517, 118, -1
9517, 3710, -1
9517, 14576, -1
9517, 11975, -1
3710, 118, -1
3710, 9517, -1
3710, 14576, -1
3710, 11975, -1
14576, 118, -1
14576, 9517, -1
14576, 3710, -1
14576, 11975, -1
11975, 118, -1
11975, 9517, -1
11975, 3710, -1
11975, 14576, -1

9517, 9, 1
9, 9517, 1
118, 9517, -1
118, 9, -1
118, 3710, -1
118, 14576, -1
118, 11975, -1
118, 4265, -1
9517, 118, -1
9, 118, -1
9517, 3710, -1
9, 3710, -1
9517, 14576, -1
9, 14576, -1
9517, 11975, -1
9, 11975, -1
9517, 4265, -1
9, 4265, -1
3710, 118, -1
3710, 9517, -1
3710, 9, -1
3710, 14576, -1
3710, 11975, -1
3710, 4265, -1
14576, 118, -1
14576, 9517, -1
14576, 9, -1
14576, 3710, -1
14576, 11975, -1
14576, 4265, -1
11975, 118, -1
11975, 9517, -1
11975, 9, -1
11975, 3710, -1
11975, 14576, -1
11975, 4265, -1
4265, 118, -1
4265, 9517, -1
4265, 9, -1
4265, 3710, -1
4265, 14576, -1
4265, 11975, -1

9517, 9, 1
9517, 2666, 1
9, 9517, 1
9, 2666, 1
2666, 9517, 1
2666, 9, 1
118, 9517, -1
118, 9, -1
118, 2666, -1
118, 3710, -1
118, 14576, -1
118, 11975, -1
118, 4265, -1
118, 16286, -1
9517, 118, -1
9, 118, -1
2666, 118, -1
9517, 3710, -1
9, 3710, -1
2666, 3710, -1
9517, 14576, -1
9, 14576, -1
2666, 14576, -1
9517, 11975, -1
9, 11975, -1
2666, 11975, -1
9517, 4265, -1
9, 4265, -1
2666, 4265, -1
9517, 16286, -1
9, 16286, -1
2666, 16286, -1
3710, 118, -1
3710, 9517, -1
3710, 9, -1
3710, 2666, -1
3710, 14576, -1
3710, 11975, -1
3710, 4265, -1
3710, 16286, -1
14576, 118, -1
14576, 9517, -1
14576, 9, -1
14576, 2666, -1
14576, 3710, -1
14576, 11975, -1
14576, 4265, -1
14576, 16286, -1
11975, 118, -1
11975, 9517, -1
11975, 9, -1
11975, 2666, -1
11975, 3710, -1
11975, 14576, -1
11975, 4265, -1
11975, 16286, -1
4265, 118, -1
4265, 9517, -1
4265, 9, -1
4265, 2666, -1
4265, 3710, -1
4265, 14576, -1
4265, 11975, -1
4265, 16286, -1
16286, 118, -1
16286, 9517, -1
16286, 9, -1
16286, 2666, -1
16286, 3710, -1
16286, 14576, -1
16286, 11975, -1
16286, 4265, -1

9517, 9, 1
9517, 2666, 1
9, 9517, 1
9, 2666, 1
2666, 9517, 1
2666, 9, 1
118, 9517, -1
118, 9, -1
118, 2666, -1
118, 3710, -1
118, 14576, -1
118, 11975, -1
118, 4265, -1
118, 16286, -1
118, 12737, -1
9517, 118, -1
9, 118, -1
2666, 118, -1
9517, 3710, -1
9, 3710, -1
2666, 3710, -1
9517, 14576, -1
9, 14576, -1
2666, 14576, -1
9517, 11975, -1
9, 11975, -1
2666, 11975, -1
9517, 4265, -1
9, 4265, -1
2666, 4265, -1
9517, 16286, -1
9, 16286, -1
2666, 16286, -1
9517, 12737, -1
9, 12737, -1
2666, 12737, -1
3710, 118, -1
3710, 9517, -1
3710, 9, -1
3710, 2666, -1
3710, 14576, -1
3710, 11975, -1
3710, 4265, -1
3710, 16286, -1
3710, 12737, -1
14576, 118, -1
14576, 9517, -1
14576, 9, -1
14576, 2666, -1
14576, 3710, -1
14576, 11975, -1
14576, 4265, -1
14576, 16286, -1
14576, 12737, -1
11975, 118, -1
11975, 9517, -1
11975, 9, -1
11975, 2666, -1
11975, 3710, -1
11975, 14576, -1
11975, 4265, -1
11975, 16286, -1
11975, 12737, -1
4265, 118, -1
4265, 9517, -1
4265, 9, -1
4265, 2666, -1
4265, 3710, -1
4265, 14576, -1
4265, 11975, -1
4265, 16286, -1
4265, 12737, -1
16286, 118, -1
16286, 9517, -1
16286, 9, -1
16286, 2666, -1
16286, 3710, -1
16286, 14576, -1
16286, 11975, -1
16286, 4265, -1
16286, 12737, -1
12737, 118, -1
12737, 9517, -1
12737, 9, -1
12737, 2666, -1
12737, 3710, -1
12737, 14576, -1
12737, 11975, -1
12737, 4265, -1
12737, 16286, -1

9517, 9, 1
9517, 2666, 1
9, 9517, 1
9, 2666, 1
2666, 9517, 1
2666, 9, 1
118, 9517, -1
118, 9, -1
118, 2666, -1
118, 3710, -1
118, 14576, -1
118, 11975, -1
118, 4265, -1
118, 16286, -1
118, 12737, -1
118, 12739, -1
9517, 118, -1
9, 118, -1
2666, 118, -1
9517, 3710, -1
9, 3710, -1
2666, 3710, -1
9517, 14576, -1
9, 14576, -1
2666, 14576, -1
9517, 11975, -1
9, 11975, -1
2666, 11975, -1
9517, 4265, -1
9, 4265, -1
2666, 4265, -1
9517, 16286, -1
9, 16286, -1
2666, 16286, -1
9517, 12737, -1
9, 12737, -1
2666, 12737, -1
9517, 12739, -1
9, 12739, -1
2666, 12739, -1
3710, 118, -1
3710, 9517, -1
3710, 9, -1
3710, 2666, -1
3710, 14576, -1
3710, 11975, -1
3710, 4265, -1
3710, 16286, -1
3710, 12737, -1
3710, 12739, -1
14576, 118, -1
14576, 9517, -1
14576, 9, -1
14576, 2666, -1
14576, 3710, -1
14576, 11975, -1
14576, 4265, -1
14576, 16286, -1
14576, 12737, -1
14576, 12739, -1
11975, 118, -1
11975, 9517, -1
11975, 9, -1
11975, 2666, -1
11975, 3710, -1
11975, 14576, -1
11975, 4265, -1
11975, 16286, -1
11975, 12737, -1
11975, 12739, -1
4265, 118, -1
4265, 9517, -1
4265, 9, -1
4265, 2666, -1
4265, 3710, -1
4265, 14576, -1
4265, 11975, -1
4265, 16286, -1
4265, 12737, -1
4265, 12739, -1
16286, 118, -1
16286, 9517, -1
16286, 9, -1
16286, 2666, -1
16286, 3710, -1
16286, 14576, -1
16286, 11975, -1
16286, 4265, -1
16286, 12737, -1
16286, 12739, -1
12737, 118, -1
12737, 9517, -1
12737, 9, -1
12737, 2666, -1
12737, 3710, -1
12737, 14576, -1
12737, 11975, -1
12737, 4265, -1
12737, 16286, -1
12737, 12739, -1
12739, 118, -1
12739, 9517, -1
12739, 9, -1
12739, 2666, -1
12739, 3710, -1
12739, 14576, -1
12739, 11975, -1
12739, 4265, -1
12739, 16286, -1
12739, 12737, -1

9517, 9, 1
9517, 2666, 1
9, 9517, 1
9, 2666, 1
2666, 9517, 1
2666, 9, 1
118, 9517, -1
118, 9, -1
118, 2666, -1
118, 3710, -1
118, 14576, -1
118, 11975, -1
118, 4265, -1
118, 16286, -1
118, 12737, -1
118, 12739, -1
118, 16913, -1
9517, 118, -1
9, 118, -1
2666, 118, -1
9517, 3710, -1
9, 3710, -1
2666, 3710, -1
9517, 14576, -1
9, 14576, -1
2666, 14576, -1
9517, 11975, -1
9, 11975, -1
2666, 11975, -1
9517, 4265, -1
9, 4265, -1
2666, 4265, -1
9517, 16286, -1
9, 16286, -1
2666, 16286, -1
9517, 12737, -1
9, 12737, -1
2666, 12737, -1
9517, 12739, -1
9, 12739, -1
2666, 12739, -1
9517, 16913, -1
9, 16913, -1
2666, 16913, -1
3710, 118, -1
3710, 9517, -1
3710, 9, -1
3710, 2666, -1
3710, 14576, -1
3710, 11975, -1
3710, 4265, -1
3710, 16286, -1
3710, 12737, -1
3710, 12739, -1
3710, 16913, -1
14576, 118, -1
14576, 9517, -1
14576, 9, -1
14576, 2666, -1
14576, 3710, -1
14576, 11975, -1
14576, 4265, -1
14576, 16286, -1
14576, 12737, -1
14576, 12739, -1
14576, 16913, -1
11975, 118, -1
11975, 9517, -1
11975, 9, -1
11975, 2666, -1
11975, 3710, -1
11975, 14576, -1
11975, 4265, -1
11975, 16286, -1
11975, 12737, -1
11975, 12739, -1
11975, 16913, -1
4265, 118, -1
4265, 9517, -1
4265, 9, -1
4265, 2666, -1
4265, 3710, -1
4265, 14576, -1
4265, 11975, -1
4265, 16286, -1
4265, 12737, -1
4265, 12739, -1
4265, 16913, -1
16286, 118, -1
16286, 9517, -1
16286, 9, -1
16286, 2666, -1
16286, 3710, -1
16286, 14576, -1
16286, 11975, -1
16286, 4265, -1
16286, 12737, -1
16286, 12739, -1
16286, 16913, -1
12737, 118, -1
12737, 9517, -1
12737, 9, -1
12737, 2666, -1
12737, 3710, -1
12737, 14576, -1
12737, 11975, -1
12737, 4265, -1
12737, 16286, -1
12737, 12739, -1
12737, 16913, -1
12739, 118, -1
12739, 9517, -1
12739, 9, -1
12739, 2666, -1
12739, 3710, -1
12739, 14576, -1
12739, 11975, -1
12739, 4265, -1
12739, 16286, -1
12739, 12737, -1
12739, 16913, -1
16913, 118, -1
16913, 9517, -1
16913, 9, -1
16913, 2666, -1
16913, 3710, -1
16913, 14576, -1
16913, 11975, -1
16913, 4265, -1
16913, 16286, -1
16913, 12737, -1
16913, 12739, -1

9517, 9, 1
9517, 2666, 1
9, 9517, 1
9, 2666, 1
2666, 9517, 1
2666, 9, 1
3710, 8183, 1
8183, 3710, 1
118, 9517, -1
118, 9, -1
118, 2666, -1
118, 3710, -1
118, 8183, -1
118, 14576, -1
118, 11975, -1
118, 4265, -1
118, 16286, -1
118, 12737, -1
118, 12739, -1
118, 16913, -1
9517, 118, -1
9, 118, -1
2666, 118, -1
9517, 3710, -1
9517, 8183, -1
9, 3710, -1
9, 8183, -1
2666, 3710, -1
2666, 8183, -1
9517, 14576, -1
9, 14576, -1
2666, 14576, -1
9517, 11975, -1
9, 11975, -1
2666, 11975, -1
9517, 4265, -1
9, 4265, -1
2666, 4265, -1
9517, 16286, -1
9, 16286, -1
2666, 16286, -1
9517, 12737, -1
9, 12737, -1
2666, 12737, -1
9517, 12739, -1
9, 12739, -1
2666, 12739, -1
9517, 16913, -1
9, 16913, -1
2666, 16913, -1
3710, 118, -1
8183, 118, -1
3710, 9517, -1
3710, 9, -1
3710, 2666, -1
8183, 9517, -1
8183, 9, -1
8183, 2666, -1
3710, 14576, -1
8183, 14576, -1
3710, 11975, -1
8183, 11975, -1
3710, 4265, -1
8183, 4265, -1
3710, 16286, -1
8183, 16286, -1
3710, 12737, -1
8183, 12737, -1
3710, 12739, -1
8183, 12739, -1
3710, 16913, -1
8183, 16913, -1
14576, 118, -1
14576, 9517, -1
14576, 9, -1
14576, 2666, -1
14576, 3710, -1
14576, 8183, -1
14576, 11975, -1
14576, 4265, -1
14576, 16286, -1
14576, 12737, -1
14576, 12739, -1
14576, 16913, -1
11975, 118, -1
11975, 9517, -1
11975, 9, -1
11975, 2666, -1
11975, 3710, -1
11975, 8183, -1
11975, 14576, -1
11975, 4265, -1
11975, 16286, -1
11975, 12737, -1
11975, 12739, -1
11975, 16913, -1
4265, 118, -1
4265, 9517, -1
4265, 9, -1
4265, 2666, -1
4265, 3710, -1
4265, 8183, -1
4265, 14576, -1
4265, 11975, -1
4265, 16286, -1
4265, 12737, -1
4265, 12739, -1
4265, 16913, -1
16286, 118, -1
16286, 9517, -1
16286, 9, -1
16286, 2666, -1
16286, 3710, -1
16286, 8183, -1
16286, 14576, -1
16286, 11975, -1
16286, 4265, -1
16286, 12737, -1
16286, 12739, -1
16286, 16913, -1
12737, 118, -1
12737, 9517, -1
12737, 9, -1
12737, 2666, -1
12737, 3710, -1
12737, 8183, -1
12737, 14576, -1
12737, 11975, -1
12737, 4265, -1
12737, 16286, -1
12737, 12739, -1
12737, 16913, -1
12739, 118, -1
12739, 9517, -1
12739, 9, -1
12739, 2666, -1
12739, 3710, -1
12739, 8183, -1
12739, 14576, -1
12739, 11975, -1
12739, 4265, -1
12739, 16286, -1
12739, 12737, -1
12739, 16913, -1
16913, 118, -1
16913, 9517, -1
16913, 9, -1
16913, 2666, -1
16913, 3710, -1
16913, 8183, -1
16913, 14576, -1
16913, 11975, -1
16913, 4265, -1
16913, 16286, -1
16913, 12737, -1
16913, 12739, -1

9517, 9, 1
9517, 2666, 1
9, 9517, 1
9, 2666, 1
2666, 9517, 1
2666, 9, 1
3710, 8183, 1
8183, 3710, 1
118, 9517, -1
118, 9, -1
118, 2666, -1
118, 3710, -1
118, 8183, -1
118, 14576, -1
118, 11975, -1
118, 4265, -1
118, 16286, -1
118, 12737, -1
118, 12739, -1
118, 16913, -1
118, 12300, -1
9517, 118, -1
9, 118, -1
2666, 118, -1
9517, 3710, -1
9517, 8183, -1
9, 3710, -1
9, 8183, -1
2666, 3710, -1
2666, 8183, -1
9517, 14576, -1
9, 14576, -1
2666, 14576, -1
9517, 11975, -1
9, 11975, -1
2666, 11975, -1
9517, 4265, -1
9, 4265, -1
2666, 4265, -1
9517, 16286, -1
9, 16286, -1
2666, 16286, -1
9517, 12737, -1
9, 12737, -1
2666, 12737, -1
9517, 12739, -1
9, 12739, -1
2666, 12739, -1
9517, 16913, -1
9, 16913, -1
2666, 16913, -1
9517, 12300, -1
9, 12300, -1
2666, 12300, -1
3710, 118, -1
8183, 118, -1
3710, 9517, -1
3710, 9, -1
3710, 2666, -1
8183, 9517, -1
8183, 9, -1
8183, 2666, -1
3710, 14576, -1
8183, 14576, -1
3710, 11975, -1
8183, 11975, -1
3710, 4265, -1
8183, 4265, -1
3710, 16286, -1
8183, 16286, -1
3710, 12737, -1
8183, 12737, -1
3710, 12739, -1
8183, 12739, -1
3710, 16913, -1
8183, 16913, -1
3710, 12300, -1
8183, 12300, -1
14576, 118, -1
14576, 9517, -1
14576, 9, -1
14576, 2666, -1
14576, 3710, -1
14576, 8183, -1
14576, 11975, -1
14576, 4265, -1
14576, 16286, -1
14576, 12737, -1
14576, 12739, -1
14576, 16913, -1
14576, 12300, -1
11975, 118, -1
11975, 9517, -1
11975, 9, -1
11975, 2666, -1
11975, 3710, -1
11975, 8183, -1
11975, 14576, -1
11975, 4265, -1
11975, 16286, -1
11975, 12737, -1
11975, 12739, -1
11975, 16913, -1
11975, 12300, -1
4265, 118, -1
4265, 9517, -1
4265, 9, -1
4265, 2666, -1
4265, 3710, -1
4265, 8183, -1
4265, 14576, -1
4265, 11975, -1
4265, 16286, -1
4265, 12737, -1
4265, 12739, -1
4265, 16913, -1
4265, 12300, -1
16286, 118, -1
16286, 9517, -1
16286, 9, -1
16286, 2666, -1
16286, 3710, -1
16286, 8183, -1
16286, 14576, -1
16286, 11975, -1
16286, 4265, -1
16286, 12737, -1
16286, 12739, -1
16286, 16913, -1
16286, 12300, -1
12737, 118, -1
12737, 9517, -1
12737, 9, -1
12737, 2666, -1
12737, 3710, -1
12737, 8183, -1
12737, 14576, -1
12737, 11975, -1
12737, 4265, -1
12737, 16286, -1
12737, 12739, -1
12737, 16913, -1
12737, 12300, -1
12739, 118, -1
12739, 9517, -1
12739, 9, -1
12739, 2666, -1
12739, 3710, -1
12739, 8183, -1
12739, 14576, -1
12739, 11975, -1
12739, 4265, -1
12739, 16286, -1
12739, 12737, -1
12739, 16913, -1
12739, 12300, -1
16913, 118, -1
16913, 9517, -1
16913, 9, -1
16913, 2666, -1
16913, 3710, -1
16913, 8183, -1
16913, 14576, -1
16913, 11975, -1
16913, 4265, -1
16913, 16286, -1
16913, 12737, -1
16913, 12739, -1
16913, 12300, -1
12300, 118, -1
12300, 9517, -1
12300, 9, -1
12300, 2666, -1
12300, 3710, -1
12300, 8183, -1
12300, 14576, -1
12300, 11975, -1
12300, 4265, -1
12300, 16286, -1
12300, 12737, -1
12300, 12739, -1
12300, 16913, -1

9517, 9, 1
9517, 2666, 1
9, 9517, 1
9, 2666, 1
2666, 9517, 1
2666, 9, 1
3710, 8183, 1
8183, 3710, 1
16286, 3940, 1
3940, 16286, 1
118, 9517, -1
118, 9, -1
118, 2666, -1
118, 3710, -1
118, 8183, -1
118, 14576, -1
118, 11975, -1
118, 4265, -1
118, 16286, -1
118, 3940, -1
118, 12737, -1
118, 12739, -1
118, 16913, -1
118, 12300, -1
9517, 118, -1
9, 118, -1
2666, 118, -1
9517, 3710, -1
9517, 8183, -1
9, 3710, -1
9, 8183, -1
2666, 3710, -1
2666, 8183, -1
9517, 14576, -1
9, 14576, -1
2666, 14576, -1
9517, 11975, -1
9, 11975, -1
2666, 11975, -1
9517, 4265, -1
9, 4265, -1
2666, 4265, -1
9517, 16286, -1
9517, 3940, -1
9, 16286, -1
9, 3940, -1
2666, 16286, -1
2666, 3940, -1
9517, 12737, -1
9, 12737, -1
2666, 12737, -1
9517, 12739, -1
9, 12739, -1
2666, 12739, -1
9517, 16913, -1
9, 16913, -1
2666, 16913, -1
9517, 12300, -1
9, 12300, -1
2666, 12300, -1
3710, 118, -1
8183, 118, -1
3710, 9517, -1
3710, 9, -1
3710, 2666, -1
8183, 9517, -1
8183, 9, -1
8183, 2666, -1
3710, 14576, -1
8183, 14576, -1
3710, 11975, -1
8183, 11975, -1
3710, 4265, -1
8183, 4265, -1
3710, 16286, -1
3710, 3940, -1
8183, 16286, -1
8183, 3940, -1
3710, 12737, -1
8183, 12737, -1
3710, 12739, -1
8183, 12739, -1
3710, 16913, -1
8183, 16913, -1
3710, 12300, -1
8183, 12300, -1
14576, 118, -1
14576, 9517, -1
14576, 9, -1
14576, 2666, -1
14576, 3710, -1
14576, 8183, -1
14576, 11975, -1
14576, 4265, -1
14576, 16286, -1
14576, 3940, -1
14576, 12737, -1
14576, 12739, -1
14576, 16913, -1
14576, 12300, -1
11975, 118, -1
11975, 9517, -1
11975, 9, -1
11975, 2666, -1
11975, 3710, -1
11975, 8183, -1
11975, 14576, -1
11975, 4265, -1
11975, 16286, -1
11975, 3940, -1
11975, 12737, -1
11975, 12739, -1
11975, 16913, -1
11975, 12300, -1
4265, 118, -1
4265, 9517, -1
4265, 9, -1
4265, 2666, -1
4265, 3710, -1
4265, 8183, -1
4265, 14576, -1
4265, 11975, -1
4265, 16286, -1
4265, 3940, -1
4265, 12737, -1
4265, 12739, -1
4265, 16913, -1
4265, 12300, -1
16286, 118, -1
3940, 118, -1
16286, 9517, -1
16286, 9, -1
16286, 2666, -1
3940, 9517, -1
3940, 9, -1
3940, 2666, -1
16286, 3710, -1
16286, 8183, -1
3940, 3710, -1
3940, 8183, -1
16286, 14576, -1
3940, 14576, -1
16286, 11975, -1
3940, 11975, -1
16286, 4265, -1
3940, 4265, -1
16286, 12737, -1
3940, 12737, -1
16286, 12739, -1
3940, 12739, -1
16286, 16913, -1
3940, 16913, -1
16286, 12300, -1
3940, 12300, -1
12737, 118, -1
12737, 9517, -1
12737, 9, -1
12737, 2666, -1
12737, 3710, -1
12737, 8183, -1
12737, 14576, -1
12737, 11975, -1
12737, 4265, -1
12737, 16286, -1
12737, 3940, -1
12737, 12739, -1
12737, 16913, -1
12737, 12300, -1
12739, 118, -1
12739, 9517, -1
12739, 9, -1
12739, 2666, -1
12739, 3710, -1
12739, 8183, -1
12739, 14576, -1
12739, 11975, -1
12739, 4265, -1
12739, 16286, -1
12739, 3940, -1
12739, 12737, -1
12739, 16913, -1
12739, 12300, -1
16913, 118, -1
16913, 9517, -1
16913, 9, -1
16913, 2666, -1
16913, 3710, -1
16913, 8183, -1
16913, 14576, -1
16913, 11975, -1
16913, 4265, -1
16913, 16286, -1
16913, 3940, -1
16913, 12737, -1
16913, 12739, -1
16913, 12300, -1
12300, 118, -1
12300, 9517, -1
12300, 9, -1
12300, 2666, -1
12300, 3710, -1
12300, 8183, -1
12300, 14576, -1
12300, 11975, -1
12300, 4265, -1
12300, 16286, -1
12300, 3940, -1
12300, 12737, -1
12300, 12739, -1
12300, 16913, -1

9517, 9, 1
9517, 2666, 1
9, 9517, 1
9, 2666, 1
2666, 9517, 1
2666, 9, 1
3710, 8183, 1
8183, 3710, 1
16286, 3940, 1
3940, 16286, 1
118, 9517, -1
118, 9, -1
118, 2666, -1
118, 3710, -1
118, 8183, -1
118, 14576, -1
118, 11975, -1
118, 4265, -1
118, 16286, -1
118, 3940, -1
118, 12737, -1
118, 12739, -1
118, 16913, -1
118, 12300, -1
9517, 118, -1
9, 118, -1
2666, 118, -1
9517, 3710, -1
9517, 8183, -1
9, 3710, -1
9, 8183, -1
2666, 3710, -1
2666, 8183, -1
9517, 14576, -1
9, 14576, -1
2666, 14576, -1
9517, 11975, -1
9, 11975, -1
2666, 11975, -1
9517, 4265, -1
9, 4265, -1
2666, 4265, -1
9517, 16286, -1
9517, 3940, -1
9, 16286, -1
9, 3940, -1
2666, 16286, -1
2666, 3940, -1
9517, 12737, -1
9, 12737, -1
2666, 12737, -1
9517, 12739, -1
9, 12739, -1
2666, 12739, -1
9517, 16913, -1
9, 16913, -1
2666, 16913, -1
9517, 12300, -1
9, 12300, -1
2666, 12300, -1
3710, 118, -1
8183, 118, -1
3710, 9517, -1
3710, 9, -1
3710, 2666, -1
8183, 9517, -1
8183, 9, -1
8183, 2666, -1
3710, 14576, -1
8183, 14576, -1
3710, 11975, -1
8183, 11975, -1
3710, 4265, -1
8183, 4265, -1
3710, 16286, -1
3710, 3940, -1
8183, 16286, -1
8183, 3940, -1
3710, 12737, -1
8183, 12737, -1
3710, 12739, -1
8183, 12739, -1
3710, 16913, -1
8183, 16913, -1
3710, 12300, -1
8183, 12300, -1
14576, 118, -1
14576, 9517, -1
14576, 9, -1
14576, 2666, -1
14576, 3710, -1
14576, 8183, -1
14576, 11975, -1
14576, 4265, -1
14576, 16286, -1
14576, 3940, -1
14576, 12737, -1
14576, 12739, -1
14576, 16913, -1
14576, 12300, -1
11975, 118, -1
11975, 9517, -1
11975, 9, -1
11975, 2666, -1
11975, 3710, -1
11975, 8183, -1
11975, 14576, -1
11975, 4265, -1
11975, 16286, -1
11975, 3940, -1
11975, 12737, -1
11975, 12739, -1
11975, 16913, -1
11975, 12300, -1
4265, 118, -1
4265, 9517, -1
4265, 9, -1
4265, 2666, -1
4265, 3710, -1
4265, 8183, -1
4265, 14576, -1
4265, 11975, -1
4265, 16286, -1
4265, 3940, -1
4265, 12737, -1
4265, 12739, -1
4265, 16913, -1
4265, 12300, -1
16286, 118, -1
3940, 118, -1
16286, 9517, -1
16286, 9, -1
16286, 2666, -1
3940, 9517, -1
3940, 9, -1
3940, 2666, -1
16286, 3710, -1
16286, 8183, -1
3940, 3710, -1
3940, 8183, -1
16286, 14576, -1
3940, 14576, -1
16286, 11975, -1
3940, 11975, -1
16286, 4265, -1
3940, 4265, -1
16286, 12737, -1
3940, 12737, -1
16286, 12739, -1
3940, 12739, -1
16286, 16913, -1
3940, 16913, -1
16286, 12300, -1
3940, 12300, -1
12737, 118, -1
12737, 9517, -1
12737, 9, -1
12737, 2666, -1
12737, 3710, -1
12737, 8183, -1
12737, 14576, -1
12737, 11975, -1
12737, 4265, -1
12737, 16286, -1
12737, 3940, -1
12737, 12739, -1
12737, 16913, -1
12737, 12300, -1
12739, 118, -1
12739, 9517, -1
12739, 9, -1
12739, 2666, -1
12739, 3710, -1
12739, 8183, -1
12739, 14576, -1
12739, 11975, -1
12739, 4265, -1
12739, 16286, -1
12739, 3940, -1
12739, 12737, -1
12739, 16913, -1
12739, 12300, -1
16913, 118, -1
16913, 9517, -1
16913, 9, -1
16913, 2666, -1
16913, 3710, -1
16913, 8183, -1
16913, 14576, -1
16913, 11975, -1
16913, 4265, -1
16913, 16286, -1
16913, 3940, -1
16913, 12737, -1
16913, 12739, -1
16913, 12300, -1
12300, 118, -1
12300, 9517, -1
12300, 9, -1
12300, 2666, -1
12300, 3710, -1
12300, 8183, -1
12300, 14576, -1
12300, 11975, -1
12300, 4265, -1
12300, 16286, -1
12300, 3940, -1
12300, 12737, -1
12300, 12739, -1
12300, 16913, -1

