9980, 501, -1
0, 501, -1
0, 9980, -1
1, 501, -1
1, 9980, -1
1, 0, -1
2, 501, -1
2, 9980, -1
2, 0, -1
2, 1, -1

4098, 501, -1
4098, 9980, -1
4098, 0, -1
4098, 1, -1
4098, 2, -1

1028, 501, -1
1028, 9980, -1
1028, 0, -1
1028, 1, -1
1028, 2, -1
1028, 4098, -1

4, 501, -1
4, 9980, -1
4, 0, -1
4, 1, -1
4, 2, -1
4, 4098, -1
4, 1028, -1

4101, 501, -1
4101, 9980, -1
4101, 0, -1
4101, 1, -1
4101, 2, -1
4101, 4098, -1
4101, 1028, -1
4101, 4, -1

8192, 501, -1
8192, 9980, -1
8192, 0, -1
8192, 1, -1
8192, 2, -1
8192, 4098, -1
8192, 1028, -1
8192, 4, -1
8192, 4101, -1

3, 501, -1
3, 9980, -1
3, 0, -1
3, 1, -1
3, 2, -1
3, 4098, -1
3, 1028, -1
3, 4, -1
3, 4101, -1
3, 8192, -1


17408, 501, 1
17408, 9980, -1
17408, 0, -1
17408, 1, -1
17408, 2, -1
17408, 4098, -1
17408, 1028, -1
17408, 4, -1
17408, 4101, -1
17408, 8192, -1
17408, 3, -1

1028, 1028, 1
4101, 1028, 1
17408, 501, 1
11777, 501, 1
18436, 501, 1
15373, 501, 1
9746, 501, 1
5661, 501, 1
3101, 501, 1
14880, 501, 1
12322, 501, 1
12328, 501, 1
2603, 501, 1
8236, 501, 1
13355, 501, 1
52, 501, 1
11316, 501, 1
16438, 501, 1
8250, 501, 1
10812, 501, 1
4672, 501, 1
12353, 501, 1
12361, 501, 1
12879, 501, 1
5200, 501, 1
17487, 501, 1
8788, 501, 1
18005, 501, 1
7255, 501, 1
8794, 501, 1
11867, 501, 1
9821, 501, 1
8287, 501, 1
8799, 501, 1
10848, 501, 1
19557, 501, 1
12390, 501, 1
5742, 501, 1
11378, 501, 1
12916, 501, 1
4221, 501, 1
2176, 501, 1
641, 501, 1
1153, 501, 1
1666, 501, 1
5252, 501, 1
16007, 501, 1
17032, 501, 1
14473, 501, 1
7307, 501, 1
17035, 501, 1
1166, 501, 1
3729, 501, 1
14485, 501, 1
8854, 501, 1
10391, 501, 1
5274, 501, 1
19613, 501, 1
9375, 501, 1
8870, 501, 1
1703, 501, 1
4265, 501, 1
9385, 501, 1
13995, 501, 1
15537, 501, 1
8376, 501, 1
11451, 501, 1
7356, 501, 1
13504, 501, 1
10953, 501, 1
17613, 501, 1
8912, 501, 1
17104, 501, 1
6354, 501, 1
7381, 501, 1
9432, 501, 1
7385, 501, 1
15579, 501, 1
19677, 501, 1
3808, 501, 1
1763, 501, 1
19683, 501, 1
3816, 501, 1
10986, 501, 1
16619, 501, 1
12525, 501, 1
6895, 501, 1
10479, 501, 1
7921, 501, 1
9457, 501, 1
8441, 501, 1
9467, 501, 1
14078, 501, 1
11008, 501, 1
774, 501, 1
264, 501, 1
8456, 501, 1
8968, 501, 1
1291, 501, 1
11016, 501, 1
14602, 501, 1
11534, 501, 1
3343, 501, 1
11024, 501, 1
19723, 501, 1
15126, 501, 1
14104, 501, 1
3870, 501, 1
4383, 501, 1
10531, 501, 1
19749, 501, 1
5927, 501, 1
12586, 501, 1
9010, 501, 1
14131, 501, 1
17714, 501, 1
5947, 501, 1
16699, 501, 1
9533, 501, 1
4926, 501, 1
2885, 501, 1
7493, 501, 1
6984, 501, 1
18760, 501, 1
3402, 501, 1
1885, 501, 1
9057, 501, 1
16737, 501, 1
11107, 501, 1
17764, 501, 1
19814, 501, 1
2919, 501, 1
1898, 501, 1
5482, 501, 1
7537, 501, 1
3954, 501, 1
13173, 501, 1
1914, 501, 1
5509, 501, 1
14214, 501, 1
3473, 501, 1
8082, 501, 1
6035, 501, 1
13716, 501, 1
18833, 501, 1
11159, 501, 1
9112, 501, 1
3995, 501, 1
5021, 501, 1
9630, 501, 1
11679, 501, 1
1444, 501, 1
5028, 501, 1
19881, 501, 1
6063, 501, 1
8626, 501, 1
16818, 501, 1
8637, 501, 1
14271, 501, 1
7104, 501, 1
6593, 501, 1
19906, 501, 1
1477, 501, 1
5578, 501, 1
19914, 501, 1
6605, 501, 1
1998, 501, 1
15310, 501, 1
12752, 501, 1
2001, 501, 1
13265, 501, 1
6614, 501, 1
3035, 501, 1
5087, 501, 1
13279, 501, 1
9185, 501, 1
14307, 501, 1
3560, 501, 1
4584, 501, 1
16363, 501, 1
16364, 501, 1
501, 501, 1
11256, 501, 1
11262, 501, 1

