9517, 5955, 1
5955, 9517, 1
13433, 9517, -1
13433, 5955, -1
13433, 14576, -1
13433, 3685, -1
9517, 13433, -1
5955, 13433, -1
9517, 14576, -1
5955, 14576, -1
9517, 3685, -1
5955, 3685, -1
14576, 13433, -1
14576, 9517, -1
14576, 5955, -1
14576, 3685, -1
3685, 13433, -1
3685, 9517, -1
3685, 5955, -1
3685, 14576, -1

9517, 5955, 1
5955, 9517, 1
13433, 9517, -1
13433, 5955, -1
13433, 14576, -1
13433, 3685, -1
13433, 11911, -1
13433, 14094, -1
9517, 13433, -1
5955, 13433, -1
9517, 14576, -1
5955, 14576, -1
9517, 3685, -1
5955, 3685, -1
9517, 11911, -1
5955, 11911, -1
9517, 14094, -1
5955, 14094, -1
14576, 13433, -1
14576, 9517, -1
14576, 5955, -1
14576, 3685, -1
14576, 11911, -1
14576, 14094, -1
3685, 13433, -1
3685, 9517, -1
3685, 5955, -1
3685, 14576, -1
3685, 11911, -1
3685, 14094, -1
11911, 13433, -1
11911, 9517, -1
11911, 5955, -1
11911, 14576, -1
11911, 3685, -1
11911, 14094, -1
14094, 13433, -1
14094, 9517, -1
14094, 5955, -1
14094, 14576, -1
14094, 3685, -1
14094, 11911, -1

9517, 5955, 1
5955, 9517, 1
13433, 9517, -1
13433, 5955, -1
13433, 14576, -1
13433, 3685, -1
13433, 11911, -1
13433, 14094, -1
13433, 8717, -1
9517, 13433, -1
5955, 13433, -1
9517, 14576, -1
5955, 14576, -1
9517, 3685, -1
5955, 3685, -1
9517, 11911, -1
5955, 11911, -1
9517, 14094, -1
5955, 14094, -1
9517, 8717, -1
5955, 8717, -1
14576, 13433, -1
14576, 9517, -1
14576, 5955, -1
14576, 3685, -1
14576, 11911, -1
14576, 14094, -1
14576, 8717, -1
3685, 13433, -1
3685, 9517, -1
3685, 5955, -1
3685, 14576, -1
3685, 11911, -1
3685, 14094, -1
3685, 8717, -1
11911, 13433, -1
11911, 9517, -1
11911, 5955, -1
11911, 14576, -1
11911, 3685, -1
11911, 14094, -1
11911, 8717, -1
14094, 13433, -1
14094, 9517, -1
14094, 5955, -1
14094, 14576, -1
14094, 3685, -1
14094, 11911, -1
14094, 8717, -1
8717, 13433, -1
8717, 9517, -1
8717, 5955, -1
8717, 14576, -1
8717, 3685, -1
8717, 11911, -1
8717, 14094, -1

9517, 5955, 1
5955, 9517, 1
13433, 9517, -1
13433, 5955, -1
13433, 14576, -1
13433, 3685, -1
13433, 11911, -1
13433, 14094, -1
13433, 8717, -1
13433, 779, -1
9517, 13433, -1
5955, 13433, -1
9517, 14576, -1
5955, 14576, -1
9517, 3685, -1
5955, 3685, -1
9517, 11911, -1
5955, 11911, -1
9517, 14094, -1
5955, 14094, -1
9517, 8717, -1
5955, 8717, -1
9517, 779, -1
5955, 779, -1
14576, 13433, -1
14576, 9517, -1
14576, 5955, -1
14576, 3685, -1
14576, 11911, -1
14576, 14094, -1
14576, 8717, -1
14576, 779, -1
3685, 13433, -1
3685, 9517, -1
3685, 5955, -1
3685, 14576, -1
3685, 11911, -1
3685, 14094, -1
3685, 8717, -1
3685, 779, -1
11911, 13433, -1
11911, 9517, -1
11911, 5955, -1
11911, 14576, -1
11911, 3685, -1
11911, 14094, -1
11911, 8717, -1
11911, 779, -1
14094, 13433, -1
14094, 9517, -1
14094, 5955, -1
14094, 14576, -1
14094, 3685, -1
14094, 11911, -1
14094, 8717, -1
14094, 779, -1
8717, 13433, -1
8717, 9517, -1
8717, 5955, -1
8717, 14576, -1
8717, 3685, -1
8717, 11911, -1
8717, 14094, -1
8717, 779, -1
779, 13433, -1
779, 9517, -1
779, 5955, -1
779, 14576, -1
779, 3685, -1
779, 11911, -1
779, 14094, -1
779, 8717, -1

9517, 5955, 1
5955, 9517, 1
3685, 4240, 1
4240, 3685, 1
13433, 9517, -1
13433, 5955, -1
13433, 14576, -1
13433, 3685, -1
13433, 4240, -1
13433, 11911, -1
13433, 14094, -1
13433, 8717, -1
13433, 779, -1
9517, 13433, -1
5955, 13433, -1
9517, 14576, -1
5955, 14576, -1
9517, 3685, -1
9517, 4240, -1
5955, 3685, -1
5955, 4240, -1
9517, 11911, -1
5955, 11911, -1
9517, 14094, -1
5955, 14094, -1
9517, 8717, -1
5955, 8717, -1
9517, 779, -1
5955, 779, -1
14576, 13433, -1
14576, 9517, -1
14576, 5955, -1
14576, 3685, -1
14576, 4240, -1
14576, 11911, -1
14576, 14094, -1
14576, 8717, -1
14576, 779, -1
3685, 13433, -1
4240, 13433, -1
3685, 9517, -1
3685, 5955, -1
4240, 9517, -1
4240, 5955, -1
3685, 14576, -1
4240, 14576, -1
3685, 11911, -1
4240, 11911, -1
3685, 14094, -1
4240, 14094, -1
3685, 8717, -1
4240, 8717, -1
3685, 779, -1
4240, 779, -1
11911, 13433, -1
11911, 9517, -1
11911, 5955, -1
11911, 14576, -1
11911, 3685, -1
11911, 4240, -1
11911, 14094, -1
11911, 8717, -1
11911, 779, -1
14094, 13433, -1
14094, 9517, -1
14094, 5955, -1
14094, 14576, -1
14094, 3685, -1
14094, 4240, -1
14094, 11911, -1
14094, 8717, -1
14094, 779, -1
8717, 13433, -1
8717, 9517, -1
8717, 5955, -1
8717, 14576, -1
8717, 3685, -1
8717, 4240, -1
8717, 11911, -1
8717, 14094, -1
8717, 779, -1
779, 13433, -1
779, 9517, -1
779, 5955, -1
779, 14576, -1
779, 3685, -1
779, 4240, -1
779, 11911, -1
779, 14094, -1
779, 8717, -1

9517, 5955, 1
5955, 9517, 1
3685, 4240, 1
4240, 3685, 1
13433, 9517, -1
13433, 5955, -1
13433, 14576, -1
13433, 3685, -1
13433, 4240, -1
13433, 11911, -1
13433, 14094, -1
13433, 8717, -1
13433, 779, -1
13433, 16913, -1
9517, 13433, -1
5955, 13433, -1
9517, 14576, -1
5955, 14576, -1
9517, 3685, -1
9517, 4240, -1
5955, 3685, -1
5955, 4240, -1
9517, 11911, -1
5955, 11911, -1
9517, 14094, -1
5955, 14094, -1
9517, 8717, -1
5955, 8717, -1
9517, 779, -1
5955, 779, -1
9517, 16913, -1
5955, 16913, -1
14576, 13433, -1
14576, 9517, -1
14576, 5955, -1
14576, 3685, -1
14576, 4240, -1
14576, 11911, -1
14576, 14094, -1
14576, 8717, -1
14576, 779, -1
14576, 16913, -1
3685, 13433, -1
4240, 13433, -1
3685, 9517, -1
3685, 5955, -1
4240, 9517, -1
4240, 5955, -1
3685, 14576, -1
4240, 14576, -1
3685, 11911, -1
4240, 11911, -1
3685, 14094, -1
4240, 14094, -1
3685, 8717, -1
4240, 8717, -1
3685, 779, -1
4240, 779, -1
3685, 16913, -1
4240, 16913, -1
11911, 13433, -1
11911, 9517, -1
11911, 5955, -1
11911, 14576, -1
11911, 3685, -1
11911, 4240, -1
11911, 14094, -1
11911, 8717, -1
11911, 779, -1
11911, 16913, -1
14094, 13433, -1
14094, 9517, -1
14094, 5955, -1
14094, 14576, -1
14094, 3685, -1
14094, 4240, -1
14094, 11911, -1
14094, 8717, -1
14094, 779, -1
14094, 16913, -1
8717, 13433, -1
8717, 9517, -1
8717, 5955, -1
8717, 14576, -1
8717, 3685, -1
8717, 4240, -1
8717, 11911, -1
8717, 14094, -1
8717, 779, -1
8717, 16913, -1
779, 13433, -1
779, 9517, -1
779, 5955, -1
779, 14576, -1
779, 3685, -1
779, 4240, -1
779, 11911, -1
779, 14094, -1
779, 8717, -1
779, 16913, -1
16913, 13433, -1
16913, 9517, -1
16913, 5955, -1
16913, 14576, -1
16913, 3685, -1
16913, 4240, -1
16913, 11911, -1
16913, 14094, -1
16913, 8717, -1
16913, 779, -1

9517, 5955, 1
5955, 9517, 1
14576, 10865, 1
10865, 14576, 1
3685, 4240, 1
4240, 3685, 1
13433, 9517, -1
13433, 5955, -1
13433, 14576, -1
13433, 10865, -1
13433, 3685, -1
13433, 4240, -1
13433, 11911, -1
13433, 14094, -1
13433, 8717, -1
13433, 779, -1
13433, 16913, -1
9517, 13433, -1
5955, 13433, -1
9517, 14576, -1
9517, 10865, -1
5955, 14576, -1
5955, 10865, -1
9517, 3685, -1
9517, 4240, -1
5955, 3685, -1
5955, 4240, -1
9517, 11911, -1
5955, 11911, -1
9517, 14094, -1
5955, 14094, -1
9517, 8717, -1
5955, 8717, -1
9517, 779, -1
5955, 779, -1
9517, 16913, -1
5955, 16913, -1
14576, 13433, -1
10865, 13433, -1
14576, 9517, -1
14576, 5955, -1
10865, 9517, -1
10865, 5955, -1
14576, 3685, -1
14576, 4240, -1
10865, 3685, -1
10865, 4240, -1
14576, 11911, -1
10865, 11911, -1
14576, 14094, -1
10865, 14094, -1
14576, 8717, -1
10865, 8717, -1
14576, 779, -1
10865, 779, -1
14576, 16913, -1
10865, 16913, -1
3685, 13433, -1
4240, 13433, -1
3685, 9517, -1
3685, 5955, -1
4240, 9517, -1
4240, 5955, -1
3685, 14576, -1
3685, 10865, -1
4240, 14576, -1
4240, 10865, -1
3685, 11911, -1
4240, 11911, -1
3685, 14094, -1
4240, 14094, -1
3685, 8717, -1
4240, 8717, -1
3685, 779, -1
4240, 779, -1
3685, 16913, -1
4240, 16913, -1
11911, 13433, -1
11911, 9517, -1
11911, 5955, -1
11911, 14576, -1
11911, 10865, -1
11911, 3685, -1
11911, 4240, -1
11911, 14094, -1
11911, 8717, -1
11911, 779, -1
11911, 16913, -1
14094, 13433, -1
14094, 9517, -1
14094, 5955, -1
14094, 14576, -1
14094, 10865, -1
14094, 3685, -1
14094, 4240, -1
14094, 11911, -1
14094, 8717, -1
14094, 779, -1
14094, 16913, -1
8717, 13433, -1
8717, 9517, -1
8717, 5955, -1
8717, 14576, -1
8717, 10865, -1
8717, 3685, -1
8717, 4240, -1
8717, 11911, -1
8717, 14094, -1
8717, 779, -1
8717, 16913, -1
779, 13433, -1
779, 9517, -1
779, 5955, -1
779, 14576, -1
779, 10865, -1
779, 3685, -1
779, 4240, -1
779, 11911, -1
779, 14094, -1
779, 8717, -1
779, 16913, -1
16913, 13433, -1
16913, 9517, -1
16913, 5955, -1
16913, 14576, -1
16913, 10865, -1
16913, 3685, -1
16913, 4240, -1
16913, 11911, -1
16913, 14094, -1
16913, 8717, -1
16913, 779, -1

9517, 5955, 1
5955, 9517, 1
14576, 10865, 1
10865, 14576, 1
3685, 4240, 1
4240, 3685, 1
13433, 9517, -1
13433, 5955, -1
13433, 14576, -1
13433, 10865, -1
13433, 3685, -1
13433, 4240, -1
13433, 11911, -1
13433, 14094, -1
13433, 8717, -1
13433, 779, -1
13433, 16913, -1
13433, 11975, -1
9517, 13433, -1
5955, 13433, -1
9517, 14576, -1
9517, 10865, -1
5955, 14576, -1
5955, 10865, -1
9517, 3685, -1
9517, 4240, -1
5955, 3685, -1
5955, 4240, -1
9517, 11911, -1
5955, 11911, -1
9517, 14094, -1
5955, 14094, -1
9517, 8717, -1
5955, 8717, -1
9517, 779, -1
5955, 779, -1
9517, 16913, -1
5955, 16913, -1
9517, 11975, -1
5955, 11975, -1
14576, 13433, -1
10865, 13433, -1
14576, 9517, -1
14576, 5955, -1
10865, 9517, -1
10865, 5955, -1
14576, 3685, -1
14576, 4240, -1
10865, 3685, -1
10865, 4240, -1
14576, 11911, -1
10865, 11911, -1
14576, 14094, -1
10865, 14094, -1
14576, 8717, -1
10865, 8717, -1
14576, 779, -1
10865, 779, -1
14576, 16913, -1
10865, 16913, -1
14576, 11975, -1
10865, 11975, -1
3685, 13433, -1
4240, 13433, -1
3685, 9517, -1
3685, 5955, -1
4240, 9517, -1
4240, 5955, -1
3685, 14576, -1
3685, 10865, -1
4240, 14576, -1
4240, 10865, -1
3685, 11911, -1
4240, 11911, -1
3685, 14094, -1
4240, 14094, -1
3685, 8717, -1
4240, 8717, -1
3685, 779, -1
4240, 779, -1
3685, 16913, -1
4240, 16913, -1
3685, 11975, -1
4240, 11975, -1
11911, 13433, -1
11911, 9517, -1
11911, 5955, -1
11911, 14576, -1
11911, 10865, -1
11911, 3685, -1
11911, 4240, -1
11911, 14094, -1
11911, 8717, -1
11911, 779, -1
11911, 16913, -1
11911, 11975, -1
14094, 13433, -1
14094, 9517, -1
14094, 5955, -1
14094, 14576, -1
14094, 10865, -1
14094, 3685, -1
14094, 4240, -1
14094, 11911, -1
14094, 8717, -1
14094, 779, -1
14094, 16913, -1
14094, 11975, -1
8717, 13433, -1
8717, 9517, -1
8717, 5955, -1
8717, 14576, -1
8717, 10865, -1
8717, 3685, -1
8717, 4240, -1
8717, 11911, -1
8717, 14094, -1
8717, 779, -1
8717, 16913, -1
8717, 11975, -1
779, 13433, -1
779, 9517, -1
779, 5955, -1
779, 14576, -1
779, 10865, -1
779, 3685, -1
779, 4240, -1
779, 11911, -1
779, 14094, -1
779, 8717, -1
779, 16913, -1
779, 11975, -1
16913, 13433, -1
16913, 9517, -1
16913, 5955, -1
16913, 14576, -1
16913, 10865, -1
16913, 3685, -1
16913, 4240, -1
16913, 11911, -1
16913, 14094, -1
16913, 8717, -1
16913, 779, -1
16913, 11975, -1
11975, 13433, -1
11975, 9517, -1
11975, 5955, -1
11975, 14576, -1
11975, 10865, -1
11975, 3685, -1
11975, 4240, -1
11975, 11911, -1
11975, 14094, -1
11975, 8717, -1
11975, 779, -1
11975, 16913, -1

9517, 5955, 1
5955, 9517, 1
14576, 10865, 1
14576, 3605, 1
10865, 14576, 1
10865, 3605, 1
3605, 14576, 1
3605, 10865, 1
3685, 4240, 1
4240, 3685, 1
13433, 9517, -1
13433, 5955, -1
13433, 14576, -1
13433, 10865, -1
13433, 3605, -1
13433, 3685, -1
13433, 4240, -1
13433, 11911, -1
13433, 14094, -1
13433, 8717, -1
13433, 779, -1
13433, 16913, -1
13433, 11975, -1
9517, 13433, -1
5955, 13433, -1
9517, 14576, -1
9517, 10865, -1
9517, 3605, -1
5955, 14576, -1
5955, 10865, -1
5955, 3605, -1
9517, 3685, -1
9517, 4240, -1
5955, 3685, -1
5955, 4240, -1
9517, 11911, -1
5955, 11911, -1
9517, 14094, -1
5955, 14094, -1
9517, 8717, -1
5955, 8717, -1
9517, 779, -1
5955, 779, -1
9517, 16913, -1
5955, 16913, -1
9517, 11975, -1
5955, 11975, -1
14576, 13433, -1
10865, 13433, -1
3605, 13433, -1
14576, 9517, -1
14576, 5955, -1
10865, 9517, -1
10865, 5955, -1
3605, 9517, -1
3605, 5955, -1
14576, 3685, -1
14576, 4240, -1
10865, 3685, -1
10865, 4240, -1
3605, 3685, -1
3605, 4240, -1
14576, 11911, -1
10865, 11911, -1
3605, 11911, -1
14576, 14094, -1
10865, 14094, -1
3605, 14094, -1
14576, 8717, -1
10865, 8717, -1
3605, 8717, -1
14576, 779, -1
10865, 779, -1
3605, 779, -1
14576, 16913, -1
10865, 16913, -1
3605, 16913, -1
14576, 11975, -1
10865, 11975, -1
3605, 11975, -1
3685, 13433, -1
4240, 13433, -1
3685, 9517, -1
3685, 5955, -1
4240, 9517, -1
4240, 5955, -1
3685, 14576, -1
3685, 10865, -1
3685, 3605, -1
4240, 14576, -1
4240, 10865, -1
4240, 3605, -1
3685, 11911, -1
4240, 11911, -1
3685, 14094, -1
4240, 14094, -1
3685, 8717, -1
4240, 8717, -1
3685, 779, -1
4240, 779, -1
3685, 16913, -1
4240, 16913, -1
3685, 11975, -1
4240, 11975, -1
11911, 13433, -1
11911, 9517, -1
11911, 5955, -1
11911, 14576, -1
11911, 10865, -1
11911, 3605, -1
11911, 3685, -1
11911, 4240, -1
11911, 14094, -1
11911, 8717, -1
11911, 779, -1
11911, 16913, -1
11911, 11975, -1
14094, 13433, -1
14094, 9517, -1
14094, 5955, -1
14094, 14576, -1
14094, 10865, -1
14094, 3605, -1
14094, 3685, -1
14094, 4240, -1
14094, 11911, -1
14094, 8717, -1
14094, 779, -1
14094, 16913, -1
14094, 11975, -1
8717, 13433, -1
8717, 9517, -1
8717, 5955, -1
8717, 14576, -1
8717, 10865, -1
8717, 3605, -1
8717, 3685, -1
8717, 4240, -1
8717, 11911, -1
8717, 14094, -1
8717, 779, -1
8717, 16913, -1
8717, 11975, -1
779, 13433, -1
779, 9517, -1
779, 5955, -1
779, 14576, -1
779, 10865, -1
779, 3605, -1
779, 3685, -1
779, 4240, -1
779, 11911, -1
779, 14094, -1
779, 8717, -1
779, 16913, -1
779, 11975, -1
16913, 13433, -1
16913, 9517, -1
16913, 5955, -1
16913, 14576, -1
16913, 10865, -1
16913, 3605, -1
16913, 3685, -1
16913, 4240, -1
16913, 11911, -1
16913, 14094, -1
16913, 8717, -1
16913, 779, -1
16913, 11975, -1
11975, 13433, -1
11975, 9517, -1
11975, 5955, -1
11975, 14576, -1
11975, 10865, -1
11975, 3605, -1
11975, 3685, -1
11975, 4240, -1
11975, 11911, -1
11975, 14094, -1
11975, 8717, -1
11975, 779, -1
11975, 16913, -1

9517, 5955, 1
5955, 9517, 1
14576, 10865, 1
14576, 3605, 1
10865, 14576, 1
10865, 3605, 1
3605, 14576, 1
3605, 10865, 1
3685, 4240, 1
4240, 3685, 1
13433, 9517, -1
13433, 5955, -1
13433, 14576, -1
13433, 10865, -1
13433, 3605, -1
13433, 3685, -1
13433, 4240, -1
13433, 11911, -1
13433, 14094, -1
13433, 8717, -1
13433, 779, -1
13433, 16913, -1
13433, 11975, -1
13433, 12276, -1
9517, 13433, -1
5955, 13433, -1
9517, 14576, -1
9517, 10865, -1
9517, 3605, -1
5955, 14576, -1
5955, 10865, -1
5955, 3605, -1
9517, 3685, -1
9517, 4240, -1
5955, 3685, -1
5955, 4240, -1
9517, 11911, -1
5955, 11911, -1
9517, 14094, -1
5955, 14094, -1
9517, 8717, -1
5955, 8717, -1
9517, 779, -1
5955, 779, -1
9517, 16913, -1
5955, 16913, -1
9517, 11975, -1
5955, 11975, -1
9517, 12276, -1
5955, 12276, -1
14576, 13433, -1
10865, 13433, -1
3605, 13433, -1
14576, 9517, -1
14576, 5955, -1
10865, 9517, -1
10865, 5955, -1
3605, 9517, -1
3605, 5955, -1
14576, 3685, -1
14576, 4240, -1
10865, 3685, -1
10865, 4240, -1
3605, 3685, -1
3605, 4240, -1
14576, 11911, -1
10865, 11911, -1
3605, 11911, -1
14576, 14094, -1
10865, 14094, -1
3605, 14094, -1
14576, 8717, -1
10865, 8717, -1
3605, 8717, -1
14576, 779, -1
10865, 779, -1
3605, 779, -1
14576, 16913, -1
10865, 16913, -1
3605, 16913, -1
14576, 11975, -1
10865, 11975, -1
3605, 11975, -1
14576, 12276, -1
10865, 12276, -1
3605, 12276, -1
3685, 13433, -1
4240, 13433, -1
3685, 9517, -1
3685, 5955, -1
4240, 9517, -1
4240, 5955, -1
3685, 14576, -1
3685, 10865, -1
3685, 3605, -1
4240, 14576, -1
4240, 10865, -1
4240, 3605, -1
3685, 11911, -1
4240, 11911, -1
3685, 14094, -1
4240, 14094, -1
3685, 8717, -1
4240, 8717, -1
3685, 779, -1
4240, 779, -1
3685, 16913, -1
4240, 16913, -1
3685, 11975, -1
4240, 11975, -1
3685, 12276, -1
4240, 12276, -1
11911, 13433, -1
11911, 9517, -1
11911, 5955, -1
11911, 14576, -1
11911, 10865, -1
11911, 3605, -1
11911, 3685, -1
11911, 4240, -1
11911, 14094, -1
11911, 8717, -1
11911, 779, -1
11911, 16913, -1
11911, 11975, -1
11911, 12276, -1
14094, 13433, -1
14094, 9517, -1
14094, 5955, -1
14094, 14576, -1
14094, 10865, -1
14094, 3605, -1
14094, 3685, -1
14094, 4240, -1
14094, 11911, -1
14094, 8717, -1
14094, 779, -1
14094, 16913, -1
14094, 11975, -1
14094, 12276, -1
8717, 13433, -1
8717, 9517, -1
8717, 5955, -1
8717, 14576, -1
8717, 10865, -1
8717, 3605, -1
8717, 3685, -1
8717, 4240, -1
8717, 11911, -1
8717, 14094, -1
8717, 779, -1
8717, 16913, -1
8717, 11975, -1
8717, 12276, -1
779, 13433, -1
779, 9517, -1
779, 5955, -1
779, 14576, -1
779, 10865, -1
779, 3605, -1
779, 3685, -1
779, 4240, -1
779, 11911, -1
779, 14094, -1
779, 8717, -1
779, 16913, -1
779, 11975, -1
779, 12276, -1
16913, 13433, -1
16913, 9517, -1
16913, 5955, -1
16913, 14576, -1
16913, 10865, -1
16913, 3605, -1
16913, 3685, -1
16913, 4240, -1
16913, 11911, -1
16913, 14094, -1
16913, 8717, -1
16913, 779, -1
16913, 11975, -1
16913, 12276, -1
11975, 13433, -1
11975, 9517, -1
11975, 5955, -1
11975, 14576, -1
11975, 10865, -1
11975, 3605, -1
11975, 3685, -1
11975, 4240, -1
11975, 11911, -1
11975, 14094, -1
11975, 8717, -1
11975, 779, -1
11975, 16913, -1
11975, 12276, -1
12276, 13433, -1
12276, 9517, -1
12276, 5955, -1
12276, 14576, -1
12276, 10865, -1
12276, 3605, -1
12276, 3685, -1
12276, 4240, -1
12276, 11911, -1
12276, 14094, -1
12276, 8717, -1
12276, 779, -1
12276, 16913, -1
12276, 11975, -1

