9517, 5955, 1
5955, 9517, 1
1390, 9517, -1
1390, 5955, -1
1390, 13039, -1
1390, 14576, -1
9517, 1390, -1
5955, 1390, -1
9517, 13039, -1
5955, 13039, -1
9517, 14576, -1
5955, 14576, -1
13039, 1390, -1
13039, 9517, -1
13039, 5955, -1
13039, 14576, -1
14576, 1390, -1
14576, 9517, -1
14576, 5955, -1
14576, 13039, -1

9517, 5955, 1
5955, 9517, 1
1390, 9517, -1
1390, 5955, -1
1390, 13039, -1
1390, 14576, -1
1390, 3685, -1
1390, 18183, -1
9517, 1390, -1
5955, 1390, -1
9517, 13039, -1
5955, 13039, -1
9517, 14576, -1
5955, 14576, -1
9517, 3685, -1
5955, 3685, -1
9517, 18183, -1
5955, 18183, -1
13039, 1390, -1
13039, 9517, -1
13039, 5955, -1
13039, 14576, -1
13039, 3685, -1
13039, 18183, -1
14576, 1390, -1
14576, 9517, -1
14576, 5955, -1
14576, 13039, -1
14576, 3685, -1
14576, 18183, -1
3685, 1390, -1
3685, 9517, -1
3685, 5955, -1
3685, 13039, -1
3685, 14576, -1
3685, 18183, -1
18183, 1390, -1
18183, 9517, -1
18183, 5955, -1
18183, 13039, -1
18183, 14576, -1
18183, 3685, -1

9517, 5955, 1
5955, 9517, 1
1390, 9517, -1
1390, 5955, -1
1390, 13039, -1
1390, 14576, -1
1390, 3685, -1
1390, 18183, -1
1390, 16022, -1
9517, 1390, -1
5955, 1390, -1
9517, 13039, -1
5955, 13039, -1
9517, 14576, -1
5955, 14576, -1
9517, 3685, -1
5955, 3685, -1
9517, 18183, -1
5955, 18183, -1
9517, 16022, -1
5955, 16022, -1
13039, 1390, -1
13039, 9517, -1
13039, 5955, -1
13039, 14576, -1
13039, 3685, -1
13039, 18183, -1
13039, 16022, -1
14576, 1390, -1
14576, 9517, -1
14576, 5955, -1
14576, 13039, -1
14576, 3685, -1
14576, 18183, -1
14576, 16022, -1
3685, 1390, -1
3685, 9517, -1
3685, 5955, -1
3685, 13039, -1
3685, 14576, -1
3685, 18183, -1
3685, 16022, -1
18183, 1390, -1
18183, 9517, -1
18183, 5955, -1
18183, 13039, -1
18183, 14576, -1
18183, 3685, -1
18183, 16022, -1
16022, 1390, -1
16022, 9517, -1
16022, 5955, -1
16022, 13039, -1
16022, 14576, -1
16022, 3685, -1
16022, 18183, -1

9517, 5955, 1
5955, 9517, 1
1390, 9517, -1
1390, 5955, -1
1390, 13039, -1
1390, 14576, -1
1390, 3685, -1
1390, 18183, -1
1390, 16022, -1
1390, 1916, -1
9517, 1390, -1
5955, 1390, -1
9517, 13039, -1
5955, 13039, -1
9517, 14576, -1
5955, 14576, -1
9517, 3685, -1
5955, 3685, -1
9517, 18183, -1
5955, 18183, -1
9517, 16022, -1
5955, 16022, -1
9517, 1916, -1
5955, 1916, -1
13039, 1390, -1
13039, 9517, -1
13039, 5955, -1
13039, 14576, -1
13039, 3685, -1
13039, 18183, -1
13039, 16022, -1
13039, 1916, -1
14576, 1390, -1
14576, 9517, -1
14576, 5955, -1
14576, 13039, -1
14576, 3685, -1
14576, 18183, -1
14576, 16022, -1
14576, 1916, -1
3685, 1390, -1
3685, 9517, -1
3685, 5955, -1
3685, 13039, -1
3685, 14576, -1
3685, 18183, -1
3685, 16022, -1
3685, 1916, -1
18183, 1390, -1
18183, 9517, -1
18183, 5955, -1
18183, 13039, -1
18183, 14576, -1
18183, 3685, -1
18183, 16022, -1
18183, 1916, -1
16022, 1390, -1
16022, 9517, -1
16022, 5955, -1
16022, 13039, -1
16022, 14576, -1
16022, 3685, -1
16022, 18183, -1
16022, 1916, -1
1916, 1390, -1
1916, 9517, -1
1916, 5955, -1
1916, 13039, -1
1916, 14576, -1
1916, 3685, -1
1916, 18183, -1
1916, 16022, -1

9517, 5955, 1
5955, 9517, 1
1390, 9517, -1
1390, 5955, -1
1390, 13039, -1
1390, 14576, -1
1390, 3685, -1
1390, 18183, -1
1390, 16022, -1
1390, 1916, -1
1390, 11975, -1
9517, 1390, -1
5955, 1390, -1
9517, 13039, -1
5955, 13039, -1
9517, 14576, -1
5955, 14576, -1
9517, 3685, -1
5955, 3685, -1
9517, 18183, -1
5955, 18183, -1
9517, 16022, -1
5955, 16022, -1
9517, 1916, -1
5955, 1916, -1
9517, 11975, -1
5955, 11975, -1
13039, 1390, -1
13039, 9517, -1
13039, 5955, -1
13039, 14576, -1
13039, 3685, -1
13039, 18183, -1
13039, 16022, -1
13039, 1916, -1
13039, 11975, -1
14576, 1390, -1
14576, 9517, -1
14576, 5955, -1
14576, 13039, -1
14576, 3685, -1
14576, 18183, -1
14576, 16022, -1
14576, 1916, -1
14576, 11975, -1
3685, 1390, -1
3685, 9517, -1
3685, 5955, -1
3685, 13039, -1
3685, 14576, -1
3685, 18183, -1
3685, 16022, -1
3685, 1916, -1
3685, 11975, -1
18183, 1390, -1
18183, 9517, -1
18183, 5955, -1
18183, 13039, -1
18183, 14576, -1
18183, 3685, -1
18183, 16022, -1
18183, 1916, -1
18183, 11975, -1
16022, 1390, -1
16022, 9517, -1
16022, 5955, -1
16022, 13039, -1
16022, 14576, -1
16022, 3685, -1
16022, 18183, -1
16022, 1916, -1
16022, 11975, -1
1916, 1390, -1
1916, 9517, -1
1916, 5955, -1
1916, 13039, -1
1916, 14576, -1
1916, 3685, -1
1916, 18183, -1
1916, 16022, -1
1916, 11975, -1
11975, 1390, -1
11975, 9517, -1
11975, 5955, -1
11975, 13039, -1
11975, 14576, -1
11975, 3685, -1
11975, 18183, -1
11975, 16022, -1
11975, 1916, -1

9517, 5955, 1
5955, 9517, 1
18183, 12739, 1
12739, 18183, 1
1390, 9517, -1
1390, 5955, -1
1390, 13039, -1
1390, 14576, -1
1390, 3685, -1
1390, 18183, -1
1390, 12739, -1
1390, 16022, -1
1390, 1916, -1
1390, 11975, -1
9517, 1390, -1
5955, 1390, -1
9517, 13039, -1
5955, 13039, -1
9517, 14576, -1
5955, 14576, -1
9517, 3685, -1
5955, 3685, -1
9517, 18183, -1
9517, 12739, -1
5955, 18183, -1
5955, 12739, -1
9517, 16022, -1
5955, 16022, -1
9517, 1916, -1
5955, 1916, -1
9517, 11975, -1
5955, 11975, -1
13039, 1390, -1
13039, 9517, -1
13039, 5955, -1
13039, 14576, -1
13039, 3685, -1
13039, 18183, -1
13039, 12739, -1
13039, 16022, -1
13039, 1916, -1
13039, 11975, -1
14576, 1390, -1
14576, 9517, -1
14576, 5955, -1
14576, 13039, -1
14576, 3685, -1
14576, 18183, -1
14576, 12739, -1
14576, 16022, -1
14576, 1916, -1
14576, 11975, -1
3685, 1390, -1
3685, 9517, -1
3685, 5955, -1
3685, 13039, -1
3685, 14576, -1
3685, 18183, -1
3685, 12739, -1
3685, 16022, -1
3685, 1916, -1
3685, 11975, -1
18183, 1390, -1
12739, 1390, -1
18183, 9517, -1
18183, 5955, -1
12739, 9517, -1
12739, 5955, -1
18183, 13039, -1
12739, 13039, -1
18183, 14576, -1
12739, 14576, -1
18183, 3685, -1
12739, 3685, -1
18183, 16022, -1
12739, 16022, -1
18183, 1916, -1
12739, 1916, -1
18183, 11975, -1
12739, 11975, -1
16022, 1390, -1
16022, 9517, -1
16022, 5955, -1
16022, 13039, -1
16022, 14576, -1
16022, 3685, -1
16022, 18183, -1
16022, 12739, -1
16022, 1916, -1
16022, 11975, -1
1916, 1390, -1
1916, 9517, -1
1916, 5955, -1
1916, 13039, -1
1916, 14576, -1
1916, 3685, -1
1916, 18183, -1
1916, 12739, -1
1916, 16022, -1
1916, 11975, -1
11975, 1390, -1
11975, 9517, -1
11975, 5955, -1
11975, 13039, -1
11975, 14576, -1
11975, 3685, -1
11975, 18183, -1
11975, 12739, -1
11975, 16022, -1
11975, 1916, -1

9517, 5955, 1
5955, 9517, 1
18183, 12739, 1
12739, 18183, 1
1390, 9517, -1
1390, 5955, -1
1390, 13039, -1
1390, 14576, -1
1390, 3685, -1
1390, 18183, -1
1390, 12739, -1
1390, 16022, -1
1390, 1916, -1
1390, 11975, -1
1390, 409, -1
9517, 1390, -1
5955, 1390, -1
9517, 13039, -1
5955, 13039, -1
9517, 14576, -1
5955, 14576, -1
9517, 3685, -1
5955, 3685, -1
9517, 18183, -1
9517, 12739, -1
5955, 18183, -1
5955, 12739, -1
9517, 16022, -1
5955, 16022, -1
9517, 1916, -1
5955, 1916, -1
9517, 11975, -1
5955, 11975, -1
9517, 409, -1
5955, 409, -1
13039, 1390, -1
13039, 9517, -1
13039, 5955, -1
13039, 14576, -1
13039, 3685, -1
13039, 18183, -1
13039, 12739, -1
13039, 16022, -1
13039, 1916, -1
13039, 11975, -1
13039, 409, -1
14576, 1390, -1
14576, 9517, -1
14576, 5955, -1
14576, 13039, -1
14576, 3685, -1
14576, 18183, -1
14576, 12739, -1
14576, 16022, -1
14576, 1916, -1
14576, 11975, -1
14576, 409, -1
3685, 1390, -1
3685, 9517, -1
3685, 5955, -1
3685, 13039, -1
3685, 14576, -1
3685, 18183, -1
3685, 12739, -1
3685, 16022, -1
3685, 1916, -1
3685, 11975, -1
3685, 409, -1
18183, 1390, -1
12739, 1390, -1
18183, 9517, -1
18183, 5955, -1
12739, 9517, -1
12739, 5955, -1
18183, 13039, -1
12739, 13039, -1
18183, 14576, -1
12739, 14576, -1
18183, 3685, -1
12739, 3685, -1
18183, 16022, -1
12739, 16022, -1
18183, 1916, -1
12739, 1916, -1
18183, 11975, -1
12739, 11975, -1
18183, 409, -1
12739, 409, -1
16022, 1390, -1
16022, 9517, -1
16022, 5955, -1
16022, 13039, -1
16022, 14576, -1
16022, 3685, -1
16022, 18183, -1
16022, 12739, -1
16022, 1916, -1
16022, 11975, -1
16022, 409, -1
1916, 1390, -1
1916, 9517, -1
1916, 5955, -1
1916, 13039, -1
1916, 14576, -1
1916, 3685, -1
1916, 18183, -1
1916, 12739, -1
1916, 16022, -1
1916, 11975, -1
1916, 409, -1
11975, 1390, -1
11975, 9517, -1
11975, 5955, -1
11975, 13039, -1
11975, 14576, -1
11975, 3685, -1
11975, 18183, -1
11975, 12739, -1
11975, 16022, -1
11975, 1916, -1
11975, 409, -1
409, 1390, -1
409, 9517, -1
409, 5955, -1
409, 13039, -1
409, 14576, -1
409, 3685, -1
409, 18183, -1
409, 12739, -1
409, 16022, -1
409, 1916, -1
409, 11975, -1

9517, 5955, 1
5955, 9517, 1
18183, 12739, 1
12739, 18183, 1
1916, 11193, 1
11193, 1916, 1
1390, 9517, -1
1390, 5955, -1
1390, 13039, -1
1390, 14576, -1
1390, 3685, -1
1390, 18183, -1
1390, 12739, -1
1390, 16022, -1
1390, 1916, -1
1390, 11193, -1
1390, 11975, -1
1390, 409, -1
9517, 1390, -1
5955, 1390, -1
9517, 13039, -1
5955, 13039, -1
9517, 14576, -1
5955, 14576, -1
9517, 3685, -1
5955, 3685, -1
9517, 18183, -1
9517, 12739, -1
5955, 18183, -1
5955, 12739, -1
9517, 16022, -1
5955, 16022, -1
9517, 1916, -1
9517, 11193, -1
5955, 1916, -1
5955, 11193, -1
9517, 11975, -1
5955, 11975, -1
9517, 409, -1
5955, 409, -1
13039, 1390, -1
13039, 9517, -1
13039, 5955, -1
13039, 14576, -1
13039, 3685, -1
13039, 18183, -1
13039, 12739, -1
13039, 16022, -1
13039, 1916, -1
13039, 11193, -1
13039, 11975, -1
13039, 409, -1
14576, 1390, -1
14576, 9517, -1
14576, 5955, -1
14576, 13039, -1
14576, 3685, -1
14576, 18183, -1
14576, 12739, -1
14576, 16022, -1
14576, 1916, -1
14576, 11193, -1
14576, 11975, -1
14576, 409, -1
3685, 1390, -1
3685, 9517, -1
3685, 5955, -1
3685, 13039, -1
3685, 14576, -1
3685, 18183, -1
3685, 12739, -1
3685, 16022, -1
3685, 1916, -1
3685, 11193, -1
3685, 11975, -1
3685, 409, -1
18183, 1390, -1
12739, 1390, -1
18183, 9517, -1
18183, 5955, -1
12739, 9517, -1
12739, 5955, -1
18183, 13039, -1
12739, 13039, -1
18183, 14576, -1
12739, 14576, -1
18183, 3685, -1
12739, 3685, -1
18183, 16022, -1
12739, 16022, -1
18183, 1916, -1
18183, 11193, -1
12739, 1916, -1
12739, 11193, -1
18183, 11975, -1
12739, 11975, -1
18183, 409, -1
12739, 409, -1
16022, 1390, -1
16022, 9517, -1
16022, 5955, -1
16022, 13039, -1
16022, 14576, -1
16022, 3685, -1
16022, 18183, -1
16022, 12739, -1
16022, 1916, -1
16022, 11193, -1
16022, 11975, -1
16022, 409, -1
1916, 1390, -1
11193, 1390, -1
1916, 9517, -1
1916, 5955, -1
11193, 9517, -1
11193, 5955, -1
1916, 13039, -1
11193, 13039, -1
1916, 14576, -1
11193, 14576, -1
1916, 3685, -1
11193, 3685, -1
1916, 18183, -1
1916, 12739, -1
11193, 18183, -1
11193, 12739, -1
1916, 16022, -1
11193, 16022, -1
1916, 11975, -1
11193, 11975, -1
1916, 409, -1
11193, 409, -1
11975, 1390, -1
11975, 9517, -1
11975, 5955, -1
11975, 13039, -1
11975, 14576, -1
11975, 3685, -1
11975, 18183, -1
11975, 12739, -1
11975, 16022, -1
11975, 1916, -1
11975, 11193, -1
11975, 409, -1
409, 1390, -1
409, 9517, -1
409, 5955, -1
409, 13039, -1
409, 14576, -1
409, 3685, -1
409, 18183, -1
409, 12739, -1
409, 16022, -1
409, 1916, -1
409, 11193, -1
409, 11975, -1

9517, 5955, 1
5955, 9517, 1
18183, 12739, 1
12739, 18183, 1
1916, 11193, 1
11193, 1916, 1
1390, 9517, -1
1390, 5955, -1
1390, 13039, -1
1390, 14576, -1
1390, 3685, -1
1390, 18183, -1
1390, 12739, -1
1390, 16022, -1
1390, 1916, -1
1390, 11193, -1
1390, 11975, -1
1390, 409, -1
1390, 16913, -1
9517, 1390, -1
5955, 1390, -1
9517, 13039, -1
5955, 13039, -1
9517, 14576, -1
5955, 14576, -1
9517, 3685, -1
5955, 3685, -1
9517, 18183, -1
9517, 12739, -1
5955, 18183, -1
5955, 12739, -1
9517, 16022, -1
5955, 16022, -1
9517, 1916, -1
9517, 11193, -1
5955, 1916, -1
5955, 11193, -1
9517, 11975, -1
5955, 11975, -1
9517, 409, -1
5955, 409, -1
9517, 16913, -1
5955, 16913, -1
13039, 1390, -1
13039, 9517, -1
13039, 5955, -1
13039, 14576, -1
13039, 3685, -1
13039, 18183, -1
13039, 12739, -1
13039, 16022, -1
13039, 1916, -1
13039, 11193, -1
13039, 11975, -1
13039, 409, -1
13039, 16913, -1
14576, 1390, -1
14576, 9517, -1
14576, 5955, -1
14576, 13039, -1
14576, 3685, -1
14576, 18183, -1
14576, 12739, -1
14576, 16022, -1
14576, 1916, -1
14576, 11193, -1
14576, 11975, -1
14576, 409, -1
14576, 16913, -1
3685, 1390, -1
3685, 9517, -1
3685, 5955, -1
3685, 13039, -1
3685, 14576, -1
3685, 18183, -1
3685, 12739, -1
3685, 16022, -1
3685, 1916, -1
3685, 11193, -1
3685, 11975, -1
3685, 409, -1
3685, 16913, -1
18183, 1390, -1
12739, 1390, -1
18183, 9517, -1
18183, 5955, -1
12739, 9517, -1
12739, 5955, -1
18183, 13039, -1
12739, 13039, -1
18183, 14576, -1
12739, 14576, -1
18183, 3685, -1
12739, 3685, -1
18183, 16022, -1
12739, 16022, -1
18183, 1916, -1
18183, 11193, -1
12739, 1916, -1
12739, 11193, -1
18183, 11975, -1
12739, 11975, -1
18183, 409, -1
12739, 409, -1
18183, 16913, -1
12739, 16913, -1
16022, 1390, -1
16022, 9517, -1
16022, 5955, -1
16022, 13039, -1
16022, 14576, -1
16022, 3685, -1
16022, 18183, -1
16022, 12739, -1
16022, 1916, -1
16022, 11193, -1
16022, 11975, -1
16022, 409, -1
16022, 16913, -1
1916, 1390, -1
11193, 1390, -1
1916, 9517, -1
1916, 5955, -1
11193, 9517, -1
11193, 5955, -1
1916, 13039, -1
11193, 13039, -1
1916, 14576, -1
11193, 14576, -1
1916, 3685, -1
11193, 3685, -1
1916, 18183, -1
1916, 12739, -1
11193, 18183, -1
11193, 12739, -1
1916, 16022, -1
11193, 16022, -1
1916, 11975, -1
11193, 11975, -1
1916, 409, -1
11193, 409, -1
1916, 16913, -1
11193, 16913, -1
11975, 1390, -1
11975, 9517, -1
11975, 5955, -1
11975, 13039, -1
11975, 14576, -1
11975, 3685, -1
11975, 18183, -1
11975, 12739, -1
11975, 16022, -1
11975, 1916, -1
11975, 11193, -1
11975, 409, -1
11975, 16913, -1
409, 1390, -1
409, 9517, -1
409, 5955, -1
409, 13039, -1
409, 14576, -1
409, 3685, -1
409, 18183, -1
409, 12739, -1
409, 16022, -1
409, 1916, -1
409, 11193, -1
409, 11975, -1
409, 16913, -1
16913, 1390, -1
16913, 9517, -1
16913, 5955, -1
16913, 13039, -1
16913, 14576, -1
16913, 3685, -1
16913, 18183, -1
16913, 12739, -1
16913, 16022, -1
16913, 1916, -1
16913, 11193, -1
16913, 11975, -1
16913, 409, -1

9517, 5955, 1
5955, 9517, 1
18183, 12739, 1
12739, 18183, 1
1916, 11193, 1
11193, 1916, 1
1390, 9517, -1
1390, 5955, -1
1390, 13039, -1
1390, 14576, -1
1390, 3685, -1
1390, 18183, -1
1390, 12739, -1
1390, 16022, -1
1390, 1916, -1
1390, 11193, -1
1390, 11975, -1
1390, 409, -1
1390, 16913, -1
9517, 1390, -1
5955, 1390, -1
9517, 13039, -1
5955, 13039, -1
9517, 14576, -1
5955, 14576, -1
9517, 3685, -1
5955, 3685, -1
9517, 18183, -1
9517, 12739, -1
5955, 18183, -1
5955, 12739, -1
9517, 16022, -1
5955, 16022, -1
9517, 1916, -1
9517, 11193, -1
5955, 1916, -1
5955, 11193, -1
9517, 11975, -1
5955, 11975, -1
9517, 409, -1
5955, 409, -1
9517, 16913, -1
5955, 16913, -1
13039, 1390, -1
13039, 9517, -1
13039, 5955, -1
13039, 14576, -1
13039, 3685, -1
13039, 18183, -1
13039, 12739, -1
13039, 16022, -1
13039, 1916, -1
13039, 11193, -1
13039, 11975, -1
13039, 409, -1
13039, 16913, -1
14576, 1390, -1
14576, 9517, -1
14576, 5955, -1
14576, 13039, -1
14576, 3685, -1
14576, 18183, -1
14576, 12739, -1
14576, 16022, -1
14576, 1916, -1
14576, 11193, -1
14576, 11975, -1
14576, 409, -1
14576, 16913, -1
3685, 1390, -1
3685, 9517, -1
3685, 5955, -1
3685, 13039, -1
3685, 14576, -1
3685, 18183, -1
3685, 12739, -1
3685, 16022, -1
3685, 1916, -1
3685, 11193, -1
3685, 11975, -1
3685, 409, -1
3685, 16913, -1
18183, 1390, -1
12739, 1390, -1
18183, 9517, -1
18183, 5955, -1
12739, 9517, -1
12739, 5955, -1
18183, 13039, -1
12739, 13039, -1
18183, 14576, -1
12739, 14576, -1
18183, 3685, -1
12739, 3685, -1
18183, 16022, -1
12739, 16022, -1
18183, 1916, -1
18183, 11193, -1
12739, 1916, -1
12739, 11193, -1
18183, 11975, -1
12739, 11975, -1
18183, 409, -1
12739, 409, -1
18183, 16913, -1
12739, 16913, -1
16022, 1390, -1
16022, 9517, -1
16022, 5955, -1
16022, 13039, -1
16022, 14576, -1
16022, 3685, -1
16022, 18183, -1
16022, 12739, -1
16022, 1916, -1
16022, 11193, -1
16022, 11975, -1
16022, 409, -1
16022, 16913, -1
1916, 1390, -1
11193, 1390, -1
1916, 9517, -1
1916, 5955, -1
11193, 9517, -1
11193, 5955, -1
1916, 13039, -1
11193, 13039, -1
1916, 14576, -1
11193, 14576, -1
1916, 3685, -1
11193, 3685, -1
1916, 18183, -1
1916, 12739, -1
11193, 18183, -1
11193, 12739, -1
1916, 16022, -1
11193, 16022, -1
1916, 11975, -1
11193, 11975, -1
1916, 409, -1
11193, 409, -1
1916, 16913, -1
11193, 16913, -1
11975, 1390, -1
11975, 9517, -1
11975, 5955, -1
11975, 13039, -1
11975, 14576, -1
11975, 3685, -1
11975, 18183, -1
11975, 12739, -1
11975, 16022, -1
11975, 1916, -1
11975, 11193, -1
11975, 409, -1
11975, 16913, -1
409, 1390, -1
409, 9517, -1
409, 5955, -1
409, 13039, -1
409, 14576, -1
409, 3685, -1
409, 18183, -1
409, 12739, -1
409, 16022, -1
409, 1916, -1
409, 11193, -1
409, 11975, -1
409, 16913, -1
16913, 1390, -1
16913, 9517, -1
16913, 5955, -1
16913, 13039, -1
16913, 14576, -1
16913, 3685, -1
16913, 18183, -1
16913, 12739, -1
16913, 16022, -1
16913, 1916, -1
16913, 11193, -1
16913, 11975, -1
16913, 409, -1

