15196, 9, -1
15196, 10240, -1
15196, 3685, -1
15196, 12739, -1
9, 15196, -1
9, 10240, -1
9, 3685, -1
9, 12739, -1
10240, 15196, -1
10240, 9, -1
10240, 3685, -1
10240, 12739, -1
3685, 15196, -1
3685, 9, -1
3685, 10240, -1
3685, 12739, -1
12739, 15196, -1
12739, 9, -1
12739, 10240, -1
12739, 3685, -1

15196, 9, -1
15196, 10240, -1
15196, 3685, -1
15196, 12739, -1
15196, 887, -1
9, 15196, -1
9, 10240, -1
9, 3685, -1
9, 12739, -1
9, 887, -1
10240, 15196, -1
10240, 9, -1
10240, 3685, -1
10240, 12739, -1
10240, 887, -1
3685, 15196, -1
3685, 9, -1
3685, 10240, -1
3685, 12739, -1
3685, 887, -1
12739, 15196, -1
12739, 9, -1
12739, 10240, -1
12739, 3685, -1
12739, 887, -1
887, 15196, -1
887, 9, -1
887, 10240, -1
887, 3685, -1
887, 12739, -1

15196, 9, -1
15196, 10240, -1
15196, 3685, -1
15196, 12739, -1
15196, 887, -1
15196, 9759, -1
9, 15196, -1
9, 10240, -1
9, 3685, -1
9, 12739, -1
9, 887, -1
9, 9759, -1
10240, 15196, -1
10240, 9, -1
10240, 3685, -1
10240, 12739, -1
10240, 887, -1
10240, 9759, -1
3685, 15196, -1
3685, 9, -1
3685, 10240, -1
3685, 12739, -1
3685, 887, -1
3685, 9759, -1
12739, 15196, -1
12739, 9, -1
12739, 10240, -1
12739, 3685, -1
12739, 887, -1
12739, 9759, -1
887, 15196, -1
887, 9, -1
887, 10240, -1
887, 3685, -1
887, 12739, -1
887, 9759, -1
9759, 15196, -1
9759, 9, -1
9759, 10240, -1
9759, 3685, -1
9759, 12739, -1
9759, 887, -1

15196, 9, -1
15196, 10240, -1
15196, 3685, -1
15196, 12739, -1
15196, 887, -1
15196, 9759, -1
15196, 433, -1
9, 15196, -1
9, 10240, -1
9, 3685, -1
9, 12739, -1
9, 887, -1
9, 9759, -1
9, 433, -1
10240, 15196, -1
10240, 9, -1
10240, 3685, -1
10240, 12739, -1
10240, 887, -1
10240, 9759, -1
10240, 433, -1
3685, 15196, -1
3685, 9, -1
3685, 10240, -1
3685, 12739, -1
3685, 887, -1
3685, 9759, -1
3685, 433, -1
12739, 15196, -1
12739, 9, -1
12739, 10240, -1
12739, 3685, -1
12739, 887, -1
12739, 9759, -1
12739, 433, -1
887, 15196, -1
887, 9, -1
887, 10240, -1
887, 3685, -1
887, 12739, -1
887, 9759, -1
887, 433, -1
9759, 15196, -1
9759, 9, -1
9759, 10240, -1
9759, 3685, -1
9759, 12739, -1
9759, 887, -1
9759, 433, -1
433, 15196, -1
433, 9, -1
433, 10240, -1
433, 3685, -1
433, 12739, -1
433, 887, -1
433, 9759, -1

9, 9517, 1
9517, 9, 1
12739, 3365, 1
3365, 12739, 1
15196, 9, -1
15196, 9517, -1
15196, 10240, -1
15196, 3685, -1
15196, 12739, -1
15196, 3365, -1
15196, 887, -1
15196, 9759, -1
15196, 433, -1
9, 15196, -1
9517, 15196, -1
9, 10240, -1
9517, 10240, -1
9, 3685, -1
9517, 3685, -1
9, 12739, -1
9, 3365, -1
9517, 12739, -1
9517, 3365, -1
9, 887, -1
9517, 887, -1
9, 9759, -1
9517, 9759, -1
9, 433, -1
9517, 433, -1
10240, 15196, -1
10240, 9, -1
10240, 9517, -1
10240, 3685, -1
10240, 12739, -1
10240, 3365, -1
10240, 887, -1
10240, 9759, -1
10240, 433, -1
3685, 15196, -1
3685, 9, -1
3685, 9517, -1
3685, 10240, -1
3685, 12739, -1
3685, 3365, -1
3685, 887, -1
3685, 9759, -1
3685, 433, -1
12739, 15196, -1
3365, 15196, -1
12739, 9, -1
12739, 9517, -1
3365, 9, -1
3365, 9517, -1
12739, 10240, -1
3365, 10240, -1
12739, 3685, -1
3365, 3685, -1
12739, 887, -1
3365, 887, -1
12739, 9759, -1
3365, 9759, -1
12739, 433, -1
3365, 433, -1
887, 15196, -1
887, 9, -1
887, 9517, -1
887, 10240, -1
887, 3685, -1
887, 12739, -1
887, 3365, -1
887, 9759, -1
887, 433, -1
9759, 15196, -1
9759, 9, -1
9759, 9517, -1
9759, 10240, -1
9759, 3685, -1
9759, 12739, -1
9759, 3365, -1
9759, 887, -1
9759, 433, -1
433, 15196, -1
433, 9, -1
433, 9517, -1
433, 10240, -1
433, 3685, -1
433, 12739, -1
433, 3365, -1
433, 887, -1
433, 9759, -1

15196, 12565, 1
12565, 15196, 1
9, 9517, 1
9517, 9, 1
3685, 4240, 1
4240, 3685, 1
12739, 3365, 1
3365, 12739, 1
15196, 9, -1
15196, 9517, -1
12565, 9, -1
12565, 9517, -1
15196, 10240, -1
12565, 10240, -1
15196, 3685, -1
15196, 4240, -1
12565, 3685, -1
12565, 4240, -1
15196, 12739, -1
15196, 3365, -1
12565, 12739, -1
12565, 3365, -1
15196, 887, -1
12565, 887, -1
15196, 9759, -1
12565, 9759, -1
15196, 433, -1
12565, 433, -1
9, 15196, -1
9, 12565, -1
9517, 15196, -1
9517, 12565, -1
9, 10240, -1
9517, 10240, -1
9, 3685, -1
9, 4240, -1
9517, 3685, -1
9517, 4240, -1
9, 12739, -1
9, 3365, -1
9517, 12739, -1
9517, 3365, -1
9, 887, -1
9517, 887, -1
9, 9759, -1
9517, 9759, -1
9, 433, -1
9517, 433, -1
10240, 15196, -1
10240, 12565, -1
10240, 9, -1
10240, 9517, -1
10240, 3685, -1
10240, 4240, -1
10240, 12739, -1
10240, 3365, -1
10240, 887, -1
10240, 9759, -1
10240, 433, -1
3685, 15196, -1
3685, 12565, -1
4240, 15196, -1
4240, 12565, -1
3685, 9, -1
3685, 9517, -1
4240, 9, -1
4240, 9517, -1
3685, 10240, -1
4240, 10240, -1
3685, 12739, -1
3685, 3365, -1
4240, 12739, -1
4240, 3365, -1
3685, 887, -1
4240, 887, -1
3685, 9759, -1
4240, 9759, -1
3685, 433, -1
4240, 433, -1
12739, 15196, -1
12739, 12565, -1
3365, 15196, -1
3365, 12565, -1
12739, 9, -1
12739, 9517, -1
3365, 9, -1
3365, 9517, -1
12739, 10240, -1
3365, 10240, -1
12739, 3685, -1
12739, 4240, -1
3365, 3685, -1
3365, 4240, -1
12739, 887, -1
3365, 887, -1
12739, 9759, -1
3365, 9759, -1
12739, 433, -1
3365, 433, -1
887, 15196, -1
887, 12565, -1
887, 9, -1
887, 9517, -1
887, 10240, -1
887, 3685, -1
887, 4240, -1
887, 12739, -1
887, 3365, -1
887, 9759, -1
887, 433, -1
9759, 15196, -1
9759, 12565, -1
9759, 9, -1
9759, 9517, -1
9759, 10240, -1
9759, 3685, -1
9759, 4240, -1
9759, 12739, -1
9759, 3365, -1
9759, 887, -1
9759, 433, -1
433, 15196, -1
433, 12565, -1
433, 9, -1
433, 9517, -1
433, 10240, -1
433, 3685, -1
433, 4240, -1
433, 12739, -1
433, 3365, -1
433, 887, -1
433, 9759, -1

15196, 12565, 1
12565, 15196, 1
9, 9517, 1
9, 15632, 1
9517, 9, 1
9517, 15632, 1
15632, 9, 1
15632, 9517, 1
3685, 4240, 1
4240, 3685, 1
12739, 3365, 1
3365, 12739, 1
15196, 9, -1
15196, 9517, -1
15196, 15632, -1
12565, 9, -1
12565, 9517, -1
12565, 15632, -1
15196, 10240, -1
12565, 10240, -1
15196, 3685, -1
15196, 4240, -1
12565, 3685, -1
12565, 4240, -1
15196, 12739, -1
15196, 3365, -1
12565, 12739, -1
12565, 3365, -1
15196, 887, -1
12565, 887, -1
15196, 9759, -1
12565, 9759, -1
15196, 433, -1
12565, 433, -1
15196, 13134, -1
12565, 13134, -1
9, 15196, -1
9, 12565, -1
9517, 15196, -1
9517, 12565, -1
15632, 15196, -1
15632, 12565, -1
9, 10240, -1
9517, 10240, -1
15632, 10240, -1
9, 3685, -1
9, 4240, -1
9517, 3685, -1
9517, 4240, -1
15632, 3685, -1
15632, 4240, -1
9, 12739, -1
9, 3365, -1
9517, 12739, -1
9517, 3365, -1
15632, 12739, -1
15632, 3365, -1
9, 887, -1
9517, 887, -1
15632, 887, -1
9, 9759, -1
9517, 9759, -1
15632, 9759, -1
9, 433, -1
9517, 433, -1
15632, 433, -1
9, 13134, -1
9517, 13134, -1
15632, 13134, -1
10240, 15196, -1
10240, 12565, -1
10240, 9, -1
10240, 9517, -1
10240, 15632, -1
10240, 3685, -1
10240, 4240, -1
10240, 12739, -1
10240, 3365, -1
10240, 887, -1
10240, 9759, -1
10240, 433, -1
10240, 13134, -1
3685, 15196, -1
3685, 12565, -1
4240, 15196, -1
4240, 12565, -1
3685, 9, -1
3685, 9517, -1
3685, 15632, -1
4240, 9, -1
4240, 9517, -1
4240, 15632, -1
3685, 10240, -1
4240, 10240, -1
3685, 12739, -1
3685, 3365, -1
4240, 12739, -1
4240, 3365, -1
3685, 887, -1
4240, 887, -1
3685, 9759, -1
4240, 9759, -1
3685, 433, -1
4240, 433, -1
3685, 13134, -1
4240, 13134, -1
12739, 15196, -1
12739, 12565, -1
3365, 15196, -1
3365, 12565, -1
12739, 9, -1
12739, 9517, -1
12739, 15632, -1
3365, 9, -1
3365, 9517, -1
3365, 15632, -1
12739, 10240, -1
3365, 10240, -1
12739, 3685, -1
12739, 4240, -1
3365, 3685, -1
3365, 4240, -1
12739, 887, -1
3365, 887, -1
12739, 9759, -1
3365, 9759, -1
12739, 433, -1
3365, 433, -1
12739, 13134, -1
3365, 13134, -1
887, 15196, -1
887, 12565, -1
887, 9, -1
887, 9517, -1
887, 15632, -1
887, 10240, -1
887, 3685, -1
887, 4240, -1
887, 12739, -1
887, 3365, -1
887, 9759, -1
887, 433, -1
887, 13134, -1
9759, 15196, -1
9759, 12565, -1
9759, 9, -1
9759, 9517, -1
9759, 15632, -1
9759, 10240, -1
9759, 3685, -1
9759, 4240, -1
9759, 12739, -1
9759, 3365, -1
9759, 887, -1
9759, 433, -1
9759, 13134, -1
433, 15196, -1
433, 12565, -1
433, 9, -1
433, 9517, -1
433, 15632, -1
433, 10240, -1
433, 3685, -1
433, 4240, -1
433, 12739, -1
433, 3365, -1
433, 887, -1
433, 9759, -1
433, 13134, -1
13134, 15196, -1
13134, 12565, -1
13134, 9, -1
13134, 9517, -1
13134, 15632, -1
13134, 10240, -1
13134, 3685, -1
13134, 4240, -1
13134, 12739, -1
13134, 3365, -1
13134, 887, -1
13134, 9759, -1
13134, 433, -1

15196, 12565, 1
12565, 15196, 1
9, 9517, 1
9, 15632, 1
9517, 9, 1
9517, 15632, 1
15632, 9, 1
15632, 9517, 1
3685, 4240, 1
4240, 3685, 1
12739, 3365, 1
3365, 12739, 1
887, 2363, 1
2363, 887, 1
15196, 9, -1
15196, 9517, -1
15196, 15632, -1
12565, 9, -1
12565, 9517, -1
12565, 15632, -1
15196, 10240, -1
12565, 10240, -1
15196, 3685, -1
15196, 4240, -1
12565, 3685, -1
12565, 4240, -1
15196, 12739, -1
15196, 3365, -1
12565, 12739, -1
12565, 3365, -1
15196, 887, -1
15196, 2363, -1
12565, 887, -1
12565, 2363, -1
15196, 9759, -1
12565, 9759, -1
15196, 433, -1
12565, 433, -1
15196, 13134, -1
12565, 13134, -1
9, 15196, -1
9, 12565, -1
9517, 15196, -1
9517, 12565, -1
15632, 15196, -1
15632, 12565, -1
9, 10240, -1
9517, 10240, -1
15632, 10240, -1
9, 3685, -1
9, 4240, -1
9517, 3685, -1
9517, 4240, -1
15632, 3685, -1
15632, 4240, -1
9, 12739, -1
9, 3365, -1
9517, 12739, -1
9517, 3365, -1
15632, 12739, -1
15632, 3365, -1
9, 887, -1
9, 2363, -1
9517, 887, -1
9517, 2363, -1
15632, 887, -1
15632, 2363, -1
9, 9759, -1
9517, 9759, -1
15632, 9759, -1
9, 433, -1
9517, 433, -1
15632, 433, -1
9, 13134, -1
9517, 13134, -1
15632, 13134, -1
10240, 15196, -1
10240, 12565, -1
10240, 9, -1
10240, 9517, -1
10240, 15632, -1
10240, 3685, -1
10240, 4240, -1
10240, 12739, -1
10240, 3365, -1
10240, 887, -1
10240, 2363, -1
10240, 9759, -1
10240, 433, -1
10240, 13134, -1
3685, 15196, -1
3685, 12565, -1
4240, 15196, -1
4240, 12565, -1
3685, 9, -1
3685, 9517, -1
3685, 15632, -1
4240, 9, -1
4240, 9517, -1
4240, 15632, -1
3685, 10240, -1
4240, 10240, -1
3685, 12739, -1
3685, 3365, -1
4240, 12739, -1
4240, 3365, -1
3685, 887, -1
3685, 2363, -1
4240, 887, -1
4240, 2363, -1
3685, 9759, -1
4240, 9759, -1
3685, 433, -1
4240, 433, -1
3685, 13134, -1
4240, 13134, -1
12739, 15196, -1
12739, 12565, -1
3365, 15196, -1
3365, 12565, -1
12739, 9, -1
12739, 9517, -1
12739, 15632, -1
3365, 9, -1
3365, 9517, -1
3365, 15632, -1
12739, 10240, -1
3365, 10240, -1
12739, 3685, -1
12739, 4240, -1
3365, 3685, -1
3365, 4240, -1
12739, 887, -1
12739, 2363, -1
3365, 887, -1
3365, 2363, -1
12739, 9759, -1
3365, 9759, -1
12739, 433, -1
3365, 433, -1
12739, 13134, -1
3365, 13134, -1
887, 15196, -1
887, 12565, -1
2363, 15196, -1
2363, 12565, -1
887, 9, -1
887, 9517, -1
887, 15632, -1
2363, 9, -1
2363, 9517, -1
2363, 15632, -1
887, 10240, -1
2363, 10240, -1
887, 3685, -1
887, 4240, -1
2363, 3685, -1
2363, 4240, -1
887, 12739, -1
887, 3365, -1
2363, 12739, -1
2363, 3365, -1
887, 9759, -1
2363, 9759, -1
887, 433, -1
2363, 433, -1
887, 13134, -1
2363, 13134, -1
9759, 15196, -1
9759, 12565, -1
9759, 9, -1
9759, 9517, -1
9759, 15632, -1
9759, 10240, -1
9759, 3685, -1
9759, 4240, -1
9759, 12739, -1
9759, 3365, -1
9759, 887, -1
9759, 2363, -1
9759, 433, -1
9759, 13134, -1
433, 15196, -1
433, 12565, -1
433, 9, -1
433, 9517, -1
433, 15632, -1
433, 10240, -1
433, 3685, -1
433, 4240, -1
433, 12739, -1
433, 3365, -1
433, 887, -1
433, 2363, -1
433, 9759, -1
433, 13134, -1
13134, 15196, -1
13134, 12565, -1
13134, 9, -1
13134, 9517, -1
13134, 15632, -1
13134, 10240, -1
13134, 3685, -1
13134, 4240, -1
13134, 12739, -1
13134, 3365, -1
13134, 887, -1
13134, 2363, -1
13134, 9759, -1
13134, 433, -1

15196, 12565, 1
12565, 15196, 1
9, 9517, 1
9, 15632, 1
9517, 9, 1
9517, 15632, 1
15632, 9, 1
15632, 9517, 1
3685, 4240, 1
4240, 3685, 1
12739, 3365, 1
3365, 12739, 1
887, 2363, 1
2363, 887, 1
15196, 9, -1
15196, 9517, -1
15196, 15632, -1
12565, 9, -1
12565, 9517, -1
12565, 15632, -1
15196, 10240, -1
12565, 10240, -1
15196, 3685, -1
15196, 4240, -1
12565, 3685, -1
12565, 4240, -1
15196, 12739, -1
15196, 3365, -1
12565, 12739, -1
12565, 3365, -1
15196, 887, -1
15196, 2363, -1
12565, 887, -1
12565, 2363, -1
15196, 9759, -1
12565, 9759, -1
15196, 433, -1
12565, 433, -1
15196, 13134, -1
12565, 13134, -1
15196, 5417, -1
12565, 5417, -1
9, 15196, -1
9, 12565, -1
9517, 15196, -1
9517, 12565, -1
15632, 15196, -1
15632, 12565, -1
9, 10240, -1
9517, 10240, -1
15632, 10240, -1
9, 3685, -1
9, 4240, -1
9517, 3685, -1
9517, 4240, -1
15632, 3685, -1
15632, 4240, -1
9, 12739, -1
9, 3365, -1
9517, 12739, -1
9517, 3365, -1
15632, 12739, -1
15632, 3365, -1
9, 887, -1
9, 2363, -1
9517, 887, -1
9517, 2363, -1
15632, 887, -1
15632, 2363, -1
9, 9759, -1
9517, 9759, -1
15632, 9759, -1
9, 433, -1
9517, 433, -1
15632, 433, -1
9, 13134, -1
9517, 13134, -1
15632, 13134, -1
9, 5417, -1
9517, 5417, -1
15632, 5417, -1
10240, 15196, -1
10240, 12565, -1
10240, 9, -1
10240, 9517, -1
10240, 15632, -1
10240, 3685, -1
10240, 4240, -1
10240, 12739, -1
10240, 3365, -1
10240, 887, -1
10240, 2363, -1
10240, 9759, -1
10240, 433, -1
10240, 13134, -1
10240, 5417, -1
3685, 15196, -1
3685, 12565, -1
4240, 15196, -1
4240, 12565, -1
3685, 9, -1
3685, 9517, -1
3685, 15632, -1
4240, 9, -1
4240, 9517, -1
4240, 15632, -1
3685, 10240, -1
4240, 10240, -1
3685, 12739, -1
3685, 3365, -1
4240, 12739, -1
4240, 3365, -1
3685, 887, -1
3685, 2363, -1
4240, 887, -1
4240, 2363, -1
3685, 9759, -1
4240, 9759, -1
3685, 433, -1
4240, 433, -1
3685, 13134, -1
4240, 13134, -1
3685, 5417, -1
4240, 5417, -1
12739, 15196, -1
12739, 12565, -1
3365, 15196, -1
3365, 12565, -1
12739, 9, -1
12739, 9517, -1
12739, 15632, -1
3365, 9, -1
3365, 9517, -1
3365, 15632, -1
12739, 10240, -1
3365, 10240, -1
12739, 3685, -1
12739, 4240, -1
3365, 3685, -1
3365, 4240, -1
12739, 887, -1
12739, 2363, -1
3365, 887, -1
3365, 2363, -1
12739, 9759, -1
3365, 9759, -1
12739, 433, -1
3365, 433, -1
12739, 13134, -1
3365, 13134, -1
12739, 5417, -1
3365, 5417, -1
887, 15196, -1
887, 12565, -1
2363, 15196, -1
2363, 12565, -1
887, 9, -1
887, 9517, -1
887, 15632, -1
2363, 9, -1
2363, 9517, -1
2363, 15632, -1
887, 10240, -1
2363, 10240, -1
887, 3685, -1
887, 4240, -1
2363, 3685, -1
2363, 4240, -1
887, 12739, -1
887, 3365, -1
2363, 12739, -1
2363, 3365, -1
887, 9759, -1
2363, 9759, -1
887, 433, -1
2363, 433, -1
887, 13134, -1
2363, 13134, -1
887, 5417, -1
2363, 5417, -1
9759, 15196, -1
9759, 12565, -1
9759, 9, -1
9759, 9517, -1
9759, 15632, -1
9759, 10240, -1
9759, 3685, -1
9759, 4240, -1
9759, 12739, -1
9759, 3365, -1
9759, 887, -1
9759, 2363, -1
9759, 433, -1
9759, 13134, -1
9759, 5417, -1
433, 15196, -1
433, 12565, -1
433, 9, -1
433, 9517, -1
433, 15632, -1
433, 10240, -1
433, 3685, -1
433, 4240, -1
433, 12739, -1
433, 3365, -1
433, 887, -1
433, 2363, -1
433, 9759, -1
433, 13134, -1
433, 5417, -1
13134, 15196, -1
13134, 12565, -1
13134, 9, -1
13134, 9517, -1
13134, 15632, -1
13134, 10240, -1
13134, 3685, -1
13134, 4240, -1
13134, 12739, -1
13134, 3365, -1
13134, 887, -1
13134, 2363, -1
13134, 9759, -1
13134, 433, -1
13134, 5417, -1
5417, 15196, -1
5417, 12565, -1
5417, 9, -1
5417, 9517, -1
5417, 15632, -1
5417, 10240, -1
5417, 3685, -1
5417, 4240, -1
5417, 12739, -1
5417, 3365, -1
5417, 887, -1
5417, 2363, -1
5417, 9759, -1
5417, 433, -1
5417, 13134, -1

15196, 12565, 1
12565, 15196, 1
9, 9517, 1
9, 15632, 1
9517, 9, 1
9517, 15632, 1
15632, 9, 1
15632, 9517, 1
3685, 4240, 1
4240, 3685, 1
12739, 3365, 1
3365, 12739, 1
887, 2363, 1
2363, 887, 1
15196, 9, -1
15196, 9517, -1
15196, 15632, -1
12565, 9, -1
12565, 9517, -1
12565, 15632, -1
15196, 10240, -1
12565, 10240, -1
15196, 3685, -1
15196, 4240, -1
12565, 3685, -1
12565, 4240, -1
15196, 12739, -1
15196, 3365, -1
12565, 12739, -1
12565, 3365, -1
15196, 887, -1
15196, 2363, -1
12565, 887, -1
12565, 2363, -1
15196, 9759, -1
12565, 9759, -1
15196, 433, -1
12565, 433, -1
15196, 13134, -1
12565, 13134, -1
15196, 5417, -1
12565, 5417, -1
15196, 12276, -1
12565, 12276, -1
9, 15196, -1
9, 12565, -1
9517, 15196, -1
9517, 12565, -1
15632, 15196, -1
15632, 12565, -1
9, 10240, -1
9517, 10240, -1
15632, 10240, -1
9, 3685, -1
9, 4240, -1
9517, 3685, -1
9517, 4240, -1
15632, 3685, -1
15632, 4240, -1
9, 12739, -1
9, 3365, -1
9517, 12739, -1
9517, 3365, -1
15632, 12739, -1
15632, 3365, -1
9, 887, -1
9, 2363, -1
9517, 887, -1
9517, 2363, -1
15632, 887, -1
15632, 2363, -1
9, 9759, -1
9517, 9759, -1
15632, 9759, -1
9, 433, -1
9517, 433, -1
15632, 433, -1
9, 13134, -1
9517, 13134, -1
15632, 13134, -1
9, 5417, -1
9517, 5417, -1
15632, 5417, -1
9, 12276, -1
9517, 12276, -1
15632, 12276, -1
10240, 15196, -1
10240, 12565, -1
10240, 9, -1
10240, 9517, -1
10240, 15632, -1
10240, 3685, -1
10240, 4240, -1
10240, 12739, -1
10240, 3365, -1
10240, 887, -1
10240, 2363, -1
10240, 9759, -1
10240, 433, -1
10240, 13134, -1
10240, 5417, -1
10240, 12276, -1
3685, 15196, -1
3685, 12565, -1
4240, 15196, -1
4240, 12565, -1
3685, 9, -1
3685, 9517, -1
3685, 15632, -1
4240, 9, -1
4240, 9517, -1
4240, 15632, -1
3685, 10240, -1
4240, 10240, -1
3685, 12739, -1
3685, 3365, -1
4240, 12739, -1
4240, 3365, -1
3685, 887, -1
3685, 2363, -1
4240, 887, -1
4240, 2363, -1
3685, 9759, -1
4240, 9759, -1
3685, 433, -1
4240, 433, -1
3685, 13134, -1
4240, 13134, -1
3685, 5417, -1
4240, 5417, -1
3685, 12276, -1
4240, 12276, -1
12739, 15196, -1
12739, 12565, -1
3365, 15196, -1
3365, 12565, -1
12739, 9, -1
12739, 9517, -1
12739, 15632, -1
3365, 9, -1
3365, 9517, -1
3365, 15632, -1
12739, 10240, -1
3365, 10240, -1
12739, 3685, -1
12739, 4240, -1
3365, 3685, -1
3365, 4240, -1
12739, 887, -1
12739, 2363, -1
3365, 887, -1
3365, 2363, -1
12739, 9759, -1
3365, 9759, -1
12739, 433, -1
3365, 433, -1
12739, 13134, -1
3365, 13134, -1
12739, 5417, -1
3365, 5417, -1
12739, 12276, -1
3365, 12276, -1
887, 15196, -1
887, 12565, -1
2363, 15196, -1
2363, 12565, -1
887, 9, -1
887, 9517, -1
887, 15632, -1
2363, 9, -1
2363, 9517, -1
2363, 15632, -1
887, 10240, -1
2363, 10240, -1
887, 3685, -1
887, 4240, -1
2363, 3685, -1
2363, 4240, -1
887, 12739, -1
887, 3365, -1
2363, 12739, -1
2363, 3365, -1
887, 9759, -1
2363, 9759, -1
887, 433, -1
2363, 433, -1
887, 13134, -1
2363, 13134, -1
887, 5417, -1
2363, 5417, -1
887, 12276, -1
2363, 12276, -1
9759, 15196, -1
9759, 12565, -1
9759, 9, -1
9759, 9517, -1
9759, 15632, -1
9759, 10240, -1
9759, 3685, -1
9759, 4240, -1
9759, 12739, -1
9759, 3365, -1
9759, 887, -1
9759, 2363, -1
9759, 433, -1
9759, 13134, -1
9759, 5417, -1
9759, 12276, -1
433, 15196, -1
433, 12565, -1
433, 9, -1
433, 9517, -1
433, 15632, -1
433, 10240, -1
433, 3685, -1
433, 4240, -1
433, 12739, -1
433, 3365, -1
433, 887, -1
433, 2363, -1
433, 9759, -1
433, 13134, -1
433, 5417, -1
433, 12276, -1
13134, 15196, -1
13134, 12565, -1
13134, 9, -1
13134, 9517, -1
13134, 15632, -1
13134, 10240, -1
13134, 3685, -1
13134, 4240, -1
13134, 12739, -1
13134, 3365, -1
13134, 887, -1
13134, 2363, -1
13134, 9759, -1
13134, 433, -1
13134, 5417, -1
13134, 12276, -1
5417, 15196, -1
5417, 12565, -1
5417, 9, -1
5417, 9517, -1
5417, 15632, -1
5417, 10240, -1
5417, 3685, -1
5417, 4240, -1
5417, 12739, -1
5417, 3365, -1
5417, 887, -1
5417, 2363, -1
5417, 9759, -1
5417, 433, -1
5417, 13134, -1
5417, 12276, -1
12276, 15196, -1
12276, 12565, -1
12276, 9, -1
12276, 9517, -1
12276, 15632, -1
12276, 10240, -1
12276, 3685, -1
12276, 4240, -1
12276, 12739, -1
12276, 3365, -1
12276, 887, -1
12276, 2363, -1
12276, 9759, -1
12276, 433, -1
12276, 13134, -1
12276, 5417, -1

