9517, 19191, 1
19191, 9517, 1
2453, 9517, -1
2453, 19191, -1
2453, 2902, -1
2453, 8183, -1
9517, 2453, -1
19191, 2453, -1
9517, 2902, -1
19191, 2902, -1
9517, 8183, -1
19191, 8183, -1
2902, 2453, -1
2902, 9517, -1
2902, 19191, -1
2902, 8183, -1
8183, 2453, -1
8183, 9517, -1
8183, 19191, -1
8183, 2902, -1

9517, 19191, 1
19191, 9517, 1
2453, 9517, -1
2453, 19191, -1
2453, 2902, -1
2453, 8183, -1
2453, 3685, -1
2453, 3365, -1
9517, 2453, -1
19191, 2453, -1
9517, 2902, -1
19191, 2902, -1
9517, 8183, -1
19191, 8183, -1
9517, 3685, -1
19191, 3685, -1
9517, 3365, -1
19191, 3365, -1
2902, 2453, -1
2902, 9517, -1
2902, 19191, -1
2902, 8183, -1
2902, 3685, -1
2902, 3365, -1
8183, 2453, -1
8183, 9517, -1
8183, 19191, -1
8183, 2902, -1
8183, 3685, -1
8183, 3365, -1
3685, 2453, -1
3685, 9517, -1
3685, 19191, -1
3685, 2902, -1
3685, 8183, -1
3685, 3365, -1
3365, 2453, -1
3365, 9517, -1
3365, 19191, -1
3365, 2902, -1
3365, 8183, -1
3365, 3685, -1

9517, 19191, 1
19191, 9517, 1
2453, 9517, -1
2453, 19191, -1
2453, 2902, -1
2453, 8183, -1
2453, 3685, -1
2453, 3365, -1
2453, 14576, -1
9517, 2453, -1
19191, 2453, -1
9517, 2902, -1
19191, 2902, -1
9517, 8183, -1
19191, 8183, -1
9517, 3685, -1
19191, 3685, -1
9517, 3365, -1
19191, 3365, -1
9517, 14576, -1
19191, 14576, -1
2902, 2453, -1
2902, 9517, -1
2902, 19191, -1
2902, 8183, -1
2902, 3685, -1
2902, 3365, -1
2902, 14576, -1
8183, 2453, -1
8183, 9517, -1
8183, 19191, -1
8183, 2902, -1
8183, 3685, -1
8183, 3365, -1
8183, 14576, -1
3685, 2453, -1
3685, 9517, -1
3685, 19191, -1
3685, 2902, -1
3685, 8183, -1
3685, 3365, -1
3685, 14576, -1
3365, 2453, -1
3365, 9517, -1
3365, 19191, -1
3365, 2902, -1
3365, 8183, -1
3365, 3685, -1
3365, 14576, -1
14576, 2453, -1
14576, 9517, -1
14576, 19191, -1
14576, 2902, -1
14576, 8183, -1
14576, 3685, -1
14576, 3365, -1

9517, 19191, 1
19191, 9517, 1
2453, 9517, -1
2453, 19191, -1
2453, 2902, -1
2453, 8183, -1
2453, 3685, -1
2453, 3365, -1
2453, 14576, -1
2453, 11975, -1
9517, 2453, -1
19191, 2453, -1
9517, 2902, -1
19191, 2902, -1
9517, 8183, -1
19191, 8183, -1
9517, 3685, -1
19191, 3685, -1
9517, 3365, -1
19191, 3365, -1
9517, 14576, -1
19191, 14576, -1
9517, 11975, -1
19191, 11975, -1
2902, 2453, -1
2902, 9517, -1
2902, 19191, -1
2902, 8183, -1
2902, 3685, -1
2902, 3365, -1
2902, 14576, -1
2902, 11975, -1
8183, 2453, -1
8183, 9517, -1
8183, 19191, -1
8183, 2902, -1
8183, 3685, -1
8183, 3365, -1
8183, 14576, -1
8183, 11975, -1
3685, 2453, -1
3685, 9517, -1
3685, 19191, -1
3685, 2902, -1
3685, 8183, -1
3685, 3365, -1
3685, 14576, -1
3685, 11975, -1
3365, 2453, -1
3365, 9517, -1
3365, 19191, -1
3365, 2902, -1
3365, 8183, -1
3365, 3685, -1
3365, 14576, -1
3365, 11975, -1
14576, 2453, -1
14576, 9517, -1
14576, 19191, -1
14576, 2902, -1
14576, 8183, -1
14576, 3685, -1
14576, 3365, -1
14576, 11975, -1
11975, 2453, -1
11975, 9517, -1
11975, 19191, -1
11975, 2902, -1
11975, 8183, -1
11975, 3685, -1
11975, 3365, -1
11975, 14576, -1

9517, 19191, 1
19191, 9517, 1
3365, 12739, 1
12739, 3365, 1
2453, 9517, -1
2453, 19191, -1
2453, 2902, -1
2453, 8183, -1
2453, 3685, -1
2453, 3365, -1
2453, 12739, -1
2453, 14576, -1
2453, 11975, -1
9517, 2453, -1
19191, 2453, -1
9517, 2902, -1
19191, 2902, -1
9517, 8183, -1
19191, 8183, -1
9517, 3685, -1
19191, 3685, -1
9517, 3365, -1
9517, 12739, -1
19191, 3365, -1
19191, 12739, -1
9517, 14576, -1
19191, 14576, -1
9517, 11975, -1
19191, 11975, -1
2902, 2453, -1
2902, 9517, -1
2902, 19191, -1
2902, 8183, -1
2902, 3685, -1
2902, 3365, -1
2902, 12739, -1
2902, 14576, -1
2902, 11975, -1
8183, 2453, -1
8183, 9517, -1
8183, 19191, -1
8183, 2902, -1
8183, 3685, -1
8183, 3365, -1
8183, 12739, -1
8183, 14576, -1
8183, 11975, -1
3685, 2453, -1
3685, 9517, -1
3685, 19191, -1
3685, 2902, -1
3685, 8183, -1
3685, 3365, -1
3685, 12739, -1
3685, 14576, -1
3685, 11975, -1
3365, 2453, -1
12739, 2453, -1
3365, 9517, -1
3365, 19191, -1
12739, 9517, -1
12739, 19191, -1
3365, 2902, -1
12739, 2902, -1
3365, 8183, -1
12739, 8183, -1
3365, 3685, -1
12739, 3685, -1
3365, 14576, -1
12739, 14576, -1
3365, 11975, -1
12739, 11975, -1
14576, 2453, -1
14576, 9517, -1
14576, 19191, -1
14576, 2902, -1
14576, 8183, -1
14576, 3685, -1
14576, 3365, -1
14576, 12739, -1
14576, 11975, -1
11975, 2453, -1
11975, 9517, -1
11975, 19191, -1
11975, 2902, -1
11975, 8183, -1
11975, 3685, -1
11975, 3365, -1
11975, 12739, -1
11975, 14576, -1

9517, 19191, 1
19191, 9517, 1
3365, 12739, 1
12739, 3365, 1
2453, 9517, -1
2453, 19191, -1
2453, 2902, -1
2453, 8183, -1
2453, 3685, -1
2453, 3365, -1
2453, 12739, -1
2453, 14576, -1
2453, 11975, -1
2453, 16945, -1
9517, 2453, -1
19191, 2453, -1
9517, 2902, -1
19191, 2902, -1
9517, 8183, -1
19191, 8183, -1
9517, 3685, -1
19191, 3685, -1
9517, 3365, -1
9517, 12739, -1
19191, 3365, -1
19191, 12739, -1
9517, 14576, -1
19191, 14576, -1
9517, 11975, -1
19191, 11975, -1
9517, 16945, -1
19191, 16945, -1
2902, 2453, -1
2902, 9517, -1
2902, 19191, -1
2902, 8183, -1
2902, 3685, -1
2902, 3365, -1
2902, 12739, -1
2902, 14576, -1
2902, 11975, -1
2902, 16945, -1
8183, 2453, -1
8183, 9517, -1
8183, 19191, -1
8183, 2902, -1
8183, 3685, -1
8183, 3365, -1
8183, 12739, -1
8183, 14576, -1
8183, 11975, -1
8183, 16945, -1
3685, 2453, -1
3685, 9517, -1
3685, 19191, -1
3685, 2902, -1
3685, 8183, -1
3685, 3365, -1
3685, 12739, -1
3685, 14576, -1
3685, 11975, -1
3685, 16945, -1
3365, 2453, -1
12739, 2453, -1
3365, 9517, -1
3365, 19191, -1
12739, 9517, -1
12739, 19191, -1
3365, 2902, -1
12739, 2902, -1
3365, 8183, -1
12739, 8183, -1
3365, 3685, -1
12739, 3685, -1
3365, 14576, -1
12739, 14576, -1
3365, 11975, -1
12739, 11975, -1
3365, 16945, -1
12739, 16945, -1
14576, 2453, -1
14576, 9517, -1
14576, 19191, -1
14576, 2902, -1
14576, 8183, -1
14576, 3685, -1
14576, 3365, -1
14576, 12739, -1
14576, 11975, -1
14576, 16945, -1
11975, 2453, -1
11975, 9517, -1
11975, 19191, -1
11975, 2902, -1
11975, 8183, -1
11975, 3685, -1
11975, 3365, -1
11975, 12739, -1
11975, 14576, -1
11975, 16945, -1
16945, 2453, -1
16945, 9517, -1
16945, 19191, -1
16945, 2902, -1
16945, 8183, -1
16945, 3685, -1
16945, 3365, -1
16945, 12739, -1
16945, 14576, -1
16945, 11975, -1

9517, 19191, 1
19191, 9517, 1
3365, 12739, 1
12739, 3365, 1
2453, 9517, -1
2453, 19191, -1
2453, 2902, -1
2453, 8183, -1
2453, 3685, -1
2453, 3365, -1
2453, 12739, -1
2453, 14576, -1
2453, 11975, -1
2453, 16945, -1
2453, 2441, -1
9517, 2453, -1
19191, 2453, -1
9517, 2902, -1
19191, 2902, -1
9517, 8183, -1
19191, 8183, -1
9517, 3685, -1
19191, 3685, -1
9517, 3365, -1
9517, 12739, -1
19191, 3365, -1
19191, 12739, -1
9517, 14576, -1
19191, 14576, -1
9517, 11975, -1
19191, 11975, -1
9517, 16945, -1
19191, 16945, -1
9517, 2441, -1
19191, 2441, -1
2902, 2453, -1
2902, 9517, -1
2902, 19191, -1
2902, 8183, -1
2902, 3685, -1
2902, 3365, -1
2902, 12739, -1
2902, 14576, -1
2902, 11975, -1
2902, 16945, -1
2902, 2441, -1
8183, 2453, -1
8183, 9517, -1
8183, 19191, -1
8183, 2902, -1
8183, 3685, -1
8183, 3365, -1
8183, 12739, -1
8183, 14576, -1
8183, 11975, -1
8183, 16945, -1
8183, 2441, -1
3685, 2453, -1
3685, 9517, -1
3685, 19191, -1
3685, 2902, -1
3685, 8183, -1
3685, 3365, -1
3685, 12739, -1
3685, 14576, -1
3685, 11975, -1
3685, 16945, -1
3685, 2441, -1
3365, 2453, -1
12739, 2453, -1
3365, 9517, -1
3365, 19191, -1
12739, 9517, -1
12739, 19191, -1
3365, 2902, -1
12739, 2902, -1
3365, 8183, -1
12739, 8183, -1
3365, 3685, -1
12739, 3685, -1
3365, 14576, -1
12739, 14576, -1
3365, 11975, -1
12739, 11975, -1
3365, 16945, -1
12739, 16945, -1
3365, 2441, -1
12739, 2441, -1
14576, 2453, -1
14576, 9517, -1
14576, 19191, -1
14576, 2902, -1
14576, 8183, -1
14576, 3685, -1
14576, 3365, -1
14576, 12739, -1
14576, 11975, -1
14576, 16945, -1
14576, 2441, -1
11975, 2453, -1
11975, 9517, -1
11975, 19191, -1
11975, 2902, -1
11975, 8183, -1
11975, 3685, -1
11975, 3365, -1
11975, 12739, -1
11975, 14576, -1
11975, 16945, -1
11975, 2441, -1
16945, 2453, -1
16945, 9517, -1
16945, 19191, -1
16945, 2902, -1
16945, 8183, -1
16945, 3685, -1
16945, 3365, -1
16945, 12739, -1
16945, 14576, -1
16945, 11975, -1
16945, 2441, -1
2441, 2453, -1
2441, 9517, -1
2441, 19191, -1
2441, 2902, -1
2441, 8183, -1
2441, 3685, -1
2441, 3365, -1
2441, 12739, -1
2441, 14576, -1
2441, 11975, -1
2441, 16945, -1

9517, 19191, 1
19191, 9517, 1
3365, 12739, 1
12739, 3365, 1
2453, 9517, -1
2453, 19191, -1
2453, 2902, -1
2453, 8183, -1
2453, 3685, -1
2453, 3365, -1
2453, 12739, -1
2453, 14576, -1
2453, 11975, -1
2453, 16945, -1
2453, 2441, -1
2453, 8717, -1
9517, 2453, -1
19191, 2453, -1
9517, 2902, -1
19191, 2902, -1
9517, 8183, -1
19191, 8183, -1
9517, 3685, -1
19191, 3685, -1
9517, 3365, -1
9517, 12739, -1
19191, 3365, -1
19191, 12739, -1
9517, 14576, -1
19191, 14576, -1
9517, 11975, -1
19191, 11975, -1
9517, 16945, -1
19191, 16945, -1
9517, 2441, -1
19191, 2441, -1
9517, 8717, -1
19191, 8717, -1
2902, 2453, -1
2902, 9517, -1
2902, 19191, -1
2902, 8183, -1
2902, 3685, -1
2902, 3365, -1
2902, 12739, -1
2902, 14576, -1
2902, 11975, -1
2902, 16945, -1
2902, 2441, -1
2902, 8717, -1
8183, 2453, -1
8183, 9517, -1
8183, 19191, -1
8183, 2902, -1
8183, 3685, -1
8183, 3365, -1
8183, 12739, -1
8183, 14576, -1
8183, 11975, -1
8183, 16945, -1
8183, 2441, -1
8183, 8717, -1
3685, 2453, -1
3685, 9517, -1
3685, 19191, -1
3685, 2902, -1
3685, 8183, -1
3685, 3365, -1
3685, 12739, -1
3685, 14576, -1
3685, 11975, -1
3685, 16945, -1
3685, 2441, -1
3685, 8717, -1
3365, 2453, -1
12739, 2453, -1
3365, 9517, -1
3365, 19191, -1
12739, 9517, -1
12739, 19191, -1
3365, 2902, -1
12739, 2902, -1
3365, 8183, -1
12739, 8183, -1
3365, 3685, -1
12739, 3685, -1
3365, 14576, -1
12739, 14576, -1
3365, 11975, -1
12739, 11975, -1
3365, 16945, -1
12739, 16945, -1
3365, 2441, -1
12739, 2441, -1
3365, 8717, -1
12739, 8717, -1
14576, 2453, -1
14576, 9517, -1
14576, 19191, -1
14576, 2902, -1
14576, 8183, -1
14576, 3685, -1
14576, 3365, -1
14576, 12739, -1
14576, 11975, -1
14576, 16945, -1
14576, 2441, -1
14576, 8717, -1
11975, 2453, -1
11975, 9517, -1
11975, 19191, -1
11975, 2902, -1
11975, 8183, -1
11975, 3685, -1
11975, 3365, -1
11975, 12739, -1
11975, 14576, -1
11975, 16945, -1
11975, 2441, -1
11975, 8717, -1
16945, 2453, -1
16945, 9517, -1
16945, 19191, -1
16945, 2902, -1
16945, 8183, -1
16945, 3685, -1
16945, 3365, -1
16945, 12739, -1
16945, 14576, -1
16945, 11975, -1
16945, 2441, -1
16945, 8717, -1
2441, 2453, -1
2441, 9517, -1
2441, 19191, -1
2441, 2902, -1
2441, 8183, -1
2441, 3685, -1
2441, 3365, -1
2441, 12739, -1
2441, 14576, -1
2441, 11975, -1
2441, 16945, -1
2441, 8717, -1
8717, 2453, -1
8717, 9517, -1
8717, 19191, -1
8717, 2902, -1
8717, 8183, -1
8717, 3685, -1
8717, 3365, -1
8717, 12739, -1
8717, 14576, -1
8717, 11975, -1
8717, 16945, -1
8717, 2441, -1

9517, 19191, 1
19191, 9517, 1
3365, 12739, 1
12739, 3365, 1
2453, 9517, -1
2453, 19191, -1
2453, 2902, -1
2453, 8183, -1
2453, 3685, -1
2453, 3365, -1
2453, 12739, -1
2453, 14576, -1
2453, 11975, -1
2453, 16945, -1
2453, 2441, -1
2453, 8717, -1
9517, 2453, -1
19191, 2453, -1
9517, 2902, -1
19191, 2902, -1
9517, 8183, -1
19191, 8183, -1
9517, 3685, -1
19191, 3685, -1
9517, 3365, -1
9517, 12739, -1
19191, 3365, -1
19191, 12739, -1
9517, 14576, -1
19191, 14576, -1
9517, 11975, -1
19191, 11975, -1
9517, 16945, -1
19191, 16945, -1
9517, 2441, -1
19191, 2441, -1
9517, 8717, -1
19191, 8717, -1
2902, 2453, -1
2902, 9517, -1
2902, 19191, -1
2902, 8183, -1
2902, 3685, -1
2902, 3365, -1
2902, 12739, -1
2902, 14576, -1
2902, 11975, -1
2902, 16945, -1
2902, 2441, -1
2902, 8717, -1
8183, 2453, -1
8183, 9517, -1
8183, 19191, -1
8183, 2902, -1
8183, 3685, -1
8183, 3365, -1
8183, 12739, -1
8183, 14576, -1
8183, 11975, -1
8183, 16945, -1
8183, 2441, -1
8183, 8717, -1
3685, 2453, -1
3685, 9517, -1
3685, 19191, -1
3685, 2902, -1
3685, 8183, -1
3685, 3365, -1
3685, 12739, -1
3685, 14576, -1
3685, 11975, -1
3685, 16945, -1
3685, 2441, -1
3685, 8717, -1
3365, 2453, -1
12739, 2453, -1
3365, 9517, -1
3365, 19191, -1
12739, 9517, -1
12739, 19191, -1
3365, 2902, -1
12739, 2902, -1
3365, 8183, -1
12739, 8183, -1
3365, 3685, -1
12739, 3685, -1
3365, 14576, -1
12739, 14576, -1
3365, 11975, -1
12739, 11975, -1
3365, 16945, -1
12739, 16945, -1
3365, 2441, -1
12739, 2441, -1
3365, 8717, -1
12739, 8717, -1
14576, 2453, -1
14576, 9517, -1
14576, 19191, -1
14576, 2902, -1
14576, 8183, -1
14576, 3685, -1
14576, 3365, -1
14576, 12739, -1
14576, 11975, -1
14576, 16945, -1
14576, 2441, -1
14576, 8717, -1
11975, 2453, -1
11975, 9517, -1
11975, 19191, -1
11975, 2902, -1
11975, 8183, -1
11975, 3685, -1
11975, 3365, -1
11975, 12739, -1
11975, 14576, -1
11975, 16945, -1
11975, 2441, -1
11975, 8717, -1
16945, 2453, -1
16945, 9517, -1
16945, 19191, -1
16945, 2902, -1
16945, 8183, -1
16945, 3685, -1
16945, 3365, -1
16945, 12739, -1
16945, 14576, -1
16945, 11975, -1
16945, 2441, -1
16945, 8717, -1
2441, 2453, -1
2441, 9517, -1
2441, 19191, -1
2441, 2902, -1
2441, 8183, -1
2441, 3685, -1
2441, 3365, -1
2441, 12739, -1
2441, 14576, -1
2441, 11975, -1
2441, 16945, -1
2441, 8717, -1
8717, 2453, -1
8717, 9517, -1
8717, 19191, -1
8717, 2902, -1
8717, 8183, -1
8717, 3685, -1
8717, 3365, -1
8717, 12739, -1
8717, 14576, -1
8717, 11975, -1
8717, 16945, -1
8717, 2441, -1

9517, 19191, 1
19191, 9517, 1
3365, 12739, 1
12739, 3365, 1
2453, 9517, -1
2453, 19191, -1
2453, 2902, -1
2453, 8183, -1
2453, 3685, -1
2453, 3365, -1
2453, 12739, -1
2453, 14576, -1
2453, 11975, -1
2453, 16945, -1
2453, 2441, -1
2453, 8717, -1
9517, 2453, -1
19191, 2453, -1
9517, 2902, -1
19191, 2902, -1
9517, 8183, -1
19191, 8183, -1
9517, 3685, -1
19191, 3685, -1
9517, 3365, -1
9517, 12739, -1
19191, 3365, -1
19191, 12739, -1
9517, 14576, -1
19191, 14576, -1
9517, 11975, -1
19191, 11975, -1
9517, 16945, -1
19191, 16945, -1
9517, 2441, -1
19191, 2441, -1
9517, 8717, -1
19191, 8717, -1
2902, 2453, -1
2902, 9517, -1
2902, 19191, -1
2902, 8183, -1
2902, 3685, -1
2902, 3365, -1
2902, 12739, -1
2902, 14576, -1
2902, 11975, -1
2902, 16945, -1
2902, 2441, -1
2902, 8717, -1
8183, 2453, -1
8183, 9517, -1
8183, 19191, -1
8183, 2902, -1
8183, 3685, -1
8183, 3365, -1
8183, 12739, -1
8183, 14576, -1
8183, 11975, -1
8183, 16945, -1
8183, 2441, -1
8183, 8717, -1
3685, 2453, -1
3685, 9517, -1
3685, 19191, -1
3685, 2902, -1
3685, 8183, -1
3685, 3365, -1
3685, 12739, -1
3685, 14576, -1
3685, 11975, -1
3685, 16945, -1
3685, 2441, -1
3685, 8717, -1
3365, 2453, -1
12739, 2453, -1
3365, 9517, -1
3365, 19191, -1
12739, 9517, -1
12739, 19191, -1
3365, 2902, -1
12739, 2902, -1
3365, 8183, -1
12739, 8183, -1
3365, 3685, -1
12739, 3685, -1
3365, 14576, -1
12739, 14576, -1
3365, 11975, -1
12739, 11975, -1
3365, 16945, -1
12739, 16945, -1
3365, 2441, -1
12739, 2441, -1
3365, 8717, -1
12739, 8717, -1
14576, 2453, -1
14576, 9517, -1
14576, 19191, -1
14576, 2902, -1
14576, 8183, -1
14576, 3685, -1
14576, 3365, -1
14576, 12739, -1
14576, 11975, -1
14576, 16945, -1
14576, 2441, -1
14576, 8717, -1
11975, 2453, -1
11975, 9517, -1
11975, 19191, -1
11975, 2902, -1
11975, 8183, -1
11975, 3685, -1
11975, 3365, -1
11975, 12739, -1
11975, 14576, -1
11975, 16945, -1
11975, 2441, -1
11975, 8717, -1
16945, 2453, -1
16945, 9517, -1
16945, 19191, -1
16945, 2902, -1
16945, 8183, -1
16945, 3685, -1
16945, 3365, -1
16945, 12739, -1
16945, 14576, -1
16945, 11975, -1
16945, 2441, -1
16945, 8717, -1
2441, 2453, -1
2441, 9517, -1
2441, 19191, -1
2441, 2902, -1
2441, 8183, -1
2441, 3685, -1
2441, 3365, -1
2441, 12739, -1
2441, 14576, -1
2441, 11975, -1
2441, 16945, -1
2441, 8717, -1
8717, 2453, -1
8717, 9517, -1
8717, 19191, -1
8717, 2902, -1
8717, 8183, -1
8717, 3685, -1
8717, 3365, -1
8717, 12739, -1
8717, 14576, -1
8717, 11975, -1
8717, 16945, -1
8717, 2441, -1

