15080, 16286, -1
15080, 9517, -1
15080, 14219, -1
15080, 4279, -1
16286, 15080, -1
16286, 9517, -1
16286, 14219, -1
16286, 4279, -1
9517, 15080, -1
9517, 16286, -1
9517, 14219, -1
9517, 4279, -1
14219, 15080, -1
14219, 16286, -1
14219, 9517, -1
14219, 4279, -1
4279, 15080, -1
4279, 16286, -1
4279, 9517, -1
4279, 14219, -1

9517, 9, 1
9, 9517, 1
15080, 16286, -1
15080, 9517, -1
15080, 9, -1
15080, 14219, -1
15080, 4279, -1
15080, 1916, -1
16286, 15080, -1
16286, 9517, -1
16286, 9, -1
16286, 14219, -1
16286, 4279, -1
16286, 1916, -1
9517, 15080, -1
9, 15080, -1
9517, 16286, -1
9, 16286, -1
9517, 14219, -1
9, 14219, -1
9517, 4279, -1
9, 4279, -1
9517, 1916, -1
9, 1916, -1
14219, 15080, -1
14219, 16286, -1
14219, 9517, -1
14219, 9, -1
14219, 4279, -1
14219, 1916, -1
4279, 15080, -1
4279, 16286, -1
4279, 9517, -1
4279, 9, -1
4279, 14219, -1
4279, 1916, -1
1916, 15080, -1
1916, 16286, -1
1916, 9517, -1
1916, 9, -1
1916, 14219, -1
1916, 4279, -1

9517, 9, 1
9, 9517, 1
15080, 16286, -1
15080, 9517, -1
15080, 9, -1
15080, 14219, -1
15080, 4279, -1
15080, 1916, -1
15080, 955, -1
16286, 15080, -1
16286, 9517, -1
16286, 9, -1
16286, 14219, -1
16286, 4279, -1
16286, 1916, -1
16286, 955, -1
9517, 15080, -1
9, 15080, -1
9517, 16286, -1
9, 16286, -1
9517, 14219, -1
9, 14219, -1
9517, 4279, -1
9, 4279, -1
9517, 1916, -1
9, 1916, -1
9517, 955, -1
9, 955, -1
14219, 15080, -1
14219, 16286, -1
14219, 9517, -1
14219, 9, -1
14219, 4279, -1
14219, 1916, -1
14219, 955, -1
4279, 15080, -1
4279, 16286, -1
4279, 9517, -1
4279, 9, -1
4279, 14219, -1
4279, 1916, -1
4279, 955, -1
1916, 15080, -1
1916, 16286, -1
1916, 9517, -1
1916, 9, -1
1916, 14219, -1
1916, 4279, -1
1916, 955, -1
955, 15080, -1
955, 16286, -1
955, 9517, -1
955, 9, -1
955, 14219, -1
955, 4279, -1
955, 1916, -1

9517, 9, 1
9, 9517, 1
15080, 16286, -1
15080, 9517, -1
15080, 9, -1
15080, 14219, -1
15080, 4279, -1
15080, 1916, -1
15080, 955, -1
15080, 18388, -1
16286, 15080, -1
16286, 9517, -1
16286, 9, -1
16286, 14219, -1
16286, 4279, -1
16286, 1916, -1
16286, 955, -1
16286, 18388, -1
9517, 15080, -1
9, 15080, -1
9517, 16286, -1
9, 16286, -1
9517, 14219, -1
9, 14219, -1
9517, 4279, -1
9, 4279, -1
9517, 1916, -1
9, 1916, -1
9517, 955, -1
9, 955, -1
9517, 18388, -1
9, 18388, -1
14219, 15080, -1
14219, 16286, -1
14219, 9517, -1
14219, 9, -1
14219, 4279, -1
14219, 1916, -1
14219, 955, -1
14219, 18388, -1
4279, 15080, -1
4279, 16286, -1
4279, 9517, -1
4279, 9, -1
4279, 14219, -1
4279, 1916, -1
4279, 955, -1
4279, 18388, -1
1916, 15080, -1
1916, 16286, -1
1916, 9517, -1
1916, 9, -1
1916, 14219, -1
1916, 4279, -1
1916, 955, -1
1916, 18388, -1
955, 15080, -1
955, 16286, -1
955, 9517, -1
955, 9, -1
955, 14219, -1
955, 4279, -1
955, 1916, -1
955, 18388, -1
18388, 15080, -1
18388, 16286, -1
18388, 9517, -1
18388, 9, -1
18388, 14219, -1
18388, 4279, -1
18388, 1916, -1
18388, 955, -1

9517, 9, 1
9, 9517, 1
15080, 16286, -1
15080, 9517, -1
15080, 9, -1
15080, 14219, -1
15080, 4279, -1
15080, 1916, -1
15080, 955, -1
15080, 18388, -1
15080, 18597, -1
16286, 15080, -1
16286, 9517, -1
16286, 9, -1
16286, 14219, -1
16286, 4279, -1
16286, 1916, -1
16286, 955, -1
16286, 18388, -1
16286, 18597, -1
9517, 15080, -1
9, 15080, -1
9517, 16286, -1
9, 16286, -1
9517, 14219, -1
9, 14219, -1
9517, 4279, -1
9, 4279, -1
9517, 1916, -1
9, 1916, -1
9517, 955, -1
9, 955, -1
9517, 18388, -1
9, 18388, -1
9517, 18597, -1
9, 18597, -1
14219, 15080, -1
14219, 16286, -1
14219, 9517, -1
14219, 9, -1
14219, 4279, -1
14219, 1916, -1
14219, 955, -1
14219, 18388, -1
14219, 18597, -1
4279, 15080, -1
4279, 16286, -1
4279, 9517, -1
4279, 9, -1
4279, 14219, -1
4279, 1916, -1
4279, 955, -1
4279, 18388, -1
4279, 18597, -1
1916, 15080, -1
1916, 16286, -1
1916, 9517, -1
1916, 9, -1
1916, 14219, -1
1916, 4279, -1
1916, 955, -1
1916, 18388, -1
1916, 18597, -1
955, 15080, -1
955, 16286, -1
955, 9517, -1
955, 9, -1
955, 14219, -1
955, 4279, -1
955, 1916, -1
955, 18388, -1
955, 18597, -1
18388, 15080, -1
18388, 16286, -1
18388, 9517, -1
18388, 9, -1
18388, 14219, -1
18388, 4279, -1
18388, 1916, -1
18388, 955, -1
18388, 18597, -1
18597, 15080, -1
18597, 16286, -1
18597, 9517, -1
18597, 9, -1
18597, 14219, -1
18597, 4279, -1
18597, 1916, -1
18597, 955, -1
18597, 18388, -1

9517, 9, 1
9, 9517, 1
15080, 16286, -1
15080, 9517, -1
15080, 9, -1
15080, 14219, -1
15080, 4279, -1
15080, 1916, -1
15080, 955, -1
15080, 18388, -1
15080, 18597, -1
15080, 12739, -1
16286, 15080, -1
16286, 9517, -1
16286, 9, -1
16286, 14219, -1
16286, 4279, -1
16286, 1916, -1
16286, 955, -1
16286, 18388, -1
16286, 18597, -1
16286, 12739, -1
9517, 15080, -1
9, 15080, -1
9517, 16286, -1
9, 16286, -1
9517, 14219, -1
9, 14219, -1
9517, 4279, -1
9, 4279, -1
9517, 1916, -1
9, 1916, -1
9517, 955, -1
9, 955, -1
9517, 18388, -1
9, 18388, -1
9517, 18597, -1
9, 18597, -1
9517, 12739, -1
9, 12739, -1
14219, 15080, -1
14219, 16286, -1
14219, 9517, -1
14219, 9, -1
14219, 4279, -1
14219, 1916, -1
14219, 955, -1
14219, 18388, -1
14219, 18597, -1
14219, 12739, -1
4279, 15080, -1
4279, 16286, -1
4279, 9517, -1
4279, 9, -1
4279, 14219, -1
4279, 1916, -1
4279, 955, -1
4279, 18388, -1
4279, 18597, -1
4279, 12739, -1
1916, 15080, -1
1916, 16286, -1
1916, 9517, -1
1916, 9, -1
1916, 14219, -1
1916, 4279, -1
1916, 955, -1
1916, 18388, -1
1916, 18597, -1
1916, 12739, -1
955, 15080, -1
955, 16286, -1
955, 9517, -1
955, 9, -1
955, 14219, -1
955, 4279, -1
955, 1916, -1
955, 18388, -1
955, 18597, -1
955, 12739, -1
18388, 15080, -1
18388, 16286, -1
18388, 9517, -1
18388, 9, -1
18388, 14219, -1
18388, 4279, -1
18388, 1916, -1
18388, 955, -1
18388, 18597, -1
18388, 12739, -1
18597, 15080, -1
18597, 16286, -1
18597, 9517, -1
18597, 9, -1
18597, 14219, -1
18597, 4279, -1
18597, 1916, -1
18597, 955, -1
18597, 18388, -1
18597, 12739, -1
12739, 15080, -1
12739, 16286, -1
12739, 9517, -1
12739, 9, -1
12739, 14219, -1
12739, 4279, -1
12739, 1916, -1
12739, 955, -1
12739, 18388, -1
12739, 18597, -1

16286, 19270, 1
19270, 16286, 1
9517, 9, 1
9517, 9497, 1
9, 9517, 1
9, 9497, 1
9497, 9517, 1
9497, 9, 1
15080, 16286, -1
15080, 19270, -1
15080, 9517, -1
15080, 9, -1
15080, 9497, -1
15080, 14219, -1
15080, 4279, -1
15080, 1916, -1
15080, 955, -1
15080, 18388, -1
15080, 18597, -1
15080, 12739, -1
16286, 15080, -1
19270, 15080, -1
16286, 9517, -1
16286, 9, -1
16286, 9497, -1
19270, 9517, -1
19270, 9, -1
19270, 9497, -1
16286, 14219, -1
19270, 14219, -1
16286, 4279, -1
19270, 4279, -1
16286, 1916, -1
19270, 1916, -1
16286, 955, -1
19270, 955, -1
16286, 18388, -1
19270, 18388, -1
16286, 18597, -1
19270, 18597, -1
16286, 12739, -1
19270, 12739, -1
9517, 15080, -1
9, 15080, -1
9497, 15080, -1
9517, 16286, -1
9517, 19270, -1
9, 16286, -1
9, 19270, -1
9497, 16286, -1
9497, 19270, -1
9517, 14219, -1
9, 14219, -1
9497, 14219, -1
9517, 4279, -1
9, 4279, -1
9497, 4279, -1
9517, 1916, -1
9, 1916, -1
9497, 1916, -1
9517, 955, -1
9, 955, -1
9497, 955, -1
9517, 18388, -1
9, 18388, -1
9497, 18388, -1
9517, 18597, -1
9, 18597, -1
9497, 18597, -1
9517, 12739, -1
9, 12739, -1
9497, 12739, -1
14219, 15080, -1
14219, 16286, -1
14219, 19270, -1
14219, 9517, -1
14219, 9, -1
14219, 9497, -1
14219, 4279, -1
14219, 1916, -1
14219, 955, -1
14219, 18388, -1
14219, 18597, -1
14219, 12739, -1
4279, 15080, -1
4279, 16286, -1
4279, 19270, -1
4279, 9517, -1
4279, 9, -1
4279, 9497, -1
4279, 14219, -1
4279, 1916, -1
4279, 955, -1
4279, 18388, -1
4279, 18597, -1
4279, 12739, -1
1916, 15080, -1
1916, 16286, -1
1916, 19270, -1
1916, 9517, -1
1916, 9, -1
1916, 9497, -1
1916, 14219, -1
1916, 4279, -1
1916, 955, -1
1916, 18388, -1
1916, 18597, -1
1916, 12739, -1
955, 15080, -1
955, 16286, -1
955, 19270, -1
955, 9517, -1
955, 9, -1
955, 9497, -1
955, 14219, -1
955, 4279, -1
955, 1916, -1
955, 18388, -1
955, 18597, -1
955, 12739, -1
18388, 15080, -1
18388, 16286, -1
18388, 19270, -1
18388, 9517, -1
18388, 9, -1
18388, 9497, -1
18388, 14219, -1
18388, 4279, -1
18388, 1916, -1
18388, 955, -1
18388, 18597, -1
18388, 12739, -1
18597, 15080, -1
18597, 16286, -1
18597, 19270, -1
18597, 9517, -1
18597, 9, -1
18597, 9497, -1
18597, 14219, -1
18597, 4279, -1
18597, 1916, -1
18597, 955, -1
18597, 18388, -1
18597, 12739, -1
12739, 15080, -1
12739, 16286, -1
12739, 19270, -1
12739, 9517, -1
12739, 9, -1
12739, 9497, -1
12739, 14219, -1
12739, 4279, -1
12739, 1916, -1
12739, 955, -1
12739, 18388, -1
12739, 18597, -1

16286, 19270, 1
19270, 16286, 1
9517, 9, 1
9517, 9497, 1
9, 9517, 1
9, 9497, 1
9497, 9517, 1
9497, 9, 1
18388, 19475, 1
19475, 18388, 1
15080, 16286, -1
15080, 19270, -1
15080, 9517, -1
15080, 9, -1
15080, 9497, -1
15080, 14219, -1
15080, 4279, -1
15080, 1916, -1
15080, 955, -1
15080, 18388, -1
15080, 19475, -1
15080, 18597, -1
15080, 12739, -1
16286, 15080, -1
19270, 15080, -1
16286, 9517, -1
16286, 9, -1
16286, 9497, -1
19270, 9517, -1
19270, 9, -1
19270, 9497, -1
16286, 14219, -1
19270, 14219, -1
16286, 4279, -1
19270, 4279, -1
16286, 1916, -1
19270, 1916, -1
16286, 955, -1
19270, 955, -1
16286, 18388, -1
16286, 19475, -1
19270, 18388, -1
19270, 19475, -1
16286, 18597, -1
19270, 18597, -1
16286, 12739, -1
19270, 12739, -1
9517, 15080, -1
9, 15080, -1
9497, 15080, -1
9517, 16286, -1
9517, 19270, -1
9, 16286, -1
9, 19270, -1
9497, 16286, -1
9497, 19270, -1
9517, 14219, -1
9, 14219, -1
9497, 14219, -1
9517, 4279, -1
9, 4279, -1
9497, 4279, -1
9517, 1916, -1
9, 1916, -1
9497, 1916, -1
9517, 955, -1
9, 955, -1
9497, 955, -1
9517, 18388, -1
9517, 19475, -1
9, 18388, -1
9, 19475, -1
9497, 18388, -1
9497, 19475, -1
9517, 18597, -1
9, 18597, -1
9497, 18597, -1
9517, 12739, -1
9, 12739, -1
9497, 12739, -1
14219, 15080, -1
14219, 16286, -1
14219, 19270, -1
14219, 9517, -1
14219, 9, -1
14219, 9497, -1
14219, 4279, -1
14219, 1916, -1
14219, 955, -1
14219, 18388, -1
14219, 19475, -1
14219, 18597, -1
14219, 12739, -1
4279, 15080, -1
4279, 16286, -1
4279, 19270, -1
4279, 9517, -1
4279, 9, -1
4279, 9497, -1
4279, 14219, -1
4279, 1916, -1
4279, 955, -1
4279, 18388, -1
4279, 19475, -1
4279, 18597, -1
4279, 12739, -1
1916, 15080, -1
1916, 16286, -1
1916, 19270, -1
1916, 9517, -1
1916, 9, -1
1916, 9497, -1
1916, 14219, -1
1916, 4279, -1
1916, 955, -1
1916, 18388, -1
1916, 19475, -1
1916, 18597, -1
1916, 12739, -1
955, 15080, -1
955, 16286, -1
955, 19270, -1
955, 9517, -1
955, 9, -1
955, 9497, -1
955, 14219, -1
955, 4279, -1
955, 1916, -1
955, 18388, -1
955, 19475, -1
955, 18597, -1
955, 12739, -1
18388, 15080, -1
19475, 15080, -1
18388, 16286, -1
18388, 19270, -1
19475, 16286, -1
19475, 19270, -1
18388, 9517, -1
18388, 9, -1
18388, 9497, -1
19475, 9517, -1
19475, 9, -1
19475, 9497, -1
18388, 14219, -1
19475, 14219, -1
18388, 4279, -1
19475, 4279, -1
18388, 1916, -1
19475, 1916, -1
18388, 955, -1
19475, 955, -1
18388, 18597, -1
19475, 18597, -1
18388, 12739, -1
19475, 12739, -1
18597, 15080, -1
18597, 16286, -1
18597, 19270, -1
18597, 9517, -1
18597, 9, -1
18597, 9497, -1
18597, 14219, -1
18597, 4279, -1
18597, 1916, -1
18597, 955, -1
18597, 18388, -1
18597, 19475, -1
18597, 12739, -1
12739, 15080, -1
12739, 16286, -1
12739, 19270, -1
12739, 9517, -1
12739, 9, -1
12739, 9497, -1
12739, 14219, -1
12739, 4279, -1
12739, 1916, -1
12739, 955, -1
12739, 18388, -1
12739, 19475, -1
12739, 18597, -1

16286, 19270, 1
19270, 16286, 1
9517, 9, 1
9517, 9497, 1
9, 9517, 1
9, 9497, 1
9497, 9517, 1
9497, 9, 1
18388, 19475, 1
19475, 18388, 1
15080, 16286, -1
15080, 19270, -1
15080, 9517, -1
15080, 9, -1
15080, 9497, -1
15080, 14219, -1
15080, 4279, -1
15080, 1916, -1
15080, 955, -1
15080, 18388, -1
15080, 19475, -1
15080, 18597, -1
15080, 12739, -1
15080, 12565, -1
16286, 15080, -1
19270, 15080, -1
16286, 9517, -1
16286, 9, -1
16286, 9497, -1
19270, 9517, -1
19270, 9, -1
19270, 9497, -1
16286, 14219, -1
19270, 14219, -1
16286, 4279, -1
19270, 4279, -1
16286, 1916, -1
19270, 1916, -1
16286, 955, -1
19270, 955, -1
16286, 18388, -1
16286, 19475, -1
19270, 18388, -1
19270, 19475, -1
16286, 18597, -1
19270, 18597, -1
16286, 12739, -1
19270, 12739, -1
16286, 12565, -1
19270, 12565, -1
9517, 15080, -1
9, 15080, -1
9497, 15080, -1
9517, 16286, -1
9517, 19270, -1
9, 16286, -1
9, 19270, -1
9497, 16286, -1
9497, 19270, -1
9517, 14219, -1
9, 14219, -1
9497, 14219, -1
9517, 4279, -1
9, 4279, -1
9497, 4279, -1
9517, 1916, -1
9, 1916, -1
9497, 1916, -1
9517, 955, -1
9, 955, -1
9497, 955, -1
9517, 18388, -1
9517, 19475, -1
9, 18388, -1
9, 19475, -1
9497, 18388, -1
9497, 19475, -1
9517, 18597, -1
9, 18597, -1
9497, 18597, -1
9517, 12739, -1
9, 12739, -1
9497, 12739, -1
9517, 12565, -1
9, 12565, -1
9497, 12565, -1
14219, 15080, -1
14219, 16286, -1
14219, 19270, -1
14219, 9517, -1
14219, 9, -1
14219, 9497, -1
14219, 4279, -1
14219, 1916, -1
14219, 955, -1
14219, 18388, -1
14219, 19475, -1
14219, 18597, -1
14219, 12739, -1
14219, 12565, -1
4279, 15080, -1
4279, 16286, -1
4279, 19270, -1
4279, 9517, -1
4279, 9, -1
4279, 9497, -1
4279, 14219, -1
4279, 1916, -1
4279, 955, -1
4279, 18388, -1
4279, 19475, -1
4279, 18597, -1
4279, 12739, -1
4279, 12565, -1
1916, 15080, -1
1916, 16286, -1
1916, 19270, -1
1916, 9517, -1
1916, 9, -1
1916, 9497, -1
1916, 14219, -1
1916, 4279, -1
1916, 955, -1
1916, 18388, -1
1916, 19475, -1
1916, 18597, -1
1916, 12739, -1
1916, 12565, -1
955, 15080, -1
955, 16286, -1
955, 19270, -1
955, 9517, -1
955, 9, -1
955, 9497, -1
955, 14219, -1
955, 4279, -1
955, 1916, -1
955, 18388, -1
955, 19475, -1
955, 18597, -1
955, 12739, -1
955, 12565, -1
18388, 15080, -1
19475, 15080, -1
18388, 16286, -1
18388, 19270, -1
19475, 16286, -1
19475, 19270, -1
18388, 9517, -1
18388, 9, -1
18388, 9497, -1
19475, 9517, -1
19475, 9, -1
19475, 9497, -1
18388, 14219, -1
19475, 14219, -1
18388, 4279, -1
19475, 4279, -1
18388, 1916, -1
19475, 1916, -1
18388, 955, -1
19475, 955, -1
18388, 18597, -1
19475, 18597, -1
18388, 12739, -1
19475, 12739, -1
18388, 12565, -1
19475, 12565, -1
18597, 15080, -1
18597, 16286, -1
18597, 19270, -1
18597, 9517, -1
18597, 9, -1
18597, 9497, -1
18597, 14219, -1
18597, 4279, -1
18597, 1916, -1
18597, 955, -1
18597, 18388, -1
18597, 19475, -1
18597, 12739, -1
18597, 12565, -1
12739, 15080, -1
12739, 16286, -1
12739, 19270, -1
12739, 9517, -1
12739, 9, -1
12739, 9497, -1
12739, 14219, -1
12739, 4279, -1
12739, 1916, -1
12739, 955, -1
12739, 18388, -1
12739, 19475, -1
12739, 18597, -1
12739, 12565, -1
12565, 15080, -1
12565, 16286, -1
12565, 19270, -1
12565, 9517, -1
12565, 9, -1
12565, 9497, -1
12565, 14219, -1
12565, 4279, -1
12565, 1916, -1
12565, 955, -1
12565, 18388, -1
12565, 19475, -1
12565, 18597, -1
12565, 12739, -1

16286, 19270, 1
19270, 16286, 1
9517, 9, 1
9517, 9497, 1
9, 9517, 1
9, 9497, 1
9497, 9517, 1
9497, 9, 1
18388, 19475, 1
19475, 18388, 1
15080, 16286, -1
15080, 19270, -1
15080, 9517, -1
15080, 9, -1
15080, 9497, -1
15080, 14219, -1
15080, 4279, -1
15080, 1916, -1
15080, 955, -1
15080, 18388, -1
15080, 19475, -1
15080, 18597, -1
15080, 12739, -1
15080, 12565, -1
16286, 15080, -1
19270, 15080, -1
16286, 9517, -1
16286, 9, -1
16286, 9497, -1
19270, 9517, -1
19270, 9, -1
19270, 9497, -1
16286, 14219, -1
19270, 14219, -1
16286, 4279, -1
19270, 4279, -1
16286, 1916, -1
19270, 1916, -1
16286, 955, -1
19270, 955, -1
16286, 18388, -1
16286, 19475, -1
19270, 18388, -1
19270, 19475, -1
16286, 18597, -1
19270, 18597, -1
16286, 12739, -1
19270, 12739, -1
16286, 12565, -1
19270, 12565, -1
9517, 15080, -1
9, 15080, -1
9497, 15080, -1
9517, 16286, -1
9517, 19270, -1
9, 16286, -1
9, 19270, -1
9497, 16286, -1
9497, 19270, -1
9517, 14219, -1
9, 14219, -1
9497, 14219, -1
9517, 4279, -1
9, 4279, -1
9497, 4279, -1
9517, 1916, -1
9, 1916, -1
9497, 1916, -1
9517, 955, -1
9, 955, -1
9497, 955, -1
9517, 18388, -1
9517, 19475, -1
9, 18388, -1
9, 19475, -1
9497, 18388, -1
9497, 19475, -1
9517, 18597, -1
9, 18597, -1
9497, 18597, -1
9517, 12739, -1
9, 12739, -1
9497, 12739, -1
9517, 12565, -1
9, 12565, -1
9497, 12565, -1
14219, 15080, -1
14219, 16286, -1
14219, 19270, -1
14219, 9517, -1
14219, 9, -1
14219, 9497, -1
14219, 4279, -1
14219, 1916, -1
14219, 955, -1
14219, 18388, -1
14219, 19475, -1
14219, 18597, -1
14219, 12739, -1
14219, 12565, -1
4279, 15080, -1
4279, 16286, -1
4279, 19270, -1
4279, 9517, -1
4279, 9, -1
4279, 9497, -1
4279, 14219, -1
4279, 1916, -1
4279, 955, -1
4279, 18388, -1
4279, 19475, -1
4279, 18597, -1
4279, 12739, -1
4279, 12565, -1
1916, 15080, -1
1916, 16286, -1
1916, 19270, -1
1916, 9517, -1
1916, 9, -1
1916, 9497, -1
1916, 14219, -1
1916, 4279, -1
1916, 955, -1
1916, 18388, -1
1916, 19475, -1
1916, 18597, -1
1916, 12739, -1
1916, 12565, -1
955, 15080, -1
955, 16286, -1
955, 19270, -1
955, 9517, -1
955, 9, -1
955, 9497, -1
955, 14219, -1
955, 4279, -1
955, 1916, -1
955, 18388, -1
955, 19475, -1
955, 18597, -1
955, 12739, -1
955, 12565, -1
18388, 15080, -1
19475, 15080, -1
18388, 16286, -1
18388, 19270, -1
19475, 16286, -1
19475, 19270, -1
18388, 9517, -1
18388, 9, -1
18388, 9497, -1
19475, 9517, -1
19475, 9, -1
19475, 9497, -1
18388, 14219, -1
19475, 14219, -1
18388, 4279, -1
19475, 4279, -1
18388, 1916, -1
19475, 1916, -1
18388, 955, -1
19475, 955, -1
18388, 18597, -1
19475, 18597, -1
18388, 12739, -1
19475, 12739, -1
18388, 12565, -1
19475, 12565, -1
18597, 15080, -1
18597, 16286, -1
18597, 19270, -1
18597, 9517, -1
18597, 9, -1
18597, 9497, -1
18597, 14219, -1
18597, 4279, -1
18597, 1916, -1
18597, 955, -1
18597, 18388, -1
18597, 19475, -1
18597, 12739, -1
18597, 12565, -1
12739, 15080, -1
12739, 16286, -1
12739, 19270, -1
12739, 9517, -1
12739, 9, -1
12739, 9497, -1
12739, 14219, -1
12739, 4279, -1
12739, 1916, -1
12739, 955, -1
12739, 18388, -1
12739, 19475, -1
12739, 18597, -1
12739, 12565, -1
12565, 15080, -1
12565, 16286, -1
12565, 19270, -1
12565, 9517, -1
12565, 9, -1
12565, 9497, -1
12565, 14219, -1
12565, 4279, -1
12565, 1916, -1
12565, 955, -1
12565, 18388, -1
12565, 19475, -1
12565, 18597, -1
12565, 12739, -1

