176, 126, 1
33, 126, 1
33, 176, 1
137, 348, 1
286, 348, 1
286, 137, 1
123, 348, 1
123, 137, 1
123, 286, 1
323, 348, 1
323, 137, 1
323, 286, 1
323, 123, 1
18, 348, 1
18, 137, 1
18, 286, 1
18, 123, 1
18, 323, 1
126, 348, -1
176, 348, -1
33, 348, -1
137, 126, -1
137, 176, -1
137, 33, -1
286, 126, -1
286, 176, -1
286, 33, -1
123, 126, -1
123, 176, -1
123, 33, -1
323, 126, -1
323, 176, -1
323, 33, -1
18, 126, -1
18, 176, -1
18, 33, -1

51, 126, 1
51, 176, 1
51, 33, 1
4, 348, 1
4, 137, 1
4, 286, 1
4, 123, 1
4, 323, 1
4, 18, 1
4, 347, 1
350, 348, 1
350, 137, 1
350, 286, 1
350, 123, 1
350, 323, 1
350, 18, 1
350, 347, 1
350, 4, 1
115, 348, 1
115, 137, 1
115, 286, 1
115, 123, 1
115, 323, 1
115, 18, 1
115, 347, 1
115, 4, 1
115, 350, 1
92, 348, 1
92, 137, 1
92, 286, 1
92, 123, 1
92, 323, 1
92, 18, 1
92, 347, 1
92, 4, 1
92, 350, 1
92, 115, 1
51, 348, -1
51, 137, -1
51, 286, -1
51, 123, -1
51, 323, -1
51, 18, -1
51, 347, -1
4, 126, -1
4, 176, -1
4, 33, -1
4, 51, -1
350, 126, -1
350, 176, -1
350, 33, -1
350, 51, -1
115, 126, -1
115, 176, -1
115, 33, -1
115, 51, -1
92, 126, -1
92, 176, -1
92, 33, -1
92, 51, -1

134, 126, 1
134, 176, 1
134, 33, 1
134, 51, 1
134, 91, 1
91, 126, 1
91, 176, 1
91, 33, 1
91, 51, 1
91, 91, 1
91, 134, 1
340, 348, 1
340, 137, 1
340, 286, 1
340, 123, 1
340, 323, 1
340, 18, 1
340, 347, 1
340, 4, 1
340, 350, 1
340, 115, 1
340, 92, 1
340, 329, 1
160, 126, 1
160, 176, 1
160, 33, 1
160, 51, 1
160, 91, 1
160, 134, 1
160, 91, 1
209, 348, 1
209, 137, 1
209, 286, 1
209, 123, 1
209, 323, 1
209, 18, 1
209, 347, 1
209, 4, 1
209, 350, 1
209, 115, 1
209, 92, 1
209, 329, 1
209, 340, 1
177, 348, 1
177, 137, 1
177, 286, 1
177, 123, 1
177, 323, 1
177, 18, 1
177, 347, 1
177, 4, 1
177, 350, 1
177, 115, 1
177, 92, 1
177, 329, 1
177, 340, 1
177, 209, 1
134, 348, -1
134, 137, -1
134, 286, -1
134, 123, -1
134, 323, -1
134, 18, -1
134, 347, -1
134, 4, -1
134, 350, -1
134, 115, -1
134, 92, -1
134, 329, -1
91, 348, -1
91, 137, -1
91, 286, -1
91, 123, -1
91, 323, -1
91, 18, -1
91, 347, -1
91, 4, -1
91, 350, -1
91, 115, -1
91, 92, -1
91, 329, -1
340, 126, -1
340, 176, -1
340, 33, -1
340, 51, -1
340, 91, -1
340, 134, -1
340, 91, -1
160, 348, -1
160, 137, -1
160, 286, -1
160, 123, -1
160, 323, -1
160, 18, -1
160, 347, -1
160, 4, -1
160, 350, -1
160, 115, -1
160, 92, -1
160, 329, -1
160, 340, -1
209, 126, -1
209, 176, -1
209, 33, -1
209, 51, -1
209, 91, -1
209, 134, -1
209, 91, -1
209, 160, -1
177, 126, -1
177, 176, -1
177, 33, -1
177, 51, -1
177, 91, -1
177, 134, -1
177, 91, -1
177, 160, -1

222, 126, 1
222, 176, 1
222, 33, 1
222, 51, 1
222, 91, 1
222, 134, 1
222, 91, 1
222, 160, 1
222, 156, 1
132, 126, 1
132, 176, 1
132, 33, 1
132, 51, 1
132, 91, 1
132, 134, 1
132, 91, 1
132, 160, 1
132, 156, 1
132, 222, 1
199, 348, 1
199, 137, 1
199, 286, 1
199, 123, 1
199, 323, 1
199, 18, 1
199, 347, 1
199, 4, 1
199, 350, 1
199, 115, 1
199, 92, 1
199, 329, 1
199, 340, 1
199, 209, 1
199, 177, 1
199, 231, 1
104, 126, 1
104, 176, 1
104, 33, 1
104, 51, 1
104, 91, 1
104, 134, 1
104, 91, 1
104, 160, 1
104, 156, 1
104, 222, 1
104, 132, 1
158, 126, 1
158, 176, 1
158, 33, 1
158, 51, 1
158, 91, 1
158, 134, 1
158, 91, 1
158, 160, 1
158, 156, 1
158, 222, 1
158, 132, 1
158, 104, 1
93, 126, 1
93, 176, 1
93, 33, 1
93, 51, 1
93, 91, 1
93, 134, 1
93, 91, 1
93, 160, 1
93, 156, 1
93, 222, 1
93, 132, 1
93, 104, 1
93, 158, 1
222, 348, -1
222, 137, -1
222, 286, -1
222, 123, -1
222, 323, -1
222, 18, -1
222, 347, -1
222, 4, -1
222, 350, -1
222, 115, -1
222, 92, -1
222, 329, -1
222, 340, -1
222, 209, -1
222, 177, -1
222, 231, -1
132, 348, -1
132, 137, -1
132, 286, -1
132, 123, -1
132, 323, -1
132, 18, -1
132, 347, -1
132, 4, -1
132, 350, -1
132, 115, -1
132, 92, -1
132, 329, -1
132, 340, -1
132, 209, -1
132, 177, -1
132, 231, -1
199, 126, -1
199, 176, -1
199, 33, -1
199, 51, -1
199, 91, -1
199, 134, -1
199, 91, -1
199, 160, -1
199, 156, -1
199, 222, -1
199, 132, -1
104, 348, -1
104, 137, -1
104, 286, -1
104, 123, -1
104, 323, -1
104, 18, -1
104, 347, -1
104, 4, -1
104, 350, -1
104, 115, -1
104, 92, -1
104, 329, -1
104, 340, -1
104, 209, -1
104, 177, -1
104, 231, -1
104, 199, -1
158, 348, -1
158, 137, -1
158, 286, -1
158, 123, -1
158, 323, -1
158, 18, -1
158, 347, -1
158, 4, -1
158, 350, -1
158, 115, -1
158, 92, -1
158, 329, -1
158, 340, -1
158, 209, -1
158, 177, -1
158, 231, -1
158, 199, -1
93, 348, -1
93, 137, -1
93, 286, -1
93, 123, -1
93, 323, -1
93, 18, -1
93, 347, -1
93, 4, -1
93, 350, -1
93, 115, -1
93, 92, -1
93, 329, -1
93, 340, -1
93, 209, -1
93, 177, -1
93, 231, -1
93, 199, -1

35, 126, 1
35, 176, 1
35, 33, 1
35, 51, 1
35, 91, 1
35, 134, 1
35, 91, 1
35, 160, 1
35, 156, 1
35, 222, 1
35, 132, 1
35, 104, 1
35, 158, 1
35, 93, 1
35, 152, 1
328, 348, 1
328, 137, 1
328, 286, 1
328, 123, 1
328, 323, 1
328, 18, 1
328, 347, 1
328, 4, 1
328, 350, 1
328, 115, 1
328, 92, 1
328, 329, 1
328, 340, 1
328, 209, 1
328, 177, 1
328, 231, 1
328, 199, 1
328, 341, 1
174, 126, 1
174, 176, 1
174, 33, 1
174, 51, 1
174, 91, 1
174, 134, 1
174, 91, 1
174, 160, 1
174, 156, 1
174, 222, 1
174, 132, 1
174, 104, 1
174, 158, 1
174, 93, 1
174, 152, 1
174, 35, 1
142, 126, 1
142, 176, 1
142, 33, 1
142, 51, 1
142, 91, 1
142, 134, 1
142, 91, 1
142, 160, 1
142, 156, 1
142, 222, 1
142, 132, 1
142, 104, 1
142, 158, 1
142, 93, 1
142, 152, 1
142, 35, 1
142, 174, 1
244, 126, 1
244, 176, 1
244, 33, 1
244, 51, 1
244, 91, 1
244, 134, 1
244, 91, 1
244, 160, 1
244, 156, 1
244, 222, 1
244, 132, 1
244, 104, 1
244, 158, 1
244, 93, 1
244, 152, 1
244, 35, 1
244, 174, 1
244, 142, 1
234, 126, 1
234, 176, 1
234, 33, 1
234, 51, 1
234, 91, 1
234, 134, 1
234, 91, 1
234, 160, 1
234, 156, 1
234, 222, 1
234, 132, 1
234, 104, 1
234, 158, 1
234, 93, 1
234, 152, 1
234, 35, 1
234, 174, 1
234, 142, 1
234, 244, 1
131, 348, 1
131, 137, 1
131, 286, 1
131, 123, 1
131, 323, 1
131, 18, 1
131, 347, 1
131, 4, 1
131, 350, 1
131, 115, 1
131, 92, 1
131, 329, 1
131, 340, 1
131, 209, 1
131, 177, 1
131, 231, 1
131, 199, 1
131, 341, 1
131, 328, 1
35, 348, -1
35, 137, -1
35, 286, -1
35, 123, -1
35, 323, -1
35, 18, -1
35, 347, -1
35, 4, -1
35, 350, -1
35, 115, -1
35, 92, -1
35, 329, -1
35, 340, -1
35, 209, -1
35, 177, -1
35, 231, -1
35, 199, -1
35, 341, -1
328, 126, -1
328, 176, -1
328, 33, -1
328, 51, -1
328, 91, -1
328, 134, -1
328, 91, -1
328, 160, -1
328, 156, -1
328, 222, -1
328, 132, -1
328, 104, -1
328, 158, -1
328, 93, -1
328, 152, -1
328, 35, -1
174, 348, -1
174, 137, -1
174, 286, -1
174, 123, -1
174, 323, -1
174, 18, -1
174, 347, -1
174, 4, -1
174, 350, -1
174, 115, -1
174, 92, -1
174, 329, -1
174, 340, -1
174, 209, -1
174, 177, -1
174, 231, -1
174, 199, -1
174, 341, -1
174, 328, -1
142, 348, -1
142, 137, -1
142, 286, -1
142, 123, -1
142, 323, -1
142, 18, -1
142, 347, -1
142, 4, -1
142, 350, -1
142, 115, -1
142, 92, -1
142, 329, -1
142, 340, -1
142, 209, -1
142, 177, -1
142, 231, -1
142, 199, -1
142, 341, -1
142, 328, -1
244, 348, -1
244, 137, -1
244, 286, -1
244, 123, -1
244, 323, -1
244, 18, -1
244, 347, -1
244, 4, -1
244, 350, -1
244, 115, -1
244, 92, -1
244, 329, -1
244, 340, -1
244, 209, -1
244, 177, -1
244, 231, -1
244, 199, -1
244, 341, -1
244, 328, -1
234, 348, -1
234, 137, -1
234, 286, -1
234, 123, -1
234, 323, -1
234, 18, -1
234, 347, -1
234, 4, -1
234, 350, -1
234, 115, -1
234, 92, -1
234, 329, -1
234, 340, -1
234, 209, -1
234, 177, -1
234, 231, -1
234, 199, -1
234, 341, -1
234, 328, -1
131, 126, -1
131, 176, -1
131, 33, -1
131, 51, -1
131, 91, -1
131, 134, -1
131, 91, -1
131, 160, -1
131, 156, -1
131, 222, -1
131, 132, -1
131, 104, -1
131, 158, -1
131, 93, -1
131, 152, -1
131, 35, -1
131, 174, -1
131, 142, -1
131, 244, -1
131, 234, -1

43, 126, 1
43, 176, 1
43, 33, 1
43, 51, 1
43, 91, 1
43, 134, 1
43, 91, 1
43, 160, 1
43, 156, 1
43, 222, 1
43, 132, 1
43, 104, 1
43, 158, 1
43, 93, 1
43, 152, 1
43, 35, 1
43, 174, 1
43, 142, 1
43, 244, 1
43, 234, 1
43, 238, 1
43, 154, 1
173, 348, 1
173, 137, 1
173, 286, 1
173, 123, 1
173, 323, 1
173, 18, 1
173, 347, 1
173, 4, 1
173, 350, 1
173, 115, 1
173, 92, 1
173, 329, 1
173, 340, 1
173, 209, 1
173, 177, 1
173, 231, 1
173, 199, 1
173, 341, 1
173, 328, 1
173, 131, 1
173, 333, 1
87, 126, 1
87, 176, 1
87, 33, 1
87, 51, 1
87, 91, 1
87, 134, 1
87, 91, 1
87, 160, 1
87, 156, 1
87, 222, 1
87, 132, 1
87, 104, 1
87, 158, 1
87, 93, 1
87, 152, 1
87, 35, 1
87, 174, 1
87, 142, 1
87, 244, 1
87, 234, 1
87, 238, 1
87, 154, 1
87, 43, 1
110, 126, 1
110, 176, 1
110, 33, 1
110, 51, 1
110, 91, 1
110, 134, 1
110, 91, 1
110, 160, 1
110, 156, 1
110, 222, 1
110, 132, 1
110, 104, 1
110, 158, 1
110, 93, 1
110, 152, 1
110, 35, 1
110, 174, 1
110, 142, 1
110, 244, 1
110, 234, 1
110, 238, 1
110, 154, 1
110, 43, 1
110, 87, 1
183, 348, 1
183, 137, 1
183, 286, 1
183, 123, 1
183, 323, 1
183, 18, 1
183, 347, 1
183, 4, 1
183, 350, 1
183, 115, 1
183, 92, 1
183, 329, 1
183, 340, 1
183, 209, 1
183, 177, 1
183, 231, 1
183, 199, 1
183, 341, 1
183, 328, 1
183, 131, 1
183, 333, 1
183, 173, 1
150, 126, 1
150, 176, 1
150, 33, 1
150, 51, 1
150, 91, 1
150, 134, 1
150, 91, 1
150, 160, 1
150, 156, 1
150, 222, 1
150, 132, 1
150, 104, 1
150, 158, 1
150, 93, 1
150, 152, 1
150, 35, 1
150, 174, 1
150, 142, 1
150, 244, 1
150, 234, 1
150, 238, 1
150, 154, 1
150, 43, 1
150, 87, 1
150, 110, 1
236, 126, 1
236, 176, 1
236, 33, 1
236, 51, 1
236, 91, 1
236, 134, 1
236, 91, 1
236, 160, 1
236, 156, 1
236, 222, 1
236, 132, 1
236, 104, 1
236, 158, 1
236, 93, 1
236, 152, 1
236, 35, 1
236, 174, 1
236, 142, 1
236, 244, 1
236, 234, 1
236, 238, 1
236, 154, 1
236, 43, 1
236, 87, 1
236, 110, 1
236, 150, 1
43, 348, -1
43, 137, -1
43, 286, -1
43, 123, -1
43, 323, -1
43, 18, -1
43, 347, -1
43, 4, -1
43, 350, -1
43, 115, -1
43, 92, -1
43, 329, -1
43, 340, -1
43, 209, -1
43, 177, -1
43, 231, -1
43, 199, -1
43, 341, -1
43, 328, -1
43, 131, -1
43, 333, -1
173, 126, -1
173, 176, -1
173, 33, -1
173, 51, -1
173, 91, -1
173, 134, -1
173, 91, -1
173, 160, -1
173, 156, -1
173, 222, -1
173, 132, -1
173, 104, -1
173, 158, -1
173, 93, -1
173, 152, -1
173, 35, -1
173, 174, -1
173, 142, -1
173, 244, -1
173, 234, -1
173, 238, -1
173, 154, -1
173, 43, -1
87, 348, -1
87, 137, -1
87, 286, -1
87, 123, -1
87, 323, -1
87, 18, -1
87, 347, -1
87, 4, -1
87, 350, -1
87, 115, -1
87, 92, -1
87, 329, -1
87, 340, -1
87, 209, -1
87, 177, -1
87, 231, -1
87, 199, -1
87, 341, -1
87, 328, -1
87, 131, -1
87, 333, -1
87, 173, -1
110, 348, -1
110, 137, -1
110, 286, -1
110, 123, -1
110, 323, -1
110, 18, -1
110, 347, -1
110, 4, -1
110, 350, -1
110, 115, -1
110, 92, -1
110, 329, -1
110, 340, -1
110, 209, -1
110, 177, -1
110, 231, -1
110, 199, -1
110, 341, -1
110, 328, -1
110, 131, -1
110, 333, -1
110, 173, -1
183, 126, -1
183, 176, -1
183, 33, -1
183, 51, -1
183, 91, -1
183, 134, -1
183, 91, -1
183, 160, -1
183, 156, -1
183, 222, -1
183, 132, -1
183, 104, -1
183, 158, -1
183, 93, -1
183, 152, -1
183, 35, -1
183, 174, -1
183, 142, -1
183, 244, -1
183, 234, -1
183, 238, -1
183, 154, -1
183, 43, -1
183, 87, -1
183, 110, -1
150, 348, -1
150, 137, -1
150, 286, -1
150, 123, -1
150, 323, -1
150, 18, -1
150, 347, -1
150, 4, -1
150, 350, -1
150, 115, -1
150, 92, -1
150, 329, -1
150, 340, -1
150, 209, -1
150, 177, -1
150, 231, -1
150, 199, -1
150, 341, -1
150, 328, -1
150, 131, -1
150, 333, -1
150, 173, -1
150, 183, -1
236, 348, -1
236, 137, -1
236, 286, -1
236, 123, -1
236, 323, -1
236, 18, -1
236, 347, -1
236, 4, -1
236, 350, -1
236, 115, -1
236, 92, -1
236, 329, -1
236, 340, -1
236, 209, -1
236, 177, -1
236, 231, -1
236, 199, -1
236, 341, -1
236, 328, -1
236, 131, -1
236, 333, -1
236, 173, -1
236, 183, -1

17, 126, 1
17, 176, 1
17, 33, 1
17, 51, 1
17, 91, 1
17, 134, 1
17, 91, 1
17, 160, 1
17, 156, 1
17, 222, 1
17, 132, 1
17, 104, 1
17, 158, 1
17, 93, 1
17, 152, 1
17, 35, 1
17, 174, 1
17, 142, 1
17, 244, 1
17, 234, 1
17, 238, 1
17, 154, 1
17, 43, 1
17, 87, 1
17, 110, 1
17, 150, 1
17, 236, 1
17, 5, 1
206, 126, 1
206, 176, 1
206, 33, 1
206, 51, 1
206, 91, 1
206, 134, 1
206, 91, 1
206, 160, 1
206, 156, 1
206, 222, 1
206, 132, 1
206, 104, 1
206, 158, 1
206, 93, 1
206, 152, 1
206, 35, 1
206, 174, 1
206, 142, 1
206, 244, 1
206, 234, 1
206, 238, 1
206, 154, 1
206, 43, 1
206, 87, 1
206, 110, 1
206, 150, 1
206, 236, 1
206, 5, 1
206, 17, 1
163, 348, 1
163, 137, 1
163, 286, 1
163, 123, 1
163, 323, 1
163, 18, 1
163, 347, 1
163, 4, 1
163, 350, 1
163, 115, 1
163, 92, 1
163, 329, 1
163, 340, 1
163, 209, 1
163, 177, 1
163, 231, 1
163, 199, 1
163, 341, 1
163, 328, 1
163, 131, 1
163, 333, 1
163, 173, 1
163, 183, 1
163, 334, 1
122, 126, 1
122, 176, 1
122, 33, 1
122, 51, 1
122, 91, 1
122, 134, 1
122, 91, 1
122, 160, 1
122, 156, 1
122, 222, 1
122, 132, 1
122, 104, 1
122, 158, 1
122, 93, 1
122, 152, 1
122, 35, 1
122, 174, 1
122, 142, 1
122, 244, 1
122, 234, 1
122, 238, 1
122, 154, 1
122, 43, 1
122, 87, 1
122, 110, 1
122, 150, 1
122, 236, 1
122, 5, 1
122, 17, 1
122, 206, 1
120, 126, 1
120, 176, 1
120, 33, 1
120, 51, 1
120, 91, 1
120, 134, 1
120, 91, 1
120, 160, 1
120, 156, 1
120, 222, 1
120, 132, 1
120, 104, 1
120, 158, 1
120, 93, 1
120, 152, 1
120, 35, 1
120, 174, 1
120, 142, 1
120, 244, 1
120, 234, 1
120, 238, 1
120, 154, 1
120, 43, 1
120, 87, 1
120, 110, 1
120, 150, 1
120, 236, 1
120, 5, 1
120, 17, 1
120, 206, 1
120, 122, 1
80, 348, 1
80, 137, 1
80, 286, 1
80, 123, 1
80, 323, 1
80, 18, 1
80, 347, 1
80, 4, 1
80, 350, 1
80, 115, 1
80, 92, 1
80, 329, 1
80, 340, 1
80, 209, 1
80, 177, 1
80, 231, 1
80, 199, 1
80, 341, 1
80, 328, 1
80, 131, 1
80, 333, 1
80, 173, 1
80, 183, 1
80, 334, 1
80, 163, 1
17, 348, -1
17, 137, -1
17, 286, -1
17, 123, -1
17, 323, -1
17, 18, -1
17, 347, -1
17, 4, -1
17, 350, -1
17, 115, -1
17, 92, -1
17, 329, -1
17, 340, -1
17, 209, -1
17, 177, -1
17, 231, -1
17, 199, -1
17, 341, -1
17, 328, -1
17, 131, -1
17, 333, -1
17, 173, -1
17, 183, -1
17, 334, -1
206, 348, -1
206, 137, -1
206, 286, -1
206, 123, -1
206, 323, -1
206, 18, -1
206, 347, -1
206, 4, -1
206, 350, -1
206, 115, -1
206, 92, -1
206, 329, -1
206, 340, -1
206, 209, -1
206, 177, -1
206, 231, -1
206, 199, -1
206, 341, -1
206, 328, -1
206, 131, -1
206, 333, -1
206, 173, -1
206, 183, -1
206, 334, -1
163, 126, -1
163, 176, -1
163, 33, -1
163, 51, -1
163, 91, -1
163, 134, -1
163, 91, -1
163, 160, -1
163, 156, -1
163, 222, -1
163, 132, -1
163, 104, -1
163, 158, -1
163, 93, -1
163, 152, -1
163, 35, -1
163, 174, -1
163, 142, -1
163, 244, -1
163, 234, -1
163, 238, -1
163, 154, -1
163, 43, -1
163, 87, -1
163, 110, -1
163, 150, -1
163, 236, -1
163, 5, -1
163, 17, -1
163, 206, -1
122, 348, -1
122, 137, -1
122, 286, -1
122, 123, -1
122, 323, -1
122, 18, -1
122, 347, -1
122, 4, -1
122, 350, -1
122, 115, -1
122, 92, -1
122, 329, -1
122, 340, -1
122, 209, -1
122, 177, -1
122, 231, -1
122, 199, -1
122, 341, -1
122, 328, -1
122, 131, -1
122, 333, -1
122, 173, -1
122, 183, -1
122, 334, -1
122, 163, -1
120, 348, -1
120, 137, -1
120, 286, -1
120, 123, -1
120, 323, -1
120, 18, -1
120, 347, -1
120, 4, -1
120, 350, -1
120, 115, -1
120, 92, -1
120, 329, -1
120, 340, -1
120, 209, -1
120, 177, -1
120, 231, -1
120, 199, -1
120, 341, -1
120, 328, -1
120, 131, -1
120, 333, -1
120, 173, -1
120, 183, -1
120, 334, -1
120, 163, -1
80, 126, -1
80, 176, -1
80, 33, -1
80, 51, -1
80, 91, -1
80, 134, -1
80, 91, -1
80, 160, -1
80, 156, -1
80, 222, -1
80, 132, -1
80, 104, -1
80, 158, -1
80, 93, -1
80, 152, -1
80, 35, -1
80, 174, -1
80, 142, -1
80, 244, -1
80, 234, -1
80, 238, -1
80, 154, -1
80, 43, -1
80, 87, -1
80, 110, -1
80, 150, -1
80, 236, -1
80, 5, -1
80, 17, -1
80, 206, -1
80, 122, -1
80, 120, -1

21, 126, 1
21, 176, 1
21, 33, 1
21, 51, 1
21, 91, 1
21, 134, 1
21, 91, 1
21, 160, 1
21, 156, 1
21, 222, 1
21, 132, 1
21, 104, 1
21, 158, 1
21, 93, 1
21, 152, 1
21, 35, 1
21, 174, 1
21, 142, 1
21, 244, 1
21, 234, 1
21, 238, 1
21, 154, 1
21, 43, 1
21, 87, 1
21, 110, 1
21, 150, 1
21, 236, 1
21, 5, 1
21, 17, 1
21, 206, 1
21, 122, 1
21, 120, 1
21, 250, 1
165, 348, 1
165, 137, 1
165, 286, 1
165, 123, 1
165, 323, 1
165, 18, 1
165, 347, 1
165, 4, 1
165, 350, 1
165, 115, 1
165, 92, 1
165, 329, 1
165, 340, 1
165, 209, 1
165, 177, 1
165, 231, 1
165, 199, 1
165, 341, 1
165, 328, 1
165, 131, 1
165, 333, 1
165, 173, 1
165, 183, 1
165, 334, 1
165, 163, 1
165, 80, 1
165, 141, 1
165, 66, 1
98, 126, 1
98, 176, 1
98, 33, 1
98, 51, 1
98, 91, 1
98, 134, 1
98, 91, 1
98, 160, 1
98, 156, 1
98, 222, 1
98, 132, 1
98, 104, 1
98, 158, 1
98, 93, 1
98, 152, 1
98, 35, 1
98, 174, 1
98, 142, 1
98, 244, 1
98, 234, 1
98, 238, 1
98, 154, 1
98, 43, 1
98, 87, 1
98, 110, 1
98, 150, 1
98, 236, 1
98, 5, 1
98, 17, 1
98, 206, 1
98, 122, 1
98, 120, 1
98, 250, 1
98, 21, 1
184, 126, 1
184, 176, 1
184, 33, 1
184, 51, 1
184, 91, 1
184, 134, 1
184, 91, 1
184, 160, 1
184, 156, 1
184, 222, 1
184, 132, 1
184, 104, 1
184, 158, 1
184, 93, 1
184, 152, 1
184, 35, 1
184, 174, 1
184, 142, 1
184, 244, 1
184, 234, 1
184, 238, 1
184, 154, 1
184, 43, 1
184, 87, 1
184, 110, 1
184, 150, 1
184, 236, 1
184, 5, 1
184, 17, 1
184, 206, 1
184, 122, 1
184, 120, 1
184, 250, 1
184, 21, 1
184, 98, 1
124, 126, 1
124, 176, 1
124, 33, 1
124, 51, 1
124, 91, 1
124, 134, 1
124, 91, 1
124, 160, 1
124, 156, 1
124, 222, 1
124, 132, 1
124, 104, 1
124, 158, 1
124, 93, 1
124, 152, 1
124, 35, 1
124, 174, 1
124, 142, 1
124, 244, 1
124, 234, 1
124, 238, 1
124, 154, 1
124, 43, 1
124, 87, 1
124, 110, 1
124, 150, 1
124, 236, 1
124, 5, 1
124, 17, 1
124, 206, 1
124, 122, 1
124, 120, 1
124, 250, 1
124, 21, 1
124, 98, 1
124, 184, 1
250, 126, 1
250, 176, 1
250, 33, 1
250, 51, 1
250, 91, 1
250, 134, 1
250, 91, 1
250, 160, 1
250, 156, 1
250, 222, 1
250, 132, 1
250, 104, 1
250, 158, 1
250, 93, 1
250, 152, 1
250, 35, 1
250, 174, 1
250, 142, 1
250, 244, 1
250, 234, 1
250, 238, 1
250, 154, 1
250, 43, 1
250, 87, 1
250, 110, 1
250, 150, 1
250, 236, 1
250, 5, 1
250, 17, 1
250, 206, 1
250, 122, 1
250, 120, 1
250, 250, 1
250, 21, 1
250, 98, 1
250, 184, 1
250, 124, 1
200, 126, 1
200, 176, 1
200, 33, 1
200, 51, 1
200, 91, 1
200, 134, 1
200, 91, 1
200, 160, 1
200, 156, 1
200, 222, 1
200, 132, 1
200, 104, 1
200, 158, 1
200, 93, 1
200, 152, 1
200, 35, 1
200, 174, 1
200, 142, 1
200, 244, 1
200, 234, 1
200, 238, 1
200, 154, 1
200, 43, 1
200, 87, 1
200, 110, 1
200, 150, 1
200, 236, 1
200, 5, 1
200, 17, 1
200, 206, 1
200, 122, 1
200, 120, 1
200, 250, 1
200, 21, 1
200, 98, 1
200, 184, 1
200, 124, 1
200, 250, 1
21, 348, -1
21, 137, -1
21, 286, -1
21, 123, -1
21, 323, -1
21, 18, -1
21, 347, -1
21, 4, -1
21, 350, -1
21, 115, -1
21, 92, -1
21, 329, -1
21, 340, -1
21, 209, -1
21, 177, -1
21, 231, -1
21, 199, -1
21, 341, -1
21, 328, -1
21, 131, -1
21, 333, -1
21, 173, -1
21, 183, -1
21, 334, -1
21, 163, -1
21, 80, -1
21, 141, -1
21, 66, -1
165, 126, -1
165, 176, -1
165, 33, -1
165, 51, -1
165, 91, -1
165, 134, -1
165, 91, -1
165, 160, -1
165, 156, -1
165, 222, -1
165, 132, -1
165, 104, -1
165, 158, -1
165, 93, -1
165, 152, -1
165, 35, -1
165, 174, -1
165, 142, -1
165, 244, -1
165, 234, -1
165, 238, -1
165, 154, -1
165, 43, -1
165, 87, -1
165, 110, -1
165, 150, -1
165, 236, -1
165, 5, -1
165, 17, -1
165, 206, -1
165, 122, -1
165, 120, -1
165, 250, -1
165, 21, -1
98, 348, -1
98, 137, -1
98, 286, -1
98, 123, -1
98, 323, -1
98, 18, -1
98, 347, -1
98, 4, -1
98, 350, -1
98, 115, -1
98, 92, -1
98, 329, -1
98, 340, -1
98, 209, -1
98, 177, -1
98, 231, -1
98, 199, -1
98, 341, -1
98, 328, -1
98, 131, -1
98, 333, -1
98, 173, -1
98, 183, -1
98, 334, -1
98, 163, -1
98, 80, -1
98, 141, -1
98, 66, -1
98, 165, -1
184, 348, -1
184, 137, -1
184, 286, -1
184, 123, -1
184, 323, -1
184, 18, -1
184, 347, -1
184, 4, -1
184, 350, -1
184, 115, -1
184, 92, -1
184, 329, -1
184, 340, -1
184, 209, -1
184, 177, -1
184, 231, -1
184, 199, -1
184, 341, -1
184, 328, -1
184, 131, -1
184, 333, -1
184, 173, -1
184, 183, -1
184, 334, -1
184, 163, -1
184, 80, -1
184, 141, -1
184, 66, -1
184, 165, -1
124, 348, -1
124, 137, -1
124, 286, -1
124, 123, -1
124, 323, -1
124, 18, -1
124, 347, -1
124, 4, -1
124, 350, -1
124, 115, -1
124, 92, -1
124, 329, -1
124, 340, -1
124, 209, -1
124, 177, -1
124, 231, -1
124, 199, -1
124, 341, -1
124, 328, -1
124, 131, -1
124, 333, -1
124, 173, -1
124, 183, -1
124, 334, -1
124, 163, -1
124, 80, -1
124, 141, -1
124, 66, -1
124, 165, -1
250, 348, -1
250, 137, -1
250, 286, -1
250, 123, -1
250, 323, -1
250, 18, -1
250, 347, -1
250, 4, -1
250, 350, -1
250, 115, -1
250, 92, -1
250, 329, -1
250, 340, -1
250, 209, -1
250, 177, -1
250, 231, -1
250, 199, -1
250, 341, -1
250, 328, -1
250, 131, -1
250, 333, -1
250, 173, -1
250, 183, -1
250, 334, -1
250, 163, -1
250, 80, -1
250, 141, -1
250, 66, -1
250, 165, -1
200, 348, -1
200, 137, -1
200, 286, -1
200, 123, -1
200, 323, -1
200, 18, -1
200, 347, -1
200, 4, -1
200, 350, -1
200, 115, -1
200, 92, -1
200, 329, -1
200, 340, -1
200, 209, -1
200, 177, -1
200, 231, -1
200, 199, -1
200, 341, -1
200, 328, -1
200, 131, -1
200, 333, -1
200, 173, -1
200, 183, -1
200, 334, -1
200, 163, -1
200, 80, -1
200, 141, -1
200, 66, -1
200, 165, -1

210, 126, 1
210, 176, 1
210, 33, 1
210, 51, 1
210, 91, 1
210, 134, 1
210, 91, 1
210, 160, 1
210, 156, 1
210, 222, 1
210, 132, 1
210, 104, 1
210, 158, 1
210, 93, 1
210, 152, 1
210, 35, 1
210, 174, 1
210, 142, 1
210, 244, 1
210, 234, 1
210, 238, 1
210, 154, 1
210, 43, 1
210, 87, 1
210, 110, 1
210, 150, 1
210, 236, 1
210, 5, 1
210, 17, 1
210, 206, 1
210, 122, 1
210, 120, 1
210, 250, 1
210, 21, 1
210, 98, 1
210, 184, 1
210, 124, 1
210, 250, 1
210, 200, 1
75, 126, 1
75, 176, 1
75, 33, 1
75, 51, 1
75, 91, 1
75, 134, 1
75, 91, 1
75, 160, 1
75, 156, 1
75, 222, 1
75, 132, 1
75, 104, 1
75, 158, 1
75, 93, 1
75, 152, 1
75, 35, 1
75, 174, 1
75, 142, 1
75, 244, 1
75, 234, 1
75, 238, 1
75, 154, 1
75, 43, 1
75, 87, 1
75, 110, 1
75, 150, 1
75, 236, 1
75, 5, 1
75, 17, 1
75, 206, 1
75, 122, 1
75, 120, 1
75, 250, 1
75, 21, 1
75, 98, 1
75, 184, 1
75, 124, 1
75, 250, 1
75, 200, 1
75, 210, 1
109, 348, 1
109, 137, 1
109, 286, 1
109, 123, 1
109, 323, 1
109, 18, 1
109, 347, 1
109, 4, 1
109, 350, 1
109, 115, 1
109, 92, 1
109, 329, 1
109, 340, 1
109, 209, 1
109, 177, 1
109, 231, 1
109, 199, 1
109, 341, 1
109, 328, 1
109, 131, 1
109, 333, 1
109, 173, 1
109, 183, 1
109, 334, 1
109, 163, 1
109, 80, 1
109, 141, 1
109, 66, 1
109, 165, 1
109, 335, 1
214, 126, 1
214, 176, 1
214, 33, 1
214, 51, 1
214, 91, 1
214, 134, 1
214, 91, 1
214, 160, 1
214, 156, 1
214, 222, 1
214, 132, 1
214, 104, 1
214, 158, 1
214, 93, 1
214, 152, 1
214, 35, 1
214, 174, 1
214, 142, 1
214, 244, 1
214, 234, 1
214, 238, 1
214, 154, 1
214, 43, 1
214, 87, 1
214, 110, 1
214, 150, 1
214, 236, 1
214, 5, 1
214, 17, 1
214, 206, 1
214, 122, 1
214, 120, 1
214, 250, 1
214, 21, 1
214, 98, 1
214, 184, 1
214, 124, 1
214, 250, 1
214, 200, 1
214, 210, 1
214, 75, 1
180, 126, 1
180, 176, 1
180, 33, 1
180, 51, 1
180, 91, 1
180, 134, 1
180, 91, 1
180, 160, 1
180, 156, 1
180, 222, 1
180, 132, 1
180, 104, 1
180, 158, 1
180, 93, 1
180, 152, 1
180, 35, 1
180, 174, 1
180, 142, 1
180, 244, 1
180, 234, 1
180, 238, 1
180, 154, 1
180, 43, 1
180, 87, 1
180, 110, 1
180, 150, 1
180, 236, 1
180, 5, 1
180, 17, 1
180, 206, 1
180, 122, 1
180, 120, 1
180, 250, 1
180, 21, 1
180, 98, 1
180, 184, 1
180, 124, 1
180, 250, 1
180, 200, 1
180, 210, 1
180, 75, 1
180, 214, 1
252, 126, 1
252, 176, 1
252, 33, 1
252, 51, 1
252, 91, 1
252, 134, 1
252, 91, 1
252, 160, 1
252, 156, 1
252, 222, 1
252, 132, 1
252, 104, 1
252, 158, 1
252, 93, 1
252, 152, 1
252, 35, 1
252, 174, 1
252, 142, 1
252, 244, 1
252, 234, 1
252, 238, 1
252, 154, 1
252, 43, 1
252, 87, 1
252, 110, 1
252, 150, 1
252, 236, 1
252, 5, 1
252, 17, 1
252, 206, 1
252, 122, 1
252, 120, 1
252, 250, 1
252, 21, 1
252, 98, 1
252, 184, 1
252, 124, 1
252, 250, 1
252, 200, 1
252, 210, 1
252, 75, 1
252, 214, 1
252, 180, 1
159, 348, 1
159, 137, 1
159, 286, 1
159, 123, 1
159, 323, 1
159, 18, 1
159, 347, 1
159, 4, 1
159, 350, 1
159, 115, 1
159, 92, 1
159, 329, 1
159, 340, 1
159, 209, 1
159, 177, 1
159, 231, 1
159, 199, 1
159, 341, 1
159, 328, 1
159, 131, 1
159, 333, 1
159, 173, 1
159, 183, 1
159, 334, 1
159, 163, 1
159, 80, 1
159, 141, 1
159, 66, 1
159, 165, 1
159, 335, 1
159, 109, 1
210, 348, -1
210, 137, -1
210, 286, -1
210, 123, -1
210, 323, -1
210, 18, -1
210, 347, -1
210, 4, -1
210, 350, -1
210, 115, -1
210, 92, -1
210, 329, -1
210, 340, -1
210, 209, -1
210, 177, -1
210, 231, -1
210, 199, -1
210, 341, -1
210, 328, -1
210, 131, -1
210, 333, -1
210, 173, -1
210, 183, -1
210, 334, -1
210, 163, -1
210, 80, -1
210, 141, -1
210, 66, -1
210, 165, -1
210, 335, -1
75, 348, -1
75, 137, -1
75, 286, -1
75, 123, -1
75, 323, -1
75, 18, -1
75, 347, -1
75, 4, -1
75, 350, -1
75, 115, -1
75, 92, -1
75, 329, -1
75, 340, -1
75, 209, -1
75, 177, -1
75, 231, -1
75, 199, -1
75, 341, -1
75, 328, -1
75, 131, -1
75, 333, -1
75, 173, -1
75, 183, -1
75, 334, -1
75, 163, -1
75, 80, -1
75, 141, -1
75, 66, -1
75, 165, -1
75, 335, -1
109, 126, -1
109, 176, -1
109, 33, -1
109, 51, -1
109, 91, -1
109, 134, -1
109, 91, -1
109, 160, -1
109, 156, -1
109, 222, -1
109, 132, -1
109, 104, -1
109, 158, -1
109, 93, -1
109, 152, -1
109, 35, -1
109, 174, -1
109, 142, -1
109, 244, -1
109, 234, -1
109, 238, -1
109, 154, -1
109, 43, -1
109, 87, -1
109, 110, -1
109, 150, -1
109, 236, -1
109, 5, -1
109, 17, -1
109, 206, -1
109, 122, -1
109, 120, -1
109, 250, -1
109, 21, -1
109, 98, -1
109, 184, -1
109, 124, -1
109, 250, -1
109, 200, -1
109, 210, -1
109, 75, -1
214, 348, -1
214, 137, -1
214, 286, -1
214, 123, -1
214, 323, -1
214, 18, -1
214, 347, -1
214, 4, -1
214, 350, -1
214, 115, -1
214, 92, -1
214, 329, -1
214, 340, -1
214, 209, -1
214, 177, -1
214, 231, -1
214, 199, -1
214, 341, -1
214, 328, -1
214, 131, -1
214, 333, -1
214, 173, -1
214, 183, -1
214, 334, -1
214, 163, -1
214, 80, -1
214, 141, -1
214, 66, -1
214, 165, -1
214, 335, -1
214, 109, -1
180, 348, -1
180, 137, -1
180, 286, -1
180, 123, -1
180, 323, -1
180, 18, -1
180, 347, -1
180, 4, -1
180, 350, -1
180, 115, -1
180, 92, -1
180, 329, -1
180, 340, -1
180, 209, -1
180, 177, -1
180, 231, -1
180, 199, -1
180, 341, -1
180, 328, -1
180, 131, -1
180, 333, -1
180, 173, -1
180, 183, -1
180, 334, -1
180, 163, -1
180, 80, -1
180, 141, -1
180, 66, -1
180, 165, -1
180, 335, -1
180, 109, -1
252, 348, -1
252, 137, -1
252, 286, -1
252, 123, -1
252, 323, -1
252, 18, -1
252, 347, -1
252, 4, -1
252, 350, -1
252, 115, -1
252, 92, -1
252, 329, -1
252, 340, -1
252, 209, -1
252, 177, -1
252, 231, -1
252, 199, -1
252, 341, -1
252, 328, -1
252, 131, -1
252, 333, -1
252, 173, -1
252, 183, -1
252, 334, -1
252, 163, -1
252, 80, -1
252, 141, -1
252, 66, -1
252, 165, -1
252, 335, -1
252, 109, -1
159, 126, -1
159, 176, -1
159, 33, -1
159, 51, -1
159, 91, -1
159, 134, -1
159, 91, -1
159, 160, -1
159, 156, -1
159, 222, -1
159, 132, -1
159, 104, -1
159, 158, -1
159, 93, -1
159, 152, -1
159, 35, -1
159, 174, -1
159, 142, -1
159, 244, -1
159, 234, -1
159, 238, -1
159, 154, -1
159, 43, -1
159, 87, -1
159, 110, -1
159, 150, -1
159, 236, -1
159, 5, -1
159, 17, -1
159, 206, -1
159, 122, -1
159, 120, -1
159, 250, -1
159, 21, -1
159, 98, -1
159, 184, -1
159, 124, -1
159, 250, -1
159, 200, -1
159, 210, -1
159, 75, -1
159, 214, -1
159, 180, -1
159, 252, -1

41, 126, 1
41, 176, 1
41, 33, 1
41, 51, 1
41, 91, 1
41, 134, 1
41, 91, 1
41, 160, 1
41, 156, 1
41, 222, 1
41, 132, 1
41, 104, 1
41, 158, 1
41, 93, 1
41, 152, 1
41, 35, 1
41, 174, 1
41, 142, 1
41, 244, 1
41, 234, 1
41, 238, 1
41, 154, 1
41, 43, 1
41, 87, 1
41, 110, 1
41, 150, 1
41, 236, 1
41, 5, 1
41, 17, 1
41, 206, 1
41, 122, 1
41, 120, 1
41, 250, 1
41, 21, 1
41, 98, 1
41, 184, 1
41, 124, 1
41, 250, 1
41, 200, 1
41, 210, 1
41, 75, 1
41, 214, 1
41, 180, 1
41, 252, 1
136, 126, 1
136, 176, 1
136, 33, 1
136, 51, 1
136, 91, 1
136, 134, 1
136, 91, 1
136, 160, 1
136, 156, 1
136, 222, 1
136, 132, 1
136, 104, 1
136, 158, 1
136, 93, 1
136, 152, 1
136, 35, 1
136, 174, 1
136, 142, 1
136, 244, 1
136, 234, 1
136, 238, 1
136, 154, 1
136, 43, 1
136, 87, 1
136, 110, 1
136, 150, 1
136, 236, 1
136, 5, 1
136, 17, 1
136, 206, 1
136, 122, 1
136, 120, 1
136, 250, 1
136, 21, 1
136, 98, 1
136, 184, 1
136, 124, 1
136, 250, 1
136, 200, 1
136, 210, 1
136, 75, 1
136, 214, 1
136, 180, 1
136, 252, 1
136, 41, 1
186, 126, 1
186, 176, 1
186, 33, 1
186, 51, 1
186, 91, 1
186, 134, 1
186, 91, 1
186, 160, 1
186, 156, 1
186, 222, 1
186, 132, 1
186, 104, 1
186, 158, 1
186, 93, 1
186, 152, 1
186, 35, 1
186, 174, 1
186, 142, 1
186, 244, 1
186, 234, 1
186, 238, 1
186, 154, 1
186, 43, 1
186, 87, 1
186, 110, 1
186, 150, 1
186, 236, 1
186, 5, 1
186, 17, 1
186, 206, 1
186, 122, 1
186, 120, 1
186, 250, 1
186, 21, 1
186, 98, 1
186, 184, 1
186, 124, 1
186, 250, 1
186, 200, 1
186, 210, 1
186, 75, 1
186, 214, 1
186, 180, 1
186, 252, 1
186, 41, 1
186, 136, 1
81, 126, 1
81, 176, 1
81, 33, 1
81, 51, 1
81, 91, 1
81, 134, 1
81, 91, 1
81, 160, 1
81, 156, 1
81, 222, 1
81, 132, 1
81, 104, 1
81, 158, 1
81, 93, 1
81, 152, 1
81, 35, 1
81, 174, 1
81, 142, 1
81, 244, 1
81, 234, 1
81, 238, 1
81, 154, 1
81, 43, 1
81, 87, 1
81, 110, 1
81, 150, 1
81, 236, 1
81, 5, 1
81, 17, 1
81, 206, 1
81, 122, 1
81, 120, 1
81, 250, 1
81, 21, 1
81, 98, 1
81, 184, 1
81, 124, 1
81, 250, 1
81, 200, 1
81, 210, 1
81, 75, 1
81, 214, 1
81, 180, 1
81, 252, 1
81, 41, 1
81, 136, 1
81, 186, 1
3, 126, 1
3, 176, 1
3, 33, 1
3, 51, 1
3, 91, 1
3, 134, 1
3, 91, 1
3, 160, 1
3, 156, 1
3, 222, 1
3, 132, 1
3, 104, 1
3, 158, 1
3, 93, 1
3, 152, 1
3, 35, 1
3, 174, 1
3, 142, 1
3, 244, 1
3, 234, 1
3, 238, 1
3, 154, 1
3, 43, 1
3, 87, 1
3, 110, 1
3, 150, 1
3, 236, 1
3, 5, 1
3, 17, 1
3, 206, 1
3, 122, 1
3, 120, 1
3, 250, 1
3, 21, 1
3, 98, 1
3, 184, 1
3, 124, 1
3, 250, 1
3, 200, 1
3, 210, 1
3, 75, 1
3, 214, 1
3, 180, 1
3, 252, 1
3, 41, 1
3, 136, 1
3, 186, 1
3, 81, 1
261, 348, 1
261, 137, 1
261, 286, 1
261, 123, 1
261, 323, 1
261, 18, 1
261, 347, 1
261, 4, 1
261, 350, 1
261, 115, 1
261, 92, 1
261, 329, 1
261, 340, 1
261, 209, 1
261, 177, 1
261, 231, 1
261, 199, 1
261, 341, 1
261, 328, 1
261, 131, 1
261, 333, 1
261, 173, 1
261, 183, 1
261, 334, 1
261, 163, 1
261, 80, 1
261, 141, 1
261, 66, 1
261, 165, 1
261, 335, 1
261, 109, 1
261, 159, 1
261, 129, 1
261, 213, 1
145, 348, 1
145, 137, 1
145, 286, 1
145, 123, 1
145, 323, 1
145, 18, 1
145, 347, 1
145, 4, 1
145, 350, 1
145, 115, 1
145, 92, 1
145, 329, 1
145, 340, 1
145, 209, 1
145, 177, 1
145, 231, 1
145, 199, 1
145, 341, 1
145, 328, 1
145, 131, 1
145, 333, 1
145, 173, 1
145, 183, 1
145, 334, 1
145, 163, 1
145, 80, 1
145, 141, 1
145, 66, 1
145, 165, 1
145, 335, 1
145, 109, 1
145, 159, 1
145, 129, 1
145, 213, 1
145, 261, 1
41, 348, -1
41, 137, -1
41, 286, -1
41, 123, -1
41, 323, -1
41, 18, -1
41, 347, -1
41, 4, -1
41, 350, -1
41, 115, -1
41, 92, -1
41, 329, -1
41, 340, -1
41, 209, -1
41, 177, -1
41, 231, -1
41, 199, -1
41, 341, -1
41, 328, -1
41, 131, -1
41, 333, -1
41, 173, -1
41, 183, -1
41, 334, -1
41, 163, -1
41, 80, -1
41, 141, -1
41, 66, -1
41, 165, -1
41, 335, -1
41, 109, -1
41, 159, -1
41, 129, -1
41, 213, -1
136, 348, -1
136, 137, -1
136, 286, -1
136, 123, -1
136, 323, -1
136, 18, -1
136, 347, -1
136, 4, -1
136, 350, -1
136, 115, -1
136, 92, -1
136, 329, -1
136, 340, -1
136, 209, -1
136, 177, -1
136, 231, -1
136, 199, -1
136, 341, -1
136, 328, -1
136, 131, -1
136, 333, -1
136, 173, -1
136, 183, -1
136, 334, -1
136, 163, -1
136, 80, -1
136, 141, -1
136, 66, -1
136, 165, -1
136, 335, -1
136, 109, -1
136, 159, -1
136, 129, -1
136, 213, -1
186, 348, -1
186, 137, -1
186, 286, -1
186, 123, -1
186, 323, -1
186, 18, -1
186, 347, -1
186, 4, -1
186, 350, -1
186, 115, -1
186, 92, -1
186, 329, -1
186, 340, -1
186, 209, -1
186, 177, -1
186, 231, -1
186, 199, -1
186, 341, -1
186, 328, -1
186, 131, -1
186, 333, -1
186, 173, -1
186, 183, -1
186, 334, -1
186, 163, -1
186, 80, -1
186, 141, -1
186, 66, -1
186, 165, -1
186, 335, -1
186, 109, -1
186, 159, -1
186, 129, -1
186, 213, -1
81, 348, -1
81, 137, -1
81, 286, -1
81, 123, -1
81, 323, -1
81, 18, -1
81, 347, -1
81, 4, -1
81, 350, -1
81, 115, -1
81, 92, -1
81, 329, -1
81, 340, -1
81, 209, -1
81, 177, -1
81, 231, -1
81, 199, -1
81, 341, -1
81, 328, -1
81, 131, -1
81, 333, -1
81, 173, -1
81, 183, -1
81, 334, -1
81, 163, -1
81, 80, -1
81, 141, -1
81, 66, -1
81, 165, -1
81, 335, -1
81, 109, -1
81, 159, -1
81, 129, -1
81, 213, -1
3, 348, -1
3, 137, -1
3, 286, -1
3, 123, -1
3, 323, -1
3, 18, -1
3, 347, -1
3, 4, -1
3, 350, -1
3, 115, -1
3, 92, -1
3, 329, -1
3, 340, -1
3, 209, -1
3, 177, -1
3, 231, -1
3, 199, -1
3, 341, -1
3, 328, -1
3, 131, -1
3, 333, -1
3, 173, -1
3, 183, -1
3, 334, -1
3, 163, -1
3, 80, -1
3, 141, -1
3, 66, -1
3, 165, -1
3, 335, -1
3, 109, -1
3, 159, -1
3, 129, -1
3, 213, -1
261, 126, -1
261, 176, -1
261, 33, -1
261, 51, -1
261, 91, -1
261, 134, -1
261, 91, -1
261, 160, -1
261, 156, -1
261, 222, -1
261, 132, -1
261, 104, -1
261, 158, -1
261, 93, -1
261, 152, -1
261, 35, -1
261, 174, -1
261, 142, -1
261, 244, -1
261, 234, -1
261, 238, -1
261, 154, -1
261, 43, -1
261, 87, -1
261, 110, -1
261, 150, -1
261, 236, -1
261, 5, -1
261, 17, -1
261, 206, -1
261, 122, -1
261, 120, -1
261, 250, -1
261, 21, -1
261, 98, -1
261, 184, -1
261, 124, -1
261, 250, -1
261, 200, -1
261, 210, -1
261, 75, -1
261, 214, -1
261, 180, -1
261, 252, -1
261, 41, -1
261, 136, -1
261, 186, -1
261, 81, -1
261, 3, -1
145, 126, -1
145, 176, -1
145, 33, -1
145, 51, -1
145, 91, -1
145, 134, -1
145, 91, -1
145, 160, -1
145, 156, -1
145, 222, -1
145, 132, -1
145, 104, -1
145, 158, -1
145, 93, -1
145, 152, -1
145, 35, -1
145, 174, -1
145, 142, -1
145, 244, -1
145, 234, -1
145, 238, -1
145, 154, -1
145, 43, -1
145, 87, -1
145, 110, -1
145, 150, -1
145, 236, -1
145, 5, -1
145, 17, -1
145, 206, -1
145, 122, -1
145, 120, -1
145, 250, -1
145, 21, -1
145, 98, -1
145, 184, -1
145, 124, -1
145, 250, -1
145, 200, -1
145, 210, -1
145, 75, -1
145, 214, -1
145, 180, -1
145, 252, -1
145, 41, -1
145, 136, -1
145, 186, -1
145, 81, -1
145, 3, -1

