190, 2, 1
313, 2, 1
313, 190, 1
379, 348, 1
277, 2, 1
277, 190, 1
277, 313, 1
348, 382, -1
2, 382, -1
2, 348, -1
190, 382, -1
190, 348, -1
313, 382, -1
313, 348, -1
379, 382, -1
379, 2, -1
379, 190, -1
379, 313, -1
277, 382, -1
277, 348, -1
277, 379, -1

489, 2, 1
489, 190, 1
489, 313, 1
489, 277, 1
489, 272, 1
14, 2, 1
14, 190, 1
14, 313, 1
14, 277, 1
14, 272, 1
14, 489, 1
64, 2, 1
64, 190, 1
64, 313, 1
64, 277, 1
64, 272, 1
64, 489, 1
64, 14, 1
109, 2, 1
109, 190, 1
109, 313, 1
109, 277, 1
109, 272, 1
109, 489, 1
109, 14, 1
109, 64, 1
489, 382, -1
489, 348, -1
489, 379, -1
489, 490, -1
14, 382, -1
14, 348, -1
14, 379, -1
14, 490, -1
64, 382, -1
64, 348, -1
64, 379, -1
64, 490, -1
109, 382, -1
109, 348, -1
109, 379, -1
109, 490, -1

434, 2, 1
434, 190, 1
434, 313, 1
434, 277, 1
434, 272, 1
434, 489, 1
434, 14, 1
434, 64, 1
434, 109, 1
434, 95, 1
428, 2, 1
428, 190, 1
428, 313, 1
428, 277, 1
428, 272, 1
428, 489, 1
428, 14, 1
428, 64, 1
428, 109, 1
428, 95, 1
428, 434, 1
187, 2, 1
187, 190, 1
187, 313, 1
187, 277, 1
187, 272, 1
187, 489, 1
187, 14, 1
187, 64, 1
187, 109, 1
187, 95, 1
187, 434, 1
187, 428, 1
434, 382, -1
434, 348, -1
434, 379, -1
434, 490, -1
428, 382, -1
428, 348, -1
428, 379, -1
428, 490, -1
187, 382, -1
187, 348, -1
187, 379, -1
187, 490, -1

459, 2, 1
459, 190, 1
459, 313, 1
459, 277, 1
459, 272, 1
459, 489, 1
459, 14, 1
459, 64, 1
459, 109, 1
459, 95, 1
459, 434, 1
459, 428, 1
459, 187, 1
459, 456, 1
459, 108, 1
487, 2, 1
487, 190, 1
487, 313, 1
487, 277, 1
487, 272, 1
487, 489, 1
487, 14, 1
487, 64, 1
487, 109, 1
487, 95, 1
487, 434, 1
487, 428, 1
487, 187, 1
487, 456, 1
487, 108, 1
487, 459, 1
21, 2, 1
21, 190, 1
21, 313, 1
21, 277, 1
21, 272, 1
21, 489, 1
21, 14, 1
21, 64, 1
21, 109, 1
21, 95, 1
21, 434, 1
21, 428, 1
21, 187, 1
21, 456, 1
21, 108, 1
21, 459, 1
21, 487, 1
456, 2, 1
456, 190, 1
456, 313, 1
456, 277, 1
456, 272, 1
456, 489, 1
456, 14, 1
456, 64, 1
456, 109, 1
456, 95, 1
456, 434, 1
456, 428, 1
456, 187, 1
456, 456, 1
456, 108, 1
456, 459, 1
456, 487, 1
456, 21, 1
459, 382, -1
459, 348, -1
459, 379, -1
459, 490, -1
487, 382, -1
487, 348, -1
487, 379, -1
487, 490, -1
21, 382, -1
21, 348, -1
21, 379, -1
21, 490, -1
456, 382, -1
456, 348, -1
456, 379, -1
456, 490, -1

470, 2, 1
470, 190, 1
470, 313, 1
470, 277, 1
470, 272, 1
470, 489, 1
470, 14, 1
470, 64, 1
470, 109, 1
470, 95, 1
470, 434, 1
470, 428, 1
470, 187, 1
470, 456, 1
470, 108, 1
470, 459, 1
470, 487, 1
470, 21, 1
470, 456, 1
470, 470, 1
470, 395, 1
27, 2, 1
27, 190, 1
27, 313, 1
27, 277, 1
27, 272, 1
27, 489, 1
27, 14, 1
27, 64, 1
27, 109, 1
27, 95, 1
27, 434, 1
27, 428, 1
27, 187, 1
27, 456, 1
27, 108, 1
27, 459, 1
27, 487, 1
27, 21, 1
27, 456, 1
27, 470, 1
27, 395, 1
27, 470, 1
180, 348, 1
180, 379, 1
180, 490, 1
470, 382, -1
470, 348, -1
470, 379, -1
470, 490, -1
27, 382, -1
27, 348, -1
27, 379, -1
27, 490, -1
180, 382, -1
180, 2, -1
180, 190, -1
180, 313, -1
180, 277, -1
180, 272, -1
180, 489, -1
180, 14, -1
180, 64, -1
180, 109, -1
180, 95, -1
180, 434, -1
180, 428, -1
180, 187, -1
180, 456, -1
180, 108, -1
180, 459, -1
180, 487, -1
180, 21, -1
180, 456, -1
180, 470, -1
180, 395, -1
180, 470, -1
180, 27, -1

485, 2, 1
485, 190, 1
485, 313, 1
485, 277, 1
485, 272, 1
485, 489, 1
485, 14, 1
485, 64, 1
485, 109, 1
485, 95, 1
485, 434, 1
485, 428, 1
485, 187, 1
485, 456, 1
485, 108, 1
485, 459, 1
485, 487, 1
485, 21, 1
485, 456, 1
485, 470, 1
485, 395, 1
485, 470, 1
485, 27, 1
485, 70, 1
485, 179, 1
376, 2, 1
376, 190, 1
376, 313, 1
376, 277, 1
376, 272, 1
376, 489, 1
376, 14, 1
376, 64, 1
376, 109, 1
376, 95, 1
376, 434, 1
376, 428, 1
376, 187, 1
376, 456, 1
376, 108, 1
376, 459, 1
376, 487, 1
376, 21, 1
376, 456, 1
376, 470, 1
376, 395, 1
376, 470, 1
376, 27, 1
376, 70, 1
376, 179, 1
376, 485, 1
70, 2, 1
70, 190, 1
70, 313, 1
70, 277, 1
70, 272, 1
70, 489, 1
70, 14, 1
70, 64, 1
70, 109, 1
70, 95, 1
70, 434, 1
70, 428, 1
70, 187, 1
70, 456, 1
70, 108, 1
70, 459, 1
70, 487, 1
70, 21, 1
70, 456, 1
70, 470, 1
70, 395, 1
70, 470, 1
70, 27, 1
70, 70, 1
70, 179, 1
70, 485, 1
70, 376, 1
282, 348, 1
282, 379, 1
282, 490, 1
282, 180, 1
282, 39, 1
485, 382, -1
485, 348, -1
485, 379, -1
485, 490, -1
485, 180, -1
485, 39, -1
376, 382, -1
376, 348, -1
376, 379, -1
376, 490, -1
376, 180, -1
376, 39, -1
70, 382, -1
70, 348, -1
70, 379, -1
70, 490, -1
70, 180, -1
70, 39, -1
282, 382, -1
282, 2, -1
282, 190, -1
282, 313, -1
282, 277, -1
282, 272, -1
282, 489, -1
282, 14, -1
282, 64, -1
282, 109, -1
282, 95, -1
282, 434, -1
282, 428, -1
282, 187, -1
282, 456, -1
282, 108, -1
282, 459, -1
282, 487, -1
282, 21, -1
282, 456, -1
282, 470, -1
282, 395, -1
282, 470, -1
282, 27, -1
282, 70, -1
282, 179, -1
282, 485, -1
282, 376, -1
282, 70, -1

240, 2, 1
240, 190, 1
240, 313, 1
240, 277, 1
240, 272, 1
240, 489, 1
240, 14, 1
240, 64, 1
240, 109, 1
240, 95, 1
240, 434, 1
240, 428, 1
240, 187, 1
240, 456, 1
240, 108, 1
240, 459, 1
240, 487, 1
240, 21, 1
240, 456, 1
240, 470, 1
240, 395, 1
240, 470, 1
240, 27, 1
240, 70, 1
240, 179, 1
240, 485, 1
240, 376, 1
240, 70, 1
240, 221, 1
9, 348, 1
9, 379, 1
9, 490, 1
9, 180, 1
9, 39, 1
9, 282, 1
9, 295, 1
222, 348, 1
222, 379, 1
222, 490, 1
222, 180, 1
222, 39, 1
222, 282, 1
222, 295, 1
222, 9, 1
240, 382, -1
240, 348, -1
240, 379, -1
240, 490, -1
240, 180, -1
240, 39, -1
240, 282, -1
240, 295, -1
9, 382, -1
9, 2, -1
9, 190, -1
9, 313, -1
9, 277, -1
9, 272, -1
9, 489, -1
9, 14, -1
9, 64, -1
9, 109, -1
9, 95, -1
9, 434, -1
9, 428, -1
9, 187, -1
9, 456, -1
9, 108, -1
9, 459, -1
9, 487, -1
9, 21, -1
9, 456, -1
9, 470, -1
9, 395, -1
9, 470, -1
9, 27, -1
9, 70, -1
9, 179, -1
9, 485, -1
9, 376, -1
9, 70, -1
9, 221, -1
9, 240, -1
222, 382, -1
222, 2, -1
222, 190, -1
222, 313, -1
222, 277, -1
222, 272, -1
222, 489, -1
222, 14, -1
222, 64, -1
222, 109, -1
222, 95, -1
222, 434, -1
222, 428, -1
222, 187, -1
222, 456, -1
222, 108, -1
222, 459, -1
222, 487, -1
222, 21, -1
222, 456, -1
222, 470, -1
222, 395, -1
222, 470, -1
222, 27, -1
222, 70, -1
222, 179, -1
222, 485, -1
222, 376, -1
222, 70, -1
222, 221, -1
222, 240, -1

89, 2, 1
89, 190, 1
89, 313, 1
89, 277, 1
89, 272, 1
89, 489, 1
89, 14, 1
89, 64, 1
89, 109, 1
89, 95, 1
89, 434, 1
89, 428, 1
89, 187, 1
89, 456, 1
89, 108, 1
89, 459, 1
89, 487, 1
89, 21, 1
89, 456, 1
89, 470, 1
89, 395, 1
89, 470, 1
89, 27, 1
89, 70, 1
89, 179, 1
89, 485, 1
89, 376, 1
89, 70, 1
89, 221, 1
89, 240, 1
89, 357, 1
215, 348, 1
215, 379, 1
215, 490, 1
215, 180, 1
215, 39, 1
215, 282, 1
215, 295, 1
215, 9, 1
215, 222, 1
215, 309, 1
473, 348, 1
473, 379, 1
473, 490, 1
473, 180, 1
473, 39, 1
473, 282, 1
473, 295, 1
473, 9, 1
473, 222, 1
473, 309, 1
473, 215, 1
89, 382, -1
89, 348, -1
89, 379, -1
89, 490, -1
89, 180, -1
89, 39, -1
89, 282, -1
89, 295, -1
89, 9, -1
89, 222, -1
89, 309, -1
215, 382, -1
215, 2, -1
215, 190, -1
215, 313, -1
215, 277, -1
215, 272, -1
215, 489, -1
215, 14, -1
215, 64, -1
215, 109, -1
215, 95, -1
215, 434, -1
215, 428, -1
215, 187, -1
215, 456, -1
215, 108, -1
215, 459, -1
215, 487, -1
215, 21, -1
215, 456, -1
215, 470, -1
215, 395, -1
215, 470, -1
215, 27, -1
215, 70, -1
215, 179, -1
215, 485, -1
215, 376, -1
215, 70, -1
215, 221, -1
215, 240, -1
215, 357, -1
215, 89, -1
473, 382, -1
473, 2, -1
473, 190, -1
473, 313, -1
473, 277, -1
473, 272, -1
473, 489, -1
473, 14, -1
473, 64, -1
473, 109, -1
473, 95, -1
473, 434, -1
473, 428, -1
473, 187, -1
473, 456, -1
473, 108, -1
473, 459, -1
473, 487, -1
473, 21, -1
473, 456, -1
473, 470, -1
473, 395, -1
473, 470, -1
473, 27, -1
473, 70, -1
473, 179, -1
473, 485, -1
473, 376, -1
473, 70, -1
473, 221, -1
473, 240, -1
473, 357, -1
473, 89, -1

199, 2, 1
199, 190, 1
199, 313, 1
199, 277, 1
199, 272, 1
199, 489, 1
199, 14, 1
199, 64, 1
199, 109, 1
199, 95, 1
199, 434, 1
199, 428, 1
199, 187, 1
199, 456, 1
199, 108, 1
199, 459, 1
199, 487, 1
199, 21, 1
199, 456, 1
199, 470, 1
199, 395, 1
199, 470, 1
199, 27, 1
199, 70, 1
199, 179, 1
199, 485, 1
199, 376, 1
199, 70, 1
199, 221, 1
199, 240, 1
199, 357, 1
199, 89, 1
199, 36, 1
191, 348, 1
191, 379, 1
191, 490, 1
191, 180, 1
191, 39, 1
191, 282, 1
191, 295, 1
191, 9, 1
191, 222, 1
191, 309, 1
191, 215, 1
191, 473, 1
191, 338, 1
36, 2, 1
36, 190, 1
36, 313, 1
36, 277, 1
36, 272, 1
36, 489, 1
36, 14, 1
36, 64, 1
36, 109, 1
36, 95, 1
36, 434, 1
36, 428, 1
36, 187, 1
36, 456, 1
36, 108, 1
36, 459, 1
36, 487, 1
36, 21, 1
36, 456, 1
36, 470, 1
36, 395, 1
36, 470, 1
36, 27, 1
36, 70, 1
36, 179, 1
36, 485, 1
36, 376, 1
36, 70, 1
36, 221, 1
36, 240, 1
36, 357, 1
36, 89, 1
36, 36, 1
36, 199, 1
37, 2, 1
37, 190, 1
37, 313, 1
37, 277, 1
37, 272, 1
37, 489, 1
37, 14, 1
37, 64, 1
37, 109, 1
37, 95, 1
37, 434, 1
37, 428, 1
37, 187, 1
37, 456, 1
37, 108, 1
37, 459, 1
37, 487, 1
37, 21, 1
37, 456, 1
37, 470, 1
37, 395, 1
37, 470, 1
37, 27, 1
37, 70, 1
37, 179, 1
37, 485, 1
37, 376, 1
37, 70, 1
37, 221, 1
37, 240, 1
37, 357, 1
37, 89, 1
37, 36, 1
37, 199, 1
37, 36, 1
199, 382, -1
199, 348, -1
199, 379, -1
199, 490, -1
199, 180, -1
199, 39, -1
199, 282, -1
199, 295, -1
199, 9, -1
199, 222, -1
199, 309, -1
199, 215, -1
199, 473, -1
199, 338, -1
191, 382, -1
191, 2, -1
191, 190, -1
191, 313, -1
191, 277, -1
191, 272, -1
191, 489, -1
191, 14, -1
191, 64, -1
191, 109, -1
191, 95, -1
191, 434, -1
191, 428, -1
191, 187, -1
191, 456, -1
191, 108, -1
191, 459, -1
191, 487, -1
191, 21, -1
191, 456, -1
191, 470, -1
191, 395, -1
191, 470, -1
191, 27, -1
191, 70, -1
191, 179, -1
191, 485, -1
191, 376, -1
191, 70, -1
191, 221, -1
191, 240, -1
191, 357, -1
191, 89, -1
191, 36, -1
191, 199, -1
36, 382, -1
36, 348, -1
36, 379, -1
36, 490, -1
36, 180, -1
36, 39, -1
36, 282, -1
36, 295, -1
36, 9, -1
36, 222, -1
36, 309, -1
36, 215, -1
36, 473, -1
36, 338, -1
36, 191, -1
37, 382, -1
37, 348, -1
37, 379, -1
37, 490, -1
37, 180, -1
37, 39, -1
37, 282, -1
37, 295, -1
37, 9, -1
37, 222, -1
37, 309, -1
37, 215, -1
37, 473, -1
37, 338, -1
37, 191, -1

443, 2, 1
443, 190, 1
443, 313, 1
443, 277, 1
443, 272, 1
443, 489, 1
443, 14, 1
443, 64, 1
443, 109, 1
443, 95, 1
443, 434, 1
443, 428, 1
443, 187, 1
443, 456, 1
443, 108, 1
443, 459, 1
443, 487, 1
443, 21, 1
443, 456, 1
443, 470, 1
443, 395, 1
443, 470, 1
443, 27, 1
443, 70, 1
443, 179, 1
443, 485, 1
443, 376, 1
443, 70, 1
443, 221, 1
443, 240, 1
443, 357, 1
443, 89, 1
443, 36, 1
443, 199, 1
443, 36, 1
443, 37, 1
443, 424, 1
444, 2, 1
444, 190, 1
444, 313, 1
444, 277, 1
444, 272, 1
444, 489, 1
444, 14, 1
444, 64, 1
444, 109, 1
444, 95, 1
444, 434, 1
444, 428, 1
444, 187, 1
444, 456, 1
444, 108, 1
444, 459, 1
444, 487, 1
444, 21, 1
444, 456, 1
444, 470, 1
444, 395, 1
444, 470, 1
444, 27, 1
444, 70, 1
444, 179, 1
444, 485, 1
444, 376, 1
444, 70, 1
444, 221, 1
444, 240, 1
444, 357, 1
444, 89, 1
444, 36, 1
444, 199, 1
444, 36, 1
444, 37, 1
444, 424, 1
444, 443, 1
480, 2, 1
480, 190, 1
480, 313, 1
480, 277, 1
480, 272, 1
480, 489, 1
480, 14, 1
480, 64, 1
480, 109, 1
480, 95, 1
480, 434, 1
480, 428, 1
480, 187, 1
480, 456, 1
480, 108, 1
480, 459, 1
480, 487, 1
480, 21, 1
480, 456, 1
480, 470, 1
480, 395, 1
480, 470, 1
480, 27, 1
480, 70, 1
480, 179, 1
480, 485, 1
480, 376, 1
480, 70, 1
480, 221, 1
480, 240, 1
480, 357, 1
480, 89, 1
480, 36, 1
480, 199, 1
480, 36, 1
480, 37, 1
480, 424, 1
480, 443, 1
480, 444, 1
218, 348, 1
218, 379, 1
218, 490, 1
218, 180, 1
218, 39, 1
218, 282, 1
218, 295, 1
218, 9, 1
218, 222, 1
218, 309, 1
218, 215, 1
218, 473, 1
218, 338, 1
218, 191, 1
218, 410, 1
443, 382, -1
443, 348, -1
443, 379, -1
443, 490, -1
443, 180, -1
443, 39, -1
443, 282, -1
443, 295, -1
443, 9, -1
443, 222, -1
443, 309, -1
443, 215, -1
443, 473, -1
443, 338, -1
443, 191, -1
443, 410, -1
444, 382, -1
444, 348, -1
444, 379, -1
444, 490, -1
444, 180, -1
444, 39, -1
444, 282, -1
444, 295, -1
444, 9, -1
444, 222, -1
444, 309, -1
444, 215, -1
444, 473, -1
444, 338, -1
444, 191, -1
444, 410, -1
480, 382, -1
480, 348, -1
480, 379, -1
480, 490, -1
480, 180, -1
480, 39, -1
480, 282, -1
480, 295, -1
480, 9, -1
480, 222, -1
480, 309, -1
480, 215, -1
480, 473, -1
480, 338, -1
480, 191, -1
480, 410, -1
218, 382, -1
218, 2, -1
218, 190, -1
218, 313, -1
218, 277, -1
218, 272, -1
218, 489, -1
218, 14, -1
218, 64, -1
218, 109, -1
218, 95, -1
218, 434, -1
218, 428, -1
218, 187, -1
218, 456, -1
218, 108, -1
218, 459, -1
218, 487, -1
218, 21, -1
218, 456, -1
218, 470, -1
218, 395, -1
218, 470, -1
218, 27, -1
218, 70, -1
218, 179, -1
218, 485, -1
218, 376, -1
218, 70, -1
218, 221, -1
218, 240, -1
218, 357, -1
218, 89, -1
218, 36, -1
218, 199, -1
218, 36, -1
218, 37, -1
218, 424, -1
218, 443, -1
218, 444, -1
218, 480, -1

