190, 2, 1
313, 2, 1
313, 190, 1
379, 348, 1
277, 2, 1
277, 190, 1
277, 313, 1
348, 382, -1
2, 382, -1
2, 348, -1
190, 382, -1
190, 348, -1
313, 382, -1
313, 348, -1
379, 382, -1
379, 2, -1
379, 190, -1
379, 313, -1
277, 382, -1
277, 348, -1
277, 379, -1

489, 2, 1
489, 190, 1
489, 313, 1
489, 277, 1
489, 343, 1
14, 2, 1
14, 190, 1
14, 313, 1
14, 277, 1
14, 343, 1
14, 489, 1
340, 2, 1
340, 190, 1
340, 313, 1
340, 277, 1
340, 343, 1
340, 489, 1
340, 14, 1
187, 2, 1
187, 190, 1
187, 313, 1
187, 277, 1
187, 343, 1
187, 489, 1
187, 14, 1
187, 340, 1
489, 382, -1
489, 348, -1
489, 379, -1
489, 97, -1
14, 382, -1
14, 348, -1
14, 379, -1
14, 97, -1
340, 382, -1
340, 348, -1
340, 379, -1
340, 97, -1
187, 382, -1
187, 348, -1
187, 379, -1
187, 97, -1

434, 2, 1
434, 190, 1
434, 313, 1
434, 277, 1
434, 343, 1
434, 489, 1
434, 14, 1
434, 340, 1
434, 187, 1
434, 95, 1
95, 2, 1
95, 190, 1
95, 313, 1
95, 277, 1
95, 343, 1
95, 489, 1
95, 14, 1
95, 340, 1
95, 187, 1
95, 95, 1
95, 434, 1
240, 2, 1
240, 190, 1
240, 313, 1
240, 277, 1
240, 343, 1
240, 489, 1
240, 14, 1
240, 340, 1
240, 187, 1
240, 95, 1
240, 434, 1
240, 95, 1
64, 2, 1
64, 190, 1
64, 313, 1
64, 277, 1
64, 343, 1
64, 489, 1
64, 14, 1
64, 340, 1
64, 187, 1
64, 95, 1
64, 434, 1
64, 95, 1
64, 240, 1
434, 382, -1
434, 348, -1
434, 379, -1
434, 97, -1
95, 382, -1
95, 348, -1
95, 379, -1
95, 97, -1
240, 382, -1
240, 348, -1
240, 379, -1
240, 97, -1
64, 382, -1
64, 348, -1
64, 379, -1
64, 97, -1

33, 2, 1
33, 190, 1
33, 313, 1
33, 277, 1
33, 343, 1
33, 489, 1
33, 14, 1
33, 340, 1
33, 187, 1
33, 95, 1
33, 434, 1
33, 95, 1
33, 240, 1
33, 64, 1
33, 109, 1
33, 272, 1
470, 2, 1
470, 190, 1
470, 313, 1
470, 277, 1
470, 343, 1
470, 489, 1
470, 14, 1
470, 340, 1
470, 187, 1
470, 95, 1
470, 434, 1
470, 95, 1
470, 240, 1
470, 64, 1
470, 109, 1
470, 272, 1
470, 33, 1
109, 2, 1
109, 190, 1
109, 313, 1
109, 277, 1
109, 343, 1
109, 489, 1
109, 14, 1
109, 340, 1
109, 187, 1
109, 95, 1
109, 434, 1
109, 95, 1
109, 240, 1
109, 64, 1
109, 109, 1
109, 272, 1
109, 33, 1
109, 470, 1
33, 382, -1
33, 348, -1
33, 379, -1
33, 97, -1
470, 382, -1
470, 348, -1
470, 379, -1
470, 97, -1
109, 382, -1
109, 348, -1
109, 379, -1
109, 97, -1

27, 2, 1
27, 190, 1
27, 313, 1
27, 277, 1
27, 343, 1
27, 489, 1
27, 14, 1
27, 340, 1
27, 187, 1
27, 95, 1
27, 434, 1
27, 95, 1
27, 240, 1
27, 64, 1
27, 109, 1
27, 272, 1
27, 33, 1
27, 470, 1
27, 109, 1
27, 324, 1
27, 114, 1
324, 2, 1
324, 190, 1
324, 313, 1
324, 277, 1
324, 343, 1
324, 489, 1
324, 14, 1
324, 340, 1
324, 187, 1
324, 95, 1
324, 434, 1
324, 95, 1
324, 240, 1
324, 64, 1
324, 109, 1
324, 272, 1
324, 33, 1
324, 470, 1
324, 109, 1
324, 324, 1
324, 114, 1
324, 27, 1
124, 348, 1
124, 379, 1
124, 97, 1
27, 382, -1
27, 348, -1
27, 379, -1
27, 97, -1
324, 382, -1
324, 348, -1
324, 379, -1
324, 97, -1
124, 382, -1
124, 2, -1
124, 190, -1
124, 313, -1
124, 277, -1
124, 343, -1
124, 489, -1
124, 14, -1
124, 340, -1
124, 187, -1
124, 95, -1
124, 434, -1
124, 95, -1
124, 240, -1
124, 64, -1
124, 109, -1
124, 272, -1
124, 33, -1
124, 470, -1
124, 109, -1
124, 324, -1
124, 114, -1
124, 27, -1
124, 324, -1

332, 2, 1
332, 190, 1
332, 313, 1
332, 277, 1
332, 343, 1
332, 489, 1
332, 14, 1
332, 340, 1
332, 187, 1
332, 95, 1
332, 434, 1
332, 95, 1
332, 240, 1
332, 64, 1
332, 109, 1
332, 272, 1
332, 33, 1
332, 470, 1
332, 109, 1
332, 324, 1
332, 114, 1
332, 27, 1
332, 324, 1
332, 456, 1
332, 108, 1
456, 2, 1
456, 190, 1
456, 313, 1
456, 277, 1
456, 343, 1
456, 489, 1
456, 14, 1
456, 340, 1
456, 187, 1
456, 95, 1
456, 434, 1
456, 95, 1
456, 240, 1
456, 64, 1
456, 109, 1
456, 272, 1
456, 33, 1
456, 470, 1
456, 109, 1
456, 324, 1
456, 114, 1
456, 27, 1
456, 324, 1
456, 456, 1
456, 108, 1
456, 332, 1
444, 2, 1
444, 190, 1
444, 313, 1
444, 277, 1
444, 343, 1
444, 489, 1
444, 14, 1
444, 340, 1
444, 187, 1
444, 95, 1
444, 434, 1
444, 95, 1
444, 240, 1
444, 64, 1
444, 109, 1
444, 272, 1
444, 33, 1
444, 470, 1
444, 109, 1
444, 324, 1
444, 114, 1
444, 27, 1
444, 324, 1
444, 456, 1
444, 108, 1
444, 332, 1
444, 456, 1
332, 382, -1
332, 348, -1
332, 379, -1
332, 97, -1
332, 124, -1
456, 382, -1
456, 348, -1
456, 379, -1
456, 97, -1
456, 124, -1
444, 382, -1
444, 348, -1
444, 379, -1
444, 97, -1
444, 124, -1

70, 2, 1
70, 190, 1
70, 313, 1
70, 277, 1
70, 343, 1
70, 489, 1
70, 14, 1
70, 340, 1
70, 187, 1
70, 95, 1
70, 434, 1
70, 95, 1
70, 240, 1
70, 64, 1
70, 109, 1
70, 272, 1
70, 33, 1
70, 470, 1
70, 109, 1
70, 324, 1
70, 114, 1
70, 27, 1
70, 324, 1
70, 456, 1
70, 108, 1
70, 332, 1
70, 456, 1
70, 444, 1
70, 395, 1
282, 348, 1
282, 379, 1
282, 97, 1
282, 124, 1
319, 2, 1
319, 190, 1
319, 313, 1
319, 277, 1
319, 343, 1
319, 489, 1
319, 14, 1
319, 340, 1
319, 187, 1
319, 95, 1
319, 434, 1
319, 95, 1
319, 240, 1
319, 64, 1
319, 109, 1
319, 272, 1
319, 33, 1
319, 470, 1
319, 109, 1
319, 324, 1
319, 114, 1
319, 27, 1
319, 324, 1
319, 456, 1
319, 108, 1
319, 332, 1
319, 456, 1
319, 444, 1
319, 395, 1
319, 70, 1
70, 382, -1
70, 348, -1
70, 379, -1
70, 97, -1
70, 124, -1
282, 382, -1
282, 2, -1
282, 190, -1
282, 313, -1
282, 277, -1
282, 343, -1
282, 489, -1
282, 14, -1
282, 340, -1
282, 187, -1
282, 95, -1
282, 434, -1
282, 95, -1
282, 240, -1
282, 64, -1
282, 109, -1
282, 272, -1
282, 33, -1
282, 470, -1
282, 109, -1
282, 324, -1
282, 114, -1
282, 27, -1
282, 324, -1
282, 456, -1
282, 108, -1
282, 332, -1
282, 456, -1
282, 444, -1
282, 395, -1
282, 70, -1
319, 382, -1
319, 348, -1
319, 379, -1
319, 97, -1
319, 124, -1
319, 282, -1

89, 2, 1
89, 190, 1
89, 313, 1
89, 277, 1
89, 343, 1
89, 489, 1
89, 14, 1
89, 340, 1
89, 187, 1
89, 95, 1
89, 434, 1
89, 95, 1
89, 240, 1
89, 64, 1
89, 109, 1
89, 272, 1
89, 33, 1
89, 470, 1
89, 109, 1
89, 324, 1
89, 114, 1
89, 27, 1
89, 324, 1
89, 456, 1
89, 108, 1
89, 332, 1
89, 456, 1
89, 444, 1
89, 395, 1
89, 70, 1
89, 319, 1
89, 179, 1
259, 348, 1
259, 379, 1
259, 97, 1
259, 124, 1
259, 282, 1
259, 189, 1
60, 348, 1
60, 379, 1
60, 97, 1
60, 124, 1
60, 282, 1
60, 189, 1
60, 259, 1
89, 382, -1
89, 348, -1
89, 379, -1
89, 97, -1
89, 124, -1
89, 282, -1
89, 189, -1
259, 382, -1
259, 2, -1
259, 190, -1
259, 313, -1
259, 277, -1
259, 343, -1
259, 489, -1
259, 14, -1
259, 340, -1
259, 187, -1
259, 95, -1
259, 434, -1
259, 95, -1
259, 240, -1
259, 64, -1
259, 109, -1
259, 272, -1
259, 33, -1
259, 470, -1
259, 109, -1
259, 324, -1
259, 114, -1
259, 27, -1
259, 324, -1
259, 456, -1
259, 108, -1
259, 332, -1
259, 456, -1
259, 444, -1
259, 395, -1
259, 70, -1
259, 319, -1
259, 179, -1
259, 89, -1
60, 382, -1
60, 2, -1
60, 190, -1
60, 313, -1
60, 277, -1
60, 343, -1
60, 489, -1
60, 14, -1
60, 340, -1
60, 187, -1
60, 95, -1
60, 434, -1
60, 95, -1
60, 240, -1
60, 64, -1
60, 109, -1
60, 272, -1
60, 33, -1
60, 470, -1
60, 109, -1
60, 324, -1
60, 114, -1
60, 27, -1
60, 324, -1
60, 456, -1
60, 108, -1
60, 332, -1
60, 456, -1
60, 444, -1
60, 395, -1
60, 70, -1
60, 319, -1
60, 179, -1
60, 89, -1

224, 2, 1
224, 190, 1
224, 313, 1
224, 277, 1
224, 343, 1
224, 489, 1
224, 14, 1
224, 340, 1
224, 187, 1
224, 95, 1
224, 434, 1
224, 95, 1
224, 240, 1
224, 64, 1
224, 109, 1
224, 272, 1
224, 33, 1
224, 470, 1
224, 109, 1
224, 324, 1
224, 114, 1
224, 27, 1
224, 324, 1
224, 456, 1
224, 108, 1
224, 332, 1
224, 456, 1
224, 444, 1
224, 395, 1
224, 70, 1
224, 319, 1
224, 179, 1
224, 89, 1
224, 36, 1
224, 221, 1
376, 2, 1
376, 190, 1
376, 313, 1
376, 277, 1
376, 343, 1
376, 489, 1
376, 14, 1
376, 340, 1
376, 187, 1
376, 95, 1
376, 434, 1
376, 95, 1
376, 240, 1
376, 64, 1
376, 109, 1
376, 272, 1
376, 33, 1
376, 470, 1
376, 109, 1
376, 324, 1
376, 114, 1
376, 27, 1
376, 324, 1
376, 456, 1
376, 108, 1
376, 332, 1
376, 456, 1
376, 444, 1
376, 395, 1
376, 70, 1
376, 319, 1
376, 179, 1
376, 89, 1
376, 36, 1
376, 221, 1
376, 224, 1
36, 2, 1
36, 190, 1
36, 313, 1
36, 277, 1
36, 343, 1
36, 489, 1
36, 14, 1
36, 340, 1
36, 187, 1
36, 95, 1
36, 434, 1
36, 95, 1
36, 240, 1
36, 64, 1
36, 109, 1
36, 272, 1
36, 33, 1
36, 470, 1
36, 109, 1
36, 324, 1
36, 114, 1
36, 27, 1
36, 324, 1
36, 456, 1
36, 108, 1
36, 332, 1
36, 456, 1
36, 444, 1
36, 395, 1
36, 70, 1
36, 319, 1
36, 179, 1
36, 89, 1
36, 36, 1
36, 221, 1
36, 224, 1
36, 376, 1
405, 2, 1
405, 190, 1
405, 313, 1
405, 277, 1
405, 343, 1
405, 489, 1
405, 14, 1
405, 340, 1
405, 187, 1
405, 95, 1
405, 434, 1
405, 95, 1
405, 240, 1
405, 64, 1
405, 109, 1
405, 272, 1
405, 33, 1
405, 470, 1
405, 109, 1
405, 324, 1
405, 114, 1
405, 27, 1
405, 324, 1
405, 456, 1
405, 108, 1
405, 332, 1
405, 456, 1
405, 444, 1
405, 395, 1
405, 70, 1
405, 319, 1
405, 179, 1
405, 89, 1
405, 36, 1
405, 221, 1
405, 224, 1
405, 376, 1
405, 36, 1
224, 382, -1
224, 348, -1
224, 379, -1
224, 97, -1
224, 124, -1
224, 282, -1
224, 189, -1
224, 259, -1
224, 60, -1
224, 202, -1
376, 382, -1
376, 348, -1
376, 379, -1
376, 97, -1
376, 124, -1
376, 282, -1
376, 189, -1
376, 259, -1
376, 60, -1
376, 202, -1
36, 382, -1
36, 348, -1
36, 379, -1
36, 97, -1
36, 124, -1
36, 282, -1
36, 189, -1
36, 259, -1
36, 60, -1
36, 202, -1
405, 382, -1
405, 348, -1
405, 379, -1
405, 97, -1
405, 124, -1
405, 282, -1
405, 189, -1
405, 259, -1
405, 60, -1
405, 202, -1

167, 2, 1
167, 190, 1
167, 313, 1
167, 277, 1
167, 343, 1
167, 489, 1
167, 14, 1
167, 340, 1
167, 187, 1
167, 95, 1
167, 434, 1
167, 95, 1
167, 240, 1
167, 64, 1
167, 109, 1
167, 272, 1
167, 33, 1
167, 470, 1
167, 109, 1
167, 324, 1
167, 114, 1
167, 27, 1
167, 324, 1
167, 456, 1
167, 108, 1
167, 332, 1
167, 456, 1
167, 444, 1
167, 395, 1
167, 70, 1
167, 319, 1
167, 179, 1
167, 89, 1
167, 36, 1
167, 221, 1
167, 224, 1
167, 376, 1
167, 36, 1
167, 405, 1
167, 81, 1
300, 348, 1
300, 379, 1
300, 97, 1
300, 124, 1
300, 282, 1
300, 189, 1
300, 259, 1
300, 60, 1
300, 202, 1
300, 194, 1
170, 2, 1
170, 190, 1
170, 313, 1
170, 277, 1
170, 343, 1
170, 489, 1
170, 14, 1
170, 340, 1
170, 187, 1
170, 95, 1
170, 434, 1
170, 95, 1
170, 240, 1
170, 64, 1
170, 109, 1
170, 272, 1
170, 33, 1
170, 470, 1
170, 109, 1
170, 324, 1
170, 114, 1
170, 27, 1
170, 324, 1
170, 456, 1
170, 108, 1
170, 332, 1
170, 456, 1
170, 444, 1
170, 395, 1
170, 70, 1
170, 319, 1
170, 179, 1
170, 89, 1
170, 36, 1
170, 221, 1
170, 224, 1
170, 376, 1
170, 36, 1
170, 405, 1
170, 81, 1
170, 167, 1
167, 382, -1
167, 348, -1
167, 379, -1
167, 97, -1
167, 124, -1
167, 282, -1
167, 189, -1
167, 259, -1
167, 60, -1
167, 202, -1
167, 194, -1
300, 382, -1
300, 2, -1
300, 190, -1
300, 313, -1
300, 277, -1
300, 343, -1
300, 489, -1
300, 14, -1
300, 340, -1
300, 187, -1
300, 95, -1
300, 434, -1
300, 95, -1
300, 240, -1
300, 64, -1
300, 109, -1
300, 272, -1
300, 33, -1
300, 470, -1
300, 109, -1
300, 324, -1
300, 114, -1
300, 27, -1
300, 324, -1
300, 456, -1
300, 108, -1
300, 332, -1
300, 456, -1
300, 444, -1
300, 395, -1
300, 70, -1
300, 319, -1
300, 179, -1
300, 89, -1
300, 36, -1
300, 221, -1
300, 224, -1
300, 376, -1
300, 36, -1
300, 405, -1
300, 81, -1
300, 167, -1
170, 382, -1
170, 348, -1
170, 379, -1
170, 97, -1
170, 124, -1
170, 282, -1
170, 189, -1
170, 259, -1
170, 60, -1
170, 202, -1
170, 194, -1
170, 300, -1

