20828, 24958, 1
23167, 24958, 1
23167, 20828, 1
501, 24958, 1
501, 20828, 1
501, 23167, 1
22586, 24958, 1
22586, 20828, 1
22586, 23167, 1
22586, 501, 1
17, 24958, 1
17, 20828, 1
17, 23167, 1
17, 501, 1
17, 22586, 1
22, 24958, 1
22, 20828, 1
22, 23167, 1
22, 501, 1
22, 22586, 1
22, 17, 1
9980, 24958, -1
9980, 20828, -1
9980, 23167, -1
9980, 501, -1
9980, 22586, -1
17, 9980, -1
22, 9980, -1

20, 24958, 1
20, 20828, 1
20, 23167, 1
20, 501, 1
20, 22586, 1
20, 17, 1
20, 22, 1
78, 24958, 1
78, 20828, 1
78, 23167, 1
78, 501, 1
78, 22586, 1
78, 17, 1
78, 22, 1
78, 20, 1
193, 9980, 1
6, 24958, 1
6, 20828, 1
6, 23167, 1
6, 501, 1
6, 22586, 1
6, 17, 1
6, 22, 1
6, 20, 1
6, 78, 1
43, 24958, 1
43, 20828, 1
43, 23167, 1
43, 501, 1
43, 22586, 1
43, 17, 1
43, 22, 1
43, 20, 1
43, 78, 1
43, 6, 1
122, 24958, 1
122, 20828, 1
122, 23167, 1
122, 501, 1
122, 22586, 1
122, 17, 1
122, 22, 1
122, 20, 1
122, 78, 1
122, 6, 1
122, 43, 1
20, 9980, -1
78, 9980, -1
193, 24958, -1
193, 20828, -1
193, 23167, -1
193, 501, -1
193, 22586, -1
193, 17, -1
193, 22, -1
193, 20, -1
193, 78, -1
6, 9980, -1
6, 193, -1
43, 9980, -1
43, 193, -1
122, 9980, -1
122, 193, -1

0, 24958, 1
0, 20828, 1
0, 23167, 1
0, 501, 1
0, 22586, 1
0, 17, 1
0, 22, 1
0, 20, 1
0, 78, 1
0, 6, 1
0, 43, 1
0, 122, 1
9, 9980, 1
9, 193, 1
23, 24958, 1
23, 20828, 1
23, 23167, 1
23, 501, 1
23, 22586, 1
23, 17, 1
23, 22, 1
23, 20, 1
23, 78, 1
23, 6, 1
23, 43, 1
23, 122, 1
23, 0, 1
40, 24958, 1
40, 20828, 1
40, 23167, 1
40, 501, 1
40, 22586, 1
40, 17, 1
40, 22, 1
40, 20, 1
40, 78, 1
40, 6, 1
40, 43, 1
40, 122, 1
40, 0, 1
40, 23, 1
50, 24958, 1
50, 20828, 1
50, 23167, 1
50, 501, 1
50, 22586, 1
50, 17, 1
50, 22, 1
50, 20, 1
50, 78, 1
50, 6, 1
50, 43, 1
50, 122, 1
50, 0, 1
50, 23, 1
50, 40, 1
54, 24958, 1
54, 20828, 1
54, 23167, 1
54, 501, 1
54, 22586, 1
54, 17, 1
54, 22, 1
54, 20, 1
54, 78, 1
54, 6, 1
54, 43, 1
54, 122, 1
54, 0, 1
54, 23, 1
54, 40, 1
54, 50, 1
57, 24958, 1
57, 20828, 1
57, 23167, 1
57, 501, 1
57, 22586, 1
57, 17, 1
57, 22, 1
57, 20, 1
57, 78, 1
57, 6, 1
57, 43, 1
57, 122, 1
57, 0, 1
57, 23, 1
57, 40, 1
57, 50, 1
57, 54, 1
62, 9980, 1
62, 193, 1
62, 9, 1
0, 9980, -1
0, 193, -1
9, 24958, -1
9, 20828, -1
9, 23167, -1
9, 501, -1
9, 22586, -1
9, 17, -1
9, 22, -1
9, 20, -1
9, 78, -1
9, 6, -1
9, 43, -1
9, 122, -1
9, 0, -1
23, 9980, -1
23, 193, -1
23, 9, -1
40, 9980, -1
40, 193, -1
40, 9, -1
50, 9980, -1
50, 193, -1
50, 9, -1
54, 9980, -1
54, 193, -1
54, 9, -1
57, 9980, -1
57, 193, -1
57, 9, -1
62, 24958, -1
62, 20828, -1
62, 23167, -1
62, 501, -1
62, 22586, -1
62, 17, -1
62, 22, -1
62, 20, -1
62, 78, -1
62, 6, -1
62, 43, -1
62, 122, -1
62, 0, -1
62, 23, -1
62, 40, -1
62, 50, -1
62, 54, -1
62, 57, -1

1, 24958, 1
1, 20828, 1
1, 23167, 1
1, 501, 1
1, 22586, 1
1, 17, 1
1, 22, 1
1, 20, 1
1, 78, 1
1, 6, 1
1, 43, 1
1, 122, 1
1, 0, 1
1, 23, 1
1, 40, 1
1, 50, 1
1, 54, 1
1, 57, 1
75, 24958, 1
75, 20828, 1
75, 23167, 1
75, 501, 1
75, 22586, 1
75, 17, 1
75, 22, 1
75, 20, 1
75, 78, 1
75, 6, 1
75, 43, 1
75, 122, 1
75, 0, 1
75, 23, 1
75, 40, 1
75, 50, 1
75, 54, 1
75, 57, 1
75, 1, 1
76, 24958, 1
76, 20828, 1
76, 23167, 1
76, 501, 1
76, 22586, 1
76, 17, 1
76, 22, 1
76, 20, 1
76, 78, 1
76, 6, 1
76, 43, 1
76, 122, 1
76, 0, 1
76, 23, 1
76, 40, 1
76, 50, 1
76, 54, 1
76, 57, 1
76, 1, 1
76, 75, 1
100, 24958, 1
100, 20828, 1
100, 23167, 1
100, 501, 1
100, 22586, 1
100, 17, 1
100, 22, 1
100, 20, 1
100, 78, 1
100, 6, 1
100, 43, 1
100, 122, 1
100, 0, 1
100, 23, 1
100, 40, 1
100, 50, 1
100, 54, 1
100, 57, 1
100, 1, 1
100, 75, 1
100, 76, 1
106, 24958, 1
106, 20828, 1
106, 23167, 1
106, 501, 1
106, 22586, 1
106, 17, 1
106, 22, 1
106, 20, 1
106, 78, 1
106, 6, 1
106, 43, 1
106, 122, 1
106, 0, 1
106, 23, 1
106, 40, 1
106, 50, 1
106, 54, 1
106, 57, 1
106, 1, 1
106, 75, 1
106, 76, 1
106, 100, 1
126, 24958, 1
126, 20828, 1
126, 23167, 1
126, 501, 1
126, 22586, 1
126, 17, 1
126, 22, 1
126, 20, 1
126, 78, 1
126, 6, 1
126, 43, 1
126, 122, 1
126, 0, 1
126, 23, 1
126, 40, 1
126, 50, 1
126, 54, 1
126, 57, 1
126, 1, 1
126, 75, 1
126, 76, 1
126, 100, 1
126, 106, 1
68, 24958, 1
68, 20828, 1
68, 23167, 1
68, 501, 1
68, 22586, 1
68, 17, 1
68, 22, 1
68, 20, 1
68, 78, 1
68, 6, 1
68, 43, 1
68, 122, 1
68, 0, 1
68, 23, 1
68, 40, 1
68, 50, 1
68, 54, 1
68, 57, 1
68, 1, 1
68, 75, 1
68, 76, 1
68, 100, 1
68, 106, 1
68, 126, 1
130, 24958, 1
130, 20828, 1
130, 23167, 1
130, 501, 1
130, 22586, 1
130, 17, 1
130, 22, 1
130, 20, 1
130, 78, 1
130, 6, 1
130, 43, 1
130, 122, 1
130, 0, 1
130, 23, 1
130, 40, 1
130, 50, 1
130, 54, 1
130, 57, 1
130, 1, 1
130, 75, 1
130, 76, 1
130, 100, 1
130, 106, 1
130, 126, 1
130, 68, 1
195, 24958, 1
195, 20828, 1
195, 23167, 1
195, 501, 1
195, 22586, 1
195, 17, 1
195, 22, 1
195, 20, 1
195, 78, 1
195, 6, 1
195, 43, 1
195, 122, 1
195, 0, 1
195, 23, 1
195, 40, 1
195, 50, 1
195, 54, 1
195, 57, 1
195, 1, 1
195, 75, 1
195, 76, 1
195, 100, 1
195, 106, 1
195, 126, 1
195, 68, 1
195, 130, 1
198, 24958, 1
198, 20828, 1
198, 23167, 1
198, 501, 1
198, 22586, 1
198, 17, 1
198, 22, 1
198, 20, 1
198, 78, 1
198, 6, 1
198, 43, 1
198, 122, 1
198, 0, 1
198, 23, 1
198, 40, 1
198, 50, 1
198, 54, 1
198, 57, 1
198, 1, 1
198, 75, 1
198, 76, 1
198, 100, 1
198, 106, 1
198, 126, 1
198, 68, 1
198, 130, 1
198, 195, 1
1, 9980, -1
1, 193, -1
1, 9, -1
1, 62, -1
75, 9980, -1
75, 193, -1
75, 9, -1
75, 62, -1
76, 9980, -1
76, 193, -1
76, 9, -1
76, 62, -1
100, 9980, -1
100, 193, -1
100, 9, -1
100, 62, -1
106, 9980, -1
106, 193, -1
106, 9, -1
106, 62, -1
126, 9980, -1
126, 193, -1
126, 9, -1
126, 62, -1
68, 9980, -1
68, 193, -1
68, 9, -1
68, 62, -1
130, 9980, -1
130, 193, -1
130, 9, -1
130, 62, -1
195, 9980, -1
195, 193, -1
195, 9, -1
195, 62, -1
198, 9980, -1
198, 193, -1
198, 9, -1
198, 62, -1

199, 9980, 1
199, 193, 1
199, 9, 1
199, 62, 1
206, 24958, 1
206, 20828, 1
206, 23167, 1
206, 501, 1
206, 22586, 1
206, 17, 1
206, 22, 1
206, 20, 1
206, 78, 1
206, 6, 1
206, 43, 1
206, 122, 1
206, 0, 1
206, 23, 1
206, 40, 1
206, 50, 1
206, 54, 1
206, 57, 1
206, 1, 1
206, 75, 1
206, 76, 1
206, 100, 1
206, 106, 1
206, 126, 1
206, 68, 1
206, 130, 1
206, 195, 1
206, 198, 1
210, 24958, 1
210, 20828, 1
210, 23167, 1
210, 501, 1
210, 22586, 1
210, 17, 1
210, 22, 1
210, 20, 1
210, 78, 1
210, 6, 1
210, 43, 1
210, 122, 1
210, 0, 1
210, 23, 1
210, 40, 1
210, 50, 1
210, 54, 1
210, 57, 1
210, 1, 1
210, 75, 1
210, 76, 1
210, 100, 1
210, 106, 1
210, 126, 1
210, 68, 1
210, 130, 1
210, 195, 1
210, 198, 1
210, 206, 1
212, 24958, 1
212, 20828, 1
212, 23167, 1
212, 501, 1
212, 22586, 1
212, 17, 1
212, 22, 1
212, 20, 1
212, 78, 1
212, 6, 1
212, 43, 1
212, 122, 1
212, 0, 1
212, 23, 1
212, 40, 1
212, 50, 1
212, 54, 1
212, 57, 1
212, 1, 1
212, 75, 1
212, 76, 1
212, 100, 1
212, 106, 1
212, 126, 1
212, 68, 1
212, 130, 1
212, 195, 1
212, 198, 1
212, 206, 1
212, 210, 1
241, 24958, 1
241, 20828, 1
241, 23167, 1
241, 501, 1
241, 22586, 1
241, 17, 1
241, 22, 1
241, 20, 1
241, 78, 1
241, 6, 1
241, 43, 1
241, 122, 1
241, 0, 1
241, 23, 1
241, 40, 1
241, 50, 1
241, 54, 1
241, 57, 1
241, 1, 1
241, 75, 1
241, 76, 1
241, 100, 1
241, 106, 1
241, 126, 1
241, 68, 1
241, 130, 1
241, 195, 1
241, 198, 1
241, 206, 1
241, 210, 1
241, 212, 1
246, 9980, 1
246, 193, 1
246, 9, 1
246, 62, 1
246, 199, 1
249, 9980, 1
249, 193, 1
249, 9, 1
249, 62, 1
249, 199, 1
249, 246, 1
199, 24958, -1
199, 20828, -1
199, 23167, -1
199, 501, -1
199, 22586, -1
199, 17, -1
199, 22, -1
199, 20, -1
199, 78, -1
199, 6, -1
199, 43, -1
199, 122, -1
199, 0, -1
199, 23, -1
199, 40, -1
199, 50, -1
199, 54, -1
199, 57, -1
199, 1, -1
199, 75, -1
199, 76, -1
199, 100, -1
199, 106, -1
199, 126, -1
199, 68, -1
199, 130, -1
199, 195, -1
199, 198, -1
206, 9980, -1
206, 193, -1
206, 9, -1
206, 62, -1
206, 199, -1
210, 9980, -1
210, 193, -1
210, 9, -1
210, 62, -1
210, 199, -1
212, 9980, -1
212, 193, -1
212, 9, -1
212, 62, -1
212, 199, -1
241, 9980, -1
241, 193, -1
241, 9, -1
241, 62, -1
241, 199, -1
246, 24958, -1
246, 20828, -1
246, 23167, -1
246, 501, -1
246, 22586, -1
246, 17, -1
246, 22, -1
246, 20, -1
246, 78, -1
246, 6, -1
246, 43, -1
246, 122, -1
246, 0, -1
246, 23, -1
246, 40, -1
246, 50, -1
246, 54, -1
246, 57, -1
246, 1, -1
246, 75, -1
246, 76, -1
246, 100, -1
246, 106, -1
246, 126, -1
246, 68, -1
246, 130, -1
246, 195, -1
246, 198, -1
246, 206, -1
246, 210, -1
246, 212, -1
246, 241, -1
249, 24958, -1
249, 20828, -1
249, 23167, -1
249, 501, -1
249, 22586, -1
249, 17, -1
249, 22, -1
249, 20, -1
249, 78, -1
249, 6, -1
249, 43, -1
249, 122, -1
249, 0, -1
249, 23, -1
249, 40, -1
249, 50, -1
249, 54, -1
249, 57, -1
249, 1, -1
249, 75, -1
249, 76, -1
249, 100, -1
249, 106, -1
249, 126, -1
249, 68, -1
249, 130, -1
249, 195, -1
249, 198, -1
249, 206, -1
249, 210, -1
249, 212, -1
249, 241, -1

277, 24958, 1
277, 20828, 1
277, 23167, 1
277, 501, 1
277, 22586, 1
277, 17, 1
277, 22, 1
277, 20, 1
277, 78, 1
277, 6, 1
277, 43, 1
277, 122, 1
277, 0, 1
277, 23, 1
277, 40, 1
277, 50, 1
277, 54, 1
277, 57, 1
277, 1, 1
277, 75, 1
277, 76, 1
277, 100, 1
277, 106, 1
277, 126, 1
277, 68, 1
277, 130, 1
277, 195, 1
277, 198, 1
277, 206, 1
277, 210, 1
277, 212, 1
277, 241, 1
283, 24958, 1
283, 20828, 1
283, 23167, 1
283, 501, 1
283, 22586, 1
283, 17, 1
283, 22, 1
283, 20, 1
283, 78, 1
283, 6, 1
283, 43, 1
283, 122, 1
283, 0, 1
283, 23, 1
283, 40, 1
283, 50, 1
283, 54, 1
283, 57, 1
283, 1, 1
283, 75, 1
283, 76, 1
283, 100, 1
283, 106, 1
283, 126, 1
283, 68, 1
283, 130, 1
283, 195, 1
283, 198, 1
283, 206, 1
283, 210, 1
283, 212, 1
283, 241, 1
283, 277, 1
297, 24958, 1
297, 20828, 1
297, 23167, 1
297, 501, 1
297, 22586, 1
297, 17, 1
297, 22, 1
297, 20, 1
297, 78, 1
297, 6, 1
297, 43, 1
297, 122, 1
297, 0, 1
297, 23, 1
297, 40, 1
297, 50, 1
297, 54, 1
297, 57, 1
297, 1, 1
297, 75, 1
297, 76, 1
297, 100, 1
297, 106, 1
297, 126, 1
297, 68, 1
297, 130, 1
297, 195, 1
297, 198, 1
297, 206, 1
297, 210, 1
297, 212, 1
297, 241, 1
297, 277, 1
297, 283, 1
302, 24958, 1
302, 20828, 1
302, 23167, 1
302, 501, 1
302, 22586, 1
302, 17, 1
302, 22, 1
302, 20, 1
302, 78, 1
302, 6, 1
302, 43, 1
302, 122, 1
302, 0, 1
302, 23, 1
302, 40, 1
302, 50, 1
302, 54, 1
302, 57, 1
302, 1, 1
302, 75, 1
302, 76, 1
302, 100, 1
302, 106, 1
302, 126, 1
302, 68, 1
302, 130, 1
302, 195, 1
302, 198, 1
302, 206, 1
302, 210, 1
302, 212, 1
302, 241, 1
302, 277, 1
302, 283, 1
302, 297, 1
305, 24958, 1
305, 20828, 1
305, 23167, 1
305, 501, 1
305, 22586, 1
305, 17, 1
305, 22, 1
305, 20, 1
305, 78, 1
305, 6, 1
305, 43, 1
305, 122, 1
305, 0, 1
305, 23, 1
305, 40, 1
305, 50, 1
305, 54, 1
305, 57, 1
305, 1, 1
305, 75, 1
305, 76, 1
305, 100, 1
305, 106, 1
305, 126, 1
305, 68, 1
305, 130, 1
305, 195, 1
305, 198, 1
305, 206, 1
305, 210, 1
305, 212, 1
305, 241, 1
305, 277, 1
305, 283, 1
305, 297, 1
305, 302, 1
124, 24958, 1
124, 20828, 1
124, 23167, 1
124, 501, 1
124, 22586, 1
124, 17, 1
124, 22, 1
124, 20, 1
124, 78, 1
124, 6, 1
124, 43, 1
124, 122, 1
124, 0, 1
124, 23, 1
124, 40, 1
124, 50, 1
124, 54, 1
124, 57, 1
124, 1, 1
124, 75, 1
124, 76, 1
124, 100, 1
124, 106, 1
124, 126, 1
124, 68, 1
124, 130, 1
124, 195, 1
124, 198, 1
124, 206, 1
124, 210, 1
124, 212, 1
124, 241, 1
124, 277, 1
124, 283, 1
124, 297, 1
124, 302, 1
124, 305, 1
309, 24958, 1
309, 20828, 1
309, 23167, 1
309, 501, 1
309, 22586, 1
309, 17, 1
309, 22, 1
309, 20, 1
309, 78, 1
309, 6, 1
309, 43, 1
309, 122, 1
309, 0, 1
309, 23, 1
309, 40, 1
309, 50, 1
309, 54, 1
309, 57, 1
309, 1, 1
309, 75, 1
309, 76, 1
309, 100, 1
309, 106, 1
309, 126, 1
309, 68, 1
309, 130, 1
309, 195, 1
309, 198, 1
309, 206, 1
309, 210, 1
309, 212, 1
309, 241, 1
309, 277, 1
309, 283, 1
309, 297, 1
309, 302, 1
309, 305, 1
309, 124, 1
328, 9980, 1
328, 193, 1
328, 9, 1
328, 62, 1
328, 199, 1
328, 246, 1
328, 249, 1
329, 24958, 1
329, 20828, 1
329, 23167, 1
329, 501, 1
329, 22586, 1
329, 17, 1
329, 22, 1
329, 20, 1
329, 78, 1
329, 6, 1
329, 43, 1
329, 122, 1
329, 0, 1
329, 23, 1
329, 40, 1
329, 50, 1
329, 54, 1
329, 57, 1
329, 1, 1
329, 75, 1
329, 76, 1
329, 100, 1
329, 106, 1
329, 126, 1
329, 68, 1
329, 130, 1
329, 195, 1
329, 198, 1
329, 206, 1
329, 210, 1
329, 212, 1
329, 241, 1
329, 277, 1
329, 283, 1
329, 297, 1
329, 302, 1
329, 305, 1
329, 124, 1
329, 309, 1
277, 9980, -1
277, 193, -1
277, 9, -1
277, 62, -1
277, 199, -1
277, 246, -1
277, 249, -1
283, 9980, -1
283, 193, -1
283, 9, -1
283, 62, -1
283, 199, -1
283, 246, -1
283, 249, -1
297, 9980, -1
297, 193, -1
297, 9, -1
297, 62, -1
297, 199, -1
297, 246, -1
297, 249, -1
302, 9980, -1
302, 193, -1
302, 9, -1
302, 62, -1
302, 199, -1
302, 246, -1
302, 249, -1
305, 9980, -1
305, 193, -1
305, 9, -1
305, 62, -1
305, 199, -1
305, 246, -1
305, 249, -1
124, 9980, -1
124, 193, -1
124, 9, -1
124, 62, -1
124, 199, -1
124, 246, -1
124, 249, -1
309, 9980, -1
309, 193, -1
309, 9, -1
309, 62, -1
309, 199, -1
309, 246, -1
309, 249, -1
328, 24958, -1
328, 20828, -1
328, 23167, -1
328, 501, -1
328, 22586, -1
328, 17, -1
328, 22, -1
328, 20, -1
328, 78, -1
328, 6, -1
328, 43, -1
328, 122, -1
328, 0, -1
328, 23, -1
328, 40, -1
328, 50, -1
328, 54, -1
328, 57, -1
328, 1, -1
328, 75, -1
328, 76, -1
328, 100, -1
328, 106, -1
328, 126, -1
328, 68, -1
328, 130, -1
328, 195, -1
328, 198, -1
328, 206, -1
328, 210, -1
328, 212, -1
328, 241, -1
328, 277, -1
328, 283, -1
328, 297, -1
328, 302, -1
328, 305, -1
328, 124, -1
328, 309, -1
329, 9980, -1
329, 193, -1
329, 9, -1
329, 62, -1
329, 199, -1
329, 246, -1
329, 249, -1
329, 328, -1

347, 24958, 1
347, 20828, 1
347, 23167, 1
347, 501, 1
347, 22586, 1
347, 17, 1
347, 22, 1
347, 20, 1
347, 78, 1
347, 6, 1
347, 43, 1
347, 122, 1
347, 0, 1
347, 23, 1
347, 40, 1
347, 50, 1
347, 54, 1
347, 57, 1
347, 1, 1
347, 75, 1
347, 76, 1
347, 100, 1
347, 106, 1
347, 126, 1
347, 68, 1
347, 130, 1
347, 195, 1
347, 198, 1
347, 206, 1
347, 210, 1
347, 212, 1
347, 241, 1
347, 277, 1
347, 283, 1
347, 297, 1
347, 302, 1
347, 305, 1
347, 124, 1
347, 309, 1
347, 329, 1
352, 24958, 1
352, 20828, 1
352, 23167, 1
352, 501, 1
352, 22586, 1
352, 17, 1
352, 22, 1
352, 20, 1
352, 78, 1
352, 6, 1
352, 43, 1
352, 122, 1
352, 0, 1
352, 23, 1
352, 40, 1
352, 50, 1
352, 54, 1
352, 57, 1
352, 1, 1
352, 75, 1
352, 76, 1
352, 100, 1
352, 106, 1
352, 126, 1
352, 68, 1
352, 130, 1
352, 195, 1
352, 198, 1
352, 206, 1
352, 210, 1
352, 212, 1
352, 241, 1
352, 277, 1
352, 283, 1
352, 297, 1
352, 302, 1
352, 305, 1
352, 124, 1
352, 309, 1
352, 329, 1
352, 347, 1
353, 24958, 1
353, 20828, 1
353, 23167, 1
353, 501, 1
353, 22586, 1
353, 17, 1
353, 22, 1
353, 20, 1
353, 78, 1
353, 6, 1
353, 43, 1
353, 122, 1
353, 0, 1
353, 23, 1
353, 40, 1
353, 50, 1
353, 54, 1
353, 57, 1
353, 1, 1
353, 75, 1
353, 76, 1
353, 100, 1
353, 106, 1
353, 126, 1
353, 68, 1
353, 130, 1
353, 195, 1
353, 198, 1
353, 206, 1
353, 210, 1
353, 212, 1
353, 241, 1
353, 277, 1
353, 283, 1
353, 297, 1
353, 302, 1
353, 305, 1
353, 124, 1
353, 309, 1
353, 329, 1
353, 347, 1
353, 352, 1
415, 24958, 1
415, 20828, 1
415, 23167, 1
415, 501, 1
415, 22586, 1
415, 17, 1
415, 22, 1
415, 20, 1
415, 78, 1
415, 6, 1
415, 43, 1
415, 122, 1
415, 0, 1
415, 23, 1
415, 40, 1
415, 50, 1
415, 54, 1
415, 57, 1
415, 1, 1
415, 75, 1
415, 76, 1
415, 100, 1
415, 106, 1
415, 126, 1
415, 68, 1
415, 130, 1
415, 195, 1
415, 198, 1
415, 206, 1
415, 210, 1
415, 212, 1
415, 241, 1
415, 277, 1
415, 283, 1
415, 297, 1
415, 302, 1
415, 305, 1
415, 124, 1
415, 309, 1
415, 329, 1
415, 347, 1
415, 352, 1
415, 353, 1
430, 24958, 1
430, 20828, 1
430, 23167, 1
430, 501, 1
430, 22586, 1
430, 17, 1
430, 22, 1
430, 20, 1
430, 78, 1
430, 6, 1
430, 43, 1
430, 122, 1
430, 0, 1
430, 23, 1
430, 40, 1
430, 50, 1
430, 54, 1
430, 57, 1
430, 1, 1
430, 75, 1
430, 76, 1
430, 100, 1
430, 106, 1
430, 126, 1
430, 68, 1
430, 130, 1
430, 195, 1
430, 198, 1
430, 206, 1
430, 210, 1
430, 212, 1
430, 241, 1
430, 277, 1
430, 283, 1
430, 297, 1
430, 302, 1
430, 305, 1
430, 124, 1
430, 309, 1
430, 329, 1
430, 347, 1
430, 352, 1
430, 353, 1
430, 415, 1
431, 24958, 1
431, 20828, 1
431, 23167, 1
431, 501, 1
431, 22586, 1
431, 17, 1
431, 22, 1
431, 20, 1
431, 78, 1
431, 6, 1
431, 43, 1
431, 122, 1
431, 0, 1
431, 23, 1
431, 40, 1
431, 50, 1
431, 54, 1
431, 57, 1
431, 1, 1
431, 75, 1
431, 76, 1
431, 100, 1
431, 106, 1
431, 126, 1
431, 68, 1
431, 130, 1
431, 195, 1
431, 198, 1
431, 206, 1
431, 210, 1
431, 212, 1
431, 241, 1
431, 277, 1
431, 283, 1
431, 297, 1
431, 302, 1
431, 305, 1
431, 124, 1
431, 309, 1
431, 329, 1
431, 347, 1
431, 352, 1
431, 353, 1
431, 415, 1
431, 430, 1
462, 24958, 1
462, 20828, 1
462, 23167, 1
462, 501, 1
462, 22586, 1
462, 17, 1
462, 22, 1
462, 20, 1
462, 78, 1
462, 6, 1
462, 43, 1
462, 122, 1
462, 0, 1
462, 23, 1
462, 40, 1
462, 50, 1
462, 54, 1
462, 57, 1
462, 1, 1
462, 75, 1
462, 76, 1
462, 100, 1
462, 106, 1
462, 126, 1
462, 68, 1
462, 130, 1
462, 195, 1
462, 198, 1
462, 206, 1
462, 210, 1
462, 212, 1
462, 241, 1
462, 277, 1
462, 283, 1
462, 297, 1
462, 302, 1
462, 305, 1
462, 124, 1
462, 309, 1
462, 329, 1
462, 347, 1
462, 352, 1
462, 353, 1
462, 415, 1
462, 430, 1
462, 431, 1
470, 24958, 1
470, 20828, 1
470, 23167, 1
470, 501, 1
470, 22586, 1
470, 17, 1
470, 22, 1
470, 20, 1
470, 78, 1
470, 6, 1
470, 43, 1
470, 122, 1
470, 0, 1
470, 23, 1
470, 40, 1
470, 50, 1
470, 54, 1
470, 57, 1
470, 1, 1
470, 75, 1
470, 76, 1
470, 100, 1
470, 106, 1
470, 126, 1
470, 68, 1
470, 130, 1
470, 195, 1
470, 198, 1
470, 206, 1
470, 210, 1
470, 212, 1
470, 241, 1
470, 277, 1
470, 283, 1
470, 297, 1
470, 302, 1
470, 305, 1
470, 124, 1
470, 309, 1
470, 329, 1
470, 347, 1
470, 352, 1
470, 353, 1
470, 415, 1
470, 430, 1
470, 431, 1
470, 462, 1
487, 24958, 1
487, 20828, 1
487, 23167, 1
487, 501, 1
487, 22586, 1
487, 17, 1
487, 22, 1
487, 20, 1
487, 78, 1
487, 6, 1
487, 43, 1
487, 122, 1
487, 0, 1
487, 23, 1
487, 40, 1
487, 50, 1
487, 54, 1
487, 57, 1
487, 1, 1
487, 75, 1
487, 76, 1
487, 100, 1
487, 106, 1
487, 126, 1
487, 68, 1
487, 130, 1
487, 195, 1
487, 198, 1
487, 206, 1
487, 210, 1
487, 212, 1
487, 241, 1
487, 277, 1
487, 283, 1
487, 297, 1
487, 302, 1
487, 305, 1
487, 124, 1
487, 309, 1
487, 329, 1
487, 347, 1
487, 352, 1
487, 353, 1
487, 415, 1
487, 430, 1
487, 431, 1
487, 462, 1
487, 470, 1
511, 24958, 1
511, 20828, 1
511, 23167, 1
511, 501, 1
511, 22586, 1
511, 17, 1
511, 22, 1
511, 20, 1
511, 78, 1
511, 6, 1
511, 43, 1
511, 122, 1
511, 0, 1
511, 23, 1
511, 40, 1
511, 50, 1
511, 54, 1
511, 57, 1
511, 1, 1
511, 75, 1
511, 76, 1
511, 100, 1
511, 106, 1
511, 126, 1
511, 68, 1
511, 130, 1
511, 195, 1
511, 198, 1
511, 206, 1
511, 210, 1
511, 212, 1
511, 241, 1
511, 277, 1
511, 283, 1
511, 297, 1
511, 302, 1
511, 305, 1
511, 124, 1
511, 309, 1
511, 329, 1
511, 347, 1
511, 352, 1
511, 353, 1
511, 415, 1
511, 430, 1
511, 431, 1
511, 462, 1
511, 470, 1
511, 487, 1
347, 9980, -1
347, 193, -1
347, 9, -1
347, 62, -1
347, 199, -1
347, 246, -1
347, 249, -1
347, 328, -1
352, 9980, -1
352, 193, -1
352, 9, -1
352, 62, -1
352, 199, -1
352, 246, -1
352, 249, -1
352, 328, -1
353, 9980, -1
353, 193, -1
353, 9, -1
353, 62, -1
353, 199, -1
353, 246, -1
353, 249, -1
353, 328, -1
415, 9980, -1
415, 193, -1
415, 9, -1
415, 62, -1
415, 199, -1
415, 246, -1
415, 249, -1
415, 328, -1
430, 9980, -1
430, 193, -1
430, 9, -1
430, 62, -1
430, 199, -1
430, 246, -1
430, 249, -1
430, 328, -1
431, 9980, -1
431, 193, -1
431, 9, -1
431, 62, -1
431, 199, -1
431, 246, -1
431, 249, -1
431, 328, -1
462, 9980, -1
462, 193, -1
462, 9, -1
462, 62, -1
462, 199, -1
462, 246, -1
462, 249, -1
462, 328, -1
470, 9980, -1
470, 193, -1
470, 9, -1
470, 62, -1
470, 199, -1
470, 246, -1
470, 249, -1
470, 328, -1
487, 9980, -1
487, 193, -1
487, 9, -1
487, 62, -1
487, 199, -1
487, 246, -1
487, 249, -1
487, 328, -1
511, 9980, -1
511, 193, -1
511, 9, -1
511, 62, -1
511, 199, -1
511, 246, -1
511, 249, -1
511, 328, -1

526, 24958, 1
526, 20828, 1
526, 23167, 1
526, 501, 1
526, 22586, 1
526, 17, 1
526, 22, 1
526, 20, 1
526, 78, 1
526, 6, 1
526, 43, 1
526, 122, 1
526, 0, 1
526, 23, 1
526, 40, 1
526, 50, 1
526, 54, 1
526, 57, 1
526, 1, 1
526, 75, 1
526, 76, 1
526, 100, 1
526, 106, 1
526, 126, 1
526, 68, 1
526, 130, 1
526, 195, 1
526, 198, 1
526, 206, 1
526, 210, 1
526, 212, 1
526, 241, 1
526, 277, 1
526, 283, 1
526, 297, 1
526, 302, 1
526, 305, 1
526, 124, 1
526, 309, 1
526, 329, 1
526, 347, 1
526, 352, 1
526, 353, 1
526, 415, 1
526, 430, 1
526, 431, 1
526, 462, 1
526, 470, 1
526, 487, 1
526, 511, 1
534, 9980, 1
534, 193, 1
534, 9, 1
534, 62, 1
534, 199, 1
534, 246, 1
534, 249, 1
534, 328, 1
541, 9980, 1
541, 193, 1
541, 9, 1
541, 62, 1
541, 199, 1
541, 246, 1
541, 249, 1
541, 328, 1
541, 534, 1
543, 9980, 1
543, 193, 1
543, 9, 1
543, 62, 1
543, 199, 1
543, 246, 1
543, 249, 1
543, 328, 1
543, 534, 1
543, 541, 1
552, 24958, 1
552, 20828, 1
552, 23167, 1
552, 501, 1
552, 22586, 1
552, 17, 1
552, 22, 1
552, 20, 1
552, 78, 1
552, 6, 1
552, 43, 1
552, 122, 1
552, 0, 1
552, 23, 1
552, 40, 1
552, 50, 1
552, 54, 1
552, 57, 1
552, 1, 1
552, 75, 1
552, 76, 1
552, 100, 1
552, 106, 1
552, 126, 1
552, 68, 1
552, 130, 1
552, 195, 1
552, 198, 1
552, 206, 1
552, 210, 1
552, 212, 1
552, 241, 1
552, 277, 1
552, 283, 1
552, 297, 1
552, 302, 1
552, 305, 1
552, 124, 1
552, 309, 1
552, 329, 1
552, 347, 1
552, 352, 1
552, 353, 1
552, 415, 1
552, 430, 1
552, 431, 1
552, 462, 1
552, 470, 1
552, 487, 1
552, 511, 1
552, 526, 1
553, 24958, 1
553, 20828, 1
553, 23167, 1
553, 501, 1
553, 22586, 1
553, 17, 1
553, 22, 1
553, 20, 1
553, 78, 1
553, 6, 1
553, 43, 1
553, 122, 1
553, 0, 1
553, 23, 1
553, 40, 1
553, 50, 1
553, 54, 1
553, 57, 1
553, 1, 1
553, 75, 1
553, 76, 1
553, 100, 1
553, 106, 1
553, 126, 1
553, 68, 1
553, 130, 1
553, 195, 1
553, 198, 1
553, 206, 1
553, 210, 1
553, 212, 1
553, 241, 1
553, 277, 1
553, 283, 1
553, 297, 1
553, 302, 1
553, 305, 1
553, 124, 1
553, 309, 1
553, 329, 1
553, 347, 1
553, 352, 1
553, 353, 1
553, 415, 1
553, 430, 1
553, 431, 1
553, 462, 1
553, 470, 1
553, 487, 1
553, 511, 1
553, 526, 1
553, 552, 1
581, 24958, 1
581, 20828, 1
581, 23167, 1
581, 501, 1
581, 22586, 1
581, 17, 1
581, 22, 1
581, 20, 1
581, 78, 1
581, 6, 1
581, 43, 1
581, 122, 1
581, 0, 1
581, 23, 1
581, 40, 1
581, 50, 1
581, 54, 1
581, 57, 1
581, 1, 1
581, 75, 1
581, 76, 1
581, 100, 1
581, 106, 1
581, 126, 1
581, 68, 1
581, 130, 1
581, 195, 1
581, 198, 1
581, 206, 1
581, 210, 1
581, 212, 1
581, 241, 1
581, 277, 1
581, 283, 1
581, 297, 1
581, 302, 1
581, 305, 1
581, 124, 1
581, 309, 1
581, 329, 1
581, 347, 1
581, 352, 1
581, 353, 1
581, 415, 1
581, 430, 1
581, 431, 1
581, 462, 1
581, 470, 1
581, 487, 1
581, 511, 1
581, 526, 1
581, 552, 1
581, 553, 1
526, 9980, -1
526, 193, -1
526, 9, -1
526, 62, -1
526, 199, -1
526, 246, -1
526, 249, -1
526, 328, -1
534, 24958, -1
534, 20828, -1
534, 23167, -1
534, 501, -1
534, 22586, -1
534, 17, -1
534, 22, -1
534, 20, -1
534, 78, -1
534, 6, -1
534, 43, -1
534, 122, -1
534, 0, -1
534, 23, -1
534, 40, -1
534, 50, -1
534, 54, -1
534, 57, -1
534, 1, -1
534, 75, -1
534, 76, -1
534, 100, -1
534, 106, -1
534, 126, -1
534, 68, -1
534, 130, -1
534, 195, -1
534, 198, -1
534, 206, -1
534, 210, -1
534, 212, -1
534, 241, -1
534, 277, -1
534, 283, -1
534, 297, -1
534, 302, -1
534, 305, -1
534, 124, -1
534, 309, -1
534, 329, -1
534, 347, -1
534, 352, -1
534, 353, -1
534, 415, -1
534, 430, -1
534, 431, -1
534, 462, -1
534, 470, -1
534, 487, -1
534, 511, -1
534, 526, -1
541, 24958, -1
541, 20828, -1
541, 23167, -1
541, 501, -1
541, 22586, -1
541, 17, -1
541, 22, -1
541, 20, -1
541, 78, -1
541, 6, -1
541, 43, -1
541, 122, -1
541, 0, -1
541, 23, -1
541, 40, -1
541, 50, -1
541, 54, -1
541, 57, -1
541, 1, -1
541, 75, -1
541, 76, -1
541, 100, -1
541, 106, -1
541, 126, -1
541, 68, -1
541, 130, -1
541, 195, -1
541, 198, -1
541, 206, -1
541, 210, -1
541, 212, -1
541, 241, -1
541, 277, -1
541, 283, -1
541, 297, -1
541, 302, -1
541, 305, -1
541, 124, -1
541, 309, -1
541, 329, -1
541, 347, -1
541, 352, -1
541, 353, -1
541, 415, -1
541, 430, -1
541, 431, -1
541, 462, -1
541, 470, -1
541, 487, -1
541, 511, -1
541, 526, -1
543, 24958, -1
543, 20828, -1
543, 23167, -1
543, 501, -1
543, 22586, -1
543, 17, -1
543, 22, -1
543, 20, -1
543, 78, -1
543, 6, -1
543, 43, -1
543, 122, -1
543, 0, -1
543, 23, -1
543, 40, -1
543, 50, -1
543, 54, -1
543, 57, -1
543, 1, -1
543, 75, -1
543, 76, -1
543, 100, -1
543, 106, -1
543, 126, -1
543, 68, -1
543, 130, -1
543, 195, -1
543, 198, -1
543, 206, -1
543, 210, -1
543, 212, -1
543, 241, -1
543, 277, -1
543, 283, -1
543, 297, -1
543, 302, -1
543, 305, -1
543, 124, -1
543, 309, -1
543, 329, -1
543, 347, -1
543, 352, -1
543, 353, -1
543, 415, -1
543, 430, -1
543, 431, -1
543, 462, -1
543, 470, -1
543, 487, -1
543, 511, -1
543, 526, -1
552, 9980, -1
552, 193, -1
552, 9, -1
552, 62, -1
552, 199, -1
552, 246, -1
552, 249, -1
552, 328, -1
552, 534, -1
552, 541, -1
552, 543, -1
553, 9980, -1
553, 193, -1
553, 9, -1
553, 62, -1
553, 199, -1
553, 246, -1
553, 249, -1
553, 328, -1
553, 534, -1
553, 541, -1
553, 543, -1
581, 9980, -1
581, 193, -1
581, 9, -1
581, 62, -1
581, 199, -1
581, 246, -1
581, 249, -1
581, 328, -1
581, 534, -1
581, 541, -1
581, 543, -1

584, 24958, 1
584, 20828, 1
584, 23167, 1
584, 501, 1
584, 22586, 1
584, 17, 1
584, 22, 1
584, 20, 1
584, 78, 1
584, 6, 1
584, 43, 1
584, 122, 1
584, 0, 1
584, 23, 1
584, 40, 1
584, 50, 1
584, 54, 1
584, 57, 1
584, 1, 1
584, 75, 1
584, 76, 1
584, 100, 1
584, 106, 1
584, 126, 1
584, 68, 1
584, 130, 1
584, 195, 1
584, 198, 1
584, 206, 1
584, 210, 1
584, 212, 1
584, 241, 1
584, 277, 1
584, 283, 1
584, 297, 1
584, 302, 1
584, 305, 1
584, 124, 1
584, 309, 1
584, 329, 1
584, 347, 1
584, 352, 1
584, 353, 1
584, 415, 1
584, 430, 1
584, 431, 1
584, 462, 1
584, 470, 1
584, 487, 1
584, 511, 1
584, 526, 1
584, 552, 1
584, 553, 1
584, 581, 1
607, 9980, 1
607, 193, 1
607, 9, 1
607, 62, 1
607, 199, 1
607, 246, 1
607, 249, 1
607, 328, 1
607, 534, 1
607, 541, 1
607, 543, 1
664, 24958, 1
664, 20828, 1
664, 23167, 1
664, 501, 1
664, 22586, 1
664, 17, 1
664, 22, 1
664, 20, 1
664, 78, 1
664, 6, 1
664, 43, 1
664, 122, 1
664, 0, 1
664, 23, 1
664, 40, 1
664, 50, 1
664, 54, 1
664, 57, 1
664, 1, 1
664, 75, 1
664, 76, 1
664, 100, 1
664, 106, 1
664, 126, 1
664, 68, 1
664, 130, 1
664, 195, 1
664, 198, 1
664, 206, 1
664, 210, 1
664, 212, 1
664, 241, 1
664, 277, 1
664, 283, 1
664, 297, 1
664, 302, 1
664, 305, 1
664, 124, 1
664, 309, 1
664, 329, 1
664, 347, 1
664, 352, 1
664, 353, 1
664, 415, 1
664, 430, 1
664, 431, 1
664, 462, 1
664, 470, 1
664, 487, 1
664, 511, 1
664, 526, 1
664, 552, 1
664, 553, 1
664, 581, 1
664, 584, 1
666, 9980, 1
666, 193, 1
666, 9, 1
666, 62, 1
666, 199, 1
666, 246, 1
666, 249, 1
666, 328, 1
666, 534, 1
666, 541, 1
666, 543, 1
666, 607, 1
139, 24958, 1
139, 20828, 1
139, 23167, 1
139, 501, 1
139, 22586, 1
139, 17, 1
139, 22, 1
139, 20, 1
139, 78, 1
139, 6, 1
139, 43, 1
139, 122, 1
139, 0, 1
139, 23, 1
139, 40, 1
139, 50, 1
139, 54, 1
139, 57, 1
139, 1, 1
139, 75, 1
139, 76, 1
139, 100, 1
139, 106, 1
139, 126, 1
139, 68, 1
139, 130, 1
139, 195, 1
139, 198, 1
139, 206, 1
139, 210, 1
139, 212, 1
139, 241, 1
139, 277, 1
139, 283, 1
139, 297, 1
139, 302, 1
139, 305, 1
139, 124, 1
139, 309, 1
139, 329, 1
139, 347, 1
139, 352, 1
139, 353, 1
139, 415, 1
139, 430, 1
139, 431, 1
139, 462, 1
139, 470, 1
139, 487, 1
139, 511, 1
139, 526, 1
139, 552, 1
139, 553, 1
139, 581, 1
139, 584, 1
139, 664, 1
145, 24958, 1
145, 20828, 1
145, 23167, 1
145, 501, 1
145, 22586, 1
145, 17, 1
145, 22, 1
145, 20, 1
145, 78, 1
145, 6, 1
145, 43, 1
145, 122, 1
145, 0, 1
145, 23, 1
145, 40, 1
145, 50, 1
145, 54, 1
145, 57, 1
145, 1, 1
145, 75, 1
145, 76, 1
145, 100, 1
145, 106, 1
145, 126, 1
145, 68, 1
145, 130, 1
145, 195, 1
145, 198, 1
145, 206, 1
145, 210, 1
145, 212, 1
145, 241, 1
145, 277, 1
145, 283, 1
145, 297, 1
145, 302, 1
145, 305, 1
145, 124, 1
145, 309, 1
145, 329, 1
145, 347, 1
145, 352, 1
145, 353, 1
145, 415, 1
145, 430, 1
145, 431, 1
145, 462, 1
145, 470, 1
145, 487, 1
145, 511, 1
145, 526, 1
145, 552, 1
145, 553, 1
145, 581, 1
145, 584, 1
145, 664, 1
145, 139, 1
167, 9980, 1
167, 193, 1
167, 9, 1
167, 62, 1
167, 199, 1
167, 246, 1
167, 249, 1
167, 328, 1
167, 534, 1
167, 541, 1
167, 543, 1
167, 607, 1
167, 666, 1
584, 9980, -1
584, 193, -1
584, 9, -1
584, 62, -1
584, 199, -1
584, 246, -1
584, 249, -1
584, 328, -1
584, 534, -1
584, 541, -1
584, 543, -1
607, 24958, -1
607, 20828, -1
607, 23167, -1
607, 501, -1
607, 22586, -1
607, 17, -1
607, 22, -1
607, 20, -1
607, 78, -1
607, 6, -1
607, 43, -1
607, 122, -1
607, 0, -1
607, 23, -1
607, 40, -1
607, 50, -1
607, 54, -1
607, 57, -1
607, 1, -1
607, 75, -1
607, 76, -1
607, 100, -1
607, 106, -1
607, 126, -1
607, 68, -1
607, 130, -1
607, 195, -1
607, 198, -1
607, 206, -1
607, 210, -1
607, 212, -1
607, 241, -1
607, 277, -1
607, 283, -1
607, 297, -1
607, 302, -1
607, 305, -1
607, 124, -1
607, 309, -1
607, 329, -1
607, 347, -1
607, 352, -1
607, 353, -1
607, 415, -1
607, 430, -1
607, 431, -1
607, 462, -1
607, 470, -1
607, 487, -1
607, 511, -1
607, 526, -1
607, 552, -1
607, 553, -1
607, 581, -1
607, 584, -1
664, 9980, -1
664, 193, -1
664, 9, -1
664, 62, -1
664, 199, -1
664, 246, -1
664, 249, -1
664, 328, -1
664, 534, -1
664, 541, -1
664, 543, -1
664, 607, -1
666, 24958, -1
666, 20828, -1
666, 23167, -1
666, 501, -1
666, 22586, -1
666, 17, -1
666, 22, -1
666, 20, -1
666, 78, -1
666, 6, -1
666, 43, -1
666, 122, -1
666, 0, -1
666, 23, -1
666, 40, -1
666, 50, -1
666, 54, -1
666, 57, -1
666, 1, -1
666, 75, -1
666, 76, -1
666, 100, -1
666, 106, -1
666, 126, -1
666, 68, -1
666, 130, -1
666, 195, -1
666, 198, -1
666, 206, -1
666, 210, -1
666, 212, -1
666, 241, -1
666, 277, -1
666, 283, -1
666, 297, -1
666, 302, -1
666, 305, -1
666, 124, -1
666, 309, -1
666, 329, -1
666, 347, -1
666, 352, -1
666, 353, -1
666, 415, -1
666, 430, -1
666, 431, -1
666, 462, -1
666, 470, -1
666, 487, -1
666, 511, -1
666, 526, -1
666, 552, -1
666, 553, -1
666, 581, -1
666, 584, -1
666, 664, -1
139, 9980, -1
139, 193, -1
139, 9, -1
139, 62, -1
139, 199, -1
139, 246, -1
139, 249, -1
139, 328, -1
139, 534, -1
139, 541, -1
139, 543, -1
139, 607, -1
139, 666, -1
145, 9980, -1
145, 193, -1
145, 9, -1
145, 62, -1
145, 199, -1
145, 246, -1
145, 249, -1
145, 328, -1
145, 534, -1
145, 541, -1
145, 543, -1
145, 607, -1
145, 666, -1
167, 24958, -1
167, 20828, -1
167, 23167, -1
167, 501, -1
167, 22586, -1
167, 17, -1
167, 22, -1
167, 20, -1
167, 78, -1
167, 6, -1
167, 43, -1
167, 122, -1
167, 0, -1
167, 23, -1
167, 40, -1
167, 50, -1
167, 54, -1
167, 57, -1
167, 1, -1
167, 75, -1
167, 76, -1
167, 100, -1
167, 106, -1
167, 126, -1
167, 68, -1
167, 130, -1
167, 195, -1
167, 198, -1
167, 206, -1
167, 210, -1
167, 212, -1
167, 241, -1
167, 277, -1
167, 283, -1
167, 297, -1
167, 302, -1
167, 305, -1
167, 124, -1
167, 309, -1
167, 329, -1
167, 347, -1
167, 352, -1
167, 353, -1
167, 415, -1
167, 430, -1
167, 431, -1
167, 462, -1
167, 470, -1
167, 487, -1
167, 511, -1
167, 526, -1
167, 552, -1
167, 553, -1
167, 581, -1
167, 584, -1
167, 664, -1
167, 139, -1
167, 145, -1

668, 24958, 1
668, 20828, 1
668, 23167, 1
668, 501, 1
668, 22586, 1
668, 17, 1
668, 22, 1
668, 20, 1
668, 78, 1
668, 6, 1
668, 43, 1
668, 122, 1
668, 0, 1
668, 23, 1
668, 40, 1
668, 50, 1
668, 54, 1
668, 57, 1
668, 1, 1
668, 75, 1
668, 76, 1
668, 100, 1
668, 106, 1
668, 126, 1
668, 68, 1
668, 130, 1
668, 195, 1
668, 198, 1
668, 206, 1
668, 210, 1
668, 212, 1
668, 241, 1
668, 277, 1
668, 283, 1
668, 297, 1
668, 302, 1
668, 305, 1
668, 124, 1
668, 309, 1
668, 329, 1
668, 347, 1
668, 352, 1
668, 353, 1
668, 415, 1
668, 430, 1
668, 431, 1
668, 462, 1
668, 470, 1
668, 487, 1
668, 511, 1
668, 526, 1
668, 552, 1
668, 553, 1
668, 581, 1
668, 584, 1
668, 664, 1
668, 139, 1
668, 145, 1
692, 24958, 1
692, 20828, 1
692, 23167, 1
692, 501, 1
692, 22586, 1
692, 17, 1
692, 22, 1
692, 20, 1
692, 78, 1
692, 6, 1
692, 43, 1
692, 122, 1
692, 0, 1
692, 23, 1
692, 40, 1
692, 50, 1
692, 54, 1
692, 57, 1
692, 1, 1
692, 75, 1
692, 76, 1
692, 100, 1
692, 106, 1
692, 126, 1
692, 68, 1
692, 130, 1
692, 195, 1
692, 198, 1
692, 206, 1
692, 210, 1
692, 212, 1
692, 241, 1
692, 277, 1
692, 283, 1
692, 297, 1
692, 302, 1
692, 305, 1
692, 124, 1
692, 309, 1
692, 329, 1
692, 347, 1
692, 352, 1
692, 353, 1
692, 415, 1
692, 430, 1
692, 431, 1
692, 462, 1
692, 470, 1
692, 487, 1
692, 511, 1
692, 526, 1
692, 552, 1
692, 553, 1
692, 581, 1
692, 584, 1
692, 664, 1
692, 139, 1
692, 145, 1
692, 668, 1
694, 24958, 1
694, 20828, 1
694, 23167, 1
694, 501, 1
694, 22586, 1
694, 17, 1
694, 22, 1
694, 20, 1
694, 78, 1
694, 6, 1
694, 43, 1
694, 122, 1
694, 0, 1
694, 23, 1
694, 40, 1
694, 50, 1
694, 54, 1
694, 57, 1
694, 1, 1
694, 75, 1
694, 76, 1
694, 100, 1
694, 106, 1
694, 126, 1
694, 68, 1
694, 130, 1
694, 195, 1
694, 198, 1
694, 206, 1
694, 210, 1
694, 212, 1
694, 241, 1
694, 277, 1
694, 283, 1
694, 297, 1
694, 302, 1
694, 305, 1
694, 124, 1
694, 309, 1
694, 329, 1
694, 347, 1
694, 352, 1
694, 353, 1
694, 415, 1
694, 430, 1
694, 431, 1
694, 462, 1
694, 470, 1
694, 487, 1
694, 511, 1
694, 526, 1
694, 552, 1
694, 553, 1
694, 581, 1
694, 584, 1
694, 664, 1
694, 139, 1
694, 145, 1
694, 668, 1
694, 692, 1
698, 9980, 1
698, 193, 1
698, 9, 1
698, 62, 1
698, 199, 1
698, 246, 1
698, 249, 1
698, 328, 1
698, 534, 1
698, 541, 1
698, 543, 1
698, 607, 1
698, 666, 1
698, 167, 1
699, 24958, 1
699, 20828, 1
699, 23167, 1
699, 501, 1
699, 22586, 1
699, 17, 1
699, 22, 1
699, 20, 1
699, 78, 1
699, 6, 1
699, 43, 1
699, 122, 1
699, 0, 1
699, 23, 1
699, 40, 1
699, 50, 1
699, 54, 1
699, 57, 1
699, 1, 1
699, 75, 1
699, 76, 1
699, 100, 1
699, 106, 1
699, 126, 1
699, 68, 1
699, 130, 1
699, 195, 1
699, 198, 1
699, 206, 1
699, 210, 1
699, 212, 1
699, 241, 1
699, 277, 1
699, 283, 1
699, 297, 1
699, 302, 1
699, 305, 1
699, 124, 1
699, 309, 1
699, 329, 1
699, 347, 1
699, 352, 1
699, 353, 1
699, 415, 1
699, 430, 1
699, 431, 1
699, 462, 1
699, 470, 1
699, 487, 1
699, 511, 1
699, 526, 1
699, 552, 1
699, 553, 1
699, 581, 1
699, 584, 1
699, 664, 1
699, 139, 1
699, 145, 1
699, 668, 1
699, 692, 1
699, 694, 1
724, 24958, 1
724, 20828, 1
724, 23167, 1
724, 501, 1
724, 22586, 1
724, 17, 1
724, 22, 1
724, 20, 1
724, 78, 1
724, 6, 1
724, 43, 1
724, 122, 1
724, 0, 1
724, 23, 1
724, 40, 1
724, 50, 1
724, 54, 1
724, 57, 1
724, 1, 1
724, 75, 1
724, 76, 1
724, 100, 1
724, 106, 1
724, 126, 1
724, 68, 1
724, 130, 1
724, 195, 1
724, 198, 1
724, 206, 1
724, 210, 1
724, 212, 1
724, 241, 1
724, 277, 1
724, 283, 1
724, 297, 1
724, 302, 1
724, 305, 1
724, 124, 1
724, 309, 1
724, 329, 1
724, 347, 1
724, 352, 1
724, 353, 1
724, 415, 1
724, 430, 1
724, 431, 1
724, 462, 1
724, 470, 1
724, 487, 1
724, 511, 1
724, 526, 1
724, 552, 1
724, 553, 1
724, 581, 1
724, 584, 1
724, 664, 1
724, 139, 1
724, 145, 1
724, 668, 1
724, 692, 1
724, 694, 1
724, 699, 1
729, 9980, 1
729, 193, 1
729, 9, 1
729, 62, 1
729, 199, 1
729, 246, 1
729, 249, 1
729, 328, 1
729, 534, 1
729, 541, 1
729, 543, 1
729, 607, 1
729, 666, 1
729, 167, 1
729, 698, 1
731, 24958, 1
731, 20828, 1
731, 23167, 1
731, 501, 1
731, 22586, 1
731, 17, 1
731, 22, 1
731, 20, 1
731, 78, 1
731, 6, 1
731, 43, 1
731, 122, 1
731, 0, 1
731, 23, 1
731, 40, 1
731, 50, 1
731, 54, 1
731, 57, 1
731, 1, 1
731, 75, 1
731, 76, 1
731, 100, 1
731, 106, 1
731, 126, 1
731, 68, 1
731, 130, 1
731, 195, 1
731, 198, 1
731, 206, 1
731, 210, 1
731, 212, 1
731, 241, 1
731, 277, 1
731, 283, 1
731, 297, 1
731, 302, 1
731, 305, 1
731, 124, 1
731, 309, 1
731, 329, 1
731, 347, 1
731, 352, 1
731, 353, 1
731, 415, 1
731, 430, 1
731, 431, 1
731, 462, 1
731, 470, 1
731, 487, 1
731, 511, 1
731, 526, 1
731, 552, 1
731, 553, 1
731, 581, 1
731, 584, 1
731, 664, 1
731, 139, 1
731, 145, 1
731, 668, 1
731, 692, 1
731, 694, 1
731, 699, 1
731, 724, 1
668, 9980, -1
668, 193, -1
668, 9, -1
668, 62, -1
668, 199, -1
668, 246, -1
668, 249, -1
668, 328, -1
668, 534, -1
668, 541, -1
668, 543, -1
668, 607, -1
668, 666, -1
668, 167, -1
692, 9980, -1
692, 193, -1
692, 9, -1
692, 62, -1
692, 199, -1
692, 246, -1
692, 249, -1
692, 328, -1
692, 534, -1
692, 541, -1
692, 543, -1
692, 607, -1
692, 666, -1
692, 167, -1
694, 9980, -1
694, 193, -1
694, 9, -1
694, 62, -1
694, 199, -1
694, 246, -1
694, 249, -1
694, 328, -1
694, 534, -1
694, 541, -1
694, 543, -1
694, 607, -1
694, 666, -1
694, 167, -1
698, 24958, -1
698, 20828, -1
698, 23167, -1
698, 501, -1
698, 22586, -1
698, 17, -1
698, 22, -1
698, 20, -1
698, 78, -1
698, 6, -1
698, 43, -1
698, 122, -1
698, 0, -1
698, 23, -1
698, 40, -1
698, 50, -1
698, 54, -1
698, 57, -1
698, 1, -1
698, 75, -1
698, 76, -1
698, 100, -1
698, 106, -1
698, 126, -1
698, 68, -1
698, 130, -1
698, 195, -1
698, 198, -1
698, 206, -1
698, 210, -1
698, 212, -1
698, 241, -1
698, 277, -1
698, 283, -1
698, 297, -1
698, 302, -1
698, 305, -1
698, 124, -1
698, 309, -1
698, 329, -1
698, 347, -1
698, 352, -1
698, 353, -1
698, 415, -1
698, 430, -1
698, 431, -1
698, 462, -1
698, 470, -1
698, 487, -1
698, 511, -1
698, 526, -1
698, 552, -1
698, 553, -1
698, 581, -1
698, 584, -1
698, 664, -1
698, 139, -1
698, 145, -1
698, 668, -1
698, 692, -1
698, 694, -1
699, 9980, -1
699, 193, -1
699, 9, -1
699, 62, -1
699, 199, -1
699, 246, -1
699, 249, -1
699, 328, -1
699, 534, -1
699, 541, -1
699, 543, -1
699, 607, -1
699, 666, -1
699, 167, -1
699, 698, -1
724, 9980, -1
724, 193, -1
724, 9, -1
724, 62, -1
724, 199, -1
724, 246, -1
724, 249, -1
724, 328, -1
724, 534, -1
724, 541, -1
724, 543, -1
724, 607, -1
724, 666, -1
724, 167, -1
724, 698, -1
729, 24958, -1
729, 20828, -1
729, 23167, -1
729, 501, -1
729, 22586, -1
729, 17, -1
729, 22, -1
729, 20, -1
729, 78, -1
729, 6, -1
729, 43, -1
729, 122, -1
729, 0, -1
729, 23, -1
729, 40, -1
729, 50, -1
729, 54, -1
729, 57, -1
729, 1, -1
729, 75, -1
729, 76, -1
729, 100, -1
729, 106, -1
729, 126, -1
729, 68, -1
729, 130, -1
729, 195, -1
729, 198, -1
729, 206, -1
729, 210, -1
729, 212, -1
729, 241, -1
729, 277, -1
729, 283, -1
729, 297, -1
729, 302, -1
729, 305, -1
729, 124, -1
729, 309, -1
729, 329, -1
729, 347, -1
729, 352, -1
729, 353, -1
729, 415, -1
729, 430, -1
729, 431, -1
729, 462, -1
729, 470, -1
729, 487, -1
729, 511, -1
729, 526, -1
729, 552, -1
729, 553, -1
729, 581, -1
729, 584, -1
729, 664, -1
729, 139, -1
729, 145, -1
729, 668, -1
729, 692, -1
729, 694, -1
729, 699, -1
729, 724, -1
731, 9980, -1
731, 193, -1
731, 9, -1
731, 62, -1
731, 199, -1
731, 246, -1
731, 249, -1
731, 328, -1
731, 534, -1
731, 541, -1
731, 543, -1
731, 607, -1
731, 666, -1
731, 167, -1
731, 698, -1
731, 729, -1

