92, 126, 1
128, 126, 1
128, 92, 1
191, 185, 1
201, 185, 1
201, 191, 1
133, 126, 1
133, 92, 1
133, 128, 1
189, 185, 1
189, 191, 1
189, 201, 1
185, 126, -1
185, 92, -1
185, 128, -1
191, 126, -1
191, 92, -1
191, 128, -1
201, 126, -1
201, 92, -1
201, 128, -1
133, 185, -1
133, 191, -1
133, 201, -1
189, 126, -1
189, 92, -1
189, 128, -1
189, 133, -1

107, 126, 1
107, 92, 1
107, 128, 1
107, 133, 1
56, 50, 1
107, 185, -1
107, 191, -1
107, 201, -1
107, 189, -1
50, 126, -1
50, 92, -1
50, 128, -1
50, 133, -1
50, 107, -1
50, 185, -1
50, 191, -1
50, 201, -1
50, 189, -1
56, 126, -1
56, 92, -1
56, 128, -1
56, 133, -1
56, 107, -1
56, 185, -1
56, 191, -1
56, 201, -1
56, 189, -1

112, 126, 1
112, 92, 1
112, 128, 1
112, 133, 1
112, 107, 1
105, 126, 1
105, 92, 1
105, 128, 1
105, 133, 1
105, 107, 1
105, 112, 1
124, 126, 1
124, 92, 1
124, 128, 1
124, 133, 1
124, 107, 1
124, 112, 1
124, 105, 1
112, 185, -1
112, 191, -1
112, 201, -1
112, 189, -1
112, 50, -1
112, 56, -1
105, 185, -1
105, 191, -1
105, 201, -1
105, 189, -1
105, 50, -1
105, 56, -1
124, 185, -1
124, 191, -1
124, 201, -1
124, 189, -1
124, 50, -1
124, 56, -1

109, 126, 1
109, 92, 1
109, 128, 1
109, 133, 1
109, 107, 1
109, 112, 1
109, 105, 1
109, 124, 1
65, 50, 1
65, 56, 1
109, 185, -1
109, 191, -1
109, 201, -1
109, 189, -1
109, 50, -1
109, 56, -1
183, 126, -1
183, 92, -1
183, 128, -1
183, 133, -1
183, 107, -1
183, 112, -1
183, 105, -1
183, 124, -1
183, 109, -1
183, 185, -1
183, 191, -1
183, 201, -1
183, 189, -1
183, 50, -1
183, 56, -1
65, 126, -1
65, 92, -1
65, 128, -1
65, 133, -1
65, 107, -1
65, 112, -1
65, 105, -1
65, 124, -1
65, 109, -1
65, 185, -1
65, 191, -1
65, 201, -1
65, 189, -1
65, 183, -1

104, 126, 1
104, 92, 1
104, 128, 1
104, 133, 1
104, 107, 1
104, 112, 1
104, 105, 1
104, 124, 1
104, 109, 1
172, 126, -1
172, 92, -1
172, 128, -1
172, 133, -1
172, 107, -1
172, 112, -1
172, 105, -1
172, 124, -1
172, 109, -1
172, 185, -1
172, 191, -1
172, 201, -1
172, 189, -1
172, 50, -1
172, 56, -1
172, 65, -1
172, 183, -1
104, 185, -1
104, 191, -1
104, 201, -1
104, 189, -1
104, 50, -1
104, 56, -1
104, 65, -1
104, 183, -1
104, 172, -1

61, 50, 1
61, 56, 1
61, 65, 1
66, 50, 1
66, 56, 1
66, 65, 1
66, 61, 1
61, 126, -1
61, 92, -1
61, 128, -1
61, 133, -1
61, 107, -1
61, 112, -1
61, 105, -1
61, 124, -1
61, 109, -1
61, 104, -1
61, 185, -1
61, 191, -1
61, 201, -1
61, 189, -1
61, 183, -1
61, 172, -1
66, 126, -1
66, 92, -1
66, 128, -1
66, 133, -1
66, 107, -1
66, 112, -1
66, 105, -1
66, 124, -1
66, 109, -1
66, 104, -1
66, 185, -1
66, 191, -1
66, 201, -1
66, 189, -1
66, 183, -1
66, 172, -1

171, 172, 1
184, 183, 1
171, 126, -1
171, 92, -1
171, 128, -1
171, 133, -1
171, 107, -1
171, 112, -1
171, 105, -1
171, 124, -1
171, 109, -1
171, 104, -1
171, 185, -1
171, 191, -1
171, 201, -1
171, 189, -1
171, 50, -1
171, 56, -1
171, 65, -1
171, 61, -1
171, 66, -1
171, 183, -1
184, 126, -1
184, 92, -1
184, 128, -1
184, 133, -1
184, 107, -1
184, 112, -1
184, 105, -1
184, 124, -1
184, 109, -1
184, 104, -1
184, 185, -1
184, 191, -1
184, 201, -1
184, 189, -1
184, 50, -1
184, 56, -1
184, 65, -1
184, 61, -1
184, 66, -1
184, 172, -1
184, 171, -1

103, 126, 1
103, 92, 1
103, 128, 1
103, 133, 1
103, 107, 1
103, 112, 1
103, 105, 1
103, 124, 1
103, 109, 1
103, 104, 1
178, 183, 1
178, 184, 1
103, 185, -1
103, 191, -1
103, 201, -1
103, 189, -1
103, 50, -1
103, 56, -1
103, 65, -1
103, 61, -1
103, 66, -1
103, 183, -1
103, 184, -1
103, 172, -1
103, 171, -1
178, 126, -1
178, 92, -1
178, 128, -1
178, 133, -1
178, 107, -1
178, 112, -1
178, 105, -1
178, 124, -1
178, 109, -1
178, 104, -1
178, 103, -1
178, 185, -1
178, 191, -1
178, 201, -1
178, 189, -1
178, 50, -1
178, 56, -1
178, 65, -1
178, 61, -1
178, 66, -1
178, 172, -1
178, 171, -1

163, 172, 1
163, 171, 1
186, 185, 1
186, 191, 1
186, 201, 1
186, 189, 1
177, 183, 1
177, 184, 1
177, 178, 1
163, 126, -1
163, 92, -1
163, 128, -1
163, 133, -1
163, 107, -1
163, 112, -1
163, 105, -1
163, 124, -1
163, 109, -1
163, 104, -1
163, 103, -1
163, 185, -1
163, 191, -1
163, 201, -1
163, 189, -1
163, 50, -1
163, 56, -1
163, 65, -1
163, 61, -1
163, 66, -1
163, 183, -1
163, 184, -1
163, 178, -1
186, 126, -1
186, 92, -1
186, 128, -1
186, 133, -1
186, 107, -1
186, 112, -1
186, 105, -1
186, 124, -1
186, 109, -1
186, 104, -1
186, 103, -1
186, 50, -1
186, 56, -1
186, 65, -1
186, 61, -1
186, 66, -1
186, 183, -1
186, 184, -1
186, 178, -1
186, 172, -1
186, 171, -1
186, 163, -1
177, 126, -1
177, 92, -1
177, 128, -1
177, 133, -1
177, 107, -1
177, 112, -1
177, 105, -1
177, 124, -1
177, 109, -1
177, 104, -1
177, 103, -1
177, 185, -1
177, 191, -1
177, 201, -1
177, 189, -1
177, 186, -1
177, 50, -1
177, 56, -1
177, 65, -1
177, 61, -1
177, 66, -1
177, 172, -1
177, 171, -1
177, 163, -1

176, 183, 1
176, 184, 1
176, 178, 1
176, 177, 1
8, 50, 1
8, 56, 1
8, 65, 1
8, 61, 1
8, 66, 1
176, 126, -1
176, 92, -1
176, 128, -1
176, 133, -1
176, 107, -1
176, 112, -1
176, 105, -1
176, 124, -1
176, 109, -1
176, 104, -1
176, 103, -1
176, 185, -1
176, 191, -1
176, 201, -1
176, 189, -1
176, 186, -1
176, 50, -1
176, 56, -1
176, 65, -1
176, 61, -1
176, 66, -1
176, 172, -1
176, 171, -1
176, 163, -1
8, 126, -1
8, 92, -1
8, 128, -1
8, 133, -1
8, 107, -1
8, 112, -1
8, 105, -1
8, 124, -1
8, 109, -1
8, 104, -1
8, 103, -1
8, 185, -1
8, 191, -1
8, 201, -1
8, 189, -1
8, 186, -1
8, 183, -1
8, 184, -1
8, 178, -1
8, 177, -1
8, 176, -1
8, 172, -1
8, 171, -1
8, 163, -1

