92, 126, 1
128, 126, 1
128, 92, 1
191, 185, 1
201, 185, 1
201, 191, 1
133, 126, 1
133, 92, 1
133, 128, 1
189, 185, 1
189, 191, 1
189, 201, 1
185, 126, -1
185, 92, -1
185, 128, -1
191, 126, -1
191, 92, -1
191, 128, -1
201, 126, -1
201, 92, -1
201, 128, -1
133, 185, -1
133, 191, -1
133, 201, -1
189, 126, -1
189, 92, -1
189, 128, -1
189, 133, -1

107, 126, 1
107, 92, 1
107, 128, 1
107, 133, 1
56, 50, 1
107, 185, -1
107, 191, -1
107, 201, -1
107, 189, -1
50, 126, -1
50, 92, -1
50, 128, -1
50, 133, -1
50, 107, -1
50, 185, -1
50, 191, -1
50, 201, -1
50, 189, -1
56, 126, -1
56, 92, -1
56, 128, -1
56, 133, -1
56, 107, -1
56, 185, -1
56, 191, -1
56, 201, -1
56, 189, -1

112, 126, 1
112, 92, 1
112, 128, 1
112, 133, 1
112, 107, 1
105, 126, 1
105, 92, 1
105, 128, 1
105, 133, 1
105, 107, 1
105, 112, 1
124, 126, 1
124, 92, 1
124, 128, 1
124, 133, 1
124, 107, 1
124, 112, 1
124, 105, 1
112, 185, -1
112, 191, -1
112, 201, -1
112, 189, -1
112, 50, -1
112, 56, -1
105, 185, -1
105, 191, -1
105, 201, -1
105, 189, -1
105, 50, -1
105, 56, -1
124, 185, -1
124, 191, -1
124, 201, -1
124, 189, -1
124, 50, -1
124, 56, -1

61, 50, 1
61, 56, 1
43, 50, 1
43, 56, 1
43, 61, 1
61, 126, -1
61, 92, -1
61, 128, -1
61, 133, -1
61, 107, -1
61, 112, -1
61, 105, -1
61, 124, -1
61, 185, -1
61, 191, -1
61, 201, -1
61, 189, -1
43, 126, -1
43, 92, -1
43, 128, -1
43, 133, -1
43, 107, -1
43, 112, -1
43, 105, -1
43, 124, -1
43, 185, -1
43, 191, -1
43, 201, -1
43, 189, -1
183, 126, -1
183, 92, -1
183, 128, -1
183, 133, -1
183, 107, -1
183, 112, -1
183, 105, -1
183, 124, -1
183, 185, -1
183, 191, -1
183, 201, -1
183, 189, -1
183, 50, -1
183, 56, -1
183, 61, -1
183, 43, -1

163, 172, 1
172, 126, -1
172, 92, -1
172, 128, -1
172, 133, -1
172, 107, -1
172, 112, -1
172, 105, -1
172, 124, -1
172, 185, -1
172, 191, -1
172, 201, -1
172, 189, -1
172, 50, -1
172, 56, -1
172, 61, -1
172, 43, -1
172, 183, -1
163, 126, -1
163, 92, -1
163, 128, -1
163, 133, -1
163, 107, -1
163, 112, -1
163, 105, -1
163, 124, -1
163, 185, -1
163, 191, -1
163, 201, -1
163, 189, -1
163, 50, -1
163, 56, -1
163, 61, -1
163, 43, -1
163, 183, -1

188, 185, 1
188, 191, 1
188, 201, 1
188, 189, 1
104, 126, 1
104, 92, 1
104, 128, 1
104, 133, 1
104, 107, 1
104, 112, 1
104, 105, 1
104, 124, 1
188, 126, -1
188, 92, -1
188, 128, -1
188, 133, -1
188, 107, -1
188, 112, -1
188, 105, -1
188, 124, -1
188, 50, -1
188, 56, -1
188, 61, -1
188, 43, -1
188, 183, -1
188, 172, -1
188, 163, -1
104, 185, -1
104, 191, -1
104, 201, -1
104, 189, -1
104, 188, -1
104, 50, -1
104, 56, -1
104, 61, -1
104, 43, -1
104, 183, -1
104, 172, -1
104, 163, -1

186, 185, 1
186, 191, 1
186, 201, 1
186, 189, 1
186, 188, 1
129, 126, 1
129, 92, 1
129, 128, 1
129, 133, 1
129, 107, 1
129, 112, 1
129, 105, 1
129, 124, 1
129, 104, 1
186, 126, -1
186, 92, -1
186, 128, -1
186, 133, -1
186, 107, -1
186, 112, -1
186, 105, -1
186, 124, -1
186, 104, -1
186, 50, -1
186, 56, -1
186, 61, -1
186, 43, -1
186, 183, -1
186, 172, -1
186, 163, -1
129, 185, -1
129, 191, -1
129, 201, -1
129, 189, -1
129, 188, -1
129, 186, -1
129, 50, -1
129, 56, -1
129, 61, -1
129, 43, -1
129, 183, -1
129, 172, -1
129, 163, -1

180, 183, 1
103, 126, 1
103, 92, 1
103, 128, 1
103, 133, 1
103, 107, 1
103, 112, 1
103, 105, 1
103, 124, 1
103, 104, 1
103, 129, 1
180, 126, -1
180, 92, -1
180, 128, -1
180, 133, -1
180, 107, -1
180, 112, -1
180, 105, -1
180, 124, -1
180, 104, -1
180, 129, -1
180, 185, -1
180, 191, -1
180, 201, -1
180, 189, -1
180, 188, -1
180, 186, -1
180, 50, -1
180, 56, -1
180, 61, -1
180, 43, -1
180, 172, -1
180, 163, -1
103, 185, -1
103, 191, -1
103, 201, -1
103, 189, -1
103, 188, -1
103, 186, -1
103, 50, -1
103, 56, -1
103, 61, -1
103, 43, -1
103, 183, -1
103, 180, -1
103, 172, -1
103, 163, -1

184, 183, 1
184, 180, 1
177, 183, 1
177, 180, 1
177, 184, 1
184, 126, -1
184, 92, -1
184, 128, -1
184, 133, -1
184, 107, -1
184, 112, -1
184, 105, -1
184, 124, -1
184, 104, -1
184, 129, -1
184, 103, -1
184, 185, -1
184, 191, -1
184, 201, -1
184, 189, -1
184, 188, -1
184, 186, -1
184, 50, -1
184, 56, -1
184, 61, -1
184, 43, -1
184, 172, -1
184, 163, -1
177, 126, -1
177, 92, -1
177, 128, -1
177, 133, -1
177, 107, -1
177, 112, -1
177, 105, -1
177, 124, -1
177, 104, -1
177, 129, -1
177, 103, -1
177, 185, -1
177, 191, -1
177, 201, -1
177, 189, -1
177, 188, -1
177, 186, -1
177, 50, -1
177, 56, -1
177, 61, -1
177, 43, -1
177, 172, -1
177, 163, -1

70, 126, 1
70, 92, 1
70, 128, 1
70, 133, 1
70, 107, 1
70, 112, 1
70, 105, 1
70, 124, 1
70, 104, 1
70, 129, 1
70, 103, 1
70, 185, -1
70, 191, -1
70, 201, -1
70, 189, -1
70, 188, -1
70, 186, -1
70, 50, -1
70, 56, -1
70, 61, -1
70, 43, -1
70, 183, -1
70, 180, -1
70, 184, -1
70, 177, -1
70, 172, -1
70, 163, -1
157, 126, -1
157, 92, -1
157, 128, -1
157, 133, -1
157, 107, -1
157, 112, -1
157, 105, -1
157, 124, -1
157, 104, -1
157, 129, -1
157, 103, -1
157, 70, -1
157, 185, -1
157, 191, -1
157, 201, -1
157, 189, -1
157, 188, -1
157, 186, -1
157, 50, -1
157, 56, -1
157, 61, -1
157, 43, -1
157, 183, -1
157, 180, -1
157, 184, -1
157, 177, -1
157, 172, -1
157, 163, -1

