173, 171, 1
171, 173, 1
186, 201, 1
201, 186, 1
173, 184, -1
171, 184, -1
173, 186, -1
173, 201, -1
171, 186, -1
171, 201, -1
173, 106, -1
171, 106, -1
184, 173, -1
184, 171, -1
184, 186, -1
184, 201, -1
184, 106, -1
186, 173, -1
186, 171, -1
201, 173, -1
201, 171, -1
186, 184, -1
201, 184, -1
186, 106, -1
201, 106, -1
106, 173, -1
106, 171, -1
106, 184, -1
106, 186, -1
106, 201, -1

173, 171, 1
171, 173, 1
186, 201, 1
186, 193, 1
201, 186, 1
201, 193, 1
193, 186, 1
193, 201, 1
173, 184, -1
171, 184, -1
173, 186, -1
173, 201, -1
173, 193, -1
171, 186, -1
171, 201, -1
171, 193, -1
173, 106, -1
171, 106, -1
173, 43, -1
171, 43, -1
184, 173, -1
184, 171, -1
184, 186, -1
184, 201, -1
184, 193, -1
184, 106, -1
184, 43, -1
186, 173, -1
186, 171, -1
201, 173, -1
201, 171, -1
193, 173, -1
193, 171, -1
186, 184, -1
201, 184, -1
193, 184, -1
186, 106, -1
201, 106, -1
193, 106, -1
186, 43, -1
201, 43, -1
193, 43, -1
106, 173, -1
106, 171, -1
106, 184, -1
106, 186, -1
106, 201, -1
106, 193, -1
106, 43, -1
43, 173, -1
43, 171, -1
43, 184, -1
43, 186, -1
43, 201, -1
43, 193, -1
43, 106, -1

173, 171, 1
171, 173, 1
186, 201, 1
186, 193, 1
201, 186, 1
201, 193, 1
193, 186, 1
193, 201, 1
106, 107, 1
106, 111, 1
107, 106, 1
107, 111, 1
111, 106, 1
111, 107, 1
173, 184, -1
171, 184, -1
173, 186, -1
173, 201, -1
173, 193, -1
171, 186, -1
171, 201, -1
171, 193, -1
173, 106, -1
173, 107, -1
173, 111, -1
171, 106, -1
171, 107, -1
171, 111, -1
173, 43, -1
171, 43, -1
184, 173, -1
184, 171, -1
184, 186, -1
184, 201, -1
184, 193, -1
184, 106, -1
184, 107, -1
184, 111, -1
184, 43, -1
186, 173, -1
186, 171, -1
201, 173, -1
201, 171, -1
193, 173, -1
193, 171, -1
186, 184, -1
201, 184, -1
193, 184, -1
186, 106, -1
186, 107, -1
186, 111, -1
201, 106, -1
201, 107, -1
201, 111, -1
193, 106, -1
193, 107, -1
193, 111, -1
186, 43, -1
201, 43, -1
193, 43, -1
106, 173, -1
106, 171, -1
107, 173, -1
107, 171, -1
111, 173, -1
111, 171, -1
106, 184, -1
107, 184, -1
111, 184, -1
106, 186, -1
106, 201, -1
106, 193, -1
107, 186, -1
107, 201, -1
107, 193, -1
111, 186, -1
111, 201, -1
111, 193, -1
106, 43, -1
107, 43, -1
111, 43, -1
43, 173, -1
43, 171, -1
43, 184, -1
43, 186, -1
43, 201, -1
43, 193, -1
43, 106, -1
43, 107, -1
43, 111, -1

173, 171, 1
173, 166, 1
173, 174, 1
171, 173, 1
171, 166, 1
171, 174, 1
166, 173, 1
166, 171, 1
166, 174, 1
174, 173, 1
174, 171, 1
174, 166, 1
184, 180, 1
180, 184, 1
186, 201, 1
186, 193, 1
186, 189, 1
186, 207, 1
201, 186, 1
201, 193, 1
201, 189, 1
201, 207, 1
193, 186, 1
193, 201, 1
193, 189, 1
193, 207, 1
189, 186, 1
189, 201, 1
189, 193, 1
189, 207, 1
207, 186, 1
207, 201, 1
207, 193, 1
207, 189, 1
106, 107, 1
106, 111, 1
107, 106, 1
107, 111, 1
111, 106, 1
111, 107, 1
173, 184, -1
173, 180, -1
171, 184, -1
171, 180, -1
166, 184, -1
166, 180, -1
174, 184, -1
174, 180, -1
173, 186, -1
173, 201, -1
173, 193, -1
173, 189, -1
173, 207, -1
171, 186, -1
171, 201, -1
171, 193, -1
171, 189, -1
171, 207, -1
166, 186, -1
166, 201, -1
166, 193, -1
166, 189, -1
166, 207, -1
174, 186, -1
174, 201, -1
174, 193, -1
174, 189, -1
174, 207, -1
173, 106, -1
173, 107, -1
173, 111, -1
171, 106, -1
171, 107, -1
171, 111, -1
166, 106, -1
166, 107, -1
166, 111, -1
174, 106, -1
174, 107, -1
174, 111, -1
173, 43, -1
171, 43, -1
166, 43, -1
174, 43, -1
184, 173, -1
184, 171, -1
184, 166, -1
184, 174, -1
180, 173, -1
180, 171, -1
180, 166, -1
180, 174, -1
184, 186, -1
184, 201, -1
184, 193, -1
184, 189, -1
184, 207, -1
180, 186, -1
180, 201, -1
180, 193, -1
180, 189, -1
180, 207, -1
184, 106, -1
184, 107, -1
184, 111, -1
180, 106, -1
180, 107, -1
180, 111, -1
184, 43, -1
180, 43, -1
186, 173, -1
186, 171, -1
186, 166, -1
186, 174, -1
201, 173, -1
201, 171, -1
201, 166, -1
201, 174, -1
193, 173, -1
193, 171, -1
193, 166, -1
193, 174, -1
189, 173, -1
189, 171, -1
189, 166, -1
189, 174, -1
207, 173, -1
207, 171, -1
207, 166, -1
207, 174, -1
186, 184, -1
186, 180, -1
201, 184, -1
201, 180, -1
193, 184, -1
193, 180, -1
189, 184, -1
189, 180, -1
207, 184, -1
207, 180, -1
186, 106, -1
186, 107, -1
186, 111, -1
201, 106, -1
201, 107, -1
201, 111, -1
193, 106, -1
193, 107, -1
193, 111, -1
189, 106, -1
189, 107, -1
189, 111, -1
207, 106, -1
207, 107, -1
207, 111, -1
186, 43, -1
201, 43, -1
193, 43, -1
189, 43, -1
207, 43, -1
106, 173, -1
106, 171, -1
106, 166, -1
106, 174, -1
107, 173, -1
107, 171, -1
107, 166, -1
107, 174, -1
111, 173, -1
111, 171, -1
111, 166, -1
111, 174, -1
106, 184, -1
106, 180, -1
107, 184, -1
107, 180, -1
111, 184, -1
111, 180, -1
106, 186, -1
106, 201, -1
106, 193, -1
106, 189, -1
106, 207, -1
107, 186, -1
107, 201, -1
107, 193, -1
107, 189, -1
107, 207, -1
111, 186, -1
111, 201, -1
111, 193, -1
111, 189, -1
111, 207, -1
106, 43, -1
107, 43, -1
111, 43, -1
43, 173, -1
43, 171, -1
43, 166, -1
43, 174, -1
43, 184, -1
43, 180, -1
43, 186, -1
43, 201, -1
43, 193, -1
43, 189, -1
43, 207, -1
43, 106, -1
43, 107, -1
43, 111, -1

173, 171, 1
173, 166, 1
173, 174, 1
171, 173, 1
171, 166, 1
171, 174, 1
166, 173, 1
166, 171, 1
166, 174, 1
174, 173, 1
174, 171, 1
174, 166, 1
184, 180, 1
180, 184, 1
186, 201, 1
186, 193, 1
186, 189, 1
186, 207, 1
201, 186, 1
201, 193, 1
201, 189, 1
201, 207, 1
193, 186, 1
193, 201, 1
193, 189, 1
193, 207, 1
189, 186, 1
189, 201, 1
189, 193, 1
189, 207, 1
207, 186, 1
207, 201, 1
207, 193, 1
207, 189, 1
106, 107, 1
106, 111, 1
106, 109, 1
106, 70, 1
107, 106, 1
107, 111, 1
107, 109, 1
107, 70, 1
111, 106, 1
111, 107, 1
111, 109, 1
111, 70, 1
109, 106, 1
109, 107, 1
109, 111, 1
109, 70, 1
70, 106, 1
70, 107, 1
70, 111, 1
70, 109, 1
173, 184, -1
173, 180, -1
171, 184, -1
171, 180, -1
166, 184, -1
166, 180, -1
174, 184, -1
174, 180, -1
173, 186, -1
173, 201, -1
173, 193, -1
173, 189, -1
173, 207, -1
171, 186, -1
171, 201, -1
171, 193, -1
171, 189, -1
171, 207, -1
166, 186, -1
166, 201, -1
166, 193, -1
166, 189, -1
166, 207, -1
174, 186, -1
174, 201, -1
174, 193, -1
174, 189, -1
174, 207, -1
173, 106, -1
173, 107, -1
173, 111, -1
173, 109, -1
173, 70, -1
171, 106, -1
171, 107, -1
171, 111, -1
171, 109, -1
171, 70, -1
166, 106, -1
166, 107, -1
166, 111, -1
166, 109, -1
166, 70, -1
174, 106, -1
174, 107, -1
174, 111, -1
174, 109, -1
174, 70, -1
173, 43, -1
171, 43, -1
166, 43, -1
174, 43, -1
184, 173, -1
184, 171, -1
184, 166, -1
184, 174, -1
180, 173, -1
180, 171, -1
180, 166, -1
180, 174, -1
184, 186, -1
184, 201, -1
184, 193, -1
184, 189, -1
184, 207, -1
180, 186, -1
180, 201, -1
180, 193, -1
180, 189, -1
180, 207, -1
184, 106, -1
184, 107, -1
184, 111, -1
184, 109, -1
184, 70, -1
180, 106, -1
180, 107, -1
180, 111, -1
180, 109, -1
180, 70, -1
184, 43, -1
180, 43, -1
186, 173, -1
186, 171, -1
186, 166, -1
186, 174, -1
201, 173, -1
201, 171, -1
201, 166, -1
201, 174, -1
193, 173, -1
193, 171, -1
193, 166, -1
193, 174, -1
189, 173, -1
189, 171, -1
189, 166, -1
189, 174, -1
207, 173, -1
207, 171, -1
207, 166, -1
207, 174, -1
186, 184, -1
186, 180, -1
201, 184, -1
201, 180, -1
193, 184, -1
193, 180, -1
189, 184, -1
189, 180, -1
207, 184, -1
207, 180, -1
186, 106, -1
186, 107, -1
186, 111, -1
186, 109, -1
186, 70, -1
201, 106, -1
201, 107, -1
201, 111, -1
201, 109, -1
201, 70, -1
193, 106, -1
193, 107, -1
193, 111, -1
193, 109, -1
193, 70, -1
189, 106, -1
189, 107, -1
189, 111, -1
189, 109, -1
189, 70, -1
207, 106, -1
207, 107, -1
207, 111, -1
207, 109, -1
207, 70, -1
186, 43, -1
201, 43, -1
193, 43, -1
189, 43, -1
207, 43, -1
106, 173, -1
106, 171, -1
106, 166, -1
106, 174, -1
107, 173, -1
107, 171, -1
107, 166, -1
107, 174, -1
111, 173, -1
111, 171, -1
111, 166, -1
111, 174, -1
109, 173, -1
109, 171, -1
109, 166, -1
109, 174, -1
70, 173, -1
70, 171, -1
70, 166, -1
70, 174, -1
106, 184, -1
106, 180, -1
107, 184, -1
107, 180, -1
111, 184, -1
111, 180, -1
109, 184, -1
109, 180, -1
70, 184, -1
70, 180, -1
106, 186, -1
106, 201, -1
106, 193, -1
106, 189, -1
106, 207, -1
107, 186, -1
107, 201, -1
107, 193, -1
107, 189, -1
107, 207, -1
111, 186, -1
111, 201, -1
111, 193, -1
111, 189, -1
111, 207, -1
109, 186, -1
109, 201, -1
109, 193, -1
109, 189, -1
109, 207, -1
70, 186, -1
70, 201, -1
70, 193, -1
70, 189, -1
70, 207, -1
106, 43, -1
107, 43, -1
111, 43, -1
109, 43, -1
70, 43, -1
43, 173, -1
43, 171, -1
43, 166, -1
43, 174, -1
43, 184, -1
43, 180, -1
43, 186, -1
43, 201, -1
43, 193, -1
43, 189, -1
43, 207, -1
43, 106, -1
43, 107, -1
43, 111, -1
43, 109, -1
43, 70, -1

173, 171, 1
173, 166, 1
173, 174, 1
171, 173, 1
171, 166, 1
171, 174, 1
166, 173, 1
166, 171, 1
166, 174, 1
174, 173, 1
174, 171, 1
174, 166, 1
184, 180, 1
184, 181, 1
180, 184, 1
180, 181, 1
181, 184, 1
181, 180, 1
186, 201, 1
186, 193, 1
186, 189, 1
186, 207, 1
186, 188, 1
201, 186, 1
201, 193, 1
201, 189, 1
201, 207, 1
201, 188, 1
193, 186, 1
193, 201, 1
193, 189, 1
193, 207, 1
193, 188, 1
189, 186, 1
189, 201, 1
189, 193, 1
189, 207, 1
189, 188, 1
207, 186, 1
207, 201, 1
207, 193, 1
207, 189, 1
207, 188, 1
188, 186, 1
188, 201, 1
188, 193, 1
188, 189, 1
188, 207, 1
106, 107, 1
106, 111, 1
106, 109, 1
106, 70, 1
106, 89, 1
107, 106, 1
107, 111, 1
107, 109, 1
107, 70, 1
107, 89, 1
111, 106, 1
111, 107, 1
111, 109, 1
111, 70, 1
111, 89, 1
109, 106, 1
109, 107, 1
109, 111, 1
109, 70, 1
109, 89, 1
70, 106, 1
70, 107, 1
70, 111, 1
70, 109, 1
70, 89, 1
89, 106, 1
89, 107, 1
89, 111, 1
89, 109, 1
89, 70, 1
173, 184, -1
173, 180, -1
173, 181, -1
171, 184, -1
171, 180, -1
171, 181, -1
166, 184, -1
166, 180, -1
166, 181, -1
174, 184, -1
174, 180, -1
174, 181, -1
173, 186, -1
173, 201, -1
173, 193, -1
173, 189, -1
173, 207, -1
173, 188, -1
171, 186, -1
171, 201, -1
171, 193, -1
171, 189, -1
171, 207, -1
171, 188, -1
166, 186, -1
166, 201, -1
166, 193, -1
166, 189, -1
166, 207, -1
166, 188, -1
174, 186, -1
174, 201, -1
174, 193, -1
174, 189, -1
174, 207, -1
174, 188, -1
173, 106, -1
173, 107, -1
173, 111, -1
173, 109, -1
173, 70, -1
173, 89, -1
171, 106, -1
171, 107, -1
171, 111, -1
171, 109, -1
171, 70, -1
171, 89, -1
166, 106, -1
166, 107, -1
166, 111, -1
166, 109, -1
166, 70, -1
166, 89, -1
174, 106, -1
174, 107, -1
174, 111, -1
174, 109, -1
174, 70, -1
174, 89, -1
173, 43, -1
171, 43, -1
166, 43, -1
174, 43, -1
184, 173, -1
184, 171, -1
184, 166, -1
184, 174, -1
180, 173, -1
180, 171, -1
180, 166, -1
180, 174, -1
181, 173, -1
181, 171, -1
181, 166, -1
181, 174, -1
184, 186, -1
184, 201, -1
184, 193, -1
184, 189, -1
184, 207, -1
184, 188, -1
180, 186, -1
180, 201, -1
180, 193, -1
180, 189, -1
180, 207, -1
180, 188, -1
181, 186, -1
181, 201, -1
181, 193, -1
181, 189, -1
181, 207, -1
181, 188, -1
184, 106, -1
184, 107, -1
184, 111, -1
184, 109, -1
184, 70, -1
184, 89, -1
180, 106, -1
180, 107, -1
180, 111, -1
180, 109, -1
180, 70, -1
180, 89, -1
181, 106, -1
181, 107, -1
181, 111, -1
181, 109, -1
181, 70, -1
181, 89, -1
184, 43, -1
180, 43, -1
181, 43, -1
186, 173, -1
186, 171, -1
186, 166, -1
186, 174, -1
201, 173, -1
201, 171, -1
201, 166, -1
201, 174, -1
193, 173, -1
193, 171, -1
193, 166, -1
193, 174, -1
189, 173, -1
189, 171, -1
189, 166, -1
189, 174, -1
207, 173, -1
207, 171, -1
207, 166, -1
207, 174, -1
188, 173, -1
188, 171, -1
188, 166, -1
188, 174, -1
186, 184, -1
186, 180, -1
186, 181, -1
201, 184, -1
201, 180, -1
201, 181, -1
193, 184, -1
193, 180, -1
193, 181, -1
189, 184, -1
189, 180, -1
189, 181, -1
207, 184, -1
207, 180, -1
207, 181, -1
188, 184, -1
188, 180, -1
188, 181, -1
186, 106, -1
186, 107, -1
186, 111, -1
186, 109, -1
186, 70, -1
186, 89, -1
201, 106, -1
201, 107, -1
201, 111, -1
201, 109, -1
201, 70, -1
201, 89, -1
193, 106, -1
193, 107, -1
193, 111, -1
193, 109, -1
193, 70, -1
193, 89, -1
189, 106, -1
189, 107, -1
189, 111, -1
189, 109, -1
189, 70, -1
189, 89, -1
207, 106, -1
207, 107, -1
207, 111, -1
207, 109, -1
207, 70, -1
207, 89, -1
188, 106, -1
188, 107, -1
188, 111, -1
188, 109, -1
188, 70, -1
188, 89, -1
186, 43, -1
201, 43, -1
193, 43, -1
189, 43, -1
207, 43, -1
188, 43, -1
106, 173, -1
106, 171, -1
106, 166, -1
106, 174, -1
107, 173, -1
107, 171, -1
107, 166, -1
107, 174, -1
111, 173, -1
111, 171, -1
111, 166, -1
111, 174, -1
109, 173, -1
109, 171, -1
109, 166, -1
109, 174, -1
70, 173, -1
70, 171, -1
70, 166, -1
70, 174, -1
89, 173, -1
89, 171, -1
89, 166, -1
89, 174, -1
106, 184, -1
106, 180, -1
106, 181, -1
107, 184, -1
107, 180, -1
107, 181, -1
111, 184, -1
111, 180, -1
111, 181, -1
109, 184, -1
109, 180, -1
109, 181, -1
70, 184, -1
70, 180, -1
70, 181, -1
89, 184, -1
89, 180, -1
89, 181, -1
106, 186, -1
106, 201, -1
106, 193, -1
106, 189, -1
106, 207, -1
106, 188, -1
107, 186, -1
107, 201, -1
107, 193, -1
107, 189, -1
107, 207, -1
107, 188, -1
111, 186, -1
111, 201, -1
111, 193, -1
111, 189, -1
111, 207, -1
111, 188, -1
109, 186, -1
109, 201, -1
109, 193, -1
109, 189, -1
109, 207, -1
109, 188, -1
70, 186, -1
70, 201, -1
70, 193, -1
70, 189, -1
70, 207, -1
70, 188, -1
89, 186, -1
89, 201, -1
89, 193, -1
89, 189, -1
89, 207, -1
89, 188, -1
106, 43, -1
107, 43, -1
111, 43, -1
109, 43, -1
70, 43, -1
89, 43, -1
43, 173, -1
43, 171, -1
43, 166, -1
43, 174, -1
43, 184, -1
43, 180, -1
43, 181, -1
43, 186, -1
43, 201, -1
43, 193, -1
43, 189, -1
43, 207, -1
43, 188, -1
43, 106, -1
43, 107, -1
43, 111, -1
43, 109, -1
43, 70, -1
43, 89, -1

173, 171, 1
173, 166, 1
173, 174, 1
173, 163, 1
173, 168, 1
171, 173, 1
171, 166, 1
171, 174, 1
171, 163, 1
171, 168, 1
166, 173, 1
166, 171, 1
166, 174, 1
166, 163, 1
166, 168, 1
174, 173, 1
174, 171, 1
174, 166, 1
174, 163, 1
174, 168, 1
163, 173, 1
163, 171, 1
163, 166, 1
163, 174, 1
163, 168, 1
168, 173, 1
168, 171, 1
168, 166, 1
168, 174, 1
168, 163, 1
184, 180, 1
184, 181, 1
180, 184, 1
180, 181, 1
181, 184, 1
181, 180, 1
186, 201, 1
186, 193, 1
186, 189, 1
186, 207, 1
186, 188, 1
201, 186, 1
201, 193, 1
201, 189, 1
201, 207, 1
201, 188, 1
193, 186, 1
193, 201, 1
193, 189, 1
193, 207, 1
193, 188, 1
189, 186, 1
189, 201, 1
189, 193, 1
189, 207, 1
189, 188, 1
207, 186, 1
207, 201, 1
207, 193, 1
207, 189, 1
207, 188, 1
188, 186, 1
188, 201, 1
188, 193, 1
188, 189, 1
188, 207, 1
106, 107, 1
106, 111, 1
106, 109, 1
106, 70, 1
106, 89, 1
106, 103, 1
106, 105, 1
107, 106, 1
107, 111, 1
107, 109, 1
107, 70, 1
107, 89, 1
107, 103, 1
107, 105, 1
111, 106, 1
111, 107, 1
111, 109, 1
111, 70, 1
111, 89, 1
111, 103, 1
111, 105, 1
109, 106, 1
109, 107, 1
109, 111, 1
109, 70, 1
109, 89, 1
109, 103, 1
109, 105, 1
70, 106, 1
70, 107, 1
70, 111, 1
70, 109, 1
70, 89, 1
70, 103, 1
70, 105, 1
89, 106, 1
89, 107, 1
89, 111, 1
89, 109, 1
89, 70, 1
89, 103, 1
89, 105, 1
103, 106, 1
103, 107, 1
103, 111, 1
103, 109, 1
103, 70, 1
103, 89, 1
103, 105, 1
105, 106, 1
105, 107, 1
105, 111, 1
105, 109, 1
105, 70, 1
105, 89, 1
105, 103, 1
173, 184, -1
173, 180, -1
173, 181, -1
171, 184, -1
171, 180, -1
171, 181, -1
166, 184, -1
166, 180, -1
166, 181, -1
174, 184, -1
174, 180, -1
174, 181, -1
163, 184, -1
163, 180, -1
163, 181, -1
168, 184, -1
168, 180, -1
168, 181, -1
173, 186, -1
173, 201, -1
173, 193, -1
173, 189, -1
173, 207, -1
173, 188, -1
171, 186, -1
171, 201, -1
171, 193, -1
171, 189, -1
171, 207, -1
171, 188, -1
166, 186, -1
166, 201, -1
166, 193, -1
166, 189, -1
166, 207, -1
166, 188, -1
174, 186, -1
174, 201, -1
174, 193, -1
174, 189, -1
174, 207, -1
174, 188, -1
163, 186, -1
163, 201, -1
163, 193, -1
163, 189, -1
163, 207, -1
163, 188, -1
168, 186, -1
168, 201, -1
168, 193, -1
168, 189, -1
168, 207, -1
168, 188, -1
173, 106, -1
173, 107, -1
173, 111, -1
173, 109, -1
173, 70, -1
173, 89, -1
173, 103, -1
173, 105, -1
171, 106, -1
171, 107, -1
171, 111, -1
171, 109, -1
171, 70, -1
171, 89, -1
171, 103, -1
171, 105, -1
166, 106, -1
166, 107, -1
166, 111, -1
166, 109, -1
166, 70, -1
166, 89, -1
166, 103, -1
166, 105, -1
174, 106, -1
174, 107, -1
174, 111, -1
174, 109, -1
174, 70, -1
174, 89, -1
174, 103, -1
174, 105, -1
163, 106, -1
163, 107, -1
163, 111, -1
163, 109, -1
163, 70, -1
163, 89, -1
163, 103, -1
163, 105, -1
168, 106, -1
168, 107, -1
168, 111, -1
168, 109, -1
168, 70, -1
168, 89, -1
168, 103, -1
168, 105, -1
173, 43, -1
171, 43, -1
166, 43, -1
174, 43, -1
163, 43, -1
168, 43, -1
184, 173, -1
184, 171, -1
184, 166, -1
184, 174, -1
184, 163, -1
184, 168, -1
180, 173, -1
180, 171, -1
180, 166, -1
180, 174, -1
180, 163, -1
180, 168, -1
181, 173, -1
181, 171, -1
181, 166, -1
181, 174, -1
181, 163, -1
181, 168, -1
184, 186, -1
184, 201, -1
184, 193, -1
184, 189, -1
184, 207, -1
184, 188, -1
180, 186, -1
180, 201, -1
180, 193, -1
180, 189, -1
180, 207, -1
180, 188, -1
181, 186, -1
181, 201, -1
181, 193, -1
181, 189, -1
181, 207, -1
181, 188, -1
184, 106, -1
184, 107, -1
184, 111, -1
184, 109, -1
184, 70, -1
184, 89, -1
184, 103, -1
184, 105, -1
180, 106, -1
180, 107, -1
180, 111, -1
180, 109, -1
180, 70, -1
180, 89, -1
180, 103, -1
180, 105, -1
181, 106, -1
181, 107, -1
181, 111, -1
181, 109, -1
181, 70, -1
181, 89, -1
181, 103, -1
181, 105, -1
184, 43, -1
180, 43, -1
181, 43, -1
186, 173, -1
186, 171, -1
186, 166, -1
186, 174, -1
186, 163, -1
186, 168, -1
201, 173, -1
201, 171, -1
201, 166, -1
201, 174, -1
201, 163, -1
201, 168, -1
193, 173, -1
193, 171, -1
193, 166, -1
193, 174, -1
193, 163, -1
193, 168, -1
189, 173, -1
189, 171, -1
189, 166, -1
189, 174, -1
189, 163, -1
189, 168, -1
207, 173, -1
207, 171, -1
207, 166, -1
207, 174, -1
207, 163, -1
207, 168, -1
188, 173, -1
188, 171, -1
188, 166, -1
188, 174, -1
188, 163, -1
188, 168, -1
186, 184, -1
186, 180, -1
186, 181, -1
201, 184, -1
201, 180, -1
201, 181, -1
193, 184, -1
193, 180, -1
193, 181, -1
189, 184, -1
189, 180, -1
189, 181, -1
207, 184, -1
207, 180, -1
207, 181, -1
188, 184, -1
188, 180, -1
188, 181, -1
186, 106, -1
186, 107, -1
186, 111, -1
186, 109, -1
186, 70, -1
186, 89, -1
186, 103, -1
186, 105, -1
201, 106, -1
201, 107, -1
201, 111, -1
201, 109, -1
201, 70, -1
201, 89, -1
201, 103, -1
201, 105, -1
193, 106, -1
193, 107, -1
193, 111, -1
193, 109, -1
193, 70, -1
193, 89, -1
193, 103, -1
193, 105, -1
189, 106, -1
189, 107, -1
189, 111, -1
189, 109, -1
189, 70, -1
189, 89, -1
189, 103, -1
189, 105, -1
207, 106, -1
207, 107, -1
207, 111, -1
207, 109, -1
207, 70, -1
207, 89, -1
207, 103, -1
207, 105, -1
188, 106, -1
188, 107, -1
188, 111, -1
188, 109, -1
188, 70, -1
188, 89, -1
188, 103, -1
188, 105, -1
186, 43, -1
201, 43, -1
193, 43, -1
189, 43, -1
207, 43, -1
188, 43, -1
106, 173, -1
106, 171, -1
106, 166, -1
106, 174, -1
106, 163, -1
106, 168, -1
107, 173, -1
107, 171, -1
107, 166, -1
107, 174, -1
107, 163, -1
107, 168, -1
111, 173, -1
111, 171, -1
111, 166, -1
111, 174, -1
111, 163, -1
111, 168, -1
109, 173, -1
109, 171, -1
109, 166, -1
109, 174, -1
109, 163, -1
109, 168, -1
70, 173, -1
70, 171, -1
70, 166, -1
70, 174, -1
70, 163, -1
70, 168, -1
89, 173, -1
89, 171, -1
89, 166, -1
89, 174, -1
89, 163, -1
89, 168, -1
103, 173, -1
103, 171, -1
103, 166, -1
103, 174, -1
103, 163, -1
103, 168, -1
105, 173, -1
105, 171, -1
105, 166, -1
105, 174, -1
105, 163, -1
105, 168, -1
106, 184, -1
106, 180, -1
106, 181, -1
107, 184, -1
107, 180, -1
107, 181, -1
111, 184, -1
111, 180, -1
111, 181, -1
109, 184, -1
109, 180, -1
109, 181, -1
70, 184, -1
70, 180, -1
70, 181, -1
89, 184, -1
89, 180, -1
89, 181, -1
103, 184, -1
103, 180, -1
103, 181, -1
105, 184, -1
105, 180, -1
105, 181, -1
106, 186, -1
106, 201, -1
106, 193, -1
106, 189, -1
106, 207, -1
106, 188, -1
107, 186, -1
107, 201, -1
107, 193, -1
107, 189, -1
107, 207, -1
107, 188, -1
111, 186, -1
111, 201, -1
111, 193, -1
111, 189, -1
111, 207, -1
111, 188, -1
109, 186, -1
109, 201, -1
109, 193, -1
109, 189, -1
109, 207, -1
109, 188, -1
70, 186, -1
70, 201, -1
70, 193, -1
70, 189, -1
70, 207, -1
70, 188, -1
89, 186, -1
89, 201, -1
89, 193, -1
89, 189, -1
89, 207, -1
89, 188, -1
103, 186, -1
103, 201, -1
103, 193, -1
103, 189, -1
103, 207, -1
103, 188, -1
105, 186, -1
105, 201, -1
105, 193, -1
105, 189, -1
105, 207, -1
105, 188, -1
106, 43, -1
107, 43, -1
111, 43, -1
109, 43, -1
70, 43, -1
89, 43, -1
103, 43, -1
105, 43, -1
43, 173, -1
43, 171, -1
43, 166, -1
43, 174, -1
43, 163, -1
43, 168, -1
43, 184, -1
43, 180, -1
43, 181, -1
43, 186, -1
43, 201, -1
43, 193, -1
43, 189, -1
43, 207, -1
43, 188, -1
43, 106, -1
43, 107, -1
43, 111, -1
43, 109, -1
43, 70, -1
43, 89, -1
43, 103, -1
43, 105, -1

173, 171, 1
173, 166, 1
173, 174, 1
173, 163, 1
173, 168, 1
171, 173, 1
171, 166, 1
171, 174, 1
171, 163, 1
171, 168, 1
166, 173, 1
166, 171, 1
166, 174, 1
166, 163, 1
166, 168, 1
174, 173, 1
174, 171, 1
174, 166, 1
174, 163, 1
174, 168, 1
163, 173, 1
163, 171, 1
163, 166, 1
163, 174, 1
163, 168, 1
168, 173, 1
168, 171, 1
168, 166, 1
168, 174, 1
168, 163, 1
184, 180, 1
184, 181, 1
180, 184, 1
180, 181, 1
181, 184, 1
181, 180, 1
186, 201, 1
186, 193, 1
186, 189, 1
186, 207, 1
186, 188, 1
186, 190, 1
201, 186, 1
201, 193, 1
201, 189, 1
201, 207, 1
201, 188, 1
201, 190, 1
193, 186, 1
193, 201, 1
193, 189, 1
193, 207, 1
193, 188, 1
193, 190, 1
189, 186, 1
189, 201, 1
189, 193, 1
189, 207, 1
189, 188, 1
189, 190, 1
207, 186, 1
207, 201, 1
207, 193, 1
207, 189, 1
207, 188, 1
207, 190, 1
188, 186, 1
188, 201, 1
188, 193, 1
188, 189, 1
188, 207, 1
188, 190, 1
190, 186, 1
190, 201, 1
190, 193, 1
190, 189, 1
190, 207, 1
190, 188, 1
106, 107, 1
106, 111, 1
106, 109, 1
106, 70, 1
106, 89, 1
106, 103, 1
106, 105, 1
106, 112, 1
107, 106, 1
107, 111, 1
107, 109, 1
107, 70, 1
107, 89, 1
107, 103, 1
107, 105, 1
107, 112, 1
111, 106, 1
111, 107, 1
111, 109, 1
111, 70, 1
111, 89, 1
111, 103, 1
111, 105, 1
111, 112, 1
109, 106, 1
109, 107, 1
109, 111, 1
109, 70, 1
109, 89, 1
109, 103, 1
109, 105, 1
109, 112, 1
70, 106, 1
70, 107, 1
70, 111, 1
70, 109, 1
70, 89, 1
70, 103, 1
70, 105, 1
70, 112, 1
89, 106, 1
89, 107, 1
89, 111, 1
89, 109, 1
89, 70, 1
89, 103, 1
89, 105, 1
89, 112, 1
103, 106, 1
103, 107, 1
103, 111, 1
103, 109, 1
103, 70, 1
103, 89, 1
103, 105, 1
103, 112, 1
105, 106, 1
105, 107, 1
105, 111, 1
105, 109, 1
105, 70, 1
105, 89, 1
105, 103, 1
105, 112, 1
112, 106, 1
112, 107, 1
112, 111, 1
112, 109, 1
112, 70, 1
112, 89, 1
112, 103, 1
112, 105, 1
173, 184, -1
173, 180, -1
173, 181, -1
171, 184, -1
171, 180, -1
171, 181, -1
166, 184, -1
166, 180, -1
166, 181, -1
174, 184, -1
174, 180, -1
174, 181, -1
163, 184, -1
163, 180, -1
163, 181, -1
168, 184, -1
168, 180, -1
168, 181, -1
173, 186, -1
173, 201, -1
173, 193, -1
173, 189, -1
173, 207, -1
173, 188, -1
173, 190, -1
171, 186, -1
171, 201, -1
171, 193, -1
171, 189, -1
171, 207, -1
171, 188, -1
171, 190, -1
166, 186, -1
166, 201, -1
166, 193, -1
166, 189, -1
166, 207, -1
166, 188, -1
166, 190, -1
174, 186, -1
174, 201, -1
174, 193, -1
174, 189, -1
174, 207, -1
174, 188, -1
174, 190, -1
163, 186, -1
163, 201, -1
163, 193, -1
163, 189, -1
163, 207, -1
163, 188, -1
163, 190, -1
168, 186, -1
168, 201, -1
168, 193, -1
168, 189, -1
168, 207, -1
168, 188, -1
168, 190, -1
173, 106, -1
173, 107, -1
173, 111, -1
173, 109, -1
173, 70, -1
173, 89, -1
173, 103, -1
173, 105, -1
173, 112, -1
171, 106, -1
171, 107, -1
171, 111, -1
171, 109, -1
171, 70, -1
171, 89, -1
171, 103, -1
171, 105, -1
171, 112, -1
166, 106, -1
166, 107, -1
166, 111, -1
166, 109, -1
166, 70, -1
166, 89, -1
166, 103, -1
166, 105, -1
166, 112, -1
174, 106, -1
174, 107, -1
174, 111, -1
174, 109, -1
174, 70, -1
174, 89, -1
174, 103, -1
174, 105, -1
174, 112, -1
163, 106, -1
163, 107, -1
163, 111, -1
163, 109, -1
163, 70, -1
163, 89, -1
163, 103, -1
163, 105, -1
163, 112, -1
168, 106, -1
168, 107, -1
168, 111, -1
168, 109, -1
168, 70, -1
168, 89, -1
168, 103, -1
168, 105, -1
168, 112, -1
173, 43, -1
171, 43, -1
166, 43, -1
174, 43, -1
163, 43, -1
168, 43, -1
184, 173, -1
184, 171, -1
184, 166, -1
184, 174, -1
184, 163, -1
184, 168, -1
180, 173, -1
180, 171, -1
180, 166, -1
180, 174, -1
180, 163, -1
180, 168, -1
181, 173, -1
181, 171, -1
181, 166, -1
181, 174, -1
181, 163, -1
181, 168, -1
184, 186, -1
184, 201, -1
184, 193, -1
184, 189, -1
184, 207, -1
184, 188, -1
184, 190, -1
180, 186, -1
180, 201, -1
180, 193, -1
180, 189, -1
180, 207, -1
180, 188, -1
180, 190, -1
181, 186, -1
181, 201, -1
181, 193, -1
181, 189, -1
181, 207, -1
181, 188, -1
181, 190, -1
184, 106, -1
184, 107, -1
184, 111, -1
184, 109, -1
184, 70, -1
184, 89, -1
184, 103, -1
184, 105, -1
184, 112, -1
180, 106, -1
180, 107, -1
180, 111, -1
180, 109, -1
180, 70, -1
180, 89, -1
180, 103, -1
180, 105, -1
180, 112, -1
181, 106, -1
181, 107, -1
181, 111, -1
181, 109, -1
181, 70, -1
181, 89, -1
181, 103, -1
181, 105, -1
181, 112, -1
184, 43, -1
180, 43, -1
181, 43, -1
186, 173, -1
186, 171, -1
186, 166, -1
186, 174, -1
186, 163, -1
186, 168, -1
201, 173, -1
201, 171, -1
201, 166, -1
201, 174, -1
201, 163, -1
201, 168, -1
193, 173, -1
193, 171, -1
193, 166, -1
193, 174, -1
193, 163, -1
193, 168, -1
189, 173, -1
189, 171, -1
189, 166, -1
189, 174, -1
189, 163, -1
189, 168, -1
207, 173, -1
207, 171, -1
207, 166, -1
207, 174, -1
207, 163, -1
207, 168, -1
188, 173, -1
188, 171, -1
188, 166, -1
188, 174, -1
188, 163, -1
188, 168, -1
190, 173, -1
190, 171, -1
190, 166, -1
190, 174, -1
190, 163, -1
190, 168, -1
186, 184, -1
186, 180, -1
186, 181, -1
201, 184, -1
201, 180, -1
201, 181, -1
193, 184, -1
193, 180, -1
193, 181, -1
189, 184, -1
189, 180, -1
189, 181, -1
207, 184, -1
207, 180, -1
207, 181, -1
188, 184, -1
188, 180, -1
188, 181, -1
190, 184, -1
190, 180, -1
190, 181, -1
186, 106, -1
186, 107, -1
186, 111, -1
186, 109, -1
186, 70, -1
186, 89, -1
186, 103, -1
186, 105, -1
186, 112, -1
201, 106, -1
201, 107, -1
201, 111, -1
201, 109, -1
201, 70, -1
201, 89, -1
201, 103, -1
201, 105, -1
201, 112, -1
193, 106, -1
193, 107, -1
193, 111, -1
193, 109, -1
193, 70, -1
193, 89, -1
193, 103, -1
193, 105, -1
193, 112, -1
189, 106, -1
189, 107, -1
189, 111, -1
189, 109, -1
189, 70, -1
189, 89, -1
189, 103, -1
189, 105, -1
189, 112, -1
207, 106, -1
207, 107, -1
207, 111, -1
207, 109, -1
207, 70, -1
207, 89, -1
207, 103, -1
207, 105, -1
207, 112, -1
188, 106, -1
188, 107, -1
188, 111, -1
188, 109, -1
188, 70, -1
188, 89, -1
188, 103, -1
188, 105, -1
188, 112, -1
190, 106, -1
190, 107, -1
190, 111, -1
190, 109, -1
190, 70, -1
190, 89, -1
190, 103, -1
190, 105, -1
190, 112, -1
186, 43, -1
201, 43, -1
193, 43, -1
189, 43, -1
207, 43, -1
188, 43, -1
190, 43, -1
106, 173, -1
106, 171, -1
106, 166, -1
106, 174, -1
106, 163, -1
106, 168, -1
107, 173, -1
107, 171, -1
107, 166, -1
107, 174, -1
107, 163, -1
107, 168, -1
111, 173, -1
111, 171, -1
111, 166, -1
111, 174, -1
111, 163, -1
111, 168, -1
109, 173, -1
109, 171, -1
109, 166, -1
109, 174, -1
109, 163, -1
109, 168, -1
70, 173, -1
70, 171, -1
70, 166, -1
70, 174, -1
70, 163, -1
70, 168, -1
89, 173, -1
89, 171, -1
89, 166, -1
89, 174, -1
89, 163, -1
89, 168, -1
103, 173, -1
103, 171, -1
103, 166, -1
103, 174, -1
103, 163, -1
103, 168, -1
105, 173, -1
105, 171, -1
105, 166, -1
105, 174, -1
105, 163, -1
105, 168, -1
112, 173, -1
112, 171, -1
112, 166, -1
112, 174, -1
112, 163, -1
112, 168, -1
106, 184, -1
106, 180, -1
106, 181, -1
107, 184, -1
107, 180, -1
107, 181, -1
111, 184, -1
111, 180, -1
111, 181, -1
109, 184, -1
109, 180, -1
109, 181, -1
70, 184, -1
70, 180, -1
70, 181, -1
89, 184, -1
89, 180, -1
89, 181, -1
103, 184, -1
103, 180, -1
103, 181, -1
105, 184, -1
105, 180, -1
105, 181, -1
112, 184, -1
112, 180, -1
112, 181, -1
106, 186, -1
106, 201, -1
106, 193, -1
106, 189, -1
106, 207, -1
106, 188, -1
106, 190, -1
107, 186, -1
107, 201, -1
107, 193, -1
107, 189, -1
107, 207, -1
107, 188, -1
107, 190, -1
111, 186, -1
111, 201, -1
111, 193, -1
111, 189, -1
111, 207, -1
111, 188, -1
111, 190, -1
109, 186, -1
109, 201, -1
109, 193, -1
109, 189, -1
109, 207, -1
109, 188, -1
109, 190, -1
70, 186, -1
70, 201, -1
70, 193, -1
70, 189, -1
70, 207, -1
70, 188, -1
70, 190, -1
89, 186, -1
89, 201, -1
89, 193, -1
89, 189, -1
89, 207, -1
89, 188, -1
89, 190, -1
103, 186, -1
103, 201, -1
103, 193, -1
103, 189, -1
103, 207, -1
103, 188, -1
103, 190, -1
105, 186, -1
105, 201, -1
105, 193, -1
105, 189, -1
105, 207, -1
105, 188, -1
105, 190, -1
112, 186, -1
112, 201, -1
112, 193, -1
112, 189, -1
112, 207, -1
112, 188, -1
112, 190, -1
106, 43, -1
107, 43, -1
111, 43, -1
109, 43, -1
70, 43, -1
89, 43, -1
103, 43, -1
105, 43, -1
112, 43, -1
43, 173, -1
43, 171, -1
43, 166, -1
43, 174, -1
43, 163, -1
43, 168, -1
43, 184, -1
43, 180, -1
43, 181, -1
43, 186, -1
43, 201, -1
43, 193, -1
43, 189, -1
43, 207, -1
43, 188, -1
43, 190, -1
43, 106, -1
43, 107, -1
43, 111, -1
43, 109, -1
43, 70, -1
43, 89, -1
43, 103, -1
43, 105, -1
43, 112, -1

173, 171, 1
173, 166, 1
173, 174, 1
173, 163, 1
173, 168, 1
171, 173, 1
171, 166, 1
171, 174, 1
171, 163, 1
171, 168, 1
166, 173, 1
166, 171, 1
166, 174, 1
166, 163, 1
166, 168, 1
174, 173, 1
174, 171, 1
174, 166, 1
174, 163, 1
174, 168, 1
163, 173, 1
163, 171, 1
163, 166, 1
163, 174, 1
163, 168, 1
168, 173, 1
168, 171, 1
168, 166, 1
168, 174, 1
168, 163, 1
184, 180, 1
184, 181, 1
180, 184, 1
180, 181, 1
181, 184, 1
181, 180, 1
186, 201, 1
186, 193, 1
186, 189, 1
186, 207, 1
186, 188, 1
186, 190, 1
186, 185, 1
201, 186, 1
201, 193, 1
201, 189, 1
201, 207, 1
201, 188, 1
201, 190, 1
201, 185, 1
193, 186, 1
193, 201, 1
193, 189, 1
193, 207, 1
193, 188, 1
193, 190, 1
193, 185, 1
189, 186, 1
189, 201, 1
189, 193, 1
189, 207, 1
189, 188, 1
189, 190, 1
189, 185, 1
207, 186, 1
207, 201, 1
207, 193, 1
207, 189, 1
207, 188, 1
207, 190, 1
207, 185, 1
188, 186, 1
188, 201, 1
188, 193, 1
188, 189, 1
188, 207, 1
188, 190, 1
188, 185, 1
190, 186, 1
190, 201, 1
190, 193, 1
190, 189, 1
190, 207, 1
190, 188, 1
190, 185, 1
185, 186, 1
185, 201, 1
185, 193, 1
185, 189, 1
185, 207, 1
185, 188, 1
185, 190, 1
106, 107, 1
106, 111, 1
106, 109, 1
106, 70, 1
106, 89, 1
106, 103, 1
106, 105, 1
106, 112, 1
106, 102, 1
107, 106, 1
107, 111, 1
107, 109, 1
107, 70, 1
107, 89, 1
107, 103, 1
107, 105, 1
107, 112, 1
107, 102, 1
111, 106, 1
111, 107, 1
111, 109, 1
111, 70, 1
111, 89, 1
111, 103, 1
111, 105, 1
111, 112, 1
111, 102, 1
109, 106, 1
109, 107, 1
109, 111, 1
109, 70, 1
109, 89, 1
109, 103, 1
109, 105, 1
109, 112, 1
109, 102, 1
70, 106, 1
70, 107, 1
70, 111, 1
70, 109, 1
70, 89, 1
70, 103, 1
70, 105, 1
70, 112, 1
70, 102, 1
89, 106, 1
89, 107, 1
89, 111, 1
89, 109, 1
89, 70, 1
89, 103, 1
89, 105, 1
89, 112, 1
89, 102, 1
103, 106, 1
103, 107, 1
103, 111, 1
103, 109, 1
103, 70, 1
103, 89, 1
103, 105, 1
103, 112, 1
103, 102, 1
105, 106, 1
105, 107, 1
105, 111, 1
105, 109, 1
105, 70, 1
105, 89, 1
105, 103, 1
105, 112, 1
105, 102, 1
112, 106, 1
112, 107, 1
112, 111, 1
112, 109, 1
112, 70, 1
112, 89, 1
112, 103, 1
112, 105, 1
112, 102, 1
102, 106, 1
102, 107, 1
102, 111, 1
102, 109, 1
102, 70, 1
102, 89, 1
102, 103, 1
102, 105, 1
102, 112, 1
173, 184, -1
173, 180, -1
173, 181, -1
171, 184, -1
171, 180, -1
171, 181, -1
166, 184, -1
166, 180, -1
166, 181, -1
174, 184, -1
174, 180, -1
174, 181, -1
163, 184, -1
163, 180, -1
163, 181, -1
168, 184, -1
168, 180, -1
168, 181, -1
173, 186, -1
173, 201, -1
173, 193, -1
173, 189, -1
173, 207, -1
173, 188, -1
173, 190, -1
173, 185, -1
171, 186, -1
171, 201, -1
171, 193, -1
171, 189, -1
171, 207, -1
171, 188, -1
171, 190, -1
171, 185, -1
166, 186, -1
166, 201, -1
166, 193, -1
166, 189, -1
166, 207, -1
166, 188, -1
166, 190, -1
166, 185, -1
174, 186, -1
174, 201, -1
174, 193, -1
174, 189, -1
174, 207, -1
174, 188, -1
174, 190, -1
174, 185, -1
163, 186, -1
163, 201, -1
163, 193, -1
163, 189, -1
163, 207, -1
163, 188, -1
163, 190, -1
163, 185, -1
168, 186, -1
168, 201, -1
168, 193, -1
168, 189, -1
168, 207, -1
168, 188, -1
168, 190, -1
168, 185, -1
173, 106, -1
173, 107, -1
173, 111, -1
173, 109, -1
173, 70, -1
173, 89, -1
173, 103, -1
173, 105, -1
173, 112, -1
173, 102, -1
171, 106, -1
171, 107, -1
171, 111, -1
171, 109, -1
171, 70, -1
171, 89, -1
171, 103, -1
171, 105, -1
171, 112, -1
171, 102, -1
166, 106, -1
166, 107, -1
166, 111, -1
166, 109, -1
166, 70, -1
166, 89, -1
166, 103, -1
166, 105, -1
166, 112, -1
166, 102, -1
174, 106, -1
174, 107, -1
174, 111, -1
174, 109, -1
174, 70, -1
174, 89, -1
174, 103, -1
174, 105, -1
174, 112, -1
174, 102, -1
163, 106, -1
163, 107, -1
163, 111, -1
163, 109, -1
163, 70, -1
163, 89, -1
163, 103, -1
163, 105, -1
163, 112, -1
163, 102, -1
168, 106, -1
168, 107, -1
168, 111, -1
168, 109, -1
168, 70, -1
168, 89, -1
168, 103, -1
168, 105, -1
168, 112, -1
168, 102, -1
173, 43, -1
171, 43, -1
166, 43, -1
174, 43, -1
163, 43, -1
168, 43, -1
184, 173, -1
184, 171, -1
184, 166, -1
184, 174, -1
184, 163, -1
184, 168, -1
180, 173, -1
180, 171, -1
180, 166, -1
180, 174, -1
180, 163, -1
180, 168, -1
181, 173, -1
181, 171, -1
181, 166, -1
181, 174, -1
181, 163, -1
181, 168, -1
184, 186, -1
184, 201, -1
184, 193, -1
184, 189, -1
184, 207, -1
184, 188, -1
184, 190, -1
184, 185, -1
180, 186, -1
180, 201, -1
180, 193, -1
180, 189, -1
180, 207, -1
180, 188, -1
180, 190, -1
180, 185, -1
181, 186, -1
181, 201, -1
181, 193, -1
181, 189, -1
181, 207, -1
181, 188, -1
181, 190, -1
181, 185, -1
184, 106, -1
184, 107, -1
184, 111, -1
184, 109, -1
184, 70, -1
184, 89, -1
184, 103, -1
184, 105, -1
184, 112, -1
184, 102, -1
180, 106, -1
180, 107, -1
180, 111, -1
180, 109, -1
180, 70, -1
180, 89, -1
180, 103, -1
180, 105, -1
180, 112, -1
180, 102, -1
181, 106, -1
181, 107, -1
181, 111, -1
181, 109, -1
181, 70, -1
181, 89, -1
181, 103, -1
181, 105, -1
181, 112, -1
181, 102, -1
184, 43, -1
180, 43, -1
181, 43, -1
186, 173, -1
186, 171, -1
186, 166, -1
186, 174, -1
186, 163, -1
186, 168, -1
201, 173, -1
201, 171, -1
201, 166, -1
201, 174, -1
201, 163, -1
201, 168, -1
193, 173, -1
193, 171, -1
193, 166, -1
193, 174, -1
193, 163, -1
193, 168, -1
189, 173, -1
189, 171, -1
189, 166, -1
189, 174, -1
189, 163, -1
189, 168, -1
207, 173, -1
207, 171, -1
207, 166, -1
207, 174, -1
207, 163, -1
207, 168, -1
188, 173, -1
188, 171, -1
188, 166, -1
188, 174, -1
188, 163, -1
188, 168, -1
190, 173, -1
190, 171, -1
190, 166, -1
190, 174, -1
190, 163, -1
190, 168, -1
185, 173, -1
185, 171, -1
185, 166, -1
185, 174, -1
185, 163, -1
185, 168, -1
186, 184, -1
186, 180, -1
186, 181, -1
201, 184, -1
201, 180, -1
201, 181, -1
193, 184, -1
193, 180, -1
193, 181, -1
189, 184, -1
189, 180, -1
189, 181, -1
207, 184, -1
207, 180, -1
207, 181, -1
188, 184, -1
188, 180, -1
188, 181, -1
190, 184, -1
190, 180, -1
190, 181, -1
185, 184, -1
185, 180, -1
185, 181, -1
186, 106, -1
186, 107, -1
186, 111, -1
186, 109, -1
186, 70, -1
186, 89, -1
186, 103, -1
186, 105, -1
186, 112, -1
186, 102, -1
201, 106, -1
201, 107, -1
201, 111, -1
201, 109, -1
201, 70, -1
201, 89, -1
201, 103, -1
201, 105, -1
201, 112, -1
201, 102, -1
193, 106, -1
193, 107, -1
193, 111, -1
193, 109, -1
193, 70, -1
193, 89, -1
193, 103, -1
193, 105, -1
193, 112, -1
193, 102, -1
189, 106, -1
189, 107, -1
189, 111, -1
189, 109, -1
189, 70, -1
189, 89, -1
189, 103, -1
189, 105, -1
189, 112, -1
189, 102, -1
207, 106, -1
207, 107, -1
207, 111, -1
207, 109, -1
207, 70, -1
207, 89, -1
207, 103, -1
207, 105, -1
207, 112, -1
207, 102, -1
188, 106, -1
188, 107, -1
188, 111, -1
188, 109, -1
188, 70, -1
188, 89, -1
188, 103, -1
188, 105, -1
188, 112, -1
188, 102, -1
190, 106, -1
190, 107, -1
190, 111, -1
190, 109, -1
190, 70, -1
190, 89, -1
190, 103, -1
190, 105, -1
190, 112, -1
190, 102, -1
185, 106, -1
185, 107, -1
185, 111, -1
185, 109, -1
185, 70, -1
185, 89, -1
185, 103, -1
185, 105, -1
185, 112, -1
185, 102, -1
186, 43, -1
201, 43, -1
193, 43, -1
189, 43, -1
207, 43, -1
188, 43, -1
190, 43, -1
185, 43, -1
106, 173, -1
106, 171, -1
106, 166, -1
106, 174, -1
106, 163, -1
106, 168, -1
107, 173, -1
107, 171, -1
107, 166, -1
107, 174, -1
107, 163, -1
107, 168, -1
111, 173, -1
111, 171, -1
111, 166, -1
111, 174, -1
111, 163, -1
111, 168, -1
109, 173, -1
109, 171, -1
109, 166, -1
109, 174, -1
109, 163, -1
109, 168, -1
70, 173, -1
70, 171, -1
70, 166, -1
70, 174, -1
70, 163, -1
70, 168, -1
89, 173, -1
89, 171, -1
89, 166, -1
89, 174, -1
89, 163, -1
89, 168, -1
103, 173, -1
103, 171, -1
103, 166, -1
103, 174, -1
103, 163, -1
103, 168, -1
105, 173, -1
105, 171, -1
105, 166, -1
105, 174, -1
105, 163, -1
105, 168, -1
112, 173, -1
112, 171, -1
112, 166, -1
112, 174, -1
112, 163, -1
112, 168, -1
102, 173, -1
102, 171, -1
102, 166, -1
102, 174, -1
102, 163, -1
102, 168, -1
106, 184, -1
106, 180, -1
106, 181, -1
107, 184, -1
107, 180, -1
107, 181, -1
111, 184, -1
111, 180, -1
111, 181, -1
109, 184, -1
109, 180, -1
109, 181, -1
70, 184, -1
70, 180, -1
70, 181, -1
89, 184, -1
89, 180, -1
89, 181, -1
103, 184, -1
103, 180, -1
103, 181, -1
105, 184, -1
105, 180, -1
105, 181, -1
112, 184, -1
112, 180, -1
112, 181, -1
102, 184, -1
102, 180, -1
102, 181, -1
106, 186, -1
106, 201, -1
106, 193, -1
106, 189, -1
106, 207, -1
106, 188, -1
106, 190, -1
106, 185, -1
107, 186, -1
107, 201, -1
107, 193, -1
107, 189, -1
107, 207, -1
107, 188, -1
107, 190, -1
107, 185, -1
111, 186, -1
111, 201, -1
111, 193, -1
111, 189, -1
111, 207, -1
111, 188, -1
111, 190, -1
111, 185, -1
109, 186, -1
109, 201, -1
109, 193, -1
109, 189, -1
109, 207, -1
109, 188, -1
109, 190, -1
109, 185, -1
70, 186, -1
70, 201, -1
70, 193, -1
70, 189, -1
70, 207, -1
70, 188, -1
70, 190, -1
70, 185, -1
89, 186, -1
89, 201, -1
89, 193, -1
89, 189, -1
89, 207, -1
89, 188, -1
89, 190, -1
89, 185, -1
103, 186, -1
103, 201, -1
103, 193, -1
103, 189, -1
103, 207, -1
103, 188, -1
103, 190, -1
103, 185, -1
105, 186, -1
105, 201, -1
105, 193, -1
105, 189, -1
105, 207, -1
105, 188, -1
105, 190, -1
105, 185, -1
112, 186, -1
112, 201, -1
112, 193, -1
112, 189, -1
112, 207, -1
112, 188, -1
112, 190, -1
112, 185, -1
102, 186, -1
102, 201, -1
102, 193, -1
102, 189, -1
102, 207, -1
102, 188, -1
102, 190, -1
102, 185, -1
106, 43, -1
107, 43, -1
111, 43, -1
109, 43, -1
70, 43, -1
89, 43, -1
103, 43, -1
105, 43, -1
112, 43, -1
102, 43, -1
43, 173, -1
43, 171, -1
43, 166, -1
43, 174, -1
43, 163, -1
43, 168, -1
43, 184, -1
43, 180, -1
43, 181, -1
43, 186, -1
43, 201, -1
43, 193, -1
43, 189, -1
43, 207, -1
43, 188, -1
43, 190, -1
43, 185, -1
43, 106, -1
43, 107, -1
43, 111, -1
43, 109, -1
43, 70, -1
43, 89, -1
43, 103, -1
43, 105, -1
43, 112, -1
43, 102, -1

173, 171, 1
173, 166, 1
173, 174, 1
173, 163, 1
173, 168, 1
171, 173, 1
171, 166, 1
171, 174, 1
171, 163, 1
171, 168, 1
166, 173, 1
166, 171, 1
166, 174, 1
166, 163, 1
166, 168, 1
174, 173, 1
174, 171, 1
174, 166, 1
174, 163, 1
174, 168, 1
163, 173, 1
163, 171, 1
163, 166, 1
163, 174, 1
163, 168, 1
168, 173, 1
168, 171, 1
168, 166, 1
168, 174, 1
168, 163, 1
184, 180, 1
184, 181, 1
184, 177, 1
180, 184, 1
180, 181, 1
180, 177, 1
181, 184, 1
181, 180, 1
181, 177, 1
177, 184, 1
177, 180, 1
177, 181, 1
186, 201, 1
186, 193, 1
186, 189, 1
186, 207, 1
186, 188, 1
186, 190, 1
186, 185, 1
186, 192, 1
201, 186, 1
201, 193, 1
201, 189, 1
201, 207, 1
201, 188, 1
201, 190, 1
201, 185, 1
201, 192, 1
193, 186, 1
193, 201, 1
193, 189, 1
193, 207, 1
193, 188, 1
193, 190, 1
193, 185, 1
193, 192, 1
189, 186, 1
189, 201, 1
189, 193, 1
189, 207, 1
189, 188, 1
189, 190, 1
189, 185, 1
189, 192, 1
207, 186, 1
207, 201, 1
207, 193, 1
207, 189, 1
207, 188, 1
207, 190, 1
207, 185, 1
207, 192, 1
188, 186, 1
188, 201, 1
188, 193, 1
188, 189, 1
188, 207, 1
188, 190, 1
188, 185, 1
188, 192, 1
190, 186, 1
190, 201, 1
190, 193, 1
190, 189, 1
190, 207, 1
190, 188, 1
190, 185, 1
190, 192, 1
185, 186, 1
185, 201, 1
185, 193, 1
185, 189, 1
185, 207, 1
185, 188, 1
185, 190, 1
185, 192, 1
192, 186, 1
192, 201, 1
192, 193, 1
192, 189, 1
192, 207, 1
192, 188, 1
192, 190, 1
192, 185, 1
106, 107, 1
106, 111, 1
106, 109, 1
106, 70, 1
106, 89, 1
106, 103, 1
106, 105, 1
106, 112, 1
106, 102, 1
106, 130, 1
107, 106, 1
107, 111, 1
107, 109, 1
107, 70, 1
107, 89, 1
107, 103, 1
107, 105, 1
107, 112, 1
107, 102, 1
107, 130, 1
111, 106, 1
111, 107, 1
111, 109, 1
111, 70, 1
111, 89, 1
111, 103, 1
111, 105, 1
111, 112, 1
111, 102, 1
111, 130, 1
109, 106, 1
109, 107, 1
109, 111, 1
109, 70, 1
109, 89, 1
109, 103, 1
109, 105, 1
109, 112, 1
109, 102, 1
109, 130, 1
70, 106, 1
70, 107, 1
70, 111, 1
70, 109, 1
70, 89, 1
70, 103, 1
70, 105, 1
70, 112, 1
70, 102, 1
70, 130, 1
89, 106, 1
89, 107, 1
89, 111, 1
89, 109, 1
89, 70, 1
89, 103, 1
89, 105, 1
89, 112, 1
89, 102, 1
89, 130, 1
103, 106, 1
103, 107, 1
103, 111, 1
103, 109, 1
103, 70, 1
103, 89, 1
103, 105, 1
103, 112, 1
103, 102, 1
103, 130, 1
105, 106, 1
105, 107, 1
105, 111, 1
105, 109, 1
105, 70, 1
105, 89, 1
105, 103, 1
105, 112, 1
105, 102, 1
105, 130, 1
112, 106, 1
112, 107, 1
112, 111, 1
112, 109, 1
112, 70, 1
112, 89, 1
112, 103, 1
112, 105, 1
112, 102, 1
112, 130, 1
102, 106, 1
102, 107, 1
102, 111, 1
102, 109, 1
102, 70, 1
102, 89, 1
102, 103, 1
102, 105, 1
102, 112, 1
102, 130, 1
130, 106, 1
130, 107, 1
130, 111, 1
130, 109, 1
130, 70, 1
130, 89, 1
130, 103, 1
130, 105, 1
130, 112, 1
130, 102, 1
173, 184, -1
173, 180, -1
173, 181, -1
173, 177, -1
171, 184, -1
171, 180, -1
171, 181, -1
171, 177, -1
166, 184, -1
166, 180, -1
166, 181, -1
166, 177, -1
174, 184, -1
174, 180, -1
174, 181, -1
174, 177, -1
163, 184, -1
163, 180, -1
163, 181, -1
163, 177, -1
168, 184, -1
168, 180, -1
168, 181, -1
168, 177, -1
173, 186, -1
173, 201, -1
173, 193, -1
173, 189, -1
173, 207, -1
173, 188, -1
173, 190, -1
173, 185, -1
173, 192, -1
171, 186, -1
171, 201, -1
171, 193, -1
171, 189, -1
171, 207, -1
171, 188, -1
171, 190, -1
171, 185, -1
171, 192, -1
166, 186, -1
166, 201, -1
166, 193, -1
166, 189, -1
166, 207, -1
166, 188, -1
166, 190, -1
166, 185, -1
166, 192, -1
174, 186, -1
174, 201, -1
174, 193, -1
174, 189, -1
174, 207, -1
174, 188, -1
174, 190, -1
174, 185, -1
174, 192, -1
163, 186, -1
163, 201, -1
163, 193, -1
163, 189, -1
163, 207, -1
163, 188, -1
163, 190, -1
163, 185, -1
163, 192, -1
168, 186, -1
168, 201, -1
168, 193, -1
168, 189, -1
168, 207, -1
168, 188, -1
168, 190, -1
168, 185, -1
168, 192, -1
173, 106, -1
173, 107, -1
173, 111, -1
173, 109, -1
173, 70, -1
173, 89, -1
173, 103, -1
173, 105, -1
173, 112, -1
173, 102, -1
173, 130, -1
171, 106, -1
171, 107, -1
171, 111, -1
171, 109, -1
171, 70, -1
171, 89, -1
171, 103, -1
171, 105, -1
171, 112, -1
171, 102, -1
171, 130, -1
166, 106, -1
166, 107, -1
166, 111, -1
166, 109, -1
166, 70, -1
166, 89, -1
166, 103, -1
166, 105, -1
166, 112, -1
166, 102, -1
166, 130, -1
174, 106, -1
174, 107, -1
174, 111, -1
174, 109, -1
174, 70, -1
174, 89, -1
174, 103, -1
174, 105, -1
174, 112, -1
174, 102, -1
174, 130, -1
163, 106, -1
163, 107, -1
163, 111, -1
163, 109, -1
163, 70, -1
163, 89, -1
163, 103, -1
163, 105, -1
163, 112, -1
163, 102, -1
163, 130, -1
168, 106, -1
168, 107, -1
168, 111, -1
168, 109, -1
168, 70, -1
168, 89, -1
168, 103, -1
168, 105, -1
168, 112, -1
168, 102, -1
168, 130, -1
173, 43, -1
171, 43, -1
166, 43, -1
174, 43, -1
163, 43, -1
168, 43, -1
184, 173, -1
184, 171, -1
184, 166, -1
184, 174, -1
184, 163, -1
184, 168, -1
180, 173, -1
180, 171, -1
180, 166, -1
180, 174, -1
180, 163, -1
180, 168, -1
181, 173, -1
181, 171, -1
181, 166, -1
181, 174, -1
181, 163, -1
181, 168, -1
177, 173, -1
177, 171, -1
177, 166, -1
177, 174, -1
177, 163, -1
177, 168, -1
184, 186, -1
184, 201, -1
184, 193, -1
184, 189, -1
184, 207, -1
184, 188, -1
184, 190, -1
184, 185, -1
184, 192, -1
180, 186, -1
180, 201, -1
180, 193, -1
180, 189, -1
180, 207, -1
180, 188, -1
180, 190, -1
180, 185, -1
180, 192, -1
181, 186, -1
181, 201, -1
181, 193, -1
181, 189, -1
181, 207, -1
181, 188, -1
181, 190, -1
181, 185, -1
181, 192, -1
177, 186, -1
177, 201, -1
177, 193, -1
177, 189, -1
177, 207, -1
177, 188, -1
177, 190, -1
177, 185, -1
177, 192, -1
184, 106, -1
184, 107, -1
184, 111, -1
184, 109, -1
184, 70, -1
184, 89, -1
184, 103, -1
184, 105, -1
184, 112, -1
184, 102, -1
184, 130, -1
180, 106, -1
180, 107, -1
180, 111, -1
180, 109, -1
180, 70, -1
180, 89, -1
180, 103, -1
180, 105, -1
180, 112, -1
180, 102, -1
180, 130, -1
181, 106, -1
181, 107, -1
181, 111, -1
181, 109, -1
181, 70, -1
181, 89, -1
181, 103, -1
181, 105, -1
181, 112, -1
181, 102, -1
181, 130, -1
177, 106, -1
177, 107, -1
177, 111, -1
177, 109, -1
177, 70, -1
177, 89, -1
177, 103, -1
177, 105, -1
177, 112, -1
177, 102, -1
177, 130, -1
184, 43, -1
180, 43, -1
181, 43, -1
177, 43, -1
186, 173, -1
186, 171, -1
186, 166, -1
186, 174, -1
186, 163, -1
186, 168, -1
201, 173, -1
201, 171, -1
201, 166, -1
201, 174, -1
201, 163, -1
201, 168, -1
193, 173, -1
193, 171, -1
193, 166, -1
193, 174, -1
193, 163, -1
193, 168, -1
189, 173, -1
189, 171, -1
189, 166, -1
189, 174, -1
189, 163, -1
189, 168, -1
207, 173, -1
207, 171, -1
207, 166, -1
207, 174, -1
207, 163, -1
207, 168, -1
188, 173, -1
188, 171, -1
188, 166, -1
188, 174, -1
188, 163, -1
188, 168, -1
190, 173, -1
190, 171, -1
190, 166, -1
190, 174, -1
190, 163, -1
190, 168, -1
185, 173, -1
185, 171, -1
185, 166, -1
185, 174, -1
185, 163, -1
185, 168, -1
192, 173, -1
192, 171, -1
192, 166, -1
192, 174, -1
192, 163, -1
192, 168, -1
186, 184, -1
186, 180, -1
186, 181, -1
186, 177, -1
201, 184, -1
201, 180, -1
201, 181, -1
201, 177, -1
193, 184, -1
193, 180, -1
193, 181, -1
193, 177, -1
189, 184, -1
189, 180, -1
189, 181, -1
189, 177, -1
207, 184, -1
207, 180, -1
207, 181, -1
207, 177, -1
188, 184, -1
188, 180, -1
188, 181, -1
188, 177, -1
190, 184, -1
190, 180, -1
190, 181, -1
190, 177, -1
185, 184, -1
185, 180, -1
185, 181, -1
185, 177, -1
192, 184, -1
192, 180, -1
192, 181, -1
192, 177, -1
186, 106, -1
186, 107, -1
186, 111, -1
186, 109, -1
186, 70, -1
186, 89, -1
186, 103, -1
186, 105, -1
186, 112, -1
186, 102, -1
186, 130, -1
201, 106, -1
201, 107, -1
201, 111, -1
201, 109, -1
201, 70, -1
201, 89, -1
201, 103, -1
201, 105, -1
201, 112, -1
201, 102, -1
201, 130, -1
193, 106, -1
193, 107, -1
193, 111, -1
193, 109, -1
193, 70, -1
193, 89, -1
193, 103, -1
193, 105, -1
193, 112, -1
193, 102, -1
193, 130, -1
189, 106, -1
189, 107, -1
189, 111, -1
189, 109, -1
189, 70, -1
189, 89, -1
189, 103, -1
189, 105, -1
189, 112, -1
189, 102, -1
189, 130, -1
207, 106, -1
207, 107, -1
207, 111, -1
207, 109, -1
207, 70, -1
207, 89, -1
207, 103, -1
207, 105, -1
207, 112, -1
207, 102, -1
207, 130, -1
188, 106, -1
188, 107, -1
188, 111, -1
188, 109, -1
188, 70, -1
188, 89, -1
188, 103, -1
188, 105, -1
188, 112, -1
188, 102, -1
188, 130, -1
190, 106, -1
190, 107, -1
190, 111, -1
190, 109, -1
190, 70, -1
190, 89, -1
190, 103, -1
190, 105, -1
190, 112, -1
190, 102, -1
190, 130, -1
185, 106, -1
185, 107, -1
185, 111, -1
185, 109, -1
185, 70, -1
185, 89, -1
185, 103, -1
185, 105, -1
185, 112, -1
185, 102, -1
185, 130, -1
192, 106, -1
192, 107, -1
192, 111, -1
192, 109, -1
192, 70, -1
192, 89, -1
192, 103, -1
192, 105, -1
192, 112, -1
192, 102, -1
192, 130, -1
186, 43, -1
201, 43, -1
193, 43, -1
189, 43, -1
207, 43, -1
188, 43, -1
190, 43, -1
185, 43, -1
192, 43, -1
106, 173, -1
106, 171, -1
106, 166, -1
106, 174, -1
106, 163, -1
106, 168, -1
107, 173, -1
107, 171, -1
107, 166, -1
107, 174, -1
107, 163, -1
107, 168, -1
111, 173, -1
111, 171, -1
111, 166, -1
111, 174, -1
111, 163, -1
111, 168, -1
109, 173, -1
109, 171, -1
109, 166, -1
109, 174, -1
109, 163, -1
109, 168, -1
70, 173, -1
70, 171, -1
70, 166, -1
70, 174, -1
70, 163, -1
70, 168, -1
89, 173, -1
89, 171, -1
89, 166, -1
89, 174, -1
89, 163, -1
89, 168, -1
103, 173, -1
103, 171, -1
103, 166, -1
103, 174, -1
103, 163, -1
103, 168, -1
105, 173, -1
105, 171, -1
105, 166, -1
105, 174, -1
105, 163, -1
105, 168, -1
112, 173, -1
112, 171, -1
112, 166, -1
112, 174, -1
112, 163, -1
112, 168, -1
102, 173, -1
102, 171, -1
102, 166, -1
102, 174, -1
102, 163, -1
102, 168, -1
130, 173, -1
130, 171, -1
130, 166, -1
130, 174, -1
130, 163, -1
130, 168, -1
106, 184, -1
106, 180, -1
106, 181, -1
106, 177, -1
107, 184, -1
107, 180, -1
107, 181, -1
107, 177, -1
111, 184, -1
111, 180, -1
111, 181, -1
111, 177, -1
109, 184, -1
109, 180, -1
109, 181, -1
109, 177, -1
70, 184, -1
70, 180, -1
70, 181, -1
70, 177, -1
89, 184, -1
89, 180, -1
89, 181, -1
89, 177, -1
103, 184, -1
103, 180, -1
103, 181, -1
103, 177, -1
105, 184, -1
105, 180, -1
105, 181, -1
105, 177, -1
112, 184, -1
112, 180, -1
112, 181, -1
112, 177, -1
102, 184, -1
102, 180, -1
102, 181, -1
102, 177, -1
130, 184, -1
130, 180, -1
130, 181, -1
130, 177, -1
106, 186, -1
106, 201, -1
106, 193, -1
106, 189, -1
106, 207, -1
106, 188, -1
106, 190, -1
106, 185, -1
106, 192, -1
107, 186, -1
107, 201, -1
107, 193, -1
107, 189, -1
107, 207, -1
107, 188, -1
107, 190, -1
107, 185, -1
107, 192, -1
111, 186, -1
111, 201, -1
111, 193, -1
111, 189, -1
111, 207, -1
111, 188, -1
111, 190, -1
111, 185, -1
111, 192, -1
109, 186, -1
109, 201, -1
109, 193, -1
109, 189, -1
109, 207, -1
109, 188, -1
109, 190, -1
109, 185, -1
109, 192, -1
70, 186, -1
70, 201, -1
70, 193, -1
70, 189, -1
70, 207, -1
70, 188, -1
70, 190, -1
70, 185, -1
70, 192, -1
89, 186, -1
89, 201, -1
89, 193, -1
89, 189, -1
89, 207, -1
89, 188, -1
89, 190, -1
89, 185, -1
89, 192, -1
103, 186, -1
103, 201, -1
103, 193, -1
103, 189, -1
103, 207, -1
103, 188, -1
103, 190, -1
103, 185, -1
103, 192, -1
105, 186, -1
105, 201, -1
105, 193, -1
105, 189, -1
105, 207, -1
105, 188, -1
105, 190, -1
105, 185, -1
105, 192, -1
112, 186, -1
112, 201, -1
112, 193, -1
112, 189, -1
112, 207, -1
112, 188, -1
112, 190, -1
112, 185, -1
112, 192, -1
102, 186, -1
102, 201, -1
102, 193, -1
102, 189, -1
102, 207, -1
102, 188, -1
102, 190, -1
102, 185, -1
102, 192, -1
130, 186, -1
130, 201, -1
130, 193, -1
130, 189, -1
130, 207, -1
130, 188, -1
130, 190, -1
130, 185, -1
130, 192, -1
106, 43, -1
107, 43, -1
111, 43, -1
109, 43, -1
70, 43, -1
89, 43, -1
103, 43, -1
105, 43, -1
112, 43, -1
102, 43, -1
130, 43, -1
43, 173, -1
43, 171, -1
43, 166, -1
43, 174, -1
43, 163, -1
43, 168, -1
43, 184, -1
43, 180, -1
43, 181, -1
43, 177, -1
43, 186, -1
43, 201, -1
43, 193, -1
43, 189, -1
43, 207, -1
43, 188, -1
43, 190, -1
43, 185, -1
43, 192, -1
43, 106, -1
43, 107, -1
43, 111, -1
43, 109, -1
43, 70, -1
43, 89, -1
43, 103, -1
43, 105, -1
43, 112, -1
43, 102, -1
43, 130, -1

