92, 126, 1
128, 126, 1
128, 92, 1
185, 126, -1
185, 92, -1
185, 128, -1
168, 126, -1
168, 92, -1
168, 128, -1
168, 185, -1
178, 126, -1
178, 92, -1
178, 128, -1
178, 185, -1
178, 168, -1

107, 126, 1
107, 92, 1
107, 128, 1
171, 168, 1
190, 185, 1
107, 185, -1
107, 168, -1
107, 178, -1
171, 126, -1
171, 92, -1
171, 128, -1
171, 107, -1
171, 185, -1
171, 178, -1
190, 126, -1
190, 92, -1
190, 128, -1
190, 107, -1
190, 168, -1
190, 171, -1
190, 178, -1

110, 126, 1
110, 92, 1
110, 128, 1
110, 107, 1
207, 185, 1
207, 190, 1
110, 185, -1
110, 190, -1
110, 168, -1
110, 171, -1
110, 178, -1
207, 126, -1
207, 92, -1
207, 128, -1
207, 107, -1
207, 110, -1
207, 168, -1
207, 171, -1
207, 178, -1

111, 126, 1
111, 92, 1
111, 128, 1
111, 107, 1
111, 110, 1
205, 185, 1
205, 190, 1
205, 207, 1
196, 185, 1
196, 190, 1
196, 207, 1
196, 205, 1
111, 185, -1
111, 190, -1
111, 207, -1
111, 168, -1
111, 171, -1
111, 178, -1
205, 126, -1
205, 92, -1
205, 128, -1
205, 107, -1
205, 110, -1
205, 111, -1
205, 168, -1
205, 171, -1
205, 178, -1
196, 126, -1
196, 92, -1
196, 128, -1
196, 107, -1
196, 110, -1
196, 111, -1
196, 168, -1
196, 171, -1
196, 178, -1

203, 185, 1
203, 190, 1
203, 207, 1
203, 205, 1
203, 196, 1
213, 185, 1
213, 190, 1
213, 207, 1
213, 205, 1
213, 196, 1
213, 203, 1
102, 126, 1
102, 92, 1
102, 128, 1
102, 107, 1
102, 110, 1
102, 111, 1
203, 126, -1
203, 92, -1
203, 128, -1
203, 107, -1
203, 110, -1
203, 111, -1
203, 168, -1
203, 171, -1
203, 178, -1
213, 126, -1
213, 92, -1
213, 128, -1
213, 107, -1
213, 110, -1
213, 111, -1
213, 168, -1
213, 171, -1
213, 178, -1
102, 185, -1
102, 190, -1
102, 207, -1
102, 205, -1
102, 196, -1
102, 203, -1
102, 213, -1
102, 168, -1
102, 171, -1
102, 178, -1

192, 185, 1
192, 190, 1
192, 207, 1
192, 205, 1
192, 196, 1
192, 203, 1
192, 213, 1
195, 185, 1
195, 190, 1
195, 207, 1
195, 205, 1
195, 196, 1
195, 203, 1
195, 213, 1
195, 192, 1
70, 126, 1
70, 92, 1
70, 128, 1
70, 107, 1
70, 110, 1
70, 111, 1
70, 102, 1
192, 126, -1
192, 92, -1
192, 128, -1
192, 107, -1
192, 110, -1
192, 111, -1
192, 102, -1
192, 168, -1
192, 171, -1
192, 178, -1
195, 126, -1
195, 92, -1
195, 128, -1
195, 107, -1
195, 110, -1
195, 111, -1
195, 102, -1
195, 168, -1
195, 171, -1
195, 178, -1
70, 185, -1
70, 190, -1
70, 207, -1
70, 205, -1
70, 196, -1
70, 203, -1
70, 213, -1
70, 192, -1
70, 195, -1
70, 168, -1
70, 171, -1
70, 178, -1

209, 185, 1
209, 190, 1
209, 207, 1
209, 205, 1
209, 196, 1
209, 203, 1
209, 213, 1
209, 192, 1
209, 195, 1
193, 185, 1
193, 190, 1
193, 207, 1
193, 205, 1
193, 196, 1
193, 203, 1
193, 213, 1
193, 192, 1
193, 195, 1
193, 209, 1
209, 126, -1
209, 92, -1
209, 128, -1
209, 107, -1
209, 110, -1
209, 111, -1
209, 102, -1
209, 70, -1
209, 168, -1
209, 171, -1
209, 178, -1
193, 126, -1
193, 92, -1
193, 128, -1
193, 107, -1
193, 110, -1
193, 111, -1
193, 102, -1
193, 70, -1
193, 168, -1
193, 171, -1
193, 178, -1

194, 185, 1
194, 190, 1
194, 207, 1
194, 205, 1
194, 196, 1
194, 203, 1
194, 213, 1
194, 192, 1
194, 195, 1
194, 209, 1
194, 193, 1
180, 178, 1
84, 126, 1
84, 92, 1
84, 128, 1
84, 107, 1
84, 110, 1
84, 111, 1
84, 102, 1
84, 70, 1
194, 126, -1
194, 92, -1
194, 128, -1
194, 107, -1
194, 110, -1
194, 111, -1
194, 102, -1
194, 70, -1
194, 168, -1
194, 171, -1
194, 178, -1
180, 126, -1
180, 92, -1
180, 128, -1
180, 107, -1
180, 110, -1
180, 111, -1
180, 102, -1
180, 70, -1
180, 185, -1
180, 190, -1
180, 207, -1
180, 205, -1
180, 196, -1
180, 203, -1
180, 213, -1
180, 192, -1
180, 195, -1
180, 209, -1
180, 193, -1
180, 194, -1
180, 168, -1
180, 171, -1
84, 185, -1
84, 190, -1
84, 207, -1
84, 205, -1
84, 196, -1
84, 203, -1
84, 213, -1
84, 192, -1
84, 195, -1
84, 209, -1
84, 193, -1
84, 194, -1
84, 168, -1
84, 171, -1
84, 178, -1
84, 180, -1

172, 168, 1
172, 171, 1
109, 126, 1
109, 92, 1
109, 128, 1
109, 107, 1
109, 110, 1
109, 111, 1
109, 102, 1
109, 70, 1
109, 84, 1
109, 127, 1
199, 185, 1
199, 190, 1
199, 207, 1
199, 205, 1
199, 196, 1
199, 203, 1
199, 213, 1
199, 192, 1
199, 195, 1
199, 209, 1
199, 193, 1
199, 194, 1
172, 126, -1
172, 92, -1
172, 128, -1
172, 107, -1
172, 110, -1
172, 111, -1
172, 102, -1
172, 70, -1
172, 84, -1
172, 127, -1
172, 185, -1
172, 190, -1
172, 207, -1
172, 205, -1
172, 196, -1
172, 203, -1
172, 213, -1
172, 192, -1
172, 195, -1
172, 209, -1
172, 193, -1
172, 194, -1
172, 178, -1
172, 180, -1
109, 185, -1
109, 190, -1
109, 207, -1
109, 205, -1
109, 196, -1
109, 203, -1
109, 213, -1
109, 192, -1
109, 195, -1
109, 209, -1
109, 193, -1
109, 194, -1
109, 168, -1
109, 171, -1
109, 172, -1
109, 178, -1
109, 180, -1
199, 126, -1
199, 92, -1
199, 128, -1
199, 107, -1
199, 110, -1
199, 111, -1
199, 102, -1
199, 70, -1
199, 84, -1
199, 127, -1
199, 109, -1
199, 168, -1
199, 171, -1
199, 172, -1
199, 178, -1
199, 180, -1

200, 185, 1
200, 190, 1
200, 207, 1
200, 205, 1
200, 196, 1
200, 203, 1
200, 213, 1
200, 192, 1
200, 195, 1
200, 209, 1
200, 193, 1
200, 194, 1
200, 199, 1
198, 185, 1
198, 190, 1
198, 207, 1
198, 205, 1
198, 196, 1
198, 203, 1
198, 213, 1
198, 192, 1
198, 195, 1
198, 209, 1
198, 193, 1
198, 194, 1
198, 199, 1
198, 200, 1
200, 126, -1
200, 92, -1
200, 128, -1
200, 107, -1
200, 110, -1
200, 111, -1
200, 102, -1
200, 70, -1
200, 84, -1
200, 127, -1
200, 109, -1
200, 168, -1
200, 171, -1
200, 172, -1
200, 178, -1
200, 180, -1
198, 126, -1
198, 92, -1
198, 128, -1
198, 107, -1
198, 110, -1
198, 111, -1
198, 102, -1
198, 70, -1
198, 84, -1
198, 127, -1
198, 109, -1
198, 168, -1
198, 171, -1
198, 172, -1
198, 178, -1
198, 180, -1

