92, 126, 1
128, 126, 1
128, 92, 1
185, 126, -1
185, 92, -1
185, 128, -1
168, 126, -1
168, 92, -1
168, 128, -1
168, 185, -1
178, 126, -1
178, 92, -1
178, 128, -1
178, 185, -1
178, 168, -1

107, 126, 1
107, 92, 1
107, 128, 1
107, 127, 1
171, 168, 1
70, 126, 1
70, 92, 1
70, 128, 1
70, 127, 1
70, 107, 1
190, 185, 1
107, 185, -1
107, 168, -1
107, 178, -1
171, 126, -1
171, 92, -1
171, 128, -1
171, 127, -1
171, 107, -1
171, 185, -1
171, 178, -1
70, 185, -1
70, 168, -1
70, 171, -1
70, 178, -1
190, 126, -1
190, 92, -1
190, 128, -1
190, 127, -1
190, 107, -1
190, 70, -1
190, 168, -1
190, 171, -1
190, 178, -1

110, 126, 1
110, 92, 1
110, 128, 1
110, 127, 1
110, 107, 1
110, 70, 1
207, 185, 1
207, 190, 1
110, 185, -1
110, 190, -1
110, 168, -1
110, 171, -1
110, 178, -1
207, 126, -1
207, 92, -1
207, 128, -1
207, 127, -1
207, 107, -1
207, 70, -1
207, 110, -1
207, 168, -1
207, 171, -1
207, 178, -1

111, 126, 1
111, 92, 1
111, 128, 1
111, 127, 1
111, 107, 1
111, 70, 1
111, 110, 1
109, 126, 1
109, 92, 1
109, 128, 1
109, 127, 1
109, 107, 1
109, 70, 1
109, 110, 1
109, 111, 1
205, 185, 1
205, 190, 1
205, 207, 1
111, 185, -1
111, 190, -1
111, 207, -1
111, 168, -1
111, 171, -1
111, 178, -1
109, 185, -1
109, 190, -1
109, 207, -1
109, 168, -1
109, 171, -1
109, 178, -1
205, 126, -1
205, 92, -1
205, 128, -1
205, 127, -1
205, 107, -1
205, 70, -1
205, 110, -1
205, 111, -1
205, 109, -1
205, 168, -1
205, 171, -1
205, 178, -1

106, 126, 1
106, 92, 1
106, 128, 1
106, 127, 1
106, 107, 1
106, 70, 1
106, 110, 1
106, 111, 1
106, 109, 1
172, 168, 1
172, 171, 1
106, 185, -1
106, 190, -1
106, 207, -1
106, 205, -1
106, 186, -1
106, 168, -1
106, 171, -1
106, 178, -1
172, 126, -1
172, 92, -1
172, 128, -1
172, 127, -1
172, 107, -1
172, 70, -1
172, 110, -1
172, 111, -1
172, 109, -1
172, 106, -1
172, 185, -1
172, 190, -1
172, 207, -1
172, 205, -1
172, 186, -1
172, 178, -1

197, 185, 1
197, 190, 1
197, 207, 1
197, 205, 1
197, 186, 1
180, 178, 1
188, 185, 1
188, 190, 1
188, 207, 1
188, 205, 1
188, 186, 1
188, 197, 1
197, 126, -1
197, 92, -1
197, 128, -1
197, 127, -1
197, 107, -1
197, 70, -1
197, 110, -1
197, 111, -1
197, 109, -1
197, 106, -1
197, 168, -1
197, 171, -1
197, 172, -1
197, 164, -1
197, 178, -1
180, 126, -1
180, 92, -1
180, 128, -1
180, 127, -1
180, 107, -1
180, 70, -1
180, 110, -1
180, 111, -1
180, 109, -1
180, 106, -1
180, 185, -1
180, 190, -1
180, 207, -1
180, 205, -1
180, 186, -1
180, 197, -1
180, 168, -1
180, 171, -1
180, 172, -1
180, 164, -1
188, 126, -1
188, 92, -1
188, 128, -1
188, 127, -1
188, 107, -1
188, 70, -1
188, 110, -1
188, 111, -1
188, 109, -1
188, 106, -1
188, 168, -1
188, 171, -1
188, 172, -1
188, 164, -1
188, 178, -1
188, 180, -1

105, 126, 1
105, 92, 1
105, 128, 1
105, 127, 1
105, 107, 1
105, 70, 1
105, 110, 1
105, 111, 1
105, 109, 1
105, 106, 1
189, 185, 1
189, 190, 1
189, 207, 1
189, 205, 1
189, 186, 1
189, 197, 1
189, 188, 1
105, 185, -1
105, 190, -1
105, 207, -1
105, 205, -1
105, 186, -1
105, 197, -1
105, 188, -1
105, 168, -1
105, 171, -1
105, 172, -1
105, 164, -1
105, 174, -1
105, 178, -1
105, 180, -1
189, 126, -1
189, 92, -1
189, 128, -1
189, 127, -1
189, 107, -1
189, 70, -1
189, 110, -1
189, 111, -1
189, 109, -1
189, 106, -1
189, 105, -1
189, 168, -1
189, 171, -1
189, 172, -1
189, 164, -1
189, 174, -1
189, 178, -1
189, 180, -1

163, 168, 1
163, 171, 1
163, 172, 1
163, 164, 1
163, 174, 1
201, 185, 1
201, 190, 1
201, 207, 1
201, 205, 1
201, 186, 1
201, 197, 1
201, 188, 1
201, 189, 1
182, 178, 1
182, 180, 1
163, 126, -1
163, 92, -1
163, 128, -1
163, 127, -1
163, 107, -1
163, 70, -1
163, 110, -1
163, 111, -1
163, 109, -1
163, 106, -1
163, 105, -1
163, 185, -1
163, 190, -1
163, 207, -1
163, 205, -1
163, 186, -1
163, 197, -1
163, 188, -1
163, 189, -1
163, 178, -1
163, 180, -1
201, 126, -1
201, 92, -1
201, 128, -1
201, 127, -1
201, 107, -1
201, 70, -1
201, 110, -1
201, 111, -1
201, 109, -1
201, 106, -1
201, 105, -1
201, 168, -1
201, 171, -1
201, 172, -1
201, 164, -1
201, 174, -1
201, 163, -1
201, 178, -1
201, 180, -1
182, 126, -1
182, 92, -1
182, 128, -1
182, 127, -1
182, 107, -1
182, 70, -1
182, 110, -1
182, 111, -1
182, 109, -1
182, 106, -1
182, 105, -1
182, 185, -1
182, 190, -1
182, 207, -1
182, 205, -1
182, 186, -1
182, 197, -1
182, 188, -1
182, 189, -1
182, 201, -1
182, 168, -1
182, 171, -1
182, 172, -1
182, 164, -1
182, 174, -1
182, 163, -1

184, 178, 1
184, 180, 1
184, 182, 1
191, 185, 1
191, 190, 1
191, 207, 1
191, 205, 1
191, 186, 1
191, 197, 1
191, 188, 1
191, 189, 1
191, 201, 1
84, 126, 1
84, 92, 1
84, 128, 1
84, 127, 1
84, 107, 1
84, 70, 1
84, 110, 1
84, 111, 1
84, 109, 1
84, 106, 1
84, 105, 1
184, 126, -1
184, 92, -1
184, 128, -1
184, 127, -1
184, 107, -1
184, 70, -1
184, 110, -1
184, 111, -1
184, 109, -1
184, 106, -1
184, 105, -1
184, 185, -1
184, 190, -1
184, 207, -1
184, 205, -1
184, 186, -1
184, 197, -1
184, 188, -1
184, 189, -1
184, 201, -1
184, 168, -1
184, 171, -1
184, 172, -1
184, 164, -1
184, 174, -1
184, 163, -1
191, 126, -1
191, 92, -1
191, 128, -1
191, 127, -1
191, 107, -1
191, 70, -1
191, 110, -1
191, 111, -1
191, 109, -1
191, 106, -1
191, 105, -1
191, 168, -1
191, 171, -1
191, 172, -1
191, 164, -1
191, 174, -1
191, 163, -1
191, 178, -1
191, 180, -1
191, 182, -1
191, 184, -1
84, 185, -1
84, 190, -1
84, 207, -1
84, 205, -1
84, 186, -1
84, 197, -1
84, 188, -1
84, 189, -1
84, 201, -1
84, 191, -1
84, 168, -1
84, 171, -1
84, 172, -1
84, 164, -1
84, 174, -1
84, 163, -1
84, 178, -1
84, 180, -1
84, 182, -1
84, 184, -1

194, 185, 1
194, 190, 1
194, 207, 1
194, 205, 1
194, 186, 1
194, 197, 1
194, 188, 1
194, 189, 1
194, 201, 1
194, 191, 1
192, 185, 1
192, 190, 1
192, 207, 1
192, 205, 1
192, 186, 1
192, 197, 1
192, 188, 1
192, 189, 1
192, 201, 1
192, 191, 1
192, 194, 1
194, 126, -1
194, 92, -1
194, 128, -1
194, 127, -1
194, 107, -1
194, 70, -1
194, 110, -1
194, 111, -1
194, 109, -1
194, 106, -1
194, 105, -1
194, 84, -1
194, 168, -1
194, 171, -1
194, 172, -1
194, 164, -1
194, 174, -1
194, 163, -1
194, 178, -1
194, 180, -1
194, 182, -1
194, 184, -1
194, 181, -1
192, 126, -1
192, 92, -1
192, 128, -1
192, 127, -1
192, 107, -1
192, 70, -1
192, 110, -1
192, 111, -1
192, 109, -1
192, 106, -1
192, 105, -1
192, 84, -1
192, 168, -1
192, 171, -1
192, 172, -1
192, 164, -1
192, 174, -1
192, 163, -1
192, 178, -1
192, 180, -1
192, 182, -1
192, 184, -1
192, 181, -1

