171, 163, 1
163, 171, 1
56, 107, -1
56, 171, -1
56, 163, -1
56, 184, -1
107, 56, -1
107, 171, -1
107, 163, -1
107, 184, -1
171, 56, -1
163, 56, -1
171, 107, -1
163, 107, -1
171, 184, -1
163, 184, -1
184, 56, -1
184, 107, -1
184, 171, -1
184, 163, -1

107, 108, 1
107, 106, 1
108, 107, 1
108, 106, 1
106, 107, 1
106, 108, 1
171, 163, 1
163, 171, 1
56, 107, -1
56, 108, -1
56, 106, -1
56, 171, -1
56, 163, -1
56, 184, -1
56, 201, -1
107, 56, -1
108, 56, -1
106, 56, -1
107, 171, -1
107, 163, -1
108, 171, -1
108, 163, -1
106, 171, -1
106, 163, -1
107, 184, -1
108, 184, -1
106, 184, -1
107, 201, -1
108, 201, -1
106, 201, -1
171, 56, -1
163, 56, -1
171, 107, -1
171, 108, -1
171, 106, -1
163, 107, -1
163, 108, -1
163, 106, -1
171, 184, -1
163, 184, -1
171, 201, -1
163, 201, -1
184, 56, -1
184, 107, -1
184, 108, -1
184, 106, -1
184, 171, -1
184, 163, -1
184, 201, -1
201, 56, -1
201, 107, -1
201, 108, -1
201, 106, -1
201, 171, -1
201, 163, -1
201, 184, -1

107, 108, 1
107, 106, 1
108, 107, 1
108, 106, 1
106, 107, 1
106, 108, 1
171, 163, 1
163, 171, 1
201, 207, 1
201, 189, 1
207, 201, 1
207, 189, 1
189, 201, 1
189, 207, 1
56, 107, -1
56, 108, -1
56, 106, -1
56, 171, -1
56, 163, -1
56, 184, -1
56, 201, -1
56, 207, -1
56, 189, -1
107, 56, -1
108, 56, -1
106, 56, -1
107, 171, -1
107, 163, -1
108, 171, -1
108, 163, -1
106, 171, -1
106, 163, -1
107, 184, -1
108, 184, -1
106, 184, -1
107, 201, -1
107, 207, -1
107, 189, -1
108, 201, -1
108, 207, -1
108, 189, -1
106, 201, -1
106, 207, -1
106, 189, -1
171, 56, -1
163, 56, -1
171, 107, -1
171, 108, -1
171, 106, -1
163, 107, -1
163, 108, -1
163, 106, -1
171, 184, -1
163, 184, -1
171, 201, -1
171, 207, -1
171, 189, -1
163, 201, -1
163, 207, -1
163, 189, -1
184, 56, -1
184, 107, -1
184, 108, -1
184, 106, -1
184, 171, -1
184, 163, -1
184, 201, -1
184, 207, -1
184, 189, -1
201, 56, -1
207, 56, -1
189, 56, -1
201, 107, -1
201, 108, -1
201, 106, -1
207, 107, -1
207, 108, -1
207, 106, -1
189, 107, -1
189, 108, -1
189, 106, -1
201, 171, -1
201, 163, -1
207, 171, -1
207, 163, -1
189, 171, -1
189, 163, -1
201, 184, -1
207, 184, -1
189, 184, -1

107, 108, 1
107, 106, 1
107, 103, 1
107, 110, 1
108, 107, 1
108, 106, 1
108, 103, 1
108, 110, 1
106, 107, 1
106, 108, 1
106, 103, 1
106, 110, 1
103, 107, 1
103, 108, 1
103, 106, 1
103, 110, 1
110, 107, 1
110, 108, 1
110, 106, 1
110, 103, 1
171, 163, 1
171, 166, 1
163, 171, 1
163, 166, 1
166, 171, 1
166, 163, 1
201, 207, 1
201, 189, 1
207, 201, 1
207, 189, 1
189, 201, 1
189, 207, 1
56, 107, -1
56, 108, -1
56, 106, -1
56, 103, -1
56, 110, -1
56, 171, -1
56, 163, -1
56, 166, -1
56, 184, -1
56, 201, -1
56, 207, -1
56, 189, -1
107, 56, -1
108, 56, -1
106, 56, -1
103, 56, -1
110, 56, -1
107, 171, -1
107, 163, -1
107, 166, -1
108, 171, -1
108, 163, -1
108, 166, -1
106, 171, -1
106, 163, -1
106, 166, -1
103, 171, -1
103, 163, -1
103, 166, -1
110, 171, -1
110, 163, -1
110, 166, -1
107, 184, -1
108, 184, -1
106, 184, -1
103, 184, -1
110, 184, -1
107, 201, -1
107, 207, -1
107, 189, -1
108, 201, -1
108, 207, -1
108, 189, -1
106, 201, -1
106, 207, -1
106, 189, -1
103, 201, -1
103, 207, -1
103, 189, -1
110, 201, -1
110, 207, -1
110, 189, -1
171, 56, -1
163, 56, -1
166, 56, -1
171, 107, -1
171, 108, -1
171, 106, -1
171, 103, -1
171, 110, -1
163, 107, -1
163, 108, -1
163, 106, -1
163, 103, -1
163, 110, -1
166, 107, -1
166, 108, -1
166, 106, -1
166, 103, -1
166, 110, -1
171, 184, -1
163, 184, -1
166, 184, -1
171, 201, -1
171, 207, -1
171, 189, -1
163, 201, -1
163, 207, -1
163, 189, -1
166, 201, -1
166, 207, -1
166, 189, -1
184, 56, -1
184, 107, -1
184, 108, -1
184, 106, -1
184, 103, -1
184, 110, -1
184, 171, -1
184, 163, -1
184, 166, -1
184, 201, -1
184, 207, -1
184, 189, -1
201, 56, -1
207, 56, -1
189, 56, -1
201, 107, -1
201, 108, -1
201, 106, -1
201, 103, -1
201, 110, -1
207, 107, -1
207, 108, -1
207, 106, -1
207, 103, -1
207, 110, -1
189, 107, -1
189, 108, -1
189, 106, -1
189, 103, -1
189, 110, -1
201, 171, -1
201, 163, -1
201, 166, -1
207, 171, -1
207, 163, -1
207, 166, -1
189, 171, -1
189, 163, -1
189, 166, -1
201, 184, -1
207, 184, -1
189, 184, -1

107, 108, 1
107, 106, 1
107, 103, 1
107, 110, 1
108, 107, 1
108, 106, 1
108, 103, 1
108, 110, 1
106, 107, 1
106, 108, 1
106, 103, 1
106, 110, 1
103, 107, 1
103, 108, 1
103, 106, 1
103, 110, 1
110, 107, 1
110, 108, 1
110, 106, 1
110, 103, 1
171, 163, 1
171, 166, 1
163, 171, 1
163, 166, 1
166, 171, 1
166, 163, 1
201, 207, 1
201, 189, 1
201, 185, 1
201, 202, 1
207, 201, 1
207, 189, 1
207, 185, 1
207, 202, 1
189, 201, 1
189, 207, 1
189, 185, 1
189, 202, 1
185, 201, 1
185, 207, 1
185, 189, 1
185, 202, 1
202, 201, 1
202, 207, 1
202, 189, 1
202, 185, 1
56, 107, -1
56, 108, -1
56, 106, -1
56, 103, -1
56, 110, -1
56, 171, -1
56, 163, -1
56, 166, -1
56, 184, -1
56, 201, -1
56, 207, -1
56, 189, -1
56, 185, -1
56, 202, -1
107, 56, -1
108, 56, -1
106, 56, -1
103, 56, -1
110, 56, -1
107, 171, -1
107, 163, -1
107, 166, -1
108, 171, -1
108, 163, -1
108, 166, -1
106, 171, -1
106, 163, -1
106, 166, -1
103, 171, -1
103, 163, -1
103, 166, -1
110, 171, -1
110, 163, -1
110, 166, -1
107, 184, -1
108, 184, -1
106, 184, -1
103, 184, -1
110, 184, -1
107, 201, -1
107, 207, -1
107, 189, -1
107, 185, -1
107, 202, -1
108, 201, -1
108, 207, -1
108, 189, -1
108, 185, -1
108, 202, -1
106, 201, -1
106, 207, -1
106, 189, -1
106, 185, -1
106, 202, -1
103, 201, -1
103, 207, -1
103, 189, -1
103, 185, -1
103, 202, -1
110, 201, -1
110, 207, -1
110, 189, -1
110, 185, -1
110, 202, -1
171, 56, -1
163, 56, -1
166, 56, -1
171, 107, -1
171, 108, -1
171, 106, -1
171, 103, -1
171, 110, -1
163, 107, -1
163, 108, -1
163, 106, -1
163, 103, -1
163, 110, -1
166, 107, -1
166, 108, -1
166, 106, -1
166, 103, -1
166, 110, -1
171, 184, -1
163, 184, -1
166, 184, -1
171, 201, -1
171, 207, -1
171, 189, -1
171, 185, -1
171, 202, -1
163, 201, -1
163, 207, -1
163, 189, -1
163, 185, -1
163, 202, -1
166, 201, -1
166, 207, -1
166, 189, -1
166, 185, -1
166, 202, -1
184, 56, -1
184, 107, -1
184, 108, -1
184, 106, -1
184, 103, -1
184, 110, -1
184, 171, -1
184, 163, -1
184, 166, -1
184, 201, -1
184, 207, -1
184, 189, -1
184, 185, -1
184, 202, -1
201, 56, -1
207, 56, -1
189, 56, -1
185, 56, -1
202, 56, -1
201, 107, -1
201, 108, -1
201, 106, -1
201, 103, -1
201, 110, -1
207, 107, -1
207, 108, -1
207, 106, -1
207, 103, -1
207, 110, -1
189, 107, -1
189, 108, -1
189, 106, -1
189, 103, -1
189, 110, -1
185, 107, -1
185, 108, -1
185, 106, -1
185, 103, -1
185, 110, -1
202, 107, -1
202, 108, -1
202, 106, -1
202, 103, -1
202, 110, -1
201, 171, -1
201, 163, -1
201, 166, -1
207, 171, -1
207, 163, -1
207, 166, -1
189, 171, -1
189, 163, -1
189, 166, -1
185, 171, -1
185, 163, -1
185, 166, -1
202, 171, -1
202, 163, -1
202, 166, -1
201, 184, -1
207, 184, -1
189, 184, -1
185, 184, -1
202, 184, -1

107, 108, 1
107, 106, 1
107, 103, 1
107, 110, 1
107, 131, 1
107, 70, 1
108, 107, 1
108, 106, 1
108, 103, 1
108, 110, 1
108, 131, 1
108, 70, 1
106, 107, 1
106, 108, 1
106, 103, 1
106, 110, 1
106, 131, 1
106, 70, 1
103, 107, 1
103, 108, 1
103, 106, 1
103, 110, 1
103, 131, 1
103, 70, 1
110, 107, 1
110, 108, 1
110, 106, 1
110, 103, 1
110, 131, 1
110, 70, 1
131, 107, 1
131, 108, 1
131, 106, 1
131, 103, 1
131, 110, 1
131, 70, 1
70, 107, 1
70, 108, 1
70, 106, 1
70, 103, 1
70, 110, 1
70, 131, 1
171, 163, 1
171, 166, 1
171, 168, 1
171, 174, 1
163, 171, 1
163, 166, 1
163, 168, 1
163, 174, 1
166, 171, 1
166, 163, 1
166, 168, 1
166, 174, 1
168, 171, 1
168, 163, 1
168, 166, 1
168, 174, 1
174, 171, 1
174, 163, 1
174, 166, 1
174, 168, 1
201, 207, 1
201, 189, 1
201, 185, 1
201, 202, 1
207, 201, 1
207, 189, 1
207, 185, 1
207, 202, 1
189, 201, 1
189, 207, 1
189, 185, 1
189, 202, 1
185, 201, 1
185, 207, 1
185, 189, 1
185, 202, 1
202, 201, 1
202, 207, 1
202, 189, 1
202, 185, 1
56, 107, -1
56, 108, -1
56, 106, -1
56, 103, -1
56, 110, -1
56, 131, -1
56, 70, -1
56, 171, -1
56, 163, -1
56, 166, -1
56, 168, -1
56, 174, -1
56, 184, -1
56, 201, -1
56, 207, -1
56, 189, -1
56, 185, -1
56, 202, -1
107, 56, -1
108, 56, -1
106, 56, -1
103, 56, -1
110, 56, -1
131, 56, -1
70, 56, -1
107, 171, -1
107, 163, -1
107, 166, -1
107, 168, -1
107, 174, -1
108, 171, -1
108, 163, -1
108, 166, -1
108, 168, -1
108, 174, -1
106, 171, -1
106, 163, -1
106, 166, -1
106, 168, -1
106, 174, -1
103, 171, -1
103, 163, -1
103, 166, -1
103, 168, -1
103, 174, -1
110, 171, -1
110, 163, -1
110, 166, -1
110, 168, -1
110, 174, -1
131, 171, -1
131, 163, -1
131, 166, -1
131, 168, -1
131, 174, -1
70, 171, -1
70, 163, -1
70, 166, -1
70, 168, -1
70, 174, -1
107, 184, -1
108, 184, -1
106, 184, -1
103, 184, -1
110, 184, -1
131, 184, -1
70, 184, -1
107, 201, -1
107, 207, -1
107, 189, -1
107, 185, -1
107, 202, -1
108, 201, -1
108, 207, -1
108, 189, -1
108, 185, -1
108, 202, -1
106, 201, -1
106, 207, -1
106, 189, -1
106, 185, -1
106, 202, -1
103, 201, -1
103, 207, -1
103, 189, -1
103, 185, -1
103, 202, -1
110, 201, -1
110, 207, -1
110, 189, -1
110, 185, -1
110, 202, -1
131, 201, -1
131, 207, -1
131, 189, -1
131, 185, -1
131, 202, -1
70, 201, -1
70, 207, -1
70, 189, -1
70, 185, -1
70, 202, -1
171, 56, -1
163, 56, -1
166, 56, -1
168, 56, -1
174, 56, -1
171, 107, -1
171, 108, -1
171, 106, -1
171, 103, -1
171, 110, -1
171, 131, -1
171, 70, -1
163, 107, -1
163, 108, -1
163, 106, -1
163, 103, -1
163, 110, -1
163, 131, -1
163, 70, -1
166, 107, -1
166, 108, -1
166, 106, -1
166, 103, -1
166, 110, -1
166, 131, -1
166, 70, -1
168, 107, -1
168, 108, -1
168, 106, -1
168, 103, -1
168, 110, -1
168, 131, -1
168, 70, -1
174, 107, -1
174, 108, -1
174, 106, -1
174, 103, -1
174, 110, -1
174, 131, -1
174, 70, -1
171, 184, -1
163, 184, -1
166, 184, -1
168, 184, -1
174, 184, -1
171, 201, -1
171, 207, -1
171, 189, -1
171, 185, -1
171, 202, -1
163, 201, -1
163, 207, -1
163, 189, -1
163, 185, -1
163, 202, -1
166, 201, -1
166, 207, -1
166, 189, -1
166, 185, -1
166, 202, -1
168, 201, -1
168, 207, -1
168, 189, -1
168, 185, -1
168, 202, -1
174, 201, -1
174, 207, -1
174, 189, -1
174, 185, -1
174, 202, -1
184, 56, -1
184, 107, -1
184, 108, -1
184, 106, -1
184, 103, -1
184, 110, -1
184, 131, -1
184, 70, -1
184, 171, -1
184, 163, -1
184, 166, -1
184, 168, -1
184, 174, -1
184, 201, -1
184, 207, -1
184, 189, -1
184, 185, -1
184, 202, -1
201, 56, -1
207, 56, -1
189, 56, -1
185, 56, -1
202, 56, -1
201, 107, -1
201, 108, -1
201, 106, -1
201, 103, -1
201, 110, -1
201, 131, -1
201, 70, -1
207, 107, -1
207, 108, -1
207, 106, -1
207, 103, -1
207, 110, -1
207, 131, -1
207, 70, -1
189, 107, -1
189, 108, -1
189, 106, -1
189, 103, -1
189, 110, -1
189, 131, -1
189, 70, -1
185, 107, -1
185, 108, -1
185, 106, -1
185, 103, -1
185, 110, -1
185, 131, -1
185, 70, -1
202, 107, -1
202, 108, -1
202, 106, -1
202, 103, -1
202, 110, -1
202, 131, -1
202, 70, -1
201, 171, -1
201, 163, -1
201, 166, -1
201, 168, -1
201, 174, -1
207, 171, -1
207, 163, -1
207, 166, -1
207, 168, -1
207, 174, -1
189, 171, -1
189, 163, -1
189, 166, -1
189, 168, -1
189, 174, -1
185, 171, -1
185, 163, -1
185, 166, -1
185, 168, -1
185, 174, -1
202, 171, -1
202, 163, -1
202, 166, -1
202, 168, -1
202, 174, -1
201, 184, -1
207, 184, -1
189, 184, -1
185, 184, -1
202, 184, -1

107, 108, 1
107, 106, 1
107, 103, 1
107, 110, 1
107, 131, 1
107, 70, 1
108, 107, 1
108, 106, 1
108, 103, 1
108, 110, 1
108, 131, 1
108, 70, 1
106, 107, 1
106, 108, 1
106, 103, 1
106, 110, 1
106, 131, 1
106, 70, 1
103, 107, 1
103, 108, 1
103, 106, 1
103, 110, 1
103, 131, 1
103, 70, 1
110, 107, 1
110, 108, 1
110, 106, 1
110, 103, 1
110, 131, 1
110, 70, 1
131, 107, 1
131, 108, 1
131, 106, 1
131, 103, 1
131, 110, 1
131, 70, 1
70, 107, 1
70, 108, 1
70, 106, 1
70, 103, 1
70, 110, 1
70, 131, 1
171, 163, 1
171, 166, 1
171, 168, 1
171, 174, 1
163, 171, 1
163, 166, 1
163, 168, 1
163, 174, 1
166, 171, 1
166, 163, 1
166, 168, 1
166, 174, 1
168, 171, 1
168, 163, 1
168, 166, 1
168, 174, 1
174, 171, 1
174, 163, 1
174, 166, 1
174, 168, 1
201, 207, 1
201, 189, 1
201, 185, 1
201, 202, 1
201, 188, 1
207, 201, 1
207, 189, 1
207, 185, 1
207, 202, 1
207, 188, 1
189, 201, 1
189, 207, 1
189, 185, 1
189, 202, 1
189, 188, 1
185, 201, 1
185, 207, 1
185, 189, 1
185, 202, 1
185, 188, 1
202, 201, 1
202, 207, 1
202, 189, 1
202, 185, 1
202, 188, 1
188, 201, 1
188, 207, 1
188, 189, 1
188, 185, 1
188, 202, 1
56, 107, -1
56, 108, -1
56, 106, -1
56, 103, -1
56, 110, -1
56, 131, -1
56, 70, -1
56, 171, -1
56, 163, -1
56, 166, -1
56, 168, -1
56, 174, -1
56, 184, -1
56, 201, -1
56, 207, -1
56, 189, -1
56, 185, -1
56, 202, -1
56, 188, -1
56, 151, -1
107, 56, -1
108, 56, -1
106, 56, -1
103, 56, -1
110, 56, -1
131, 56, -1
70, 56, -1
107, 171, -1
107, 163, -1
107, 166, -1
107, 168, -1
107, 174, -1
108, 171, -1
108, 163, -1
108, 166, -1
108, 168, -1
108, 174, -1
106, 171, -1
106, 163, -1
106, 166, -1
106, 168, -1
106, 174, -1
103, 171, -1
103, 163, -1
103, 166, -1
103, 168, -1
103, 174, -1
110, 171, -1
110, 163, -1
110, 166, -1
110, 168, -1
110, 174, -1
131, 171, -1
131, 163, -1
131, 166, -1
131, 168, -1
131, 174, -1
70, 171, -1
70, 163, -1
70, 166, -1
70, 168, -1
70, 174, -1
107, 184, -1
108, 184, -1
106, 184, -1
103, 184, -1
110, 184, -1
131, 184, -1
70, 184, -1
107, 201, -1
107, 207, -1
107, 189, -1
107, 185, -1
107, 202, -1
107, 188, -1
108, 201, -1
108, 207, -1
108, 189, -1
108, 185, -1
108, 202, -1
108, 188, -1
106, 201, -1
106, 207, -1
106, 189, -1
106, 185, -1
106, 202, -1
106, 188, -1
103, 201, -1
103, 207, -1
103, 189, -1
103, 185, -1
103, 202, -1
103, 188, -1
110, 201, -1
110, 207, -1
110, 189, -1
110, 185, -1
110, 202, -1
110, 188, -1
131, 201, -1
131, 207, -1
131, 189, -1
131, 185, -1
131, 202, -1
131, 188, -1
70, 201, -1
70, 207, -1
70, 189, -1
70, 185, -1
70, 202, -1
70, 188, -1
107, 151, -1
108, 151, -1
106, 151, -1
103, 151, -1
110, 151, -1
131, 151, -1
70, 151, -1
171, 56, -1
163, 56, -1
166, 56, -1
168, 56, -1
174, 56, -1
171, 107, -1
171, 108, -1
171, 106, -1
171, 103, -1
171, 110, -1
171, 131, -1
171, 70, -1
163, 107, -1
163, 108, -1
163, 106, -1
163, 103, -1
163, 110, -1
163, 131, -1
163, 70, -1
166, 107, -1
166, 108, -1
166, 106, -1
166, 103, -1
166, 110, -1
166, 131, -1
166, 70, -1
168, 107, -1
168, 108, -1
168, 106, -1
168, 103, -1
168, 110, -1
168, 131, -1
168, 70, -1
174, 107, -1
174, 108, -1
174, 106, -1
174, 103, -1
174, 110, -1
174, 131, -1
174, 70, -1
171, 184, -1
163, 184, -1
166, 184, -1
168, 184, -1
174, 184, -1
171, 201, -1
171, 207, -1
171, 189, -1
171, 185, -1
171, 202, -1
171, 188, -1
163, 201, -1
163, 207, -1
163, 189, -1
163, 185, -1
163, 202, -1
163, 188, -1
166, 201, -1
166, 207, -1
166, 189, -1
166, 185, -1
166, 202, -1
166, 188, -1
168, 201, -1
168, 207, -1
168, 189, -1
168, 185, -1
168, 202, -1
168, 188, -1
174, 201, -1
174, 207, -1
174, 189, -1
174, 185, -1
174, 202, -1
174, 188, -1
171, 151, -1
163, 151, -1
166, 151, -1
168, 151, -1
174, 151, -1
184, 56, -1
184, 107, -1
184, 108, -1
184, 106, -1
184, 103, -1
184, 110, -1
184, 131, -1
184, 70, -1
184, 171, -1
184, 163, -1
184, 166, -1
184, 168, -1
184, 174, -1
184, 201, -1
184, 207, -1
184, 189, -1
184, 185, -1
184, 202, -1
184, 188, -1
184, 151, -1
201, 56, -1
207, 56, -1
189, 56, -1
185, 56, -1
202, 56, -1
188, 56, -1
201, 107, -1
201, 108, -1
201, 106, -1
201, 103, -1
201, 110, -1
201, 131, -1
201, 70, -1
207, 107, -1
207, 108, -1
207, 106, -1
207, 103, -1
207, 110, -1
207, 131, -1
207, 70, -1
189, 107, -1
189, 108, -1
189, 106, -1
189, 103, -1
189, 110, -1
189, 131, -1
189, 70, -1
185, 107, -1
185, 108, -1
185, 106, -1
185, 103, -1
185, 110, -1
185, 131, -1
185, 70, -1
202, 107, -1
202, 108, -1
202, 106, -1
202, 103, -1
202, 110, -1
202, 131, -1
202, 70, -1
188, 107, -1
188, 108, -1
188, 106, -1
188, 103, -1
188, 110, -1
188, 131, -1
188, 70, -1
201, 171, -1
201, 163, -1
201, 166, -1
201, 168, -1
201, 174, -1
207, 171, -1
207, 163, -1
207, 166, -1
207, 168, -1
207, 174, -1
189, 171, -1
189, 163, -1
189, 166, -1
189, 168, -1
189, 174, -1
185, 171, -1
185, 163, -1
185, 166, -1
185, 168, -1
185, 174, -1
202, 171, -1
202, 163, -1
202, 166, -1
202, 168, -1
202, 174, -1
188, 171, -1
188, 163, -1
188, 166, -1
188, 168, -1
188, 174, -1
201, 184, -1
207, 184, -1
189, 184, -1
185, 184, -1
202, 184, -1
188, 184, -1
201, 151, -1
207, 151, -1
189, 151, -1
185, 151, -1
202, 151, -1
188, 151, -1
151, 56, -1
151, 107, -1
151, 108, -1
151, 106, -1
151, 103, -1
151, 110, -1
151, 131, -1
151, 70, -1
151, 171, -1
151, 163, -1
151, 166, -1
151, 168, -1
151, 174, -1
151, 184, -1
151, 201, -1
151, 207, -1
151, 189, -1
151, 185, -1
151, 202, -1
151, 188, -1

56, 51, 1
51, 56, 1
107, 108, 1
107, 106, 1
107, 103, 1
107, 110, 1
107, 131, 1
107, 70, 1
107, 143, 1
107, 105, 1
108, 107, 1
108, 106, 1
108, 103, 1
108, 110, 1
108, 131, 1
108, 70, 1
108, 143, 1
108, 105, 1
106, 107, 1
106, 108, 1
106, 103, 1
106, 110, 1
106, 131, 1
106, 70, 1
106, 143, 1
106, 105, 1
103, 107, 1
103, 108, 1
103, 106, 1
103, 110, 1
103, 131, 1
103, 70, 1
103, 143, 1
103, 105, 1
110, 107, 1
110, 108, 1
110, 106, 1
110, 103, 1
110, 131, 1
110, 70, 1
110, 143, 1
110, 105, 1
131, 107, 1
131, 108, 1
131, 106, 1
131, 103, 1
131, 110, 1
131, 70, 1
131, 143, 1
131, 105, 1
70, 107, 1
70, 108, 1
70, 106, 1
70, 103, 1
70, 110, 1
70, 131, 1
70, 143, 1
70, 105, 1
143, 107, 1
143, 108, 1
143, 106, 1
143, 103, 1
143, 110, 1
143, 131, 1
143, 70, 1
143, 105, 1
105, 107, 1
105, 108, 1
105, 106, 1
105, 103, 1
105, 110, 1
105, 131, 1
105, 70, 1
105, 143, 1
171, 163, 1
171, 166, 1
171, 168, 1
171, 174, 1
163, 171, 1
163, 166, 1
163, 168, 1
163, 174, 1
166, 171, 1
166, 163, 1
166, 168, 1
166, 174, 1
168, 171, 1
168, 163, 1
168, 166, 1
168, 174, 1
174, 171, 1
174, 163, 1
174, 166, 1
174, 168, 1
201, 207, 1
201, 189, 1
201, 185, 1
201, 202, 1
201, 188, 1
201, 209, 1
207, 201, 1
207, 189, 1
207, 185, 1
207, 202, 1
207, 188, 1
207, 209, 1
189, 201, 1
189, 207, 1
189, 185, 1
189, 202, 1
189, 188, 1
189, 209, 1
185, 201, 1
185, 207, 1
185, 189, 1
185, 202, 1
185, 188, 1
185, 209, 1
202, 201, 1
202, 207, 1
202, 189, 1
202, 185, 1
202, 188, 1
202, 209, 1
188, 201, 1
188, 207, 1
188, 189, 1
188, 185, 1
188, 202, 1
188, 209, 1
209, 201, 1
209, 207, 1
209, 189, 1
209, 185, 1
209, 202, 1
209, 188, 1
151, 159, 1
151, 158, 1
159, 151, 1
159, 158, 1
158, 151, 1
158, 159, 1
56, 107, -1
56, 108, -1
56, 106, -1
56, 103, -1
56, 110, -1
56, 131, -1
56, 70, -1
56, 143, -1
56, 105, -1
51, 107, -1
51, 108, -1
51, 106, -1
51, 103, -1
51, 110, -1
51, 131, -1
51, 70, -1
51, 143, -1
51, 105, -1
56, 171, -1
56, 163, -1
56, 166, -1
56, 168, -1
56, 174, -1
51, 171, -1
51, 163, -1
51, 166, -1
51, 168, -1
51, 174, -1
56, 184, -1
51, 184, -1
56, 201, -1
56, 207, -1
56, 189, -1
56, 185, -1
56, 202, -1
56, 188, -1
56, 209, -1
51, 201, -1
51, 207, -1
51, 189, -1
51, 185, -1
51, 202, -1
51, 188, -1
51, 209, -1
56, 151, -1
56, 159, -1
56, 158, -1
51, 151, -1
51, 159, -1
51, 158, -1
107, 56, -1
107, 51, -1
108, 56, -1
108, 51, -1
106, 56, -1
106, 51, -1
103, 56, -1
103, 51, -1
110, 56, -1
110, 51, -1
131, 56, -1
131, 51, -1
70, 56, -1
70, 51, -1
143, 56, -1
143, 51, -1
105, 56, -1
105, 51, -1
107, 171, -1
107, 163, -1
107, 166, -1
107, 168, -1
107, 174, -1
108, 171, -1
108, 163, -1
108, 166, -1
108, 168, -1
108, 174, -1
106, 171, -1
106, 163, -1
106, 166, -1
106, 168, -1
106, 174, -1
103, 171, -1
103, 163, -1
103, 166, -1
103, 168, -1
103, 174, -1
110, 171, -1
110, 163, -1
110, 166, -1
110, 168, -1
110, 174, -1
131, 171, -1
131, 163, -1
131, 166, -1
131, 168, -1
131, 174, -1
70, 171, -1
70, 163, -1
70, 166, -1
70, 168, -1
70, 174, -1
143, 171, -1
143, 163, -1
143, 166, -1
143, 168, -1
143, 174, -1
105, 171, -1
105, 163, -1
105, 166, -1
105, 168, -1
105, 174, -1
107, 184, -1
108, 184, -1
106, 184, -1
103, 184, -1
110, 184, -1
131, 184, -1
70, 184, -1
143, 184, -1
105, 184, -1
107, 201, -1
107, 207, -1
107, 189, -1
107, 185, -1
107, 202, -1
107, 188, -1
107, 209, -1
108, 201, -1
108, 207, -1
108, 189, -1
108, 185, -1
108, 202, -1
108, 188, -1
108, 209, -1
106, 201, -1
106, 207, -1
106, 189, -1
106, 185, -1
106, 202, -1
106, 188, -1
106, 209, -1
103, 201, -1
103, 207, -1
103, 189, -1
103, 185, -1
103, 202, -1
103, 188, -1
103, 209, -1
110, 201, -1
110, 207, -1
110, 189, -1
110, 185, -1
110, 202, -1
110, 188, -1
110, 209, -1
131, 201, -1
131, 207, -1
131, 189, -1
131, 185, -1
131, 202, -1
131, 188, -1
131, 209, -1
70, 201, -1
70, 207, -1
70, 189, -1
70, 185, -1
70, 202, -1
70, 188, -1
70, 209, -1
143, 201, -1
143, 207, -1
143, 189, -1
143, 185, -1
143, 202, -1
143, 188, -1
143, 209, -1
105, 201, -1
105, 207, -1
105, 189, -1
105, 185, -1
105, 202, -1
105, 188, -1
105, 209, -1
107, 151, -1
107, 159, -1
107, 158, -1
108, 151, -1
108, 159, -1
108, 158, -1
106, 151, -1
106, 159, -1
106, 158, -1
103, 151, -1
103, 159, -1
103, 158, -1
110, 151, -1
110, 159, -1
110, 158, -1
131, 151, -1
131, 159, -1
131, 158, -1
70, 151, -1
70, 159, -1
70, 158, -1
143, 151, -1
143, 159, -1
143, 158, -1
105, 151, -1
105, 159, -1
105, 158, -1
171, 56, -1
171, 51, -1
163, 56, -1
163, 51, -1
166, 56, -1
166, 51, -1
168, 56, -1
168, 51, -1
174, 56, -1
174, 51, -1
171, 107, -1
171, 108, -1
171, 106, -1
171, 103, -1
171, 110, -1
171, 131, -1
171, 70, -1
171, 143, -1
171, 105, -1
163, 107, -1
163, 108, -1
163, 106, -1
163, 103, -1
163, 110, -1
163, 131, -1
163, 70, -1
163, 143, -1
163, 105, -1
166, 107, -1
166, 108, -1
166, 106, -1
166, 103, -1
166, 110, -1
166, 131, -1
166, 70, -1
166, 143, -1
166, 105, -1
168, 107, -1
168, 108, -1
168, 106, -1
168, 103, -1
168, 110, -1
168, 131, -1
168, 70, -1
168, 143, -1
168, 105, -1
174, 107, -1
174, 108, -1
174, 106, -1
174, 103, -1
174, 110, -1
174, 131, -1
174, 70, -1
174, 143, -1
174, 105, -1
171, 184, -1
163, 184, -1
166, 184, -1
168, 184, -1
174, 184, -1
171, 201, -1
171, 207, -1
171, 189, -1
171, 185, -1
171, 202, -1
171, 188, -1
171, 209, -1
163, 201, -1
163, 207, -1
163, 189, -1
163, 185, -1
163, 202, -1
163, 188, -1
163, 209, -1
166, 201, -1
166, 207, -1
166, 189, -1
166, 185, -1
166, 202, -1
166, 188, -1
166, 209, -1
168, 201, -1
168, 207, -1
168, 189, -1
168, 185, -1
168, 202, -1
168, 188, -1
168, 209, -1
174, 201, -1
174, 207, -1
174, 189, -1
174, 185, -1
174, 202, -1
174, 188, -1
174, 209, -1
171, 151, -1
171, 159, -1
171, 158, -1
163, 151, -1
163, 159, -1
163, 158, -1
166, 151, -1
166, 159, -1
166, 158, -1
168, 151, -1
168, 159, -1
168, 158, -1
174, 151, -1
174, 159, -1
174, 158, -1
184, 56, -1
184, 51, -1
184, 107, -1
184, 108, -1
184, 106, -1
184, 103, -1
184, 110, -1
184, 131, -1
184, 70, -1
184, 143, -1
184, 105, -1
184, 171, -1
184, 163, -1
184, 166, -1
184, 168, -1
184, 174, -1
184, 201, -1
184, 207, -1
184, 189, -1
184, 185, -1
184, 202, -1
184, 188, -1
184, 209, -1
184, 151, -1
184, 159, -1
184, 158, -1
201, 56, -1
201, 51, -1
207, 56, -1
207, 51, -1
189, 56, -1
189, 51, -1
185, 56, -1
185, 51, -1
202, 56, -1
202, 51, -1
188, 56, -1
188, 51, -1
209, 56, -1
209, 51, -1
201, 107, -1
201, 108, -1
201, 106, -1
201, 103, -1
201, 110, -1
201, 131, -1
201, 70, -1
201, 143, -1
201, 105, -1
207, 107, -1
207, 108, -1
207, 106, -1
207, 103, -1
207, 110, -1
207, 131, -1
207, 70, -1
207, 143, -1
207, 105, -1
189, 107, -1
189, 108, -1
189, 106, -1
189, 103, -1
189, 110, -1
189, 131, -1
189, 70, -1
189, 143, -1
189, 105, -1
185, 107, -1
185, 108, -1
185, 106, -1
185, 103, -1
185, 110, -1
185, 131, -1
185, 70, -1
185, 143, -1
185, 105, -1
202, 107, -1
202, 108, -1
202, 106, -1
202, 103, -1
202, 110, -1
202, 131, -1
202, 70, -1
202, 143, -1
202, 105, -1
188, 107, -1
188, 108, -1
188, 106, -1
188, 103, -1
188, 110, -1
188, 131, -1
188, 70, -1
188, 143, -1
188, 105, -1
209, 107, -1
209, 108, -1
209, 106, -1
209, 103, -1
209, 110, -1
209, 131, -1
209, 70, -1
209, 143, -1
209, 105, -1
201, 171, -1
201, 163, -1
201, 166, -1
201, 168, -1
201, 174, -1
207, 171, -1
207, 163, -1
207, 166, -1
207, 168, -1
207, 174, -1
189, 171, -1
189, 163, -1
189, 166, -1
189, 168, -1
189, 174, -1
185, 171, -1
185, 163, -1
185, 166, -1
185, 168, -1
185, 174, -1
202, 171, -1
202, 163, -1
202, 166, -1
202, 168, -1
202, 174, -1
188, 171, -1
188, 163, -1
188, 166, -1
188, 168, -1
188, 174, -1
209, 171, -1
209, 163, -1
209, 166, -1
209, 168, -1
209, 174, -1
201, 184, -1
207, 184, -1
189, 184, -1
185, 184, -1
202, 184, -1
188, 184, -1
209, 184, -1
201, 151, -1
201, 159, -1
201, 158, -1
207, 151, -1
207, 159, -1
207, 158, -1
189, 151, -1
189, 159, -1
189, 158, -1
185, 151, -1
185, 159, -1
185, 158, -1
202, 151, -1
202, 159, -1
202, 158, -1
188, 151, -1
188, 159, -1
188, 158, -1
209, 151, -1
209, 159, -1
209, 158, -1
151, 56, -1
151, 51, -1
159, 56, -1
159, 51, -1
158, 56, -1
158, 51, -1
151, 107, -1
151, 108, -1
151, 106, -1
151, 103, -1
151, 110, -1
151, 131, -1
151, 70, -1
151, 143, -1
151, 105, -1
159, 107, -1
159, 108, -1
159, 106, -1
159, 103, -1
159, 110, -1
159, 131, -1
159, 70, -1
159, 143, -1
159, 105, -1
158, 107, -1
158, 108, -1
158, 106, -1
158, 103, -1
158, 110, -1
158, 131, -1
158, 70, -1
158, 143, -1
158, 105, -1
151, 171, -1
151, 163, -1
151, 166, -1
151, 168, -1
151, 174, -1
159, 171, -1
159, 163, -1
159, 166, -1
159, 168, -1
159, 174, -1
158, 171, -1
158, 163, -1
158, 166, -1
158, 168, -1
158, 174, -1
151, 184, -1
159, 184, -1
158, 184, -1
151, 201, -1
151, 207, -1
151, 189, -1
151, 185, -1
151, 202, -1
151, 188, -1
151, 209, -1
159, 201, -1
159, 207, -1
159, 189, -1
159, 185, -1
159, 202, -1
159, 188, -1
159, 209, -1
158, 201, -1
158, 207, -1
158, 189, -1
158, 185, -1
158, 202, -1
158, 188, -1
158, 209, -1

56, 51, 1
56, 68, 1
56, 20, 1
51, 56, 1
51, 68, 1
51, 20, 1
68, 56, 1
68, 51, 1
68, 20, 1
20, 56, 1
20, 51, 1
20, 68, 1
107, 108, 1
107, 106, 1
107, 103, 1
107, 110, 1
107, 131, 1
107, 70, 1
107, 143, 1
107, 105, 1
107, 130, 1
108, 107, 1
108, 106, 1
108, 103, 1
108, 110, 1
108, 131, 1
108, 70, 1
108, 143, 1
108, 105, 1
108, 130, 1
106, 107, 1
106, 108, 1
106, 103, 1
106, 110, 1
106, 131, 1
106, 70, 1
106, 143, 1
106, 105, 1
106, 130, 1
103, 107, 1
103, 108, 1
103, 106, 1
103, 110, 1
103, 131, 1
103, 70, 1
103, 143, 1
103, 105, 1
103, 130, 1
110, 107, 1
110, 108, 1
110, 106, 1
110, 103, 1
110, 131, 1
110, 70, 1
110, 143, 1
110, 105, 1
110, 130, 1
131, 107, 1
131, 108, 1
131, 106, 1
131, 103, 1
131, 110, 1
131, 70, 1
131, 143, 1
131, 105, 1
131, 130, 1
70, 107, 1
70, 108, 1
70, 106, 1
70, 103, 1
70, 110, 1
70, 131, 1
70, 143, 1
70, 105, 1
70, 130, 1
143, 107, 1
143, 108, 1
143, 106, 1
143, 103, 1
143, 110, 1
143, 131, 1
143, 70, 1
143, 105, 1
143, 130, 1
105, 107, 1
105, 108, 1
105, 106, 1
105, 103, 1
105, 110, 1
105, 131, 1
105, 70, 1
105, 143, 1
105, 130, 1
130, 107, 1
130, 108, 1
130, 106, 1
130, 103, 1
130, 110, 1
130, 131, 1
130, 70, 1
130, 143, 1
130, 105, 1
171, 163, 1
171, 166, 1
171, 168, 1
171, 174, 1
163, 171, 1
163, 166, 1
163, 168, 1
163, 174, 1
166, 171, 1
166, 163, 1
166, 168, 1
166, 174, 1
168, 171, 1
168, 163, 1
168, 166, 1
168, 174, 1
174, 171, 1
174, 163, 1
174, 166, 1
174, 168, 1
184, 183, 1
183, 184, 1
201, 207, 1
201, 189, 1
201, 185, 1
201, 202, 1
201, 188, 1
201, 209, 1
201, 206, 1
207, 201, 1
207, 189, 1
207, 185, 1
207, 202, 1
207, 188, 1
207, 209, 1
207, 206, 1
189, 201, 1
189, 207, 1
189, 185, 1
189, 202, 1
189, 188, 1
189, 209, 1
189, 206, 1
185, 201, 1
185, 207, 1
185, 189, 1
185, 202, 1
185, 188, 1
185, 209, 1
185, 206, 1
202, 201, 1
202, 207, 1
202, 189, 1
202, 185, 1
202, 188, 1
202, 209, 1
202, 206, 1
188, 201, 1
188, 207, 1
188, 189, 1
188, 185, 1
188, 202, 1
188, 209, 1
188, 206, 1
209, 201, 1
209, 207, 1
209, 189, 1
209, 185, 1
209, 202, 1
209, 188, 1
209, 206, 1
206, 201, 1
206, 207, 1
206, 189, 1
206, 185, 1
206, 202, 1
206, 188, 1
206, 209, 1
151, 159, 1
151, 158, 1
159, 151, 1
159, 158, 1
158, 151, 1
158, 159, 1
56, 107, -1
56, 108, -1
56, 106, -1
56, 103, -1
56, 110, -1
56, 131, -1
56, 70, -1
56, 143, -1
56, 105, -1
56, 130, -1
51, 107, -1
51, 108, -1
51, 106, -1
51, 103, -1
51, 110, -1
51, 131, -1
51, 70, -1
51, 143, -1
51, 105, -1
51, 130, -1
68, 107, -1
68, 108, -1
68, 106, -1
68, 103, -1
68, 110, -1
68, 131, -1
68, 70, -1
68, 143, -1
68, 105, -1
68, 130, -1
20, 107, -1
20, 108, -1
20, 106, -1
20, 103, -1
20, 110, -1
20, 131, -1
20, 70, -1
20, 143, -1
20, 105, -1
20, 130, -1
56, 171, -1
56, 163, -1
56, 166, -1
56, 168, -1
56, 174, -1
51, 171, -1
51, 163, -1
51, 166, -1
51, 168, -1
51, 174, -1
68, 171, -1
68, 163, -1
68, 166, -1
68, 168, -1
68, 174, -1
20, 171, -1
20, 163, -1
20, 166, -1
20, 168, -1
20, 174, -1
56, 184, -1
56, 183, -1
51, 184, -1
51, 183, -1
68, 184, -1
68, 183, -1
20, 184, -1
20, 183, -1
56, 201, -1
56, 207, -1
56, 189, -1
56, 185, -1
56, 202, -1
56, 188, -1
56, 209, -1
56, 206, -1
51, 201, -1
51, 207, -1
51, 189, -1
51, 185, -1
51, 202, -1
51, 188, -1
51, 209, -1
51, 206, -1
68, 201, -1
68, 207, -1
68, 189, -1
68, 185, -1
68, 202, -1
68, 188, -1
68, 209, -1
68, 206, -1
20, 201, -1
20, 207, -1
20, 189, -1
20, 185, -1
20, 202, -1
20, 188, -1
20, 209, -1
20, 206, -1
56, 151, -1
56, 159, -1
56, 158, -1
51, 151, -1
51, 159, -1
51, 158, -1
68, 151, -1
68, 159, -1
68, 158, -1
20, 151, -1
20, 159, -1
20, 158, -1
107, 56, -1
107, 51, -1
107, 68, -1
107, 20, -1
108, 56, -1
108, 51, -1
108, 68, -1
108, 20, -1
106, 56, -1
106, 51, -1
106, 68, -1
106, 20, -1
103, 56, -1
103, 51, -1
103, 68, -1
103, 20, -1
110, 56, -1
110, 51, -1
110, 68, -1
110, 20, -1
131, 56, -1
131, 51, -1
131, 68, -1
131, 20, -1
70, 56, -1
70, 51, -1
70, 68, -1
70, 20, -1
143, 56, -1
143, 51, -1
143, 68, -1
143, 20, -1
105, 56, -1
105, 51, -1
105, 68, -1
105, 20, -1
130, 56, -1
130, 51, -1
130, 68, -1
130, 20, -1
107, 171, -1
107, 163, -1
107, 166, -1
107, 168, -1
107, 174, -1
108, 171, -1
108, 163, -1
108, 166, -1
108, 168, -1
108, 174, -1
106, 171, -1
106, 163, -1
106, 166, -1
106, 168, -1
106, 174, -1
103, 171, -1
103, 163, -1
103, 166, -1
103, 168, -1
103, 174, -1
110, 171, -1
110, 163, -1
110, 166, -1
110, 168, -1
110, 174, -1
131, 171, -1
131, 163, -1
131, 166, -1
131, 168, -1
131, 174, -1
70, 171, -1
70, 163, -1
70, 166, -1
70, 168, -1
70, 174, -1
143, 171, -1
143, 163, -1
143, 166, -1
143, 168, -1
143, 174, -1
105, 171, -1
105, 163, -1
105, 166, -1
105, 168, -1
105, 174, -1
130, 171, -1
130, 163, -1
130, 166, -1
130, 168, -1
130, 174, -1
107, 184, -1
107, 183, -1
108, 184, -1
108, 183, -1
106, 184, -1
106, 183, -1
103, 184, -1
103, 183, -1
110, 184, -1
110, 183, -1
131, 184, -1
131, 183, -1
70, 184, -1
70, 183, -1
143, 184, -1
143, 183, -1
105, 184, -1
105, 183, -1
130, 184, -1
130, 183, -1
107, 201, -1
107, 207, -1
107, 189, -1
107, 185, -1
107, 202, -1
107, 188, -1
107, 209, -1
107, 206, -1
108, 201, -1
108, 207, -1
108, 189, -1
108, 185, -1
108, 202, -1
108, 188, -1
108, 209, -1
108, 206, -1
106, 201, -1
106, 207, -1
106, 189, -1
106, 185, -1
106, 202, -1
106, 188, -1
106, 209, -1
106, 206, -1
103, 201, -1
103, 207, -1
103, 189, -1
103, 185, -1
103, 202, -1
103, 188, -1
103, 209, -1
103, 206, -1
110, 201, -1
110, 207, -1
110, 189, -1
110, 185, -1
110, 202, -1
110, 188, -1
110, 209, -1
110, 206, -1
131, 201, -1
131, 207, -1
131, 189, -1
131, 185, -1
131, 202, -1
131, 188, -1
131, 209, -1
131, 206, -1
70, 201, -1
70, 207, -1
70, 189, -1
70, 185, -1
70, 202, -1
70, 188, -1
70, 209, -1
70, 206, -1
143, 201, -1
143, 207, -1
143, 189, -1
143, 185, -1
143, 202, -1
143, 188, -1
143, 209, -1
143, 206, -1
105, 201, -1
105, 207, -1
105, 189, -1
105, 185, -1
105, 202, -1
105, 188, -1
105, 209, -1
105, 206, -1
130, 201, -1
130, 207, -1
130, 189, -1
130, 185, -1
130, 202, -1
130, 188, -1
130, 209, -1
130, 206, -1
107, 151, -1
107, 159, -1
107, 158, -1
108, 151, -1
108, 159, -1
108, 158, -1
106, 151, -1
106, 159, -1
106, 158, -1
103, 151, -1
103, 159, -1
103, 158, -1
110, 151, -1
110, 159, -1
110, 158, -1
131, 151, -1
131, 159, -1
131, 158, -1
70, 151, -1
70, 159, -1
70, 158, -1
143, 151, -1
143, 159, -1
143, 158, -1
105, 151, -1
105, 159, -1
105, 158, -1
130, 151, -1
130, 159, -1
130, 158, -1
171, 56, -1
171, 51, -1
171, 68, -1
171, 20, -1
163, 56, -1
163, 51, -1
163, 68, -1
163, 20, -1
166, 56, -1
166, 51, -1
166, 68, -1
166, 20, -1
168, 56, -1
168, 51, -1
168, 68, -1
168, 20, -1
174, 56, -1
174, 51, -1
174, 68, -1
174, 20, -1
171, 107, -1
171, 108, -1
171, 106, -1
171, 103, -1
171, 110, -1
171, 131, -1
171, 70, -1
171, 143, -1
171, 105, -1
171, 130, -1
163, 107, -1
163, 108, -1
163, 106, -1
163, 103, -1
163, 110, -1
163, 131, -1
163, 70, -1
163, 143, -1
163, 105, -1
163, 130, -1
166, 107, -1
166, 108, -1
166, 106, -1
166, 103, -1
166, 110, -1
166, 131, -1
166, 70, -1
166, 143, -1
166, 105, -1
166, 130, -1
168, 107, -1
168, 108, -1
168, 106, -1
168, 103, -1
168, 110, -1
168, 131, -1
168, 70, -1
168, 143, -1
168, 105, -1
168, 130, -1
174, 107, -1
174, 108, -1
174, 106, -1
174, 103, -1
174, 110, -1
174, 131, -1
174, 70, -1
174, 143, -1
174, 105, -1
174, 130, -1
171, 184, -1
171, 183, -1
163, 184, -1
163, 183, -1
166, 184, -1
166, 183, -1
168, 184, -1
168, 183, -1
174, 184, -1
174, 183, -1
171, 201, -1
171, 207, -1
171, 189, -1
171, 185, -1
171, 202, -1
171, 188, -1
171, 209, -1
171, 206, -1
163, 201, -1
163, 207, -1
163, 189, -1
163, 185, -1
163, 202, -1
163, 188, -1
163, 209, -1
163, 206, -1
166, 201, -1
166, 207, -1
166, 189, -1
166, 185, -1
166, 202, -1
166, 188, -1
166, 209, -1
166, 206, -1
168, 201, -1
168, 207, -1
168, 189, -1
168, 185, -1
168, 202, -1
168, 188, -1
168, 209, -1
168, 206, -1
174, 201, -1
174, 207, -1
174, 189, -1
174, 185, -1
174, 202, -1
174, 188, -1
174, 209, -1
174, 206, -1
171, 151, -1
171, 159, -1
171, 158, -1
163, 151, -1
163, 159, -1
163, 158, -1
166, 151, -1
166, 159, -1
166, 158, -1
168, 151, -1
168, 159, -1
168, 158, -1
174, 151, -1
174, 159, -1
174, 158, -1
184, 56, -1
184, 51, -1
184, 68, -1
184, 20, -1
183, 56, -1
183, 51, -1
183, 68, -1
183, 20, -1
184, 107, -1
184, 108, -1
184, 106, -1
184, 103, -1
184, 110, -1
184, 131, -1
184, 70, -1
184, 143, -1
184, 105, -1
184, 130, -1
183, 107, -1
183, 108, -1
183, 106, -1
183, 103, -1
183, 110, -1
183, 131, -1
183, 70, -1
183, 143, -1
183, 105, -1
183, 130, -1
184, 171, -1
184, 163, -1
184, 166, -1
184, 168, -1
184, 174, -1
183, 171, -1
183, 163, -1
183, 166, -1
183, 168, -1
183, 174, -1
184, 201, -1
184, 207, -1
184, 189, -1
184, 185, -1
184, 202, -1
184, 188, -1
184, 209, -1
184, 206, -1
183, 201, -1
183, 207, -1
183, 189, -1
183, 185, -1
183, 202, -1
183, 188, -1
183, 209, -1
183, 206, -1
184, 151, -1
184, 159, -1
184, 158, -1
183, 151, -1
183, 159, -1
183, 158, -1
201, 56, -1
201, 51, -1
201, 68, -1
201, 20, -1
207, 56, -1
207, 51, -1
207, 68, -1
207, 20, -1
189, 56, -1
189, 51, -1
189, 68, -1
189, 20, -1
185, 56, -1
185, 51, -1
185, 68, -1
185, 20, -1
202, 56, -1
202, 51, -1
202, 68, -1
202, 20, -1
188, 56, -1
188, 51, -1
188, 68, -1
188, 20, -1
209, 56, -1
209, 51, -1
209, 68, -1
209, 20, -1
206, 56, -1
206, 51, -1
206, 68, -1
206, 20, -1
201, 107, -1
201, 108, -1
201, 106, -1
201, 103, -1
201, 110, -1
201, 131, -1
201, 70, -1
201, 143, -1
201, 105, -1
201, 130, -1
207, 107, -1
207, 108, -1
207, 106, -1
207, 103, -1
207, 110, -1
207, 131, -1
207, 70, -1
207, 143, -1
207, 105, -1
207, 130, -1
189, 107, -1
189, 108, -1
189, 106, -1
189, 103, -1
189, 110, -1
189, 131, -1
189, 70, -1
189, 143, -1
189, 105, -1
189, 130, -1
185, 107, -1
185, 108, -1
185, 106, -1
185, 103, -1
185, 110, -1
185, 131, -1
185, 70, -1
185, 143, -1
185, 105, -1
185, 130, -1
202, 107, -1
202, 108, -1
202, 106, -1
202, 103, -1
202, 110, -1
202, 131, -1
202, 70, -1
202, 143, -1
202, 105, -1
202, 130, -1
188, 107, -1
188, 108, -1
188, 106, -1
188, 103, -1
188, 110, -1
188, 131, -1
188, 70, -1
188, 143, -1
188, 105, -1
188, 130, -1
209, 107, -1
209, 108, -1
209, 106, -1
209, 103, -1
209, 110, -1
209, 131, -1
209, 70, -1
209, 143, -1
209, 105, -1
209, 130, -1
206, 107, -1
206, 108, -1
206, 106, -1
206, 103, -1
206, 110, -1
206, 131, -1
206, 70, -1
206, 143, -1
206, 105, -1
206, 130, -1
201, 171, -1
201, 163, -1
201, 166, -1
201, 168, -1
201, 174, -1
207, 171, -1
207, 163, -1
207, 166, -1
207, 168, -1
207, 174, -1
189, 171, -1
189, 163, -1
189, 166, -1
189, 168, -1
189, 174, -1
185, 171, -1
185, 163, -1
185, 166, -1
185, 168, -1
185, 174, -1
202, 171, -1
202, 163, -1
202, 166, -1
202, 168, -1
202, 174, -1
188, 171, -1
188, 163, -1
188, 166, -1
188, 168, -1
188, 174, -1
209, 171, -1
209, 163, -1
209, 166, -1
209, 168, -1
209, 174, -1
206, 171, -1
206, 163, -1
206, 166, -1
206, 168, -1
206, 174, -1
201, 184, -1
201, 183, -1
207, 184, -1
207, 183, -1
189, 184, -1
189, 183, -1
185, 184, -1
185, 183, -1
202, 184, -1
202, 183, -1
188, 184, -1
188, 183, -1
209, 184, -1
209, 183, -1
206, 184, -1
206, 183, -1
201, 151, -1
201, 159, -1
201, 158, -1
207, 151, -1
207, 159, -1
207, 158, -1
189, 151, -1
189, 159, -1
189, 158, -1
185, 151, -1
185, 159, -1
185, 158, -1
202, 151, -1
202, 159, -1
202, 158, -1
188, 151, -1
188, 159, -1
188, 158, -1
209, 151, -1
209, 159, -1
209, 158, -1
206, 151, -1
206, 159, -1
206, 158, -1
151, 56, -1
151, 51, -1
151, 68, -1
151, 20, -1
159, 56, -1
159, 51, -1
159, 68, -1
159, 20, -1
158, 56, -1
158, 51, -1
158, 68, -1
158, 20, -1
151, 107, -1
151, 108, -1
151, 106, -1
151, 103, -1
151, 110, -1
151, 131, -1
151, 70, -1
151, 143, -1
151, 105, -1
151, 130, -1
159, 107, -1
159, 108, -1
159, 106, -1
159, 103, -1
159, 110, -1
159, 131, -1
159, 70, -1
159, 143, -1
159, 105, -1
159, 130, -1
158, 107, -1
158, 108, -1
158, 106, -1
158, 103, -1
158, 110, -1
158, 131, -1
158, 70, -1
158, 143, -1
158, 105, -1
158, 130, -1
151, 171, -1
151, 163, -1
151, 166, -1
151, 168, -1
151, 174, -1
159, 171, -1
159, 163, -1
159, 166, -1
159, 168, -1
159, 174, -1
158, 171, -1
158, 163, -1
158, 166, -1
158, 168, -1
158, 174, -1
151, 184, -1
151, 183, -1
159, 184, -1
159, 183, -1
158, 184, -1
158, 183, -1
151, 201, -1
151, 207, -1
151, 189, -1
151, 185, -1
151, 202, -1
151, 188, -1
151, 209, -1
151, 206, -1
159, 201, -1
159, 207, -1
159, 189, -1
159, 185, -1
159, 202, -1
159, 188, -1
159, 209, -1
159, 206, -1
158, 201, -1
158, 207, -1
158, 189, -1
158, 185, -1
158, 202, -1
158, 188, -1
158, 209, -1
158, 206, -1

56, 51, 1
56, 68, 1
56, 20, 1
56, 13, 1
56, 43, 1
56, 26, 1
51, 56, 1
51, 68, 1
51, 20, 1
51, 13, 1
51, 43, 1
51, 26, 1
68, 56, 1
68, 51, 1
68, 20, 1
68, 13, 1
68, 43, 1
68, 26, 1
20, 56, 1
20, 51, 1
20, 68, 1
20, 13, 1
20, 43, 1
20, 26, 1
13, 56, 1
13, 51, 1
13, 68, 1
13, 20, 1
13, 43, 1
13, 26, 1
43, 56, 1
43, 51, 1
43, 68, 1
43, 20, 1
43, 13, 1
43, 26, 1
26, 56, 1
26, 51, 1
26, 68, 1
26, 20, 1
26, 13, 1
26, 43, 1
107, 108, 1
107, 106, 1
107, 103, 1
107, 110, 1
107, 131, 1
107, 70, 1
107, 143, 1
107, 105, 1
107, 130, 1
107, 76, 1
108, 107, 1
108, 106, 1
108, 103, 1
108, 110, 1
108, 131, 1
108, 70, 1
108, 143, 1
108, 105, 1
108, 130, 1
108, 76, 1
106, 107, 1
106, 108, 1
106, 103, 1
106, 110, 1
106, 131, 1
106, 70, 1
106, 143, 1
106, 105, 1
106, 130, 1
106, 76, 1
103, 107, 1
103, 108, 1
103, 106, 1
103, 110, 1
103, 131, 1
103, 70, 1
103, 143, 1
103, 105, 1
103, 130, 1
103, 76, 1
110, 107, 1
110, 108, 1
110, 106, 1
110, 103, 1
110, 131, 1
110, 70, 1
110, 143, 1
110, 105, 1
110, 130, 1
110, 76, 1
131, 107, 1
131, 108, 1
131, 106, 1
131, 103, 1
131, 110, 1
131, 70, 1
131, 143, 1
131, 105, 1
131, 130, 1
131, 76, 1
70, 107, 1
70, 108, 1
70, 106, 1
70, 103, 1
70, 110, 1
70, 131, 1
70, 143, 1
70, 105, 1
70, 130, 1
70, 76, 1
143, 107, 1
143, 108, 1
143, 106, 1
143, 103, 1
143, 110, 1
143, 131, 1
143, 70, 1
143, 105, 1
143, 130, 1
143, 76, 1
105, 107, 1
105, 108, 1
105, 106, 1
105, 103, 1
105, 110, 1
105, 131, 1
105, 70, 1
105, 143, 1
105, 130, 1
105, 76, 1
130, 107, 1
130, 108, 1
130, 106, 1
130, 103, 1
130, 110, 1
130, 131, 1
130, 70, 1
130, 143, 1
130, 105, 1
130, 76, 1
76, 107, 1
76, 108, 1
76, 106, 1
76, 103, 1
76, 110, 1
76, 131, 1
76, 70, 1
76, 143, 1
76, 105, 1
76, 130, 1
171, 163, 1
171, 166, 1
171, 168, 1
171, 174, 1
163, 171, 1
163, 166, 1
163, 168, 1
163, 174, 1
166, 171, 1
166, 163, 1
166, 168, 1
166, 174, 1
168, 171, 1
168, 163, 1
168, 166, 1
168, 174, 1
174, 171, 1
174, 163, 1
174, 166, 1
174, 168, 1
184, 183, 1
183, 184, 1
201, 207, 1
201, 189, 1
201, 185, 1
201, 202, 1
201, 188, 1
201, 209, 1
201, 206, 1
201, 194, 1
201, 192, 1
207, 201, 1
207, 189, 1
207, 185, 1
207, 202, 1
207, 188, 1
207, 209, 1
207, 206, 1
207, 194, 1
207, 192, 1
189, 201, 1
189, 207, 1
189, 185, 1
189, 202, 1
189, 188, 1
189, 209, 1
189, 206, 1
189, 194, 1
189, 192, 1
185, 201, 1
185, 207, 1
185, 189, 1
185, 202, 1
185, 188, 1
185, 209, 1
185, 206, 1
185, 194, 1
185, 192, 1
202, 201, 1
202, 207, 1
202, 189, 1
202, 185, 1
202, 188, 1
202, 209, 1
202, 206, 1
202, 194, 1
202, 192, 1
188, 201, 1
188, 207, 1
188, 189, 1
188, 185, 1
188, 202, 1
188, 209, 1
188, 206, 1
188, 194, 1
188, 192, 1
209, 201, 1
209, 207, 1
209, 189, 1
209, 185, 1
209, 202, 1
209, 188, 1
209, 206, 1
209, 194, 1
209, 192, 1
206, 201, 1
206, 207, 1
206, 189, 1
206, 185, 1
206, 202, 1
206, 188, 1
206, 209, 1
206, 194, 1
206, 192, 1
194, 201, 1
194, 207, 1
194, 189, 1
194, 185, 1
194, 202, 1
194, 188, 1
194, 209, 1
194, 206, 1
194, 192, 1
192, 201, 1
192, 207, 1
192, 189, 1
192, 185, 1
192, 202, 1
192, 188, 1
192, 209, 1
192, 206, 1
192, 194, 1
151, 159, 1
151, 158, 1
151, 161, 1
159, 151, 1
159, 158, 1
159, 161, 1
158, 151, 1
158, 159, 1
158, 161, 1
161, 151, 1
161, 159, 1
161, 158, 1
56, 107, -1
56, 108, -1
56, 106, -1
56, 103, -1
56, 110, -1
56, 131, -1
56, 70, -1
56, 143, -1
56, 105, -1
56, 130, -1
56, 76, -1
51, 107, -1
51, 108, -1
51, 106, -1
51, 103, -1
51, 110, -1
51, 131, -1
51, 70, -1
51, 143, -1
51, 105, -1
51, 130, -1
51, 76, -1
68, 107, -1
68, 108, -1
68, 106, -1
68, 103, -1
68, 110, -1
68, 131, -1
68, 70, -1
68, 143, -1
68, 105, -1
68, 130, -1
68, 76, -1
20, 107, -1
20, 108, -1
20, 106, -1
20, 103, -1
20, 110, -1
20, 131, -1
20, 70, -1
20, 143, -1
20, 105, -1
20, 130, -1
20, 76, -1
13, 107, -1
13, 108, -1
13, 106, -1
13, 103, -1
13, 110, -1
13, 131, -1
13, 70, -1
13, 143, -1
13, 105, -1
13, 130, -1
13, 76, -1
43, 107, -1
43, 108, -1
43, 106, -1
43, 103, -1
43, 110, -1
43, 131, -1
43, 70, -1
43, 143, -1
43, 105, -1
43, 130, -1
43, 76, -1
26, 107, -1
26, 108, -1
26, 106, -1
26, 103, -1
26, 110, -1
26, 131, -1
26, 70, -1
26, 143, -1
26, 105, -1
26, 130, -1
26, 76, -1
56, 171, -1
56, 163, -1
56, 166, -1
56, 168, -1
56, 174, -1
51, 171, -1
51, 163, -1
51, 166, -1
51, 168, -1
51, 174, -1
68, 171, -1
68, 163, -1
68, 166, -1
68, 168, -1
68, 174, -1
20, 171, -1
20, 163, -1
20, 166, -1
20, 168, -1
20, 174, -1
13, 171, -1
13, 163, -1
13, 166, -1
13, 168, -1
13, 174, -1
43, 171, -1
43, 163, -1
43, 166, -1
43, 168, -1
43, 174, -1
26, 171, -1
26, 163, -1
26, 166, -1
26, 168, -1
26, 174, -1
56, 184, -1
56, 183, -1
51, 184, -1
51, 183, -1
68, 184, -1
68, 183, -1
20, 184, -1
20, 183, -1
13, 184, -1
13, 183, -1
43, 184, -1
43, 183, -1
26, 184, -1
26, 183, -1
56, 201, -1
56, 207, -1
56, 189, -1
56, 185, -1
56, 202, -1
56, 188, -1
56, 209, -1
56, 206, -1
56, 194, -1
56, 192, -1
51, 201, -1
51, 207, -1
51, 189, -1
51, 185, -1
51, 202, -1
51, 188, -1
51, 209, -1
51, 206, -1
51, 194, -1
51, 192, -1
68, 201, -1
68, 207, -1
68, 189, -1
68, 185, -1
68, 202, -1
68, 188, -1
68, 209, -1
68, 206, -1
68, 194, -1
68, 192, -1
20, 201, -1
20, 207, -1
20, 189, -1
20, 185, -1
20, 202, -1
20, 188, -1
20, 209, -1
20, 206, -1
20, 194, -1
20, 192, -1
13, 201, -1
13, 207, -1
13, 189, -1
13, 185, -1
13, 202, -1
13, 188, -1
13, 209, -1
13, 206, -1
13, 194, -1
13, 192, -1
43, 201, -1
43, 207, -1
43, 189, -1
43, 185, -1
43, 202, -1
43, 188, -1
43, 209, -1
43, 206, -1
43, 194, -1
43, 192, -1
26, 201, -1
26, 207, -1
26, 189, -1
26, 185, -1
26, 202, -1
26, 188, -1
26, 209, -1
26, 206, -1
26, 194, -1
26, 192, -1
56, 151, -1
56, 159, -1
56, 158, -1
56, 161, -1
51, 151, -1
51, 159, -1
51, 158, -1
51, 161, -1
68, 151, -1
68, 159, -1
68, 158, -1
68, 161, -1
20, 151, -1
20, 159, -1
20, 158, -1
20, 161, -1
13, 151, -1
13, 159, -1
13, 158, -1
13, 161, -1
43, 151, -1
43, 159, -1
43, 158, -1
43, 161, -1
26, 151, -1
26, 159, -1
26, 158, -1
26, 161, -1
107, 56, -1
107, 51, -1
107, 68, -1
107, 20, -1
107, 13, -1
107, 43, -1
107, 26, -1
108, 56, -1
108, 51, -1
108, 68, -1
108, 20, -1
108, 13, -1
108, 43, -1
108, 26, -1
106, 56, -1
106, 51, -1
106, 68, -1
106, 20, -1
106, 13, -1
106, 43, -1
106, 26, -1
103, 56, -1
103, 51, -1
103, 68, -1
103, 20, -1
103, 13, -1
103, 43, -1
103, 26, -1
110, 56, -1
110, 51, -1
110, 68, -1
110, 20, -1
110, 13, -1
110, 43, -1
110, 26, -1
131, 56, -1
131, 51, -1
131, 68, -1
131, 20, -1
131, 13, -1
131, 43, -1
131, 26, -1
70, 56, -1
70, 51, -1
70, 68, -1
70, 20, -1
70, 13, -1
70, 43, -1
70, 26, -1
143, 56, -1
143, 51, -1
143, 68, -1
143, 20, -1
143, 13, -1
143, 43, -1
143, 26, -1
105, 56, -1
105, 51, -1
105, 68, -1
105, 20, -1
105, 13, -1
105, 43, -1
105, 26, -1
130, 56, -1
130, 51, -1
130, 68, -1
130, 20, -1
130, 13, -1
130, 43, -1
130, 26, -1
76, 56, -1
76, 51, -1
76, 68, -1
76, 20, -1
76, 13, -1
76, 43, -1
76, 26, -1
107, 171, -1
107, 163, -1
107, 166, -1
107, 168, -1
107, 174, -1
108, 171, -1
108, 163, -1
108, 166, -1
108, 168, -1
108, 174, -1
106, 171, -1
106, 163, -1
106, 166, -1
106, 168, -1
106, 174, -1
103, 171, -1
103, 163, -1
103, 166, -1
103, 168, -1
103, 174, -1
110, 171, -1
110, 163, -1
110, 166, -1
110, 168, -1
110, 174, -1
131, 171, -1
131, 163, -1
131, 166, -1
131, 168, -1
131, 174, -1
70, 171, -1
70, 163, -1
70, 166, -1
70, 168, -1
70, 174, -1
143, 171, -1
143, 163, -1
143, 166, -1
143, 168, -1
143, 174, -1
105, 171, -1
105, 163, -1
105, 166, -1
105, 168, -1
105, 174, -1
130, 171, -1
130, 163, -1
130, 166, -1
130, 168, -1
130, 174, -1
76, 171, -1
76, 163, -1
76, 166, -1
76, 168, -1
76, 174, -1
107, 184, -1
107, 183, -1
108, 184, -1
108, 183, -1
106, 184, -1
106, 183, -1
103, 184, -1
103, 183, -1
110, 184, -1
110, 183, -1
131, 184, -1
131, 183, -1
70, 184, -1
70, 183, -1
143, 184, -1
143, 183, -1
105, 184, -1
105, 183, -1
130, 184, -1
130, 183, -1
76, 184, -1
76, 183, -1
107, 201, -1
107, 207, -1
107, 189, -1
107, 185, -1
107, 202, -1
107, 188, -1
107, 209, -1
107, 206, -1
107, 194, -1
107, 192, -1
108, 201, -1
108, 207, -1
108, 189, -1
108, 185, -1
108, 202, -1
108, 188, -1
108, 209, -1
108, 206, -1
108, 194, -1
108, 192, -1
106, 201, -1
106, 207, -1
106, 189, -1
106, 185, -1
106, 202, -1
106, 188, -1
106, 209, -1
106, 206, -1
106, 194, -1
106, 192, -1
103, 201, -1
103, 207, -1
103, 189, -1
103, 185, -1
103, 202, -1
103, 188, -1
103, 209, -1
103, 206, -1
103, 194, -1
103, 192, -1
110, 201, -1
110, 207, -1
110, 189, -1
110, 185, -1
110, 202, -1
110, 188, -1
110, 209, -1
110, 206, -1
110, 194, -1
110, 192, -1
131, 201, -1
131, 207, -1
131, 189, -1
131, 185, -1
131, 202, -1
131, 188, -1
131, 209, -1
131, 206, -1
131, 194, -1
131, 192, -1
70, 201, -1
70, 207, -1
70, 189, -1
70, 185, -1
70, 202, -1
70, 188, -1
70, 209, -1
70, 206, -1
70, 194, -1
70, 192, -1
143, 201, -1
143, 207, -1
143, 189, -1
143, 185, -1
143, 202, -1
143, 188, -1
143, 209, -1
143, 206, -1
143, 194, -1
143, 192, -1
105, 201, -1
105, 207, -1
105, 189, -1
105, 185, -1
105, 202, -1
105, 188, -1
105, 209, -1
105, 206, -1
105, 194, -1
105, 192, -1
130, 201, -1
130, 207, -1
130, 189, -1
130, 185, -1
130, 202, -1
130, 188, -1
130, 209, -1
130, 206, -1
130, 194, -1
130, 192, -1
76, 201, -1
76, 207, -1
76, 189, -1
76, 185, -1
76, 202, -1
76, 188, -1
76, 209, -1
76, 206, -1
76, 194, -1
76, 192, -1
107, 151, -1
107, 159, -1
107, 158, -1
107, 161, -1
108, 151, -1
108, 159, -1
108, 158, -1
108, 161, -1
106, 151, -1
106, 159, -1
106, 158, -1
106, 161, -1
103, 151, -1
103, 159, -1
103, 158, -1
103, 161, -1
110, 151, -1
110, 159, -1
110, 158, -1
110, 161, -1
131, 151, -1
131, 159, -1
131, 158, -1
131, 161, -1
70, 151, -1
70, 159, -1
70, 158, -1
70, 161, -1
143, 151, -1
143, 159, -1
143, 158, -1
143, 161, -1
105, 151, -1
105, 159, -1
105, 158, -1
105, 161, -1
130, 151, -1
130, 159, -1
130, 158, -1
130, 161, -1
76, 151, -1
76, 159, -1
76, 158, -1
76, 161, -1
171, 56, -1
171, 51, -1
171, 68, -1
171, 20, -1
171, 13, -1
171, 43, -1
171, 26, -1
163, 56, -1
163, 51, -1
163, 68, -1
163, 20, -1
163, 13, -1
163, 43, -1
163, 26, -1
166, 56, -1
166, 51, -1
166, 68, -1
166, 20, -1
166, 13, -1
166, 43, -1
166, 26, -1
168, 56, -1
168, 51, -1
168, 68, -1
168, 20, -1
168, 13, -1
168, 43, -1
168, 26, -1
174, 56, -1
174, 51, -1
174, 68, -1
174, 20, -1
174, 13, -1
174, 43, -1
174, 26, -1
171, 107, -1
171, 108, -1
171, 106, -1
171, 103, -1
171, 110, -1
171, 131, -1
171, 70, -1
171, 143, -1
171, 105, -1
171, 130, -1
171, 76, -1
163, 107, -1
163, 108, -1
163, 106, -1
163, 103, -1
163, 110, -1
163, 131, -1
163, 70, -1
163, 143, -1
163, 105, -1
163, 130, -1
163, 76, -1
166, 107, -1
166, 108, -1
166, 106, -1
166, 103, -1
166, 110, -1
166, 131, -1
166, 70, -1
166, 143, -1
166, 105, -1
166, 130, -1
166, 76, -1
168, 107, -1
168, 108, -1
168, 106, -1
168, 103, -1
168, 110, -1
168, 131, -1
168, 70, -1
168, 143, -1
168, 105, -1
168, 130, -1
168, 76, -1
174, 107, -1
174, 108, -1
174, 106, -1
174, 103, -1
174, 110, -1
174, 131, -1
174, 70, -1
174, 143, -1
174, 105, -1
174, 130, -1
174, 76, -1
171, 184, -1
171, 183, -1
163, 184, -1
163, 183, -1
166, 184, -1
166, 183, -1
168, 184, -1
168, 183, -1
174, 184, -1
174, 183, -1
171, 201, -1
171, 207, -1
171, 189, -1
171, 185, -1
171, 202, -1
171, 188, -1
171, 209, -1
171, 206, -1
171, 194, -1
171, 192, -1
163, 201, -1
163, 207, -1
163, 189, -1
163, 185, -1
163, 202, -1
163, 188, -1
163, 209, -1
163, 206, -1
163, 194, -1
163, 192, -1
166, 201, -1
166, 207, -1
166, 189, -1
166, 185, -1
166, 202, -1
166, 188, -1
166, 209, -1
166, 206, -1
166, 194, -1
166, 192, -1
168, 201, -1
168, 207, -1
168, 189, -1
168, 185, -1
168, 202, -1
168, 188, -1
168, 209, -1
168, 206, -1
168, 194, -1
168, 192, -1
174, 201, -1
174, 207, -1
174, 189, -1
174, 185, -1
174, 202, -1
174, 188, -1
174, 209, -1
174, 206, -1
174, 194, -1
174, 192, -1
171, 151, -1
171, 159, -1
171, 158, -1
171, 161, -1
163, 151, -1
163, 159, -1
163, 158, -1
163, 161, -1
166, 151, -1
166, 159, -1
166, 158, -1
166, 161, -1
168, 151, -1
168, 159, -1
168, 158, -1
168, 161, -1
174, 151, -1
174, 159, -1
174, 158, -1
174, 161, -1
184, 56, -1
184, 51, -1
184, 68, -1
184, 20, -1
184, 13, -1
184, 43, -1
184, 26, -1
183, 56, -1
183, 51, -1
183, 68, -1
183, 20, -1
183, 13, -1
183, 43, -1
183, 26, -1
184, 107, -1
184, 108, -1
184, 106, -1
184, 103, -1
184, 110, -1
184, 131, -1
184, 70, -1
184, 143, -1
184, 105, -1
184, 130, -1
184, 76, -1
183, 107, -1
183, 108, -1
183, 106, -1
183, 103, -1
183, 110, -1
183, 131, -1
183, 70, -1
183, 143, -1
183, 105, -1
183, 130, -1
183, 76, -1
184, 171, -1
184, 163, -1
184, 166, -1
184, 168, -1
184, 174, -1
183, 171, -1
183, 163, -1
183, 166, -1
183, 168, -1
183, 174, -1
184, 201, -1
184, 207, -1
184, 189, -1
184, 185, -1
184, 202, -1
184, 188, -1
184, 209, -1
184, 206, -1
184, 194, -1
184, 192, -1
183, 201, -1
183, 207, -1
183, 189, -1
183, 185, -1
183, 202, -1
183, 188, -1
183, 209, -1
183, 206, -1
183, 194, -1
183, 192, -1
184, 151, -1
184, 159, -1
184, 158, -1
184, 161, -1
183, 151, -1
183, 159, -1
183, 158, -1
183, 161, -1
201, 56, -1
201, 51, -1
201, 68, -1
201, 20, -1
201, 13, -1
201, 43, -1
201, 26, -1
207, 56, -1
207, 51, -1
207, 68, -1
207, 20, -1
207, 13, -1
207, 43, -1
207, 26, -1
189, 56, -1
189, 51, -1
189, 68, -1
189, 20, -1
189, 13, -1
189, 43, -1
189, 26, -1
185, 56, -1
185, 51, -1
185, 68, -1
185, 20, -1
185, 13, -1
185, 43, -1
185, 26, -1
202, 56, -1
202, 51, -1
202, 68, -1
202, 20, -1
202, 13, -1
202, 43, -1
202, 26, -1
188, 56, -1
188, 51, -1
188, 68, -1
188, 20, -1
188, 13, -1
188, 43, -1
188, 26, -1
209, 56, -1
209, 51, -1
209, 68, -1
209, 20, -1
209, 13, -1
209, 43, -1
209, 26, -1
206, 56, -1
206, 51, -1
206, 68, -1
206, 20, -1
206, 13, -1
206, 43, -1
206, 26, -1
194, 56, -1
194, 51, -1
194, 68, -1
194, 20, -1
194, 13, -1
194, 43, -1
194, 26, -1
192, 56, -1
192, 51, -1
192, 68, -1
192, 20, -1
192, 13, -1
192, 43, -1
192, 26, -1
201, 107, -1
201, 108, -1
201, 106, -1
201, 103, -1
201, 110, -1
201, 131, -1
201, 70, -1
201, 143, -1
201, 105, -1
201, 130, -1
201, 76, -1
207, 107, -1
207, 108, -1
207, 106, -1
207, 103, -1
207, 110, -1
207, 131, -1
207, 70, -1
207, 143, -1
207, 105, -1
207, 130, -1
207, 76, -1
189, 107, -1
189, 108, -1
189, 106, -1
189, 103, -1
189, 110, -1
189, 131, -1
189, 70, -1
189, 143, -1
189, 105, -1
189, 130, -1
189, 76, -1
185, 107, -1
185, 108, -1
185, 106, -1
185, 103, -1
185, 110, -1
185, 131, -1
185, 70, -1
185, 143, -1
185, 105, -1
185, 130, -1
185, 76, -1
202, 107, -1
202, 108, -1
202, 106, -1
202, 103, -1
202, 110, -1
202, 131, -1
202, 70, -1
202, 143, -1
202, 105, -1
202, 130, -1
202, 76, -1
188, 107, -1
188, 108, -1
188, 106, -1
188, 103, -1
188, 110, -1
188, 131, -1
188, 70, -1
188, 143, -1
188, 105, -1
188, 130, -1
188, 76, -1
209, 107, -1
209, 108, -1
209, 106, -1
209, 103, -1
209, 110, -1
209, 131, -1
209, 70, -1
209, 143, -1
209, 105, -1
209, 130, -1
209, 76, -1
206, 107, -1
206, 108, -1
206, 106, -1
206, 103, -1
206, 110, -1
206, 131, -1
206, 70, -1
206, 143, -1
206, 105, -1
206, 130, -1
206, 76, -1
194, 107, -1
194, 108, -1
194, 106, -1
194, 103, -1
194, 110, -1
194, 131, -1
194, 70, -1
194, 143, -1
194, 105, -1
194, 130, -1
194, 76, -1
192, 107, -1
192, 108, -1
192, 106, -1
192, 103, -1
192, 110, -1
192, 131, -1
192, 70, -1
192, 143, -1
192, 105, -1
192, 130, -1
192, 76, -1
201, 171, -1
201, 163, -1
201, 166, -1
201, 168, -1
201, 174, -1
207, 171, -1
207, 163, -1
207, 166, -1
207, 168, -1
207, 174, -1
189, 171, -1
189, 163, -1
189, 166, -1
189, 168, -1
189, 174, -1
185, 171, -1
185, 163, -1
185, 166, -1
185, 168, -1
185, 174, -1
202, 171, -1
202, 163, -1
202, 166, -1
202, 168, -1
202, 174, -1
188, 171, -1
188, 163, -1
188, 166, -1
188, 168, -1
188, 174, -1
209, 171, -1
209, 163, -1
209, 166, -1
209, 168, -1
209, 174, -1
206, 171, -1
206, 163, -1
206, 166, -1
206, 168, -1
206, 174, -1
194, 171, -1
194, 163, -1
194, 166, -1
194, 168, -1
194, 174, -1
192, 171, -1
192, 163, -1
192, 166, -1
192, 168, -1
192, 174, -1
201, 184, -1
201, 183, -1
207, 184, -1
207, 183, -1
189, 184, -1
189, 183, -1
185, 184, -1
185, 183, -1
202, 184, -1
202, 183, -1
188, 184, -1
188, 183, -1
209, 184, -1
209, 183, -1
206, 184, -1
206, 183, -1
194, 184, -1
194, 183, -1
192, 184, -1
192, 183, -1
201, 151, -1
201, 159, -1
201, 158, -1
201, 161, -1
207, 151, -1
207, 159, -1
207, 158, -1
207, 161, -1
189, 151, -1
189, 159, -1
189, 158, -1
189, 161, -1
185, 151, -1
185, 159, -1
185, 158, -1
185, 161, -1
202, 151, -1
202, 159, -1
202, 158, -1
202, 161, -1
188, 151, -1
188, 159, -1
188, 158, -1
188, 161, -1
209, 151, -1
209, 159, -1
209, 158, -1
209, 161, -1
206, 151, -1
206, 159, -1
206, 158, -1
206, 161, -1
194, 151, -1
194, 159, -1
194, 158, -1
194, 161, -1
192, 151, -1
192, 159, -1
192, 158, -1
192, 161, -1
151, 56, -1
151, 51, -1
151, 68, -1
151, 20, -1
151, 13, -1
151, 43, -1
151, 26, -1
159, 56, -1
159, 51, -1
159, 68, -1
159, 20, -1
159, 13, -1
159, 43, -1
159, 26, -1
158, 56, -1
158, 51, -1
158, 68, -1
158, 20, -1
158, 13, -1
158, 43, -1
158, 26, -1
161, 56, -1
161, 51, -1
161, 68, -1
161, 20, -1
161, 13, -1
161, 43, -1
161, 26, -1
151, 107, -1
151, 108, -1
151, 106, -1
151, 103, -1
151, 110, -1
151, 131, -1
151, 70, -1
151, 143, -1
151, 105, -1
151, 130, -1
151, 76, -1
159, 107, -1
159, 108, -1
159, 106, -1
159, 103, -1
159, 110, -1
159, 131, -1
159, 70, -1
159, 143, -1
159, 105, -1
159, 130, -1
159, 76, -1
158, 107, -1
158, 108, -1
158, 106, -1
158, 103, -1
158, 110, -1
158, 131, -1
158, 70, -1
158, 143, -1
158, 105, -1
158, 130, -1
158, 76, -1
161, 107, -1
161, 108, -1
161, 106, -1
161, 103, -1
161, 110, -1
161, 131, -1
161, 70, -1
161, 143, -1
161, 105, -1
161, 130, -1
161, 76, -1
151, 171, -1
151, 163, -1
151, 166, -1
151, 168, -1
151, 174, -1
159, 171, -1
159, 163, -1
159, 166, -1
159, 168, -1
159, 174, -1
158, 171, -1
158, 163, -1
158, 166, -1
158, 168, -1
158, 174, -1
161, 171, -1
161, 163, -1
161, 166, -1
161, 168, -1
161, 174, -1
151, 184, -1
151, 183, -1
159, 184, -1
159, 183, -1
158, 184, -1
158, 183, -1
161, 184, -1
161, 183, -1
151, 201, -1
151, 207, -1
151, 189, -1
151, 185, -1
151, 202, -1
151, 188, -1
151, 209, -1
151, 206, -1
151, 194, -1
151, 192, -1
159, 201, -1
159, 207, -1
159, 189, -1
159, 185, -1
159, 202, -1
159, 188, -1
159, 209, -1
159, 206, -1
159, 194, -1
159, 192, -1
158, 201, -1
158, 207, -1
158, 189, -1
158, 185, -1
158, 202, -1
158, 188, -1
158, 209, -1
158, 206, -1
158, 194, -1
158, 192, -1
161, 201, -1
161, 207, -1
161, 189, -1
161, 185, -1
161, 202, -1
161, 188, -1
161, 209, -1
161, 206, -1
161, 194, -1
161, 192, -1

