179, 184, 1
184, 179, 1
171, 163, 1
163, 171, 1
179, 107, -1
184, 107, -1
179, 171, -1
179, 163, -1
184, 171, -1
184, 163, -1
179, 201, -1
184, 201, -1
107, 179, -1
107, 184, -1
107, 171, -1
107, 163, -1
107, 201, -1
171, 179, -1
171, 184, -1
163, 179, -1
163, 184, -1
171, 107, -1
163, 107, -1
171, 201, -1
163, 201, -1
201, 179, -1
201, 184, -1
201, 107, -1
201, 171, -1
201, 163, -1

179, 184, 1
184, 179, 1
107, 106, 1
106, 107, 1
171, 163, 1
171, 166, 1
163, 171, 1
163, 166, 1
166, 171, 1
166, 163, 1
201, 207, 1
207, 201, 1
179, 107, -1
179, 106, -1
184, 107, -1
184, 106, -1
179, 171, -1
179, 163, -1
179, 166, -1
184, 171, -1
184, 163, -1
184, 166, -1
179, 201, -1
179, 207, -1
184, 201, -1
184, 207, -1
107, 179, -1
107, 184, -1
106, 179, -1
106, 184, -1
107, 171, -1
107, 163, -1
107, 166, -1
106, 171, -1
106, 163, -1
106, 166, -1
107, 201, -1
107, 207, -1
106, 201, -1
106, 207, -1
171, 179, -1
171, 184, -1
163, 179, -1
163, 184, -1
166, 179, -1
166, 184, -1
171, 107, -1
171, 106, -1
163, 107, -1
163, 106, -1
166, 107, -1
166, 106, -1
171, 201, -1
171, 207, -1
163, 201, -1
163, 207, -1
166, 201, -1
166, 207, -1
201, 179, -1
201, 184, -1
207, 179, -1
207, 184, -1
201, 107, -1
201, 106, -1
207, 107, -1
207, 106, -1
201, 171, -1
201, 163, -1
201, 166, -1
207, 171, -1
207, 163, -1
207, 166, -1

179, 184, 1
184, 179, 1
107, 106, 1
107, 110, 1
107, 109, 1
107, 103, 1
106, 107, 1
106, 110, 1
106, 109, 1
106, 103, 1
110, 107, 1
110, 106, 1
110, 109, 1
110, 103, 1
109, 107, 1
109, 106, 1
109, 110, 1
109, 103, 1
103, 107, 1
103, 106, 1
103, 110, 1
103, 109, 1
171, 163, 1
171, 166, 1
163, 171, 1
163, 166, 1
166, 171, 1
166, 163, 1
201, 207, 1
201, 185, 1
207, 201, 1
207, 185, 1
185, 201, 1
185, 207, 1
179, 107, -1
179, 106, -1
179, 110, -1
179, 109, -1
179, 103, -1
184, 107, -1
184, 106, -1
184, 110, -1
184, 109, -1
184, 103, -1
179, 171, -1
179, 163, -1
179, 166, -1
184, 171, -1
184, 163, -1
184, 166, -1
179, 201, -1
179, 207, -1
179, 185, -1
184, 201, -1
184, 207, -1
184, 185, -1
107, 179, -1
107, 184, -1
106, 179, -1
106, 184, -1
110, 179, -1
110, 184, -1
109, 179, -1
109, 184, -1
103, 179, -1
103, 184, -1
107, 171, -1
107, 163, -1
107, 166, -1
106, 171, -1
106, 163, -1
106, 166, -1
110, 171, -1
110, 163, -1
110, 166, -1
109, 171, -1
109, 163, -1
109, 166, -1
103, 171, -1
103, 163, -1
103, 166, -1
107, 201, -1
107, 207, -1
107, 185, -1
106, 201, -1
106, 207, -1
106, 185, -1
110, 201, -1
110, 207, -1
110, 185, -1
109, 201, -1
109, 207, -1
109, 185, -1
103, 201, -1
103, 207, -1
103, 185, -1
171, 179, -1
171, 184, -1
163, 179, -1
163, 184, -1
166, 179, -1
166, 184, -1
171, 107, -1
171, 106, -1
171, 110, -1
171, 109, -1
171, 103, -1
163, 107, -1
163, 106, -1
163, 110, -1
163, 109, -1
163, 103, -1
166, 107, -1
166, 106, -1
166, 110, -1
166, 109, -1
166, 103, -1
171, 201, -1
171, 207, -1
171, 185, -1
163, 201, -1
163, 207, -1
163, 185, -1
166, 201, -1
166, 207, -1
166, 185, -1
201, 179, -1
201, 184, -1
207, 179, -1
207, 184, -1
185, 179, -1
185, 184, -1
201, 107, -1
201, 106, -1
201, 110, -1
201, 109, -1
201, 103, -1
207, 107, -1
207, 106, -1
207, 110, -1
207, 109, -1
207, 103, -1
185, 107, -1
185, 106, -1
185, 110, -1
185, 109, -1
185, 103, -1
201, 171, -1
201, 163, -1
201, 166, -1
207, 171, -1
207, 163, -1
207, 166, -1
185, 171, -1
185, 163, -1
185, 166, -1

179, 184, 1
184, 179, 1
107, 106, 1
107, 110, 1
107, 109, 1
107, 103, 1
107, 131, 1
106, 107, 1
106, 110, 1
106, 109, 1
106, 103, 1
106, 131, 1
110, 107, 1
110, 106, 1
110, 109, 1
110, 103, 1
110, 131, 1
109, 107, 1
109, 106, 1
109, 110, 1
109, 103, 1
109, 131, 1
103, 107, 1
103, 106, 1
103, 110, 1
103, 109, 1
103, 131, 1
131, 107, 1
131, 106, 1
131, 110, 1
131, 109, 1
131, 103, 1
171, 163, 1
171, 166, 1
163, 171, 1
163, 166, 1
166, 171, 1
166, 163, 1
201, 207, 1
201, 185, 1
201, 189, 1
201, 205, 1
207, 201, 1
207, 185, 1
207, 189, 1
207, 205, 1
185, 201, 1
185, 207, 1
185, 189, 1
185, 205, 1
189, 201, 1
189, 207, 1
189, 185, 1
189, 205, 1
205, 201, 1
205, 207, 1
205, 185, 1
205, 189, 1
179, 107, -1
179, 106, -1
179, 110, -1
179, 109, -1
179, 103, -1
179, 131, -1
184, 107, -1
184, 106, -1
184, 110, -1
184, 109, -1
184, 103, -1
184, 131, -1
179, 171, -1
179, 163, -1
179, 166, -1
184, 171, -1
184, 163, -1
184, 166, -1
179, 201, -1
179, 207, -1
179, 185, -1
179, 189, -1
179, 205, -1
184, 201, -1
184, 207, -1
184, 185, -1
184, 189, -1
184, 205, -1
107, 179, -1
107, 184, -1
106, 179, -1
106, 184, -1
110, 179, -1
110, 184, -1
109, 179, -1
109, 184, -1
103, 179, -1
103, 184, -1
131, 179, -1
131, 184, -1
107, 171, -1
107, 163, -1
107, 166, -1
106, 171, -1
106, 163, -1
106, 166, -1
110, 171, -1
110, 163, -1
110, 166, -1
109, 171, -1
109, 163, -1
109, 166, -1
103, 171, -1
103, 163, -1
103, 166, -1
131, 171, -1
131, 163, -1
131, 166, -1
107, 201, -1
107, 207, -1
107, 185, -1
107, 189, -1
107, 205, -1
106, 201, -1
106, 207, -1
106, 185, -1
106, 189, -1
106, 205, -1
110, 201, -1
110, 207, -1
110, 185, -1
110, 189, -1
110, 205, -1
109, 201, -1
109, 207, -1
109, 185, -1
109, 189, -1
109, 205, -1
103, 201, -1
103, 207, -1
103, 185, -1
103, 189, -1
103, 205, -1
131, 201, -1
131, 207, -1
131, 185, -1
131, 189, -1
131, 205, -1
171, 179, -1
171, 184, -1
163, 179, -1
163, 184, -1
166, 179, -1
166, 184, -1
171, 107, -1
171, 106, -1
171, 110, -1
171, 109, -1
171, 103, -1
171, 131, -1
163, 107, -1
163, 106, -1
163, 110, -1
163, 109, -1
163, 103, -1
163, 131, -1
166, 107, -1
166, 106, -1
166, 110, -1
166, 109, -1
166, 103, -1
166, 131, -1
171, 201, -1
171, 207, -1
171, 185, -1
171, 189, -1
171, 205, -1
163, 201, -1
163, 207, -1
163, 185, -1
163, 189, -1
163, 205, -1
166, 201, -1
166, 207, -1
166, 185, -1
166, 189, -1
166, 205, -1
201, 179, -1
201, 184, -1
207, 179, -1
207, 184, -1
185, 179, -1
185, 184, -1
189, 179, -1
189, 184, -1
205, 179, -1
205, 184, -1
201, 107, -1
201, 106, -1
201, 110, -1
201, 109, -1
201, 103, -1
201, 131, -1
207, 107, -1
207, 106, -1
207, 110, -1
207, 109, -1
207, 103, -1
207, 131, -1
185, 107, -1
185, 106, -1
185, 110, -1
185, 109, -1
185, 103, -1
185, 131, -1
189, 107, -1
189, 106, -1
189, 110, -1
189, 109, -1
189, 103, -1
189, 131, -1
205, 107, -1
205, 106, -1
205, 110, -1
205, 109, -1
205, 103, -1
205, 131, -1
201, 171, -1
201, 163, -1
201, 166, -1
207, 171, -1
207, 163, -1
207, 166, -1
185, 171, -1
185, 163, -1
185, 166, -1
189, 171, -1
189, 163, -1
189, 166, -1
205, 171, -1
205, 163, -1
205, 166, -1

179, 184, 1
179, 180, 1
184, 179, 1
184, 180, 1
180, 179, 1
180, 184, 1
107, 106, 1
107, 110, 1
107, 109, 1
107, 103, 1
107, 131, 1
107, 70, 1
106, 107, 1
106, 110, 1
106, 109, 1
106, 103, 1
106, 131, 1
106, 70, 1
110, 107, 1
110, 106, 1
110, 109, 1
110, 103, 1
110, 131, 1
110, 70, 1
109, 107, 1
109, 106, 1
109, 110, 1
109, 103, 1
109, 131, 1
109, 70, 1
103, 107, 1
103, 106, 1
103, 110, 1
103, 109, 1
103, 131, 1
103, 70, 1
131, 107, 1
131, 106, 1
131, 110, 1
131, 109, 1
131, 103, 1
131, 70, 1
70, 107, 1
70, 106, 1
70, 110, 1
70, 109, 1
70, 103, 1
70, 131, 1
171, 163, 1
171, 166, 1
163, 171, 1
163, 166, 1
166, 171, 1
166, 163, 1
201, 207, 1
201, 185, 1
201, 189, 1
201, 205, 1
207, 201, 1
207, 185, 1
207, 189, 1
207, 205, 1
185, 201, 1
185, 207, 1
185, 189, 1
185, 205, 1
189, 201, 1
189, 207, 1
189, 185, 1
189, 205, 1
205, 201, 1
205, 207, 1
205, 185, 1
205, 189, 1
179, 107, -1
179, 106, -1
179, 110, -1
179, 109, -1
179, 103, -1
179, 131, -1
179, 70, -1
184, 107, -1
184, 106, -1
184, 110, -1
184, 109, -1
184, 103, -1
184, 131, -1
184, 70, -1
180, 107, -1
180, 106, -1
180, 110, -1
180, 109, -1
180, 103, -1
180, 131, -1
180, 70, -1
179, 171, -1
179, 163, -1
179, 166, -1
184, 171, -1
184, 163, -1
184, 166, -1
180, 171, -1
180, 163, -1
180, 166, -1
179, 201, -1
179, 207, -1
179, 185, -1
179, 189, -1
179, 205, -1
184, 201, -1
184, 207, -1
184, 185, -1
184, 189, -1
184, 205, -1
180, 201, -1
180, 207, -1
180, 185, -1
180, 189, -1
180, 205, -1
179, 149, -1
184, 149, -1
180, 149, -1
107, 179, -1
107, 184, -1
107, 180, -1
106, 179, -1
106, 184, -1
106, 180, -1
110, 179, -1
110, 184, -1
110, 180, -1
109, 179, -1
109, 184, -1
109, 180, -1
103, 179, -1
103, 184, -1
103, 180, -1
131, 179, -1
131, 184, -1
131, 180, -1
70, 179, -1
70, 184, -1
70, 180, -1
107, 171, -1
107, 163, -1
107, 166, -1
106, 171, -1
106, 163, -1
106, 166, -1
110, 171, -1
110, 163, -1
110, 166, -1
109, 171, -1
109, 163, -1
109, 166, -1
103, 171, -1
103, 163, -1
103, 166, -1
131, 171, -1
131, 163, -1
131, 166, -1
70, 171, -1
70, 163, -1
70, 166, -1
107, 201, -1
107, 207, -1
107, 185, -1
107, 189, -1
107, 205, -1
106, 201, -1
106, 207, -1
106, 185, -1
106, 189, -1
106, 205, -1
110, 201, -1
110, 207, -1
110, 185, -1
110, 189, -1
110, 205, -1
109, 201, -1
109, 207, -1
109, 185, -1
109, 189, -1
109, 205, -1
103, 201, -1
103, 207, -1
103, 185, -1
103, 189, -1
103, 205, -1
131, 201, -1
131, 207, -1
131, 185, -1
131, 189, -1
131, 205, -1
70, 201, -1
70, 207, -1
70, 185, -1
70, 189, -1
70, 205, -1
107, 149, -1
106, 149, -1
110, 149, -1
109, 149, -1
103, 149, -1
131, 149, -1
70, 149, -1
171, 179, -1
171, 184, -1
171, 180, -1
163, 179, -1
163, 184, -1
163, 180, -1
166, 179, -1
166, 184, -1
166, 180, -1
171, 107, -1
171, 106, -1
171, 110, -1
171, 109, -1
171, 103, -1
171, 131, -1
171, 70, -1
163, 107, -1
163, 106, -1
163, 110, -1
163, 109, -1
163, 103, -1
163, 131, -1
163, 70, -1
166, 107, -1
166, 106, -1
166, 110, -1
166, 109, -1
166, 103, -1
166, 131, -1
166, 70, -1
171, 201, -1
171, 207, -1
171, 185, -1
171, 189, -1
171, 205, -1
163, 201, -1
163, 207, -1
163, 185, -1
163, 189, -1
163, 205, -1
166, 201, -1
166, 207, -1
166, 185, -1
166, 189, -1
166, 205, -1
171, 149, -1
163, 149, -1
166, 149, -1
201, 179, -1
201, 184, -1
201, 180, -1
207, 179, -1
207, 184, -1
207, 180, -1
185, 179, -1
185, 184, -1
185, 180, -1
189, 179, -1
189, 184, -1
189, 180, -1
205, 179, -1
205, 184, -1
205, 180, -1
201, 107, -1
201, 106, -1
201, 110, -1
201, 109, -1
201, 103, -1
201, 131, -1
201, 70, -1
207, 107, -1
207, 106, -1
207, 110, -1
207, 109, -1
207, 103, -1
207, 131, -1
207, 70, -1
185, 107, -1
185, 106, -1
185, 110, -1
185, 109, -1
185, 103, -1
185, 131, -1
185, 70, -1
189, 107, -1
189, 106, -1
189, 110, -1
189, 109, -1
189, 103, -1
189, 131, -1
189, 70, -1
205, 107, -1
205, 106, -1
205, 110, -1
205, 109, -1
205, 103, -1
205, 131, -1
205, 70, -1
201, 171, -1
201, 163, -1
201, 166, -1
207, 171, -1
207, 163, -1
207, 166, -1
185, 171, -1
185, 163, -1
185, 166, -1
189, 171, -1
189, 163, -1
189, 166, -1
205, 171, -1
205, 163, -1
205, 166, -1
201, 149, -1
207, 149, -1
185, 149, -1
189, 149, -1
205, 149, -1
149, 179, -1
149, 184, -1
149, 180, -1
149, 107, -1
149, 106, -1
149, 110, -1
149, 109, -1
149, 103, -1
149, 131, -1
149, 70, -1
149, 171, -1
149, 163, -1
149, 166, -1
149, 201, -1
149, 207, -1
149, 185, -1
149, 189, -1
149, 205, -1

179, 184, 1
179, 180, 1
179, 182, 1
184, 179, 1
184, 180, 1
184, 182, 1
180, 179, 1
180, 184, 1
180, 182, 1
182, 179, 1
182, 184, 1
182, 180, 1
107, 106, 1
107, 110, 1
107, 109, 1
107, 103, 1
107, 131, 1
107, 70, 1
107, 105, 1
106, 107, 1
106, 110, 1
106, 109, 1
106, 103, 1
106, 131, 1
106, 70, 1
106, 105, 1
110, 107, 1
110, 106, 1
110, 109, 1
110, 103, 1
110, 131, 1
110, 70, 1
110, 105, 1
109, 107, 1
109, 106, 1
109, 110, 1
109, 103, 1
109, 131, 1
109, 70, 1
109, 105, 1
103, 107, 1
103, 106, 1
103, 110, 1
103, 109, 1
103, 131, 1
103, 70, 1
103, 105, 1
131, 107, 1
131, 106, 1
131, 110, 1
131, 109, 1
131, 103, 1
131, 70, 1
131, 105, 1
70, 107, 1
70, 106, 1
70, 110, 1
70, 109, 1
70, 103, 1
70, 131, 1
70, 105, 1
105, 107, 1
105, 106, 1
105, 110, 1
105, 109, 1
105, 103, 1
105, 131, 1
105, 70, 1
171, 163, 1
171, 166, 1
163, 171, 1
163, 166, 1
166, 171, 1
166, 163, 1
201, 207, 1
201, 185, 1
201, 189, 1
201, 205, 1
201, 188, 1
207, 201, 1
207, 185, 1
207, 189, 1
207, 205, 1
207, 188, 1
185, 201, 1
185, 207, 1
185, 189, 1
185, 205, 1
185, 188, 1
189, 201, 1
189, 207, 1
189, 185, 1
189, 205, 1
189, 188, 1
205, 201, 1
205, 207, 1
205, 185, 1
205, 189, 1
205, 188, 1
188, 201, 1
188, 207, 1
188, 185, 1
188, 189, 1
188, 205, 1
179, 107, -1
179, 106, -1
179, 110, -1
179, 109, -1
179, 103, -1
179, 131, -1
179, 70, -1
179, 105, -1
184, 107, -1
184, 106, -1
184, 110, -1
184, 109, -1
184, 103, -1
184, 131, -1
184, 70, -1
184, 105, -1
180, 107, -1
180, 106, -1
180, 110, -1
180, 109, -1
180, 103, -1
180, 131, -1
180, 70, -1
180, 105, -1
182, 107, -1
182, 106, -1
182, 110, -1
182, 109, -1
182, 103, -1
182, 131, -1
182, 70, -1
182, 105, -1
179, 171, -1
179, 163, -1
179, 166, -1
184, 171, -1
184, 163, -1
184, 166, -1
180, 171, -1
180, 163, -1
180, 166, -1
182, 171, -1
182, 163, -1
182, 166, -1
179, 201, -1
179, 207, -1
179, 185, -1
179, 189, -1
179, 205, -1
179, 188, -1
184, 201, -1
184, 207, -1
184, 185, -1
184, 189, -1
184, 205, -1
184, 188, -1
180, 201, -1
180, 207, -1
180, 185, -1
180, 189, -1
180, 205, -1
180, 188, -1
182, 201, -1
182, 207, -1
182, 185, -1
182, 189, -1
182, 205, -1
182, 188, -1
179, 149, -1
184, 149, -1
180, 149, -1
182, 149, -1
107, 179, -1
107, 184, -1
107, 180, -1
107, 182, -1
106, 179, -1
106, 184, -1
106, 180, -1
106, 182, -1
110, 179, -1
110, 184, -1
110, 180, -1
110, 182, -1
109, 179, -1
109, 184, -1
109, 180, -1
109, 182, -1
103, 179, -1
103, 184, -1
103, 180, -1
103, 182, -1
131, 179, -1
131, 184, -1
131, 180, -1
131, 182, -1
70, 179, -1
70, 184, -1
70, 180, -1
70, 182, -1
105, 179, -1
105, 184, -1
105, 180, -1
105, 182, -1
107, 171, -1
107, 163, -1
107, 166, -1
106, 171, -1
106, 163, -1
106, 166, -1
110, 171, -1
110, 163, -1
110, 166, -1
109, 171, -1
109, 163, -1
109, 166, -1
103, 171, -1
103, 163, -1
103, 166, -1
131, 171, -1
131, 163, -1
131, 166, -1
70, 171, -1
70, 163, -1
70, 166, -1
105, 171, -1
105, 163, -1
105, 166, -1
107, 201, -1
107, 207, -1
107, 185, -1
107, 189, -1
107, 205, -1
107, 188, -1
106, 201, -1
106, 207, -1
106, 185, -1
106, 189, -1
106, 205, -1
106, 188, -1
110, 201, -1
110, 207, -1
110, 185, -1
110, 189, -1
110, 205, -1
110, 188, -1
109, 201, -1
109, 207, -1
109, 185, -1
109, 189, -1
109, 205, -1
109, 188, -1
103, 201, -1
103, 207, -1
103, 185, -1
103, 189, -1
103, 205, -1
103, 188, -1
131, 201, -1
131, 207, -1
131, 185, -1
131, 189, -1
131, 205, -1
131, 188, -1
70, 201, -1
70, 207, -1
70, 185, -1
70, 189, -1
70, 205, -1
70, 188, -1
105, 201, -1
105, 207, -1
105, 185, -1
105, 189, -1
105, 205, -1
105, 188, -1
107, 149, -1
106, 149, -1
110, 149, -1
109, 149, -1
103, 149, -1
131, 149, -1
70, 149, -1
105, 149, -1
171, 179, -1
171, 184, -1
171, 180, -1
171, 182, -1
163, 179, -1
163, 184, -1
163, 180, -1
163, 182, -1
166, 179, -1
166, 184, -1
166, 180, -1
166, 182, -1
171, 107, -1
171, 106, -1
171, 110, -1
171, 109, -1
171, 103, -1
171, 131, -1
171, 70, -1
171, 105, -1
163, 107, -1
163, 106, -1
163, 110, -1
163, 109, -1
163, 103, -1
163, 131, -1
163, 70, -1
163, 105, -1
166, 107, -1
166, 106, -1
166, 110, -1
166, 109, -1
166, 103, -1
166, 131, -1
166, 70, -1
166, 105, -1
171, 201, -1
171, 207, -1
171, 185, -1
171, 189, -1
171, 205, -1
171, 188, -1
163, 201, -1
163, 207, -1
163, 185, -1
163, 189, -1
163, 205, -1
163, 188, -1
166, 201, -1
166, 207, -1
166, 185, -1
166, 189, -1
166, 205, -1
166, 188, -1
171, 149, -1
163, 149, -1
166, 149, -1
201, 179, -1
201, 184, -1
201, 180, -1
201, 182, -1
207, 179, -1
207, 184, -1
207, 180, -1
207, 182, -1
185, 179, -1
185, 184, -1
185, 180, -1
185, 182, -1
189, 179, -1
189, 184, -1
189, 180, -1
189, 182, -1
205, 179, -1
205, 184, -1
205, 180, -1
205, 182, -1
188, 179, -1
188, 184, -1
188, 180, -1
188, 182, -1
201, 107, -1
201, 106, -1
201, 110, -1
201, 109, -1
201, 103, -1
201, 131, -1
201, 70, -1
201, 105, -1
207, 107, -1
207, 106, -1
207, 110, -1
207, 109, -1
207, 103, -1
207, 131, -1
207, 70, -1
207, 105, -1
185, 107, -1
185, 106, -1
185, 110, -1
185, 109, -1
185, 103, -1
185, 131, -1
185, 70, -1
185, 105, -1
189, 107, -1
189, 106, -1
189, 110, -1
189, 109, -1
189, 103, -1
189, 131, -1
189, 70, -1
189, 105, -1
205, 107, -1
205, 106, -1
205, 110, -1
205, 109, -1
205, 103, -1
205, 131, -1
205, 70, -1
205, 105, -1
188, 107, -1
188, 106, -1
188, 110, -1
188, 109, -1
188, 103, -1
188, 131, -1
188, 70, -1
188, 105, -1
201, 171, -1
201, 163, -1
201, 166, -1
207, 171, -1
207, 163, -1
207, 166, -1
185, 171, -1
185, 163, -1
185, 166, -1
189, 171, -1
189, 163, -1
189, 166, -1
205, 171, -1
205, 163, -1
205, 166, -1
188, 171, -1
188, 163, -1
188, 166, -1
201, 149, -1
207, 149, -1
185, 149, -1
189, 149, -1
205, 149, -1
188, 149, -1
149, 179, -1
149, 184, -1
149, 180, -1
149, 182, -1
149, 107, -1
149, 106, -1
149, 110, -1
149, 109, -1
149, 103, -1
149, 131, -1
149, 70, -1
149, 105, -1
149, 171, -1
149, 163, -1
149, 166, -1
149, 201, -1
149, 207, -1
149, 185, -1
149, 189, -1
149, 205, -1
149, 188, -1

179, 184, 1
179, 180, 1
179, 182, 1
184, 179, 1
184, 180, 1
184, 182, 1
180, 179, 1
180, 184, 1
180, 182, 1
182, 179, 1
182, 184, 1
182, 180, 1
107, 106, 1
107, 110, 1
107, 109, 1
107, 103, 1
107, 131, 1
107, 70, 1
107, 105, 1
106, 107, 1
106, 110, 1
106, 109, 1
106, 103, 1
106, 131, 1
106, 70, 1
106, 105, 1
110, 107, 1
110, 106, 1
110, 109, 1
110, 103, 1
110, 131, 1
110, 70, 1
110, 105, 1
109, 107, 1
109, 106, 1
109, 110, 1
109, 103, 1
109, 131, 1
109, 70, 1
109, 105, 1
103, 107, 1
103, 106, 1
103, 110, 1
103, 109, 1
103, 131, 1
103, 70, 1
103, 105, 1
131, 107, 1
131, 106, 1
131, 110, 1
131, 109, 1
131, 103, 1
131, 70, 1
131, 105, 1
70, 107, 1
70, 106, 1
70, 110, 1
70, 109, 1
70, 103, 1
70, 131, 1
70, 105, 1
105, 107, 1
105, 106, 1
105, 110, 1
105, 109, 1
105, 103, 1
105, 131, 1
105, 70, 1
171, 163, 1
171, 166, 1
171, 168, 1
163, 171, 1
163, 166, 1
163, 168, 1
166, 171, 1
166, 163, 1
166, 168, 1
168, 171, 1
168, 163, 1
168, 166, 1
201, 207, 1
201, 185, 1
201, 189, 1
201, 205, 1
201, 188, 1
207, 201, 1
207, 185, 1
207, 189, 1
207, 205, 1
207, 188, 1
185, 201, 1
185, 207, 1
185, 189, 1
185, 205, 1
185, 188, 1
189, 201, 1
189, 207, 1
189, 185, 1
189, 205, 1
189, 188, 1
205, 201, 1
205, 207, 1
205, 185, 1
205, 189, 1
205, 188, 1
188, 201, 1
188, 207, 1
188, 185, 1
188, 189, 1
188, 205, 1
149, 151, 1
151, 149, 1
179, 107, -1
179, 106, -1
179, 110, -1
179, 109, -1
179, 103, -1
179, 131, -1
179, 70, -1
179, 105, -1
184, 107, -1
184, 106, -1
184, 110, -1
184, 109, -1
184, 103, -1
184, 131, -1
184, 70, -1
184, 105, -1
180, 107, -1
180, 106, -1
180, 110, -1
180, 109, -1
180, 103, -1
180, 131, -1
180, 70, -1
180, 105, -1
182, 107, -1
182, 106, -1
182, 110, -1
182, 109, -1
182, 103, -1
182, 131, -1
182, 70, -1
182, 105, -1
179, 171, -1
179, 163, -1
179, 166, -1
179, 168, -1
184, 171, -1
184, 163, -1
184, 166, -1
184, 168, -1
180, 171, -1
180, 163, -1
180, 166, -1
180, 168, -1
182, 171, -1
182, 163, -1
182, 166, -1
182, 168, -1
179, 201, -1
179, 207, -1
179, 185, -1
179, 189, -1
179, 205, -1
179, 188, -1
184, 201, -1
184, 207, -1
184, 185, -1
184, 189, -1
184, 205, -1
184, 188, -1
180, 201, -1
180, 207, -1
180, 185, -1
180, 189, -1
180, 205, -1
180, 188, -1
182, 201, -1
182, 207, -1
182, 185, -1
182, 189, -1
182, 205, -1
182, 188, -1
179, 149, -1
179, 151, -1
184, 149, -1
184, 151, -1
180, 149, -1
180, 151, -1
182, 149, -1
182, 151, -1
107, 179, -1
107, 184, -1
107, 180, -1
107, 182, -1
106, 179, -1
106, 184, -1
106, 180, -1
106, 182, -1
110, 179, -1
110, 184, -1
110, 180, -1
110, 182, -1
109, 179, -1
109, 184, -1
109, 180, -1
109, 182, -1
103, 179, -1
103, 184, -1
103, 180, -1
103, 182, -1
131, 179, -1
131, 184, -1
131, 180, -1
131, 182, -1
70, 179, -1
70, 184, -1
70, 180, -1
70, 182, -1
105, 179, -1
105, 184, -1
105, 180, -1
105, 182, -1
107, 171, -1
107, 163, -1
107, 166, -1
107, 168, -1
106, 171, -1
106, 163, -1
106, 166, -1
106, 168, -1
110, 171, -1
110, 163, -1
110, 166, -1
110, 168, -1
109, 171, -1
109, 163, -1
109, 166, -1
109, 168, -1
103, 171, -1
103, 163, -1
103, 166, -1
103, 168, -1
131, 171, -1
131, 163, -1
131, 166, -1
131, 168, -1
70, 171, -1
70, 163, -1
70, 166, -1
70, 168, -1
105, 171, -1
105, 163, -1
105, 166, -1
105, 168, -1
107, 201, -1
107, 207, -1
107, 185, -1
107, 189, -1
107, 205, -1
107, 188, -1
106, 201, -1
106, 207, -1
106, 185, -1
106, 189, -1
106, 205, -1
106, 188, -1
110, 201, -1
110, 207, -1
110, 185, -1
110, 189, -1
110, 205, -1
110, 188, -1
109, 201, -1
109, 207, -1
109, 185, -1
109, 189, -1
109, 205, -1
109, 188, -1
103, 201, -1
103, 207, -1
103, 185, -1
103, 189, -1
103, 205, -1
103, 188, -1
131, 201, -1
131, 207, -1
131, 185, -1
131, 189, -1
131, 205, -1
131, 188, -1
70, 201, -1
70, 207, -1
70, 185, -1
70, 189, -1
70, 205, -1
70, 188, -1
105, 201, -1
105, 207, -1
105, 185, -1
105, 189, -1
105, 205, -1
105, 188, -1
107, 149, -1
107, 151, -1
106, 149, -1
106, 151, -1
110, 149, -1
110, 151, -1
109, 149, -1
109, 151, -1
103, 149, -1
103, 151, -1
131, 149, -1
131, 151, -1
70, 149, -1
70, 151, -1
105, 149, -1
105, 151, -1
171, 179, -1
171, 184, -1
171, 180, -1
171, 182, -1
163, 179, -1
163, 184, -1
163, 180, -1
163, 182, -1
166, 179, -1
166, 184, -1
166, 180, -1
166, 182, -1
168, 179, -1
168, 184, -1
168, 180, -1
168, 182, -1
171, 107, -1
171, 106, -1
171, 110, -1
171, 109, -1
171, 103, -1
171, 131, -1
171, 70, -1
171, 105, -1
163, 107, -1
163, 106, -1
163, 110, -1
163, 109, -1
163, 103, -1
163, 131, -1
163, 70, -1
163, 105, -1
166, 107, -1
166, 106, -1
166, 110, -1
166, 109, -1
166, 103, -1
166, 131, -1
166, 70, -1
166, 105, -1
168, 107, -1
168, 106, -1
168, 110, -1
168, 109, -1
168, 103, -1
168, 131, -1
168, 70, -1
168, 105, -1
171, 201, -1
171, 207, -1
171, 185, -1
171, 189, -1
171, 205, -1
171, 188, -1
163, 201, -1
163, 207, -1
163, 185, -1
163, 189, -1
163, 205, -1
163, 188, -1
166, 201, -1
166, 207, -1
166, 185, -1
166, 189, -1
166, 205, -1
166, 188, -1
168, 201, -1
168, 207, -1
168, 185, -1
168, 189, -1
168, 205, -1
168, 188, -1
171, 149, -1
171, 151, -1
163, 149, -1
163, 151, -1
166, 149, -1
166, 151, -1
168, 149, -1
168, 151, -1
201, 179, -1
201, 184, -1
201, 180, -1
201, 182, -1
207, 179, -1
207, 184, -1
207, 180, -1
207, 182, -1
185, 179, -1
185, 184, -1
185, 180, -1
185, 182, -1
189, 179, -1
189, 184, -1
189, 180, -1
189, 182, -1
205, 179, -1
205, 184, -1
205, 180, -1
205, 182, -1
188, 179, -1
188, 184, -1
188, 180, -1
188, 182, -1
201, 107, -1
201, 106, -1
201, 110, -1
201, 109, -1
201, 103, -1
201, 131, -1
201, 70, -1
201, 105, -1
207, 107, -1
207, 106, -1
207, 110, -1
207, 109, -1
207, 103, -1
207, 131, -1
207, 70, -1
207, 105, -1
185, 107, -1
185, 106, -1
185, 110, -1
185, 109, -1
185, 103, -1
185, 131, -1
185, 70, -1
185, 105, -1
189, 107, -1
189, 106, -1
189, 110, -1
189, 109, -1
189, 103, -1
189, 131, -1
189, 70, -1
189, 105, -1
205, 107, -1
205, 106, -1
205, 110, -1
205, 109, -1
205, 103, -1
205, 131, -1
205, 70, -1
205, 105, -1
188, 107, -1
188, 106, -1
188, 110, -1
188, 109, -1
188, 103, -1
188, 131, -1
188, 70, -1
188, 105, -1
201, 171, -1
201, 163, -1
201, 166, -1
201, 168, -1
207, 171, -1
207, 163, -1
207, 166, -1
207, 168, -1
185, 171, -1
185, 163, -1
185, 166, -1
185, 168, -1
189, 171, -1
189, 163, -1
189, 166, -1
189, 168, -1
205, 171, -1
205, 163, -1
205, 166, -1
205, 168, -1
188, 171, -1
188, 163, -1
188, 166, -1
188, 168, -1
201, 149, -1
201, 151, -1
207, 149, -1
207, 151, -1
185, 149, -1
185, 151, -1
189, 149, -1
189, 151, -1
205, 149, -1
205, 151, -1
188, 149, -1
188, 151, -1
149, 179, -1
149, 184, -1
149, 180, -1
149, 182, -1
151, 179, -1
151, 184, -1
151, 180, -1
151, 182, -1
149, 107, -1
149, 106, -1
149, 110, -1
149, 109, -1
149, 103, -1
149, 131, -1
149, 70, -1
149, 105, -1
151, 107, -1
151, 106, -1
151, 110, -1
151, 109, -1
151, 103, -1
151, 131, -1
151, 70, -1
151, 105, -1
149, 171, -1
149, 163, -1
149, 166, -1
149, 168, -1
151, 171, -1
151, 163, -1
151, 166, -1
151, 168, -1
149, 201, -1
149, 207, -1
149, 185, -1
149, 189, -1
149, 205, -1
149, 188, -1
151, 201, -1
151, 207, -1
151, 185, -1
151, 189, -1
151, 205, -1
151, 188, -1

179, 184, 1
179, 180, 1
179, 182, 1
184, 179, 1
184, 180, 1
184, 182, 1
180, 179, 1
180, 184, 1
180, 182, 1
182, 179, 1
182, 184, 1
182, 180, 1
107, 106, 1
107, 110, 1
107, 109, 1
107, 103, 1
107, 131, 1
107, 70, 1
107, 105, 1
106, 107, 1
106, 110, 1
106, 109, 1
106, 103, 1
106, 131, 1
106, 70, 1
106, 105, 1
110, 107, 1
110, 106, 1
110, 109, 1
110, 103, 1
110, 131, 1
110, 70, 1
110, 105, 1
109, 107, 1
109, 106, 1
109, 110, 1
109, 103, 1
109, 131, 1
109, 70, 1
109, 105, 1
103, 107, 1
103, 106, 1
103, 110, 1
103, 109, 1
103, 131, 1
103, 70, 1
103, 105, 1
131, 107, 1
131, 106, 1
131, 110, 1
131, 109, 1
131, 103, 1
131, 70, 1
131, 105, 1
70, 107, 1
70, 106, 1
70, 110, 1
70, 109, 1
70, 103, 1
70, 131, 1
70, 105, 1
105, 107, 1
105, 106, 1
105, 110, 1
105, 109, 1
105, 103, 1
105, 131, 1
105, 70, 1
171, 163, 1
171, 166, 1
171, 168, 1
171, 174, 1
163, 171, 1
163, 166, 1
163, 168, 1
163, 174, 1
166, 171, 1
166, 163, 1
166, 168, 1
166, 174, 1
168, 171, 1
168, 163, 1
168, 166, 1
168, 174, 1
174, 171, 1
174, 163, 1
174, 166, 1
174, 168, 1
201, 207, 1
201, 185, 1
201, 189, 1
201, 205, 1
201, 188, 1
201, 186, 1
207, 201, 1
207, 185, 1
207, 189, 1
207, 205, 1
207, 188, 1
207, 186, 1
185, 201, 1
185, 207, 1
185, 189, 1
185, 205, 1
185, 188, 1
185, 186, 1
189, 201, 1
189, 207, 1
189, 185, 1
189, 205, 1
189, 188, 1
189, 186, 1
205, 201, 1
205, 207, 1
205, 185, 1
205, 189, 1
205, 188, 1
205, 186, 1
188, 201, 1
188, 207, 1
188, 185, 1
188, 189, 1
188, 205, 1
188, 186, 1
186, 201, 1
186, 207, 1
186, 185, 1
186, 189, 1
186, 205, 1
186, 188, 1
149, 151, 1
151, 149, 1
179, 107, -1
179, 106, -1
179, 110, -1
179, 109, -1
179, 103, -1
179, 131, -1
179, 70, -1
179, 105, -1
184, 107, -1
184, 106, -1
184, 110, -1
184, 109, -1
184, 103, -1
184, 131, -1
184, 70, -1
184, 105, -1
180, 107, -1
180, 106, -1
180, 110, -1
180, 109, -1
180, 103, -1
180, 131, -1
180, 70, -1
180, 105, -1
182, 107, -1
182, 106, -1
182, 110, -1
182, 109, -1
182, 103, -1
182, 131, -1
182, 70, -1
182, 105, -1
179, 171, -1
179, 163, -1
179, 166, -1
179, 168, -1
179, 174, -1
184, 171, -1
184, 163, -1
184, 166, -1
184, 168, -1
184, 174, -1
180, 171, -1
180, 163, -1
180, 166, -1
180, 168, -1
180, 174, -1
182, 171, -1
182, 163, -1
182, 166, -1
182, 168, -1
182, 174, -1
179, 201, -1
179, 207, -1
179, 185, -1
179, 189, -1
179, 205, -1
179, 188, -1
179, 186, -1
184, 201, -1
184, 207, -1
184, 185, -1
184, 189, -1
184, 205, -1
184, 188, -1
184, 186, -1
180, 201, -1
180, 207, -1
180, 185, -1
180, 189, -1
180, 205, -1
180, 188, -1
180, 186, -1
182, 201, -1
182, 207, -1
182, 185, -1
182, 189, -1
182, 205, -1
182, 188, -1
182, 186, -1
179, 149, -1
179, 151, -1
184, 149, -1
184, 151, -1
180, 149, -1
180, 151, -1
182, 149, -1
182, 151, -1
107, 179, -1
107, 184, -1
107, 180, -1
107, 182, -1
106, 179, -1
106, 184, -1
106, 180, -1
106, 182, -1
110, 179, -1
110, 184, -1
110, 180, -1
110, 182, -1
109, 179, -1
109, 184, -1
109, 180, -1
109, 182, -1
103, 179, -1
103, 184, -1
103, 180, -1
103, 182, -1
131, 179, -1
131, 184, -1
131, 180, -1
131, 182, -1
70, 179, -1
70, 184, -1
70, 180, -1
70, 182, -1
105, 179, -1
105, 184, -1
105, 180, -1
105, 182, -1
107, 171, -1
107, 163, -1
107, 166, -1
107, 168, -1
107, 174, -1
106, 171, -1
106, 163, -1
106, 166, -1
106, 168, -1
106, 174, -1
110, 171, -1
110, 163, -1
110, 166, -1
110, 168, -1
110, 174, -1
109, 171, -1
109, 163, -1
109, 166, -1
109, 168, -1
109, 174, -1
103, 171, -1
103, 163, -1
103, 166, -1
103, 168, -1
103, 174, -1
131, 171, -1
131, 163, -1
131, 166, -1
131, 168, -1
131, 174, -1
70, 171, -1
70, 163, -1
70, 166, -1
70, 168, -1
70, 174, -1
105, 171, -1
105, 163, -1
105, 166, -1
105, 168, -1
105, 174, -1
107, 201, -1
107, 207, -1
107, 185, -1
107, 189, -1
107, 205, -1
107, 188, -1
107, 186, -1
106, 201, -1
106, 207, -1
106, 185, -1
106, 189, -1
106, 205, -1
106, 188, -1
106, 186, -1
110, 201, -1
110, 207, -1
110, 185, -1
110, 189, -1
110, 205, -1
110, 188, -1
110, 186, -1
109, 201, -1
109, 207, -1
109, 185, -1
109, 189, -1
109, 205, -1
109, 188, -1
109, 186, -1
103, 201, -1
103, 207, -1
103, 185, -1
103, 189, -1
103, 205, -1
103, 188, -1
103, 186, -1
131, 201, -1
131, 207, -1
131, 185, -1
131, 189, -1
131, 205, -1
131, 188, -1
131, 186, -1
70, 201, -1
70, 207, -1
70, 185, -1
70, 189, -1
70, 205, -1
70, 188, -1
70, 186, -1
105, 201, -1
105, 207, -1
105, 185, -1
105, 189, -1
105, 205, -1
105, 188, -1
105, 186, -1
107, 149, -1
107, 151, -1
106, 149, -1
106, 151, -1
110, 149, -1
110, 151, -1
109, 149, -1
109, 151, -1
103, 149, -1
103, 151, -1
131, 149, -1
131, 151, -1
70, 149, -1
70, 151, -1
105, 149, -1
105, 151, -1
171, 179, -1
171, 184, -1
171, 180, -1
171, 182, -1
163, 179, -1
163, 184, -1
163, 180, -1
163, 182, -1
166, 179, -1
166, 184, -1
166, 180, -1
166, 182, -1
168, 179, -1
168, 184, -1
168, 180, -1
168, 182, -1
174, 179, -1
174, 184, -1
174, 180, -1
174, 182, -1
171, 107, -1
171, 106, -1
171, 110, -1
171, 109, -1
171, 103, -1
171, 131, -1
171, 70, -1
171, 105, -1
163, 107, -1
163, 106, -1
163, 110, -1
163, 109, -1
163, 103, -1
163, 131, -1
163, 70, -1
163, 105, -1
166, 107, -1
166, 106, -1
166, 110, -1
166, 109, -1
166, 103, -1
166, 131, -1
166, 70, -1
166, 105, -1
168, 107, -1
168, 106, -1
168, 110, -1
168, 109, -1
168, 103, -1
168, 131, -1
168, 70, -1
168, 105, -1
174, 107, -1
174, 106, -1
174, 110, -1
174, 109, -1
174, 103, -1
174, 131, -1
174, 70, -1
174, 105, -1
171, 201, -1
171, 207, -1
171, 185, -1
171, 189, -1
171, 205, -1
171, 188, -1
171, 186, -1
163, 201, -1
163, 207, -1
163, 185, -1
163, 189, -1
163, 205, -1
163, 188, -1
163, 186, -1
166, 201, -1
166, 207, -1
166, 185, -1
166, 189, -1
166, 205, -1
166, 188, -1
166, 186, -1
168, 201, -1
168, 207, -1
168, 185, -1
168, 189, -1
168, 205, -1
168, 188, -1
168, 186, -1
174, 201, -1
174, 207, -1
174, 185, -1
174, 189, -1
174, 205, -1
174, 188, -1
174, 186, -1
171, 149, -1
171, 151, -1
163, 149, -1
163, 151, -1
166, 149, -1
166, 151, -1
168, 149, -1
168, 151, -1
174, 149, -1
174, 151, -1
201, 179, -1
201, 184, -1
201, 180, -1
201, 182, -1
207, 179, -1
207, 184, -1
207, 180, -1
207, 182, -1
185, 179, -1
185, 184, -1
185, 180, -1
185, 182, -1
189, 179, -1
189, 184, -1
189, 180, -1
189, 182, -1
205, 179, -1
205, 184, -1
205, 180, -1
205, 182, -1
188, 179, -1
188, 184, -1
188, 180, -1
188, 182, -1
186, 179, -1
186, 184, -1
186, 180, -1
186, 182, -1
201, 107, -1
201, 106, -1
201, 110, -1
201, 109, -1
201, 103, -1
201, 131, -1
201, 70, -1
201, 105, -1
207, 107, -1
207, 106, -1
207, 110, -1
207, 109, -1
207, 103, -1
207, 131, -1
207, 70, -1
207, 105, -1
185, 107, -1
185, 106, -1
185, 110, -1
185, 109, -1
185, 103, -1
185, 131, -1
185, 70, -1
185, 105, -1
189, 107, -1
189, 106, -1
189, 110, -1
189, 109, -1
189, 103, -1
189, 131, -1
189, 70, -1
189, 105, -1
205, 107, -1
205, 106, -1
205, 110, -1
205, 109, -1
205, 103, -1
205, 131, -1
205, 70, -1
205, 105, -1
188, 107, -1
188, 106, -1
188, 110, -1
188, 109, -1
188, 103, -1
188, 131, -1
188, 70, -1
188, 105, -1
186, 107, -1
186, 106, -1
186, 110, -1
186, 109, -1
186, 103, -1
186, 131, -1
186, 70, -1
186, 105, -1
201, 171, -1
201, 163, -1
201, 166, -1
201, 168, -1
201, 174, -1
207, 171, -1
207, 163, -1
207, 166, -1
207, 168, -1
207, 174, -1
185, 171, -1
185, 163, -1
185, 166, -1
185, 168, -1
185, 174, -1
189, 171, -1
189, 163, -1
189, 166, -1
189, 168, -1
189, 174, -1
205, 171, -1
205, 163, -1
205, 166, -1
205, 168, -1
205, 174, -1
188, 171, -1
188, 163, -1
188, 166, -1
188, 168, -1
188, 174, -1
186, 171, -1
186, 163, -1
186, 166, -1
186, 168, -1
186, 174, -1
201, 149, -1
201, 151, -1
207, 149, -1
207, 151, -1
185, 149, -1
185, 151, -1
189, 149, -1
189, 151, -1
205, 149, -1
205, 151, -1
188, 149, -1
188, 151, -1
186, 149, -1
186, 151, -1
149, 179, -1
149, 184, -1
149, 180, -1
149, 182, -1
151, 179, -1
151, 184, -1
151, 180, -1
151, 182, -1
149, 107, -1
149, 106, -1
149, 110, -1
149, 109, -1
149, 103, -1
149, 131, -1
149, 70, -1
149, 105, -1
151, 107, -1
151, 106, -1
151, 110, -1
151, 109, -1
151, 103, -1
151, 131, -1
151, 70, -1
151, 105, -1
149, 171, -1
149, 163, -1
149, 166, -1
149, 168, -1
149, 174, -1
151, 171, -1
151, 163, -1
151, 166, -1
151, 168, -1
151, 174, -1
149, 201, -1
149, 207, -1
149, 185, -1
149, 189, -1
149, 205, -1
149, 188, -1
149, 186, -1
151, 201, -1
151, 207, -1
151, 185, -1
151, 189, -1
151, 205, -1
151, 188, -1
151, 186, -1

179, 184, 1
179, 180, 1
179, 182, 1
184, 179, 1
184, 180, 1
184, 182, 1
180, 179, 1
180, 184, 1
180, 182, 1
182, 179, 1
182, 184, 1
182, 180, 1
107, 106, 1
107, 110, 1
107, 109, 1
107, 103, 1
107, 131, 1
107, 70, 1
107, 105, 1
107, 112, 1
106, 107, 1
106, 110, 1
106, 109, 1
106, 103, 1
106, 131, 1
106, 70, 1
106, 105, 1
106, 112, 1
110, 107, 1
110, 106, 1
110, 109, 1
110, 103, 1
110, 131, 1
110, 70, 1
110, 105, 1
110, 112, 1
109, 107, 1
109, 106, 1
109, 110, 1
109, 103, 1
109, 131, 1
109, 70, 1
109, 105, 1
109, 112, 1
103, 107, 1
103, 106, 1
103, 110, 1
103, 109, 1
103, 131, 1
103, 70, 1
103, 105, 1
103, 112, 1
131, 107, 1
131, 106, 1
131, 110, 1
131, 109, 1
131, 103, 1
131, 70, 1
131, 105, 1
131, 112, 1
70, 107, 1
70, 106, 1
70, 110, 1
70, 109, 1
70, 103, 1
70, 131, 1
70, 105, 1
70, 112, 1
105, 107, 1
105, 106, 1
105, 110, 1
105, 109, 1
105, 103, 1
105, 131, 1
105, 70, 1
105, 112, 1
112, 107, 1
112, 106, 1
112, 110, 1
112, 109, 1
112, 103, 1
112, 131, 1
112, 70, 1
112, 105, 1
171, 163, 1
171, 166, 1
171, 168, 1
171, 174, 1
163, 171, 1
163, 166, 1
163, 168, 1
163, 174, 1
166, 171, 1
166, 163, 1
166, 168, 1
166, 174, 1
168, 171, 1
168, 163, 1
168, 166, 1
168, 174, 1
174, 171, 1
174, 163, 1
174, 166, 1
174, 168, 1
201, 207, 1
201, 185, 1
201, 189, 1
201, 205, 1
201, 188, 1
201, 186, 1
201, 192, 1
207, 201, 1
207, 185, 1
207, 189, 1
207, 205, 1
207, 188, 1
207, 186, 1
207, 192, 1
185, 201, 1
185, 207, 1
185, 189, 1
185, 205, 1
185, 188, 1
185, 186, 1
185, 192, 1
189, 201, 1
189, 207, 1
189, 185, 1
189, 205, 1
189, 188, 1
189, 186, 1
189, 192, 1
205, 201, 1
205, 207, 1
205, 185, 1
205, 189, 1
205, 188, 1
205, 186, 1
205, 192, 1
188, 201, 1
188, 207, 1
188, 185, 1
188, 189, 1
188, 205, 1
188, 186, 1
188, 192, 1
186, 201, 1
186, 207, 1
186, 185, 1
186, 189, 1
186, 205, 1
186, 188, 1
186, 192, 1
192, 201, 1
192, 207, 1
192, 185, 1
192, 189, 1
192, 205, 1
192, 188, 1
192, 186, 1
149, 151, 1
151, 149, 1
179, 107, -1
179, 106, -1
179, 110, -1
179, 109, -1
179, 103, -1
179, 131, -1
179, 70, -1
179, 105, -1
179, 112, -1
184, 107, -1
184, 106, -1
184, 110, -1
184, 109, -1
184, 103, -1
184, 131, -1
184, 70, -1
184, 105, -1
184, 112, -1
180, 107, -1
180, 106, -1
180, 110, -1
180, 109, -1
180, 103, -1
180, 131, -1
180, 70, -1
180, 105, -1
180, 112, -1
182, 107, -1
182, 106, -1
182, 110, -1
182, 109, -1
182, 103, -1
182, 131, -1
182, 70, -1
182, 105, -1
182, 112, -1
179, 171, -1
179, 163, -1
179, 166, -1
179, 168, -1
179, 174, -1
184, 171, -1
184, 163, -1
184, 166, -1
184, 168, -1
184, 174, -1
180, 171, -1
180, 163, -1
180, 166, -1
180, 168, -1
180, 174, -1
182, 171, -1
182, 163, -1
182, 166, -1
182, 168, -1
182, 174, -1
179, 201, -1
179, 207, -1
179, 185, -1
179, 189, -1
179, 205, -1
179, 188, -1
179, 186, -1
179, 192, -1
184, 201, -1
184, 207, -1
184, 185, -1
184, 189, -1
184, 205, -1
184, 188, -1
184, 186, -1
184, 192, -1
180, 201, -1
180, 207, -1
180, 185, -1
180, 189, -1
180, 205, -1
180, 188, -1
180, 186, -1
180, 192, -1
182, 201, -1
182, 207, -1
182, 185, -1
182, 189, -1
182, 205, -1
182, 188, -1
182, 186, -1
182, 192, -1
179, 149, -1
179, 151, -1
184, 149, -1
184, 151, -1
180, 149, -1
180, 151, -1
182, 149, -1
182, 151, -1
107, 179, -1
107, 184, -1
107, 180, -1
107, 182, -1
106, 179, -1
106, 184, -1
106, 180, -1
106, 182, -1
110, 179, -1
110, 184, -1
110, 180, -1
110, 182, -1
109, 179, -1
109, 184, -1
109, 180, -1
109, 182, -1
103, 179, -1
103, 184, -1
103, 180, -1
103, 182, -1
131, 179, -1
131, 184, -1
131, 180, -1
131, 182, -1
70, 179, -1
70, 184, -1
70, 180, -1
70, 182, -1
105, 179, -1
105, 184, -1
105, 180, -1
105, 182, -1
112, 179, -1
112, 184, -1
112, 180, -1
112, 182, -1
107, 171, -1
107, 163, -1
107, 166, -1
107, 168, -1
107, 174, -1
106, 171, -1
106, 163, -1
106, 166, -1
106, 168, -1
106, 174, -1
110, 171, -1
110, 163, -1
110, 166, -1
110, 168, -1
110, 174, -1
109, 171, -1
109, 163, -1
109, 166, -1
109, 168, -1
109, 174, -1
103, 171, -1
103, 163, -1
103, 166, -1
103, 168, -1
103, 174, -1
131, 171, -1
131, 163, -1
131, 166, -1
131, 168, -1
131, 174, -1
70, 171, -1
70, 163, -1
70, 166, -1
70, 168, -1
70, 174, -1
105, 171, -1
105, 163, -1
105, 166, -1
105, 168, -1
105, 174, -1
112, 171, -1
112, 163, -1
112, 166, -1
112, 168, -1
112, 174, -1
107, 201, -1
107, 207, -1
107, 185, -1
107, 189, -1
107, 205, -1
107, 188, -1
107, 186, -1
107, 192, -1
106, 201, -1
106, 207, -1
106, 185, -1
106, 189, -1
106, 205, -1
106, 188, -1
106, 186, -1
106, 192, -1
110, 201, -1
110, 207, -1
110, 185, -1
110, 189, -1
110, 205, -1
110, 188, -1
110, 186, -1
110, 192, -1
109, 201, -1
109, 207, -1
109, 185, -1
109, 189, -1
109, 205, -1
109, 188, -1
109, 186, -1
109, 192, -1
103, 201, -1
103, 207, -1
103, 185, -1
103, 189, -1
103, 205, -1
103, 188, -1
103, 186, -1
103, 192, -1
131, 201, -1
131, 207, -1
131, 185, -1
131, 189, -1
131, 205, -1
131, 188, -1
131, 186, -1
131, 192, -1
70, 201, -1
70, 207, -1
70, 185, -1
70, 189, -1
70, 205, -1
70, 188, -1
70, 186, -1
70, 192, -1
105, 201, -1
105, 207, -1
105, 185, -1
105, 189, -1
105, 205, -1
105, 188, -1
105, 186, -1
105, 192, -1
112, 201, -1
112, 207, -1
112, 185, -1
112, 189, -1
112, 205, -1
112, 188, -1
112, 186, -1
112, 192, -1
107, 149, -1
107, 151, -1
106, 149, -1
106, 151, -1
110, 149, -1
110, 151, -1
109, 149, -1
109, 151, -1
103, 149, -1
103, 151, -1
131, 149, -1
131, 151, -1
70, 149, -1
70, 151, -1
105, 149, -1
105, 151, -1
112, 149, -1
112, 151, -1
171, 179, -1
171, 184, -1
171, 180, -1
171, 182, -1
163, 179, -1
163, 184, -1
163, 180, -1
163, 182, -1
166, 179, -1
166, 184, -1
166, 180, -1
166, 182, -1
168, 179, -1
168, 184, -1
168, 180, -1
168, 182, -1
174, 179, -1
174, 184, -1
174, 180, -1
174, 182, -1
171, 107, -1
171, 106, -1
171, 110, -1
171, 109, -1
171, 103, -1
171, 131, -1
171, 70, -1
171, 105, -1
171, 112, -1
163, 107, -1
163, 106, -1
163, 110, -1
163, 109, -1
163, 103, -1
163, 131, -1
163, 70, -1
163, 105, -1
163, 112, -1
166, 107, -1
166, 106, -1
166, 110, -1
166, 109, -1
166, 103, -1
166, 131, -1
166, 70, -1
166, 105, -1
166, 112, -1
168, 107, -1
168, 106, -1
168, 110, -1
168, 109, -1
168, 103, -1
168, 131, -1
168, 70, -1
168, 105, -1
168, 112, -1
174, 107, -1
174, 106, -1
174, 110, -1
174, 109, -1
174, 103, -1
174, 131, -1
174, 70, -1
174, 105, -1
174, 112, -1
171, 201, -1
171, 207, -1
171, 185, -1
171, 189, -1
171, 205, -1
171, 188, -1
171, 186, -1
171, 192, -1
163, 201, -1
163, 207, -1
163, 185, -1
163, 189, -1
163, 205, -1
163, 188, -1
163, 186, -1
163, 192, -1
166, 201, -1
166, 207, -1
166, 185, -1
166, 189, -1
166, 205, -1
166, 188, -1
166, 186, -1
166, 192, -1
168, 201, -1
168, 207, -1
168, 185, -1
168, 189, -1
168, 205, -1
168, 188, -1
168, 186, -1
168, 192, -1
174, 201, -1
174, 207, -1
174, 185, -1
174, 189, -1
174, 205, -1
174, 188, -1
174, 186, -1
174, 192, -1
171, 149, -1
171, 151, -1
163, 149, -1
163, 151, -1
166, 149, -1
166, 151, -1
168, 149, -1
168, 151, -1
174, 149, -1
174, 151, -1
201, 179, -1
201, 184, -1
201, 180, -1
201, 182, -1
207, 179, -1
207, 184, -1
207, 180, -1
207, 182, -1
185, 179, -1
185, 184, -1
185, 180, -1
185, 182, -1
189, 179, -1
189, 184, -1
189, 180, -1
189, 182, -1
205, 179, -1
205, 184, -1
205, 180, -1
205, 182, -1
188, 179, -1
188, 184, -1
188, 180, -1
188, 182, -1
186, 179, -1
186, 184, -1
186, 180, -1
186, 182, -1
192, 179, -1
192, 184, -1
192, 180, -1
192, 182, -1
201, 107, -1
201, 106, -1
201, 110, -1
201, 109, -1
201, 103, -1
201, 131, -1
201, 70, -1
201, 105, -1
201, 112, -1
207, 107, -1
207, 106, -1
207, 110, -1
207, 109, -1
207, 103, -1
207, 131, -1
207, 70, -1
207, 105, -1
207, 112, -1
185, 107, -1
185, 106, -1
185, 110, -1
185, 109, -1
185, 103, -1
185, 131, -1
185, 70, -1
185, 105, -1
185, 112, -1
189, 107, -1
189, 106, -1
189, 110, -1
189, 109, -1
189, 103, -1
189, 131, -1
189, 70, -1
189, 105, -1
189, 112, -1
205, 107, -1
205, 106, -1
205, 110, -1
205, 109, -1
205, 103, -1
205, 131, -1
205, 70, -1
205, 105, -1
205, 112, -1
188, 107, -1
188, 106, -1
188, 110, -1
188, 109, -1
188, 103, -1
188, 131, -1
188, 70, -1
188, 105, -1
188, 112, -1
186, 107, -1
186, 106, -1
186, 110, -1
186, 109, -1
186, 103, -1
186, 131, -1
186, 70, -1
186, 105, -1
186, 112, -1
192, 107, -1
192, 106, -1
192, 110, -1
192, 109, -1
192, 103, -1
192, 131, -1
192, 70, -1
192, 105, -1
192, 112, -1
201, 171, -1
201, 163, -1
201, 166, -1
201, 168, -1
201, 174, -1
207, 171, -1
207, 163, -1
207, 166, -1
207, 168, -1
207, 174, -1
185, 171, -1
185, 163, -1
185, 166, -1
185, 168, -1
185, 174, -1
189, 171, -1
189, 163, -1
189, 166, -1
189, 168, -1
189, 174, -1
205, 171, -1
205, 163, -1
205, 166, -1
205, 168, -1
205, 174, -1
188, 171, -1
188, 163, -1
188, 166, -1
188, 168, -1
188, 174, -1
186, 171, -1
186, 163, -1
186, 166, -1
186, 168, -1
186, 174, -1
192, 171, -1
192, 163, -1
192, 166, -1
192, 168, -1
192, 174, -1
201, 149, -1
201, 151, -1
207, 149, -1
207, 151, -1
185, 149, -1
185, 151, -1
189, 149, -1
189, 151, -1
205, 149, -1
205, 151, -1
188, 149, -1
188, 151, -1
186, 149, -1
186, 151, -1
192, 149, -1
192, 151, -1
149, 179, -1
149, 184, -1
149, 180, -1
149, 182, -1
151, 179, -1
151, 184, -1
151, 180, -1
151, 182, -1
149, 107, -1
149, 106, -1
149, 110, -1
149, 109, -1
149, 103, -1
149, 131, -1
149, 70, -1
149, 105, -1
149, 112, -1
151, 107, -1
151, 106, -1
151, 110, -1
151, 109, -1
151, 103, -1
151, 131, -1
151, 70, -1
151, 105, -1
151, 112, -1
149, 171, -1
149, 163, -1
149, 166, -1
149, 168, -1
149, 174, -1
151, 171, -1
151, 163, -1
151, 166, -1
151, 168, -1
151, 174, -1
149, 201, -1
149, 207, -1
149, 185, -1
149, 189, -1
149, 205, -1
149, 188, -1
149, 186, -1
149, 192, -1
151, 201, -1
151, 207, -1
151, 185, -1
151, 189, -1
151, 205, -1
151, 188, -1
151, 186, -1
151, 192, -1

179, 184, 1
179, 180, 1
179, 182, 1
184, 179, 1
184, 180, 1
184, 182, 1
180, 179, 1
180, 184, 1
180, 182, 1
182, 179, 1
182, 184, 1
182, 180, 1
107, 106, 1
107, 110, 1
107, 109, 1
107, 103, 1
107, 131, 1
107, 70, 1
107, 105, 1
107, 112, 1
107, 129, 1
107, 102, 1
106, 107, 1
106, 110, 1
106, 109, 1
106, 103, 1
106, 131, 1
106, 70, 1
106, 105, 1
106, 112, 1
106, 129, 1
106, 102, 1
110, 107, 1
110, 106, 1
110, 109, 1
110, 103, 1
110, 131, 1
110, 70, 1
110, 105, 1
110, 112, 1
110, 129, 1
110, 102, 1
109, 107, 1
109, 106, 1
109, 110, 1
109, 103, 1
109, 131, 1
109, 70, 1
109, 105, 1
109, 112, 1
109, 129, 1
109, 102, 1
103, 107, 1
103, 106, 1
103, 110, 1
103, 109, 1
103, 131, 1
103, 70, 1
103, 105, 1
103, 112, 1
103, 129, 1
103, 102, 1
131, 107, 1
131, 106, 1
131, 110, 1
131, 109, 1
131, 103, 1
131, 70, 1
131, 105, 1
131, 112, 1
131, 129, 1
131, 102, 1
70, 107, 1
70, 106, 1
70, 110, 1
70, 109, 1
70, 103, 1
70, 131, 1
70, 105, 1
70, 112, 1
70, 129, 1
70, 102, 1
105, 107, 1
105, 106, 1
105, 110, 1
105, 109, 1
105, 103, 1
105, 131, 1
105, 70, 1
105, 112, 1
105, 129, 1
105, 102, 1
112, 107, 1
112, 106, 1
112, 110, 1
112, 109, 1
112, 103, 1
112, 131, 1
112, 70, 1
112, 105, 1
112, 129, 1
112, 102, 1
129, 107, 1
129, 106, 1
129, 110, 1
129, 109, 1
129, 103, 1
129, 131, 1
129, 70, 1
129, 105, 1
129, 112, 1
129, 102, 1
102, 107, 1
102, 106, 1
102, 110, 1
102, 109, 1
102, 103, 1
102, 131, 1
102, 70, 1
102, 105, 1
102, 112, 1
102, 129, 1
171, 163, 1
171, 166, 1
171, 168, 1
171, 174, 1
163, 171, 1
163, 166, 1
163, 168, 1
163, 174, 1
166, 171, 1
166, 163, 1
166, 168, 1
166, 174, 1
168, 171, 1
168, 163, 1
168, 166, 1
168, 174, 1
174, 171, 1
174, 163, 1
174, 166, 1
174, 168, 1
201, 207, 1
201, 185, 1
201, 189, 1
201, 205, 1
201, 188, 1
201, 186, 1
201, 192, 1
207, 201, 1
207, 185, 1
207, 189, 1
207, 205, 1
207, 188, 1
207, 186, 1
207, 192, 1
185, 201, 1
185, 207, 1
185, 189, 1
185, 205, 1
185, 188, 1
185, 186, 1
185, 192, 1
189, 201, 1
189, 207, 1
189, 185, 1
189, 205, 1
189, 188, 1
189, 186, 1
189, 192, 1
205, 201, 1
205, 207, 1
205, 185, 1
205, 189, 1
205, 188, 1
205, 186, 1
205, 192, 1
188, 201, 1
188, 207, 1
188, 185, 1
188, 189, 1
188, 205, 1
188, 186, 1
188, 192, 1
186, 201, 1
186, 207, 1
186, 185, 1
186, 189, 1
186, 205, 1
186, 188, 1
186, 192, 1
192, 201, 1
192, 207, 1
192, 185, 1
192, 189, 1
192, 205, 1
192, 188, 1
192, 186, 1
149, 151, 1
149, 152, 1
151, 149, 1
151, 152, 1
152, 149, 1
152, 151, 1
179, 107, -1
179, 106, -1
179, 110, -1
179, 109, -1
179, 103, -1
179, 131, -1
179, 70, -1
179, 105, -1
179, 112, -1
179, 129, -1
179, 102, -1
184, 107, -1
184, 106, -1
184, 110, -1
184, 109, -1
184, 103, -1
184, 131, -1
184, 70, -1
184, 105, -1
184, 112, -1
184, 129, -1
184, 102, -1
180, 107, -1
180, 106, -1
180, 110, -1
180, 109, -1
180, 103, -1
180, 131, -1
180, 70, -1
180, 105, -1
180, 112, -1
180, 129, -1
180, 102, -1
182, 107, -1
182, 106, -1
182, 110, -1
182, 109, -1
182, 103, -1
182, 131, -1
182, 70, -1
182, 105, -1
182, 112, -1
182, 129, -1
182, 102, -1
179, 171, -1
179, 163, -1
179, 166, -1
179, 168, -1
179, 174, -1
184, 171, -1
184, 163, -1
184, 166, -1
184, 168, -1
184, 174, -1
180, 171, -1
180, 163, -1
180, 166, -1
180, 168, -1
180, 174, -1
182, 171, -1
182, 163, -1
182, 166, -1
182, 168, -1
182, 174, -1
179, 201, -1
179, 207, -1
179, 185, -1
179, 189, -1
179, 205, -1
179, 188, -1
179, 186, -1
179, 192, -1
184, 201, -1
184, 207, -1
184, 185, -1
184, 189, -1
184, 205, -1
184, 188, -1
184, 186, -1
184, 192, -1
180, 201, -1
180, 207, -1
180, 185, -1
180, 189, -1
180, 205, -1
180, 188, -1
180, 186, -1
180, 192, -1
182, 201, -1
182, 207, -1
182, 185, -1
182, 189, -1
182, 205, -1
182, 188, -1
182, 186, -1
182, 192, -1
179, 149, -1
179, 151, -1
179, 152, -1
184, 149, -1
184, 151, -1
184, 152, -1
180, 149, -1
180, 151, -1
180, 152, -1
182, 149, -1
182, 151, -1
182, 152, -1
107, 179, -1
107, 184, -1
107, 180, -1
107, 182, -1
106, 179, -1
106, 184, -1
106, 180, -1
106, 182, -1
110, 179, -1
110, 184, -1
110, 180, -1
110, 182, -1
109, 179, -1
109, 184, -1
109, 180, -1
109, 182, -1
103, 179, -1
103, 184, -1
103, 180, -1
103, 182, -1
131, 179, -1
131, 184, -1
131, 180, -1
131, 182, -1
70, 179, -1
70, 184, -1
70, 180, -1
70, 182, -1
105, 179, -1
105, 184, -1
105, 180, -1
105, 182, -1
112, 179, -1
112, 184, -1
112, 180, -1
112, 182, -1
129, 179, -1
129, 184, -1
129, 180, -1
129, 182, -1
102, 179, -1
102, 184, -1
102, 180, -1
102, 182, -1
107, 171, -1
107, 163, -1
107, 166, -1
107, 168, -1
107, 174, -1
106, 171, -1
106, 163, -1
106, 166, -1
106, 168, -1
106, 174, -1
110, 171, -1
110, 163, -1
110, 166, -1
110, 168, -1
110, 174, -1
109, 171, -1
109, 163, -1
109, 166, -1
109, 168, -1
109, 174, -1
103, 171, -1
103, 163, -1
103, 166, -1
103, 168, -1
103, 174, -1
131, 171, -1
131, 163, -1
131, 166, -1
131, 168, -1
131, 174, -1
70, 171, -1
70, 163, -1
70, 166, -1
70, 168, -1
70, 174, -1
105, 171, -1
105, 163, -1
105, 166, -1
105, 168, -1
105, 174, -1
112, 171, -1
112, 163, -1
112, 166, -1
112, 168, -1
112, 174, -1
129, 171, -1
129, 163, -1
129, 166, -1
129, 168, -1
129, 174, -1
102, 171, -1
102, 163, -1
102, 166, -1
102, 168, -1
102, 174, -1
107, 201, -1
107, 207, -1
107, 185, -1
107, 189, -1
107, 205, -1
107, 188, -1
107, 186, -1
107, 192, -1
106, 201, -1
106, 207, -1
106, 185, -1
106, 189, -1
106, 205, -1
106, 188, -1
106, 186, -1
106, 192, -1
110, 201, -1
110, 207, -1
110, 185, -1
110, 189, -1
110, 205, -1
110, 188, -1
110, 186, -1
110, 192, -1
109, 201, -1
109, 207, -1
109, 185, -1
109, 189, -1
109, 205, -1
109, 188, -1
109, 186, -1
109, 192, -1
103, 201, -1
103, 207, -1
103, 185, -1
103, 189, -1
103, 205, -1
103, 188, -1
103, 186, -1
103, 192, -1
131, 201, -1
131, 207, -1
131, 185, -1
131, 189, -1
131, 205, -1
131, 188, -1
131, 186, -1
131, 192, -1
70, 201, -1
70, 207, -1
70, 185, -1
70, 189, -1
70, 205, -1
70, 188, -1
70, 186, -1
70, 192, -1
105, 201, -1
105, 207, -1
105, 185, -1
105, 189, -1
105, 205, -1
105, 188, -1
105, 186, -1
105, 192, -1
112, 201, -1
112, 207, -1
112, 185, -1
112, 189, -1
112, 205, -1
112, 188, -1
112, 186, -1
112, 192, -1
129, 201, -1
129, 207, -1
129, 185, -1
129, 189, -1
129, 205, -1
129, 188, -1
129, 186, -1
129, 192, -1
102, 201, -1
102, 207, -1
102, 185, -1
102, 189, -1
102, 205, -1
102, 188, -1
102, 186, -1
102, 192, -1
107, 149, -1
107, 151, -1
107, 152, -1
106, 149, -1
106, 151, -1
106, 152, -1
110, 149, -1
110, 151, -1
110, 152, -1
109, 149, -1
109, 151, -1
109, 152, -1
103, 149, -1
103, 151, -1
103, 152, -1
131, 149, -1
131, 151, -1
131, 152, -1
70, 149, -1
70, 151, -1
70, 152, -1
105, 149, -1
105, 151, -1
105, 152, -1
112, 149, -1
112, 151, -1
112, 152, -1
129, 149, -1
129, 151, -1
129, 152, -1
102, 149, -1
102, 151, -1
102, 152, -1
171, 179, -1
171, 184, -1
171, 180, -1
171, 182, -1
163, 179, -1
163, 184, -1
163, 180, -1
163, 182, -1
166, 179, -1
166, 184, -1
166, 180, -1
166, 182, -1
168, 179, -1
168, 184, -1
168, 180, -1
168, 182, -1
174, 179, -1
174, 184, -1
174, 180, -1
174, 182, -1
171, 107, -1
171, 106, -1
171, 110, -1
171, 109, -1
171, 103, -1
171, 131, -1
171, 70, -1
171, 105, -1
171, 112, -1
171, 129, -1
171, 102, -1
163, 107, -1
163, 106, -1
163, 110, -1
163, 109, -1
163, 103, -1
163, 131, -1
163, 70, -1
163, 105, -1
163, 112, -1
163, 129, -1
163, 102, -1
166, 107, -1
166, 106, -1
166, 110, -1
166, 109, -1
166, 103, -1
166, 131, -1
166, 70, -1
166, 105, -1
166, 112, -1
166, 129, -1
166, 102, -1
168, 107, -1
168, 106, -1
168, 110, -1
168, 109, -1
168, 103, -1
168, 131, -1
168, 70, -1
168, 105, -1
168, 112, -1
168, 129, -1
168, 102, -1
174, 107, -1
174, 106, -1
174, 110, -1
174, 109, -1
174, 103, -1
174, 131, -1
174, 70, -1
174, 105, -1
174, 112, -1
174, 129, -1
174, 102, -1
171, 201, -1
171, 207, -1
171, 185, -1
171, 189, -1
171, 205, -1
171, 188, -1
171, 186, -1
171, 192, -1
163, 201, -1
163, 207, -1
163, 185, -1
163, 189, -1
163, 205, -1
163, 188, -1
163, 186, -1
163, 192, -1
166, 201, -1
166, 207, -1
166, 185, -1
166, 189, -1
166, 205, -1
166, 188, -1
166, 186, -1
166, 192, -1
168, 201, -1
168, 207, -1
168, 185, -1
168, 189, -1
168, 205, -1
168, 188, -1
168, 186, -1
168, 192, -1
174, 201, -1
174, 207, -1
174, 185, -1
174, 189, -1
174, 205, -1
174, 188, -1
174, 186, -1
174, 192, -1
171, 149, -1
171, 151, -1
171, 152, -1
163, 149, -1
163, 151, -1
163, 152, -1
166, 149, -1
166, 151, -1
166, 152, -1
168, 149, -1
168, 151, -1
168, 152, -1
174, 149, -1
174, 151, -1
174, 152, -1
201, 179, -1
201, 184, -1
201, 180, -1
201, 182, -1
207, 179, -1
207, 184, -1
207, 180, -1
207, 182, -1
185, 179, -1
185, 184, -1
185, 180, -1
185, 182, -1
189, 179, -1
189, 184, -1
189, 180, -1
189, 182, -1
205, 179, -1
205, 184, -1
205, 180, -1
205, 182, -1
188, 179, -1
188, 184, -1
188, 180, -1
188, 182, -1
186, 179, -1
186, 184, -1
186, 180, -1
186, 182, -1
192, 179, -1
192, 184, -1
192, 180, -1
192, 182, -1
201, 107, -1
201, 106, -1
201, 110, -1
201, 109, -1
201, 103, -1
201, 131, -1
201, 70, -1
201, 105, -1
201, 112, -1
201, 129, -1
201, 102, -1
207, 107, -1
207, 106, -1
207, 110, -1
207, 109, -1
207, 103, -1
207, 131, -1
207, 70, -1
207, 105, -1
207, 112, -1
207, 129, -1
207, 102, -1
185, 107, -1
185, 106, -1
185, 110, -1
185, 109, -1
185, 103, -1
185, 131, -1
185, 70, -1
185, 105, -1
185, 112, -1
185, 129, -1
185, 102, -1
189, 107, -1
189, 106, -1
189, 110, -1
189, 109, -1
189, 103, -1
189, 131, -1
189, 70, -1
189, 105, -1
189, 112, -1
189, 129, -1
189, 102, -1
205, 107, -1
205, 106, -1
205, 110, -1
205, 109, -1
205, 103, -1
205, 131, -1
205, 70, -1
205, 105, -1
205, 112, -1
205, 129, -1
205, 102, -1
188, 107, -1
188, 106, -1
188, 110, -1
188, 109, -1
188, 103, -1
188, 131, -1
188, 70, -1
188, 105, -1
188, 112, -1
188, 129, -1
188, 102, -1
186, 107, -1
186, 106, -1
186, 110, -1
186, 109, -1
186, 103, -1
186, 131, -1
186, 70, -1
186, 105, -1
186, 112, -1
186, 129, -1
186, 102, -1
192, 107, -1
192, 106, -1
192, 110, -1
192, 109, -1
192, 103, -1
192, 131, -1
192, 70, -1
192, 105, -1
192, 112, -1
192, 129, -1
192, 102, -1
201, 171, -1
201, 163, -1
201, 166, -1
201, 168, -1
201, 174, -1
207, 171, -1
207, 163, -1
207, 166, -1
207, 168, -1
207, 174, -1
185, 171, -1
185, 163, -1
185, 166, -1
185, 168, -1
185, 174, -1
189, 171, -1
189, 163, -1
189, 166, -1
189, 168, -1
189, 174, -1
205, 171, -1
205, 163, -1
205, 166, -1
205, 168, -1
205, 174, -1
188, 171, -1
188, 163, -1
188, 166, -1
188, 168, -1
188, 174, -1
186, 171, -1
186, 163, -1
186, 166, -1
186, 168, -1
186, 174, -1
192, 171, -1
192, 163, -1
192, 166, -1
192, 168, -1
192, 174, -1
201, 149, -1
201, 151, -1
201, 152, -1
207, 149, -1
207, 151, -1
207, 152, -1
185, 149, -1
185, 151, -1
185, 152, -1
189, 149, -1
189, 151, -1
189, 152, -1
205, 149, -1
205, 151, -1
205, 152, -1
188, 149, -1
188, 151, -1
188, 152, -1
186, 149, -1
186, 151, -1
186, 152, -1
192, 149, -1
192, 151, -1
192, 152, -1
149, 179, -1
149, 184, -1
149, 180, -1
149, 182, -1
151, 179, -1
151, 184, -1
151, 180, -1
151, 182, -1
152, 179, -1
152, 184, -1
152, 180, -1
152, 182, -1
149, 107, -1
149, 106, -1
149, 110, -1
149, 109, -1
149, 103, -1
149, 131, -1
149, 70, -1
149, 105, -1
149, 112, -1
149, 129, -1
149, 102, -1
151, 107, -1
151, 106, -1
151, 110, -1
151, 109, -1
151, 103, -1
151, 131, -1
151, 70, -1
151, 105, -1
151, 112, -1
151, 129, -1
151, 102, -1
152, 107, -1
152, 106, -1
152, 110, -1
152, 109, -1
152, 103, -1
152, 131, -1
152, 70, -1
152, 105, -1
152, 112, -1
152, 129, -1
152, 102, -1
149, 171, -1
149, 163, -1
149, 166, -1
149, 168, -1
149, 174, -1
151, 171, -1
151, 163, -1
151, 166, -1
151, 168, -1
151, 174, -1
152, 171, -1
152, 163, -1
152, 166, -1
152, 168, -1
152, 174, -1
149, 201, -1
149, 207, -1
149, 185, -1
149, 189, -1
149, 205, -1
149, 188, -1
149, 186, -1
149, 192, -1
151, 201, -1
151, 207, -1
151, 185, -1
151, 189, -1
151, 205, -1
151, 188, -1
151, 186, -1
151, 192, -1
152, 201, -1
152, 207, -1
152, 185, -1
152, 189, -1
152, 205, -1
152, 188, -1
152, 186, -1
152, 192, -1

