39, 171, -1
39, 107, -1
39, 184, -1
39, 201, -1
171, 39, -1
171, 107, -1
171, 184, -1
171, 201, -1
107, 39, -1
107, 171, -1
107, 184, -1
107, 201, -1
184, 39, -1
184, 171, -1
184, 107, -1
184, 201, -1
201, 39, -1
201, 171, -1
201, 107, -1
201, 184, -1

171, 163, 1
163, 171, 1
107, 106, 1
106, 107, 1
201, 209, 1
209, 201, 1
39, 171, -1
39, 163, -1
39, 107, -1
39, 106, -1
39, 184, -1
39, 201, -1
39, 209, -1
171, 39, -1
163, 39, -1
171, 107, -1
171, 106, -1
163, 107, -1
163, 106, -1
171, 184, -1
163, 184, -1
171, 201, -1
171, 209, -1
163, 201, -1
163, 209, -1
107, 39, -1
106, 39, -1
107, 171, -1
107, 163, -1
106, 171, -1
106, 163, -1
107, 184, -1
106, 184, -1
107, 201, -1
107, 209, -1
106, 201, -1
106, 209, -1
184, 39, -1
184, 171, -1
184, 163, -1
184, 107, -1
184, 106, -1
184, 201, -1
184, 209, -1
201, 39, -1
209, 39, -1
201, 171, -1
201, 163, -1
209, 171, -1
209, 163, -1
201, 107, -1
201, 106, -1
209, 107, -1
209, 106, -1
201, 184, -1
209, 184, -1

171, 163, 1
171, 166, 1
163, 171, 1
163, 166, 1
166, 171, 1
166, 163, 1
107, 106, 1
106, 107, 1
201, 209, 1
201, 207, 1
209, 201, 1
209, 207, 1
207, 201, 1
207, 209, 1
39, 171, -1
39, 163, -1
39, 166, -1
39, 107, -1
39, 106, -1
39, 184, -1
39, 201, -1
39, 209, -1
39, 207, -1
171, 39, -1
163, 39, -1
166, 39, -1
171, 107, -1
171, 106, -1
163, 107, -1
163, 106, -1
166, 107, -1
166, 106, -1
171, 184, -1
163, 184, -1
166, 184, -1
171, 201, -1
171, 209, -1
171, 207, -1
163, 201, -1
163, 209, -1
163, 207, -1
166, 201, -1
166, 209, -1
166, 207, -1
107, 39, -1
106, 39, -1
107, 171, -1
107, 163, -1
107, 166, -1
106, 171, -1
106, 163, -1
106, 166, -1
107, 184, -1
106, 184, -1
107, 201, -1
107, 209, -1
107, 207, -1
106, 201, -1
106, 209, -1
106, 207, -1
184, 39, -1
184, 171, -1
184, 163, -1
184, 166, -1
184, 107, -1
184, 106, -1
184, 201, -1
184, 209, -1
184, 207, -1
201, 39, -1
209, 39, -1
207, 39, -1
201, 171, -1
201, 163, -1
201, 166, -1
209, 171, -1
209, 163, -1
209, 166, -1
207, 171, -1
207, 163, -1
207, 166, -1
201, 107, -1
201, 106, -1
209, 107, -1
209, 106, -1
207, 107, -1
207, 106, -1
201, 184, -1
209, 184, -1
207, 184, -1

171, 163, 1
171, 166, 1
163, 171, 1
163, 166, 1
166, 171, 1
166, 163, 1
107, 106, 1
107, 109, 1
106, 107, 1
106, 109, 1
109, 107, 1
109, 106, 1
201, 209, 1
201, 207, 1
201, 185, 1
209, 201, 1
209, 207, 1
209, 185, 1
207, 201, 1
207, 209, 1
207, 185, 1
185, 201, 1
185, 209, 1
185, 207, 1
39, 171, -1
39, 163, -1
39, 166, -1
39, 107, -1
39, 106, -1
39, 109, -1
39, 184, -1
39, 201, -1
39, 209, -1
39, 207, -1
39, 185, -1
171, 39, -1
163, 39, -1
166, 39, -1
171, 107, -1
171, 106, -1
171, 109, -1
163, 107, -1
163, 106, -1
163, 109, -1
166, 107, -1
166, 106, -1
166, 109, -1
171, 184, -1
163, 184, -1
166, 184, -1
171, 201, -1
171, 209, -1
171, 207, -1
171, 185, -1
163, 201, -1
163, 209, -1
163, 207, -1
163, 185, -1
166, 201, -1
166, 209, -1
166, 207, -1
166, 185, -1
107, 39, -1
106, 39, -1
109, 39, -1
107, 171, -1
107, 163, -1
107, 166, -1
106, 171, -1
106, 163, -1
106, 166, -1
109, 171, -1
109, 163, -1
109, 166, -1
107, 184, -1
106, 184, -1
109, 184, -1
107, 201, -1
107, 209, -1
107, 207, -1
107, 185, -1
106, 201, -1
106, 209, -1
106, 207, -1
106, 185, -1
109, 201, -1
109, 209, -1
109, 207, -1
109, 185, -1
184, 39, -1
184, 171, -1
184, 163, -1
184, 166, -1
184, 107, -1
184, 106, -1
184, 109, -1
184, 201, -1
184, 209, -1
184, 207, -1
184, 185, -1
201, 39, -1
209, 39, -1
207, 39, -1
185, 39, -1
201, 171, -1
201, 163, -1
201, 166, -1
209, 171, -1
209, 163, -1
209, 166, -1
207, 171, -1
207, 163, -1
207, 166, -1
185, 171, -1
185, 163, -1
185, 166, -1
201, 107, -1
201, 106, -1
201, 109, -1
209, 107, -1
209, 106, -1
209, 109, -1
207, 107, -1
207, 106, -1
207, 109, -1
185, 107, -1
185, 106, -1
185, 109, -1
201, 184, -1
209, 184, -1
207, 184, -1
185, 184, -1

171, 163, 1
171, 166, 1
163, 171, 1
163, 166, 1
166, 171, 1
166, 163, 1
107, 106, 1
107, 109, 1
107, 110, 1
106, 107, 1
106, 109, 1
106, 110, 1
109, 107, 1
109, 106, 1
109, 110, 1
110, 107, 1
110, 106, 1
110, 109, 1
201, 209, 1
201, 207, 1
201, 185, 1
201, 189, 1
209, 201, 1
209, 207, 1
209, 185, 1
209, 189, 1
207, 201, 1
207, 209, 1
207, 185, 1
207, 189, 1
185, 201, 1
185, 209, 1
185, 207, 1
185, 189, 1
189, 201, 1
189, 209, 1
189, 207, 1
189, 185, 1
39, 171, -1
39, 163, -1
39, 166, -1
39, 107, -1
39, 106, -1
39, 109, -1
39, 110, -1
39, 184, -1
39, 201, -1
39, 209, -1
39, 207, -1
39, 185, -1
39, 189, -1
171, 39, -1
163, 39, -1
166, 39, -1
171, 107, -1
171, 106, -1
171, 109, -1
171, 110, -1
163, 107, -1
163, 106, -1
163, 109, -1
163, 110, -1
166, 107, -1
166, 106, -1
166, 109, -1
166, 110, -1
171, 184, -1
163, 184, -1
166, 184, -1
171, 201, -1
171, 209, -1
171, 207, -1
171, 185, -1
171, 189, -1
163, 201, -1
163, 209, -1
163, 207, -1
163, 185, -1
163, 189, -1
166, 201, -1
166, 209, -1
166, 207, -1
166, 185, -1
166, 189, -1
107, 39, -1
106, 39, -1
109, 39, -1
110, 39, -1
107, 171, -1
107, 163, -1
107, 166, -1
106, 171, -1
106, 163, -1
106, 166, -1
109, 171, -1
109, 163, -1
109, 166, -1
110, 171, -1
110, 163, -1
110, 166, -1
107, 184, -1
106, 184, -1
109, 184, -1
110, 184, -1
107, 201, -1
107, 209, -1
107, 207, -1
107, 185, -1
107, 189, -1
106, 201, -1
106, 209, -1
106, 207, -1
106, 185, -1
106, 189, -1
109, 201, -1
109, 209, -1
109, 207, -1
109, 185, -1
109, 189, -1
110, 201, -1
110, 209, -1
110, 207, -1
110, 185, -1
110, 189, -1
184, 39, -1
184, 171, -1
184, 163, -1
184, 166, -1
184, 107, -1
184, 106, -1
184, 109, -1
184, 110, -1
184, 201, -1
184, 209, -1
184, 207, -1
184, 185, -1
184, 189, -1
201, 39, -1
209, 39, -1
207, 39, -1
185, 39, -1
189, 39, -1
201, 171, -1
201, 163, -1
201, 166, -1
209, 171, -1
209, 163, -1
209, 166, -1
207, 171, -1
207, 163, -1
207, 166, -1
185, 171, -1
185, 163, -1
185, 166, -1
189, 171, -1
189, 163, -1
189, 166, -1
201, 107, -1
201, 106, -1
201, 109, -1
201, 110, -1
209, 107, -1
209, 106, -1
209, 109, -1
209, 110, -1
207, 107, -1
207, 106, -1
207, 109, -1
207, 110, -1
185, 107, -1
185, 106, -1
185, 109, -1
185, 110, -1
189, 107, -1
189, 106, -1
189, 109, -1
189, 110, -1
201, 184, -1
209, 184, -1
207, 184, -1
185, 184, -1
189, 184, -1

171, 163, 1
171, 166, 1
163, 171, 1
163, 166, 1
166, 171, 1
166, 163, 1
107, 106, 1
107, 109, 1
107, 110, 1
107, 131, 1
107, 89, 1
106, 107, 1
106, 109, 1
106, 110, 1
106, 131, 1
106, 89, 1
109, 107, 1
109, 106, 1
109, 110, 1
109, 131, 1
109, 89, 1
110, 107, 1
110, 106, 1
110, 109, 1
110, 131, 1
110, 89, 1
131, 107, 1
131, 106, 1
131, 109, 1
131, 110, 1
131, 89, 1
89, 107, 1
89, 106, 1
89, 109, 1
89, 110, 1
89, 131, 1
184, 180, 1
180, 184, 1
201, 209, 1
201, 207, 1
201, 185, 1
201, 189, 1
209, 201, 1
209, 207, 1
209, 185, 1
209, 189, 1
207, 201, 1
207, 209, 1
207, 185, 1
207, 189, 1
185, 201, 1
185, 209, 1
185, 207, 1
185, 189, 1
189, 201, 1
189, 209, 1
189, 207, 1
189, 185, 1
39, 171, -1
39, 163, -1
39, 166, -1
39, 107, -1
39, 106, -1
39, 109, -1
39, 110, -1
39, 131, -1
39, 89, -1
39, 184, -1
39, 180, -1
39, 201, -1
39, 209, -1
39, 207, -1
39, 185, -1
39, 189, -1
171, 39, -1
163, 39, -1
166, 39, -1
171, 107, -1
171, 106, -1
171, 109, -1
171, 110, -1
171, 131, -1
171, 89, -1
163, 107, -1
163, 106, -1
163, 109, -1
163, 110, -1
163, 131, -1
163, 89, -1
166, 107, -1
166, 106, -1
166, 109, -1
166, 110, -1
166, 131, -1
166, 89, -1
171, 184, -1
171, 180, -1
163, 184, -1
163, 180, -1
166, 184, -1
166, 180, -1
171, 201, -1
171, 209, -1
171, 207, -1
171, 185, -1
171, 189, -1
163, 201, -1
163, 209, -1
163, 207, -1
163, 185, -1
163, 189, -1
166, 201, -1
166, 209, -1
166, 207, -1
166, 185, -1
166, 189, -1
107, 39, -1
106, 39, -1
109, 39, -1
110, 39, -1
131, 39, -1
89, 39, -1
107, 171, -1
107, 163, -1
107, 166, -1
106, 171, -1
106, 163, -1
106, 166, -1
109, 171, -1
109, 163, -1
109, 166, -1
110, 171, -1
110, 163, -1
110, 166, -1
131, 171, -1
131, 163, -1
131, 166, -1
89, 171, -1
89, 163, -1
89, 166, -1
107, 184, -1
107, 180, -1
106, 184, -1
106, 180, -1
109, 184, -1
109, 180, -1
110, 184, -1
110, 180, -1
131, 184, -1
131, 180, -1
89, 184, -1
89, 180, -1
107, 201, -1
107, 209, -1
107, 207, -1
107, 185, -1
107, 189, -1
106, 201, -1
106, 209, -1
106, 207, -1
106, 185, -1
106, 189, -1
109, 201, -1
109, 209, -1
109, 207, -1
109, 185, -1
109, 189, -1
110, 201, -1
110, 209, -1
110, 207, -1
110, 185, -1
110, 189, -1
131, 201, -1
131, 209, -1
131, 207, -1
131, 185, -1
131, 189, -1
89, 201, -1
89, 209, -1
89, 207, -1
89, 185, -1
89, 189, -1
184, 39, -1
180, 39, -1
184, 171, -1
184, 163, -1
184, 166, -1
180, 171, -1
180, 163, -1
180, 166, -1
184, 107, -1
184, 106, -1
184, 109, -1
184, 110, -1
184, 131, -1
184, 89, -1
180, 107, -1
180, 106, -1
180, 109, -1
180, 110, -1
180, 131, -1
180, 89, -1
184, 201, -1
184, 209, -1
184, 207, -1
184, 185, -1
184, 189, -1
180, 201, -1
180, 209, -1
180, 207, -1
180, 185, -1
180, 189, -1
201, 39, -1
209, 39, -1
207, 39, -1
185, 39, -1
189, 39, -1
201, 171, -1
201, 163, -1
201, 166, -1
209, 171, -1
209, 163, -1
209, 166, -1
207, 171, -1
207, 163, -1
207, 166, -1
185, 171, -1
185, 163, -1
185, 166, -1
189, 171, -1
189, 163, -1
189, 166, -1
201, 107, -1
201, 106, -1
201, 109, -1
201, 110, -1
201, 131, -1
201, 89, -1
209, 107, -1
209, 106, -1
209, 109, -1
209, 110, -1
209, 131, -1
209, 89, -1
207, 107, -1
207, 106, -1
207, 109, -1
207, 110, -1
207, 131, -1
207, 89, -1
185, 107, -1
185, 106, -1
185, 109, -1
185, 110, -1
185, 131, -1
185, 89, -1
189, 107, -1
189, 106, -1
189, 109, -1
189, 110, -1
189, 131, -1
189, 89, -1
201, 184, -1
201, 180, -1
209, 184, -1
209, 180, -1
207, 184, -1
207, 180, -1
185, 184, -1
185, 180, -1
189, 184, -1
189, 180, -1

171, 163, 1
171, 166, 1
163, 171, 1
163, 166, 1
166, 171, 1
166, 163, 1
107, 106, 1
107, 109, 1
107, 110, 1
107, 131, 1
107, 89, 1
107, 129, 1
107, 70, 1
107, 103, 1
106, 107, 1
106, 109, 1
106, 110, 1
106, 131, 1
106, 89, 1
106, 129, 1
106, 70, 1
106, 103, 1
109, 107, 1
109, 106, 1
109, 110, 1
109, 131, 1
109, 89, 1
109, 129, 1
109, 70, 1
109, 103, 1
110, 107, 1
110, 106, 1
110, 109, 1
110, 131, 1
110, 89, 1
110, 129, 1
110, 70, 1
110, 103, 1
131, 107, 1
131, 106, 1
131, 109, 1
131, 110, 1
131, 89, 1
131, 129, 1
131, 70, 1
131, 103, 1
89, 107, 1
89, 106, 1
89, 109, 1
89, 110, 1
89, 131, 1
89, 129, 1
89, 70, 1
89, 103, 1
129, 107, 1
129, 106, 1
129, 109, 1
129, 110, 1
129, 131, 1
129, 89, 1
129, 70, 1
129, 103, 1
70, 107, 1
70, 106, 1
70, 109, 1
70, 110, 1
70, 131, 1
70, 89, 1
70, 129, 1
70, 103, 1
103, 107, 1
103, 106, 1
103, 109, 1
103, 110, 1
103, 131, 1
103, 89, 1
103, 129, 1
103, 70, 1
184, 180, 1
180, 184, 1
201, 209, 1
201, 207, 1
201, 185, 1
201, 189, 1
209, 201, 1
209, 207, 1
209, 185, 1
209, 189, 1
207, 201, 1
207, 209, 1
207, 185, 1
207, 189, 1
185, 201, 1
185, 209, 1
185, 207, 1
185, 189, 1
189, 201, 1
189, 209, 1
189, 207, 1
189, 185, 1
39, 171, -1
39, 163, -1
39, 166, -1
39, 107, -1
39, 106, -1
39, 109, -1
39, 110, -1
39, 131, -1
39, 89, -1
39, 129, -1
39, 70, -1
39, 103, -1
39, 184, -1
39, 180, -1
39, 201, -1
39, 209, -1
39, 207, -1
39, 185, -1
39, 189, -1
171, 39, -1
163, 39, -1
166, 39, -1
171, 107, -1
171, 106, -1
171, 109, -1
171, 110, -1
171, 131, -1
171, 89, -1
171, 129, -1
171, 70, -1
171, 103, -1
163, 107, -1
163, 106, -1
163, 109, -1
163, 110, -1
163, 131, -1
163, 89, -1
163, 129, -1
163, 70, -1
163, 103, -1
166, 107, -1
166, 106, -1
166, 109, -1
166, 110, -1
166, 131, -1
166, 89, -1
166, 129, -1
166, 70, -1
166, 103, -1
171, 184, -1
171, 180, -1
163, 184, -1
163, 180, -1
166, 184, -1
166, 180, -1
171, 201, -1
171, 209, -1
171, 207, -1
171, 185, -1
171, 189, -1
163, 201, -1
163, 209, -1
163, 207, -1
163, 185, -1
163, 189, -1
166, 201, -1
166, 209, -1
166, 207, -1
166, 185, -1
166, 189, -1
107, 39, -1
106, 39, -1
109, 39, -1
110, 39, -1
131, 39, -1
89, 39, -1
129, 39, -1
70, 39, -1
103, 39, -1
107, 171, -1
107, 163, -1
107, 166, -1
106, 171, -1
106, 163, -1
106, 166, -1
109, 171, -1
109, 163, -1
109, 166, -1
110, 171, -1
110, 163, -1
110, 166, -1
131, 171, -1
131, 163, -1
131, 166, -1
89, 171, -1
89, 163, -1
89, 166, -1
129, 171, -1
129, 163, -1
129, 166, -1
70, 171, -1
70, 163, -1
70, 166, -1
103, 171, -1
103, 163, -1
103, 166, -1
107, 184, -1
107, 180, -1
106, 184, -1
106, 180, -1
109, 184, -1
109, 180, -1
110, 184, -1
110, 180, -1
131, 184, -1
131, 180, -1
89, 184, -1
89, 180, -1
129, 184, -1
129, 180, -1
70, 184, -1
70, 180, -1
103, 184, -1
103, 180, -1
107, 201, -1
107, 209, -1
107, 207, -1
107, 185, -1
107, 189, -1
106, 201, -1
106, 209, -1
106, 207, -1
106, 185, -1
106, 189, -1
109, 201, -1
109, 209, -1
109, 207, -1
109, 185, -1
109, 189, -1
110, 201, -1
110, 209, -1
110, 207, -1
110, 185, -1
110, 189, -1
131, 201, -1
131, 209, -1
131, 207, -1
131, 185, -1
131, 189, -1
89, 201, -1
89, 209, -1
89, 207, -1
89, 185, -1
89, 189, -1
129, 201, -1
129, 209, -1
129, 207, -1
129, 185, -1
129, 189, -1
70, 201, -1
70, 209, -1
70, 207, -1
70, 185, -1
70, 189, -1
103, 201, -1
103, 209, -1
103, 207, -1
103, 185, -1
103, 189, -1
184, 39, -1
180, 39, -1
184, 171, -1
184, 163, -1
184, 166, -1
180, 171, -1
180, 163, -1
180, 166, -1
184, 107, -1
184, 106, -1
184, 109, -1
184, 110, -1
184, 131, -1
184, 89, -1
184, 129, -1
184, 70, -1
184, 103, -1
180, 107, -1
180, 106, -1
180, 109, -1
180, 110, -1
180, 131, -1
180, 89, -1
180, 129, -1
180, 70, -1
180, 103, -1
184, 201, -1
184, 209, -1
184, 207, -1
184, 185, -1
184, 189, -1
180, 201, -1
180, 209, -1
180, 207, -1
180, 185, -1
180, 189, -1
201, 39, -1
209, 39, -1
207, 39, -1
185, 39, -1
189, 39, -1
201, 171, -1
201, 163, -1
201, 166, -1
209, 171, -1
209, 163, -1
209, 166, -1
207, 171, -1
207, 163, -1
207, 166, -1
185, 171, -1
185, 163, -1
185, 166, -1
189, 171, -1
189, 163, -1
189, 166, -1
201, 107, -1
201, 106, -1
201, 109, -1
201, 110, -1
201, 131, -1
201, 89, -1
201, 129, -1
201, 70, -1
201, 103, -1
209, 107, -1
209, 106, -1
209, 109, -1
209, 110, -1
209, 131, -1
209, 89, -1
209, 129, -1
209, 70, -1
209, 103, -1
207, 107, -1
207, 106, -1
207, 109, -1
207, 110, -1
207, 131, -1
207, 89, -1
207, 129, -1
207, 70, -1
207, 103, -1
185, 107, -1
185, 106, -1
185, 109, -1
185, 110, -1
185, 131, -1
185, 89, -1
185, 129, -1
185, 70, -1
185, 103, -1
189, 107, -1
189, 106, -1
189, 109, -1
189, 110, -1
189, 131, -1
189, 89, -1
189, 129, -1
189, 70, -1
189, 103, -1
201, 184, -1
201, 180, -1
209, 184, -1
209, 180, -1
207, 184, -1
207, 180, -1
185, 184, -1
185, 180, -1
189, 184, -1
189, 180, -1

171, 163, 1
171, 166, 1
171, 168, 1
163, 171, 1
163, 166, 1
163, 168, 1
166, 171, 1
166, 163, 1
166, 168, 1
168, 171, 1
168, 163, 1
168, 166, 1
107, 106, 1
107, 109, 1
107, 110, 1
107, 131, 1
107, 89, 1
107, 129, 1
107, 70, 1
107, 103, 1
107, 105, 1
106, 107, 1
106, 109, 1
106, 110, 1
106, 131, 1
106, 89, 1
106, 129, 1
106, 70, 1
106, 103, 1
106, 105, 1
109, 107, 1
109, 106, 1
109, 110, 1
109, 131, 1
109, 89, 1
109, 129, 1
109, 70, 1
109, 103, 1
109, 105, 1
110, 107, 1
110, 106, 1
110, 109, 1
110, 131, 1
110, 89, 1
110, 129, 1
110, 70, 1
110, 103, 1
110, 105, 1
131, 107, 1
131, 106, 1
131, 109, 1
131, 110, 1
131, 89, 1
131, 129, 1
131, 70, 1
131, 103, 1
131, 105, 1
89, 107, 1
89, 106, 1
89, 109, 1
89, 110, 1
89, 131, 1
89, 129, 1
89, 70, 1
89, 103, 1
89, 105, 1
129, 107, 1
129, 106, 1
129, 109, 1
129, 110, 1
129, 131, 1
129, 89, 1
129, 70, 1
129, 103, 1
129, 105, 1
70, 107, 1
70, 106, 1
70, 109, 1
70, 110, 1
70, 131, 1
70, 89, 1
70, 129, 1
70, 103, 1
70, 105, 1
103, 107, 1
103, 106, 1
103, 109, 1
103, 110, 1
103, 131, 1
103, 89, 1
103, 129, 1
103, 70, 1
103, 105, 1
105, 107, 1
105, 106, 1
105, 109, 1
105, 110, 1
105, 131, 1
105, 89, 1
105, 129, 1
105, 70, 1
105, 103, 1
184, 180, 1
180, 184, 1
201, 209, 1
201, 207, 1
201, 185, 1
201, 189, 1
201, 188, 1
209, 201, 1
209, 207, 1
209, 185, 1
209, 189, 1
209, 188, 1
207, 201, 1
207, 209, 1
207, 185, 1
207, 189, 1
207, 188, 1
185, 201, 1
185, 209, 1
185, 207, 1
185, 189, 1
185, 188, 1
189, 201, 1
189, 209, 1
189, 207, 1
189, 185, 1
189, 188, 1
188, 201, 1
188, 209, 1
188, 207, 1
188, 185, 1
188, 189, 1
39, 171, -1
39, 163, -1
39, 166, -1
39, 168, -1
39, 107, -1
39, 106, -1
39, 109, -1
39, 110, -1
39, 131, -1
39, 89, -1
39, 129, -1
39, 70, -1
39, 103, -1
39, 105, -1
39, 184, -1
39, 180, -1
39, 201, -1
39, 209, -1
39, 207, -1
39, 185, -1
39, 189, -1
39, 188, -1
171, 39, -1
163, 39, -1
166, 39, -1
168, 39, -1
171, 107, -1
171, 106, -1
171, 109, -1
171, 110, -1
171, 131, -1
171, 89, -1
171, 129, -1
171, 70, -1
171, 103, -1
171, 105, -1
163, 107, -1
163, 106, -1
163, 109, -1
163, 110, -1
163, 131, -1
163, 89, -1
163, 129, -1
163, 70, -1
163, 103, -1
163, 105, -1
166, 107, -1
166, 106, -1
166, 109, -1
166, 110, -1
166, 131, -1
166, 89, -1
166, 129, -1
166, 70, -1
166, 103, -1
166, 105, -1
168, 107, -1
168, 106, -1
168, 109, -1
168, 110, -1
168, 131, -1
168, 89, -1
168, 129, -1
168, 70, -1
168, 103, -1
168, 105, -1
171, 184, -1
171, 180, -1
163, 184, -1
163, 180, -1
166, 184, -1
166, 180, -1
168, 184, -1
168, 180, -1
171, 201, -1
171, 209, -1
171, 207, -1
171, 185, -1
171, 189, -1
171, 188, -1
163, 201, -1
163, 209, -1
163, 207, -1
163, 185, -1
163, 189, -1
163, 188, -1
166, 201, -1
166, 209, -1
166, 207, -1
166, 185, -1
166, 189, -1
166, 188, -1
168, 201, -1
168, 209, -1
168, 207, -1
168, 185, -1
168, 189, -1
168, 188, -1
107, 39, -1
106, 39, -1
109, 39, -1
110, 39, -1
131, 39, -1
89, 39, -1
129, 39, -1
70, 39, -1
103, 39, -1
105, 39, -1
107, 171, -1
107, 163, -1
107, 166, -1
107, 168, -1
106, 171, -1
106, 163, -1
106, 166, -1
106, 168, -1
109, 171, -1
109, 163, -1
109, 166, -1
109, 168, -1
110, 171, -1
110, 163, -1
110, 166, -1
110, 168, -1
131, 171, -1
131, 163, -1
131, 166, -1
131, 168, -1
89, 171, -1
89, 163, -1
89, 166, -1
89, 168, -1
129, 171, -1
129, 163, -1
129, 166, -1
129, 168, -1
70, 171, -1
70, 163, -1
70, 166, -1
70, 168, -1
103, 171, -1
103, 163, -1
103, 166, -1
103, 168, -1
105, 171, -1
105, 163, -1
105, 166, -1
105, 168, -1
107, 184, -1
107, 180, -1
106, 184, -1
106, 180, -1
109, 184, -1
109, 180, -1
110, 184, -1
110, 180, -1
131, 184, -1
131, 180, -1
89, 184, -1
89, 180, -1
129, 184, -1
129, 180, -1
70, 184, -1
70, 180, -1
103, 184, -1
103, 180, -1
105, 184, -1
105, 180, -1
107, 201, -1
107, 209, -1
107, 207, -1
107, 185, -1
107, 189, -1
107, 188, -1
106, 201, -1
106, 209, -1
106, 207, -1
106, 185, -1
106, 189, -1
106, 188, -1
109, 201, -1
109, 209, -1
109, 207, -1
109, 185, -1
109, 189, -1
109, 188, -1
110, 201, -1
110, 209, -1
110, 207, -1
110, 185, -1
110, 189, -1
110, 188, -1
131, 201, -1
131, 209, -1
131, 207, -1
131, 185, -1
131, 189, -1
131, 188, -1
89, 201, -1
89, 209, -1
89, 207, -1
89, 185, -1
89, 189, -1
89, 188, -1
129, 201, -1
129, 209, -1
129, 207, -1
129, 185, -1
129, 189, -1
129, 188, -1
70, 201, -1
70, 209, -1
70, 207, -1
70, 185, -1
70, 189, -1
70, 188, -1
103, 201, -1
103, 209, -1
103, 207, -1
103, 185, -1
103, 189, -1
103, 188, -1
105, 201, -1
105, 209, -1
105, 207, -1
105, 185, -1
105, 189, -1
105, 188, -1
184, 39, -1
180, 39, -1
184, 171, -1
184, 163, -1
184, 166, -1
184, 168, -1
180, 171, -1
180, 163, -1
180, 166, -1
180, 168, -1
184, 107, -1
184, 106, -1
184, 109, -1
184, 110, -1
184, 131, -1
184, 89, -1
184, 129, -1
184, 70, -1
184, 103, -1
184, 105, -1
180, 107, -1
180, 106, -1
180, 109, -1
180, 110, -1
180, 131, -1
180, 89, -1
180, 129, -1
180, 70, -1
180, 103, -1
180, 105, -1
184, 201, -1
184, 209, -1
184, 207, -1
184, 185, -1
184, 189, -1
184, 188, -1
180, 201, -1
180, 209, -1
180, 207, -1
180, 185, -1
180, 189, -1
180, 188, -1
201, 39, -1
209, 39, -1
207, 39, -1
185, 39, -1
189, 39, -1
188, 39, -1
201, 171, -1
201, 163, -1
201, 166, -1
201, 168, -1
209, 171, -1
209, 163, -1
209, 166, -1
209, 168, -1
207, 171, -1
207, 163, -1
207, 166, -1
207, 168, -1
185, 171, -1
185, 163, -1
185, 166, -1
185, 168, -1
189, 171, -1
189, 163, -1
189, 166, -1
189, 168, -1
188, 171, -1
188, 163, -1
188, 166, -1
188, 168, -1
201, 107, -1
201, 106, -1
201, 109, -1
201, 110, -1
201, 131, -1
201, 89, -1
201, 129, -1
201, 70, -1
201, 103, -1
201, 105, -1
209, 107, -1
209, 106, -1
209, 109, -1
209, 110, -1
209, 131, -1
209, 89, -1
209, 129, -1
209, 70, -1
209, 103, -1
209, 105, -1
207, 107, -1
207, 106, -1
207, 109, -1
207, 110, -1
207, 131, -1
207, 89, -1
207, 129, -1
207, 70, -1
207, 103, -1
207, 105, -1
185, 107, -1
185, 106, -1
185, 109, -1
185, 110, -1
185, 131, -1
185, 89, -1
185, 129, -1
185, 70, -1
185, 103, -1
185, 105, -1
189, 107, -1
189, 106, -1
189, 109, -1
189, 110, -1
189, 131, -1
189, 89, -1
189, 129, -1
189, 70, -1
189, 103, -1
189, 105, -1
188, 107, -1
188, 106, -1
188, 109, -1
188, 110, -1
188, 131, -1
188, 89, -1
188, 129, -1
188, 70, -1
188, 103, -1
188, 105, -1
201, 184, -1
201, 180, -1
209, 184, -1
209, 180, -1
207, 184, -1
207, 180, -1
185, 184, -1
185, 180, -1
189, 184, -1
189, 180, -1
188, 184, -1
188, 180, -1

171, 163, 1
171, 166, 1
171, 168, 1
163, 171, 1
163, 166, 1
163, 168, 1
166, 171, 1
166, 163, 1
166, 168, 1
168, 171, 1
168, 163, 1
168, 166, 1
107, 106, 1
107, 109, 1
107, 110, 1
107, 131, 1
107, 89, 1
107, 129, 1
107, 70, 1
107, 103, 1
107, 105, 1
107, 108, 1
106, 107, 1
106, 109, 1
106, 110, 1
106, 131, 1
106, 89, 1
106, 129, 1
106, 70, 1
106, 103, 1
106, 105, 1
106, 108, 1
109, 107, 1
109, 106, 1
109, 110, 1
109, 131, 1
109, 89, 1
109, 129, 1
109, 70, 1
109, 103, 1
109, 105, 1
109, 108, 1
110, 107, 1
110, 106, 1
110, 109, 1
110, 131, 1
110, 89, 1
110, 129, 1
110, 70, 1
110, 103, 1
110, 105, 1
110, 108, 1
131, 107, 1
131, 106, 1
131, 109, 1
131, 110, 1
131, 89, 1
131, 129, 1
131, 70, 1
131, 103, 1
131, 105, 1
131, 108, 1
89, 107, 1
89, 106, 1
89, 109, 1
89, 110, 1
89, 131, 1
89, 129, 1
89, 70, 1
89, 103, 1
89, 105, 1
89, 108, 1
129, 107, 1
129, 106, 1
129, 109, 1
129, 110, 1
129, 131, 1
129, 89, 1
129, 70, 1
129, 103, 1
129, 105, 1
129, 108, 1
70, 107, 1
70, 106, 1
70, 109, 1
70, 110, 1
70, 131, 1
70, 89, 1
70, 129, 1
70, 103, 1
70, 105, 1
70, 108, 1
103, 107, 1
103, 106, 1
103, 109, 1
103, 110, 1
103, 131, 1
103, 89, 1
103, 129, 1
103, 70, 1
103, 105, 1
103, 108, 1
105, 107, 1
105, 106, 1
105, 109, 1
105, 110, 1
105, 131, 1
105, 89, 1
105, 129, 1
105, 70, 1
105, 103, 1
105, 108, 1
108, 107, 1
108, 106, 1
108, 109, 1
108, 110, 1
108, 131, 1
108, 89, 1
108, 129, 1
108, 70, 1
108, 103, 1
108, 105, 1
184, 180, 1
180, 184, 1
201, 209, 1
201, 207, 1
201, 185, 1
201, 189, 1
201, 188, 1
201, 190, 1
209, 201, 1
209, 207, 1
209, 185, 1
209, 189, 1
209, 188, 1
209, 190, 1
207, 201, 1
207, 209, 1
207, 185, 1
207, 189, 1
207, 188, 1
207, 190, 1
185, 201, 1
185, 209, 1
185, 207, 1
185, 189, 1
185, 188, 1
185, 190, 1
189, 201, 1
189, 209, 1
189, 207, 1
189, 185, 1
189, 188, 1
189, 190, 1
188, 201, 1
188, 209, 1
188, 207, 1
188, 185, 1
188, 189, 1
188, 190, 1
190, 201, 1
190, 209, 1
190, 207, 1
190, 185, 1
190, 189, 1
190, 188, 1
39, 171, -1
39, 163, -1
39, 166, -1
39, 168, -1
39, 107, -1
39, 106, -1
39, 109, -1
39, 110, -1
39, 131, -1
39, 89, -1
39, 129, -1
39, 70, -1
39, 103, -1
39, 105, -1
39, 108, -1
39, 184, -1
39, 180, -1
39, 201, -1
39, 209, -1
39, 207, -1
39, 185, -1
39, 189, -1
39, 188, -1
39, 190, -1
171, 39, -1
163, 39, -1
166, 39, -1
168, 39, -1
171, 107, -1
171, 106, -1
171, 109, -1
171, 110, -1
171, 131, -1
171, 89, -1
171, 129, -1
171, 70, -1
171, 103, -1
171, 105, -1
171, 108, -1
163, 107, -1
163, 106, -1
163, 109, -1
163, 110, -1
163, 131, -1
163, 89, -1
163, 129, -1
163, 70, -1
163, 103, -1
163, 105, -1
163, 108, -1
166, 107, -1
166, 106, -1
166, 109, -1
166, 110, -1
166, 131, -1
166, 89, -1
166, 129, -1
166, 70, -1
166, 103, -1
166, 105, -1
166, 108, -1
168, 107, -1
168, 106, -1
168, 109, -1
168, 110, -1
168, 131, -1
168, 89, -1
168, 129, -1
168, 70, -1
168, 103, -1
168, 105, -1
168, 108, -1
171, 184, -1
171, 180, -1
163, 184, -1
163, 180, -1
166, 184, -1
166, 180, -1
168, 184, -1
168, 180, -1
171, 201, -1
171, 209, -1
171, 207, -1
171, 185, -1
171, 189, -1
171, 188, -1
171, 190, -1
163, 201, -1
163, 209, -1
163, 207, -1
163, 185, -1
163, 189, -1
163, 188, -1
163, 190, -1
166, 201, -1
166, 209, -1
166, 207, -1
166, 185, -1
166, 189, -1
166, 188, -1
166, 190, -1
168, 201, -1
168, 209, -1
168, 207, -1
168, 185, -1
168, 189, -1
168, 188, -1
168, 190, -1
107, 39, -1
106, 39, -1
109, 39, -1
110, 39, -1
131, 39, -1
89, 39, -1
129, 39, -1
70, 39, -1
103, 39, -1
105, 39, -1
108, 39, -1
107, 171, -1
107, 163, -1
107, 166, -1
107, 168, -1
106, 171, -1
106, 163, -1
106, 166, -1
106, 168, -1
109, 171, -1
109, 163, -1
109, 166, -1
109, 168, -1
110, 171, -1
110, 163, -1
110, 166, -1
110, 168, -1
131, 171, -1
131, 163, -1
131, 166, -1
131, 168, -1
89, 171, -1
89, 163, -1
89, 166, -1
89, 168, -1
129, 171, -1
129, 163, -1
129, 166, -1
129, 168, -1
70, 171, -1
70, 163, -1
70, 166, -1
70, 168, -1
103, 171, -1
103, 163, -1
103, 166, -1
103, 168, -1
105, 171, -1
105, 163, -1
105, 166, -1
105, 168, -1
108, 171, -1
108, 163, -1
108, 166, -1
108, 168, -1
107, 184, -1
107, 180, -1
106, 184, -1
106, 180, -1
109, 184, -1
109, 180, -1
110, 184, -1
110, 180, -1
131, 184, -1
131, 180, -1
89, 184, -1
89, 180, -1
129, 184, -1
129, 180, -1
70, 184, -1
70, 180, -1
103, 184, -1
103, 180, -1
105, 184, -1
105, 180, -1
108, 184, -1
108, 180, -1
107, 201, -1
107, 209, -1
107, 207, -1
107, 185, -1
107, 189, -1
107, 188, -1
107, 190, -1
106, 201, -1
106, 209, -1
106, 207, -1
106, 185, -1
106, 189, -1
106, 188, -1
106, 190, -1
109, 201, -1
109, 209, -1
109, 207, -1
109, 185, -1
109, 189, -1
109, 188, -1
109, 190, -1
110, 201, -1
110, 209, -1
110, 207, -1
110, 185, -1
110, 189, -1
110, 188, -1
110, 190, -1
131, 201, -1
131, 209, -1
131, 207, -1
131, 185, -1
131, 189, -1
131, 188, -1
131, 190, -1
89, 201, -1
89, 209, -1
89, 207, -1
89, 185, -1
89, 189, -1
89, 188, -1
89, 190, -1
129, 201, -1
129, 209, -1
129, 207, -1
129, 185, -1
129, 189, -1
129, 188, -1
129, 190, -1
70, 201, -1
70, 209, -1
70, 207, -1
70, 185, -1
70, 189, -1
70, 188, -1
70, 190, -1
103, 201, -1
103, 209, -1
103, 207, -1
103, 185, -1
103, 189, -1
103, 188, -1
103, 190, -1
105, 201, -1
105, 209, -1
105, 207, -1
105, 185, -1
105, 189, -1
105, 188, -1
105, 190, -1
108, 201, -1
108, 209, -1
108, 207, -1
108, 185, -1
108, 189, -1
108, 188, -1
108, 190, -1
184, 39, -1
180, 39, -1
184, 171, -1
184, 163, -1
184, 166, -1
184, 168, -1
180, 171, -1
180, 163, -1
180, 166, -1
180, 168, -1
184, 107, -1
184, 106, -1
184, 109, -1
184, 110, -1
184, 131, -1
184, 89, -1
184, 129, -1
184, 70, -1
184, 103, -1
184, 105, -1
184, 108, -1
180, 107, -1
180, 106, -1
180, 109, -1
180, 110, -1
180, 131, -1
180, 89, -1
180, 129, -1
180, 70, -1
180, 103, -1
180, 105, -1
180, 108, -1
184, 201, -1
184, 209, -1
184, 207, -1
184, 185, -1
184, 189, -1
184, 188, -1
184, 190, -1
180, 201, -1
180, 209, -1
180, 207, -1
180, 185, -1
180, 189, -1
180, 188, -1
180, 190, -1
201, 39, -1
209, 39, -1
207, 39, -1
185, 39, -1
189, 39, -1
188, 39, -1
190, 39, -1
201, 171, -1
201, 163, -1
201, 166, -1
201, 168, -1
209, 171, -1
209, 163, -1
209, 166, -1
209, 168, -1
207, 171, -1
207, 163, -1
207, 166, -1
207, 168, -1
185, 171, -1
185, 163, -1
185, 166, -1
185, 168, -1
189, 171, -1
189, 163, -1
189, 166, -1
189, 168, -1
188, 171, -1
188, 163, -1
188, 166, -1
188, 168, -1
190, 171, -1
190, 163, -1
190, 166, -1
190, 168, -1
201, 107, -1
201, 106, -1
201, 109, -1
201, 110, -1
201, 131, -1
201, 89, -1
201, 129, -1
201, 70, -1
201, 103, -1
201, 105, -1
201, 108, -1
209, 107, -1
209, 106, -1
209, 109, -1
209, 110, -1
209, 131, -1
209, 89, -1
209, 129, -1
209, 70, -1
209, 103, -1
209, 105, -1
209, 108, -1
207, 107, -1
207, 106, -1
207, 109, -1
207, 110, -1
207, 131, -1
207, 89, -1
207, 129, -1
207, 70, -1
207, 103, -1
207, 105, -1
207, 108, -1
185, 107, -1
185, 106, -1
185, 109, -1
185, 110, -1
185, 131, -1
185, 89, -1
185, 129, -1
185, 70, -1
185, 103, -1
185, 105, -1
185, 108, -1
189, 107, -1
189, 106, -1
189, 109, -1
189, 110, -1
189, 131, -1
189, 89, -1
189, 129, -1
189, 70, -1
189, 103, -1
189, 105, -1
189, 108, -1
188, 107, -1
188, 106, -1
188, 109, -1
188, 110, -1
188, 131, -1
188, 89, -1
188, 129, -1
188, 70, -1
188, 103, -1
188, 105, -1
188, 108, -1
190, 107, -1
190, 106, -1
190, 109, -1
190, 110, -1
190, 131, -1
190, 89, -1
190, 129, -1
190, 70, -1
190, 103, -1
190, 105, -1
190, 108, -1
201, 184, -1
201, 180, -1
209, 184, -1
209, 180, -1
207, 184, -1
207, 180, -1
185, 184, -1
185, 180, -1
189, 184, -1
189, 180, -1
188, 184, -1
188, 180, -1
190, 184, -1
190, 180, -1

171, 163, 1
171, 166, 1
171, 168, 1
163, 171, 1
163, 166, 1
163, 168, 1
166, 171, 1
166, 163, 1
166, 168, 1
168, 171, 1
168, 163, 1
168, 166, 1
107, 106, 1
107, 109, 1
107, 110, 1
107, 131, 1
107, 89, 1
107, 129, 1
107, 70, 1
107, 103, 1
107, 105, 1
107, 108, 1
107, 102, 1
106, 107, 1
106, 109, 1
106, 110, 1
106, 131, 1
106, 89, 1
106, 129, 1
106, 70, 1
106, 103, 1
106, 105, 1
106, 108, 1
106, 102, 1
109, 107, 1
109, 106, 1
109, 110, 1
109, 131, 1
109, 89, 1
109, 129, 1
109, 70, 1
109, 103, 1
109, 105, 1
109, 108, 1
109, 102, 1
110, 107, 1
110, 106, 1
110, 109, 1
110, 131, 1
110, 89, 1
110, 129, 1
110, 70, 1
110, 103, 1
110, 105, 1
110, 108, 1
110, 102, 1
131, 107, 1
131, 106, 1
131, 109, 1
131, 110, 1
131, 89, 1
131, 129, 1
131, 70, 1
131, 103, 1
131, 105, 1
131, 108, 1
131, 102, 1
89, 107, 1
89, 106, 1
89, 109, 1
89, 110, 1
89, 131, 1
89, 129, 1
89, 70, 1
89, 103, 1
89, 105, 1
89, 108, 1
89, 102, 1
129, 107, 1
129, 106, 1
129, 109, 1
129, 110, 1
129, 131, 1
129, 89, 1
129, 70, 1
129, 103, 1
129, 105, 1
129, 108, 1
129, 102, 1
70, 107, 1
70, 106, 1
70, 109, 1
70, 110, 1
70, 131, 1
70, 89, 1
70, 129, 1
70, 103, 1
70, 105, 1
70, 108, 1
70, 102, 1
103, 107, 1
103, 106, 1
103, 109, 1
103, 110, 1
103, 131, 1
103, 89, 1
103, 129, 1
103, 70, 1
103, 105, 1
103, 108, 1
103, 102, 1
105, 107, 1
105, 106, 1
105, 109, 1
105, 110, 1
105, 131, 1
105, 89, 1
105, 129, 1
105, 70, 1
105, 103, 1
105, 108, 1
105, 102, 1
108, 107, 1
108, 106, 1
108, 109, 1
108, 110, 1
108, 131, 1
108, 89, 1
108, 129, 1
108, 70, 1
108, 103, 1
108, 105, 1
108, 102, 1
102, 107, 1
102, 106, 1
102, 109, 1
102, 110, 1
102, 131, 1
102, 89, 1
102, 129, 1
102, 70, 1
102, 103, 1
102, 105, 1
102, 108, 1
184, 180, 1
180, 184, 1
201, 209, 1
201, 207, 1
201, 185, 1
201, 189, 1
201, 188, 1
201, 190, 1
201, 186, 1
209, 201, 1
209, 207, 1
209, 185, 1
209, 189, 1
209, 188, 1
209, 190, 1
209, 186, 1
207, 201, 1
207, 209, 1
207, 185, 1
207, 189, 1
207, 188, 1
207, 190, 1
207, 186, 1
185, 201, 1
185, 209, 1
185, 207, 1
185, 189, 1
185, 188, 1
185, 190, 1
185, 186, 1
189, 201, 1
189, 209, 1
189, 207, 1
189, 185, 1
189, 188, 1
189, 190, 1
189, 186, 1
188, 201, 1
188, 209, 1
188, 207, 1
188, 185, 1
188, 189, 1
188, 190, 1
188, 186, 1
190, 201, 1
190, 209, 1
190, 207, 1
190, 185, 1
190, 189, 1
190, 188, 1
190, 186, 1
186, 201, 1
186, 209, 1
186, 207, 1
186, 185, 1
186, 189, 1
186, 188, 1
186, 190, 1
39, 171, -1
39, 163, -1
39, 166, -1
39, 168, -1
39, 107, -1
39, 106, -1
39, 109, -1
39, 110, -1
39, 131, -1
39, 89, -1
39, 129, -1
39, 70, -1
39, 103, -1
39, 105, -1
39, 108, -1
39, 102, -1
39, 184, -1
39, 180, -1
39, 201, -1
39, 209, -1
39, 207, -1
39, 185, -1
39, 189, -1
39, 188, -1
39, 190, -1
39, 186, -1
171, 39, -1
163, 39, -1
166, 39, -1
168, 39, -1
171, 107, -1
171, 106, -1
171, 109, -1
171, 110, -1
171, 131, -1
171, 89, -1
171, 129, -1
171, 70, -1
171, 103, -1
171, 105, -1
171, 108, -1
171, 102, -1
163, 107, -1
163, 106, -1
163, 109, -1
163, 110, -1
163, 131, -1
163, 89, -1
163, 129, -1
163, 70, -1
163, 103, -1
163, 105, -1
163, 108, -1
163, 102, -1
166, 107, -1
166, 106, -1
166, 109, -1
166, 110, -1
166, 131, -1
166, 89, -1
166, 129, -1
166, 70, -1
166, 103, -1
166, 105, -1
166, 108, -1
166, 102, -1
168, 107, -1
168, 106, -1
168, 109, -1
168, 110, -1
168, 131, -1
168, 89, -1
168, 129, -1
168, 70, -1
168, 103, -1
168, 105, -1
168, 108, -1
168, 102, -1
171, 184, -1
171, 180, -1
163, 184, -1
163, 180, -1
166, 184, -1
166, 180, -1
168, 184, -1
168, 180, -1
171, 201, -1
171, 209, -1
171, 207, -1
171, 185, -1
171, 189, -1
171, 188, -1
171, 190, -1
171, 186, -1
163, 201, -1
163, 209, -1
163, 207, -1
163, 185, -1
163, 189, -1
163, 188, -1
163, 190, -1
163, 186, -1
166, 201, -1
166, 209, -1
166, 207, -1
166, 185, -1
166, 189, -1
166, 188, -1
166, 190, -1
166, 186, -1
168, 201, -1
168, 209, -1
168, 207, -1
168, 185, -1
168, 189, -1
168, 188, -1
168, 190, -1
168, 186, -1
107, 39, -1
106, 39, -1
109, 39, -1
110, 39, -1
131, 39, -1
89, 39, -1
129, 39, -1
70, 39, -1
103, 39, -1
105, 39, -1
108, 39, -1
102, 39, -1
107, 171, -1
107, 163, -1
107, 166, -1
107, 168, -1
106, 171, -1
106, 163, -1
106, 166, -1
106, 168, -1
109, 171, -1
109, 163, -1
109, 166, -1
109, 168, -1
110, 171, -1
110, 163, -1
110, 166, -1
110, 168, -1
131, 171, -1
131, 163, -1
131, 166, -1
131, 168, -1
89, 171, -1
89, 163, -1
89, 166, -1
89, 168, -1
129, 171, -1
129, 163, -1
129, 166, -1
129, 168, -1
70, 171, -1
70, 163, -1
70, 166, -1
70, 168, -1
103, 171, -1
103, 163, -1
103, 166, -1
103, 168, -1
105, 171, -1
105, 163, -1
105, 166, -1
105, 168, -1
108, 171, -1
108, 163, -1
108, 166, -1
108, 168, -1
102, 171, -1
102, 163, -1
102, 166, -1
102, 168, -1
107, 184, -1
107, 180, -1
106, 184, -1
106, 180, -1
109, 184, -1
109, 180, -1
110, 184, -1
110, 180, -1
131, 184, -1
131, 180, -1
89, 184, -1
89, 180, -1
129, 184, -1
129, 180, -1
70, 184, -1
70, 180, -1
103, 184, -1
103, 180, -1
105, 184, -1
105, 180, -1
108, 184, -1
108, 180, -1
102, 184, -1
102, 180, -1
107, 201, -1
107, 209, -1
107, 207, -1
107, 185, -1
107, 189, -1
107, 188, -1
107, 190, -1
107, 186, -1
106, 201, -1
106, 209, -1
106, 207, -1
106, 185, -1
106, 189, -1
106, 188, -1
106, 190, -1
106, 186, -1
109, 201, -1
109, 209, -1
109, 207, -1
109, 185, -1
109, 189, -1
109, 188, -1
109, 190, -1
109, 186, -1
110, 201, -1
110, 209, -1
110, 207, -1
110, 185, -1
110, 189, -1
110, 188, -1
110, 190, -1
110, 186, -1
131, 201, -1
131, 209, -1
131, 207, -1
131, 185, -1
131, 189, -1
131, 188, -1
131, 190, -1
131, 186, -1
89, 201, -1
89, 209, -1
89, 207, -1
89, 185, -1
89, 189, -1
89, 188, -1
89, 190, -1
89, 186, -1
129, 201, -1
129, 209, -1
129, 207, -1
129, 185, -1
129, 189, -1
129, 188, -1
129, 190, -1
129, 186, -1
70, 201, -1
70, 209, -1
70, 207, -1
70, 185, -1
70, 189, -1
70, 188, -1
70, 190, -1
70, 186, -1
103, 201, -1
103, 209, -1
103, 207, -1
103, 185, -1
103, 189, -1
103, 188, -1
103, 190, -1
103, 186, -1
105, 201, -1
105, 209, -1
105, 207, -1
105, 185, -1
105, 189, -1
105, 188, -1
105, 190, -1
105, 186, -1
108, 201, -1
108, 209, -1
108, 207, -1
108, 185, -1
108, 189, -1
108, 188, -1
108, 190, -1
108, 186, -1
102, 201, -1
102, 209, -1
102, 207, -1
102, 185, -1
102, 189, -1
102, 188, -1
102, 190, -1
102, 186, -1
184, 39, -1
180, 39, -1
184, 171, -1
184, 163, -1
184, 166, -1
184, 168, -1
180, 171, -1
180, 163, -1
180, 166, -1
180, 168, -1
184, 107, -1
184, 106, -1
184, 109, -1
184, 110, -1
184, 131, -1
184, 89, -1
184, 129, -1
184, 70, -1
184, 103, -1
184, 105, -1
184, 108, -1
184, 102, -1
180, 107, -1
180, 106, -1
180, 109, -1
180, 110, -1
180, 131, -1
180, 89, -1
180, 129, -1
180, 70, -1
180, 103, -1
180, 105, -1
180, 108, -1
180, 102, -1
184, 201, -1
184, 209, -1
184, 207, -1
184, 185, -1
184, 189, -1
184, 188, -1
184, 190, -1
184, 186, -1
180, 201, -1
180, 209, -1
180, 207, -1
180, 185, -1
180, 189, -1
180, 188, -1
180, 190, -1
180, 186, -1
201, 39, -1
209, 39, -1
207, 39, -1
185, 39, -1
189, 39, -1
188, 39, -1
190, 39, -1
186, 39, -1
201, 171, -1
201, 163, -1
201, 166, -1
201, 168, -1
209, 171, -1
209, 163, -1
209, 166, -1
209, 168, -1
207, 171, -1
207, 163, -1
207, 166, -1
207, 168, -1
185, 171, -1
185, 163, -1
185, 166, -1
185, 168, -1
189, 171, -1
189, 163, -1
189, 166, -1
189, 168, -1
188, 171, -1
188, 163, -1
188, 166, -1
188, 168, -1
190, 171, -1
190, 163, -1
190, 166, -1
190, 168, -1
186, 171, -1
186, 163, -1
186, 166, -1
186, 168, -1
201, 107, -1
201, 106, -1
201, 109, -1
201, 110, -1
201, 131, -1
201, 89, -1
201, 129, -1
201, 70, -1
201, 103, -1
201, 105, -1
201, 108, -1
201, 102, -1
209, 107, -1
209, 106, -1
209, 109, -1
209, 110, -1
209, 131, -1
209, 89, -1
209, 129, -1
209, 70, -1
209, 103, -1
209, 105, -1
209, 108, -1
209, 102, -1
207, 107, -1
207, 106, -1
207, 109, -1
207, 110, -1
207, 131, -1
207, 89, -1
207, 129, -1
207, 70, -1
207, 103, -1
207, 105, -1
207, 108, -1
207, 102, -1
185, 107, -1
185, 106, -1
185, 109, -1
185, 110, -1
185, 131, -1
185, 89, -1
185, 129, -1
185, 70, -1
185, 103, -1
185, 105, -1
185, 108, -1
185, 102, -1
189, 107, -1
189, 106, -1
189, 109, -1
189, 110, -1
189, 131, -1
189, 89, -1
189, 129, -1
189, 70, -1
189, 103, -1
189, 105, -1
189, 108, -1
189, 102, -1
188, 107, -1
188, 106, -1
188, 109, -1
188, 110, -1
188, 131, -1
188, 89, -1
188, 129, -1
188, 70, -1
188, 103, -1
188, 105, -1
188, 108, -1
188, 102, -1
190, 107, -1
190, 106, -1
190, 109, -1
190, 110, -1
190, 131, -1
190, 89, -1
190, 129, -1
190, 70, -1
190, 103, -1
190, 105, -1
190, 108, -1
190, 102, -1
186, 107, -1
186, 106, -1
186, 109, -1
186, 110, -1
186, 131, -1
186, 89, -1
186, 129, -1
186, 70, -1
186, 103, -1
186, 105, -1
186, 108, -1
186, 102, -1
201, 184, -1
201, 180, -1
209, 184, -1
209, 180, -1
207, 184, -1
207, 180, -1
185, 184, -1
185, 180, -1
189, 184, -1
189, 180, -1
188, 184, -1
188, 180, -1
190, 184, -1
190, 180, -1
186, 184, -1
186, 180, -1

