107, 108, 1
108, 107, 1
5, 107, -1
5, 108, -1
5, 171, -1
5, 184, -1
107, 5, -1
108, 5, -1
107, 171, -1
108, 171, -1
107, 184, -1
108, 184, -1
171, 5, -1
171, 107, -1
171, 108, -1
171, 184, -1
184, 5, -1
184, 107, -1
184, 108, -1
184, 171, -1

107, 108, 1
108, 107, 1
207, 201, 1
201, 207, 1
5, 107, -1
5, 108, -1
5, 171, -1
5, 184, -1
5, 207, -1
5, 201, -1
107, 5, -1
108, 5, -1
107, 171, -1
108, 171, -1
107, 184, -1
108, 184, -1
107, 207, -1
107, 201, -1
108, 207, -1
108, 201, -1
171, 5, -1
171, 107, -1
171, 108, -1
171, 184, -1
171, 207, -1
171, 201, -1
184, 5, -1
184, 107, -1
184, 108, -1
184, 171, -1
184, 207, -1
184, 201, -1
207, 5, -1
201, 5, -1
207, 107, -1
207, 108, -1
201, 107, -1
201, 108, -1
207, 171, -1
201, 171, -1
207, 184, -1
201, 184, -1

107, 108, 1
107, 106, 1
108, 107, 1
108, 106, 1
106, 107, 1
106, 108, 1
171, 163, 1
163, 171, 1
207, 201, 1
207, 189, 1
201, 207, 1
201, 189, 1
189, 207, 1
189, 201, 1
5, 107, -1
5, 108, -1
5, 106, -1
5, 171, -1
5, 163, -1
5, 184, -1
5, 207, -1
5, 201, -1
5, 189, -1
107, 5, -1
108, 5, -1
106, 5, -1
107, 171, -1
107, 163, -1
108, 171, -1
108, 163, -1
106, 171, -1
106, 163, -1
107, 184, -1
108, 184, -1
106, 184, -1
107, 207, -1
107, 201, -1
107, 189, -1
108, 207, -1
108, 201, -1
108, 189, -1
106, 207, -1
106, 201, -1
106, 189, -1
171, 5, -1
163, 5, -1
171, 107, -1
171, 108, -1
171, 106, -1
163, 107, -1
163, 108, -1
163, 106, -1
171, 184, -1
163, 184, -1
171, 207, -1
171, 201, -1
171, 189, -1
163, 207, -1
163, 201, -1
163, 189, -1
184, 5, -1
184, 107, -1
184, 108, -1
184, 106, -1
184, 171, -1
184, 163, -1
184, 207, -1
184, 201, -1
184, 189, -1
207, 5, -1
201, 5, -1
189, 5, -1
207, 107, -1
207, 108, -1
207, 106, -1
201, 107, -1
201, 108, -1
201, 106, -1
189, 107, -1
189, 108, -1
189, 106, -1
207, 171, -1
207, 163, -1
201, 171, -1
201, 163, -1
189, 171, -1
189, 163, -1
207, 184, -1
201, 184, -1
189, 184, -1

107, 108, 1
107, 106, 1
107, 103, 1
107, 110, 1
108, 107, 1
108, 106, 1
108, 103, 1
108, 110, 1
106, 107, 1
106, 108, 1
106, 103, 1
106, 110, 1
103, 107, 1
103, 108, 1
103, 106, 1
103, 110, 1
110, 107, 1
110, 108, 1
110, 106, 1
110, 103, 1
171, 163, 1
171, 166, 1
163, 171, 1
163, 166, 1
166, 171, 1
166, 163, 1
207, 201, 1
207, 189, 1
201, 207, 1
201, 189, 1
189, 207, 1
189, 201, 1
5, 107, -1
5, 108, -1
5, 106, -1
5, 103, -1
5, 110, -1
5, 171, -1
5, 163, -1
5, 166, -1
5, 184, -1
5, 207, -1
5, 201, -1
5, 189, -1
107, 5, -1
108, 5, -1
106, 5, -1
103, 5, -1
110, 5, -1
107, 171, -1
107, 163, -1
107, 166, -1
108, 171, -1
108, 163, -1
108, 166, -1
106, 171, -1
106, 163, -1
106, 166, -1
103, 171, -1
103, 163, -1
103, 166, -1
110, 171, -1
110, 163, -1
110, 166, -1
107, 184, -1
108, 184, -1
106, 184, -1
103, 184, -1
110, 184, -1
107, 207, -1
107, 201, -1
107, 189, -1
108, 207, -1
108, 201, -1
108, 189, -1
106, 207, -1
106, 201, -1
106, 189, -1
103, 207, -1
103, 201, -1
103, 189, -1
110, 207, -1
110, 201, -1
110, 189, -1
171, 5, -1
163, 5, -1
166, 5, -1
171, 107, -1
171, 108, -1
171, 106, -1
171, 103, -1
171, 110, -1
163, 107, -1
163, 108, -1
163, 106, -1
163, 103, -1
163, 110, -1
166, 107, -1
166, 108, -1
166, 106, -1
166, 103, -1
166, 110, -1
171, 184, -1
163, 184, -1
166, 184, -1
171, 207, -1
171, 201, -1
171, 189, -1
163, 207, -1
163, 201, -1
163, 189, -1
166, 207, -1
166, 201, -1
166, 189, -1
184, 5, -1
184, 107, -1
184, 108, -1
184, 106, -1
184, 103, -1
184, 110, -1
184, 171, -1
184, 163, -1
184, 166, -1
184, 207, -1
184, 201, -1
184, 189, -1
207, 5, -1
201, 5, -1
189, 5, -1
207, 107, -1
207, 108, -1
207, 106, -1
207, 103, -1
207, 110, -1
201, 107, -1
201, 108, -1
201, 106, -1
201, 103, -1
201, 110, -1
189, 107, -1
189, 108, -1
189, 106, -1
189, 103, -1
189, 110, -1
207, 171, -1
207, 163, -1
207, 166, -1
201, 171, -1
201, 163, -1
201, 166, -1
189, 171, -1
189, 163, -1
189, 166, -1
207, 184, -1
201, 184, -1
189, 184, -1

107, 108, 1
107, 106, 1
107, 103, 1
107, 110, 1
108, 107, 1
108, 106, 1
108, 103, 1
108, 110, 1
106, 107, 1
106, 108, 1
106, 103, 1
106, 110, 1
103, 107, 1
103, 108, 1
103, 106, 1
103, 110, 1
110, 107, 1
110, 108, 1
110, 106, 1
110, 103, 1
171, 163, 1
171, 166, 1
163, 171, 1
163, 166, 1
166, 171, 1
166, 163, 1
207, 201, 1
207, 189, 1
207, 202, 1
207, 185, 1
201, 207, 1
201, 189, 1
201, 202, 1
201, 185, 1
189, 207, 1
189, 201, 1
189, 202, 1
189, 185, 1
202, 207, 1
202, 201, 1
202, 189, 1
202, 185, 1
185, 207, 1
185, 201, 1
185, 189, 1
185, 202, 1
5, 107, -1
5, 108, -1
5, 106, -1
5, 103, -1
5, 110, -1
5, 171, -1
5, 163, -1
5, 166, -1
5, 184, -1
5, 207, -1
5, 201, -1
5, 189, -1
5, 202, -1
5, 185, -1
107, 5, -1
108, 5, -1
106, 5, -1
103, 5, -1
110, 5, -1
107, 171, -1
107, 163, -1
107, 166, -1
108, 171, -1
108, 163, -1
108, 166, -1
106, 171, -1
106, 163, -1
106, 166, -1
103, 171, -1
103, 163, -1
103, 166, -1
110, 171, -1
110, 163, -1
110, 166, -1
107, 184, -1
108, 184, -1
106, 184, -1
103, 184, -1
110, 184, -1
107, 207, -1
107, 201, -1
107, 189, -1
107, 202, -1
107, 185, -1
108, 207, -1
108, 201, -1
108, 189, -1
108, 202, -1
108, 185, -1
106, 207, -1
106, 201, -1
106, 189, -1
106, 202, -1
106, 185, -1
103, 207, -1
103, 201, -1
103, 189, -1
103, 202, -1
103, 185, -1
110, 207, -1
110, 201, -1
110, 189, -1
110, 202, -1
110, 185, -1
171, 5, -1
163, 5, -1
166, 5, -1
171, 107, -1
171, 108, -1
171, 106, -1
171, 103, -1
171, 110, -1
163, 107, -1
163, 108, -1
163, 106, -1
163, 103, -1
163, 110, -1
166, 107, -1
166, 108, -1
166, 106, -1
166, 103, -1
166, 110, -1
171, 184, -1
163, 184, -1
166, 184, -1
171, 207, -1
171, 201, -1
171, 189, -1
171, 202, -1
171, 185, -1
163, 207, -1
163, 201, -1
163, 189, -1
163, 202, -1
163, 185, -1
166, 207, -1
166, 201, -1
166, 189, -1
166, 202, -1
166, 185, -1
184, 5, -1
184, 107, -1
184, 108, -1
184, 106, -1
184, 103, -1
184, 110, -1
184, 171, -1
184, 163, -1
184, 166, -1
184, 207, -1
184, 201, -1
184, 189, -1
184, 202, -1
184, 185, -1
207, 5, -1
201, 5, -1
189, 5, -1
202, 5, -1
185, 5, -1
207, 107, -1
207, 108, -1
207, 106, -1
207, 103, -1
207, 110, -1
201, 107, -1
201, 108, -1
201, 106, -1
201, 103, -1
201, 110, -1
189, 107, -1
189, 108, -1
189, 106, -1
189, 103, -1
189, 110, -1
202, 107, -1
202, 108, -1
202, 106, -1
202, 103, -1
202, 110, -1
185, 107, -1
185, 108, -1
185, 106, -1
185, 103, -1
185, 110, -1
207, 171, -1
207, 163, -1
207, 166, -1
201, 171, -1
201, 163, -1
201, 166, -1
189, 171, -1
189, 163, -1
189, 166, -1
202, 171, -1
202, 163, -1
202, 166, -1
185, 171, -1
185, 163, -1
185, 166, -1
207, 184, -1
201, 184, -1
189, 184, -1
202, 184, -1
185, 184, -1

5, 21, 1
21, 5, 1
107, 108, 1
107, 106, 1
107, 103, 1
107, 110, 1
107, 131, 1
108, 107, 1
108, 106, 1
108, 103, 1
108, 110, 1
108, 131, 1
106, 107, 1
106, 108, 1
106, 103, 1
106, 110, 1
106, 131, 1
103, 107, 1
103, 108, 1
103, 106, 1
103, 110, 1
103, 131, 1
110, 107, 1
110, 108, 1
110, 106, 1
110, 103, 1
110, 131, 1
131, 107, 1
131, 108, 1
131, 106, 1
131, 103, 1
131, 110, 1
171, 163, 1
171, 166, 1
171, 174, 1
171, 168, 1
163, 171, 1
163, 166, 1
163, 174, 1
163, 168, 1
166, 171, 1
166, 163, 1
166, 174, 1
166, 168, 1
174, 171, 1
174, 163, 1
174, 166, 1
174, 168, 1
168, 171, 1
168, 163, 1
168, 166, 1
168, 174, 1
207, 201, 1
207, 189, 1
207, 202, 1
207, 185, 1
201, 207, 1
201, 189, 1
201, 202, 1
201, 185, 1
189, 207, 1
189, 201, 1
189, 202, 1
189, 185, 1
202, 207, 1
202, 201, 1
202, 189, 1
202, 185, 1
185, 207, 1
185, 201, 1
185, 189, 1
185, 202, 1
5, 107, -1
5, 108, -1
5, 106, -1
5, 103, -1
5, 110, -1
5, 131, -1
21, 107, -1
21, 108, -1
21, 106, -1
21, 103, -1
21, 110, -1
21, 131, -1
5, 171, -1
5, 163, -1
5, 166, -1
5, 174, -1
5, 168, -1
21, 171, -1
21, 163, -1
21, 166, -1
21, 174, -1
21, 168, -1
5, 184, -1
21, 184, -1
5, 207, -1
5, 201, -1
5, 189, -1
5, 202, -1
5, 185, -1
21, 207, -1
21, 201, -1
21, 189, -1
21, 202, -1
21, 185, -1
107, 5, -1
107, 21, -1
108, 5, -1
108, 21, -1
106, 5, -1
106, 21, -1
103, 5, -1
103, 21, -1
110, 5, -1
110, 21, -1
131, 5, -1
131, 21, -1
107, 171, -1
107, 163, -1
107, 166, -1
107, 174, -1
107, 168, -1
108, 171, -1
108, 163, -1
108, 166, -1
108, 174, -1
108, 168, -1
106, 171, -1
106, 163, -1
106, 166, -1
106, 174, -1
106, 168, -1
103, 171, -1
103, 163, -1
103, 166, -1
103, 174, -1
103, 168, -1
110, 171, -1
110, 163, -1
110, 166, -1
110, 174, -1
110, 168, -1
131, 171, -1
131, 163, -1
131, 166, -1
131, 174, -1
131, 168, -1
107, 184, -1
108, 184, -1
106, 184, -1
103, 184, -1
110, 184, -1
131, 184, -1
107, 207, -1
107, 201, -1
107, 189, -1
107, 202, -1
107, 185, -1
108, 207, -1
108, 201, -1
108, 189, -1
108, 202, -1
108, 185, -1
106, 207, -1
106, 201, -1
106, 189, -1
106, 202, -1
106, 185, -1
103, 207, -1
103, 201, -1
103, 189, -1
103, 202, -1
103, 185, -1
110, 207, -1
110, 201, -1
110, 189, -1
110, 202, -1
110, 185, -1
131, 207, -1
131, 201, -1
131, 189, -1
131, 202, -1
131, 185, -1
171, 5, -1
171, 21, -1
163, 5, -1
163, 21, -1
166, 5, -1
166, 21, -1
174, 5, -1
174, 21, -1
168, 5, -1
168, 21, -1
171, 107, -1
171, 108, -1
171, 106, -1
171, 103, -1
171, 110, -1
171, 131, -1
163, 107, -1
163, 108, -1
163, 106, -1
163, 103, -1
163, 110, -1
163, 131, -1
166, 107, -1
166, 108, -1
166, 106, -1
166, 103, -1
166, 110, -1
166, 131, -1
174, 107, -1
174, 108, -1
174, 106, -1
174, 103, -1
174, 110, -1
174, 131, -1
168, 107, -1
168, 108, -1
168, 106, -1
168, 103, -1
168, 110, -1
168, 131, -1
171, 184, -1
163, 184, -1
166, 184, -1
174, 184, -1
168, 184, -1
171, 207, -1
171, 201, -1
171, 189, -1
171, 202, -1
171, 185, -1
163, 207, -1
163, 201, -1
163, 189, -1
163, 202, -1
163, 185, -1
166, 207, -1
166, 201, -1
166, 189, -1
166, 202, -1
166, 185, -1
174, 207, -1
174, 201, -1
174, 189, -1
174, 202, -1
174, 185, -1
168, 207, -1
168, 201, -1
168, 189, -1
168, 202, -1
168, 185, -1
184, 5, -1
184, 21, -1
184, 107, -1
184, 108, -1
184, 106, -1
184, 103, -1
184, 110, -1
184, 131, -1
184, 171, -1
184, 163, -1
184, 166, -1
184, 174, -1
184, 168, -1
184, 207, -1
184, 201, -1
184, 189, -1
184, 202, -1
184, 185, -1
207, 5, -1
207, 21, -1
201, 5, -1
201, 21, -1
189, 5, -1
189, 21, -1
202, 5, -1
202, 21, -1
185, 5, -1
185, 21, -1
207, 107, -1
207, 108, -1
207, 106, -1
207, 103, -1
207, 110, -1
207, 131, -1
201, 107, -1
201, 108, -1
201, 106, -1
201, 103, -1
201, 110, -1
201, 131, -1
189, 107, -1
189, 108, -1
189, 106, -1
189, 103, -1
189, 110, -1
189, 131, -1
202, 107, -1
202, 108, -1
202, 106, -1
202, 103, -1
202, 110, -1
202, 131, -1
185, 107, -1
185, 108, -1
185, 106, -1
185, 103, -1
185, 110, -1
185, 131, -1
207, 171, -1
207, 163, -1
207, 166, -1
207, 174, -1
207, 168, -1
201, 171, -1
201, 163, -1
201, 166, -1
201, 174, -1
201, 168, -1
189, 171, -1
189, 163, -1
189, 166, -1
189, 174, -1
189, 168, -1
202, 171, -1
202, 163, -1
202, 166, -1
202, 174, -1
202, 168, -1
185, 171, -1
185, 163, -1
185, 166, -1
185, 174, -1
185, 168, -1
207, 184, -1
201, 184, -1
189, 184, -1
202, 184, -1
185, 184, -1

5, 21, 1
21, 5, 1
107, 108, 1
107, 106, 1
107, 103, 1
107, 110, 1
107, 131, 1
108, 107, 1
108, 106, 1
108, 103, 1
108, 110, 1
108, 131, 1
106, 107, 1
106, 108, 1
106, 103, 1
106, 110, 1
106, 131, 1
103, 107, 1
103, 108, 1
103, 106, 1
103, 110, 1
103, 131, 1
110, 107, 1
110, 108, 1
110, 106, 1
110, 103, 1
110, 131, 1
131, 107, 1
131, 108, 1
131, 106, 1
131, 103, 1
131, 110, 1
171, 163, 1
171, 166, 1
171, 174, 1
171, 168, 1
163, 171, 1
163, 166, 1
163, 174, 1
163, 168, 1
166, 171, 1
166, 163, 1
166, 174, 1
166, 168, 1
174, 171, 1
174, 163, 1
174, 166, 1
174, 168, 1
168, 171, 1
168, 163, 1
168, 166, 1
168, 174, 1
184, 180, 1
180, 184, 1
207, 201, 1
207, 189, 1
207, 202, 1
207, 185, 1
207, 188, 1
201, 207, 1
201, 189, 1
201, 202, 1
201, 185, 1
201, 188, 1
189, 207, 1
189, 201, 1
189, 202, 1
189, 185, 1
189, 188, 1
202, 207, 1
202, 201, 1
202, 189, 1
202, 185, 1
202, 188, 1
185, 207, 1
185, 201, 1
185, 189, 1
185, 202, 1
185, 188, 1
188, 207, 1
188, 201, 1
188, 189, 1
188, 202, 1
188, 185, 1
5, 107, -1
5, 108, -1
5, 106, -1
5, 103, -1
5, 110, -1
5, 131, -1
21, 107, -1
21, 108, -1
21, 106, -1
21, 103, -1
21, 110, -1
21, 131, -1
5, 171, -1
5, 163, -1
5, 166, -1
5, 174, -1
5, 168, -1
21, 171, -1
21, 163, -1
21, 166, -1
21, 174, -1
21, 168, -1
5, 184, -1
5, 180, -1
21, 184, -1
21, 180, -1
5, 207, -1
5, 201, -1
5, 189, -1
5, 202, -1
5, 185, -1
5, 188, -1
21, 207, -1
21, 201, -1
21, 189, -1
21, 202, -1
21, 185, -1
21, 188, -1
107, 5, -1
107, 21, -1
108, 5, -1
108, 21, -1
106, 5, -1
106, 21, -1
103, 5, -1
103, 21, -1
110, 5, -1
110, 21, -1
131, 5, -1
131, 21, -1
107, 171, -1
107, 163, -1
107, 166, -1
107, 174, -1
107, 168, -1
108, 171, -1
108, 163, -1
108, 166, -1
108, 174, -1
108, 168, -1
106, 171, -1
106, 163, -1
106, 166, -1
106, 174, -1
106, 168, -1
103, 171, -1
103, 163, -1
103, 166, -1
103, 174, -1
103, 168, -1
110, 171, -1
110, 163, -1
110, 166, -1
110, 174, -1
110, 168, -1
131, 171, -1
131, 163, -1
131, 166, -1
131, 174, -1
131, 168, -1
107, 184, -1
107, 180, -1
108, 184, -1
108, 180, -1
106, 184, -1
106, 180, -1
103, 184, -1
103, 180, -1
110, 184, -1
110, 180, -1
131, 184, -1
131, 180, -1
107, 207, -1
107, 201, -1
107, 189, -1
107, 202, -1
107, 185, -1
107, 188, -1
108, 207, -1
108, 201, -1
108, 189, -1
108, 202, -1
108, 185, -1
108, 188, -1
106, 207, -1
106, 201, -1
106, 189, -1
106, 202, -1
106, 185, -1
106, 188, -1
103, 207, -1
103, 201, -1
103, 189, -1
103, 202, -1
103, 185, -1
103, 188, -1
110, 207, -1
110, 201, -1
110, 189, -1
110, 202, -1
110, 185, -1
110, 188, -1
131, 207, -1
131, 201, -1
131, 189, -1
131, 202, -1
131, 185, -1
131, 188, -1
171, 5, -1
171, 21, -1
163, 5, -1
163, 21, -1
166, 5, -1
166, 21, -1
174, 5, -1
174, 21, -1
168, 5, -1
168, 21, -1
171, 107, -1
171, 108, -1
171, 106, -1
171, 103, -1
171, 110, -1
171, 131, -1
163, 107, -1
163, 108, -1
163, 106, -1
163, 103, -1
163, 110, -1
163, 131, -1
166, 107, -1
166, 108, -1
166, 106, -1
166, 103, -1
166, 110, -1
166, 131, -1
174, 107, -1
174, 108, -1
174, 106, -1
174, 103, -1
174, 110, -1
174, 131, -1
168, 107, -1
168, 108, -1
168, 106, -1
168, 103, -1
168, 110, -1
168, 131, -1
171, 184, -1
171, 180, -1
163, 184, -1
163, 180, -1
166, 184, -1
166, 180, -1
174, 184, -1
174, 180, -1
168, 184, -1
168, 180, -1
171, 207, -1
171, 201, -1
171, 189, -1
171, 202, -1
171, 185, -1
171, 188, -1
163, 207, -1
163, 201, -1
163, 189, -1
163, 202, -1
163, 185, -1
163, 188, -1
166, 207, -1
166, 201, -1
166, 189, -1
166, 202, -1
166, 185, -1
166, 188, -1
174, 207, -1
174, 201, -1
174, 189, -1
174, 202, -1
174, 185, -1
174, 188, -1
168, 207, -1
168, 201, -1
168, 189, -1
168, 202, -1
168, 185, -1
168, 188, -1
184, 5, -1
184, 21, -1
180, 5, -1
180, 21, -1
184, 107, -1
184, 108, -1
184, 106, -1
184, 103, -1
184, 110, -1
184, 131, -1
180, 107, -1
180, 108, -1
180, 106, -1
180, 103, -1
180, 110, -1
180, 131, -1
184, 171, -1
184, 163, -1
184, 166, -1
184, 174, -1
184, 168, -1
180, 171, -1
180, 163, -1
180, 166, -1
180, 174, -1
180, 168, -1
184, 207, -1
184, 201, -1
184, 189, -1
184, 202, -1
184, 185, -1
184, 188, -1
180, 207, -1
180, 201, -1
180, 189, -1
180, 202, -1
180, 185, -1
180, 188, -1
207, 5, -1
207, 21, -1
201, 5, -1
201, 21, -1
189, 5, -1
189, 21, -1
202, 5, -1
202, 21, -1
185, 5, -1
185, 21, -1
188, 5, -1
188, 21, -1
207, 107, -1
207, 108, -1
207, 106, -1
207, 103, -1
207, 110, -1
207, 131, -1
201, 107, -1
201, 108, -1
201, 106, -1
201, 103, -1
201, 110, -1
201, 131, -1
189, 107, -1
189, 108, -1
189, 106, -1
189, 103, -1
189, 110, -1
189, 131, -1
202, 107, -1
202, 108, -1
202, 106, -1
202, 103, -1
202, 110, -1
202, 131, -1
185, 107, -1
185, 108, -1
185, 106, -1
185, 103, -1
185, 110, -1
185, 131, -1
188, 107, -1
188, 108, -1
188, 106, -1
188, 103, -1
188, 110, -1
188, 131, -1
207, 171, -1
207, 163, -1
207, 166, -1
207, 174, -1
207, 168, -1
201, 171, -1
201, 163, -1
201, 166, -1
201, 174, -1
201, 168, -1
189, 171, -1
189, 163, -1
189, 166, -1
189, 174, -1
189, 168, -1
202, 171, -1
202, 163, -1
202, 166, -1
202, 174, -1
202, 168, -1
185, 171, -1
185, 163, -1
185, 166, -1
185, 174, -1
185, 168, -1
188, 171, -1
188, 163, -1
188, 166, -1
188, 174, -1
188, 168, -1
207, 184, -1
207, 180, -1
201, 184, -1
201, 180, -1
189, 184, -1
189, 180, -1
202, 184, -1
202, 180, -1
185, 184, -1
185, 180, -1
188, 184, -1
188, 180, -1

5, 21, 1
5, 67, 1
21, 5, 1
21, 67, 1
67, 5, 1
67, 21, 1
107, 108, 1
107, 106, 1
107, 103, 1
107, 110, 1
107, 131, 1
107, 105, 1
107, 70, 1
108, 107, 1
108, 106, 1
108, 103, 1
108, 110, 1
108, 131, 1
108, 105, 1
108, 70, 1
106, 107, 1
106, 108, 1
106, 103, 1
106, 110, 1
106, 131, 1
106, 105, 1
106, 70, 1
103, 107, 1
103, 108, 1
103, 106, 1
103, 110, 1
103, 131, 1
103, 105, 1
103, 70, 1
110, 107, 1
110, 108, 1
110, 106, 1
110, 103, 1
110, 131, 1
110, 105, 1
110, 70, 1
131, 107, 1
131, 108, 1
131, 106, 1
131, 103, 1
131, 110, 1
131, 105, 1
131, 70, 1
105, 107, 1
105, 108, 1
105, 106, 1
105, 103, 1
105, 110, 1
105, 131, 1
105, 70, 1
70, 107, 1
70, 108, 1
70, 106, 1
70, 103, 1
70, 110, 1
70, 131, 1
70, 105, 1
171, 163, 1
171, 166, 1
171, 174, 1
171, 168, 1
163, 171, 1
163, 166, 1
163, 174, 1
163, 168, 1
166, 171, 1
166, 163, 1
166, 174, 1
166, 168, 1
174, 171, 1
174, 163, 1
174, 166, 1
174, 168, 1
168, 171, 1
168, 163, 1
168, 166, 1
168, 174, 1
184, 180, 1
184, 178, 1
180, 184, 1
180, 178, 1
178, 184, 1
178, 180, 1
207, 201, 1
207, 189, 1
207, 202, 1
207, 185, 1
207, 188, 1
201, 207, 1
201, 189, 1
201, 202, 1
201, 185, 1
201, 188, 1
189, 207, 1
189, 201, 1
189, 202, 1
189, 185, 1
189, 188, 1
202, 207, 1
202, 201, 1
202, 189, 1
202, 185, 1
202, 188, 1
185, 207, 1
185, 201, 1
185, 189, 1
185, 202, 1
185, 188, 1
188, 207, 1
188, 201, 1
188, 189, 1
188, 202, 1
188, 185, 1
5, 107, -1
5, 108, -1
5, 106, -1
5, 103, -1
5, 110, -1
5, 131, -1
5, 105, -1
5, 70, -1
21, 107, -1
21, 108, -1
21, 106, -1
21, 103, -1
21, 110, -1
21, 131, -1
21, 105, -1
21, 70, -1
67, 107, -1
67, 108, -1
67, 106, -1
67, 103, -1
67, 110, -1
67, 131, -1
67, 105, -1
67, 70, -1
5, 171, -1
5, 163, -1
5, 166, -1
5, 174, -1
5, 168, -1
21, 171, -1
21, 163, -1
21, 166, -1
21, 174, -1
21, 168, -1
67, 171, -1
67, 163, -1
67, 166, -1
67, 174, -1
67, 168, -1
5, 184, -1
5, 180, -1
5, 178, -1
21, 184, -1
21, 180, -1
21, 178, -1
67, 184, -1
67, 180, -1
67, 178, -1
5, 207, -1
5, 201, -1
5, 189, -1
5, 202, -1
5, 185, -1
5, 188, -1
21, 207, -1
21, 201, -1
21, 189, -1
21, 202, -1
21, 185, -1
21, 188, -1
67, 207, -1
67, 201, -1
67, 189, -1
67, 202, -1
67, 185, -1
67, 188, -1
107, 5, -1
107, 21, -1
107, 67, -1
108, 5, -1
108, 21, -1
108, 67, -1
106, 5, -1
106, 21, -1
106, 67, -1
103, 5, -1
103, 21, -1
103, 67, -1
110, 5, -1
110, 21, -1
110, 67, -1
131, 5, -1
131, 21, -1
131, 67, -1
105, 5, -1
105, 21, -1
105, 67, -1
70, 5, -1
70, 21, -1
70, 67, -1
107, 171, -1
107, 163, -1
107, 166, -1
107, 174, -1
107, 168, -1
108, 171, -1
108, 163, -1
108, 166, -1
108, 174, -1
108, 168, -1
106, 171, -1
106, 163, -1
106, 166, -1
106, 174, -1
106, 168, -1
103, 171, -1
103, 163, -1
103, 166, -1
103, 174, -1
103, 168, -1
110, 171, -1
110, 163, -1
110, 166, -1
110, 174, -1
110, 168, -1
131, 171, -1
131, 163, -1
131, 166, -1
131, 174, -1
131, 168, -1
105, 171, -1
105, 163, -1
105, 166, -1
105, 174, -1
105, 168, -1
70, 171, -1
70, 163, -1
70, 166, -1
70, 174, -1
70, 168, -1
107, 184, -1
107, 180, -1
107, 178, -1
108, 184, -1
108, 180, -1
108, 178, -1
106, 184, -1
106, 180, -1
106, 178, -1
103, 184, -1
103, 180, -1
103, 178, -1
110, 184, -1
110, 180, -1
110, 178, -1
131, 184, -1
131, 180, -1
131, 178, -1
105, 184, -1
105, 180, -1
105, 178, -1
70, 184, -1
70, 180, -1
70, 178, -1
107, 207, -1
107, 201, -1
107, 189, -1
107, 202, -1
107, 185, -1
107, 188, -1
108, 207, -1
108, 201, -1
108, 189, -1
108, 202, -1
108, 185, -1
108, 188, -1
106, 207, -1
106, 201, -1
106, 189, -1
106, 202, -1
106, 185, -1
106, 188, -1
103, 207, -1
103, 201, -1
103, 189, -1
103, 202, -1
103, 185, -1
103, 188, -1
110, 207, -1
110, 201, -1
110, 189, -1
110, 202, -1
110, 185, -1
110, 188, -1
131, 207, -1
131, 201, -1
131, 189, -1
131, 202, -1
131, 185, -1
131, 188, -1
105, 207, -1
105, 201, -1
105, 189, -1
105, 202, -1
105, 185, -1
105, 188, -1
70, 207, -1
70, 201, -1
70, 189, -1
70, 202, -1
70, 185, -1
70, 188, -1
171, 5, -1
171, 21, -1
171, 67, -1
163, 5, -1
163, 21, -1
163, 67, -1
166, 5, -1
166, 21, -1
166, 67, -1
174, 5, -1
174, 21, -1
174, 67, -1
168, 5, -1
168, 21, -1
168, 67, -1
171, 107, -1
171, 108, -1
171, 106, -1
171, 103, -1
171, 110, -1
171, 131, -1
171, 105, -1
171, 70, -1
163, 107, -1
163, 108, -1
163, 106, -1
163, 103, -1
163, 110, -1
163, 131, -1
163, 105, -1
163, 70, -1
166, 107, -1
166, 108, -1
166, 106, -1
166, 103, -1
166, 110, -1
166, 131, -1
166, 105, -1
166, 70, -1
174, 107, -1
174, 108, -1
174, 106, -1
174, 103, -1
174, 110, -1
174, 131, -1
174, 105, -1
174, 70, -1
168, 107, -1
168, 108, -1
168, 106, -1
168, 103, -1
168, 110, -1
168, 131, -1
168, 105, -1
168, 70, -1
171, 184, -1
171, 180, -1
171, 178, -1
163, 184, -1
163, 180, -1
163, 178, -1
166, 184, -1
166, 180, -1
166, 178, -1
174, 184, -1
174, 180, -1
174, 178, -1
168, 184, -1
168, 180, -1
168, 178, -1
171, 207, -1
171, 201, -1
171, 189, -1
171, 202, -1
171, 185, -1
171, 188, -1
163, 207, -1
163, 201, -1
163, 189, -1
163, 202, -1
163, 185, -1
163, 188, -1
166, 207, -1
166, 201, -1
166, 189, -1
166, 202, -1
166, 185, -1
166, 188, -1
174, 207, -1
174, 201, -1
174, 189, -1
174, 202, -1
174, 185, -1
174, 188, -1
168, 207, -1
168, 201, -1
168, 189, -1
168, 202, -1
168, 185, -1
168, 188, -1
184, 5, -1
184, 21, -1
184, 67, -1
180, 5, -1
180, 21, -1
180, 67, -1
178, 5, -1
178, 21, -1
178, 67, -1
184, 107, -1
184, 108, -1
184, 106, -1
184, 103, -1
184, 110, -1
184, 131, -1
184, 105, -1
184, 70, -1
180, 107, -1
180, 108, -1
180, 106, -1
180, 103, -1
180, 110, -1
180, 131, -1
180, 105, -1
180, 70, -1
178, 107, -1
178, 108, -1
178, 106, -1
178, 103, -1
178, 110, -1
178, 131, -1
178, 105, -1
178, 70, -1
184, 171, -1
184, 163, -1
184, 166, -1
184, 174, -1
184, 168, -1
180, 171, -1
180, 163, -1
180, 166, -1
180, 174, -1
180, 168, -1
178, 171, -1
178, 163, -1
178, 166, -1
178, 174, -1
178, 168, -1
184, 207, -1
184, 201, -1
184, 189, -1
184, 202, -1
184, 185, -1
184, 188, -1
180, 207, -1
180, 201, -1
180, 189, -1
180, 202, -1
180, 185, -1
180, 188, -1
178, 207, -1
178, 201, -1
178, 189, -1
178, 202, -1
178, 185, -1
178, 188, -1
207, 5, -1
207, 21, -1
207, 67, -1
201, 5, -1
201, 21, -1
201, 67, -1
189, 5, -1
189, 21, -1
189, 67, -1
202, 5, -1
202, 21, -1
202, 67, -1
185, 5, -1
185, 21, -1
185, 67, -1
188, 5, -1
188, 21, -1
188, 67, -1
207, 107, -1
207, 108, -1
207, 106, -1
207, 103, -1
207, 110, -1
207, 131, -1
207, 105, -1
207, 70, -1
201, 107, -1
201, 108, -1
201, 106, -1
201, 103, -1
201, 110, -1
201, 131, -1
201, 105, -1
201, 70, -1
189, 107, -1
189, 108, -1
189, 106, -1
189, 103, -1
189, 110, -1
189, 131, -1
189, 105, -1
189, 70, -1
202, 107, -1
202, 108, -1
202, 106, -1
202, 103, -1
202, 110, -1
202, 131, -1
202, 105, -1
202, 70, -1
185, 107, -1
185, 108, -1
185, 106, -1
185, 103, -1
185, 110, -1
185, 131, -1
185, 105, -1
185, 70, -1
188, 107, -1
188, 108, -1
188, 106, -1
188, 103, -1
188, 110, -1
188, 131, -1
188, 105, -1
188, 70, -1
207, 171, -1
207, 163, -1
207, 166, -1
207, 174, -1
207, 168, -1
201, 171, -1
201, 163, -1
201, 166, -1
201, 174, -1
201, 168, -1
189, 171, -1
189, 163, -1
189, 166, -1
189, 174, -1
189, 168, -1
202, 171, -1
202, 163, -1
202, 166, -1
202, 174, -1
202, 168, -1
185, 171, -1
185, 163, -1
185, 166, -1
185, 174, -1
185, 168, -1
188, 171, -1
188, 163, -1
188, 166, -1
188, 174, -1
188, 168, -1
207, 184, -1
207, 180, -1
207, 178, -1
201, 184, -1
201, 180, -1
201, 178, -1
189, 184, -1
189, 180, -1
189, 178, -1
202, 184, -1
202, 180, -1
202, 178, -1
185, 184, -1
185, 180, -1
185, 178, -1
188, 184, -1
188, 180, -1
188, 178, -1

5, 21, 1
5, 67, 1
21, 5, 1
21, 67, 1
67, 5, 1
67, 21, 1
107, 108, 1
107, 106, 1
107, 103, 1
107, 110, 1
107, 131, 1
107, 105, 1
107, 70, 1
107, 109, 1
107, 102, 1
108, 107, 1
108, 106, 1
108, 103, 1
108, 110, 1
108, 131, 1
108, 105, 1
108, 70, 1
108, 109, 1
108, 102, 1
106, 107, 1
106, 108, 1
106, 103, 1
106, 110, 1
106, 131, 1
106, 105, 1
106, 70, 1
106, 109, 1
106, 102, 1
103, 107, 1
103, 108, 1
103, 106, 1
103, 110, 1
103, 131, 1
103, 105, 1
103, 70, 1
103, 109, 1
103, 102, 1
110, 107, 1
110, 108, 1
110, 106, 1
110, 103, 1
110, 131, 1
110, 105, 1
110, 70, 1
110, 109, 1
110, 102, 1
131, 107, 1
131, 108, 1
131, 106, 1
131, 103, 1
131, 110, 1
131, 105, 1
131, 70, 1
131, 109, 1
131, 102, 1
105, 107, 1
105, 108, 1
105, 106, 1
105, 103, 1
105, 110, 1
105, 131, 1
105, 70, 1
105, 109, 1
105, 102, 1
70, 107, 1
70, 108, 1
70, 106, 1
70, 103, 1
70, 110, 1
70, 131, 1
70, 105, 1
70, 109, 1
70, 102, 1
109, 107, 1
109, 108, 1
109, 106, 1
109, 103, 1
109, 110, 1
109, 131, 1
109, 105, 1
109, 70, 1
109, 102, 1
102, 107, 1
102, 108, 1
102, 106, 1
102, 103, 1
102, 110, 1
102, 131, 1
102, 105, 1
102, 70, 1
102, 109, 1
171, 163, 1
171, 166, 1
171, 174, 1
171, 168, 1
163, 171, 1
163, 166, 1
163, 174, 1
163, 168, 1
166, 171, 1
166, 163, 1
166, 174, 1
166, 168, 1
174, 171, 1
174, 163, 1
174, 166, 1
174, 168, 1
168, 171, 1
168, 163, 1
168, 166, 1
168, 174, 1
184, 180, 1
184, 178, 1
180, 184, 1
180, 178, 1
178, 184, 1
178, 180, 1
207, 201, 1
207, 189, 1
207, 202, 1
207, 185, 1
207, 188, 1
207, 186, 1
201, 207, 1
201, 189, 1
201, 202, 1
201, 185, 1
201, 188, 1
201, 186, 1
189, 207, 1
189, 201, 1
189, 202, 1
189, 185, 1
189, 188, 1
189, 186, 1
202, 207, 1
202, 201, 1
202, 189, 1
202, 185, 1
202, 188, 1
202, 186, 1
185, 207, 1
185, 201, 1
185, 189, 1
185, 202, 1
185, 188, 1
185, 186, 1
188, 207, 1
188, 201, 1
188, 189, 1
188, 202, 1
188, 185, 1
188, 186, 1
186, 207, 1
186, 201, 1
186, 189, 1
186, 202, 1
186, 185, 1
186, 188, 1
5, 107, -1
5, 108, -1
5, 106, -1
5, 103, -1
5, 110, -1
5, 131, -1
5, 105, -1
5, 70, -1
5, 109, -1
5, 102, -1
21, 107, -1
21, 108, -1
21, 106, -1
21, 103, -1
21, 110, -1
21, 131, -1
21, 105, -1
21, 70, -1
21, 109, -1
21, 102, -1
67, 107, -1
67, 108, -1
67, 106, -1
67, 103, -1
67, 110, -1
67, 131, -1
67, 105, -1
67, 70, -1
67, 109, -1
67, 102, -1
5, 171, -1
5, 163, -1
5, 166, -1
5, 174, -1
5, 168, -1
21, 171, -1
21, 163, -1
21, 166, -1
21, 174, -1
21, 168, -1
67, 171, -1
67, 163, -1
67, 166, -1
67, 174, -1
67, 168, -1
5, 184, -1
5, 180, -1
5, 178, -1
21, 184, -1
21, 180, -1
21, 178, -1
67, 184, -1
67, 180, -1
67, 178, -1
5, 207, -1
5, 201, -1
5, 189, -1
5, 202, -1
5, 185, -1
5, 188, -1
5, 186, -1
21, 207, -1
21, 201, -1
21, 189, -1
21, 202, -1
21, 185, -1
21, 188, -1
21, 186, -1
67, 207, -1
67, 201, -1
67, 189, -1
67, 202, -1
67, 185, -1
67, 188, -1
67, 186, -1
107, 5, -1
107, 21, -1
107, 67, -1
108, 5, -1
108, 21, -1
108, 67, -1
106, 5, -1
106, 21, -1
106, 67, -1
103, 5, -1
103, 21, -1
103, 67, -1
110, 5, -1
110, 21, -1
110, 67, -1
131, 5, -1
131, 21, -1
131, 67, -1
105, 5, -1
105, 21, -1
105, 67, -1
70, 5, -1
70, 21, -1
70, 67, -1
109, 5, -1
109, 21, -1
109, 67, -1
102, 5, -1
102, 21, -1
102, 67, -1
107, 171, -1
107, 163, -1
107, 166, -1
107, 174, -1
107, 168, -1
108, 171, -1
108, 163, -1
108, 166, -1
108, 174, -1
108, 168, -1
106, 171, -1
106, 163, -1
106, 166, -1
106, 174, -1
106, 168, -1
103, 171, -1
103, 163, -1
103, 166, -1
103, 174, -1
103, 168, -1
110, 171, -1
110, 163, -1
110, 166, -1
110, 174, -1
110, 168, -1
131, 171, -1
131, 163, -1
131, 166, -1
131, 174, -1
131, 168, -1
105, 171, -1
105, 163, -1
105, 166, -1
105, 174, -1
105, 168, -1
70, 171, -1
70, 163, -1
70, 166, -1
70, 174, -1
70, 168, -1
109, 171, -1
109, 163, -1
109, 166, -1
109, 174, -1
109, 168, -1
102, 171, -1
102, 163, -1
102, 166, -1
102, 174, -1
102, 168, -1
107, 184, -1
107, 180, -1
107, 178, -1
108, 184, -1
108, 180, -1
108, 178, -1
106, 184, -1
106, 180, -1
106, 178, -1
103, 184, -1
103, 180, -1
103, 178, -1
110, 184, -1
110, 180, -1
110, 178, -1
131, 184, -1
131, 180, -1
131, 178, -1
105, 184, -1
105, 180, -1
105, 178, -1
70, 184, -1
70, 180, -1
70, 178, -1
109, 184, -1
109, 180, -1
109, 178, -1
102, 184, -1
102, 180, -1
102, 178, -1
107, 207, -1
107, 201, -1
107, 189, -1
107, 202, -1
107, 185, -1
107, 188, -1
107, 186, -1
108, 207, -1
108, 201, -1
108, 189, -1
108, 202, -1
108, 185, -1
108, 188, -1
108, 186, -1
106, 207, -1
106, 201, -1
106, 189, -1
106, 202, -1
106, 185, -1
106, 188, -1
106, 186, -1
103, 207, -1
103, 201, -1
103, 189, -1
103, 202, -1
103, 185, -1
103, 188, -1
103, 186, -1
110, 207, -1
110, 201, -1
110, 189, -1
110, 202, -1
110, 185, -1
110, 188, -1
110, 186, -1
131, 207, -1
131, 201, -1
131, 189, -1
131, 202, -1
131, 185, -1
131, 188, -1
131, 186, -1
105, 207, -1
105, 201, -1
105, 189, -1
105, 202, -1
105, 185, -1
105, 188, -1
105, 186, -1
70, 207, -1
70, 201, -1
70, 189, -1
70, 202, -1
70, 185, -1
70, 188, -1
70, 186, -1
109, 207, -1
109, 201, -1
109, 189, -1
109, 202, -1
109, 185, -1
109, 188, -1
109, 186, -1
102, 207, -1
102, 201, -1
102, 189, -1
102, 202, -1
102, 185, -1
102, 188, -1
102, 186, -1
171, 5, -1
171, 21, -1
171, 67, -1
163, 5, -1
163, 21, -1
163, 67, -1
166, 5, -1
166, 21, -1
166, 67, -1
174, 5, -1
174, 21, -1
174, 67, -1
168, 5, -1
168, 21, -1
168, 67, -1
171, 107, -1
171, 108, -1
171, 106, -1
171, 103, -1
171, 110, -1
171, 131, -1
171, 105, -1
171, 70, -1
171, 109, -1
171, 102, -1
163, 107, -1
163, 108, -1
163, 106, -1
163, 103, -1
163, 110, -1
163, 131, -1
163, 105, -1
163, 70, -1
163, 109, -1
163, 102, -1
166, 107, -1
166, 108, -1
166, 106, -1
166, 103, -1
166, 110, -1
166, 131, -1
166, 105, -1
166, 70, -1
166, 109, -1
166, 102, -1
174, 107, -1
174, 108, -1
174, 106, -1
174, 103, -1
174, 110, -1
174, 131, -1
174, 105, -1
174, 70, -1
174, 109, -1
174, 102, -1
168, 107, -1
168, 108, -1
168, 106, -1
168, 103, -1
168, 110, -1
168, 131, -1
168, 105, -1
168, 70, -1
168, 109, -1
168, 102, -1
171, 184, -1
171, 180, -1
171, 178, -1
163, 184, -1
163, 180, -1
163, 178, -1
166, 184, -1
166, 180, -1
166, 178, -1
174, 184, -1
174, 180, -1
174, 178, -1
168, 184, -1
168, 180, -1
168, 178, -1
171, 207, -1
171, 201, -1
171, 189, -1
171, 202, -1
171, 185, -1
171, 188, -1
171, 186, -1
163, 207, -1
163, 201, -1
163, 189, -1
163, 202, -1
163, 185, -1
163, 188, -1
163, 186, -1
166, 207, -1
166, 201, -1
166, 189, -1
166, 202, -1
166, 185, -1
166, 188, -1
166, 186, -1
174, 207, -1
174, 201, -1
174, 189, -1
174, 202, -1
174, 185, -1
174, 188, -1
174, 186, -1
168, 207, -1
168, 201, -1
168, 189, -1
168, 202, -1
168, 185, -1
168, 188, -1
168, 186, -1
184, 5, -1
184, 21, -1
184, 67, -1
180, 5, -1
180, 21, -1
180, 67, -1
178, 5, -1
178, 21, -1
178, 67, -1
184, 107, -1
184, 108, -1
184, 106, -1
184, 103, -1
184, 110, -1
184, 131, -1
184, 105, -1
184, 70, -1
184, 109, -1
184, 102, -1
180, 107, -1
180, 108, -1
180, 106, -1
180, 103, -1
180, 110, -1
180, 131, -1
180, 105, -1
180, 70, -1
180, 109, -1
180, 102, -1
178, 107, -1
178, 108, -1
178, 106, -1
178, 103, -1
178, 110, -1
178, 131, -1
178, 105, -1
178, 70, -1
178, 109, -1
178, 102, -1
184, 171, -1
184, 163, -1
184, 166, -1
184, 174, -1
184, 168, -1
180, 171, -1
180, 163, -1
180, 166, -1
180, 174, -1
180, 168, -1
178, 171, -1
178, 163, -1
178, 166, -1
178, 174, -1
178, 168, -1
184, 207, -1
184, 201, -1
184, 189, -1
184, 202, -1
184, 185, -1
184, 188, -1
184, 186, -1
180, 207, -1
180, 201, -1
180, 189, -1
180, 202, -1
180, 185, -1
180, 188, -1
180, 186, -1
178, 207, -1
178, 201, -1
178, 189, -1
178, 202, -1
178, 185, -1
178, 188, -1
178, 186, -1
207, 5, -1
207, 21, -1
207, 67, -1
201, 5, -1
201, 21, -1
201, 67, -1
189, 5, -1
189, 21, -1
189, 67, -1
202, 5, -1
202, 21, -1
202, 67, -1
185, 5, -1
185, 21, -1
185, 67, -1
188, 5, -1
188, 21, -1
188, 67, -1
186, 5, -1
186, 21, -1
186, 67, -1
207, 107, -1
207, 108, -1
207, 106, -1
207, 103, -1
207, 110, -1
207, 131, -1
207, 105, -1
207, 70, -1
207, 109, -1
207, 102, -1
201, 107, -1
201, 108, -1
201, 106, -1
201, 103, -1
201, 110, -1
201, 131, -1
201, 105, -1
201, 70, -1
201, 109, -1
201, 102, -1
189, 107, -1
189, 108, -1
189, 106, -1
189, 103, -1
189, 110, -1
189, 131, -1
189, 105, -1
189, 70, -1
189, 109, -1
189, 102, -1
202, 107, -1
202, 108, -1
202, 106, -1
202, 103, -1
202, 110, -1
202, 131, -1
202, 105, -1
202, 70, -1
202, 109, -1
202, 102, -1
185, 107, -1
185, 108, -1
185, 106, -1
185, 103, -1
185, 110, -1
185, 131, -1
185, 105, -1
185, 70, -1
185, 109, -1
185, 102, -1
188, 107, -1
188, 108, -1
188, 106, -1
188, 103, -1
188, 110, -1
188, 131, -1
188, 105, -1
188, 70, -1
188, 109, -1
188, 102, -1
186, 107, -1
186, 108, -1
186, 106, -1
186, 103, -1
186, 110, -1
186, 131, -1
186, 105, -1
186, 70, -1
186, 109, -1
186, 102, -1
207, 171, -1
207, 163, -1
207, 166, -1
207, 174, -1
207, 168, -1
201, 171, -1
201, 163, -1
201, 166, -1
201, 174, -1
201, 168, -1
189, 171, -1
189, 163, -1
189, 166, -1
189, 174, -1
189, 168, -1
202, 171, -1
202, 163, -1
202, 166, -1
202, 174, -1
202, 168, -1
185, 171, -1
185, 163, -1
185, 166, -1
185, 174, -1
185, 168, -1
188, 171, -1
188, 163, -1
188, 166, -1
188, 174, -1
188, 168, -1
186, 171, -1
186, 163, -1
186, 166, -1
186, 174, -1
186, 168, -1
207, 184, -1
207, 180, -1
207, 178, -1
201, 184, -1
201, 180, -1
201, 178, -1
189, 184, -1
189, 180, -1
189, 178, -1
202, 184, -1
202, 180, -1
202, 178, -1
185, 184, -1
185, 180, -1
185, 178, -1
188, 184, -1
188, 180, -1
188, 178, -1
186, 184, -1
186, 180, -1
186, 178, -1

5, 21, 1
5, 67, 1
21, 5, 1
21, 67, 1
67, 5, 1
67, 21, 1
107, 108, 1
107, 106, 1
107, 103, 1
107, 110, 1
107, 131, 1
107, 105, 1
107, 70, 1
107, 109, 1
107, 102, 1
107, 112, 1
108, 107, 1
108, 106, 1
108, 103, 1
108, 110, 1
108, 131, 1
108, 105, 1
108, 70, 1
108, 109, 1
108, 102, 1
108, 112, 1
106, 107, 1
106, 108, 1
106, 103, 1
106, 110, 1
106, 131, 1
106, 105, 1
106, 70, 1
106, 109, 1
106, 102, 1
106, 112, 1
103, 107, 1
103, 108, 1
103, 106, 1
103, 110, 1
103, 131, 1
103, 105, 1
103, 70, 1
103, 109, 1
103, 102, 1
103, 112, 1
110, 107, 1
110, 108, 1
110, 106, 1
110, 103, 1
110, 131, 1
110, 105, 1
110, 70, 1
110, 109, 1
110, 102, 1
110, 112, 1
131, 107, 1
131, 108, 1
131, 106, 1
131, 103, 1
131, 110, 1
131, 105, 1
131, 70, 1
131, 109, 1
131, 102, 1
131, 112, 1
105, 107, 1
105, 108, 1
105, 106, 1
105, 103, 1
105, 110, 1
105, 131, 1
105, 70, 1
105, 109, 1
105, 102, 1
105, 112, 1
70, 107, 1
70, 108, 1
70, 106, 1
70, 103, 1
70, 110, 1
70, 131, 1
70, 105, 1
70, 109, 1
70, 102, 1
70, 112, 1
109, 107, 1
109, 108, 1
109, 106, 1
109, 103, 1
109, 110, 1
109, 131, 1
109, 105, 1
109, 70, 1
109, 102, 1
109, 112, 1
102, 107, 1
102, 108, 1
102, 106, 1
102, 103, 1
102, 110, 1
102, 131, 1
102, 105, 1
102, 70, 1
102, 109, 1
102, 112, 1
112, 107, 1
112, 108, 1
112, 106, 1
112, 103, 1
112, 110, 1
112, 131, 1
112, 105, 1
112, 70, 1
112, 109, 1
112, 102, 1
171, 163, 1
171, 166, 1
171, 174, 1
171, 168, 1
163, 171, 1
163, 166, 1
163, 174, 1
163, 168, 1
166, 171, 1
166, 163, 1
166, 174, 1
166, 168, 1
174, 171, 1
174, 163, 1
174, 166, 1
174, 168, 1
168, 171, 1
168, 163, 1
168, 166, 1
168, 174, 1
184, 180, 1
184, 178, 1
184, 181, 1
180, 184, 1
180, 178, 1
180, 181, 1
178, 184, 1
178, 180, 1
178, 181, 1
181, 184, 1
181, 180, 1
181, 178, 1
207, 201, 1
207, 189, 1
207, 202, 1
207, 185, 1
207, 188, 1
207, 186, 1
201, 207, 1
201, 189, 1
201, 202, 1
201, 185, 1
201, 188, 1
201, 186, 1
189, 207, 1
189, 201, 1
189, 202, 1
189, 185, 1
189, 188, 1
189, 186, 1
202, 207, 1
202, 201, 1
202, 189, 1
202, 185, 1
202, 188, 1
202, 186, 1
185, 207, 1
185, 201, 1
185, 189, 1
185, 202, 1
185, 188, 1
185, 186, 1
188, 207, 1
188, 201, 1
188, 189, 1
188, 202, 1
188, 185, 1
188, 186, 1
186, 207, 1
186, 201, 1
186, 189, 1
186, 202, 1
186, 185, 1
186, 188, 1
5, 107, -1
5, 108, -1
5, 106, -1
5, 103, -1
5, 110, -1
5, 131, -1
5, 105, -1
5, 70, -1
5, 109, -1
5, 102, -1
5, 112, -1
21, 107, -1
21, 108, -1
21, 106, -1
21, 103, -1
21, 110, -1
21, 131, -1
21, 105, -1
21, 70, -1
21, 109, -1
21, 102, -1
21, 112, -1
67, 107, -1
67, 108, -1
67, 106, -1
67, 103, -1
67, 110, -1
67, 131, -1
67, 105, -1
67, 70, -1
67, 109, -1
67, 102, -1
67, 112, -1
5, 171, -1
5, 163, -1
5, 166, -1
5, 174, -1
5, 168, -1
21, 171, -1
21, 163, -1
21, 166, -1
21, 174, -1
21, 168, -1
67, 171, -1
67, 163, -1
67, 166, -1
67, 174, -1
67, 168, -1
5, 184, -1
5, 180, -1
5, 178, -1
5, 181, -1
21, 184, -1
21, 180, -1
21, 178, -1
21, 181, -1
67, 184, -1
67, 180, -1
67, 178, -1
67, 181, -1
5, 207, -1
5, 201, -1
5, 189, -1
5, 202, -1
5, 185, -1
5, 188, -1
5, 186, -1
21, 207, -1
21, 201, -1
21, 189, -1
21, 202, -1
21, 185, -1
21, 188, -1
21, 186, -1
67, 207, -1
67, 201, -1
67, 189, -1
67, 202, -1
67, 185, -1
67, 188, -1
67, 186, -1
107, 5, -1
107, 21, -1
107, 67, -1
108, 5, -1
108, 21, -1
108, 67, -1
106, 5, -1
106, 21, -1
106, 67, -1
103, 5, -1
103, 21, -1
103, 67, -1
110, 5, -1
110, 21, -1
110, 67, -1
131, 5, -1
131, 21, -1
131, 67, -1
105, 5, -1
105, 21, -1
105, 67, -1
70, 5, -1
70, 21, -1
70, 67, -1
109, 5, -1
109, 21, -1
109, 67, -1
102, 5, -1
102, 21, -1
102, 67, -1
112, 5, -1
112, 21, -1
112, 67, -1
107, 171, -1
107, 163, -1
107, 166, -1
107, 174, -1
107, 168, -1
108, 171, -1
108, 163, -1
108, 166, -1
108, 174, -1
108, 168, -1
106, 171, -1
106, 163, -1
106, 166, -1
106, 174, -1
106, 168, -1
103, 171, -1
103, 163, -1
103, 166, -1
103, 174, -1
103, 168, -1
110, 171, -1
110, 163, -1
110, 166, -1
110, 174, -1
110, 168, -1
131, 171, -1
131, 163, -1
131, 166, -1
131, 174, -1
131, 168, -1
105, 171, -1
105, 163, -1
105, 166, -1
105, 174, -1
105, 168, -1
70, 171, -1
70, 163, -1
70, 166, -1
70, 174, -1
70, 168, -1
109, 171, -1
109, 163, -1
109, 166, -1
109, 174, -1
109, 168, -1
102, 171, -1
102, 163, -1
102, 166, -1
102, 174, -1
102, 168, -1
112, 171, -1
112, 163, -1
112, 166, -1
112, 174, -1
112, 168, -1
107, 184, -1
107, 180, -1
107, 178, -1
107, 181, -1
108, 184, -1
108, 180, -1
108, 178, -1
108, 181, -1
106, 184, -1
106, 180, -1
106, 178, -1
106, 181, -1
103, 184, -1
103, 180, -1
103, 178, -1
103, 181, -1
110, 184, -1
110, 180, -1
110, 178, -1
110, 181, -1
131, 184, -1
131, 180, -1
131, 178, -1
131, 181, -1
105, 184, -1
105, 180, -1
105, 178, -1
105, 181, -1
70, 184, -1
70, 180, -1
70, 178, -1
70, 181, -1
109, 184, -1
109, 180, -1
109, 178, -1
109, 181, -1
102, 184, -1
102, 180, -1
102, 178, -1
102, 181, -1
112, 184, -1
112, 180, -1
112, 178, -1
112, 181, -1
107, 207, -1
107, 201, -1
107, 189, -1
107, 202, -1
107, 185, -1
107, 188, -1
107, 186, -1
108, 207, -1
108, 201, -1
108, 189, -1
108, 202, -1
108, 185, -1
108, 188, -1
108, 186, -1
106, 207, -1
106, 201, -1
106, 189, -1
106, 202, -1
106, 185, -1
106, 188, -1
106, 186, -1
103, 207, -1
103, 201, -1
103, 189, -1
103, 202, -1
103, 185, -1
103, 188, -1
103, 186, -1
110, 207, -1
110, 201, -1
110, 189, -1
110, 202, -1
110, 185, -1
110, 188, -1
110, 186, -1
131, 207, -1
131, 201, -1
131, 189, -1
131, 202, -1
131, 185, -1
131, 188, -1
131, 186, -1
105, 207, -1
105, 201, -1
105, 189, -1
105, 202, -1
105, 185, -1
105, 188, -1
105, 186, -1
70, 207, -1
70, 201, -1
70, 189, -1
70, 202, -1
70, 185, -1
70, 188, -1
70, 186, -1
109, 207, -1
109, 201, -1
109, 189, -1
109, 202, -1
109, 185, -1
109, 188, -1
109, 186, -1
102, 207, -1
102, 201, -1
102, 189, -1
102, 202, -1
102, 185, -1
102, 188, -1
102, 186, -1
112, 207, -1
112, 201, -1
112, 189, -1
112, 202, -1
112, 185, -1
112, 188, -1
112, 186, -1
171, 5, -1
171, 21, -1
171, 67, -1
163, 5, -1
163, 21, -1
163, 67, -1
166, 5, -1
166, 21, -1
166, 67, -1
174, 5, -1
174, 21, -1
174, 67, -1
168, 5, -1
168, 21, -1
168, 67, -1
171, 107, -1
171, 108, -1
171, 106, -1
171, 103, -1
171, 110, -1
171, 131, -1
171, 105, -1
171, 70, -1
171, 109, -1
171, 102, -1
171, 112, -1
163, 107, -1
163, 108, -1
163, 106, -1
163, 103, -1
163, 110, -1
163, 131, -1
163, 105, -1
163, 70, -1
163, 109, -1
163, 102, -1
163, 112, -1
166, 107, -1
166, 108, -1
166, 106, -1
166, 103, -1
166, 110, -1
166, 131, -1
166, 105, -1
166, 70, -1
166, 109, -1
166, 102, -1
166, 112, -1
174, 107, -1
174, 108, -1
174, 106, -1
174, 103, -1
174, 110, -1
174, 131, -1
174, 105, -1
174, 70, -1
174, 109, -1
174, 102, -1
174, 112, -1
168, 107, -1
168, 108, -1
168, 106, -1
168, 103, -1
168, 110, -1
168, 131, -1
168, 105, -1
168, 70, -1
168, 109, -1
168, 102, -1
168, 112, -1
171, 184, -1
171, 180, -1
171, 178, -1
171, 181, -1
163, 184, -1
163, 180, -1
163, 178, -1
163, 181, -1
166, 184, -1
166, 180, -1
166, 178, -1
166, 181, -1
174, 184, -1
174, 180, -1
174, 178, -1
174, 181, -1
168, 184, -1
168, 180, -1
168, 178, -1
168, 181, -1
171, 207, -1
171, 201, -1
171, 189, -1
171, 202, -1
171, 185, -1
171, 188, -1
171, 186, -1
163, 207, -1
163, 201, -1
163, 189, -1
163, 202, -1
163, 185, -1
163, 188, -1
163, 186, -1
166, 207, -1
166, 201, -1
166, 189, -1
166, 202, -1
166, 185, -1
166, 188, -1
166, 186, -1
174, 207, -1
174, 201, -1
174, 189, -1
174, 202, -1
174, 185, -1
174, 188, -1
174, 186, -1
168, 207, -1
168, 201, -1
168, 189, -1
168, 202, -1
168, 185, -1
168, 188, -1
168, 186, -1
184, 5, -1
184, 21, -1
184, 67, -1
180, 5, -1
180, 21, -1
180, 67, -1
178, 5, -1
178, 21, -1
178, 67, -1
181, 5, -1
181, 21, -1
181, 67, -1
184, 107, -1
184, 108, -1
184, 106, -1
184, 103, -1
184, 110, -1
184, 131, -1
184, 105, -1
184, 70, -1
184, 109, -1
184, 102, -1
184, 112, -1
180, 107, -1
180, 108, -1
180, 106, -1
180, 103, -1
180, 110, -1
180, 131, -1
180, 105, -1
180, 70, -1
180, 109, -1
180, 102, -1
180, 112, -1
178, 107, -1
178, 108, -1
178, 106, -1
178, 103, -1
178, 110, -1
178, 131, -1
178, 105, -1
178, 70, -1
178, 109, -1
178, 102, -1
178, 112, -1
181, 107, -1
181, 108, -1
181, 106, -1
181, 103, -1
181, 110, -1
181, 131, -1
181, 105, -1
181, 70, -1
181, 109, -1
181, 102, -1
181, 112, -1
184, 171, -1
184, 163, -1
184, 166, -1
184, 174, -1
184, 168, -1
180, 171, -1
180, 163, -1
180, 166, -1
180, 174, -1
180, 168, -1
178, 171, -1
178, 163, -1
178, 166, -1
178, 174, -1
178, 168, -1
181, 171, -1
181, 163, -1
181, 166, -1
181, 174, -1
181, 168, -1
184, 207, -1
184, 201, -1
184, 189, -1
184, 202, -1
184, 185, -1
184, 188, -1
184, 186, -1
180, 207, -1
180, 201, -1
180, 189, -1
180, 202, -1
180, 185, -1
180, 188, -1
180, 186, -1
178, 207, -1
178, 201, -1
178, 189, -1
178, 202, -1
178, 185, -1
178, 188, -1
178, 186, -1
181, 207, -1
181, 201, -1
181, 189, -1
181, 202, -1
181, 185, -1
181, 188, -1
181, 186, -1
207, 5, -1
207, 21, -1
207, 67, -1
201, 5, -1
201, 21, -1
201, 67, -1
189, 5, -1
189, 21, -1
189, 67, -1
202, 5, -1
202, 21, -1
202, 67, -1
185, 5, -1
185, 21, -1
185, 67, -1
188, 5, -1
188, 21, -1
188, 67, -1
186, 5, -1
186, 21, -1
186, 67, -1
207, 107, -1
207, 108, -1
207, 106, -1
207, 103, -1
207, 110, -1
207, 131, -1
207, 105, -1
207, 70, -1
207, 109, -1
207, 102, -1
207, 112, -1
201, 107, -1
201, 108, -1
201, 106, -1
201, 103, -1
201, 110, -1
201, 131, -1
201, 105, -1
201, 70, -1
201, 109, -1
201, 102, -1
201, 112, -1
189, 107, -1
189, 108, -1
189, 106, -1
189, 103, -1
189, 110, -1
189, 131, -1
189, 105, -1
189, 70, -1
189, 109, -1
189, 102, -1
189, 112, -1
202, 107, -1
202, 108, -1
202, 106, -1
202, 103, -1
202, 110, -1
202, 131, -1
202, 105, -1
202, 70, -1
202, 109, -1
202, 102, -1
202, 112, -1
185, 107, -1
185, 108, -1
185, 106, -1
185, 103, -1
185, 110, -1
185, 131, -1
185, 105, -1
185, 70, -1
185, 109, -1
185, 102, -1
185, 112, -1
188, 107, -1
188, 108, -1
188, 106, -1
188, 103, -1
188, 110, -1
188, 131, -1
188, 105, -1
188, 70, -1
188, 109, -1
188, 102, -1
188, 112, -1
186, 107, -1
186, 108, -1
186, 106, -1
186, 103, -1
186, 110, -1
186, 131, -1
186, 105, -1
186, 70, -1
186, 109, -1
186, 102, -1
186, 112, -1
207, 171, -1
207, 163, -1
207, 166, -1
207, 174, -1
207, 168, -1
201, 171, -1
201, 163, -1
201, 166, -1
201, 174, -1
201, 168, -1
189, 171, -1
189, 163, -1
189, 166, -1
189, 174, -1
189, 168, -1
202, 171, -1
202, 163, -1
202, 166, -1
202, 174, -1
202, 168, -1
185, 171, -1
185, 163, -1
185, 166, -1
185, 174, -1
185, 168, -1
188, 171, -1
188, 163, -1
188, 166, -1
188, 174, -1
188, 168, -1
186, 171, -1
186, 163, -1
186, 166, -1
186, 174, -1
186, 168, -1
207, 184, -1
207, 180, -1
207, 178, -1
207, 181, -1
201, 184, -1
201, 180, -1
201, 178, -1
201, 181, -1
189, 184, -1
189, 180, -1
189, 178, -1
189, 181, -1
202, 184, -1
202, 180, -1
202, 178, -1
202, 181, -1
185, 184, -1
185, 180, -1
185, 178, -1
185, 181, -1
188, 184, -1
188, 180, -1
188, 178, -1
188, 181, -1
186, 184, -1
186, 180, -1
186, 178, -1
186, 181, -1

