171, 163, 1
163, 171, 1
6, 107, -1
6, 171, -1
6, 163, -1
6, 184, -1
107, 6, -1
107, 171, -1
107, 163, -1
107, 184, -1
171, 6, -1
163, 6, -1
171, 107, -1
163, 107, -1
171, 184, -1
163, 184, -1
184, 6, -1
184, 107, -1
184, 171, -1
184, 163, -1

107, 108, 1
107, 106, 1
108, 107, 1
108, 106, 1
106, 107, 1
106, 108, 1
171, 163, 1
163, 171, 1
6, 107, -1
6, 108, -1
6, 106, -1
6, 171, -1
6, 163, -1
6, 184, -1
6, 201, -1
107, 6, -1
108, 6, -1
106, 6, -1
107, 171, -1
107, 163, -1
108, 171, -1
108, 163, -1
106, 171, -1
106, 163, -1
107, 184, -1
108, 184, -1
106, 184, -1
107, 201, -1
108, 201, -1
106, 201, -1
171, 6, -1
163, 6, -1
171, 107, -1
171, 108, -1
171, 106, -1
163, 107, -1
163, 108, -1
163, 106, -1
171, 184, -1
163, 184, -1
171, 201, -1
163, 201, -1
184, 6, -1
184, 107, -1
184, 108, -1
184, 106, -1
184, 171, -1
184, 163, -1
184, 201, -1
201, 6, -1
201, 107, -1
201, 108, -1
201, 106, -1
201, 171, -1
201, 163, -1
201, 184, -1

107, 108, 1
107, 106, 1
108, 107, 1
108, 106, 1
106, 107, 1
106, 108, 1
171, 163, 1
163, 171, 1
201, 207, 1
201, 189, 1
207, 201, 1
207, 189, 1
189, 201, 1
189, 207, 1
6, 107, -1
6, 108, -1
6, 106, -1
6, 171, -1
6, 163, -1
6, 184, -1
6, 201, -1
6, 207, -1
6, 189, -1
107, 6, -1
108, 6, -1
106, 6, -1
107, 171, -1
107, 163, -1
108, 171, -1
108, 163, -1
106, 171, -1
106, 163, -1
107, 184, -1
108, 184, -1
106, 184, -1
107, 201, -1
107, 207, -1
107, 189, -1
108, 201, -1
108, 207, -1
108, 189, -1
106, 201, -1
106, 207, -1
106, 189, -1
171, 6, -1
163, 6, -1
171, 107, -1
171, 108, -1
171, 106, -1
163, 107, -1
163, 108, -1
163, 106, -1
171, 184, -1
163, 184, -1
171, 201, -1
171, 207, -1
171, 189, -1
163, 201, -1
163, 207, -1
163, 189, -1
184, 6, -1
184, 107, -1
184, 108, -1
184, 106, -1
184, 171, -1
184, 163, -1
184, 201, -1
184, 207, -1
184, 189, -1
201, 6, -1
207, 6, -1
189, 6, -1
201, 107, -1
201, 108, -1
201, 106, -1
207, 107, -1
207, 108, -1
207, 106, -1
189, 107, -1
189, 108, -1
189, 106, -1
201, 171, -1
201, 163, -1
207, 171, -1
207, 163, -1
189, 171, -1
189, 163, -1
201, 184, -1
207, 184, -1
189, 184, -1

107, 108, 1
107, 106, 1
107, 103, 1
107, 110, 1
108, 107, 1
108, 106, 1
108, 103, 1
108, 110, 1
106, 107, 1
106, 108, 1
106, 103, 1
106, 110, 1
103, 107, 1
103, 108, 1
103, 106, 1
103, 110, 1
110, 107, 1
110, 108, 1
110, 106, 1
110, 103, 1
171, 163, 1
171, 166, 1
163, 171, 1
163, 166, 1
166, 171, 1
166, 163, 1
201, 207, 1
201, 189, 1
207, 201, 1
207, 189, 1
189, 201, 1
189, 207, 1
6, 107, -1
6, 108, -1
6, 106, -1
6, 103, -1
6, 110, -1
6, 171, -1
6, 163, -1
6, 166, -1
6, 184, -1
6, 201, -1
6, 207, -1
6, 189, -1
107, 6, -1
108, 6, -1
106, 6, -1
103, 6, -1
110, 6, -1
107, 171, -1
107, 163, -1
107, 166, -1
108, 171, -1
108, 163, -1
108, 166, -1
106, 171, -1
106, 163, -1
106, 166, -1
103, 171, -1
103, 163, -1
103, 166, -1
110, 171, -1
110, 163, -1
110, 166, -1
107, 184, -1
108, 184, -1
106, 184, -1
103, 184, -1
110, 184, -1
107, 201, -1
107, 207, -1
107, 189, -1
108, 201, -1
108, 207, -1
108, 189, -1
106, 201, -1
106, 207, -1
106, 189, -1
103, 201, -1
103, 207, -1
103, 189, -1
110, 201, -1
110, 207, -1
110, 189, -1
171, 6, -1
163, 6, -1
166, 6, -1
171, 107, -1
171, 108, -1
171, 106, -1
171, 103, -1
171, 110, -1
163, 107, -1
163, 108, -1
163, 106, -1
163, 103, -1
163, 110, -1
166, 107, -1
166, 108, -1
166, 106, -1
166, 103, -1
166, 110, -1
171, 184, -1
163, 184, -1
166, 184, -1
171, 201, -1
171, 207, -1
171, 189, -1
163, 201, -1
163, 207, -1
163, 189, -1
166, 201, -1
166, 207, -1
166, 189, -1
184, 6, -1
184, 107, -1
184, 108, -1
184, 106, -1
184, 103, -1
184, 110, -1
184, 171, -1
184, 163, -1
184, 166, -1
184, 201, -1
184, 207, -1
184, 189, -1
201, 6, -1
207, 6, -1
189, 6, -1
201, 107, -1
201, 108, -1
201, 106, -1
201, 103, -1
201, 110, -1
207, 107, -1
207, 108, -1
207, 106, -1
207, 103, -1
207, 110, -1
189, 107, -1
189, 108, -1
189, 106, -1
189, 103, -1
189, 110, -1
201, 171, -1
201, 163, -1
201, 166, -1
207, 171, -1
207, 163, -1
207, 166, -1
189, 171, -1
189, 163, -1
189, 166, -1
201, 184, -1
207, 184, -1
189, 184, -1

107, 108, 1
107, 106, 1
107, 103, 1
107, 110, 1
108, 107, 1
108, 106, 1
108, 103, 1
108, 110, 1
106, 107, 1
106, 108, 1
106, 103, 1
106, 110, 1
103, 107, 1
103, 108, 1
103, 106, 1
103, 110, 1
110, 107, 1
110, 108, 1
110, 106, 1
110, 103, 1
171, 163, 1
171, 166, 1
163, 171, 1
163, 166, 1
166, 171, 1
166, 163, 1
201, 207, 1
201, 189, 1
201, 202, 1
201, 185, 1
207, 201, 1
207, 189, 1
207, 202, 1
207, 185, 1
189, 201, 1
189, 207, 1
189, 202, 1
189, 185, 1
202, 201, 1
202, 207, 1
202, 189, 1
202, 185, 1
185, 201, 1
185, 207, 1
185, 189, 1
185, 202, 1
6, 107, -1
6, 108, -1
6, 106, -1
6, 103, -1
6, 110, -1
6, 171, -1
6, 163, -1
6, 166, -1
6, 184, -1
6, 201, -1
6, 207, -1
6, 189, -1
6, 202, -1
6, 185, -1
107, 6, -1
108, 6, -1
106, 6, -1
103, 6, -1
110, 6, -1
107, 171, -1
107, 163, -1
107, 166, -1
108, 171, -1
108, 163, -1
108, 166, -1
106, 171, -1
106, 163, -1
106, 166, -1
103, 171, -1
103, 163, -1
103, 166, -1
110, 171, -1
110, 163, -1
110, 166, -1
107, 184, -1
108, 184, -1
106, 184, -1
103, 184, -1
110, 184, -1
107, 201, -1
107, 207, -1
107, 189, -1
107, 202, -1
107, 185, -1
108, 201, -1
108, 207, -1
108, 189, -1
108, 202, -1
108, 185, -1
106, 201, -1
106, 207, -1
106, 189, -1
106, 202, -1
106, 185, -1
103, 201, -1
103, 207, -1
103, 189, -1
103, 202, -1
103, 185, -1
110, 201, -1
110, 207, -1
110, 189, -1
110, 202, -1
110, 185, -1
171, 6, -1
163, 6, -1
166, 6, -1
171, 107, -1
171, 108, -1
171, 106, -1
171, 103, -1
171, 110, -1
163, 107, -1
163, 108, -1
163, 106, -1
163, 103, -1
163, 110, -1
166, 107, -1
166, 108, -1
166, 106, -1
166, 103, -1
166, 110, -1
171, 184, -1
163, 184, -1
166, 184, -1
171, 201, -1
171, 207, -1
171, 189, -1
171, 202, -1
171, 185, -1
163, 201, -1
163, 207, -1
163, 189, -1
163, 202, -1
163, 185, -1
166, 201, -1
166, 207, -1
166, 189, -1
166, 202, -1
166, 185, -1
184, 6, -1
184, 107, -1
184, 108, -1
184, 106, -1
184, 103, -1
184, 110, -1
184, 171, -1
184, 163, -1
184, 166, -1
184, 201, -1
184, 207, -1
184, 189, -1
184, 202, -1
184, 185, -1
201, 6, -1
207, 6, -1
189, 6, -1
202, 6, -1
185, 6, -1
201, 107, -1
201, 108, -1
201, 106, -1
201, 103, -1
201, 110, -1
207, 107, -1
207, 108, -1
207, 106, -1
207, 103, -1
207, 110, -1
189, 107, -1
189, 108, -1
189, 106, -1
189, 103, -1
189, 110, -1
202, 107, -1
202, 108, -1
202, 106, -1
202, 103, -1
202, 110, -1
185, 107, -1
185, 108, -1
185, 106, -1
185, 103, -1
185, 110, -1
201, 171, -1
201, 163, -1
201, 166, -1
207, 171, -1
207, 163, -1
207, 166, -1
189, 171, -1
189, 163, -1
189, 166, -1
202, 171, -1
202, 163, -1
202, 166, -1
185, 171, -1
185, 163, -1
185, 166, -1
201, 184, -1
207, 184, -1
189, 184, -1
202, 184, -1
185, 184, -1

107, 108, 1
107, 106, 1
107, 103, 1
107, 110, 1
107, 131, 1
108, 107, 1
108, 106, 1
108, 103, 1
108, 110, 1
108, 131, 1
106, 107, 1
106, 108, 1
106, 103, 1
106, 110, 1
106, 131, 1
103, 107, 1
103, 108, 1
103, 106, 1
103, 110, 1
103, 131, 1
110, 107, 1
110, 108, 1
110, 106, 1
110, 103, 1
110, 131, 1
131, 107, 1
131, 108, 1
131, 106, 1
131, 103, 1
131, 110, 1
171, 163, 1
171, 166, 1
171, 174, 1
171, 168, 1
163, 171, 1
163, 166, 1
163, 174, 1
163, 168, 1
166, 171, 1
166, 163, 1
166, 174, 1
166, 168, 1
174, 171, 1
174, 163, 1
174, 166, 1
174, 168, 1
168, 171, 1
168, 163, 1
168, 166, 1
168, 174, 1
201, 207, 1
201, 189, 1
201, 202, 1
201, 185, 1
207, 201, 1
207, 189, 1
207, 202, 1
207, 185, 1
189, 201, 1
189, 207, 1
189, 202, 1
189, 185, 1
202, 201, 1
202, 207, 1
202, 189, 1
202, 185, 1
185, 201, 1
185, 207, 1
185, 189, 1
185, 202, 1
6, 107, -1
6, 108, -1
6, 106, -1
6, 103, -1
6, 110, -1
6, 131, -1
6, 171, -1
6, 163, -1
6, 166, -1
6, 174, -1
6, 168, -1
6, 184, -1
6, 201, -1
6, 207, -1
6, 189, -1
6, 202, -1
6, 185, -1
107, 6, -1
108, 6, -1
106, 6, -1
103, 6, -1
110, 6, -1
131, 6, -1
107, 171, -1
107, 163, -1
107, 166, -1
107, 174, -1
107, 168, -1
108, 171, -1
108, 163, -1
108, 166, -1
108, 174, -1
108, 168, -1
106, 171, -1
106, 163, -1
106, 166, -1
106, 174, -1
106, 168, -1
103, 171, -1
103, 163, -1
103, 166, -1
103, 174, -1
103, 168, -1
110, 171, -1
110, 163, -1
110, 166, -1
110, 174, -1
110, 168, -1
131, 171, -1
131, 163, -1
131, 166, -1
131, 174, -1
131, 168, -1
107, 184, -1
108, 184, -1
106, 184, -1
103, 184, -1
110, 184, -1
131, 184, -1
107, 201, -1
107, 207, -1
107, 189, -1
107, 202, -1
107, 185, -1
108, 201, -1
108, 207, -1
108, 189, -1
108, 202, -1
108, 185, -1
106, 201, -1
106, 207, -1
106, 189, -1
106, 202, -1
106, 185, -1
103, 201, -1
103, 207, -1
103, 189, -1
103, 202, -1
103, 185, -1
110, 201, -1
110, 207, -1
110, 189, -1
110, 202, -1
110, 185, -1
131, 201, -1
131, 207, -1
131, 189, -1
131, 202, -1
131, 185, -1
171, 6, -1
163, 6, -1
166, 6, -1
174, 6, -1
168, 6, -1
171, 107, -1
171, 108, -1
171, 106, -1
171, 103, -1
171, 110, -1
171, 131, -1
163, 107, -1
163, 108, -1
163, 106, -1
163, 103, -1
163, 110, -1
163, 131, -1
166, 107, -1
166, 108, -1
166, 106, -1
166, 103, -1
166, 110, -1
166, 131, -1
174, 107, -1
174, 108, -1
174, 106, -1
174, 103, -1
174, 110, -1
174, 131, -1
168, 107, -1
168, 108, -1
168, 106, -1
168, 103, -1
168, 110, -1
168, 131, -1
171, 184, -1
163, 184, -1
166, 184, -1
174, 184, -1
168, 184, -1
171, 201, -1
171, 207, -1
171, 189, -1
171, 202, -1
171, 185, -1
163, 201, -1
163, 207, -1
163, 189, -1
163, 202, -1
163, 185, -1
166, 201, -1
166, 207, -1
166, 189, -1
166, 202, -1
166, 185, -1
174, 201, -1
174, 207, -1
174, 189, -1
174, 202, -1
174, 185, -1
168, 201, -1
168, 207, -1
168, 189, -1
168, 202, -1
168, 185, -1
184, 6, -1
184, 107, -1
184, 108, -1
184, 106, -1
184, 103, -1
184, 110, -1
184, 131, -1
184, 171, -1
184, 163, -1
184, 166, -1
184, 174, -1
184, 168, -1
184, 201, -1
184, 207, -1
184, 189, -1
184, 202, -1
184, 185, -1
201, 6, -1
207, 6, -1
189, 6, -1
202, 6, -1
185, 6, -1
201, 107, -1
201, 108, -1
201, 106, -1
201, 103, -1
201, 110, -1
201, 131, -1
207, 107, -1
207, 108, -1
207, 106, -1
207, 103, -1
207, 110, -1
207, 131, -1
189, 107, -1
189, 108, -1
189, 106, -1
189, 103, -1
189, 110, -1
189, 131, -1
202, 107, -1
202, 108, -1
202, 106, -1
202, 103, -1
202, 110, -1
202, 131, -1
185, 107, -1
185, 108, -1
185, 106, -1
185, 103, -1
185, 110, -1
185, 131, -1
201, 171, -1
201, 163, -1
201, 166, -1
201, 174, -1
201, 168, -1
207, 171, -1
207, 163, -1
207, 166, -1
207, 174, -1
207, 168, -1
189, 171, -1
189, 163, -1
189, 166, -1
189, 174, -1
189, 168, -1
202, 171, -1
202, 163, -1
202, 166, -1
202, 174, -1
202, 168, -1
185, 171, -1
185, 163, -1
185, 166, -1
185, 174, -1
185, 168, -1
201, 184, -1
207, 184, -1
189, 184, -1
202, 184, -1
185, 184, -1

107, 108, 1
107, 106, 1
107, 103, 1
107, 110, 1
107, 131, 1
108, 107, 1
108, 106, 1
108, 103, 1
108, 110, 1
108, 131, 1
106, 107, 1
106, 108, 1
106, 103, 1
106, 110, 1
106, 131, 1
103, 107, 1
103, 108, 1
103, 106, 1
103, 110, 1
103, 131, 1
110, 107, 1
110, 108, 1
110, 106, 1
110, 103, 1
110, 131, 1
131, 107, 1
131, 108, 1
131, 106, 1
131, 103, 1
131, 110, 1
171, 163, 1
171, 166, 1
171, 174, 1
171, 168, 1
163, 171, 1
163, 166, 1
163, 174, 1
163, 168, 1
166, 171, 1
166, 163, 1
166, 174, 1
166, 168, 1
174, 171, 1
174, 163, 1
174, 166, 1
174, 168, 1
168, 171, 1
168, 163, 1
168, 166, 1
168, 174, 1
201, 207, 1
201, 189, 1
201, 202, 1
201, 185, 1
201, 188, 1
207, 201, 1
207, 189, 1
207, 202, 1
207, 185, 1
207, 188, 1
189, 201, 1
189, 207, 1
189, 202, 1
189, 185, 1
189, 188, 1
202, 201, 1
202, 207, 1
202, 189, 1
202, 185, 1
202, 188, 1
185, 201, 1
185, 207, 1
185, 189, 1
185, 202, 1
185, 188, 1
188, 201, 1
188, 207, 1
188, 189, 1
188, 202, 1
188, 185, 1
6, 107, -1
6, 108, -1
6, 106, -1
6, 103, -1
6, 110, -1
6, 131, -1
6, 171, -1
6, 163, -1
6, 166, -1
6, 174, -1
6, 168, -1
6, 184, -1
6, 201, -1
6, 207, -1
6, 189, -1
6, 202, -1
6, 185, -1
6, 188, -1
6, 151, -1
107, 6, -1
108, 6, -1
106, 6, -1
103, 6, -1
110, 6, -1
131, 6, -1
107, 171, -1
107, 163, -1
107, 166, -1
107, 174, -1
107, 168, -1
108, 171, -1
108, 163, -1
108, 166, -1
108, 174, -1
108, 168, -1
106, 171, -1
106, 163, -1
106, 166, -1
106, 174, -1
106, 168, -1
103, 171, -1
103, 163, -1
103, 166, -1
103, 174, -1
103, 168, -1
110, 171, -1
110, 163, -1
110, 166, -1
110, 174, -1
110, 168, -1
131, 171, -1
131, 163, -1
131, 166, -1
131, 174, -1
131, 168, -1
107, 184, -1
108, 184, -1
106, 184, -1
103, 184, -1
110, 184, -1
131, 184, -1
107, 201, -1
107, 207, -1
107, 189, -1
107, 202, -1
107, 185, -1
107, 188, -1
108, 201, -1
108, 207, -1
108, 189, -1
108, 202, -1
108, 185, -1
108, 188, -1
106, 201, -1
106, 207, -1
106, 189, -1
106, 202, -1
106, 185, -1
106, 188, -1
103, 201, -1
103, 207, -1
103, 189, -1
103, 202, -1
103, 185, -1
103, 188, -1
110, 201, -1
110, 207, -1
110, 189, -1
110, 202, -1
110, 185, -1
110, 188, -1
131, 201, -1
131, 207, -1
131, 189, -1
131, 202, -1
131, 185, -1
131, 188, -1
107, 151, -1
108, 151, -1
106, 151, -1
103, 151, -1
110, 151, -1
131, 151, -1
171, 6, -1
163, 6, -1
166, 6, -1
174, 6, -1
168, 6, -1
171, 107, -1
171, 108, -1
171, 106, -1
171, 103, -1
171, 110, -1
171, 131, -1
163, 107, -1
163, 108, -1
163, 106, -1
163, 103, -1
163, 110, -1
163, 131, -1
166, 107, -1
166, 108, -1
166, 106, -1
166, 103, -1
166, 110, -1
166, 131, -1
174, 107, -1
174, 108, -1
174, 106, -1
174, 103, -1
174, 110, -1
174, 131, -1
168, 107, -1
168, 108, -1
168, 106, -1
168, 103, -1
168, 110, -1
168, 131, -1
171, 184, -1
163, 184, -1
166, 184, -1
174, 184, -1
168, 184, -1
171, 201, -1
171, 207, -1
171, 189, -1
171, 202, -1
171, 185, -1
171, 188, -1
163, 201, -1
163, 207, -1
163, 189, -1
163, 202, -1
163, 185, -1
163, 188, -1
166, 201, -1
166, 207, -1
166, 189, -1
166, 202, -1
166, 185, -1
166, 188, -1
174, 201, -1
174, 207, -1
174, 189, -1
174, 202, -1
174, 185, -1
174, 188, -1
168, 201, -1
168, 207, -1
168, 189, -1
168, 202, -1
168, 185, -1
168, 188, -1
171, 151, -1
163, 151, -1
166, 151, -1
174, 151, -1
168, 151, -1
184, 6, -1
184, 107, -1
184, 108, -1
184, 106, -1
184, 103, -1
184, 110, -1
184, 131, -1
184, 171, -1
184, 163, -1
184, 166, -1
184, 174, -1
184, 168, -1
184, 201, -1
184, 207, -1
184, 189, -1
184, 202, -1
184, 185, -1
184, 188, -1
184, 151, -1
201, 6, -1
207, 6, -1
189, 6, -1
202, 6, -1
185, 6, -1
188, 6, -1
201, 107, -1
201, 108, -1
201, 106, -1
201, 103, -1
201, 110, -1
201, 131, -1
207, 107, -1
207, 108, -1
207, 106, -1
207, 103, -1
207, 110, -1
207, 131, -1
189, 107, -1
189, 108, -1
189, 106, -1
189, 103, -1
189, 110, -1
189, 131, -1
202, 107, -1
202, 108, -1
202, 106, -1
202, 103, -1
202, 110, -1
202, 131, -1
185, 107, -1
185, 108, -1
185, 106, -1
185, 103, -1
185, 110, -1
185, 131, -1
188, 107, -1
188, 108, -1
188, 106, -1
188, 103, -1
188, 110, -1
188, 131, -1
201, 171, -1
201, 163, -1
201, 166, -1
201, 174, -1
201, 168, -1
207, 171, -1
207, 163, -1
207, 166, -1
207, 174, -1
207, 168, -1
189, 171, -1
189, 163, -1
189, 166, -1
189, 174, -1
189, 168, -1
202, 171, -1
202, 163, -1
202, 166, -1
202, 174, -1
202, 168, -1
185, 171, -1
185, 163, -1
185, 166, -1
185, 174, -1
185, 168, -1
188, 171, -1
188, 163, -1
188, 166, -1
188, 174, -1
188, 168, -1
201, 184, -1
207, 184, -1
189, 184, -1
202, 184, -1
185, 184, -1
188, 184, -1
201, 151, -1
207, 151, -1
189, 151, -1
202, 151, -1
185, 151, -1
188, 151, -1
151, 6, -1
151, 107, -1
151, 108, -1
151, 106, -1
151, 103, -1
151, 110, -1
151, 131, -1
151, 171, -1
151, 163, -1
151, 166, -1
151, 174, -1
151, 168, -1
151, 184, -1
151, 201, -1
151, 207, -1
151, 189, -1
151, 202, -1
151, 185, -1
151, 188, -1

6, 14, 1
6, 60, 1
14, 6, 1
14, 60, 1
60, 6, 1
60, 14, 1
107, 108, 1
107, 106, 1
107, 103, 1
107, 110, 1
107, 131, 1
107, 93, 1
107, 89, 1
108, 107, 1
108, 106, 1
108, 103, 1
108, 110, 1
108, 131, 1
108, 93, 1
108, 89, 1
106, 107, 1
106, 108, 1
106, 103, 1
106, 110, 1
106, 131, 1
106, 93, 1
106, 89, 1
103, 107, 1
103, 108, 1
103, 106, 1
103, 110, 1
103, 131, 1
103, 93, 1
103, 89, 1
110, 107, 1
110, 108, 1
110, 106, 1
110, 103, 1
110, 131, 1
110, 93, 1
110, 89, 1
131, 107, 1
131, 108, 1
131, 106, 1
131, 103, 1
131, 110, 1
131, 93, 1
131, 89, 1
93, 107, 1
93, 108, 1
93, 106, 1
93, 103, 1
93, 110, 1
93, 131, 1
93, 89, 1
89, 107, 1
89, 108, 1
89, 106, 1
89, 103, 1
89, 110, 1
89, 131, 1
89, 93, 1
171, 163, 1
171, 166, 1
171, 174, 1
171, 168, 1
163, 171, 1
163, 166, 1
163, 174, 1
163, 168, 1
166, 171, 1
166, 163, 1
166, 174, 1
166, 168, 1
174, 171, 1
174, 163, 1
174, 166, 1
174, 168, 1
168, 171, 1
168, 163, 1
168, 166, 1
168, 174, 1
201, 207, 1
201, 189, 1
201, 202, 1
201, 185, 1
201, 188, 1
201, 196, 1
207, 201, 1
207, 189, 1
207, 202, 1
207, 185, 1
207, 188, 1
207, 196, 1
189, 201, 1
189, 207, 1
189, 202, 1
189, 185, 1
189, 188, 1
189, 196, 1
202, 201, 1
202, 207, 1
202, 189, 1
202, 185, 1
202, 188, 1
202, 196, 1
185, 201, 1
185, 207, 1
185, 189, 1
185, 202, 1
185, 188, 1
185, 196, 1
188, 201, 1
188, 207, 1
188, 189, 1
188, 202, 1
188, 185, 1
188, 196, 1
196, 201, 1
196, 207, 1
196, 189, 1
196, 202, 1
196, 185, 1
196, 188, 1
6, 107, -1
6, 108, -1
6, 106, -1
6, 103, -1
6, 110, -1
6, 131, -1
6, 93, -1
6, 89, -1
14, 107, -1
14, 108, -1
14, 106, -1
14, 103, -1
14, 110, -1
14, 131, -1
14, 93, -1
14, 89, -1
60, 107, -1
60, 108, -1
60, 106, -1
60, 103, -1
60, 110, -1
60, 131, -1
60, 93, -1
60, 89, -1
6, 171, -1
6, 163, -1
6, 166, -1
6, 174, -1
6, 168, -1
14, 171, -1
14, 163, -1
14, 166, -1
14, 174, -1
14, 168, -1
60, 171, -1
60, 163, -1
60, 166, -1
60, 174, -1
60, 168, -1
6, 184, -1
14, 184, -1
60, 184, -1
6, 201, -1
6, 207, -1
6, 189, -1
6, 202, -1
6, 185, -1
6, 188, -1
6, 196, -1
14, 201, -1
14, 207, -1
14, 189, -1
14, 202, -1
14, 185, -1
14, 188, -1
14, 196, -1
60, 201, -1
60, 207, -1
60, 189, -1
60, 202, -1
60, 185, -1
60, 188, -1
60, 196, -1
6, 151, -1
14, 151, -1
60, 151, -1
107, 6, -1
107, 14, -1
107, 60, -1
108, 6, -1
108, 14, -1
108, 60, -1
106, 6, -1
106, 14, -1
106, 60, -1
103, 6, -1
103, 14, -1
103, 60, -1
110, 6, -1
110, 14, -1
110, 60, -1
131, 6, -1
131, 14, -1
131, 60, -1
93, 6, -1
93, 14, -1
93, 60, -1
89, 6, -1
89, 14, -1
89, 60, -1
107, 171, -1
107, 163, -1
107, 166, -1
107, 174, -1
107, 168, -1
108, 171, -1
108, 163, -1
108, 166, -1
108, 174, -1
108, 168, -1
106, 171, -1
106, 163, -1
106, 166, -1
106, 174, -1
106, 168, -1
103, 171, -1
103, 163, -1
103, 166, -1
103, 174, -1
103, 168, -1
110, 171, -1
110, 163, -1
110, 166, -1
110, 174, -1
110, 168, -1
131, 171, -1
131, 163, -1
131, 166, -1
131, 174, -1
131, 168, -1
93, 171, -1
93, 163, -1
93, 166, -1
93, 174, -1
93, 168, -1
89, 171, -1
89, 163, -1
89, 166, -1
89, 174, -1
89, 168, -1
107, 184, -1
108, 184, -1
106, 184, -1
103, 184, -1
110, 184, -1
131, 184, -1
93, 184, -1
89, 184, -1
107, 201, -1
107, 207, -1
107, 189, -1
107, 202, -1
107, 185, -1
107, 188, -1
107, 196, -1
108, 201, -1
108, 207, -1
108, 189, -1
108, 202, -1
108, 185, -1
108, 188, -1
108, 196, -1
106, 201, -1
106, 207, -1
106, 189, -1
106, 202, -1
106, 185, -1
106, 188, -1
106, 196, -1
103, 201, -1
103, 207, -1
103, 189, -1
103, 202, -1
103, 185, -1
103, 188, -1
103, 196, -1
110, 201, -1
110, 207, -1
110, 189, -1
110, 202, -1
110, 185, -1
110, 188, -1
110, 196, -1
131, 201, -1
131, 207, -1
131, 189, -1
131, 202, -1
131, 185, -1
131, 188, -1
131, 196, -1
93, 201, -1
93, 207, -1
93, 189, -1
93, 202, -1
93, 185, -1
93, 188, -1
93, 196, -1
89, 201, -1
89, 207, -1
89, 189, -1
89, 202, -1
89, 185, -1
89, 188, -1
89, 196, -1
107, 151, -1
108, 151, -1
106, 151, -1
103, 151, -1
110, 151, -1
131, 151, -1
93, 151, -1
89, 151, -1
171, 6, -1
171, 14, -1
171, 60, -1
163, 6, -1
163, 14, -1
163, 60, -1
166, 6, -1
166, 14, -1
166, 60, -1
174, 6, -1
174, 14, -1
174, 60, -1
168, 6, -1
168, 14, -1
168, 60, -1
171, 107, -1
171, 108, -1
171, 106, -1
171, 103, -1
171, 110, -1
171, 131, -1
171, 93, -1
171, 89, -1
163, 107, -1
163, 108, -1
163, 106, -1
163, 103, -1
163, 110, -1
163, 131, -1
163, 93, -1
163, 89, -1
166, 107, -1
166, 108, -1
166, 106, -1
166, 103, -1
166, 110, -1
166, 131, -1
166, 93, -1
166, 89, -1
174, 107, -1
174, 108, -1
174, 106, -1
174, 103, -1
174, 110, -1
174, 131, -1
174, 93, -1
174, 89, -1
168, 107, -1
168, 108, -1
168, 106, -1
168, 103, -1
168, 110, -1
168, 131, -1
168, 93, -1
168, 89, -1
171, 184, -1
163, 184, -1
166, 184, -1
174, 184, -1
168, 184, -1
171, 201, -1
171, 207, -1
171, 189, -1
171, 202, -1
171, 185, -1
171, 188, -1
171, 196, -1
163, 201, -1
163, 207, -1
163, 189, -1
163, 202, -1
163, 185, -1
163, 188, -1
163, 196, -1
166, 201, -1
166, 207, -1
166, 189, -1
166, 202, -1
166, 185, -1
166, 188, -1
166, 196, -1
174, 201, -1
174, 207, -1
174, 189, -1
174, 202, -1
174, 185, -1
174, 188, -1
174, 196, -1
168, 201, -1
168, 207, -1
168, 189, -1
168, 202, -1
168, 185, -1
168, 188, -1
168, 196, -1
171, 151, -1
163, 151, -1
166, 151, -1
174, 151, -1
168, 151, -1
184, 6, -1
184, 14, -1
184, 60, -1
184, 107, -1
184, 108, -1
184, 106, -1
184, 103, -1
184, 110, -1
184, 131, -1
184, 93, -1
184, 89, -1
184, 171, -1
184, 163, -1
184, 166, -1
184, 174, -1
184, 168, -1
184, 201, -1
184, 207, -1
184, 189, -1
184, 202, -1
184, 185, -1
184, 188, -1
184, 196, -1
184, 151, -1
201, 6, -1
201, 14, -1
201, 60, -1
207, 6, -1
207, 14, -1
207, 60, -1
189, 6, -1
189, 14, -1
189, 60, -1
202, 6, -1
202, 14, -1
202, 60, -1
185, 6, -1
185, 14, -1
185, 60, -1
188, 6, -1
188, 14, -1
188, 60, -1
196, 6, -1
196, 14, -1
196, 60, -1
201, 107, -1
201, 108, -1
201, 106, -1
201, 103, -1
201, 110, -1
201, 131, -1
201, 93, -1
201, 89, -1
207, 107, -1
207, 108, -1
207, 106, -1
207, 103, -1
207, 110, -1
207, 131, -1
207, 93, -1
207, 89, -1
189, 107, -1
189, 108, -1
189, 106, -1
189, 103, -1
189, 110, -1
189, 131, -1
189, 93, -1
189, 89, -1
202, 107, -1
202, 108, -1
202, 106, -1
202, 103, -1
202, 110, -1
202, 131, -1
202, 93, -1
202, 89, -1
185, 107, -1
185, 108, -1
185, 106, -1
185, 103, -1
185, 110, -1
185, 131, -1
185, 93, -1
185, 89, -1
188, 107, -1
188, 108, -1
188, 106, -1
188, 103, -1
188, 110, -1
188, 131, -1
188, 93, -1
188, 89, -1
196, 107, -1
196, 108, -1
196, 106, -1
196, 103, -1
196, 110, -1
196, 131, -1
196, 93, -1
196, 89, -1
201, 171, -1
201, 163, -1
201, 166, -1
201, 174, -1
201, 168, -1
207, 171, -1
207, 163, -1
207, 166, -1
207, 174, -1
207, 168, -1
189, 171, -1
189, 163, -1
189, 166, -1
189, 174, -1
189, 168, -1
202, 171, -1
202, 163, -1
202, 166, -1
202, 174, -1
202, 168, -1
185, 171, -1
185, 163, -1
185, 166, -1
185, 174, -1
185, 168, -1
188, 171, -1
188, 163, -1
188, 166, -1
188, 174, -1
188, 168, -1
196, 171, -1
196, 163, -1
196, 166, -1
196, 174, -1
196, 168, -1
201, 184, -1
207, 184, -1
189, 184, -1
202, 184, -1
185, 184, -1
188, 184, -1
196, 184, -1
201, 151, -1
207, 151, -1
189, 151, -1
202, 151, -1
185, 151, -1
188, 151, -1
196, 151, -1
151, 6, -1
151, 14, -1
151, 60, -1
151, 107, -1
151, 108, -1
151, 106, -1
151, 103, -1
151, 110, -1
151, 131, -1
151, 93, -1
151, 89, -1
151, 171, -1
151, 163, -1
151, 166, -1
151, 174, -1
151, 168, -1
151, 184, -1
151, 201, -1
151, 207, -1
151, 189, -1
151, 202, -1
151, 185, -1
151, 188, -1
151, 196, -1

6, 14, 1
6, 60, 1
6, 58, 1
14, 6, 1
14, 60, 1
14, 58, 1
60, 6, 1
60, 14, 1
60, 58, 1
58, 6, 1
58, 14, 1
58, 60, 1
107, 108, 1
107, 106, 1
107, 103, 1
107, 110, 1
107, 131, 1
107, 93, 1
107, 89, 1
107, 114, 1
107, 91, 1
107, 71, 1
108, 107, 1
108, 106, 1
108, 103, 1
108, 110, 1
108, 131, 1
108, 93, 1
108, 89, 1
108, 114, 1
108, 91, 1
108, 71, 1
106, 107, 1
106, 108, 1
106, 103, 1
106, 110, 1
106, 131, 1
106, 93, 1
106, 89, 1
106, 114, 1
106, 91, 1
106, 71, 1
103, 107, 1
103, 108, 1
103, 106, 1
103, 110, 1
103, 131, 1
103, 93, 1
103, 89, 1
103, 114, 1
103, 91, 1
103, 71, 1
110, 107, 1
110, 108, 1
110, 106, 1
110, 103, 1
110, 131, 1
110, 93, 1
110, 89, 1
110, 114, 1
110, 91, 1
110, 71, 1
131, 107, 1
131, 108, 1
131, 106, 1
131, 103, 1
131, 110, 1
131, 93, 1
131, 89, 1
131, 114, 1
131, 91, 1
131, 71, 1
93, 107, 1
93, 108, 1
93, 106, 1
93, 103, 1
93, 110, 1
93, 131, 1
93, 89, 1
93, 114, 1
93, 91, 1
93, 71, 1
89, 107, 1
89, 108, 1
89, 106, 1
89, 103, 1
89, 110, 1
89, 131, 1
89, 93, 1
89, 114, 1
89, 91, 1
89, 71, 1
114, 107, 1
114, 108, 1
114, 106, 1
114, 103, 1
114, 110, 1
114, 131, 1
114, 93, 1
114, 89, 1
114, 91, 1
114, 71, 1
91, 107, 1
91, 108, 1
91, 106, 1
91, 103, 1
91, 110, 1
91, 131, 1
91, 93, 1
91, 89, 1
91, 114, 1
91, 71, 1
71, 107, 1
71, 108, 1
71, 106, 1
71, 103, 1
71, 110, 1
71, 131, 1
71, 93, 1
71, 89, 1
71, 114, 1
71, 91, 1
171, 163, 1
171, 166, 1
171, 174, 1
171, 168, 1
163, 171, 1
163, 166, 1
163, 174, 1
163, 168, 1
166, 171, 1
166, 163, 1
166, 174, 1
166, 168, 1
174, 171, 1
174, 163, 1
174, 166, 1
174, 168, 1
168, 171, 1
168, 163, 1
168, 166, 1
168, 174, 1
201, 207, 1
201, 189, 1
201, 202, 1
201, 185, 1
201, 188, 1
201, 196, 1
201, 210, 1
201, 197, 1
207, 201, 1
207, 189, 1
207, 202, 1
207, 185, 1
207, 188, 1
207, 196, 1
207, 210, 1
207, 197, 1
189, 201, 1
189, 207, 1
189, 202, 1
189, 185, 1
189, 188, 1
189, 196, 1
189, 210, 1
189, 197, 1
202, 201, 1
202, 207, 1
202, 189, 1
202, 185, 1
202, 188, 1
202, 196, 1
202, 210, 1
202, 197, 1
185, 201, 1
185, 207, 1
185, 189, 1
185, 202, 1
185, 188, 1
185, 196, 1
185, 210, 1
185, 197, 1
188, 201, 1
188, 207, 1
188, 189, 1
188, 202, 1
188, 185, 1
188, 196, 1
188, 210, 1
188, 197, 1
196, 201, 1
196, 207, 1
196, 189, 1
196, 202, 1
196, 185, 1
196, 188, 1
196, 210, 1
196, 197, 1
210, 201, 1
210, 207, 1
210, 189, 1
210, 202, 1
210, 185, 1
210, 188, 1
210, 196, 1
210, 197, 1
197, 201, 1
197, 207, 1
197, 189, 1
197, 202, 1
197, 185, 1
197, 188, 1
197, 196, 1
197, 210, 1
6, 107, -1
6, 108, -1
6, 106, -1
6, 103, -1
6, 110, -1
6, 131, -1
6, 93, -1
6, 89, -1
6, 114, -1
6, 91, -1
6, 71, -1
14, 107, -1
14, 108, -1
14, 106, -1
14, 103, -1
14, 110, -1
14, 131, -1
14, 93, -1
14, 89, -1
14, 114, -1
14, 91, -1
14, 71, -1
60, 107, -1
60, 108, -1
60, 106, -1
60, 103, -1
60, 110, -1
60, 131, -1
60, 93, -1
60, 89, -1
60, 114, -1
60, 91, -1
60, 71, -1
58, 107, -1
58, 108, -1
58, 106, -1
58, 103, -1
58, 110, -1
58, 131, -1
58, 93, -1
58, 89, -1
58, 114, -1
58, 91, -1
58, 71, -1
6, 171, -1
6, 163, -1
6, 166, -1
6, 174, -1
6, 168, -1
14, 171, -1
14, 163, -1
14, 166, -1
14, 174, -1
14, 168, -1
60, 171, -1
60, 163, -1
60, 166, -1
60, 174, -1
60, 168, -1
58, 171, -1
58, 163, -1
58, 166, -1
58, 174, -1
58, 168, -1
6, 184, -1
14, 184, -1
60, 184, -1
58, 184, -1
6, 201, -1
6, 207, -1
6, 189, -1
6, 202, -1
6, 185, -1
6, 188, -1
6, 196, -1
6, 210, -1
6, 197, -1
14, 201, -1
14, 207, -1
14, 189, -1
14, 202, -1
14, 185, -1
14, 188, -1
14, 196, -1
14, 210, -1
14, 197, -1
60, 201, -1
60, 207, -1
60, 189, -1
60, 202, -1
60, 185, -1
60, 188, -1
60, 196, -1
60, 210, -1
60, 197, -1
58, 201, -1
58, 207, -1
58, 189, -1
58, 202, -1
58, 185, -1
58, 188, -1
58, 196, -1
58, 210, -1
58, 197, -1
6, 151, -1
14, 151, -1
60, 151, -1
58, 151, -1
107, 6, -1
107, 14, -1
107, 60, -1
107, 58, -1
108, 6, -1
108, 14, -1
108, 60, -1
108, 58, -1
106, 6, -1
106, 14, -1
106, 60, -1
106, 58, -1
103, 6, -1
103, 14, -1
103, 60, -1
103, 58, -1
110, 6, -1
110, 14, -1
110, 60, -1
110, 58, -1
131, 6, -1
131, 14, -1
131, 60, -1
131, 58, -1
93, 6, -1
93, 14, -1
93, 60, -1
93, 58, -1
89, 6, -1
89, 14, -1
89, 60, -1
89, 58, -1
114, 6, -1
114, 14, -1
114, 60, -1
114, 58, -1
91, 6, -1
91, 14, -1
91, 60, -1
91, 58, -1
71, 6, -1
71, 14, -1
71, 60, -1
71, 58, -1
107, 171, -1
107, 163, -1
107, 166, -1
107, 174, -1
107, 168, -1
108, 171, -1
108, 163, -1
108, 166, -1
108, 174, -1
108, 168, -1
106, 171, -1
106, 163, -1
106, 166, -1
106, 174, -1
106, 168, -1
103, 171, -1
103, 163, -1
103, 166, -1
103, 174, -1
103, 168, -1
110, 171, -1
110, 163, -1
110, 166, -1
110, 174, -1
110, 168, -1
131, 171, -1
131, 163, -1
131, 166, -1
131, 174, -1
131, 168, -1
93, 171, -1
93, 163, -1
93, 166, -1
93, 174, -1
93, 168, -1
89, 171, -1
89, 163, -1
89, 166, -1
89, 174, -1
89, 168, -1
114, 171, -1
114, 163, -1
114, 166, -1
114, 174, -1
114, 168, -1
91, 171, -1
91, 163, -1
91, 166, -1
91, 174, -1
91, 168, -1
71, 171, -1
71, 163, -1
71, 166, -1
71, 174, -1
71, 168, -1
107, 184, -1
108, 184, -1
106, 184, -1
103, 184, -1
110, 184, -1
131, 184, -1
93, 184, -1
89, 184, -1
114, 184, -1
91, 184, -1
71, 184, -1
107, 201, -1
107, 207, -1
107, 189, -1
107, 202, -1
107, 185, -1
107, 188, -1
107, 196, -1
107, 210, -1
107, 197, -1
108, 201, -1
108, 207, -1
108, 189, -1
108, 202, -1
108, 185, -1
108, 188, -1
108, 196, -1
108, 210, -1
108, 197, -1
106, 201, -1
106, 207, -1
106, 189, -1
106, 202, -1
106, 185, -1
106, 188, -1
106, 196, -1
106, 210, -1
106, 197, -1
103, 201, -1
103, 207, -1
103, 189, -1
103, 202, -1
103, 185, -1
103, 188, -1
103, 196, -1
103, 210, -1
103, 197, -1
110, 201, -1
110, 207, -1
110, 189, -1
110, 202, -1
110, 185, -1
110, 188, -1
110, 196, -1
110, 210, -1
110, 197, -1
131, 201, -1
131, 207, -1
131, 189, -1
131, 202, -1
131, 185, -1
131, 188, -1
131, 196, -1
131, 210, -1
131, 197, -1
93, 201, -1
93, 207, -1
93, 189, -1
93, 202, -1
93, 185, -1
93, 188, -1
93, 196, -1
93, 210, -1
93, 197, -1
89, 201, -1
89, 207, -1
89, 189, -1
89, 202, -1
89, 185, -1
89, 188, -1
89, 196, -1
89, 210, -1
89, 197, -1
114, 201, -1
114, 207, -1
114, 189, -1
114, 202, -1
114, 185, -1
114, 188, -1
114, 196, -1
114, 210, -1
114, 197, -1
91, 201, -1
91, 207, -1
91, 189, -1
91, 202, -1
91, 185, -1
91, 188, -1
91, 196, -1
91, 210, -1
91, 197, -1
71, 201, -1
71, 207, -1
71, 189, -1
71, 202, -1
71, 185, -1
71, 188, -1
71, 196, -1
71, 210, -1
71, 197, -1
107, 151, -1
108, 151, -1
106, 151, -1
103, 151, -1
110, 151, -1
131, 151, -1
93, 151, -1
89, 151, -1
114, 151, -1
91, 151, -1
71, 151, -1
171, 6, -1
171, 14, -1
171, 60, -1
171, 58, -1
163, 6, -1
163, 14, -1
163, 60, -1
163, 58, -1
166, 6, -1
166, 14, -1
166, 60, -1
166, 58, -1
174, 6, -1
174, 14, -1
174, 60, -1
174, 58, -1
168, 6, -1
168, 14, -1
168, 60, -1
168, 58, -1
171, 107, -1
171, 108, -1
171, 106, -1
171, 103, -1
171, 110, -1
171, 131, -1
171, 93, -1
171, 89, -1
171, 114, -1
171, 91, -1
171, 71, -1
163, 107, -1
163, 108, -1
163, 106, -1
163, 103, -1
163, 110, -1
163, 131, -1
163, 93, -1
163, 89, -1
163, 114, -1
163, 91, -1
163, 71, -1
166, 107, -1
166, 108, -1
166, 106, -1
166, 103, -1
166, 110, -1
166, 131, -1
166, 93, -1
166, 89, -1
166, 114, -1
166, 91, -1
166, 71, -1
174, 107, -1
174, 108, -1
174, 106, -1
174, 103, -1
174, 110, -1
174, 131, -1
174, 93, -1
174, 89, -1
174, 114, -1
174, 91, -1
174, 71, -1
168, 107, -1
168, 108, -1
168, 106, -1
168, 103, -1
168, 110, -1
168, 131, -1
168, 93, -1
168, 89, -1
168, 114, -1
168, 91, -1
168, 71, -1
171, 184, -1
163, 184, -1
166, 184, -1
174, 184, -1
168, 184, -1
171, 201, -1
171, 207, -1
171, 189, -1
171, 202, -1
171, 185, -1
171, 188, -1
171, 196, -1
171, 210, -1
171, 197, -1
163, 201, -1
163, 207, -1
163, 189, -1
163, 202, -1
163, 185, -1
163, 188, -1
163, 196, -1
163, 210, -1
163, 197, -1
166, 201, -1
166, 207, -1
166, 189, -1
166, 202, -1
166, 185, -1
166, 188, -1
166, 196, -1
166, 210, -1
166, 197, -1
174, 201, -1
174, 207, -1
174, 189, -1
174, 202, -1
174, 185, -1
174, 188, -1
174, 196, -1
174, 210, -1
174, 197, -1
168, 201, -1
168, 207, -1
168, 189, -1
168, 202, -1
168, 185, -1
168, 188, -1
168, 196, -1
168, 210, -1
168, 197, -1
171, 151, -1
163, 151, -1
166, 151, -1
174, 151, -1
168, 151, -1
184, 6, -1
184, 14, -1
184, 60, -1
184, 58, -1
184, 107, -1
184, 108, -1
184, 106, -1
184, 103, -1
184, 110, -1
184, 131, -1
184, 93, -1
184, 89, -1
184, 114, -1
184, 91, -1
184, 71, -1
184, 171, -1
184, 163, -1
184, 166, -1
184, 174, -1
184, 168, -1
184, 201, -1
184, 207, -1
184, 189, -1
184, 202, -1
184, 185, -1
184, 188, -1
184, 196, -1
184, 210, -1
184, 197, -1
184, 151, -1
201, 6, -1
201, 14, -1
201, 60, -1
201, 58, -1
207, 6, -1
207, 14, -1
207, 60, -1
207, 58, -1
189, 6, -1
189, 14, -1
189, 60, -1
189, 58, -1
202, 6, -1
202, 14, -1
202, 60, -1
202, 58, -1
185, 6, -1
185, 14, -1
185, 60, -1
185, 58, -1
188, 6, -1
188, 14, -1
188, 60, -1
188, 58, -1
196, 6, -1
196, 14, -1
196, 60, -1
196, 58, -1
210, 6, -1
210, 14, -1
210, 60, -1
210, 58, -1
197, 6, -1
197, 14, -1
197, 60, -1
197, 58, -1
201, 107, -1
201, 108, -1
201, 106, -1
201, 103, -1
201, 110, -1
201, 131, -1
201, 93, -1
201, 89, -1
201, 114, -1
201, 91, -1
201, 71, -1
207, 107, -1
207, 108, -1
207, 106, -1
207, 103, -1
207, 110, -1
207, 131, -1
207, 93, -1
207, 89, -1
207, 114, -1
207, 91, -1
207, 71, -1
189, 107, -1
189, 108, -1
189, 106, -1
189, 103, -1
189, 110, -1
189, 131, -1
189, 93, -1
189, 89, -1
189, 114, -1
189, 91, -1
189, 71, -1
202, 107, -1
202, 108, -1
202, 106, -1
202, 103, -1
202, 110, -1
202, 131, -1
202, 93, -1
202, 89, -1
202, 114, -1
202, 91, -1
202, 71, -1
185, 107, -1
185, 108, -1
185, 106, -1
185, 103, -1
185, 110, -1
185, 131, -1
185, 93, -1
185, 89, -1
185, 114, -1
185, 91, -1
185, 71, -1
188, 107, -1
188, 108, -1
188, 106, -1
188, 103, -1
188, 110, -1
188, 131, -1
188, 93, -1
188, 89, -1
188, 114, -1
188, 91, -1
188, 71, -1
196, 107, -1
196, 108, -1
196, 106, -1
196, 103, -1
196, 110, -1
196, 131, -1
196, 93, -1
196, 89, -1
196, 114, -1
196, 91, -1
196, 71, -1
210, 107, -1
210, 108, -1
210, 106, -1
210, 103, -1
210, 110, -1
210, 131, -1
210, 93, -1
210, 89, -1
210, 114, -1
210, 91, -1
210, 71, -1
197, 107, -1
197, 108, -1
197, 106, -1
197, 103, -1
197, 110, -1
197, 131, -1
197, 93, -1
197, 89, -1
197, 114, -1
197, 91, -1
197, 71, -1
201, 171, -1
201, 163, -1
201, 166, -1
201, 174, -1
201, 168, -1
207, 171, -1
207, 163, -1
207, 166, -1
207, 174, -1
207, 168, -1
189, 171, -1
189, 163, -1
189, 166, -1
189, 174, -1
189, 168, -1
202, 171, -1
202, 163, -1
202, 166, -1
202, 174, -1
202, 168, -1
185, 171, -1
185, 163, -1
185, 166, -1
185, 174, -1
185, 168, -1
188, 171, -1
188, 163, -1
188, 166, -1
188, 174, -1
188, 168, -1
196, 171, -1
196, 163, -1
196, 166, -1
196, 174, -1
196, 168, -1
210, 171, -1
210, 163, -1
210, 166, -1
210, 174, -1
210, 168, -1
197, 171, -1
197, 163, -1
197, 166, -1
197, 174, -1
197, 168, -1
201, 184, -1
207, 184, -1
189, 184, -1
202, 184, -1
185, 184, -1
188, 184, -1
196, 184, -1
210, 184, -1
197, 184, -1
201, 151, -1
207, 151, -1
189, 151, -1
202, 151, -1
185, 151, -1
188, 151, -1
196, 151, -1
210, 151, -1
197, 151, -1
151, 6, -1
151, 14, -1
151, 60, -1
151, 58, -1
151, 107, -1
151, 108, -1
151, 106, -1
151, 103, -1
151, 110, -1
151, 131, -1
151, 93, -1
151, 89, -1
151, 114, -1
151, 91, -1
151, 71, -1
151, 171, -1
151, 163, -1
151, 166, -1
151, 174, -1
151, 168, -1
151, 184, -1
151, 201, -1
151, 207, -1
151, 189, -1
151, 202, -1
151, 185, -1
151, 188, -1
151, 196, -1
151, 210, -1
151, 197, -1

6, 14, 1
6, 60, 1
6, 58, 1
6, 32, 1
6, 40, 1
6, 22, 1
6, 44, 1
14, 6, 1
14, 60, 1
14, 58, 1
14, 32, 1
14, 40, 1
14, 22, 1
14, 44, 1
60, 6, 1
60, 14, 1
60, 58, 1
60, 32, 1
60, 40, 1
60, 22, 1
60, 44, 1
58, 6, 1
58, 14, 1
58, 60, 1
58, 32, 1
58, 40, 1
58, 22, 1
58, 44, 1
32, 6, 1
32, 14, 1
32, 60, 1
32, 58, 1
32, 40, 1
32, 22, 1
32, 44, 1
40, 6, 1
40, 14, 1
40, 60, 1
40, 58, 1
40, 32, 1
40, 22, 1
40, 44, 1
22, 6, 1
22, 14, 1
22, 60, 1
22, 58, 1
22, 32, 1
22, 40, 1
22, 44, 1
44, 6, 1
44, 14, 1
44, 60, 1
44, 58, 1
44, 32, 1
44, 40, 1
44, 22, 1
107, 108, 1
107, 106, 1
107, 103, 1
107, 110, 1
107, 131, 1
107, 93, 1
107, 89, 1
107, 114, 1
107, 91, 1
107, 71, 1
108, 107, 1
108, 106, 1
108, 103, 1
108, 110, 1
108, 131, 1
108, 93, 1
108, 89, 1
108, 114, 1
108, 91, 1
108, 71, 1
106, 107, 1
106, 108, 1
106, 103, 1
106, 110, 1
106, 131, 1
106, 93, 1
106, 89, 1
106, 114, 1
106, 91, 1
106, 71, 1
103, 107, 1
103, 108, 1
103, 106, 1
103, 110, 1
103, 131, 1
103, 93, 1
103, 89, 1
103, 114, 1
103, 91, 1
103, 71, 1
110, 107, 1
110, 108, 1
110, 106, 1
110, 103, 1
110, 131, 1
110, 93, 1
110, 89, 1
110, 114, 1
110, 91, 1
110, 71, 1
131, 107, 1
131, 108, 1
131, 106, 1
131, 103, 1
131, 110, 1
131, 93, 1
131, 89, 1
131, 114, 1
131, 91, 1
131, 71, 1
93, 107, 1
93, 108, 1
93, 106, 1
93, 103, 1
93, 110, 1
93, 131, 1
93, 89, 1
93, 114, 1
93, 91, 1
93, 71, 1
89, 107, 1
89, 108, 1
89, 106, 1
89, 103, 1
89, 110, 1
89, 131, 1
89, 93, 1
89, 114, 1
89, 91, 1
89, 71, 1
114, 107, 1
114, 108, 1
114, 106, 1
114, 103, 1
114, 110, 1
114, 131, 1
114, 93, 1
114, 89, 1
114, 91, 1
114, 71, 1
91, 107, 1
91, 108, 1
91, 106, 1
91, 103, 1
91, 110, 1
91, 131, 1
91, 93, 1
91, 89, 1
91, 114, 1
91, 71, 1
71, 107, 1
71, 108, 1
71, 106, 1
71, 103, 1
71, 110, 1
71, 131, 1
71, 93, 1
71, 89, 1
71, 114, 1
71, 91, 1
171, 163, 1
171, 166, 1
171, 174, 1
171, 168, 1
163, 171, 1
163, 166, 1
163, 174, 1
163, 168, 1
166, 171, 1
166, 163, 1
166, 174, 1
166, 168, 1
174, 171, 1
174, 163, 1
174, 166, 1
174, 168, 1
168, 171, 1
168, 163, 1
168, 166, 1
168, 174, 1
201, 207, 1
201, 189, 1
201, 202, 1
201, 185, 1
201, 188, 1
201, 196, 1
201, 210, 1
201, 197, 1
201, 200, 1
207, 201, 1
207, 189, 1
207, 202, 1
207, 185, 1
207, 188, 1
207, 196, 1
207, 210, 1
207, 197, 1
207, 200, 1
189, 201, 1
189, 207, 1
189, 202, 1
189, 185, 1
189, 188, 1
189, 196, 1
189, 210, 1
189, 197, 1
189, 200, 1
202, 201, 1
202, 207, 1
202, 189, 1
202, 185, 1
202, 188, 1
202, 196, 1
202, 210, 1
202, 197, 1
202, 200, 1
185, 201, 1
185, 207, 1
185, 189, 1
185, 202, 1
185, 188, 1
185, 196, 1
185, 210, 1
185, 197, 1
185, 200, 1
188, 201, 1
188, 207, 1
188, 189, 1
188, 202, 1
188, 185, 1
188, 196, 1
188, 210, 1
188, 197, 1
188, 200, 1
196, 201, 1
196, 207, 1
196, 189, 1
196, 202, 1
196, 185, 1
196, 188, 1
196, 210, 1
196, 197, 1
196, 200, 1
210, 201, 1
210, 207, 1
210, 189, 1
210, 202, 1
210, 185, 1
210, 188, 1
210, 196, 1
210, 197, 1
210, 200, 1
197, 201, 1
197, 207, 1
197, 189, 1
197, 202, 1
197, 185, 1
197, 188, 1
197, 196, 1
197, 210, 1
197, 200, 1
200, 201, 1
200, 207, 1
200, 189, 1
200, 202, 1
200, 185, 1
200, 188, 1
200, 196, 1
200, 210, 1
200, 197, 1
151, 148, 1
148, 151, 1
6, 107, -1
6, 108, -1
6, 106, -1
6, 103, -1
6, 110, -1
6, 131, -1
6, 93, -1
6, 89, -1
6, 114, -1
6, 91, -1
6, 71, -1
14, 107, -1
14, 108, -1
14, 106, -1
14, 103, -1
14, 110, -1
14, 131, -1
14, 93, -1
14, 89, -1
14, 114, -1
14, 91, -1
14, 71, -1
60, 107, -1
60, 108, -1
60, 106, -1
60, 103, -1
60, 110, -1
60, 131, -1
60, 93, -1
60, 89, -1
60, 114, -1
60, 91, -1
60, 71, -1
58, 107, -1
58, 108, -1
58, 106, -1
58, 103, -1
58, 110, -1
58, 131, -1
58, 93, -1
58, 89, -1
58, 114, -1
58, 91, -1
58, 71, -1
32, 107, -1
32, 108, -1
32, 106, -1
32, 103, -1
32, 110, -1
32, 131, -1
32, 93, -1
32, 89, -1
32, 114, -1
32, 91, -1
32, 71, -1
40, 107, -1
40, 108, -1
40, 106, -1
40, 103, -1
40, 110, -1
40, 131, -1
40, 93, -1
40, 89, -1
40, 114, -1
40, 91, -1
40, 71, -1
22, 107, -1
22, 108, -1
22, 106, -1
22, 103, -1
22, 110, -1
22, 131, -1
22, 93, -1
22, 89, -1
22, 114, -1
22, 91, -1
22, 71, -1
44, 107, -1
44, 108, -1
44, 106, -1
44, 103, -1
44, 110, -1
44, 131, -1
44, 93, -1
44, 89, -1
44, 114, -1
44, 91, -1
44, 71, -1
6, 171, -1
6, 163, -1
6, 166, -1
6, 174, -1
6, 168, -1
14, 171, -1
14, 163, -1
14, 166, -1
14, 174, -1
14, 168, -1
60, 171, -1
60, 163, -1
60, 166, -1
60, 174, -1
60, 168, -1
58, 171, -1
58, 163, -1
58, 166, -1
58, 174, -1
58, 168, -1
32, 171, -1
32, 163, -1
32, 166, -1
32, 174, -1
32, 168, -1
40, 171, -1
40, 163, -1
40, 166, -1
40, 174, -1
40, 168, -1
22, 171, -1
22, 163, -1
22, 166, -1
22, 174, -1
22, 168, -1
44, 171, -1
44, 163, -1
44, 166, -1
44, 174, -1
44, 168, -1
6, 184, -1
14, 184, -1
60, 184, -1
58, 184, -1
32, 184, -1
40, 184, -1
22, 184, -1
44, 184, -1
6, 201, -1
6, 207, -1
6, 189, -1
6, 202, -1
6, 185, -1
6, 188, -1
6, 196, -1
6, 210, -1
6, 197, -1
6, 200, -1
14, 201, -1
14, 207, -1
14, 189, -1
14, 202, -1
14, 185, -1
14, 188, -1
14, 196, -1
14, 210, -1
14, 197, -1
14, 200, -1
60, 201, -1
60, 207, -1
60, 189, -1
60, 202, -1
60, 185, -1
60, 188, -1
60, 196, -1
60, 210, -1
60, 197, -1
60, 200, -1
58, 201, -1
58, 207, -1
58, 189, -1
58, 202, -1
58, 185, -1
58, 188, -1
58, 196, -1
58, 210, -1
58, 197, -1
58, 200, -1
32, 201, -1
32, 207, -1
32, 189, -1
32, 202, -1
32, 185, -1
32, 188, -1
32, 196, -1
32, 210, -1
32, 197, -1
32, 200, -1
40, 201, -1
40, 207, -1
40, 189, -1
40, 202, -1
40, 185, -1
40, 188, -1
40, 196, -1
40, 210, -1
40, 197, -1
40, 200, -1
22, 201, -1
22, 207, -1
22, 189, -1
22, 202, -1
22, 185, -1
22, 188, -1
22, 196, -1
22, 210, -1
22, 197, -1
22, 200, -1
44, 201, -1
44, 207, -1
44, 189, -1
44, 202, -1
44, 185, -1
44, 188, -1
44, 196, -1
44, 210, -1
44, 197, -1
44, 200, -1
6, 151, -1
6, 148, -1
14, 151, -1
14, 148, -1
60, 151, -1
60, 148, -1
58, 151, -1
58, 148, -1
32, 151, -1
32, 148, -1
40, 151, -1
40, 148, -1
22, 151, -1
22, 148, -1
44, 151, -1
44, 148, -1
107, 6, -1
107, 14, -1
107, 60, -1
107, 58, -1
107, 32, -1
107, 40, -1
107, 22, -1
107, 44, -1
108, 6, -1
108, 14, -1
108, 60, -1
108, 58, -1
108, 32, -1
108, 40, -1
108, 22, -1
108, 44, -1
106, 6, -1
106, 14, -1
106, 60, -1
106, 58, -1
106, 32, -1
106, 40, -1
106, 22, -1
106, 44, -1
103, 6, -1
103, 14, -1
103, 60, -1
103, 58, -1
103, 32, -1
103, 40, -1
103, 22, -1
103, 44, -1
110, 6, -1
110, 14, -1
110, 60, -1
110, 58, -1
110, 32, -1
110, 40, -1
110, 22, -1
110, 44, -1
131, 6, -1
131, 14, -1
131, 60, -1
131, 58, -1
131, 32, -1
131, 40, -1
131, 22, -1
131, 44, -1
93, 6, -1
93, 14, -1
93, 60, -1
93, 58, -1
93, 32, -1
93, 40, -1
93, 22, -1
93, 44, -1
89, 6, -1
89, 14, -1
89, 60, -1
89, 58, -1
89, 32, -1
89, 40, -1
89, 22, -1
89, 44, -1
114, 6, -1
114, 14, -1
114, 60, -1
114, 58, -1
114, 32, -1
114, 40, -1
114, 22, -1
114, 44, -1
91, 6, -1
91, 14, -1
91, 60, -1
91, 58, -1
91, 32, -1
91, 40, -1
91, 22, -1
91, 44, -1
71, 6, -1
71, 14, -1
71, 60, -1
71, 58, -1
71, 32, -1
71, 40, -1
71, 22, -1
71, 44, -1
107, 171, -1
107, 163, -1
107, 166, -1
107, 174, -1
107, 168, -1
108, 171, -1
108, 163, -1
108, 166, -1
108, 174, -1
108, 168, -1
106, 171, -1
106, 163, -1
106, 166, -1
106, 174, -1
106, 168, -1
103, 171, -1
103, 163, -1
103, 166, -1
103, 174, -1
103, 168, -1
110, 171, -1
110, 163, -1
110, 166, -1
110, 174, -1
110, 168, -1
131, 171, -1
131, 163, -1
131, 166, -1
131, 174, -1
131, 168, -1
93, 171, -1
93, 163, -1
93, 166, -1
93, 174, -1
93, 168, -1
89, 171, -1
89, 163, -1
89, 166, -1
89, 174, -1
89, 168, -1
114, 171, -1
114, 163, -1
114, 166, -1
114, 174, -1
114, 168, -1
91, 171, -1
91, 163, -1
91, 166, -1
91, 174, -1
91, 168, -1
71, 171, -1
71, 163, -1
71, 166, -1
71, 174, -1
71, 168, -1
107, 184, -1
108, 184, -1
106, 184, -1
103, 184, -1
110, 184, -1
131, 184, -1
93, 184, -1
89, 184, -1
114, 184, -1
91, 184, -1
71, 184, -1
107, 201, -1
107, 207, -1
107, 189, -1
107, 202, -1
107, 185, -1
107, 188, -1
107, 196, -1
107, 210, -1
107, 197, -1
107, 200, -1
108, 201, -1
108, 207, -1
108, 189, -1
108, 202, -1
108, 185, -1
108, 188, -1
108, 196, -1
108, 210, -1
108, 197, -1
108, 200, -1
106, 201, -1
106, 207, -1
106, 189, -1
106, 202, -1
106, 185, -1
106, 188, -1
106, 196, -1
106, 210, -1
106, 197, -1
106, 200, -1
103, 201, -1
103, 207, -1
103, 189, -1
103, 202, -1
103, 185, -1
103, 188, -1
103, 196, -1
103, 210, -1
103, 197, -1
103, 200, -1
110, 201, -1
110, 207, -1
110, 189, -1
110, 202, -1
110, 185, -1
110, 188, -1
110, 196, -1
110, 210, -1
110, 197, -1
110, 200, -1
131, 201, -1
131, 207, -1
131, 189, -1
131, 202, -1
131, 185, -1
131, 188, -1
131, 196, -1
131, 210, -1
131, 197, -1
131, 200, -1
93, 201, -1
93, 207, -1
93, 189, -1
93, 202, -1
93, 185, -1
93, 188, -1
93, 196, -1
93, 210, -1
93, 197, -1
93, 200, -1
89, 201, -1
89, 207, -1
89, 189, -1
89, 202, -1
89, 185, -1
89, 188, -1
89, 196, -1
89, 210, -1
89, 197, -1
89, 200, -1
114, 201, -1
114, 207, -1
114, 189, -1
114, 202, -1
114, 185, -1
114, 188, -1
114, 196, -1
114, 210, -1
114, 197, -1
114, 200, -1
91, 201, -1
91, 207, -1
91, 189, -1
91, 202, -1
91, 185, -1
91, 188, -1
91, 196, -1
91, 210, -1
91, 197, -1
91, 200, -1
71, 201, -1
71, 207, -1
71, 189, -1
71, 202, -1
71, 185, -1
71, 188, -1
71, 196, -1
71, 210, -1
71, 197, -1
71, 200, -1
107, 151, -1
107, 148, -1
108, 151, -1
108, 148, -1
106, 151, -1
106, 148, -1
103, 151, -1
103, 148, -1
110, 151, -1
110, 148, -1
131, 151, -1
131, 148, -1
93, 151, -1
93, 148, -1
89, 151, -1
89, 148, -1
114, 151, -1
114, 148, -1
91, 151, -1
91, 148, -1
71, 151, -1
71, 148, -1
171, 6, -1
171, 14, -1
171, 60, -1
171, 58, -1
171, 32, -1
171, 40, -1
171, 22, -1
171, 44, -1
163, 6, -1
163, 14, -1
163, 60, -1
163, 58, -1
163, 32, -1
163, 40, -1
163, 22, -1
163, 44, -1
166, 6, -1
166, 14, -1
166, 60, -1
166, 58, -1
166, 32, -1
166, 40, -1
166, 22, -1
166, 44, -1
174, 6, -1
174, 14, -1
174, 60, -1
174, 58, -1
174, 32, -1
174, 40, -1
174, 22, -1
174, 44, -1
168, 6, -1
168, 14, -1
168, 60, -1
168, 58, -1
168, 32, -1
168, 40, -1
168, 22, -1
168, 44, -1
171, 107, -1
171, 108, -1
171, 106, -1
171, 103, -1
171, 110, -1
171, 131, -1
171, 93, -1
171, 89, -1
171, 114, -1
171, 91, -1
171, 71, -1
163, 107, -1
163, 108, -1
163, 106, -1
163, 103, -1
163, 110, -1
163, 131, -1
163, 93, -1
163, 89, -1
163, 114, -1
163, 91, -1
163, 71, -1
166, 107, -1
166, 108, -1
166, 106, -1
166, 103, -1
166, 110, -1
166, 131, -1
166, 93, -1
166, 89, -1
166, 114, -1
166, 91, -1
166, 71, -1
174, 107, -1
174, 108, -1
174, 106, -1
174, 103, -1
174, 110, -1
174, 131, -1
174, 93, -1
174, 89, -1
174, 114, -1
174, 91, -1
174, 71, -1
168, 107, -1
168, 108, -1
168, 106, -1
168, 103, -1
168, 110, -1
168, 131, -1
168, 93, -1
168, 89, -1
168, 114, -1
168, 91, -1
168, 71, -1
171, 184, -1
163, 184, -1
166, 184, -1
174, 184, -1
168, 184, -1
171, 201, -1
171, 207, -1
171, 189, -1
171, 202, -1
171, 185, -1
171, 188, -1
171, 196, -1
171, 210, -1
171, 197, -1
171, 200, -1
163, 201, -1
163, 207, -1
163, 189, -1
163, 202, -1
163, 185, -1
163, 188, -1
163, 196, -1
163, 210, -1
163, 197, -1
163, 200, -1
166, 201, -1
166, 207, -1
166, 189, -1
166, 202, -1
166, 185, -1
166, 188, -1
166, 196, -1
166, 210, -1
166, 197, -1
166, 200, -1
174, 201, -1
174, 207, -1
174, 189, -1
174, 202, -1
174, 185, -1
174, 188, -1
174, 196, -1
174, 210, -1
174, 197, -1
174, 200, -1
168, 201, -1
168, 207, -1
168, 189, -1
168, 202, -1
168, 185, -1
168, 188, -1
168, 196, -1
168, 210, -1
168, 197, -1
168, 200, -1
171, 151, -1
171, 148, -1
163, 151, -1
163, 148, -1
166, 151, -1
166, 148, -1
174, 151, -1
174, 148, -1
168, 151, -1
168, 148, -1
184, 6, -1
184, 14, -1
184, 60, -1
184, 58, -1
184, 32, -1
184, 40, -1
184, 22, -1
184, 44, -1
184, 107, -1
184, 108, -1
184, 106, -1
184, 103, -1
184, 110, -1
184, 131, -1
184, 93, -1
184, 89, -1
184, 114, -1
184, 91, -1
184, 71, -1
184, 171, -1
184, 163, -1
184, 166, -1
184, 174, -1
184, 168, -1
184, 201, -1
184, 207, -1
184, 189, -1
184, 202, -1
184, 185, -1
184, 188, -1
184, 196, -1
184, 210, -1
184, 197, -1
184, 200, -1
184, 151, -1
184, 148, -1
201, 6, -1
201, 14, -1
201, 60, -1
201, 58, -1
201, 32, -1
201, 40, -1
201, 22, -1
201, 44, -1
207, 6, -1
207, 14, -1
207, 60, -1
207, 58, -1
207, 32, -1
207, 40, -1
207, 22, -1
207, 44, -1
189, 6, -1
189, 14, -1
189, 60, -1
189, 58, -1
189, 32, -1
189, 40, -1
189, 22, -1
189, 44, -1
202, 6, -1
202, 14, -1
202, 60, -1
202, 58, -1
202, 32, -1
202, 40, -1
202, 22, -1
202, 44, -1
185, 6, -1
185, 14, -1
185, 60, -1
185, 58, -1
185, 32, -1
185, 40, -1
185, 22, -1
185, 44, -1
188, 6, -1
188, 14, -1
188, 60, -1
188, 58, -1
188, 32, -1
188, 40, -1
188, 22, -1
188, 44, -1
196, 6, -1
196, 14, -1
196, 60, -1
196, 58, -1
196, 32, -1
196, 40, -1
196, 22, -1
196, 44, -1
210, 6, -1
210, 14, -1
210, 60, -1
210, 58, -1
210, 32, -1
210, 40, -1
210, 22, -1
210, 44, -1
197, 6, -1
197, 14, -1
197, 60, -1
197, 58, -1
197, 32, -1
197, 40, -1
197, 22, -1
197, 44, -1
200, 6, -1
200, 14, -1
200, 60, -1
200, 58, -1
200, 32, -1
200, 40, -1
200, 22, -1
200, 44, -1
201, 107, -1
201, 108, -1
201, 106, -1
201, 103, -1
201, 110, -1
201, 131, -1
201, 93, -1
201, 89, -1
201, 114, -1
201, 91, -1
201, 71, -1
207, 107, -1
207, 108, -1
207, 106, -1
207, 103, -1
207, 110, -1
207, 131, -1
207, 93, -1
207, 89, -1
207, 114, -1
207, 91, -1
207, 71, -1
189, 107, -1
189, 108, -1
189, 106, -1
189, 103, -1
189, 110, -1
189, 131, -1
189, 93, -1
189, 89, -1
189, 114, -1
189, 91, -1
189, 71, -1
202, 107, -1
202, 108, -1
202, 106, -1
202, 103, -1
202, 110, -1
202, 131, -1
202, 93, -1
202, 89, -1
202, 114, -1
202, 91, -1
202, 71, -1
185, 107, -1
185, 108, -1
185, 106, -1
185, 103, -1
185, 110, -1
185, 131, -1
185, 93, -1
185, 89, -1
185, 114, -1
185, 91, -1
185, 71, -1
188, 107, -1
188, 108, -1
188, 106, -1
188, 103, -1
188, 110, -1
188, 131, -1
188, 93, -1
188, 89, -1
188, 114, -1
188, 91, -1
188, 71, -1
196, 107, -1
196, 108, -1
196, 106, -1
196, 103, -1
196, 110, -1
196, 131, -1
196, 93, -1
196, 89, -1
196, 114, -1
196, 91, -1
196, 71, -1
210, 107, -1
210, 108, -1
210, 106, -1
210, 103, -1
210, 110, -1
210, 131, -1
210, 93, -1
210, 89, -1
210, 114, -1
210, 91, -1
210, 71, -1
197, 107, -1
197, 108, -1
197, 106, -1
197, 103, -1
197, 110, -1
197, 131, -1
197, 93, -1
197, 89, -1
197, 114, -1
197, 91, -1
197, 71, -1
200, 107, -1
200, 108, -1
200, 106, -1
200, 103, -1
200, 110, -1
200, 131, -1
200, 93, -1
200, 89, -1
200, 114, -1
200, 91, -1
200, 71, -1
201, 171, -1
201, 163, -1
201, 166, -1
201, 174, -1
201, 168, -1
207, 171, -1
207, 163, -1
207, 166, -1
207, 174, -1
207, 168, -1
189, 171, -1
189, 163, -1
189, 166, -1
189, 174, -1
189, 168, -1
202, 171, -1
202, 163, -1
202, 166, -1
202, 174, -1
202, 168, -1
185, 171, -1
185, 163, -1
185, 166, -1
185, 174, -1
185, 168, -1
188, 171, -1
188, 163, -1
188, 166, -1
188, 174, -1
188, 168, -1
196, 171, -1
196, 163, -1
196, 166, -1
196, 174, -1
196, 168, -1
210, 171, -1
210, 163, -1
210, 166, -1
210, 174, -1
210, 168, -1
197, 171, -1
197, 163, -1
197, 166, -1
197, 174, -1
197, 168, -1
200, 171, -1
200, 163, -1
200, 166, -1
200, 174, -1
200, 168, -1
201, 184, -1
207, 184, -1
189, 184, -1
202, 184, -1
185, 184, -1
188, 184, -1
196, 184, -1
210, 184, -1
197, 184, -1
200, 184, -1
201, 151, -1
201, 148, -1
207, 151, -1
207, 148, -1
189, 151, -1
189, 148, -1
202, 151, -1
202, 148, -1
185, 151, -1
185, 148, -1
188, 151, -1
188, 148, -1
196, 151, -1
196, 148, -1
210, 151, -1
210, 148, -1
197, 151, -1
197, 148, -1
200, 151, -1
200, 148, -1
151, 6, -1
151, 14, -1
151, 60, -1
151, 58, -1
151, 32, -1
151, 40, -1
151, 22, -1
151, 44, -1
148, 6, -1
148, 14, -1
148, 60, -1
148, 58, -1
148, 32, -1
148, 40, -1
148, 22, -1
148, 44, -1
151, 107, -1
151, 108, -1
151, 106, -1
151, 103, -1
151, 110, -1
151, 131, -1
151, 93, -1
151, 89, -1
151, 114, -1
151, 91, -1
151, 71, -1
148, 107, -1
148, 108, -1
148, 106, -1
148, 103, -1
148, 110, -1
148, 131, -1
148, 93, -1
148, 89, -1
148, 114, -1
148, 91, -1
148, 71, -1
151, 171, -1
151, 163, -1
151, 166, -1
151, 174, -1
151, 168, -1
148, 171, -1
148, 163, -1
148, 166, -1
148, 174, -1
148, 168, -1
151, 184, -1
148, 184, -1
151, 201, -1
151, 207, -1
151, 189, -1
151, 202, -1
151, 185, -1
151, 188, -1
151, 196, -1
151, 210, -1
151, 197, -1
151, 200, -1
148, 201, -1
148, 207, -1
148, 189, -1
148, 202, -1
148, 185, -1
148, 188, -1
148, 196, -1
148, 210, -1
148, 197, -1
148, 200, -1

