92, 126, 1
128, 126, 1
128, 92, 1
185, 126, -1
185, 92, -1
185, 128, -1
161, 126, -1
161, 92, -1
161, 128, -1
161, 185, -1
45, 126, -1
45, 92, -1
45, 128, -1
45, 185, -1
45, 161, -1

146, 161, 1
56, 45, 1
146, 126, -1
146, 92, -1
146, 128, -1
146, 185, -1
146, 45, -1
56, 126, -1
56, 92, -1
56, 128, -1
56, 185, -1
56, 161, -1
56, 146, -1

78, 126, 1
78, 92, 1
78, 128, 1
1, 45, 1
1, 56, 1
102, 126, 1
102, 92, 1
102, 128, 1
102, 78, 1
78, 185, -1
78, 161, -1
78, 146, -1
78, 45, -1
78, 56, -1
1, 126, -1
1, 92, -1
1, 128, -1
1, 78, -1
1, 185, -1
1, 161, -1
1, 146, -1
164, 126, -1
164, 92, -1
164, 128, -1
164, 78, -1
164, 185, -1
164, 161, -1
164, 146, -1
164, 45, -1
164, 56, -1
164, 1, -1
102, 185, -1
102, 161, -1
102, 146, -1
102, 45, -1
102, 56, -1
102, 1, -1
102, 164, -1

95, 126, 1
95, 92, 1
95, 128, 1
95, 78, 1
95, 102, 1
46, 45, 1
46, 56, 1
46, 1, 1
211, 185, 1
163, 164, 1
95, 185, -1
95, 161, -1
95, 146, -1
95, 45, -1
95, 56, -1
95, 1, -1
95, 164, -1
46, 126, -1
46, 92, -1
46, 128, -1
46, 78, -1
46, 102, -1
46, 95, -1
46, 185, -1
46, 161, -1
46, 146, -1
46, 164, -1
211, 126, -1
211, 92, -1
211, 128, -1
211, 78, -1
211, 102, -1
211, 95, -1
211, 161, -1
211, 146, -1
211, 45, -1
211, 56, -1
211, 1, -1
211, 46, -1
211, 164, -1
163, 126, -1
163, 92, -1
163, 128, -1
163, 78, -1
163, 102, -1
163, 95, -1
163, 185, -1
163, 211, -1
163, 161, -1
163, 146, -1
163, 45, -1
163, 56, -1
163, 1, -1
163, 46, -1

117, 126, 1
117, 92, 1
117, 128, 1
117, 78, 1
117, 102, 1
117, 95, 1
84, 126, 1
84, 92, 1
84, 128, 1
84, 78, 1
84, 102, 1
84, 95, 1
84, 117, 1
70, 126, 1
70, 92, 1
70, 128, 1
70, 78, 1
70, 102, 1
70, 95, 1
70, 117, 1
70, 84, 1
71, 126, 1
71, 92, 1
71, 128, 1
71, 78, 1
71, 102, 1
71, 95, 1
71, 117, 1
71, 84, 1
71, 70, 1
133, 126, 1
133, 92, 1
133, 128, 1
133, 78, 1
133, 102, 1
133, 95, 1
133, 117, 1
133, 84, 1
133, 70, 1
133, 71, 1
117, 185, -1
117, 211, -1
117, 161, -1
117, 146, -1
117, 45, -1
117, 56, -1
117, 1, -1
117, 46, -1
117, 164, -1
117, 163, -1
84, 185, -1
84, 211, -1
84, 161, -1
84, 146, -1
84, 45, -1
84, 56, -1
84, 1, -1
84, 46, -1
84, 164, -1
84, 163, -1
70, 185, -1
70, 211, -1
70, 161, -1
70, 146, -1
70, 45, -1
70, 56, -1
70, 1, -1
70, 46, -1
70, 164, -1
70, 163, -1
180, 126, -1
180, 92, -1
180, 128, -1
180, 78, -1
180, 102, -1
180, 95, -1
180, 117, -1
180, 84, -1
180, 70, -1
180, 185, -1
180, 211, -1
180, 161, -1
180, 146, -1
180, 45, -1
180, 56, -1
180, 1, -1
180, 46, -1
180, 164, -1
180, 163, -1
71, 185, -1
71, 211, -1
71, 161, -1
71, 146, -1
71, 45, -1
71, 56, -1
71, 1, -1
71, 46, -1
71, 164, -1
71, 163, -1
71, 180, -1
133, 185, -1
133, 211, -1
133, 161, -1
133, 146, -1
133, 45, -1
133, 56, -1
133, 1, -1
133, 46, -1
133, 164, -1
133, 163, -1
133, 180, -1

187, 185, 1
187, 211, 1
101, 126, 1
101, 92, 1
101, 128, 1
101, 78, 1
101, 102, 1
101, 95, 1
101, 117, 1
101, 84, 1
101, 70, 1
101, 71, 1
101, 133, 1
55, 45, 1
55, 56, 1
55, 1, 1
55, 46, 1
187, 126, -1
187, 92, -1
187, 128, -1
187, 78, -1
187, 102, -1
187, 95, -1
187, 117, -1
187, 84, -1
187, 70, -1
187, 71, -1
187, 133, -1
187, 161, -1
187, 146, -1
187, 45, -1
187, 56, -1
187, 1, -1
187, 46, -1
187, 164, -1
187, 163, -1
187, 180, -1
101, 185, -1
101, 211, -1
101, 187, -1
101, 161, -1
101, 146, -1
101, 45, -1
101, 56, -1
101, 1, -1
101, 46, -1
101, 164, -1
101, 163, -1
101, 180, -1
55, 126, -1
55, 92, -1
55, 128, -1
55, 78, -1
55, 102, -1
55, 95, -1
55, 117, -1
55, 84, -1
55, 70, -1
55, 71, -1
55, 133, -1
55, 101, -1
55, 185, -1
55, 211, -1
55, 187, -1
55, 161, -1
55, 146, -1
55, 164, -1
55, 163, -1
55, 180, -1

124, 126, 1
124, 92, 1
124, 128, 1
124, 78, 1
124, 102, 1
124, 95, 1
124, 117, 1
124, 84, 1
124, 70, 1
124, 71, 1
124, 133, 1
124, 101, 1
8, 45, 1
8, 56, 1
8, 1, 1
8, 46, 1
8, 55, 1
2, 45, 1
2, 56, 1
2, 1, 1
2, 46, 1
2, 55, 1
2, 8, 1
51, 45, 1
51, 56, 1
51, 1, 1
51, 46, 1
51, 55, 1
51, 8, 1
51, 2, 1
58, 45, 1
58, 56, 1
58, 1, 1
58, 46, 1
58, 55, 1
58, 8, 1
58, 2, 1
58, 51, 1
124, 185, -1
124, 211, -1
124, 187, -1
124, 161, -1
124, 146, -1
124, 45, -1
124, 56, -1
124, 1, -1
124, 46, -1
124, 55, -1
124, 164, -1
124, 163, -1
124, 180, -1
8, 126, -1
8, 92, -1
8, 128, -1
8, 78, -1
8, 102, -1
8, 95, -1
8, 117, -1
8, 84, -1
8, 70, -1
8, 71, -1
8, 133, -1
8, 101, -1
8, 124, -1
8, 185, -1
8, 211, -1
8, 187, -1
8, 161, -1
8, 146, -1
8, 164, -1
8, 163, -1
8, 180, -1
2, 126, -1
2, 92, -1
2, 128, -1
2, 78, -1
2, 102, -1
2, 95, -1
2, 117, -1
2, 84, -1
2, 70, -1
2, 71, -1
2, 133, -1
2, 101, -1
2, 124, -1
2, 185, -1
2, 211, -1
2, 187, -1
2, 161, -1
2, 146, -1
2, 164, -1
2, 163, -1
2, 180, -1
51, 126, -1
51, 92, -1
51, 128, -1
51, 78, -1
51, 102, -1
51, 95, -1
51, 117, -1
51, 84, -1
51, 70, -1
51, 71, -1
51, 133, -1
51, 101, -1
51, 124, -1
51, 185, -1
51, 211, -1
51, 187, -1
51, 161, -1
51, 146, -1
51, 164, -1
51, 163, -1
51, 180, -1
58, 126, -1
58, 92, -1
58, 128, -1
58, 78, -1
58, 102, -1
58, 95, -1
58, 117, -1
58, 84, -1
58, 70, -1
58, 71, -1
58, 133, -1
58, 101, -1
58, 124, -1
58, 185, -1
58, 211, -1
58, 187, -1
58, 161, -1
58, 146, -1
58, 164, -1
58, 163, -1
58, 180, -1

76, 126, 1
76, 92, 1
76, 128, 1
76, 78, 1
76, 102, 1
76, 95, 1
76, 117, 1
76, 84, 1
76, 70, 1
76, 71, 1
76, 133, 1
76, 101, 1
76, 124, 1
113, 126, 1
113, 92, 1
113, 128, 1
113, 78, 1
113, 102, 1
113, 95, 1
113, 117, 1
113, 84, 1
113, 70, 1
113, 71, 1
113, 133, 1
113, 101, 1
113, 124, 1
113, 76, 1
119, 126, 1
119, 92, 1
119, 128, 1
119, 78, 1
119, 102, 1
119, 95, 1
119, 117, 1
119, 84, 1
119, 70, 1
119, 71, 1
119, 133, 1
119, 101, 1
119, 124, 1
119, 76, 1
119, 113, 1
123, 126, 1
123, 92, 1
123, 128, 1
123, 78, 1
123, 102, 1
123, 95, 1
123, 117, 1
123, 84, 1
123, 70, 1
123, 71, 1
123, 133, 1
123, 101, 1
123, 124, 1
123, 76, 1
123, 113, 1
123, 119, 1
24, 45, 1
24, 56, 1
24, 1, 1
24, 46, 1
24, 55, 1
24, 8, 1
24, 2, 1
24, 51, 1
24, 58, 1
158, 161, 1
158, 146, 1
118, 126, 1
118, 92, 1
118, 128, 1
118, 78, 1
118, 102, 1
118, 95, 1
118, 117, 1
118, 84, 1
118, 70, 1
118, 71, 1
118, 133, 1
118, 101, 1
118, 124, 1
118, 76, 1
118, 113, 1
118, 119, 1
118, 123, 1
76, 185, -1
76, 211, -1
76, 187, -1
76, 161, -1
76, 146, -1
76, 45, -1
76, 56, -1
76, 1, -1
76, 46, -1
76, 55, -1
76, 8, -1
76, 2, -1
76, 51, -1
76, 58, -1
76, 164, -1
76, 163, -1
76, 180, -1
113, 185, -1
113, 211, -1
113, 187, -1
113, 161, -1
113, 146, -1
113, 45, -1
113, 56, -1
113, 1, -1
113, 46, -1
113, 55, -1
113, 8, -1
113, 2, -1
113, 51, -1
113, 58, -1
113, 164, -1
113, 163, -1
113, 180, -1
119, 185, -1
119, 211, -1
119, 187, -1
119, 161, -1
119, 146, -1
119, 45, -1
119, 56, -1
119, 1, -1
119, 46, -1
119, 55, -1
119, 8, -1
119, 2, -1
119, 51, -1
119, 58, -1
119, 164, -1
119, 163, -1
119, 180, -1
123, 185, -1
123, 211, -1
123, 187, -1
123, 161, -1
123, 146, -1
123, 45, -1
123, 56, -1
123, 1, -1
123, 46, -1
123, 55, -1
123, 8, -1
123, 2, -1
123, 51, -1
123, 58, -1
123, 164, -1
123, 163, -1
123, 180, -1
24, 126, -1
24, 92, -1
24, 128, -1
24, 78, -1
24, 102, -1
24, 95, -1
24, 117, -1
24, 84, -1
24, 70, -1
24, 71, -1
24, 133, -1
24, 101, -1
24, 124, -1
24, 76, -1
24, 113, -1
24, 119, -1
24, 123, -1
24, 185, -1
24, 211, -1
24, 187, -1
24, 161, -1
24, 146, -1
24, 164, -1
24, 163, -1
24, 180, -1
158, 126, -1
158, 92, -1
158, 128, -1
158, 78, -1
158, 102, -1
158, 95, -1
158, 117, -1
158, 84, -1
158, 70, -1
158, 71, -1
158, 133, -1
158, 101, -1
158, 124, -1
158, 76, -1
158, 113, -1
158, 119, -1
158, 123, -1
158, 185, -1
158, 211, -1
158, 187, -1
158, 45, -1
158, 56, -1
158, 1, -1
158, 46, -1
158, 55, -1
158, 8, -1
158, 2, -1
158, 51, -1
158, 58, -1
158, 24, -1
158, 164, -1
158, 163, -1
158, 180, -1
118, 185, -1
118, 211, -1
118, 187, -1
118, 161, -1
118, 146, -1
118, 158, -1
118, 45, -1
118, 56, -1
118, 1, -1
118, 46, -1
118, 55, -1
118, 8, -1
118, 2, -1
118, 51, -1
118, 58, -1
118, 24, -1
118, 164, -1
118, 163, -1
118, 180, -1

31, 45, 1
31, 56, 1
31, 1, 1
31, 46, 1
31, 55, 1
31, 8, 1
31, 2, 1
31, 51, 1
31, 58, 1
31, 24, 1
159, 161, 1
159, 146, 1
159, 158, 1
152, 161, 1
152, 146, 1
152, 158, 1
152, 159, 1
97, 126, 1
97, 92, 1
97, 128, 1
97, 78, 1
97, 102, 1
97, 95, 1
97, 117, 1
97, 84, 1
97, 70, 1
97, 71, 1
97, 133, 1
97, 101, 1
97, 124, 1
97, 76, 1
97, 113, 1
97, 119, 1
97, 123, 1
97, 118, 1
96, 126, 1
96, 92, 1
96, 128, 1
96, 78, 1
96, 102, 1
96, 95, 1
96, 117, 1
96, 84, 1
96, 70, 1
96, 71, 1
96, 133, 1
96, 101, 1
96, 124, 1
96, 76, 1
96, 113, 1
96, 119, 1
96, 123, 1
96, 118, 1
96, 97, 1
90, 126, 1
90, 92, 1
90, 128, 1
90, 78, 1
90, 102, 1
90, 95, 1
90, 117, 1
90, 84, 1
90, 70, 1
90, 71, 1
90, 133, 1
90, 101, 1
90, 124, 1
90, 76, 1
90, 113, 1
90, 119, 1
90, 123, 1
90, 118, 1
90, 97, 1
90, 96, 1
40, 45, 1
40, 56, 1
40, 1, 1
40, 46, 1
40, 55, 1
40, 8, 1
40, 2, 1
40, 51, 1
40, 58, 1
40, 24, 1
40, 31, 1
31, 126, -1
31, 92, -1
31, 128, -1
31, 78, -1
31, 102, -1
31, 95, -1
31, 117, -1
31, 84, -1
31, 70, -1
31, 71, -1
31, 133, -1
31, 101, -1
31, 124, -1
31, 76, -1
31, 113, -1
31, 119, -1
31, 123, -1
31, 118, -1
31, 185, -1
31, 211, -1
31, 187, -1
31, 161, -1
31, 146, -1
31, 158, -1
31, 164, -1
31, 163, -1
31, 180, -1
159, 126, -1
159, 92, -1
159, 128, -1
159, 78, -1
159, 102, -1
159, 95, -1
159, 117, -1
159, 84, -1
159, 70, -1
159, 71, -1
159, 133, -1
159, 101, -1
159, 124, -1
159, 76, -1
159, 113, -1
159, 119, -1
159, 123, -1
159, 118, -1
159, 185, -1
159, 211, -1
159, 187, -1
159, 45, -1
159, 56, -1
159, 1, -1
159, 46, -1
159, 55, -1
159, 8, -1
159, 2, -1
159, 51, -1
159, 58, -1
159, 24, -1
159, 31, -1
159, 164, -1
159, 163, -1
159, 180, -1
152, 126, -1
152, 92, -1
152, 128, -1
152, 78, -1
152, 102, -1
152, 95, -1
152, 117, -1
152, 84, -1
152, 70, -1
152, 71, -1
152, 133, -1
152, 101, -1
152, 124, -1
152, 76, -1
152, 113, -1
152, 119, -1
152, 123, -1
152, 118, -1
152, 185, -1
152, 211, -1
152, 187, -1
152, 45, -1
152, 56, -1
152, 1, -1
152, 46, -1
152, 55, -1
152, 8, -1
152, 2, -1
152, 51, -1
152, 58, -1
152, 24, -1
152, 31, -1
152, 164, -1
152, 163, -1
152, 180, -1
97, 185, -1
97, 211, -1
97, 187, -1
97, 161, -1
97, 146, -1
97, 158, -1
97, 159, -1
97, 152, -1
97, 45, -1
97, 56, -1
97, 1, -1
97, 46, -1
97, 55, -1
97, 8, -1
97, 2, -1
97, 51, -1
97, 58, -1
97, 24, -1
97, 31, -1
97, 164, -1
97, 163, -1
97, 180, -1
96, 185, -1
96, 211, -1
96, 187, -1
96, 161, -1
96, 146, -1
96, 158, -1
96, 159, -1
96, 152, -1
96, 45, -1
96, 56, -1
96, 1, -1
96, 46, -1
96, 55, -1
96, 8, -1
96, 2, -1
96, 51, -1
96, 58, -1
96, 24, -1
96, 31, -1
96, 164, -1
96, 163, -1
96, 180, -1
90, 185, -1
90, 211, -1
90, 187, -1
90, 161, -1
90, 146, -1
90, 158, -1
90, 159, -1
90, 152, -1
90, 45, -1
90, 56, -1
90, 1, -1
90, 46, -1
90, 55, -1
90, 8, -1
90, 2, -1
90, 51, -1
90, 58, -1
90, 24, -1
90, 31, -1
90, 164, -1
90, 163, -1
90, 180, -1
40, 126, -1
40, 92, -1
40, 128, -1
40, 78, -1
40, 102, -1
40, 95, -1
40, 117, -1
40, 84, -1
40, 70, -1
40, 71, -1
40, 133, -1
40, 101, -1
40, 124, -1
40, 76, -1
40, 113, -1
40, 119, -1
40, 123, -1
40, 118, -1
40, 97, -1
40, 96, -1
40, 90, -1
40, 185, -1
40, 211, -1
40, 187, -1
40, 161, -1
40, 146, -1
40, 158, -1
40, 159, -1
40, 152, -1
40, 164, -1
40, 163, -1
40, 180, -1

52, 45, 1
52, 56, 1
52, 1, 1
52, 46, 1
52, 55, 1
52, 8, 1
52, 2, 1
52, 51, 1
52, 58, 1
52, 24, 1
52, 31, 1
52, 40, 1
98, 126, 1
98, 92, 1
98, 128, 1
98, 78, 1
98, 102, 1
98, 95, 1
98, 117, 1
98, 84, 1
98, 70, 1
98, 71, 1
98, 133, 1
98, 101, 1
98, 124, 1
98, 76, 1
98, 113, 1
98, 119, 1
98, 123, 1
98, 118, 1
98, 97, 1
98, 96, 1
98, 90, 1
156, 161, 1
156, 146, 1
156, 158, 1
156, 159, 1
156, 152, 1
79, 126, 1
79, 92, 1
79, 128, 1
79, 78, 1
79, 102, 1
79, 95, 1
79, 117, 1
79, 84, 1
79, 70, 1
79, 71, 1
79, 133, 1
79, 101, 1
79, 124, 1
79, 76, 1
79, 113, 1
79, 119, 1
79, 123, 1
79, 118, 1
79, 97, 1
79, 96, 1
79, 90, 1
79, 98, 1
143, 126, 1
143, 92, 1
143, 128, 1
143, 78, 1
143, 102, 1
143, 95, 1
143, 117, 1
143, 84, 1
143, 70, 1
143, 71, 1
143, 133, 1
143, 101, 1
143, 124, 1
143, 76, 1
143, 113, 1
143, 119, 1
143, 123, 1
143, 118, 1
143, 97, 1
143, 96, 1
143, 90, 1
143, 98, 1
143, 79, 1
138, 126, 1
138, 92, 1
138, 128, 1
138, 78, 1
138, 102, 1
138, 95, 1
138, 117, 1
138, 84, 1
138, 70, 1
138, 71, 1
138, 133, 1
138, 101, 1
138, 124, 1
138, 76, 1
138, 113, 1
138, 119, 1
138, 123, 1
138, 118, 1
138, 97, 1
138, 96, 1
138, 90, 1
138, 98, 1
138, 79, 1
138, 143, 1
89, 126, 1
89, 92, 1
89, 128, 1
89, 78, 1
89, 102, 1
89, 95, 1
89, 117, 1
89, 84, 1
89, 70, 1
89, 71, 1
89, 133, 1
89, 101, 1
89, 124, 1
89, 76, 1
89, 113, 1
89, 119, 1
89, 123, 1
89, 118, 1
89, 97, 1
89, 96, 1
89, 90, 1
89, 98, 1
89, 79, 1
89, 143, 1
89, 138, 1
52, 126, -1
52, 92, -1
52, 128, -1
52, 78, -1
52, 102, -1
52, 95, -1
52, 117, -1
52, 84, -1
52, 70, -1
52, 71, -1
52, 133, -1
52, 101, -1
52, 124, -1
52, 76, -1
52, 113, -1
52, 119, -1
52, 123, -1
52, 118, -1
52, 97, -1
52, 96, -1
52, 90, -1
52, 185, -1
52, 211, -1
52, 187, -1
52, 161, -1
52, 146, -1
52, 158, -1
52, 159, -1
52, 152, -1
52, 164, -1
52, 163, -1
52, 180, -1
98, 185, -1
98, 211, -1
98, 187, -1
98, 161, -1
98, 146, -1
98, 158, -1
98, 159, -1
98, 152, -1
98, 45, -1
98, 56, -1
98, 1, -1
98, 46, -1
98, 55, -1
98, 8, -1
98, 2, -1
98, 51, -1
98, 58, -1
98, 24, -1
98, 31, -1
98, 40, -1
98, 52, -1
98, 164, -1
98, 163, -1
98, 180, -1
156, 126, -1
156, 92, -1
156, 128, -1
156, 78, -1
156, 102, -1
156, 95, -1
156, 117, -1
156, 84, -1
156, 70, -1
156, 71, -1
156, 133, -1
156, 101, -1
156, 124, -1
156, 76, -1
156, 113, -1
156, 119, -1
156, 123, -1
156, 118, -1
156, 97, -1
156, 96, -1
156, 90, -1
156, 98, -1
156, 185, -1
156, 211, -1
156, 187, -1
156, 45, -1
156, 56, -1
156, 1, -1
156, 46, -1
156, 55, -1
156, 8, -1
156, 2, -1
156, 51, -1
156, 58, -1
156, 24, -1
156, 31, -1
156, 40, -1
156, 52, -1
156, 164, -1
156, 163, -1
156, 180, -1
79, 185, -1
79, 211, -1
79, 187, -1
79, 161, -1
79, 146, -1
79, 158, -1
79, 159, -1
79, 152, -1
79, 156, -1
79, 45, -1
79, 56, -1
79, 1, -1
79, 46, -1
79, 55, -1
79, 8, -1
79, 2, -1
79, 51, -1
79, 58, -1
79, 24, -1
79, 31, -1
79, 40, -1
79, 52, -1
79, 164, -1
79, 163, -1
79, 180, -1
143, 185, -1
143, 211, -1
143, 187, -1
143, 161, -1
143, 146, -1
143, 158, -1
143, 159, -1
143, 152, -1
143, 156, -1
143, 45, -1
143, 56, -1
143, 1, -1
143, 46, -1
143, 55, -1
143, 8, -1
143, 2, -1
143, 51, -1
143, 58, -1
143, 24, -1
143, 31, -1
143, 40, -1
143, 52, -1
143, 164, -1
143, 163, -1
143, 180, -1
138, 185, -1
138, 211, -1
138, 187, -1
138, 161, -1
138, 146, -1
138, 158, -1
138, 159, -1
138, 152, -1
138, 156, -1
138, 45, -1
138, 56, -1
138, 1, -1
138, 46, -1
138, 55, -1
138, 8, -1
138, 2, -1
138, 51, -1
138, 58, -1
138, 24, -1
138, 31, -1
138, 40, -1
138, 52, -1
138, 164, -1
138, 163, -1
138, 180, -1
89, 185, -1
89, 211, -1
89, 187, -1
89, 161, -1
89, 146, -1
89, 158, -1
89, 159, -1
89, 152, -1
89, 156, -1
89, 45, -1
89, 56, -1
89, 1, -1
89, 46, -1
89, 55, -1
89, 8, -1
89, 2, -1
89, 51, -1
89, 58, -1
89, 24, -1
89, 31, -1
89, 40, -1
89, 52, -1
89, 164, -1
89, 163, -1
89, 180, -1

