348, 382, 1
404, 640, 1
410, 640, 1
410, 404, 1
659, 640, 1
659, 404, 1
659, 410, 1
640, 382, -1
640, 348, -1
0, 382, -1
0, 348, -1
0, 640, -1
2, 382, -1
2, 348, -1
2, 640, -1
2, 0, -1
404, 382, -1
404, 348, -1
404, 0, -1
404, 2, -1
410, 382, -1
410, 348, -1
410, 0, -1
410, 2, -1
659, 382, -1
659, 348, -1
659, 0, -1
659, 2, -1

1, 382, -1
1, 348, -1
1, 640, -1
1, 404, -1
1, 410, -1
1, 659, -1
1, 0, -1
1, 2, -1
3, 382, -1
3, 348, -1
3, 640, -1
3, 404, -1
3, 410, -1
3, 659, -1
3, 0, -1
3, 2, -1
3, 1, -1

449, 640, 1
449, 404, 1
449, 410, 1
449, 659, 1
491, 640, 1
491, 404, 1
491, 410, 1
491, 659, 1
491, 449, 1
457, 640, 1
457, 404, 1
457, 410, 1
457, 659, 1
457, 449, 1
457, 491, 1
601, 640, 1
601, 404, 1
601, 410, 1
601, 659, 1
601, 449, 1
601, 491, 1
601, 457, 1
603, 640, 1
603, 404, 1
603, 410, 1
603, 659, 1
603, 449, 1
603, 491, 1
603, 457, 1
603, 601, 1
742, 640, 1
742, 404, 1
742, 410, 1
742, 659, 1
742, 449, 1
742, 491, 1
742, 457, 1
742, 601, 1
742, 603, 1
449, 382, -1
449, 348, -1
449, 0, -1
449, 2, -1
449, 1, -1
449, 3, -1
491, 382, -1
491, 348, -1
491, 0, -1
491, 2, -1
491, 1, -1
491, 3, -1
457, 382, -1
457, 348, -1
457, 0, -1
457, 2, -1
457, 1, -1
457, 3, -1
601, 382, -1
601, 348, -1
601, 0, -1
601, 2, -1
601, 1, -1
601, 3, -1
603, 382, -1
603, 348, -1
603, 0, -1
603, 2, -1
603, 1, -1
603, 3, -1
742, 382, -1
742, 348, -1
742, 0, -1
742, 2, -1
742, 1, -1
742, 3, -1

727, 640, 1
727, 404, 1
727, 410, 1
727, 659, 1
727, 449, 1
727, 491, 1
727, 457, 1
727, 601, 1
727, 603, 1
727, 742, 1
523, 640, 1
523, 404, 1
523, 410, 1
523, 659, 1
523, 449, 1
523, 491, 1
523, 457, 1
523, 601, 1
523, 603, 1
523, 742, 1
523, 727, 1
546, 640, 1
546, 404, 1
546, 410, 1
546, 659, 1
546, 449, 1
546, 491, 1
546, 457, 1
546, 601, 1
546, 603, 1
546, 742, 1
546, 727, 1
546, 523, 1
653, 640, 1
653, 404, 1
653, 410, 1
653, 659, 1
653, 449, 1
653, 491, 1
653, 457, 1
653, 601, 1
653, 603, 1
653, 742, 1
653, 727, 1
653, 523, 1
653, 546, 1
702, 640, 1
702, 404, 1
702, 410, 1
702, 659, 1
702, 449, 1
702, 491, 1
702, 457, 1
702, 601, 1
702, 603, 1
702, 742, 1
702, 727, 1
702, 523, 1
702, 546, 1
702, 653, 1
560, 640, 1
560, 404, 1
560, 410, 1
560, 659, 1
560, 449, 1
560, 491, 1
560, 457, 1
560, 601, 1
560, 603, 1
560, 742, 1
560, 727, 1
560, 523, 1
560, 546, 1
560, 653, 1
560, 702, 1
727, 382, -1
727, 348, -1
727, 0, -1
727, 2, -1
727, 1, -1
727, 3, -1
523, 382, -1
523, 348, -1
523, 0, -1
523, 2, -1
523, 1, -1
523, 3, -1
546, 382, -1
546, 348, -1
546, 0, -1
546, 2, -1
546, 1, -1
546, 3, -1
653, 382, -1
653, 348, -1
653, 0, -1
653, 2, -1
653, 1, -1
653, 3, -1
702, 382, -1
702, 348, -1
702, 0, -1
702, 2, -1
702, 1, -1
702, 3, -1
560, 382, -1
560, 348, -1
560, 0, -1
560, 2, -1
560, 1, -1
560, 3, -1

197, 382, 1
197, 348, 1
708, 640, 1
708, 404, 1
708, 410, 1
708, 659, 1
708, 449, 1
708, 491, 1
708, 457, 1
708, 601, 1
708, 603, 1
708, 742, 1
708, 727, 1
708, 523, 1
708, 546, 1
708, 653, 1
708, 702, 1
708, 560, 1
214, 382, 1
214, 348, 1
214, 197, 1
467, 640, 1
467, 404, 1
467, 410, 1
467, 659, 1
467, 449, 1
467, 491, 1
467, 457, 1
467, 601, 1
467, 603, 1
467, 742, 1
467, 727, 1
467, 523, 1
467, 546, 1
467, 653, 1
467, 702, 1
467, 560, 1
467, 708, 1
589, 640, 1
589, 404, 1
589, 410, 1
589, 659, 1
589, 449, 1
589, 491, 1
589, 457, 1
589, 601, 1
589, 603, 1
589, 742, 1
589, 727, 1
589, 523, 1
589, 546, 1
589, 653, 1
589, 702, 1
589, 560, 1
589, 708, 1
589, 467, 1
218, 382, 1
218, 348, 1
218, 197, 1
218, 214, 1
489, 640, 1
489, 404, 1
489, 410, 1
489, 659, 1
489, 449, 1
489, 491, 1
489, 457, 1
489, 601, 1
489, 603, 1
489, 742, 1
489, 727, 1
489, 523, 1
489, 546, 1
489, 653, 1
489, 702, 1
489, 560, 1
489, 708, 1
489, 467, 1
489, 589, 1
197, 640, -1
197, 404, -1
197, 410, -1
197, 659, -1
197, 449, -1
197, 491, -1
197, 457, -1
197, 601, -1
197, 603, -1
197, 742, -1
197, 727, -1
197, 523, -1
197, 546, -1
197, 653, -1
197, 702, -1
197, 560, -1
197, 0, -1
197, 2, -1
197, 1, -1
197, 3, -1
708, 382, -1
708, 348, -1
708, 197, -1
708, 0, -1
708, 2, -1
708, 1, -1
708, 3, -1
214, 640, -1
214, 404, -1
214, 410, -1
214, 659, -1
214, 449, -1
214, 491, -1
214, 457, -1
214, 601, -1
214, 603, -1
214, 742, -1
214, 727, -1
214, 523, -1
214, 546, -1
214, 653, -1
214, 702, -1
214, 560, -1
214, 708, -1
214, 0, -1
214, 2, -1
214, 1, -1
214, 3, -1
467, 382, -1
467, 348, -1
467, 197, -1
467, 214, -1
467, 0, -1
467, 2, -1
467, 1, -1
467, 3, -1
589, 382, -1
589, 348, -1
589, 197, -1
589, 214, -1
589, 0, -1
589, 2, -1
589, 1, -1
589, 3, -1
218, 640, -1
218, 404, -1
218, 410, -1
218, 659, -1
218, 449, -1
218, 491, -1
218, 457, -1
218, 601, -1
218, 603, -1
218, 742, -1
218, 727, -1
218, 523, -1
218, 546, -1
218, 653, -1
218, 702, -1
218, 560, -1
218, 708, -1
218, 467, -1
218, 589, -1
218, 0, -1
218, 2, -1
218, 1, -1
218, 3, -1
489, 382, -1
489, 348, -1
489, 197, -1
489, 214, -1
489, 218, -1
489, 0, -1
489, 2, -1
489, 1, -1
489, 3, -1

425, 640, 1
425, 404, 1
425, 410, 1
425, 659, 1
425, 449, 1
425, 491, 1
425, 457, 1
425, 601, 1
425, 603, 1
425, 742, 1
425, 727, 1
425, 523, 1
425, 546, 1
425, 653, 1
425, 702, 1
425, 560, 1
425, 708, 1
425, 467, 1
425, 589, 1
425, 489, 1
608, 640, 1
608, 404, 1
608, 410, 1
608, 659, 1
608, 449, 1
608, 491, 1
608, 457, 1
608, 601, 1
608, 603, 1
608, 742, 1
608, 727, 1
608, 523, 1
608, 546, 1
608, 653, 1
608, 702, 1
608, 560, 1
608, 708, 1
608, 467, 1
608, 589, 1
608, 489, 1
608, 425, 1
737, 640, 1
737, 404, 1
737, 410, 1
737, 659, 1
737, 449, 1
737, 491, 1
737, 457, 1
737, 601, 1
737, 603, 1
737, 742, 1
737, 727, 1
737, 523, 1
737, 546, 1
737, 653, 1
737, 702, 1
737, 560, 1
737, 708, 1
737, 467, 1
737, 589, 1
737, 489, 1
737, 425, 1
737, 608, 1
456, 640, 1
456, 404, 1
456, 410, 1
456, 659, 1
456, 449, 1
456, 491, 1
456, 457, 1
456, 601, 1
456, 603, 1
456, 742, 1
456, 727, 1
456, 523, 1
456, 546, 1
456, 653, 1
456, 702, 1
456, 560, 1
456, 708, 1
456, 467, 1
456, 589, 1
456, 489, 1
456, 425, 1
456, 608, 1
456, 737, 1
641, 640, 1
641, 404, 1
641, 410, 1
641, 659, 1
641, 449, 1
641, 491, 1
641, 457, 1
641, 601, 1
641, 603, 1
641, 742, 1
641, 727, 1
641, 523, 1
641, 546, 1
641, 653, 1
641, 702, 1
641, 560, 1
641, 708, 1
641, 467, 1
641, 589, 1
641, 489, 1
641, 425, 1
641, 608, 1
641, 737, 1
641, 456, 1
484, 640, 1
484, 404, 1
484, 410, 1
484, 659, 1
484, 449, 1
484, 491, 1
484, 457, 1
484, 601, 1
484, 603, 1
484, 742, 1
484, 727, 1
484, 523, 1
484, 546, 1
484, 653, 1
484, 702, 1
484, 560, 1
484, 708, 1
484, 467, 1
484, 589, 1
484, 489, 1
484, 425, 1
484, 608, 1
484, 737, 1
484, 456, 1
484, 641, 1
743, 640, 1
743, 404, 1
743, 410, 1
743, 659, 1
743, 449, 1
743, 491, 1
743, 457, 1
743, 601, 1
743, 603, 1
743, 742, 1
743, 727, 1
743, 523, 1
743, 546, 1
743, 653, 1
743, 702, 1
743, 560, 1
743, 708, 1
743, 467, 1
743, 589, 1
743, 489, 1
743, 425, 1
743, 608, 1
743, 737, 1
743, 456, 1
743, 641, 1
743, 484, 1
444, 640, 1
444, 404, 1
444, 410, 1
444, 659, 1
444, 449, 1
444, 491, 1
444, 457, 1
444, 601, 1
444, 603, 1
444, 742, 1
444, 727, 1
444, 523, 1
444, 546, 1
444, 653, 1
444, 702, 1
444, 560, 1
444, 708, 1
444, 467, 1
444, 589, 1
444, 489, 1
444, 425, 1
444, 608, 1
444, 737, 1
444, 456, 1
444, 641, 1
444, 484, 1
444, 743, 1
595, 640, 1
595, 404, 1
595, 410, 1
595, 659, 1
595, 449, 1
595, 491, 1
595, 457, 1
595, 601, 1
595, 603, 1
595, 742, 1
595, 727, 1
595, 523, 1
595, 546, 1
595, 653, 1
595, 702, 1
595, 560, 1
595, 708, 1
595, 467, 1
595, 589, 1
595, 489, 1
595, 425, 1
595, 608, 1
595, 737, 1
595, 456, 1
595, 641, 1
595, 484, 1
595, 743, 1
595, 444, 1
646, 640, 1
646, 404, 1
646, 410, 1
646, 659, 1
646, 449, 1
646, 491, 1
646, 457, 1
646, 601, 1
646, 603, 1
646, 742, 1
646, 727, 1
646, 523, 1
646, 546, 1
646, 653, 1
646, 702, 1
646, 560, 1
646, 708, 1
646, 467, 1
646, 589, 1
646, 489, 1
646, 425, 1
646, 608, 1
646, 737, 1
646, 456, 1
646, 641, 1
646, 484, 1
646, 743, 1
646, 444, 1
646, 595, 1
425, 382, -1
425, 348, -1
425, 197, -1
425, 214, -1
425, 218, -1
425, 0, -1
425, 2, -1
425, 1, -1
425, 3, -1
608, 382, -1
608, 348, -1
608, 197, -1
608, 214, -1
608, 218, -1
608, 0, -1
608, 2, -1
608, 1, -1
608, 3, -1
737, 382, -1
737, 348, -1
737, 197, -1
737, 214, -1
737, 218, -1
737, 0, -1
737, 2, -1
737, 1, -1
737, 3, -1
456, 382, -1
456, 348, -1
456, 197, -1
456, 214, -1
456, 218, -1
456, 0, -1
456, 2, -1
456, 1, -1
456, 3, -1
641, 382, -1
641, 348, -1
641, 197, -1
641, 214, -1
641, 218, -1
641, 0, -1
641, 2, -1
641, 1, -1
641, 3, -1
484, 382, -1
484, 348, -1
484, 197, -1
484, 214, -1
484, 218, -1
484, 0, -1
484, 2, -1
484, 1, -1
484, 3, -1
743, 382, -1
743, 348, -1
743, 197, -1
743, 214, -1
743, 218, -1
743, 0, -1
743, 2, -1
743, 1, -1
743, 3, -1
444, 382, -1
444, 348, -1
444, 197, -1
444, 214, -1
444, 218, -1
444, 0, -1
444, 2, -1
444, 1, -1
444, 3, -1
595, 382, -1
595, 348, -1
595, 197, -1
595, 214, -1
595, 218, -1
595, 0, -1
595, 2, -1
595, 1, -1
595, 3, -1
646, 382, -1
646, 348, -1
646, 197, -1
646, 214, -1
646, 218, -1
646, 0, -1
646, 2, -1
646, 1, -1
646, 3, -1

461, 640, 1
461, 404, 1
461, 410, 1
461, 659, 1
461, 449, 1
461, 491, 1
461, 457, 1
461, 601, 1
461, 603, 1
461, 742, 1
461, 727, 1
461, 523, 1
461, 546, 1
461, 653, 1
461, 702, 1
461, 560, 1
461, 708, 1
461, 467, 1
461, 589, 1
461, 489, 1
461, 425, 1
461, 608, 1
461, 737, 1
461, 456, 1
461, 641, 1
461, 484, 1
461, 743, 1
461, 444, 1
461, 595, 1
461, 646, 1
528, 640, 1
528, 404, 1
528, 410, 1
528, 659, 1
528, 449, 1
528, 491, 1
528, 457, 1
528, 601, 1
528, 603, 1
528, 742, 1
528, 727, 1
528, 523, 1
528, 546, 1
528, 653, 1
528, 702, 1
528, 560, 1
528, 708, 1
528, 467, 1
528, 589, 1
528, 489, 1
528, 425, 1
528, 608, 1
528, 737, 1
528, 456, 1
528, 641, 1
528, 484, 1
528, 743, 1
528, 444, 1
528, 595, 1
528, 646, 1
528, 461, 1
725, 640, 1
725, 404, 1
725, 410, 1
725, 659, 1
725, 449, 1
725, 491, 1
725, 457, 1
725, 601, 1
725, 603, 1
725, 742, 1
725, 727, 1
725, 523, 1
725, 546, 1
725, 653, 1
725, 702, 1
725, 560, 1
725, 708, 1
725, 467, 1
725, 589, 1
725, 489, 1
725, 425, 1
725, 608, 1
725, 737, 1
725, 456, 1
725, 641, 1
725, 484, 1
725, 743, 1
725, 444, 1
725, 595, 1
725, 646, 1
725, 461, 1
725, 528, 1
562, 640, 1
562, 404, 1
562, 410, 1
562, 659, 1
562, 449, 1
562, 491, 1
562, 457, 1
562, 601, 1
562, 603, 1
562, 742, 1
562, 727, 1
562, 523, 1
562, 546, 1
562, 653, 1
562, 702, 1
562, 560, 1
562, 708, 1
562, 467, 1
562, 589, 1
562, 489, 1
562, 425, 1
562, 608, 1
562, 737, 1
562, 456, 1
562, 641, 1
562, 484, 1
562, 743, 1
562, 444, 1
562, 595, 1
562, 646, 1
562, 461, 1
562, 528, 1
562, 725, 1
466, 640, 1
466, 404, 1
466, 410, 1
466, 659, 1
466, 449, 1
466, 491, 1
466, 457, 1
466, 601, 1
466, 603, 1
466, 742, 1
466, 727, 1
466, 523, 1
466, 546, 1
466, 653, 1
466, 702, 1
466, 560, 1
466, 708, 1
466, 467, 1
466, 589, 1
466, 489, 1
466, 425, 1
466, 608, 1
466, 737, 1
466, 456, 1
466, 641, 1
466, 484, 1
466, 743, 1
466, 444, 1
466, 595, 1
466, 646, 1
466, 461, 1
466, 528, 1
466, 725, 1
466, 562, 1
461, 382, -1
461, 348, -1
461, 197, -1
461, 214, -1
461, 218, -1
461, 0, -1
461, 2, -1
461, 1, -1
461, 3, -1
528, 382, -1
528, 348, -1
528, 197, -1
528, 214, -1
528, 218, -1
528, 0, -1
528, 2, -1
528, 1, -1
528, 3, -1
725, 382, -1
725, 348, -1
725, 197, -1
725, 214, -1
725, 218, -1
725, 0, -1
725, 2, -1
725, 1, -1
725, 3, -1
562, 382, -1
562, 348, -1
562, 197, -1
562, 214, -1
562, 218, -1
562, 0, -1
562, 2, -1
562, 1, -1
562, 3, -1
466, 382, -1
466, 348, -1
466, 197, -1
466, 214, -1
466, 218, -1
466, 0, -1
466, 2, -1
466, 1, -1
466, 3, -1

521, 640, 1
521, 404, 1
521, 410, 1
521, 659, 1
521, 449, 1
521, 491, 1
521, 457, 1
521, 601, 1
521, 603, 1
521, 742, 1
521, 727, 1
521, 523, 1
521, 546, 1
521, 653, 1
521, 702, 1
521, 560, 1
521, 708, 1
521, 467, 1
521, 589, 1
521, 489, 1
521, 425, 1
521, 608, 1
521, 737, 1
521, 456, 1
521, 641, 1
521, 484, 1
521, 743, 1
521, 444, 1
521, 595, 1
521, 646, 1
521, 461, 1
521, 528, 1
521, 725, 1
521, 562, 1
521, 466, 1
416, 640, 1
416, 404, 1
416, 410, 1
416, 659, 1
416, 449, 1
416, 491, 1
416, 457, 1
416, 601, 1
416, 603, 1
416, 742, 1
416, 727, 1
416, 523, 1
416, 546, 1
416, 653, 1
416, 702, 1
416, 560, 1
416, 708, 1
416, 467, 1
416, 589, 1
416, 489, 1
416, 425, 1
416, 608, 1
416, 737, 1
416, 456, 1
416, 641, 1
416, 484, 1
416, 743, 1
416, 444, 1
416, 595, 1
416, 646, 1
416, 461, 1
416, 528, 1
416, 725, 1
416, 562, 1
416, 466, 1
416, 521, 1
732, 640, 1
732, 404, 1
732, 410, 1
732, 659, 1
732, 449, 1
732, 491, 1
732, 457, 1
732, 601, 1
732, 603, 1
732, 742, 1
732, 727, 1
732, 523, 1
732, 546, 1
732, 653, 1
732, 702, 1
732, 560, 1
732, 708, 1
732, 467, 1
732, 589, 1
732, 489, 1
732, 425, 1
732, 608, 1
732, 737, 1
732, 456, 1
732, 641, 1
732, 484, 1
732, 743, 1
732, 444, 1
732, 595, 1
732, 646, 1
732, 461, 1
732, 528, 1
732, 725, 1
732, 562, 1
732, 466, 1
732, 521, 1
732, 416, 1
723, 640, 1
723, 404, 1
723, 410, 1
723, 659, 1
723, 449, 1
723, 491, 1
723, 457, 1
723, 601, 1
723, 603, 1
723, 742, 1
723, 727, 1
723, 523, 1
723, 546, 1
723, 653, 1
723, 702, 1
723, 560, 1
723, 708, 1
723, 467, 1
723, 589, 1
723, 489, 1
723, 425, 1
723, 608, 1
723, 737, 1
723, 456, 1
723, 641, 1
723, 484, 1
723, 743, 1
723, 444, 1
723, 595, 1
723, 646, 1
723, 461, 1
723, 528, 1
723, 725, 1
723, 562, 1
723, 466, 1
723, 521, 1
723, 416, 1
723, 732, 1
534, 640, 1
534, 404, 1
534, 410, 1
534, 659, 1
534, 449, 1
534, 491, 1
534, 457, 1
534, 601, 1
534, 603, 1
534, 742, 1
534, 727, 1
534, 523, 1
534, 546, 1
534, 653, 1
534, 702, 1
534, 560, 1
534, 708, 1
534, 467, 1
534, 589, 1
534, 489, 1
534, 425, 1
534, 608, 1
534, 737, 1
534, 456, 1
534, 641, 1
534, 484, 1
534, 743, 1
534, 444, 1
534, 595, 1
534, 646, 1
534, 461, 1
534, 528, 1
534, 725, 1
534, 562, 1
534, 466, 1
534, 521, 1
534, 416, 1
534, 732, 1
534, 723, 1
757, 640, 1
757, 404, 1
757, 410, 1
757, 659, 1
757, 449, 1
757, 491, 1
757, 457, 1
757, 601, 1
757, 603, 1
757, 742, 1
757, 727, 1
757, 523, 1
757, 546, 1
757, 653, 1
757, 702, 1
757, 560, 1
757, 708, 1
757, 467, 1
757, 589, 1
757, 489, 1
757, 425, 1
757, 608, 1
757, 737, 1
757, 456, 1
757, 641, 1
757, 484, 1
757, 743, 1
757, 444, 1
757, 595, 1
757, 646, 1
757, 461, 1
757, 528, 1
757, 725, 1
757, 562, 1
757, 466, 1
757, 521, 1
757, 416, 1
757, 732, 1
757, 723, 1
757, 534, 1
544, 640, 1
544, 404, 1
544, 410, 1
544, 659, 1
544, 449, 1
544, 491, 1
544, 457, 1
544, 601, 1
544, 603, 1
544, 742, 1
544, 727, 1
544, 523, 1
544, 546, 1
544, 653, 1
544, 702, 1
544, 560, 1
544, 708, 1
544, 467, 1
544, 589, 1
544, 489, 1
544, 425, 1
544, 608, 1
544, 737, 1
544, 456, 1
544, 641, 1
544, 484, 1
544, 743, 1
544, 444, 1
544, 595, 1
544, 646, 1
544, 461, 1
544, 528, 1
544, 725, 1
544, 562, 1
544, 466, 1
544, 521, 1
544, 416, 1
544, 732, 1
544, 723, 1
544, 534, 1
544, 757, 1
632, 640, 1
632, 404, 1
632, 410, 1
632, 659, 1
632, 449, 1
632, 491, 1
632, 457, 1
632, 601, 1
632, 603, 1
632, 742, 1
632, 727, 1
632, 523, 1
632, 546, 1
632, 653, 1
632, 702, 1
632, 560, 1
632, 708, 1
632, 467, 1
632, 589, 1
632, 489, 1
632, 425, 1
632, 608, 1
632, 737, 1
632, 456, 1
632, 641, 1
632, 484, 1
632, 743, 1
632, 444, 1
632, 595, 1
632, 646, 1
632, 461, 1
632, 528, 1
632, 725, 1
632, 562, 1
632, 466, 1
632, 521, 1
632, 416, 1
632, 732, 1
632, 723, 1
632, 534, 1
632, 757, 1
632, 544, 1
668, 640, 1
668, 404, 1
668, 410, 1
668, 659, 1
668, 449, 1
668, 491, 1
668, 457, 1
668, 601, 1
668, 603, 1
668, 742, 1
668, 727, 1
668, 523, 1
668, 546, 1
668, 653, 1
668, 702, 1
668, 560, 1
668, 708, 1
668, 467, 1
668, 589, 1
668, 489, 1
668, 425, 1
668, 608, 1
668, 737, 1
668, 456, 1
668, 641, 1
668, 484, 1
668, 743, 1
668, 444, 1
668, 595, 1
668, 646, 1
668, 461, 1
668, 528, 1
668, 725, 1
668, 562, 1
668, 466, 1
668, 521, 1
668, 416, 1
668, 732, 1
668, 723, 1
668, 534, 1
668, 757, 1
668, 544, 1
668, 632, 1
521, 382, -1
521, 348, -1
521, 197, -1
521, 214, -1
521, 218, -1
521, 0, -1
521, 2, -1
521, 1, -1
521, 3, -1
416, 382, -1
416, 348, -1
416, 197, -1
416, 214, -1
416, 218, -1
416, 0, -1
416, 2, -1
416, 1, -1
416, 3, -1
732, 382, -1
732, 348, -1
732, 197, -1
732, 214, -1
732, 218, -1
732, 0, -1
732, 2, -1
732, 1, -1
732, 3, -1
723, 382, -1
723, 348, -1
723, 197, -1
723, 214, -1
723, 218, -1
723, 0, -1
723, 2, -1
723, 1, -1
723, 3, -1
534, 382, -1
534, 348, -1
534, 197, -1
534, 214, -1
534, 218, -1
534, 0, -1
534, 2, -1
534, 1, -1
534, 3, -1
757, 382, -1
757, 348, -1
757, 197, -1
757, 214, -1
757, 218, -1
757, 0, -1
757, 2, -1
757, 1, -1
757, 3, -1
544, 382, -1
544, 348, -1
544, 197, -1
544, 214, -1
544, 218, -1
544, 0, -1
544, 2, -1
544, 1, -1
544, 3, -1
632, 382, -1
632, 348, -1
632, 197, -1
632, 214, -1
632, 218, -1
632, 0, -1
632, 2, -1
632, 1, -1
632, 3, -1
668, 382, -1
668, 348, -1
668, 197, -1
668, 214, -1
668, 218, -1
668, 0, -1
668, 2, -1
668, 1, -1
668, 3, -1

490, 640, 1
490, 404, 1
490, 410, 1
490, 659, 1
490, 449, 1
490, 491, 1
490, 457, 1
490, 601, 1
490, 603, 1
490, 742, 1
490, 727, 1
490, 523, 1
490, 546, 1
490, 653, 1
490, 702, 1
490, 560, 1
490, 708, 1
490, 467, 1
490, 589, 1
490, 489, 1
490, 425, 1
490, 608, 1
490, 737, 1
490, 456, 1
490, 641, 1
490, 484, 1
490, 743, 1
490, 444, 1
490, 595, 1
490, 646, 1
490, 461, 1
490, 528, 1
490, 725, 1
490, 562, 1
490, 466, 1
490, 521, 1
490, 416, 1
490, 732, 1
490, 723, 1
490, 534, 1
490, 757, 1
490, 544, 1
490, 632, 1
490, 668, 1
473, 640, 1
473, 404, 1
473, 410, 1
473, 659, 1
473, 449, 1
473, 491, 1
473, 457, 1
473, 601, 1
473, 603, 1
473, 742, 1
473, 727, 1
473, 523, 1
473, 546, 1
473, 653, 1
473, 702, 1
473, 560, 1
473, 708, 1
473, 467, 1
473, 589, 1
473, 489, 1
473, 425, 1
473, 608, 1
473, 737, 1
473, 456, 1
473, 641, 1
473, 484, 1
473, 743, 1
473, 444, 1
473, 595, 1
473, 646, 1
473, 461, 1
473, 528, 1
473, 725, 1
473, 562, 1
473, 466, 1
473, 521, 1
473, 416, 1
473, 732, 1
473, 723, 1
473, 534, 1
473, 757, 1
473, 544, 1
473, 632, 1
473, 668, 1
473, 490, 1
763, 640, 1
763, 404, 1
763, 410, 1
763, 659, 1
763, 449, 1
763, 491, 1
763, 457, 1
763, 601, 1
763, 603, 1
763, 742, 1
763, 727, 1
763, 523, 1
763, 546, 1
763, 653, 1
763, 702, 1
763, 560, 1
763, 708, 1
763, 467, 1
763, 589, 1
763, 489, 1
763, 425, 1
763, 608, 1
763, 737, 1
763, 456, 1
763, 641, 1
763, 484, 1
763, 743, 1
763, 444, 1
763, 595, 1
763, 646, 1
763, 461, 1
763, 528, 1
763, 725, 1
763, 562, 1
763, 466, 1
763, 521, 1
763, 416, 1
763, 732, 1
763, 723, 1
763, 534, 1
763, 757, 1
763, 544, 1
763, 632, 1
763, 668, 1
763, 490, 1
763, 473, 1
504, 640, 1
504, 404, 1
504, 410, 1
504, 659, 1
504, 449, 1
504, 491, 1
504, 457, 1
504, 601, 1
504, 603, 1
504, 742, 1
504, 727, 1
504, 523, 1
504, 546, 1
504, 653, 1
504, 702, 1
504, 560, 1
504, 708, 1
504, 467, 1
504, 589, 1
504, 489, 1
504, 425, 1
504, 608, 1
504, 737, 1
504, 456, 1
504, 641, 1
504, 484, 1
504, 743, 1
504, 444, 1
504, 595, 1
504, 646, 1
504, 461, 1
504, 528, 1
504, 725, 1
504, 562, 1
504, 466, 1
504, 521, 1
504, 416, 1
504, 732, 1
504, 723, 1
504, 534, 1
504, 757, 1
504, 544, 1
504, 632, 1
504, 668, 1
504, 490, 1
504, 473, 1
504, 763, 1
525, 640, 1
525, 404, 1
525, 410, 1
525, 659, 1
525, 449, 1
525, 491, 1
525, 457, 1
525, 601, 1
525, 603, 1
525, 742, 1
525, 727, 1
525, 523, 1
525, 546, 1
525, 653, 1
525, 702, 1
525, 560, 1
525, 708, 1
525, 467, 1
525, 589, 1
525, 489, 1
525, 425, 1
525, 608, 1
525, 737, 1
525, 456, 1
525, 641, 1
525, 484, 1
525, 743, 1
525, 444, 1
525, 595, 1
525, 646, 1
525, 461, 1
525, 528, 1
525, 725, 1
525, 562, 1
525, 466, 1
525, 521, 1
525, 416, 1
525, 732, 1
525, 723, 1
525, 534, 1
525, 757, 1
525, 544, 1
525, 632, 1
525, 668, 1
525, 490, 1
525, 473, 1
525, 763, 1
525, 504, 1
600, 640, 1
600, 404, 1
600, 410, 1
600, 659, 1
600, 449, 1
600, 491, 1
600, 457, 1
600, 601, 1
600, 603, 1
600, 742, 1
600, 727, 1
600, 523, 1
600, 546, 1
600, 653, 1
600, 702, 1
600, 560, 1
600, 708, 1
600, 467, 1
600, 589, 1
600, 489, 1
600, 425, 1
600, 608, 1
600, 737, 1
600, 456, 1
600, 641, 1
600, 484, 1
600, 743, 1
600, 444, 1
600, 595, 1
600, 646, 1
600, 461, 1
600, 528, 1
600, 725, 1
600, 562, 1
600, 466, 1
600, 521, 1
600, 416, 1
600, 732, 1
600, 723, 1
600, 534, 1
600, 757, 1
600, 544, 1
600, 632, 1
600, 668, 1
600, 490, 1
600, 473, 1
600, 763, 1
600, 504, 1
600, 525, 1
490, 382, -1
490, 348, -1
490, 197, -1
490, 214, -1
490, 218, -1
490, 0, -1
490, 2, -1
490, 1, -1
490, 3, -1
473, 382, -1
473, 348, -1
473, 197, -1
473, 214, -1
473, 218, -1
473, 0, -1
473, 2, -1
473, 1, -1
473, 3, -1
763, 382, -1
763, 348, -1
763, 197, -1
763, 214, -1
763, 218, -1
763, 0, -1
763, 2, -1
763, 1, -1
763, 3, -1
504, 382, -1
504, 348, -1
504, 197, -1
504, 214, -1
504, 218, -1
504, 0, -1
504, 2, -1
504, 1, -1
504, 3, -1
525, 382, -1
525, 348, -1
525, 197, -1
525, 214, -1
525, 218, -1
525, 0, -1
525, 2, -1
525, 1, -1
525, 3, -1
600, 382, -1
600, 348, -1
600, 197, -1
600, 214, -1
600, 218, -1
600, 0, -1
600, 2, -1
600, 1, -1
600, 3, -1

676, 640, 1
676, 404, 1
676, 410, 1
676, 659, 1
676, 449, 1
676, 491, 1
676, 457, 1
676, 601, 1
676, 603, 1
676, 742, 1
676, 727, 1
676, 523, 1
676, 546, 1
676, 653, 1
676, 702, 1
676, 560, 1
676, 708, 1
676, 467, 1
676, 589, 1
676, 489, 1
676, 425, 1
676, 608, 1
676, 737, 1
676, 456, 1
676, 641, 1
676, 484, 1
676, 743, 1
676, 444, 1
676, 595, 1
676, 646, 1
676, 461, 1
676, 528, 1
676, 725, 1
676, 562, 1
676, 466, 1
676, 521, 1
676, 416, 1
676, 732, 1
676, 723, 1
676, 534, 1
676, 757, 1
676, 544, 1
676, 632, 1
676, 668, 1
676, 490, 1
676, 473, 1
676, 763, 1
676, 504, 1
676, 525, 1
676, 600, 1
421, 640, 1
421, 404, 1
421, 410, 1
421, 659, 1
421, 449, 1
421, 491, 1
421, 457, 1
421, 601, 1
421, 603, 1
421, 742, 1
421, 727, 1
421, 523, 1
421, 546, 1
421, 653, 1
421, 702, 1
421, 560, 1
421, 708, 1
421, 467, 1
421, 589, 1
421, 489, 1
421, 425, 1
421, 608, 1
421, 737, 1
421, 456, 1
421, 641, 1
421, 484, 1
421, 743, 1
421, 444, 1
421, 595, 1
421, 646, 1
421, 461, 1
421, 528, 1
421, 725, 1
421, 562, 1
421, 466, 1
421, 521, 1
421, 416, 1
421, 732, 1
421, 723, 1
421, 534, 1
421, 757, 1
421, 544, 1
421, 632, 1
421, 668, 1
421, 490, 1
421, 473, 1
421, 763, 1
421, 504, 1
421, 525, 1
421, 600, 1
421, 676, 1
667, 640, 1
667, 404, 1
667, 410, 1
667, 659, 1
667, 449, 1
667, 491, 1
667, 457, 1
667, 601, 1
667, 603, 1
667, 742, 1
667, 727, 1
667, 523, 1
667, 546, 1
667, 653, 1
667, 702, 1
667, 560, 1
667, 708, 1
667, 467, 1
667, 589, 1
667, 489, 1
667, 425, 1
667, 608, 1
667, 737, 1
667, 456, 1
667, 641, 1
667, 484, 1
667, 743, 1
667, 444, 1
667, 595, 1
667, 646, 1
667, 461, 1
667, 528, 1
667, 725, 1
667, 562, 1
667, 466, 1
667, 521, 1
667, 416, 1
667, 732, 1
667, 723, 1
667, 534, 1
667, 757, 1
667, 544, 1
667, 632, 1
667, 668, 1
667, 490, 1
667, 473, 1
667, 763, 1
667, 504, 1
667, 525, 1
667, 600, 1
667, 676, 1
667, 421, 1
118, 382, 1
118, 348, 1
118, 197, 1
118, 214, 1
118, 218, 1
501, 640, 1
501, 404, 1
501, 410, 1
501, 659, 1
501, 449, 1
501, 491, 1
501, 457, 1
501, 601, 1
501, 603, 1
501, 742, 1
501, 727, 1
501, 523, 1
501, 546, 1
501, 653, 1
501, 702, 1
501, 560, 1
501, 708, 1
501, 467, 1
501, 589, 1
501, 489, 1
501, 425, 1
501, 608, 1
501, 737, 1
501, 456, 1
501, 641, 1
501, 484, 1
501, 743, 1
501, 444, 1
501, 595, 1
501, 646, 1
501, 461, 1
501, 528, 1
501, 725, 1
501, 562, 1
501, 466, 1
501, 521, 1
501, 416, 1
501, 732, 1
501, 723, 1
501, 534, 1
501, 757, 1
501, 544, 1
501, 632, 1
501, 668, 1
501, 490, 1
501, 473, 1
501, 763, 1
501, 504, 1
501, 525, 1
501, 600, 1
501, 676, 1
501, 421, 1
501, 667, 1
530, 640, 1
530, 404, 1
530, 410, 1
530, 659, 1
530, 449, 1
530, 491, 1
530, 457, 1
530, 601, 1
530, 603, 1
530, 742, 1
530, 727, 1
530, 523, 1
530, 546, 1
530, 653, 1
530, 702, 1
530, 560, 1
530, 708, 1
530, 467, 1
530, 589, 1
530, 489, 1
530, 425, 1
530, 608, 1
530, 737, 1
530, 456, 1
530, 641, 1
530, 484, 1
530, 743, 1
530, 444, 1
530, 595, 1
530, 646, 1
530, 461, 1
530, 528, 1
530, 725, 1
530, 562, 1
530, 466, 1
530, 521, 1
530, 416, 1
530, 732, 1
530, 723, 1
530, 534, 1
530, 757, 1
530, 544, 1
530, 632, 1
530, 668, 1
530, 490, 1
530, 473, 1
530, 763, 1
530, 504, 1
530, 525, 1
530, 600, 1
530, 676, 1
530, 421, 1
530, 667, 1
530, 501, 1
691, 640, 1
691, 404, 1
691, 410, 1
691, 659, 1
691, 449, 1
691, 491, 1
691, 457, 1
691, 601, 1
691, 603, 1
691, 742, 1
691, 727, 1
691, 523, 1
691, 546, 1
691, 653, 1
691, 702, 1
691, 560, 1
691, 708, 1
691, 467, 1
691, 589, 1
691, 489, 1
691, 425, 1
691, 608, 1
691, 737, 1
691, 456, 1
691, 641, 1
691, 484, 1
691, 743, 1
691, 444, 1
691, 595, 1
691, 646, 1
691, 461, 1
691, 528, 1
691, 725, 1
691, 562, 1
691, 466, 1
691, 521, 1
691, 416, 1
691, 732, 1
691, 723, 1
691, 534, 1
691, 757, 1
691, 544, 1
691, 632, 1
691, 668, 1
691, 490, 1
691, 473, 1
691, 763, 1
691, 504, 1
691, 525, 1
691, 600, 1
691, 676, 1
691, 421, 1
691, 667, 1
691, 501, 1
691, 530, 1
676, 382, -1
676, 348, -1
676, 197, -1
676, 214, -1
676, 218, -1
676, 0, -1
676, 2, -1
676, 1, -1
676, 3, -1
421, 382, -1
421, 348, -1
421, 197, -1
421, 214, -1
421, 218, -1
421, 0, -1
421, 2, -1
421, 1, -1
421, 3, -1
667, 382, -1
667, 348, -1
667, 197, -1
667, 214, -1
667, 218, -1
667, 0, -1
667, 2, -1
667, 1, -1
667, 3, -1
118, 640, -1
118, 404, -1
118, 410, -1
118, 659, -1
118, 449, -1
118, 491, -1
118, 457, -1
118, 601, -1
118, 603, -1
118, 742, -1
118, 727, -1
118, 523, -1
118, 546, -1
118, 653, -1
118, 702, -1
118, 560, -1
118, 708, -1
118, 467, -1
118, 589, -1
118, 489, -1
118, 425, -1
118, 608, -1
118, 737, -1
118, 456, -1
118, 641, -1
118, 484, -1
118, 743, -1
118, 444, -1
118, 595, -1
118, 646, -1
118, 461, -1
118, 528, -1
118, 725, -1
118, 562, -1
118, 466, -1
118, 521, -1
118, 416, -1
118, 732, -1
118, 723, -1
118, 534, -1
118, 757, -1
118, 544, -1
118, 632, -1
118, 668, -1
118, 490, -1
118, 473, -1
118, 763, -1
118, 504, -1
118, 525, -1
118, 600, -1
118, 676, -1
118, 421, -1
118, 667, -1
118, 0, -1
118, 2, -1
118, 1, -1
118, 3, -1
501, 382, -1
501, 348, -1
501, 197, -1
501, 214, -1
501, 218, -1
501, 118, -1
501, 0, -1
501, 2, -1
501, 1, -1
501, 3, -1
530, 382, -1
530, 348, -1
530, 197, -1
530, 214, -1
530, 218, -1
530, 118, -1
530, 0, -1
530, 2, -1
530, 1, -1
530, 3, -1
691, 382, -1
691, 348, -1
691, 197, -1
691, 214, -1
691, 218, -1
691, 118, -1
691, 0, -1
691, 2, -1
691, 1, -1
691, 3, -1

