54, 382, 1
490, 348, 1
218, 348, 1
218, 490, 1
52, 348, 1
52, 490, 1
52, 218, 1
348, 382, -1
54, 348, -1
490, 382, -1
490, 54, -1
218, 382, -1
218, 54, -1
52, 382, -1
52, 54, -1
21, 382, -1
21, 54, -1
21, 348, -1
21, 490, -1
21, 218, -1
21, 52, -1

95, 21, 1
398, 382, 1
398, 54, 1
446, 382, 1
446, 54, 1
446, 398, 1
27, 21, 1
27, 95, 1
39, 348, 1
39, 490, 1
39, 218, 1
39, 52, 1
152, 348, 1
152, 490, 1
152, 218, 1
152, 52, 1
152, 39, 1
95, 382, -1
95, 54, -1
95, 348, -1
95, 490, -1
95, 218, -1
95, 52, -1
398, 348, -1
398, 490, -1
398, 218, -1
398, 52, -1
398, 21, -1
398, 95, -1
446, 348, -1
446, 490, -1
446, 218, -1
446, 52, -1
446, 21, -1
446, 95, -1
27, 382, -1
27, 54, -1
27, 398, -1
27, 446, -1
27, 348, -1
27, 490, -1
27, 218, -1
27, 52, -1
39, 382, -1
39, 54, -1
39, 398, -1
39, 446, -1
39, 21, -1
39, 95, -1
39, 27, -1
152, 382, -1
152, 54, -1
152, 398, -1
152, 446, -1
152, 21, -1
152, 95, -1
152, 27, -1

204, 382, 1
204, 54, 1
204, 398, 1
204, 446, 1
413, 382, 1
413, 54, 1
413, 398, 1
413, 446, 1
413, 204, 1
186, 21, 1
186, 95, 1
186, 27, 1
296, 21, 1
296, 95, 1
296, 27, 1
296, 186, 1
240, 21, 1
240, 95, 1
240, 27, 1
240, 186, 1
240, 296, 1
256, 21, 1
256, 95, 1
256, 27, 1
256, 186, 1
256, 296, 1
256, 240, 1
204, 348, -1
204, 490, -1
204, 218, -1
204, 52, -1
204, 39, -1
204, 152, -1
204, 21, -1
204, 95, -1
204, 27, -1
413, 348, -1
413, 490, -1
413, 218, -1
413, 52, -1
413, 39, -1
413, 152, -1
413, 21, -1
413, 95, -1
413, 27, -1
186, 382, -1
186, 54, -1
186, 398, -1
186, 446, -1
186, 204, -1
186, 413, -1
186, 348, -1
186, 490, -1
186, 218, -1
186, 52, -1
186, 39, -1
186, 152, -1
296, 382, -1
296, 54, -1
296, 398, -1
296, 446, -1
296, 204, -1
296, 413, -1
296, 348, -1
296, 490, -1
296, 218, -1
296, 52, -1
296, 39, -1
296, 152, -1
240, 382, -1
240, 54, -1
240, 398, -1
240, 446, -1
240, 204, -1
240, 413, -1
240, 348, -1
240, 490, -1
240, 218, -1
240, 52, -1
240, 39, -1
240, 152, -1
256, 382, -1
256, 54, -1
256, 398, -1
256, 446, -1
256, 204, -1
256, 413, -1
256, 348, -1
256, 490, -1
256, 218, -1
256, 52, -1
256, 39, -1
256, 152, -1

306, 21, 1
306, 95, 1
306, 27, 1
306, 186, 1
306, 296, 1
306, 240, 1
306, 256, 1
107, 21, 1
107, 95, 1
107, 27, 1
107, 186, 1
107, 296, 1
107, 240, 1
107, 256, 1
107, 306, 1
332, 21, 1
332, 95, 1
332, 27, 1
332, 186, 1
332, 296, 1
332, 240, 1
332, 256, 1
332, 306, 1
332, 107, 1
37, 21, 1
37, 95, 1
37, 27, 1
37, 186, 1
37, 296, 1
37, 240, 1
37, 256, 1
37, 306, 1
37, 107, 1
37, 332, 1
464, 348, 1
464, 490, 1
464, 218, 1
464, 52, 1
464, 39, 1
464, 152, 1
306, 382, -1
306, 54, -1
306, 398, -1
306, 446, -1
306, 204, -1
306, 413, -1
306, 348, -1
306, 490, -1
306, 218, -1
306, 52, -1
306, 39, -1
306, 152, -1
107, 382, -1
107, 54, -1
107, 398, -1
107, 446, -1
107, 204, -1
107, 413, -1
107, 348, -1
107, 490, -1
107, 218, -1
107, 52, -1
107, 39, -1
107, 152, -1
332, 382, -1
332, 54, -1
332, 398, -1
332, 446, -1
332, 204, -1
332, 413, -1
332, 348, -1
332, 490, -1
332, 218, -1
332, 52, -1
332, 39, -1
332, 152, -1
37, 382, -1
37, 54, -1
37, 398, -1
37, 446, -1
37, 204, -1
37, 413, -1
37, 348, -1
37, 490, -1
37, 218, -1
37, 52, -1
37, 39, -1
37, 152, -1
464, 382, -1
464, 54, -1
464, 398, -1
464, 446, -1
464, 204, -1
464, 413, -1
464, 21, -1
464, 95, -1
464, 27, -1
464, 186, -1
464, 296, -1
464, 240, -1
464, 256, -1
464, 306, -1
464, 107, -1
464, 332, -1
464, 37, -1

431, 21, 1
431, 95, 1
431, 27, 1
431, 186, 1
431, 296, 1
431, 240, 1
431, 256, 1
431, 306, 1
431, 107, 1
431, 332, 1
431, 37, 1
109, 21, 1
109, 95, 1
109, 27, 1
109, 186, 1
109, 296, 1
109, 240, 1
109, 256, 1
109, 306, 1
109, 107, 1
109, 332, 1
109, 37, 1
109, 431, 1
341, 348, 1
341, 490, 1
341, 218, 1
341, 52, 1
341, 39, 1
341, 152, 1
341, 464, 1
28, 21, 1
28, 95, 1
28, 27, 1
28, 186, 1
28, 296, 1
28, 240, 1
28, 256, 1
28, 306, 1
28, 107, 1
28, 332, 1
28, 37, 1
28, 431, 1
28, 109, 1
9, 348, 1
9, 490, 1
9, 218, 1
9, 52, 1
9, 39, 1
9, 152, 1
9, 464, 1
9, 341, 1
129, 21, 1
129, 95, 1
129, 27, 1
129, 186, 1
129, 296, 1
129, 240, 1
129, 256, 1
129, 306, 1
129, 107, 1
129, 332, 1
129, 37, 1
129, 431, 1
129, 109, 1
129, 28, 1
431, 382, -1
431, 54, -1
431, 398, -1
431, 446, -1
431, 204, -1
431, 413, -1
431, 348, -1
431, 490, -1
431, 218, -1
431, 52, -1
431, 39, -1
431, 152, -1
431, 464, -1
109, 382, -1
109, 54, -1
109, 398, -1
109, 446, -1
109, 204, -1
109, 413, -1
109, 348, -1
109, 490, -1
109, 218, -1
109, 52, -1
109, 39, -1
109, 152, -1
109, 464, -1
341, 382, -1
341, 54, -1
341, 398, -1
341, 446, -1
341, 204, -1
341, 413, -1
341, 21, -1
341, 95, -1
341, 27, -1
341, 186, -1
341, 296, -1
341, 240, -1
341, 256, -1
341, 306, -1
341, 107, -1
341, 332, -1
341, 37, -1
341, 431, -1
341, 109, -1
28, 382, -1
28, 54, -1
28, 398, -1
28, 446, -1
28, 204, -1
28, 413, -1
28, 348, -1
28, 490, -1
28, 218, -1
28, 52, -1
28, 39, -1
28, 152, -1
28, 464, -1
28, 341, -1
9, 382, -1
9, 54, -1
9, 398, -1
9, 446, -1
9, 204, -1
9, 413, -1
9, 21, -1
9, 95, -1
9, 27, -1
9, 186, -1
9, 296, -1
9, 240, -1
9, 256, -1
9, 306, -1
9, 107, -1
9, 332, -1
9, 37, -1
9, 431, -1
9, 109, -1
9, 28, -1
129, 382, -1
129, 54, -1
129, 398, -1
129, 446, -1
129, 204, -1
129, 413, -1
129, 348, -1
129, 490, -1
129, 218, -1
129, 52, -1
129, 39, -1
129, 152, -1
129, 464, -1
129, 341, -1
129, 9, -1

426, 348, 1
426, 490, 1
426, 218, 1
426, 52, 1
426, 39, 1
426, 152, 1
426, 464, 1
426, 341, 1
426, 9, 1
456, 21, 1
456, 95, 1
456, 27, 1
456, 186, 1
456, 296, 1
456, 240, 1
456, 256, 1
456, 306, 1
456, 107, 1
456, 332, 1
456, 37, 1
456, 431, 1
456, 109, 1
456, 28, 1
456, 129, 1
133, 21, 1
133, 95, 1
133, 27, 1
133, 186, 1
133, 296, 1
133, 240, 1
133, 256, 1
133, 306, 1
133, 107, 1
133, 332, 1
133, 37, 1
133, 431, 1
133, 109, 1
133, 28, 1
133, 129, 1
133, 456, 1
396, 348, 1
396, 490, 1
396, 218, 1
396, 52, 1
396, 39, 1
396, 152, 1
396, 464, 1
396, 341, 1
396, 9, 1
396, 426, 1
97, 348, 1
97, 490, 1
97, 218, 1
97, 52, 1
97, 39, 1
97, 152, 1
97, 464, 1
97, 341, 1
97, 9, 1
97, 426, 1
97, 396, 1
227, 21, 1
227, 95, 1
227, 27, 1
227, 186, 1
227, 296, 1
227, 240, 1
227, 256, 1
227, 306, 1
227, 107, 1
227, 332, 1
227, 37, 1
227, 431, 1
227, 109, 1
227, 28, 1
227, 129, 1
227, 456, 1
227, 133, 1
426, 382, -1
426, 54, -1
426, 398, -1
426, 446, -1
426, 204, -1
426, 413, -1
426, 21, -1
426, 95, -1
426, 27, -1
426, 186, -1
426, 296, -1
426, 240, -1
426, 256, -1
426, 306, -1
426, 107, -1
426, 332, -1
426, 37, -1
426, 431, -1
426, 109, -1
426, 28, -1
426, 129, -1
456, 382, -1
456, 54, -1
456, 398, -1
456, 446, -1
456, 204, -1
456, 413, -1
456, 348, -1
456, 490, -1
456, 218, -1
456, 52, -1
456, 39, -1
456, 152, -1
456, 464, -1
456, 341, -1
456, 9, -1
456, 426, -1
133, 382, -1
133, 54, -1
133, 398, -1
133, 446, -1
133, 204, -1
133, 413, -1
133, 348, -1
133, 490, -1
133, 218, -1
133, 52, -1
133, 39, -1
133, 152, -1
133, 464, -1
133, 341, -1
133, 9, -1
133, 426, -1
396, 382, -1
396, 54, -1
396, 398, -1
396, 446, -1
396, 204, -1
396, 413, -1
396, 21, -1
396, 95, -1
396, 27, -1
396, 186, -1
396, 296, -1
396, 240, -1
396, 256, -1
396, 306, -1
396, 107, -1
396, 332, -1
396, 37, -1
396, 431, -1
396, 109, -1
396, 28, -1
396, 129, -1
396, 456, -1
396, 133, -1
97, 382, -1
97, 54, -1
97, 398, -1
97, 446, -1
97, 204, -1
97, 413, -1
97, 21, -1
97, 95, -1
97, 27, -1
97, 186, -1
97, 296, -1
97, 240, -1
97, 256, -1
97, 306, -1
97, 107, -1
97, 332, -1
97, 37, -1
97, 431, -1
97, 109, -1
97, 28, -1
97, 129, -1
97, 456, -1
97, 133, -1
227, 382, -1
227, 54, -1
227, 398, -1
227, 446, -1
227, 204, -1
227, 413, -1
227, 348, -1
227, 490, -1
227, 218, -1
227, 52, -1
227, 39, -1
227, 152, -1
227, 464, -1
227, 341, -1
227, 9, -1
227, 426, -1
227, 396, -1
227, 97, -1

69, 21, 1
69, 95, 1
69, 27, 1
69, 186, 1
69, 296, 1
69, 240, 1
69, 256, 1
69, 306, 1
69, 107, 1
69, 332, 1
69, 37, 1
69, 431, 1
69, 109, 1
69, 28, 1
69, 129, 1
69, 456, 1
69, 133, 1
69, 227, 1
215, 348, 1
215, 490, 1
215, 218, 1
215, 52, 1
215, 39, 1
215, 152, 1
215, 464, 1
215, 341, 1
215, 9, 1
215, 426, 1
215, 396, 1
215, 97, 1
117, 21, 1
117, 95, 1
117, 27, 1
117, 186, 1
117, 296, 1
117, 240, 1
117, 256, 1
117, 306, 1
117, 107, 1
117, 332, 1
117, 37, 1
117, 431, 1
117, 109, 1
117, 28, 1
117, 129, 1
117, 456, 1
117, 133, 1
117, 227, 1
117, 69, 1
10, 21, 1
10, 95, 1
10, 27, 1
10, 186, 1
10, 296, 1
10, 240, 1
10, 256, 1
10, 306, 1
10, 107, 1
10, 332, 1
10, 37, 1
10, 431, 1
10, 109, 1
10, 28, 1
10, 129, 1
10, 456, 1
10, 133, 1
10, 227, 1
10, 69, 1
10, 117, 1
323, 348, 1
323, 490, 1
323, 218, 1
323, 52, 1
323, 39, 1
323, 152, 1
323, 464, 1
323, 341, 1
323, 9, 1
323, 426, 1
323, 396, 1
323, 97, 1
323, 215, 1
94, 348, 1
94, 490, 1
94, 218, 1
94, 52, 1
94, 39, 1
94, 152, 1
94, 464, 1
94, 341, 1
94, 9, 1
94, 426, 1
94, 396, 1
94, 97, 1
94, 215, 1
94, 323, 1
69, 382, -1
69, 54, -1
69, 398, -1
69, 446, -1
69, 204, -1
69, 413, -1
69, 348, -1
69, 490, -1
69, 218, -1
69, 52, -1
69, 39, -1
69, 152, -1
69, 464, -1
69, 341, -1
69, 9, -1
69, 426, -1
69, 396, -1
69, 97, -1
215, 382, -1
215, 54, -1
215, 398, -1
215, 446, -1
215, 204, -1
215, 413, -1
215, 21, -1
215, 95, -1
215, 27, -1
215, 186, -1
215, 296, -1
215, 240, -1
215, 256, -1
215, 306, -1
215, 107, -1
215, 332, -1
215, 37, -1
215, 431, -1
215, 109, -1
215, 28, -1
215, 129, -1
215, 456, -1
215, 133, -1
215, 227, -1
215, 69, -1
117, 382, -1
117, 54, -1
117, 398, -1
117, 446, -1
117, 204, -1
117, 413, -1
117, 348, -1
117, 490, -1
117, 218, -1
117, 52, -1
117, 39, -1
117, 152, -1
117, 464, -1
117, 341, -1
117, 9, -1
117, 426, -1
117, 396, -1
117, 97, -1
117, 215, -1
10, 382, -1
10, 54, -1
10, 398, -1
10, 446, -1
10, 204, -1
10, 413, -1
10, 348, -1
10, 490, -1
10, 218, -1
10, 52, -1
10, 39, -1
10, 152, -1
10, 464, -1
10, 341, -1
10, 9, -1
10, 426, -1
10, 396, -1
10, 97, -1
10, 215, -1
323, 382, -1
323, 54, -1
323, 398, -1
323, 446, -1
323, 204, -1
323, 413, -1
323, 21, -1
323, 95, -1
323, 27, -1
323, 186, -1
323, 296, -1
323, 240, -1
323, 256, -1
323, 306, -1
323, 107, -1
323, 332, -1
323, 37, -1
323, 431, -1
323, 109, -1
323, 28, -1
323, 129, -1
323, 456, -1
323, 133, -1
323, 227, -1
323, 69, -1
323, 117, -1
323, 10, -1
94, 382, -1
94, 54, -1
94, 398, -1
94, 446, -1
94, 204, -1
94, 413, -1
94, 21, -1
94, 95, -1
94, 27, -1
94, 186, -1
94, 296, -1
94, 240, -1
94, 256, -1
94, 306, -1
94, 107, -1
94, 332, -1
94, 37, -1
94, 431, -1
94, 109, -1
94, 28, -1
94, 129, -1
94, 456, -1
94, 133, -1
94, 227, -1
94, 69, -1
94, 117, -1
94, 10, -1

480, 21, 1
480, 95, 1
480, 27, 1
480, 186, 1
480, 296, 1
480, 240, 1
480, 256, 1
480, 306, 1
480, 107, 1
480, 332, 1
480, 37, 1
480, 431, 1
480, 109, 1
480, 28, 1
480, 129, 1
480, 456, 1
480, 133, 1
480, 227, 1
480, 69, 1
480, 117, 1
480, 10, 1
298, 348, 1
298, 490, 1
298, 218, 1
298, 52, 1
298, 39, 1
298, 152, 1
298, 464, 1
298, 341, 1
298, 9, 1
298, 426, 1
298, 396, 1
298, 97, 1
298, 215, 1
298, 323, 1
298, 94, 1
259, 348, 1
259, 490, 1
259, 218, 1
259, 52, 1
259, 39, 1
259, 152, 1
259, 464, 1
259, 341, 1
259, 9, 1
259, 426, 1
259, 396, 1
259, 97, 1
259, 215, 1
259, 323, 1
259, 94, 1
259, 298, 1
484, 348, 1
484, 490, 1
484, 218, 1
484, 52, 1
484, 39, 1
484, 152, 1
484, 464, 1
484, 341, 1
484, 9, 1
484, 426, 1
484, 396, 1
484, 97, 1
484, 215, 1
484, 323, 1
484, 94, 1
484, 298, 1
484, 259, 1
412, 348, 1
412, 490, 1
412, 218, 1
412, 52, 1
412, 39, 1
412, 152, 1
412, 464, 1
412, 341, 1
412, 9, 1
412, 426, 1
412, 396, 1
412, 97, 1
412, 215, 1
412, 323, 1
412, 94, 1
412, 298, 1
412, 259, 1
412, 484, 1
319, 21, 1
319, 95, 1
319, 27, 1
319, 186, 1
319, 296, 1
319, 240, 1
319, 256, 1
319, 306, 1
319, 107, 1
319, 332, 1
319, 37, 1
319, 431, 1
319, 109, 1
319, 28, 1
319, 129, 1
319, 456, 1
319, 133, 1
319, 227, 1
319, 69, 1
319, 117, 1
319, 10, 1
319, 480, 1
232, 348, 1
232, 490, 1
232, 218, 1
232, 52, 1
232, 39, 1
232, 152, 1
232, 464, 1
232, 341, 1
232, 9, 1
232, 426, 1
232, 396, 1
232, 97, 1
232, 215, 1
232, 323, 1
232, 94, 1
232, 298, 1
232, 259, 1
232, 484, 1
232, 412, 1
418, 348, 1
418, 490, 1
418, 218, 1
418, 52, 1
418, 39, 1
418, 152, 1
418, 464, 1
418, 341, 1
418, 9, 1
418, 426, 1
418, 396, 1
418, 97, 1
418, 215, 1
418, 323, 1
418, 94, 1
418, 298, 1
418, 259, 1
418, 484, 1
418, 412, 1
418, 232, 1
440, 348, 1
440, 490, 1
440, 218, 1
440, 52, 1
440, 39, 1
440, 152, 1
440, 464, 1
440, 341, 1
440, 9, 1
440, 426, 1
440, 396, 1
440, 97, 1
440, 215, 1
440, 323, 1
440, 94, 1
440, 298, 1
440, 259, 1
440, 484, 1
440, 412, 1
440, 232, 1
440, 418, 1
480, 382, -1
480, 54, -1
480, 398, -1
480, 446, -1
480, 204, -1
480, 413, -1
480, 348, -1
480, 490, -1
480, 218, -1
480, 52, -1
480, 39, -1
480, 152, -1
480, 464, -1
480, 341, -1
480, 9, -1
480, 426, -1
480, 396, -1
480, 97, -1
480, 215, -1
480, 323, -1
480, 94, -1
298, 382, -1
298, 54, -1
298, 398, -1
298, 446, -1
298, 204, -1
298, 413, -1
298, 21, -1
298, 95, -1
298, 27, -1
298, 186, -1
298, 296, -1
298, 240, -1
298, 256, -1
298, 306, -1
298, 107, -1
298, 332, -1
298, 37, -1
298, 431, -1
298, 109, -1
298, 28, -1
298, 129, -1
298, 456, -1
298, 133, -1
298, 227, -1
298, 69, -1
298, 117, -1
298, 10, -1
298, 480, -1
259, 382, -1
259, 54, -1
259, 398, -1
259, 446, -1
259, 204, -1
259, 413, -1
259, 21, -1
259, 95, -1
259, 27, -1
259, 186, -1
259, 296, -1
259, 240, -1
259, 256, -1
259, 306, -1
259, 107, -1
259, 332, -1
259, 37, -1
259, 431, -1
259, 109, -1
259, 28, -1
259, 129, -1
259, 456, -1
259, 133, -1
259, 227, -1
259, 69, -1
259, 117, -1
259, 10, -1
259, 480, -1
484, 382, -1
484, 54, -1
484, 398, -1
484, 446, -1
484, 204, -1
484, 413, -1
484, 21, -1
484, 95, -1
484, 27, -1
484, 186, -1
484, 296, -1
484, 240, -1
484, 256, -1
484, 306, -1
484, 107, -1
484, 332, -1
484, 37, -1
484, 431, -1
484, 109, -1
484, 28, -1
484, 129, -1
484, 456, -1
484, 133, -1
484, 227, -1
484, 69, -1
484, 117, -1
484, 10, -1
484, 480, -1
412, 382, -1
412, 54, -1
412, 398, -1
412, 446, -1
412, 204, -1
412, 413, -1
412, 21, -1
412, 95, -1
412, 27, -1
412, 186, -1
412, 296, -1
412, 240, -1
412, 256, -1
412, 306, -1
412, 107, -1
412, 332, -1
412, 37, -1
412, 431, -1
412, 109, -1
412, 28, -1
412, 129, -1
412, 456, -1
412, 133, -1
412, 227, -1
412, 69, -1
412, 117, -1
412, 10, -1
412, 480, -1
319, 382, -1
319, 54, -1
319, 398, -1
319, 446, -1
319, 204, -1
319, 413, -1
319, 348, -1
319, 490, -1
319, 218, -1
319, 52, -1
319, 39, -1
319, 152, -1
319, 464, -1
319, 341, -1
319, 9, -1
319, 426, -1
319, 396, -1
319, 97, -1
319, 215, -1
319, 323, -1
319, 94, -1
319, 298, -1
319, 259, -1
319, 484, -1
319, 412, -1
232, 382, -1
232, 54, -1
232, 398, -1
232, 446, -1
232, 204, -1
232, 413, -1
232, 21, -1
232, 95, -1
232, 27, -1
232, 186, -1
232, 296, -1
232, 240, -1
232, 256, -1
232, 306, -1
232, 107, -1
232, 332, -1
232, 37, -1
232, 431, -1
232, 109, -1
232, 28, -1
232, 129, -1
232, 456, -1
232, 133, -1
232, 227, -1
232, 69, -1
232, 117, -1
232, 10, -1
232, 480, -1
232, 319, -1
418, 382, -1
418, 54, -1
418, 398, -1
418, 446, -1
418, 204, -1
418, 413, -1
418, 21, -1
418, 95, -1
418, 27, -1
418, 186, -1
418, 296, -1
418, 240, -1
418, 256, -1
418, 306, -1
418, 107, -1
418, 332, -1
418, 37, -1
418, 431, -1
418, 109, -1
418, 28, -1
418, 129, -1
418, 456, -1
418, 133, -1
418, 227, -1
418, 69, -1
418, 117, -1
418, 10, -1
418, 480, -1
418, 319, -1
440, 382, -1
440, 54, -1
440, 398, -1
440, 446, -1
440, 204, -1
440, 413, -1
440, 21, -1
440, 95, -1
440, 27, -1
440, 186, -1
440, 296, -1
440, 240, -1
440, 256, -1
440, 306, -1
440, 107, -1
440, 332, -1
440, 37, -1
440, 431, -1
440, 109, -1
440, 28, -1
440, 129, -1
440, 456, -1
440, 133, -1
440, 227, -1
440, 69, -1
440, 117, -1
440, 10, -1
440, 480, -1
440, 319, -1

493, 348, 1
493, 490, 1
493, 218, 1
493, 52, 1
493, 39, 1
493, 152, 1
493, 464, 1
493, 341, 1
493, 9, 1
493, 426, 1
493, 396, 1
493, 97, 1
493, 215, 1
493, 323, 1
493, 94, 1
493, 298, 1
493, 259, 1
493, 484, 1
493, 412, 1
493, 232, 1
493, 418, 1
493, 440, 1
189, 348, 1
189, 490, 1
189, 218, 1
189, 52, 1
189, 39, 1
189, 152, 1
189, 464, 1
189, 341, 1
189, 9, 1
189, 426, 1
189, 396, 1
189, 97, 1
189, 215, 1
189, 323, 1
189, 94, 1
189, 298, 1
189, 259, 1
189, 484, 1
189, 412, 1
189, 232, 1
189, 418, 1
189, 440, 1
189, 493, 1
35, 348, 1
35, 490, 1
35, 218, 1
35, 52, 1
35, 39, 1
35, 152, 1
35, 464, 1
35, 341, 1
35, 9, 1
35, 426, 1
35, 396, 1
35, 97, 1
35, 215, 1
35, 323, 1
35, 94, 1
35, 298, 1
35, 259, 1
35, 484, 1
35, 412, 1
35, 232, 1
35, 418, 1
35, 440, 1
35, 493, 1
35, 189, 1
449, 348, 1
449, 490, 1
449, 218, 1
449, 52, 1
449, 39, 1
449, 152, 1
449, 464, 1
449, 341, 1
449, 9, 1
449, 426, 1
449, 396, 1
449, 97, 1
449, 215, 1
449, 323, 1
449, 94, 1
449, 298, 1
449, 259, 1
449, 484, 1
449, 412, 1
449, 232, 1
449, 418, 1
449, 440, 1
449, 493, 1
449, 189, 1
449, 35, 1
252, 21, 1
252, 95, 1
252, 27, 1
252, 186, 1
252, 296, 1
252, 240, 1
252, 256, 1
252, 306, 1
252, 107, 1
252, 332, 1
252, 37, 1
252, 431, 1
252, 109, 1
252, 28, 1
252, 129, 1
252, 456, 1
252, 133, 1
252, 227, 1
252, 69, 1
252, 117, 1
252, 10, 1
252, 480, 1
252, 319, 1
163, 348, 1
163, 490, 1
163, 218, 1
163, 52, 1
163, 39, 1
163, 152, 1
163, 464, 1
163, 341, 1
163, 9, 1
163, 426, 1
163, 396, 1
163, 97, 1
163, 215, 1
163, 323, 1
163, 94, 1
163, 298, 1
163, 259, 1
163, 484, 1
163, 412, 1
163, 232, 1
163, 418, 1
163, 440, 1
163, 493, 1
163, 189, 1
163, 35, 1
163, 449, 1
274, 21, 1
274, 95, 1
274, 27, 1
274, 186, 1
274, 296, 1
274, 240, 1
274, 256, 1
274, 306, 1
274, 107, 1
274, 332, 1
274, 37, 1
274, 431, 1
274, 109, 1
274, 28, 1
274, 129, 1
274, 456, 1
274, 133, 1
274, 227, 1
274, 69, 1
274, 117, 1
274, 10, 1
274, 480, 1
274, 319, 1
274, 252, 1
176, 348, 1
176, 490, 1
176, 218, 1
176, 52, 1
176, 39, 1
176, 152, 1
176, 464, 1
176, 341, 1
176, 9, 1
176, 426, 1
176, 396, 1
176, 97, 1
176, 215, 1
176, 323, 1
176, 94, 1
176, 298, 1
176, 259, 1
176, 484, 1
176, 412, 1
176, 232, 1
176, 418, 1
176, 440, 1
176, 493, 1
176, 189, 1
176, 35, 1
176, 449, 1
176, 163, 1
345, 348, 1
345, 490, 1
345, 218, 1
345, 52, 1
345, 39, 1
345, 152, 1
345, 464, 1
345, 341, 1
345, 9, 1
345, 426, 1
345, 396, 1
345, 97, 1
345, 215, 1
345, 323, 1
345, 94, 1
345, 298, 1
345, 259, 1
345, 484, 1
345, 412, 1
345, 232, 1
345, 418, 1
345, 440, 1
345, 493, 1
345, 189, 1
345, 35, 1
345, 449, 1
345, 163, 1
345, 176, 1
493, 382, -1
493, 54, -1
493, 398, -1
493, 446, -1
493, 204, -1
493, 413, -1
493, 21, -1
493, 95, -1
493, 27, -1
493, 186, -1
493, 296, -1
493, 240, -1
493, 256, -1
493, 306, -1
493, 107, -1
493, 332, -1
493, 37, -1
493, 431, -1
493, 109, -1
493, 28, -1
493, 129, -1
493, 456, -1
493, 133, -1
493, 227, -1
493, 69, -1
493, 117, -1
493, 10, -1
493, 480, -1
493, 319, -1
189, 382, -1
189, 54, -1
189, 398, -1
189, 446, -1
189, 204, -1
189, 413, -1
189, 21, -1
189, 95, -1
189, 27, -1
189, 186, -1
189, 296, -1
189, 240, -1
189, 256, -1
189, 306, -1
189, 107, -1
189, 332, -1
189, 37, -1
189, 431, -1
189, 109, -1
189, 28, -1
189, 129, -1
189, 456, -1
189, 133, -1
189, 227, -1
189, 69, -1
189, 117, -1
189, 10, -1
189, 480, -1
189, 319, -1
35, 382, -1
35, 54, -1
35, 398, -1
35, 446, -1
35, 204, -1
35, 413, -1
35, 21, -1
35, 95, -1
35, 27, -1
35, 186, -1
35, 296, -1
35, 240, -1
35, 256, -1
35, 306, -1
35, 107, -1
35, 332, -1
35, 37, -1
35, 431, -1
35, 109, -1
35, 28, -1
35, 129, -1
35, 456, -1
35, 133, -1
35, 227, -1
35, 69, -1
35, 117, -1
35, 10, -1
35, 480, -1
35, 319, -1
449, 382, -1
449, 54, -1
449, 398, -1
449, 446, -1
449, 204, -1
449, 413, -1
449, 21, -1
449, 95, -1
449, 27, -1
449, 186, -1
449, 296, -1
449, 240, -1
449, 256, -1
449, 306, -1
449, 107, -1
449, 332, -1
449, 37, -1
449, 431, -1
449, 109, -1
449, 28, -1
449, 129, -1
449, 456, -1
449, 133, -1
449, 227, -1
449, 69, -1
449, 117, -1
449, 10, -1
449, 480, -1
449, 319, -1
252, 382, -1
252, 54, -1
252, 398, -1
252, 446, -1
252, 204, -1
252, 413, -1
252, 348, -1
252, 490, -1
252, 218, -1
252, 52, -1
252, 39, -1
252, 152, -1
252, 464, -1
252, 341, -1
252, 9, -1
252, 426, -1
252, 396, -1
252, 97, -1
252, 215, -1
252, 323, -1
252, 94, -1
252, 298, -1
252, 259, -1
252, 484, -1
252, 412, -1
252, 232, -1
252, 418, -1
252, 440, -1
252, 493, -1
252, 189, -1
252, 35, -1
252, 449, -1
163, 382, -1
163, 54, -1
163, 398, -1
163, 446, -1
163, 204, -1
163, 413, -1
163, 21, -1
163, 95, -1
163, 27, -1
163, 186, -1
163, 296, -1
163, 240, -1
163, 256, -1
163, 306, -1
163, 107, -1
163, 332, -1
163, 37, -1
163, 431, -1
163, 109, -1
163, 28, -1
163, 129, -1
163, 456, -1
163, 133, -1
163, 227, -1
163, 69, -1
163, 117, -1
163, 10, -1
163, 480, -1
163, 319, -1
163, 252, -1
274, 382, -1
274, 54, -1
274, 398, -1
274, 446, -1
274, 204, -1
274, 413, -1
274, 348, -1
274, 490, -1
274, 218, -1
274, 52, -1
274, 39, -1
274, 152, -1
274, 464, -1
274, 341, -1
274, 9, -1
274, 426, -1
274, 396, -1
274, 97, -1
274, 215, -1
274, 323, -1
274, 94, -1
274, 298, -1
274, 259, -1
274, 484, -1
274, 412, -1
274, 232, -1
274, 418, -1
274, 440, -1
274, 493, -1
274, 189, -1
274, 35, -1
274, 449, -1
274, 163, -1
176, 382, -1
176, 54, -1
176, 398, -1
176, 446, -1
176, 204, -1
176, 413, -1
176, 21, -1
176, 95, -1
176, 27, -1
176, 186, -1
176, 296, -1
176, 240, -1
176, 256, -1
176, 306, -1
176, 107, -1
176, 332, -1
176, 37, -1
176, 431, -1
176, 109, -1
176, 28, -1
176, 129, -1
176, 456, -1
176, 133, -1
176, 227, -1
176, 69, -1
176, 117, -1
176, 10, -1
176, 480, -1
176, 319, -1
176, 252, -1
176, 274, -1
345, 382, -1
345, 54, -1
345, 398, -1
345, 446, -1
345, 204, -1
345, 413, -1
345, 21, -1
345, 95, -1
345, 27, -1
345, 186, -1
345, 296, -1
345, 240, -1
345, 256, -1
345, 306, -1
345, 107, -1
345, 332, -1
345, 37, -1
345, 431, -1
345, 109, -1
345, 28, -1
345, 129, -1
345, 456, -1
345, 133, -1
345, 227, -1
345, 69, -1
345, 117, -1
345, 10, -1
345, 480, -1
345, 319, -1
345, 252, -1
345, 274, -1

279, 21, 1
279, 95, 1
279, 27, 1
279, 186, 1
279, 296, 1
279, 240, 1
279, 256, 1
279, 306, 1
279, 107, 1
279, 332, 1
279, 37, 1
279, 431, 1
279, 109, 1
279, 28, 1
279, 129, 1
279, 456, 1
279, 133, 1
279, 227, 1
279, 69, 1
279, 117, 1
279, 10, 1
279, 480, 1
279, 319, 1
279, 252, 1
279, 274, 1
483, 21, 1
483, 95, 1
483, 27, 1
483, 186, 1
483, 296, 1
483, 240, 1
483, 256, 1
483, 306, 1
483, 107, 1
483, 332, 1
483, 37, 1
483, 431, 1
483, 109, 1
483, 28, 1
483, 129, 1
483, 456, 1
483, 133, 1
483, 227, 1
483, 69, 1
483, 117, 1
483, 10, 1
483, 480, 1
483, 319, 1
483, 252, 1
483, 274, 1
483, 279, 1
153, 348, 1
153, 490, 1
153, 218, 1
153, 52, 1
153, 39, 1
153, 152, 1
153, 464, 1
153, 341, 1
153, 9, 1
153, 426, 1
153, 396, 1
153, 97, 1
153, 215, 1
153, 323, 1
153, 94, 1
153, 298, 1
153, 259, 1
153, 484, 1
153, 412, 1
153, 232, 1
153, 418, 1
153, 440, 1
153, 493, 1
153, 189, 1
153, 35, 1
153, 449, 1
153, 163, 1
153, 176, 1
153, 345, 1
89, 21, 1
89, 95, 1
89, 27, 1
89, 186, 1
89, 296, 1
89, 240, 1
89, 256, 1
89, 306, 1
89, 107, 1
89, 332, 1
89, 37, 1
89, 431, 1
89, 109, 1
89, 28, 1
89, 129, 1
89, 456, 1
89, 133, 1
89, 227, 1
89, 69, 1
89, 117, 1
89, 10, 1
89, 480, 1
89, 319, 1
89, 252, 1
89, 274, 1
89, 279, 1
89, 483, 1
381, 348, 1
381, 490, 1
381, 218, 1
381, 52, 1
381, 39, 1
381, 152, 1
381, 464, 1
381, 341, 1
381, 9, 1
381, 426, 1
381, 396, 1
381, 97, 1
381, 215, 1
381, 323, 1
381, 94, 1
381, 298, 1
381, 259, 1
381, 484, 1
381, 412, 1
381, 232, 1
381, 418, 1
381, 440, 1
381, 493, 1
381, 189, 1
381, 35, 1
381, 449, 1
381, 163, 1
381, 176, 1
381, 345, 1
381, 153, 1
7, 21, 1
7, 95, 1
7, 27, 1
7, 186, 1
7, 296, 1
7, 240, 1
7, 256, 1
7, 306, 1
7, 107, 1
7, 332, 1
7, 37, 1
7, 431, 1
7, 109, 1
7, 28, 1
7, 129, 1
7, 456, 1
7, 133, 1
7, 227, 1
7, 69, 1
7, 117, 1
7, 10, 1
7, 480, 1
7, 319, 1
7, 252, 1
7, 274, 1
7, 279, 1
7, 483, 1
7, 89, 1
312, 348, 1
312, 490, 1
312, 218, 1
312, 52, 1
312, 39, 1
312, 152, 1
312, 464, 1
312, 341, 1
312, 9, 1
312, 426, 1
312, 396, 1
312, 97, 1
312, 215, 1
312, 323, 1
312, 94, 1
312, 298, 1
312, 259, 1
312, 484, 1
312, 412, 1
312, 232, 1
312, 418, 1
312, 440, 1
312, 493, 1
312, 189, 1
312, 35, 1
312, 449, 1
312, 163, 1
312, 176, 1
312, 345, 1
312, 153, 1
312, 381, 1
433, 21, 1
433, 95, 1
433, 27, 1
433, 186, 1
433, 296, 1
433, 240, 1
433, 256, 1
433, 306, 1
433, 107, 1
433, 332, 1
433, 37, 1
433, 431, 1
433, 109, 1
433, 28, 1
433, 129, 1
433, 456, 1
433, 133, 1
433, 227, 1
433, 69, 1
433, 117, 1
433, 10, 1
433, 480, 1
433, 319, 1
433, 252, 1
433, 274, 1
433, 279, 1
433, 483, 1
433, 89, 1
433, 7, 1
361, 348, 1
361, 490, 1
361, 218, 1
361, 52, 1
361, 39, 1
361, 152, 1
361, 464, 1
361, 341, 1
361, 9, 1
361, 426, 1
361, 396, 1
361, 97, 1
361, 215, 1
361, 323, 1
361, 94, 1
361, 298, 1
361, 259, 1
361, 484, 1
361, 412, 1
361, 232, 1
361, 418, 1
361, 440, 1
361, 493, 1
361, 189, 1
361, 35, 1
361, 449, 1
361, 163, 1
361, 176, 1
361, 345, 1
361, 153, 1
361, 381, 1
361, 312, 1
317, 348, 1
317, 490, 1
317, 218, 1
317, 52, 1
317, 39, 1
317, 152, 1
317, 464, 1
317, 341, 1
317, 9, 1
317, 426, 1
317, 396, 1
317, 97, 1
317, 215, 1
317, 323, 1
317, 94, 1
317, 298, 1
317, 259, 1
317, 484, 1
317, 412, 1
317, 232, 1
317, 418, 1
317, 440, 1
317, 493, 1
317, 189, 1
317, 35, 1
317, 449, 1
317, 163, 1
317, 176, 1
317, 345, 1
317, 153, 1
317, 381, 1
317, 312, 1
317, 361, 1
279, 382, -1
279, 54, -1
279, 398, -1
279, 446, -1
279, 204, -1
279, 413, -1
279, 348, -1
279, 490, -1
279, 218, -1
279, 52, -1
279, 39, -1
279, 152, -1
279, 464, -1
279, 341, -1
279, 9, -1
279, 426, -1
279, 396, -1
279, 97, -1
279, 215, -1
279, 323, -1
279, 94, -1
279, 298, -1
279, 259, -1
279, 484, -1
279, 412, -1
279, 232, -1
279, 418, -1
279, 440, -1
279, 493, -1
279, 189, -1
279, 35, -1
279, 449, -1
279, 163, -1
279, 176, -1
279, 345, -1
483, 382, -1
483, 54, -1
483, 398, -1
483, 446, -1
483, 204, -1
483, 413, -1
483, 348, -1
483, 490, -1
483, 218, -1
483, 52, -1
483, 39, -1
483, 152, -1
483, 464, -1
483, 341, -1
483, 9, -1
483, 426, -1
483, 396, -1
483, 97, -1
483, 215, -1
483, 323, -1
483, 94, -1
483, 298, -1
483, 259, -1
483, 484, -1
483, 412, -1
483, 232, -1
483, 418, -1
483, 440, -1
483, 493, -1
483, 189, -1
483, 35, -1
483, 449, -1
483, 163, -1
483, 176, -1
483, 345, -1
153, 382, -1
153, 54, -1
153, 398, -1
153, 446, -1
153, 204, -1
153, 413, -1
153, 21, -1
153, 95, -1
153, 27, -1
153, 186, -1
153, 296, -1
153, 240, -1
153, 256, -1
153, 306, -1
153, 107, -1
153, 332, -1
153, 37, -1
153, 431, -1
153, 109, -1
153, 28, -1
153, 129, -1
153, 456, -1
153, 133, -1
153, 227, -1
153, 69, -1
153, 117, -1
153, 10, -1
153, 480, -1
153, 319, -1
153, 252, -1
153, 274, -1
153, 279, -1
153, 483, -1
89, 382, -1
89, 54, -1
89, 398, -1
89, 446, -1
89, 204, -1
89, 413, -1
89, 348, -1
89, 490, -1
89, 218, -1
89, 52, -1
89, 39, -1
89, 152, -1
89, 464, -1
89, 341, -1
89, 9, -1
89, 426, -1
89, 396, -1
89, 97, -1
89, 215, -1
89, 323, -1
89, 94, -1
89, 298, -1
89, 259, -1
89, 484, -1
89, 412, -1
89, 232, -1
89, 418, -1
89, 440, -1
89, 493, -1
89, 189, -1
89, 35, -1
89, 449, -1
89, 163, -1
89, 176, -1
89, 345, -1
89, 153, -1
381, 382, -1
381, 54, -1
381, 398, -1
381, 446, -1
381, 204, -1
381, 413, -1
381, 21, -1
381, 95, -1
381, 27, -1
381, 186, -1
381, 296, -1
381, 240, -1
381, 256, -1
381, 306, -1
381, 107, -1
381, 332, -1
381, 37, -1
381, 431, -1
381, 109, -1
381, 28, -1
381, 129, -1
381, 456, -1
381, 133, -1
381, 227, -1
381, 69, -1
381, 117, -1
381, 10, -1
381, 480, -1
381, 319, -1
381, 252, -1
381, 274, -1
381, 279, -1
381, 483, -1
381, 89, -1
7, 382, -1
7, 54, -1
7, 398, -1
7, 446, -1
7, 204, -1
7, 413, -1
7, 348, -1
7, 490, -1
7, 218, -1
7, 52, -1
7, 39, -1
7, 152, -1
7, 464, -1
7, 341, -1
7, 9, -1
7, 426, -1
7, 396, -1
7, 97, -1
7, 215, -1
7, 323, -1
7, 94, -1
7, 298, -1
7, 259, -1
7, 484, -1
7, 412, -1
7, 232, -1
7, 418, -1
7, 440, -1
7, 493, -1
7, 189, -1
7, 35, -1
7, 449, -1
7, 163, -1
7, 176, -1
7, 345, -1
7, 153, -1
7, 381, -1
312, 382, -1
312, 54, -1
312, 398, -1
312, 446, -1
312, 204, -1
312, 413, -1
312, 21, -1
312, 95, -1
312, 27, -1
312, 186, -1
312, 296, -1
312, 240, -1
312, 256, -1
312, 306, -1
312, 107, -1
312, 332, -1
312, 37, -1
312, 431, -1
312, 109, -1
312, 28, -1
312, 129, -1
312, 456, -1
312, 133, -1
312, 227, -1
312, 69, -1
312, 117, -1
312, 10, -1
312, 480, -1
312, 319, -1
312, 252, -1
312, 274, -1
312, 279, -1
312, 483, -1
312, 89, -1
312, 7, -1
433, 382, -1
433, 54, -1
433, 398, -1
433, 446, -1
433, 204, -1
433, 413, -1
433, 348, -1
433, 490, -1
433, 218, -1
433, 52, -1
433, 39, -1
433, 152, -1
433, 464, -1
433, 341, -1
433, 9, -1
433, 426, -1
433, 396, -1
433, 97, -1
433, 215, -1
433, 323, -1
433, 94, -1
433, 298, -1
433, 259, -1
433, 484, -1
433, 412, -1
433, 232, -1
433, 418, -1
433, 440, -1
433, 493, -1
433, 189, -1
433, 35, -1
433, 449, -1
433, 163, -1
433, 176, -1
433, 345, -1
433, 153, -1
433, 381, -1
433, 312, -1
361, 382, -1
361, 54, -1
361, 398, -1
361, 446, -1
361, 204, -1
361, 413, -1
361, 21, -1
361, 95, -1
361, 27, -1
361, 186, -1
361, 296, -1
361, 240, -1
361, 256, -1
361, 306, -1
361, 107, -1
361, 332, -1
361, 37, -1
361, 431, -1
361, 109, -1
361, 28, -1
361, 129, -1
361, 456, -1
361, 133, -1
361, 227, -1
361, 69, -1
361, 117, -1
361, 10, -1
361, 480, -1
361, 319, -1
361, 252, -1
361, 274, -1
361, 279, -1
361, 483, -1
361, 89, -1
361, 7, -1
361, 433, -1
317, 382, -1
317, 54, -1
317, 398, -1
317, 446, -1
317, 204, -1
317, 413, -1
317, 21, -1
317, 95, -1
317, 27, -1
317, 186, -1
317, 296, -1
317, 240, -1
317, 256, -1
317, 306, -1
317, 107, -1
317, 332, -1
317, 37, -1
317, 431, -1
317, 109, -1
317, 28, -1
317, 129, -1
317, 456, -1
317, 133, -1
317, 227, -1
317, 69, -1
317, 117, -1
317, 10, -1
317, 480, -1
317, 319, -1
317, 252, -1
317, 274, -1
317, 279, -1
317, 483, -1
317, 89, -1
317, 7, -1
317, 433, -1

