92, 126, 1
128, 126, 1
128, 92, 1
4, 56, 1
88, 126, 1
88, 92, 1
88, 128, 1
56, 126, -1
56, 92, -1
56, 128, -1
4, 126, -1
4, 92, -1
4, 128, -1
88, 56, -1
88, 4, -1
136, 126, -1
136, 92, -1
136, 128, -1
136, 88, -1
136, 56, -1
136, 4, -1

109, 126, 1
109, 92, 1
109, 128, 1
109, 88, 1
44, 56, 1
44, 4, 1
120, 126, 1
120, 92, 1
120, 128, 1
120, 88, 1
120, 109, 1
74, 126, 1
74, 92, 1
74, 128, 1
74, 88, 1
74, 109, 1
74, 120, 1
98, 126, 1
98, 92, 1
98, 128, 1
98, 88, 1
98, 109, 1
98, 120, 1
98, 74, 1
65, 126, 1
65, 92, 1
65, 128, 1
65, 88, 1
65, 109, 1
65, 120, 1
65, 74, 1
65, 98, 1
24, 56, 1
24, 4, 1
24, 44, 1
109, 56, -1
109, 4, -1
109, 136, -1
44, 126, -1
44, 92, -1
44, 128, -1
44, 88, -1
44, 109, -1
44, 136, -1
120, 56, -1
120, 4, -1
120, 44, -1
120, 136, -1
74, 56, -1
74, 4, -1
74, 44, -1
74, 136, -1
98, 56, -1
98, 4, -1
98, 44, -1
98, 136, -1
65, 56, -1
65, 4, -1
65, 44, -1
65, 136, -1
24, 126, -1
24, 92, -1
24, 128, -1
24, 88, -1
24, 109, -1
24, 120, -1
24, 74, -1
24, 98, -1
24, 65, -1
24, 136, -1

89, 126, 1
89, 92, 1
89, 128, 1
89, 88, 1
89, 109, 1
89, 120, 1
89, 74, 1
89, 98, 1
89, 65, 1
95, 126, 1
95, 92, 1
95, 128, 1
95, 88, 1
95, 109, 1
95, 120, 1
95, 74, 1
95, 98, 1
95, 65, 1
95, 89, 1
104, 126, 1
104, 92, 1
104, 128, 1
104, 88, 1
104, 109, 1
104, 120, 1
104, 74, 1
104, 98, 1
104, 65, 1
104, 89, 1
104, 95, 1
100, 126, 1
100, 92, 1
100, 128, 1
100, 88, 1
100, 109, 1
100, 120, 1
100, 74, 1
100, 98, 1
100, 65, 1
100, 89, 1
100, 95, 1
100, 104, 1
81, 126, 1
81, 92, 1
81, 128, 1
81, 88, 1
81, 109, 1
81, 120, 1
81, 74, 1
81, 98, 1
81, 65, 1
81, 89, 1
81, 95, 1
81, 104, 1
81, 100, 1
69, 126, 1
69, 92, 1
69, 128, 1
69, 88, 1
69, 109, 1
69, 120, 1
69, 74, 1
69, 98, 1
69, 65, 1
69, 89, 1
69, 95, 1
69, 104, 1
69, 100, 1
69, 81, 1
78, 126, 1
78, 92, 1
78, 128, 1
78, 88, 1
78, 109, 1
78, 120, 1
78, 74, 1
78, 98, 1
78, 65, 1
78, 89, 1
78, 95, 1
78, 104, 1
78, 100, 1
78, 81, 1
78, 69, 1
89, 56, -1
89, 4, -1
89, 44, -1
89, 24, -1
89, 136, -1
95, 56, -1
95, 4, -1
95, 44, -1
95, 24, -1
95, 136, -1
104, 56, -1
104, 4, -1
104, 44, -1
104, 24, -1
104, 136, -1
100, 56, -1
100, 4, -1
100, 44, -1
100, 24, -1
100, 136, -1
81, 56, -1
81, 4, -1
81, 44, -1
81, 24, -1
81, 136, -1
69, 56, -1
69, 4, -1
69, 44, -1
69, 24, -1
69, 136, -1
78, 56, -1
78, 4, -1
78, 44, -1
78, 24, -1
78, 136, -1

149, 136, 1
112, 126, 1
112, 92, 1
112, 128, 1
112, 88, 1
112, 109, 1
112, 120, 1
112, 74, 1
112, 98, 1
112, 65, 1
112, 89, 1
112, 95, 1
112, 104, 1
112, 100, 1
112, 81, 1
112, 69, 1
112, 78, 1
121, 126, 1
121, 92, 1
121, 128, 1
121, 88, 1
121, 109, 1
121, 120, 1
121, 74, 1
121, 98, 1
121, 65, 1
121, 89, 1
121, 95, 1
121, 104, 1
121, 100, 1
121, 81, 1
121, 69, 1
121, 78, 1
121, 112, 1
134, 136, 1
134, 149, 1
71, 126, 1
71, 92, 1
71, 128, 1
71, 88, 1
71, 109, 1
71, 120, 1
71, 74, 1
71, 98, 1
71, 65, 1
71, 89, 1
71, 95, 1
71, 104, 1
71, 100, 1
71, 81, 1
71, 69, 1
71, 78, 1
71, 112, 1
71, 121, 1
66, 126, 1
66, 92, 1
66, 128, 1
66, 88, 1
66, 109, 1
66, 120, 1
66, 74, 1
66, 98, 1
66, 65, 1
66, 89, 1
66, 95, 1
66, 104, 1
66, 100, 1
66, 81, 1
66, 69, 1
66, 78, 1
66, 112, 1
66, 121, 1
66, 71, 1
110, 126, 1
110, 92, 1
110, 128, 1
110, 88, 1
110, 109, 1
110, 120, 1
110, 74, 1
110, 98, 1
110, 65, 1
110, 89, 1
110, 95, 1
110, 104, 1
110, 100, 1
110, 81, 1
110, 69, 1
110, 78, 1
110, 112, 1
110, 121, 1
110, 71, 1
110, 66, 1
123, 126, 1
123, 92, 1
123, 128, 1
123, 88, 1
123, 109, 1
123, 120, 1
123, 74, 1
123, 98, 1
123, 65, 1
123, 89, 1
123, 95, 1
123, 104, 1
123, 100, 1
123, 81, 1
123, 69, 1
123, 78, 1
123, 112, 1
123, 121, 1
123, 71, 1
123, 66, 1
123, 110, 1
149, 126, -1
149, 92, -1
149, 128, -1
149, 88, -1
149, 109, -1
149, 120, -1
149, 74, -1
149, 98, -1
149, 65, -1
149, 89, -1
149, 95, -1
149, 104, -1
149, 100, -1
149, 81, -1
149, 69, -1
149, 78, -1
149, 56, -1
149, 4, -1
149, 44, -1
149, 24, -1
112, 56, -1
112, 4, -1
112, 44, -1
112, 24, -1
112, 136, -1
112, 149, -1
121, 56, -1
121, 4, -1
121, 44, -1
121, 24, -1
121, 136, -1
121, 149, -1
134, 126, -1
134, 92, -1
134, 128, -1
134, 88, -1
134, 109, -1
134, 120, -1
134, 74, -1
134, 98, -1
134, 65, -1
134, 89, -1
134, 95, -1
134, 104, -1
134, 100, -1
134, 81, -1
134, 69, -1
134, 78, -1
134, 112, -1
134, 121, -1
134, 56, -1
134, 4, -1
134, 44, -1
134, 24, -1
71, 56, -1
71, 4, -1
71, 44, -1
71, 24, -1
71, 136, -1
71, 149, -1
71, 134, -1
66, 56, -1
66, 4, -1
66, 44, -1
66, 24, -1
66, 136, -1
66, 149, -1
66, 134, -1
110, 56, -1
110, 4, -1
110, 44, -1
110, 24, -1
110, 136, -1
110, 149, -1
110, 134, -1
123, 56, -1
123, 4, -1
123, 44, -1
123, 24, -1
123, 136, -1
123, 149, -1
123, 134, -1

70, 126, 1
70, 92, 1
70, 128, 1
70, 88, 1
70, 109, 1
70, 120, 1
70, 74, 1
70, 98, 1
70, 65, 1
70, 89, 1
70, 95, 1
70, 104, 1
70, 100, 1
70, 81, 1
70, 69, 1
70, 78, 1
70, 112, 1
70, 121, 1
70, 71, 1
70, 66, 1
70, 110, 1
70, 123, 1
162, 136, 1
162, 149, 1
162, 134, 1
96, 126, 1
96, 92, 1
96, 128, 1
96, 88, 1
96, 109, 1
96, 120, 1
96, 74, 1
96, 98, 1
96, 65, 1
96, 89, 1
96, 95, 1
96, 104, 1
96, 100, 1
96, 81, 1
96, 69, 1
96, 78, 1
96, 112, 1
96, 121, 1
96, 71, 1
96, 66, 1
96, 110, 1
96, 123, 1
96, 70, 1
23, 56, 1
23, 4, 1
23, 44, 1
23, 24, 1
147, 136, 1
147, 149, 1
147, 134, 1
147, 162, 1
60, 126, 1
60, 92, 1
60, 128, 1
60, 88, 1
60, 109, 1
60, 120, 1
60, 74, 1
60, 98, 1
60, 65, 1
60, 89, 1
60, 95, 1
60, 104, 1
60, 100, 1
60, 81, 1
60, 69, 1
60, 78, 1
60, 112, 1
60, 121, 1
60, 71, 1
60, 66, 1
60, 110, 1
60, 123, 1
60, 70, 1
60, 96, 1
68, 126, 1
68, 92, 1
68, 128, 1
68, 88, 1
68, 109, 1
68, 120, 1
68, 74, 1
68, 98, 1
68, 65, 1
68, 89, 1
68, 95, 1
68, 104, 1
68, 100, 1
68, 81, 1
68, 69, 1
68, 78, 1
68, 112, 1
68, 121, 1
68, 71, 1
68, 66, 1
68, 110, 1
68, 123, 1
68, 70, 1
68, 96, 1
68, 60, 1
70, 56, -1
70, 4, -1
70, 44, -1
70, 24, -1
70, 136, -1
70, 149, -1
70, 134, -1
162, 126, -1
162, 92, -1
162, 128, -1
162, 88, -1
162, 109, -1
162, 120, -1
162, 74, -1
162, 98, -1
162, 65, -1
162, 89, -1
162, 95, -1
162, 104, -1
162, 100, -1
162, 81, -1
162, 69, -1
162, 78, -1
162, 112, -1
162, 121, -1
162, 71, -1
162, 66, -1
162, 110, -1
162, 123, -1
162, 70, -1
162, 56, -1
162, 4, -1
162, 44, -1
162, 24, -1
96, 56, -1
96, 4, -1
96, 44, -1
96, 24, -1
96, 136, -1
96, 149, -1
96, 134, -1
96, 162, -1
23, 126, -1
23, 92, -1
23, 128, -1
23, 88, -1
23, 109, -1
23, 120, -1
23, 74, -1
23, 98, -1
23, 65, -1
23, 89, -1
23, 95, -1
23, 104, -1
23, 100, -1
23, 81, -1
23, 69, -1
23, 78, -1
23, 112, -1
23, 121, -1
23, 71, -1
23, 66, -1
23, 110, -1
23, 123, -1
23, 70, -1
23, 96, -1
23, 136, -1
23, 149, -1
23, 134, -1
23, 162, -1
147, 126, -1
147, 92, -1
147, 128, -1
147, 88, -1
147, 109, -1
147, 120, -1
147, 74, -1
147, 98, -1
147, 65, -1
147, 89, -1
147, 95, -1
147, 104, -1
147, 100, -1
147, 81, -1
147, 69, -1
147, 78, -1
147, 112, -1
147, 121, -1
147, 71, -1
147, 66, -1
147, 110, -1
147, 123, -1
147, 70, -1
147, 96, -1
147, 56, -1
147, 4, -1
147, 44, -1
147, 24, -1
147, 23, -1
60, 56, -1
60, 4, -1
60, 44, -1
60, 24, -1
60, 23, -1
60, 136, -1
60, 149, -1
60, 134, -1
60, 162, -1
60, 147, -1
68, 56, -1
68, 4, -1
68, 44, -1
68, 24, -1
68, 23, -1
68, 136, -1
68, 149, -1
68, 134, -1
68, 162, -1
68, 147, -1

76, 126, 1
76, 92, 1
76, 128, 1
76, 88, 1
76, 109, 1
76, 120, 1
76, 74, 1
76, 98, 1
76, 65, 1
76, 89, 1
76, 95, 1
76, 104, 1
76, 100, 1
76, 81, 1
76, 69, 1
76, 78, 1
76, 112, 1
76, 121, 1
76, 71, 1
76, 66, 1
76, 110, 1
76, 123, 1
76, 70, 1
76, 96, 1
76, 60, 1
76, 68, 1
154, 136, 1
154, 149, 1
154, 134, 1
154, 162, 1
154, 147, 1
72, 126, 1
72, 92, 1
72, 128, 1
72, 88, 1
72, 109, 1
72, 120, 1
72, 74, 1
72, 98, 1
72, 65, 1
72, 89, 1
72, 95, 1
72, 104, 1
72, 100, 1
72, 81, 1
72, 69, 1
72, 78, 1
72, 112, 1
72, 121, 1
72, 71, 1
72, 66, 1
72, 110, 1
72, 123, 1
72, 70, 1
72, 96, 1
72, 60, 1
72, 68, 1
72, 76, 1
139, 136, 1
139, 149, 1
139, 134, 1
139, 162, 1
139, 147, 1
139, 154, 1
133, 136, 1
133, 149, 1
133, 134, 1
133, 162, 1
133, 147, 1
133, 154, 1
133, 139, 1
62, 126, 1
62, 92, 1
62, 128, 1
62, 88, 1
62, 109, 1
62, 120, 1
62, 74, 1
62, 98, 1
62, 65, 1
62, 89, 1
62, 95, 1
62, 104, 1
62, 100, 1
62, 81, 1
62, 69, 1
62, 78, 1
62, 112, 1
62, 121, 1
62, 71, 1
62, 66, 1
62, 110, 1
62, 123, 1
62, 70, 1
62, 96, 1
62, 60, 1
62, 68, 1
62, 76, 1
62, 72, 1
76, 56, -1
76, 4, -1
76, 44, -1
76, 24, -1
76, 23, -1
76, 136, -1
76, 149, -1
76, 134, -1
76, 162, -1
76, 147, -1
154, 126, -1
154, 92, -1
154, 128, -1
154, 88, -1
154, 109, -1
154, 120, -1
154, 74, -1
154, 98, -1
154, 65, -1
154, 89, -1
154, 95, -1
154, 104, -1
154, 100, -1
154, 81, -1
154, 69, -1
154, 78, -1
154, 112, -1
154, 121, -1
154, 71, -1
154, 66, -1
154, 110, -1
154, 123, -1
154, 70, -1
154, 96, -1
154, 60, -1
154, 68, -1
154, 76, -1
154, 56, -1
154, 4, -1
154, 44, -1
154, 24, -1
154, 23, -1
72, 56, -1
72, 4, -1
72, 44, -1
72, 24, -1
72, 23, -1
72, 136, -1
72, 149, -1
72, 134, -1
72, 162, -1
72, 147, -1
72, 154, -1
139, 126, -1
139, 92, -1
139, 128, -1
139, 88, -1
139, 109, -1
139, 120, -1
139, 74, -1
139, 98, -1
139, 65, -1
139, 89, -1
139, 95, -1
139, 104, -1
139, 100, -1
139, 81, -1
139, 69, -1
139, 78, -1
139, 112, -1
139, 121, -1
139, 71, -1
139, 66, -1
139, 110, -1
139, 123, -1
139, 70, -1
139, 96, -1
139, 60, -1
139, 68, -1
139, 76, -1
139, 72, -1
139, 56, -1
139, 4, -1
139, 44, -1
139, 24, -1
139, 23, -1
133, 126, -1
133, 92, -1
133, 128, -1
133, 88, -1
133, 109, -1
133, 120, -1
133, 74, -1
133, 98, -1
133, 65, -1
133, 89, -1
133, 95, -1
133, 104, -1
133, 100, -1
133, 81, -1
133, 69, -1
133, 78, -1
133, 112, -1
133, 121, -1
133, 71, -1
133, 66, -1
133, 110, -1
133, 123, -1
133, 70, -1
133, 96, -1
133, 60, -1
133, 68, -1
133, 76, -1
133, 72, -1
133, 56, -1
133, 4, -1
133, 44, -1
133, 24, -1
133, 23, -1
62, 56, -1
62, 4, -1
62, 44, -1
62, 24, -1
62, 23, -1
62, 136, -1
62, 149, -1
62, 134, -1
62, 162, -1
62, 147, -1
62, 154, -1
62, 139, -1
62, 133, -1

130, 136, 1
130, 149, 1
130, 134, 1
130, 162, 1
130, 147, 1
130, 154, 1
130, 139, 1
130, 133, 1
177, 136, 1
177, 149, 1
177, 134, 1
177, 162, 1
177, 147, 1
177, 154, 1
177, 139, 1
177, 133, 1
177, 130, 1
167, 136, 1
167, 149, 1
167, 134, 1
167, 162, 1
167, 147, 1
167, 154, 1
167, 139, 1
167, 133, 1
167, 130, 1
167, 177, 1
170, 136, 1
170, 149, 1
170, 134, 1
170, 162, 1
170, 147, 1
170, 154, 1
170, 139, 1
170, 133, 1
170, 130, 1
170, 177, 1
170, 167, 1
127, 126, 1
127, 92, 1
127, 128, 1
127, 88, 1
127, 109, 1
127, 120, 1
127, 74, 1
127, 98, 1
127, 65, 1
127, 89, 1
127, 95, 1
127, 104, 1
127, 100, 1
127, 81, 1
127, 69, 1
127, 78, 1
127, 112, 1
127, 121, 1
127, 71, 1
127, 66, 1
127, 110, 1
127, 123, 1
127, 70, 1
127, 96, 1
127, 60, 1
127, 68, 1
127, 76, 1
127, 72, 1
127, 62, 1
160, 136, 1
160, 149, 1
160, 134, 1
160, 162, 1
160, 147, 1
160, 154, 1
160, 139, 1
160, 133, 1
160, 130, 1
160, 177, 1
160, 167, 1
160, 170, 1
130, 126, -1
130, 92, -1
130, 128, -1
130, 88, -1
130, 109, -1
130, 120, -1
130, 74, -1
130, 98, -1
130, 65, -1
130, 89, -1
130, 95, -1
130, 104, -1
130, 100, -1
130, 81, -1
130, 69, -1
130, 78, -1
130, 112, -1
130, 121, -1
130, 71, -1
130, 66, -1
130, 110, -1
130, 123, -1
130, 70, -1
130, 96, -1
130, 60, -1
130, 68, -1
130, 76, -1
130, 72, -1
130, 62, -1
130, 56, -1
130, 4, -1
130, 44, -1
130, 24, -1
130, 23, -1
177, 126, -1
177, 92, -1
177, 128, -1
177, 88, -1
177, 109, -1
177, 120, -1
177, 74, -1
177, 98, -1
177, 65, -1
177, 89, -1
177, 95, -1
177, 104, -1
177, 100, -1
177, 81, -1
177, 69, -1
177, 78, -1
177, 112, -1
177, 121, -1
177, 71, -1
177, 66, -1
177, 110, -1
177, 123, -1
177, 70, -1
177, 96, -1
177, 60, -1
177, 68, -1
177, 76, -1
177, 72, -1
177, 62, -1
177, 56, -1
177, 4, -1
177, 44, -1
177, 24, -1
177, 23, -1
167, 126, -1
167, 92, -1
167, 128, -1
167, 88, -1
167, 109, -1
167, 120, -1
167, 74, -1
167, 98, -1
167, 65, -1
167, 89, -1
167, 95, -1
167, 104, -1
167, 100, -1
167, 81, -1
167, 69, -1
167, 78, -1
167, 112, -1
167, 121, -1
167, 71, -1
167, 66, -1
167, 110, -1
167, 123, -1
167, 70, -1
167, 96, -1
167, 60, -1
167, 68, -1
167, 76, -1
167, 72, -1
167, 62, -1
167, 56, -1
167, 4, -1
167, 44, -1
167, 24, -1
167, 23, -1
170, 126, -1
170, 92, -1
170, 128, -1
170, 88, -1
170, 109, -1
170, 120, -1
170, 74, -1
170, 98, -1
170, 65, -1
170, 89, -1
170, 95, -1
170, 104, -1
170, 100, -1
170, 81, -1
170, 69, -1
170, 78, -1
170, 112, -1
170, 121, -1
170, 71, -1
170, 66, -1
170, 110, -1
170, 123, -1
170, 70, -1
170, 96, -1
170, 60, -1
170, 68, -1
170, 76, -1
170, 72, -1
170, 62, -1
170, 56, -1
170, 4, -1
170, 44, -1
170, 24, -1
170, 23, -1
127, 56, -1
127, 4, -1
127, 44, -1
127, 24, -1
127, 23, -1
127, 136, -1
127, 149, -1
127, 134, -1
127, 162, -1
127, 147, -1
127, 154, -1
127, 139, -1
127, 133, -1
127, 130, -1
127, 177, -1
127, 167, -1
127, 170, -1
160, 126, -1
160, 92, -1
160, 128, -1
160, 88, -1
160, 109, -1
160, 120, -1
160, 74, -1
160, 98, -1
160, 65, -1
160, 89, -1
160, 95, -1
160, 104, -1
160, 100, -1
160, 81, -1
160, 69, -1
160, 78, -1
160, 112, -1
160, 121, -1
160, 71, -1
160, 66, -1
160, 110, -1
160, 123, -1
160, 70, -1
160, 96, -1
160, 60, -1
160, 68, -1
160, 76, -1
160, 72, -1
160, 62, -1
160, 127, -1
160, 56, -1
160, 4, -1
160, 44, -1
160, 24, -1
160, 23, -1

27, 56, 1
27, 4, 1
27, 44, 1
27, 24, 1
27, 23, 1
61, 126, 1
61, 92, 1
61, 128, 1
61, 88, 1
61, 109, 1
61, 120, 1
61, 74, 1
61, 98, 1
61, 65, 1
61, 89, 1
61, 95, 1
61, 104, 1
61, 100, 1
61, 81, 1
61, 69, 1
61, 78, 1
61, 112, 1
61, 121, 1
61, 71, 1
61, 66, 1
61, 110, 1
61, 123, 1
61, 70, 1
61, 96, 1
61, 60, 1
61, 68, 1
61, 76, 1
61, 72, 1
61, 62, 1
61, 127, 1
143, 136, 1
143, 149, 1
143, 134, 1
143, 162, 1
143, 147, 1
143, 154, 1
143, 139, 1
143, 133, 1
143, 130, 1
143, 177, 1
143, 167, 1
143, 170, 1
143, 160, 1
75, 126, 1
75, 92, 1
75, 128, 1
75, 88, 1
75, 109, 1
75, 120, 1
75, 74, 1
75, 98, 1
75, 65, 1
75, 89, 1
75, 95, 1
75, 104, 1
75, 100, 1
75, 81, 1
75, 69, 1
75, 78, 1
75, 112, 1
75, 121, 1
75, 71, 1
75, 66, 1
75, 110, 1
75, 123, 1
75, 70, 1
75, 96, 1
75, 60, 1
75, 68, 1
75, 76, 1
75, 72, 1
75, 62, 1
75, 127, 1
75, 61, 1
91, 126, 1
91, 92, 1
91, 128, 1
91, 88, 1
91, 109, 1
91, 120, 1
91, 74, 1
91, 98, 1
91, 65, 1
91, 89, 1
91, 95, 1
91, 104, 1
91, 100, 1
91, 81, 1
91, 69, 1
91, 78, 1
91, 112, 1
91, 121, 1
91, 71, 1
91, 66, 1
91, 110, 1
91, 123, 1
91, 70, 1
91, 96, 1
91, 60, 1
91, 68, 1
91, 76, 1
91, 72, 1
91, 62, 1
91, 127, 1
91, 61, 1
91, 75, 1
83, 126, 1
83, 92, 1
83, 128, 1
83, 88, 1
83, 109, 1
83, 120, 1
83, 74, 1
83, 98, 1
83, 65, 1
83, 89, 1
83, 95, 1
83, 104, 1
83, 100, 1
83, 81, 1
83, 69, 1
83, 78, 1
83, 112, 1
83, 121, 1
83, 71, 1
83, 66, 1
83, 110, 1
83, 123, 1
83, 70, 1
83, 96, 1
83, 60, 1
83, 68, 1
83, 76, 1
83, 72, 1
83, 62, 1
83, 127, 1
83, 61, 1
83, 75, 1
83, 91, 1
59, 126, 1
59, 92, 1
59, 128, 1
59, 88, 1
59, 109, 1
59, 120, 1
59, 74, 1
59, 98, 1
59, 65, 1
59, 89, 1
59, 95, 1
59, 104, 1
59, 100, 1
59, 81, 1
59, 69, 1
59, 78, 1
59, 112, 1
59, 121, 1
59, 71, 1
59, 66, 1
59, 110, 1
59, 123, 1
59, 70, 1
59, 96, 1
59, 60, 1
59, 68, 1
59, 76, 1
59, 72, 1
59, 62, 1
59, 127, 1
59, 61, 1
59, 75, 1
59, 91, 1
59, 83, 1
137, 136, 1
137, 149, 1
137, 134, 1
137, 162, 1
137, 147, 1
137, 154, 1
137, 139, 1
137, 133, 1
137, 130, 1
137, 177, 1
137, 167, 1
137, 170, 1
137, 160, 1
137, 143, 1
27, 126, -1
27, 92, -1
27, 128, -1
27, 88, -1
27, 109, -1
27, 120, -1
27, 74, -1
27, 98, -1
27, 65, -1
27, 89, -1
27, 95, -1
27, 104, -1
27, 100, -1
27, 81, -1
27, 69, -1
27, 78, -1
27, 112, -1
27, 121, -1
27, 71, -1
27, 66, -1
27, 110, -1
27, 123, -1
27, 70, -1
27, 96, -1
27, 60, -1
27, 68, -1
27, 76, -1
27, 72, -1
27, 62, -1
27, 127, -1
27, 136, -1
27, 149, -1
27, 134, -1
27, 162, -1
27, 147, -1
27, 154, -1
27, 139, -1
27, 133, -1
27, 130, -1
27, 177, -1
27, 167, -1
27, 170, -1
27, 160, -1
61, 56, -1
61, 4, -1
61, 44, -1
61, 24, -1
61, 23, -1
61, 27, -1
61, 136, -1
61, 149, -1
61, 134, -1
61, 162, -1
61, 147, -1
61, 154, -1
61, 139, -1
61, 133, -1
61, 130, -1
61, 177, -1
61, 167, -1
61, 170, -1
61, 160, -1
143, 126, -1
143, 92, -1
143, 128, -1
143, 88, -1
143, 109, -1
143, 120, -1
143, 74, -1
143, 98, -1
143, 65, -1
143, 89, -1
143, 95, -1
143, 104, -1
143, 100, -1
143, 81, -1
143, 69, -1
143, 78, -1
143, 112, -1
143, 121, -1
143, 71, -1
143, 66, -1
143, 110, -1
143, 123, -1
143, 70, -1
143, 96, -1
143, 60, -1
143, 68, -1
143, 76, -1
143, 72, -1
143, 62, -1
143, 127, -1
143, 61, -1
143, 56, -1
143, 4, -1
143, 44, -1
143, 24, -1
143, 23, -1
143, 27, -1
75, 56, -1
75, 4, -1
75, 44, -1
75, 24, -1
75, 23, -1
75, 27, -1
75, 136, -1
75, 149, -1
75, 134, -1
75, 162, -1
75, 147, -1
75, 154, -1
75, 139, -1
75, 133, -1
75, 130, -1
75, 177, -1
75, 167, -1
75, 170, -1
75, 160, -1
75, 143, -1
91, 56, -1
91, 4, -1
91, 44, -1
91, 24, -1
91, 23, -1
91, 27, -1
91, 136, -1
91, 149, -1
91, 134, -1
91, 162, -1
91, 147, -1
91, 154, -1
91, 139, -1
91, 133, -1
91, 130, -1
91, 177, -1
91, 167, -1
91, 170, -1
91, 160, -1
91, 143, -1
83, 56, -1
83, 4, -1
83, 44, -1
83, 24, -1
83, 23, -1
83, 27, -1
83, 136, -1
83, 149, -1
83, 134, -1
83, 162, -1
83, 147, -1
83, 154, -1
83, 139, -1
83, 133, -1
83, 130, -1
83, 177, -1
83, 167, -1
83, 170, -1
83, 160, -1
83, 143, -1
59, 56, -1
59, 4, -1
59, 44, -1
59, 24, -1
59, 23, -1
59, 27, -1
59, 136, -1
59, 149, -1
59, 134, -1
59, 162, -1
59, 147, -1
59, 154, -1
59, 139, -1
59, 133, -1
59, 130, -1
59, 177, -1
59, 167, -1
59, 170, -1
59, 160, -1
59, 143, -1
137, 126, -1
137, 92, -1
137, 128, -1
137, 88, -1
137, 109, -1
137, 120, -1
137, 74, -1
137, 98, -1
137, 65, -1
137, 89, -1
137, 95, -1
137, 104, -1
137, 100, -1
137, 81, -1
137, 69, -1
137, 78, -1
137, 112, -1
137, 121, -1
137, 71, -1
137, 66, -1
137, 110, -1
137, 123, -1
137, 70, -1
137, 96, -1
137, 60, -1
137, 68, -1
137, 76, -1
137, 72, -1
137, 62, -1
137, 127, -1
137, 61, -1
137, 75, -1
137, 91, -1
137, 83, -1
137, 59, -1
137, 56, -1
137, 4, -1
137, 44, -1
137, 24, -1
137, 23, -1
137, 27, -1

152, 136, 1
152, 149, 1
152, 134, 1
152, 162, 1
152, 147, 1
152, 154, 1
152, 139, 1
152, 133, 1
152, 130, 1
152, 177, 1
152, 167, 1
152, 170, 1
152, 160, 1
152, 143, 1
152, 137, 1
146, 136, 1
146, 149, 1
146, 134, 1
146, 162, 1
146, 147, 1
146, 154, 1
146, 139, 1
146, 133, 1
146, 130, 1
146, 177, 1
146, 167, 1
146, 170, 1
146, 160, 1
146, 143, 1
146, 137, 1
146, 152, 1
138, 136, 1
138, 149, 1
138, 134, 1
138, 162, 1
138, 147, 1
138, 154, 1
138, 139, 1
138, 133, 1
138, 130, 1
138, 177, 1
138, 167, 1
138, 170, 1
138, 160, 1
138, 143, 1
138, 137, 1
138, 152, 1
138, 146, 1
63, 126, 1
63, 92, 1
63, 128, 1
63, 88, 1
63, 109, 1
63, 120, 1
63, 74, 1
63, 98, 1
63, 65, 1
63, 89, 1
63, 95, 1
63, 104, 1
63, 100, 1
63, 81, 1
63, 69, 1
63, 78, 1
63, 112, 1
63, 121, 1
63, 71, 1
63, 66, 1
63, 110, 1
63, 123, 1
63, 70, 1
63, 96, 1
63, 60, 1
63, 68, 1
63, 76, 1
63, 72, 1
63, 62, 1
63, 127, 1
63, 61, 1
63, 75, 1
63, 91, 1
63, 83, 1
63, 59, 1
150, 136, 1
150, 149, 1
150, 134, 1
150, 162, 1
150, 147, 1
150, 154, 1
150, 139, 1
150, 133, 1
150, 130, 1
150, 177, 1
150, 167, 1
150, 170, 1
150, 160, 1
150, 143, 1
150, 137, 1
150, 152, 1
150, 146, 1
150, 138, 1
84, 126, 1
84, 92, 1
84, 128, 1
84, 88, 1
84, 109, 1
84, 120, 1
84, 74, 1
84, 98, 1
84, 65, 1
84, 89, 1
84, 95, 1
84, 104, 1
84, 100, 1
84, 81, 1
84, 69, 1
84, 78, 1
84, 112, 1
84, 121, 1
84, 71, 1
84, 66, 1
84, 110, 1
84, 123, 1
84, 70, 1
84, 96, 1
84, 60, 1
84, 68, 1
84, 76, 1
84, 72, 1
84, 62, 1
84, 127, 1
84, 61, 1
84, 75, 1
84, 91, 1
84, 83, 1
84, 59, 1
84, 63, 1
118, 126, 1
118, 92, 1
118, 128, 1
118, 88, 1
118, 109, 1
118, 120, 1
118, 74, 1
118, 98, 1
118, 65, 1
118, 89, 1
118, 95, 1
118, 104, 1
118, 100, 1
118, 81, 1
118, 69, 1
118, 78, 1
118, 112, 1
118, 121, 1
118, 71, 1
118, 66, 1
118, 110, 1
118, 123, 1
118, 70, 1
118, 96, 1
118, 60, 1
118, 68, 1
118, 76, 1
118, 72, 1
118, 62, 1
118, 127, 1
118, 61, 1
118, 75, 1
118, 91, 1
118, 83, 1
118, 59, 1
118, 63, 1
118, 84, 1
152, 126, -1
152, 92, -1
152, 128, -1
152, 88, -1
152, 109, -1
152, 120, -1
152, 74, -1
152, 98, -1
152, 65, -1
152, 89, -1
152, 95, -1
152, 104, -1
152, 100, -1
152, 81, -1
152, 69, -1
152, 78, -1
152, 112, -1
152, 121, -1
152, 71, -1
152, 66, -1
152, 110, -1
152, 123, -1
152, 70, -1
152, 96, -1
152, 60, -1
152, 68, -1
152, 76, -1
152, 72, -1
152, 62, -1
152, 127, -1
152, 61, -1
152, 75, -1
152, 91, -1
152, 83, -1
152, 59, -1
152, 56, -1
152, 4, -1
152, 44, -1
152, 24, -1
152, 23, -1
152, 27, -1
146, 126, -1
146, 92, -1
146, 128, -1
146, 88, -1
146, 109, -1
146, 120, -1
146, 74, -1
146, 98, -1
146, 65, -1
146, 89, -1
146, 95, -1
146, 104, -1
146, 100, -1
146, 81, -1
146, 69, -1
146, 78, -1
146, 112, -1
146, 121, -1
146, 71, -1
146, 66, -1
146, 110, -1
146, 123, -1
146, 70, -1
146, 96, -1
146, 60, -1
146, 68, -1
146, 76, -1
146, 72, -1
146, 62, -1
146, 127, -1
146, 61, -1
146, 75, -1
146, 91, -1
146, 83, -1
146, 59, -1
146, 56, -1
146, 4, -1
146, 44, -1
146, 24, -1
146, 23, -1
146, 27, -1
138, 126, -1
138, 92, -1
138, 128, -1
138, 88, -1
138, 109, -1
138, 120, -1
138, 74, -1
138, 98, -1
138, 65, -1
138, 89, -1
138, 95, -1
138, 104, -1
138, 100, -1
138, 81, -1
138, 69, -1
138, 78, -1
138, 112, -1
138, 121, -1
138, 71, -1
138, 66, -1
138, 110, -1
138, 123, -1
138, 70, -1
138, 96, -1
138, 60, -1
138, 68, -1
138, 76, -1
138, 72, -1
138, 62, -1
138, 127, -1
138, 61, -1
138, 75, -1
138, 91, -1
138, 83, -1
138, 59, -1
138, 56, -1
138, 4, -1
138, 44, -1
138, 24, -1
138, 23, -1
138, 27, -1
63, 56, -1
63, 4, -1
63, 44, -1
63, 24, -1
63, 23, -1
63, 27, -1
63, 136, -1
63, 149, -1
63, 134, -1
63, 162, -1
63, 147, -1
63, 154, -1
63, 139, -1
63, 133, -1
63, 130, -1
63, 177, -1
63, 167, -1
63, 170, -1
63, 160, -1
63, 143, -1
63, 137, -1
63, 152, -1
63, 146, -1
63, 138, -1
150, 126, -1
150, 92, -1
150, 128, -1
150, 88, -1
150, 109, -1
150, 120, -1
150, 74, -1
150, 98, -1
150, 65, -1
150, 89, -1
150, 95, -1
150, 104, -1
150, 100, -1
150, 81, -1
150, 69, -1
150, 78, -1
150, 112, -1
150, 121, -1
150, 71, -1
150, 66, -1
150, 110, -1
150, 123, -1
150, 70, -1
150, 96, -1
150, 60, -1
150, 68, -1
150, 76, -1
150, 72, -1
150, 62, -1
150, 127, -1
150, 61, -1
150, 75, -1
150, 91, -1
150, 83, -1
150, 59, -1
150, 63, -1
150, 56, -1
150, 4, -1
150, 44, -1
150, 24, -1
150, 23, -1
150, 27, -1
84, 56, -1
84, 4, -1
84, 44, -1
84, 24, -1
84, 23, -1
84, 27, -1
84, 136, -1
84, 149, -1
84, 134, -1
84, 162, -1
84, 147, -1
84, 154, -1
84, 139, -1
84, 133, -1
84, 130, -1
84, 177, -1
84, 167, -1
84, 170, -1
84, 160, -1
84, 143, -1
84, 137, -1
84, 152, -1
84, 146, -1
84, 138, -1
84, 150, -1
118, 56, -1
118, 4, -1
118, 44, -1
118, 24, -1
118, 23, -1
118, 27, -1
118, 136, -1
118, 149, -1
118, 134, -1
118, 162, -1
118, 147, -1
118, 154, -1
118, 139, -1
118, 133, -1
118, 130, -1
118, 177, -1
118, 167, -1
118, 170, -1
118, 160, -1
118, 143, -1
118, 137, -1
118, 152, -1
118, 146, -1
118, 138, -1
118, 150, -1

142, 136, 1
142, 149, 1
142, 134, 1
142, 162, 1
142, 147, 1
142, 154, 1
142, 139, 1
142, 133, 1
142, 130, 1
142, 177, 1
142, 167, 1
142, 170, 1
142, 160, 1
142, 143, 1
142, 137, 1
142, 152, 1
142, 146, 1
142, 138, 1
142, 150, 1
38, 56, 1
38, 4, 1
38, 44, 1
38, 24, 1
38, 23, 1
38, 27, 1
151, 136, 1
151, 149, 1
151, 134, 1
151, 162, 1
151, 147, 1
151, 154, 1
151, 139, 1
151, 133, 1
151, 130, 1
151, 177, 1
151, 167, 1
151, 170, 1
151, 160, 1
151, 143, 1
151, 137, 1
151, 152, 1
151, 146, 1
151, 138, 1
151, 150, 1
151, 142, 1
135, 136, 1
135, 149, 1
135, 134, 1
135, 162, 1
135, 147, 1
135, 154, 1
135, 139, 1
135, 133, 1
135, 130, 1
135, 177, 1
135, 167, 1
135, 170, 1
135, 160, 1
135, 143, 1
135, 137, 1
135, 152, 1
135, 146, 1
135, 138, 1
135, 150, 1
135, 142, 1
135, 151, 1
25, 56, 1
25, 4, 1
25, 44, 1
25, 24, 1
25, 23, 1
25, 27, 1
25, 38, 1
122, 126, 1
122, 92, 1
122, 128, 1
122, 88, 1
122, 109, 1
122, 120, 1
122, 74, 1
122, 98, 1
122, 65, 1
122, 89, 1
122, 95, 1
122, 104, 1
122, 100, 1
122, 81, 1
122, 69, 1
122, 78, 1
122, 112, 1
122, 121, 1
122, 71, 1
122, 66, 1
122, 110, 1
122, 123, 1
122, 70, 1
122, 96, 1
122, 60, 1
122, 68, 1
122, 76, 1
122, 72, 1
122, 62, 1
122, 127, 1
122, 61, 1
122, 75, 1
122, 91, 1
122, 83, 1
122, 59, 1
122, 63, 1
122, 84, 1
122, 118, 1
107, 126, 1
107, 92, 1
107, 128, 1
107, 88, 1
107, 109, 1
107, 120, 1
107, 74, 1
107, 98, 1
107, 65, 1
107, 89, 1
107, 95, 1
107, 104, 1
107, 100, 1
107, 81, 1
107, 69, 1
107, 78, 1
107, 112, 1
107, 121, 1
107, 71, 1
107, 66, 1
107, 110, 1
107, 123, 1
107, 70, 1
107, 96, 1
107, 60, 1
107, 68, 1
107, 76, 1
107, 72, 1
107, 62, 1
107, 127, 1
107, 61, 1
107, 75, 1
107, 91, 1
107, 83, 1
107, 59, 1
107, 63, 1
107, 84, 1
107, 118, 1
107, 122, 1
142, 126, -1
142, 92, -1
142, 128, -1
142, 88, -1
142, 109, -1
142, 120, -1
142, 74, -1
142, 98, -1
142, 65, -1
142, 89, -1
142, 95, -1
142, 104, -1
142, 100, -1
142, 81, -1
142, 69, -1
142, 78, -1
142, 112, -1
142, 121, -1
142, 71, -1
142, 66, -1
142, 110, -1
142, 123, -1
142, 70, -1
142, 96, -1
142, 60, -1
142, 68, -1
142, 76, -1
142, 72, -1
142, 62, -1
142, 127, -1
142, 61, -1
142, 75, -1
142, 91, -1
142, 83, -1
142, 59, -1
142, 63, -1
142, 84, -1
142, 118, -1
142, 56, -1
142, 4, -1
142, 44, -1
142, 24, -1
142, 23, -1
142, 27, -1
38, 126, -1
38, 92, -1
38, 128, -1
38, 88, -1
38, 109, -1
38, 120, -1
38, 74, -1
38, 98, -1
38, 65, -1
38, 89, -1
38, 95, -1
38, 104, -1
38, 100, -1
38, 81, -1
38, 69, -1
38, 78, -1
38, 112, -1
38, 121, -1
38, 71, -1
38, 66, -1
38, 110, -1
38, 123, -1
38, 70, -1
38, 96, -1
38, 60, -1
38, 68, -1
38, 76, -1
38, 72, -1
38, 62, -1
38, 127, -1
38, 61, -1
38, 75, -1
38, 91, -1
38, 83, -1
38, 59, -1
38, 63, -1
38, 84, -1
38, 118, -1
38, 136, -1
38, 149, -1
38, 134, -1
38, 162, -1
38, 147, -1
38, 154, -1
38, 139, -1
38, 133, -1
38, 130, -1
38, 177, -1
38, 167, -1
38, 170, -1
38, 160, -1
38, 143, -1
38, 137, -1
38, 152, -1
38, 146, -1
38, 138, -1
38, 150, -1
38, 142, -1
151, 126, -1
151, 92, -1
151, 128, -1
151, 88, -1
151, 109, -1
151, 120, -1
151, 74, -1
151, 98, -1
151, 65, -1
151, 89, -1
151, 95, -1
151, 104, -1
151, 100, -1
151, 81, -1
151, 69, -1
151, 78, -1
151, 112, -1
151, 121, -1
151, 71, -1
151, 66, -1
151, 110, -1
151, 123, -1
151, 70, -1
151, 96, -1
151, 60, -1
151, 68, -1
151, 76, -1
151, 72, -1
151, 62, -1
151, 127, -1
151, 61, -1
151, 75, -1
151, 91, -1
151, 83, -1
151, 59, -1
151, 63, -1
151, 84, -1
151, 118, -1
151, 56, -1
151, 4, -1
151, 44, -1
151, 24, -1
151, 23, -1
151, 27, -1
151, 38, -1
135, 126, -1
135, 92, -1
135, 128, -1
135, 88, -1
135, 109, -1
135, 120, -1
135, 74, -1
135, 98, -1
135, 65, -1
135, 89, -1
135, 95, -1
135, 104, -1
135, 100, -1
135, 81, -1
135, 69, -1
135, 78, -1
135, 112, -1
135, 121, -1
135, 71, -1
135, 66, -1
135, 110, -1
135, 123, -1
135, 70, -1
135, 96, -1
135, 60, -1
135, 68, -1
135, 76, -1
135, 72, -1
135, 62, -1
135, 127, -1
135, 61, -1
135, 75, -1
135, 91, -1
135, 83, -1
135, 59, -1
135, 63, -1
135, 84, -1
135, 118, -1
135, 56, -1
135, 4, -1
135, 44, -1
135, 24, -1
135, 23, -1
135, 27, -1
135, 38, -1
25, 126, -1
25, 92, -1
25, 128, -1
25, 88, -1
25, 109, -1
25, 120, -1
25, 74, -1
25, 98, -1
25, 65, -1
25, 89, -1
25, 95, -1
25, 104, -1
25, 100, -1
25, 81, -1
25, 69, -1
25, 78, -1
25, 112, -1
25, 121, -1
25, 71, -1
25, 66, -1
25, 110, -1
25, 123, -1
25, 70, -1
25, 96, -1
25, 60, -1
25, 68, -1
25, 76, -1
25, 72, -1
25, 62, -1
25, 127, -1
25, 61, -1
25, 75, -1
25, 91, -1
25, 83, -1
25, 59, -1
25, 63, -1
25, 84, -1
25, 118, -1
25, 136, -1
25, 149, -1
25, 134, -1
25, 162, -1
25, 147, -1
25, 154, -1
25, 139, -1
25, 133, -1
25, 130, -1
25, 177, -1
25, 167, -1
25, 170, -1
25, 160, -1
25, 143, -1
25, 137, -1
25, 152, -1
25, 146, -1
25, 138, -1
25, 150, -1
25, 142, -1
25, 151, -1
25, 135, -1
122, 56, -1
122, 4, -1
122, 44, -1
122, 24, -1
122, 23, -1
122, 27, -1
122, 38, -1
122, 25, -1
122, 136, -1
122, 149, -1
122, 134, -1
122, 162, -1
122, 147, -1
122, 154, -1
122, 139, -1
122, 133, -1
122, 130, -1
122, 177, -1
122, 167, -1
122, 170, -1
122, 160, -1
122, 143, -1
122, 137, -1
122, 152, -1
122, 146, -1
122, 138, -1
122, 150, -1
122, 142, -1
122, 151, -1
122, 135, -1
107, 56, -1
107, 4, -1
107, 44, -1
107, 24, -1
107, 23, -1
107, 27, -1
107, 38, -1
107, 25, -1
107, 136, -1
107, 149, -1
107, 134, -1
107, 162, -1
107, 147, -1
107, 154, -1
107, 139, -1
107, 133, -1
107, 130, -1
107, 177, -1
107, 167, -1
107, 170, -1
107, 160, -1
107, 143, -1
107, 137, -1
107, 152, -1
107, 146, -1
107, 138, -1
107, 150, -1
107, 142, -1
107, 151, -1
107, 135, -1

