92, 126, 1
128, 126, 1
128, 92, 1
4, 56, 1
104, 126, 1
104, 92, 1
104, 128, 1
112, 126, 1
112, 92, 1
112, 128, 1
112, 104, 1
62, 126, 1
62, 92, 1
62, 128, 1
62, 104, 1
62, 112, 1
56, 126, -1
56, 92, -1
56, 128, -1
4, 126, -1
4, 92, -1
4, 128, -1
104, 56, -1
104, 4, -1
112, 56, -1
112, 4, -1
62, 56, -1
62, 4, -1
164, 126, -1
164, 92, -1
164, 128, -1
164, 104, -1
164, 112, -1
164, 62, -1
164, 56, -1
164, 4, -1

125, 126, 1
125, 92, 1
125, 128, 1
125, 104, 1
125, 112, 1
125, 62, 1
125, 107, 1
142, 164, 1
65, 126, 1
65, 92, 1
65, 128, 1
65, 104, 1
65, 112, 1
65, 62, 1
65, 107, 1
65, 125, 1
109, 126, 1
109, 92, 1
109, 128, 1
109, 104, 1
109, 112, 1
109, 62, 1
109, 107, 1
109, 125, 1
109, 65, 1
125, 56, -1
125, 4, -1
125, 164, -1
142, 126, -1
142, 92, -1
142, 128, -1
142, 104, -1
142, 112, -1
142, 62, -1
142, 107, -1
142, 125, -1
142, 56, -1
142, 4, -1
65, 56, -1
65, 4, -1
65, 164, -1
65, 142, -1
109, 56, -1
109, 4, -1
109, 164, -1
109, 142, -1

71, 126, 1
71, 92, 1
71, 128, 1
71, 104, 1
71, 112, 1
71, 62, 1
71, 107, 1
71, 125, 1
71, 65, 1
71, 109, 1
71, 90, 1
106, 126, 1
106, 92, 1
106, 128, 1
106, 104, 1
106, 112, 1
106, 62, 1
106, 107, 1
106, 125, 1
106, 65, 1
106, 109, 1
106, 90, 1
106, 71, 1
68, 126, 1
68, 92, 1
68, 128, 1
68, 104, 1
68, 112, 1
68, 62, 1
68, 107, 1
68, 125, 1
68, 65, 1
68, 109, 1
68, 90, 1
68, 71, 1
68, 106, 1
98, 126, 1
98, 92, 1
98, 128, 1
98, 104, 1
98, 112, 1
98, 62, 1
98, 107, 1
98, 125, 1
98, 65, 1
98, 109, 1
98, 90, 1
98, 71, 1
98, 106, 1
98, 68, 1
88, 126, 1
88, 92, 1
88, 128, 1
88, 104, 1
88, 112, 1
88, 62, 1
88, 107, 1
88, 125, 1
88, 65, 1
88, 109, 1
88, 90, 1
88, 71, 1
88, 106, 1
88, 68, 1
88, 98, 1
71, 56, -1
71, 4, -1
71, 164, -1
71, 142, -1
106, 56, -1
106, 4, -1
106, 164, -1
106, 142, -1
68, 56, -1
68, 4, -1
68, 164, -1
68, 142, -1
98, 56, -1
98, 4, -1
98, 164, -1
98, 142, -1
88, 56, -1
88, 4, -1
88, 164, -1
88, 142, -1

95, 126, 1
95, 92, 1
95, 128, 1
95, 104, 1
95, 112, 1
95, 62, 1
95, 107, 1
95, 125, 1
95, 65, 1
95, 109, 1
95, 90, 1
95, 71, 1
95, 106, 1
95, 68, 1
95, 98, 1
95, 88, 1
95, 114, 1
81, 126, 1
81, 92, 1
81, 128, 1
81, 104, 1
81, 112, 1
81, 62, 1
81, 107, 1
81, 125, 1
81, 65, 1
81, 109, 1
81, 90, 1
81, 71, 1
81, 106, 1
81, 68, 1
81, 98, 1
81, 88, 1
81, 114, 1
81, 95, 1
120, 126, 1
120, 92, 1
120, 128, 1
120, 104, 1
120, 112, 1
120, 62, 1
120, 107, 1
120, 125, 1
120, 65, 1
120, 109, 1
120, 90, 1
120, 71, 1
120, 106, 1
120, 68, 1
120, 98, 1
120, 88, 1
120, 114, 1
120, 95, 1
120, 81, 1
72, 126, 1
72, 92, 1
72, 128, 1
72, 104, 1
72, 112, 1
72, 62, 1
72, 107, 1
72, 125, 1
72, 65, 1
72, 109, 1
72, 90, 1
72, 71, 1
72, 106, 1
72, 68, 1
72, 98, 1
72, 88, 1
72, 114, 1
72, 95, 1
72, 81, 1
72, 120, 1
150, 164, 1
150, 142, 1
95, 56, -1
95, 4, -1
95, 164, -1
95, 142, -1
81, 56, -1
81, 4, -1
81, 164, -1
81, 142, -1
120, 56, -1
120, 4, -1
120, 164, -1
120, 142, -1
72, 56, -1
72, 4, -1
72, 164, -1
72, 142, -1
150, 126, -1
150, 92, -1
150, 128, -1
150, 104, -1
150, 112, -1
150, 62, -1
150, 107, -1
150, 125, -1
150, 65, -1
150, 109, -1
150, 90, -1
150, 71, -1
150, 106, -1
150, 68, -1
150, 98, -1
150, 88, -1
150, 114, -1
150, 95, -1
150, 81, -1
150, 120, -1
150, 72, -1
150, 56, -1
150, 4, -1

86, 126, 1
86, 92, 1
86, 128, 1
86, 104, 1
86, 112, 1
86, 62, 1
86, 107, 1
86, 125, 1
86, 65, 1
86, 109, 1
86, 90, 1
86, 71, 1
86, 106, 1
86, 68, 1
86, 98, 1
86, 88, 1
86, 114, 1
86, 95, 1
86, 81, 1
86, 120, 1
86, 72, 1
86, 86, 1
139, 164, 1
139, 142, 1
139, 150, 1
74, 126, 1
74, 92, 1
74, 128, 1
74, 104, 1
74, 112, 1
74, 62, 1
74, 107, 1
74, 125, 1
74, 65, 1
74, 109, 1
74, 90, 1
74, 71, 1
74, 106, 1
74, 68, 1
74, 98, 1
74, 88, 1
74, 114, 1
74, 95, 1
74, 81, 1
74, 120, 1
74, 72, 1
74, 86, 1
74, 86, 1
25, 56, 1
25, 4, 1
86, 56, -1
86, 4, -1
86, 164, -1
86, 142, -1
86, 150, -1
139, 126, -1
139, 92, -1
139, 128, -1
139, 104, -1
139, 112, -1
139, 62, -1
139, 107, -1
139, 125, -1
139, 65, -1
139, 109, -1
139, 90, -1
139, 71, -1
139, 106, -1
139, 68, -1
139, 98, -1
139, 88, -1
139, 114, -1
139, 95, -1
139, 81, -1
139, 120, -1
139, 72, -1
139, 86, -1
139, 86, -1
139, 56, -1
139, 4, -1
74, 56, -1
74, 4, -1
74, 164, -1
74, 142, -1
74, 150, -1
74, 139, -1
25, 126, -1
25, 92, -1
25, 128, -1
25, 104, -1
25, 112, -1
25, 62, -1
25, 107, -1
25, 125, -1
25, 65, -1
25, 109, -1
25, 90, -1
25, 71, -1
25, 106, -1
25, 68, -1
25, 98, -1
25, 88, -1
25, 114, -1
25, 95, -1
25, 81, -1
25, 120, -1
25, 72, -1
25, 86, -1
25, 86, -1
25, 74, -1
25, 164, -1
25, 142, -1
25, 150, -1
25, 139, -1

63, 126, 1
63, 92, 1
63, 128, 1
63, 104, 1
63, 112, 1
63, 62, 1
63, 107, 1
63, 125, 1
63, 65, 1
63, 109, 1
63, 90, 1
63, 71, 1
63, 106, 1
63, 68, 1
63, 98, 1
63, 88, 1
63, 114, 1
63, 95, 1
63, 81, 1
63, 120, 1
63, 72, 1
63, 86, 1
63, 86, 1
63, 74, 1
63, 63, 1
156, 164, 1
156, 142, 1
156, 150, 1
156, 139, 1
24, 56, 1
24, 4, 1
24, 25, 1
69, 126, 1
69, 92, 1
69, 128, 1
69, 104, 1
69, 112, 1
69, 62, 1
69, 107, 1
69, 125, 1
69, 65, 1
69, 109, 1
69, 90, 1
69, 71, 1
69, 106, 1
69, 68, 1
69, 98, 1
69, 88, 1
69, 114, 1
69, 95, 1
69, 81, 1
69, 120, 1
69, 72, 1
69, 86, 1
69, 86, 1
69, 74, 1
69, 63, 1
69, 63, 1
63, 56, -1
63, 4, -1
63, 25, -1
63, 164, -1
63, 142, -1
63, 150, -1
63, 139, -1
156, 126, -1
156, 92, -1
156, 128, -1
156, 104, -1
156, 112, -1
156, 62, -1
156, 107, -1
156, 125, -1
156, 65, -1
156, 109, -1
156, 90, -1
156, 71, -1
156, 106, -1
156, 68, -1
156, 98, -1
156, 88, -1
156, 114, -1
156, 95, -1
156, 81, -1
156, 120, -1
156, 72, -1
156, 86, -1
156, 86, -1
156, 74, -1
156, 63, -1
156, 63, -1
156, 56, -1
156, 4, -1
156, 25, -1
24, 126, -1
24, 92, -1
24, 128, -1
24, 104, -1
24, 112, -1
24, 62, -1
24, 107, -1
24, 125, -1
24, 65, -1
24, 109, -1
24, 90, -1
24, 71, -1
24, 106, -1
24, 68, -1
24, 98, -1
24, 88, -1
24, 114, -1
24, 95, -1
24, 81, -1
24, 120, -1
24, 72, -1
24, 86, -1
24, 86, -1
24, 74, -1
24, 63, -1
24, 63, -1
24, 164, -1
24, 142, -1
24, 150, -1
24, 139, -1
24, 156, -1
69, 56, -1
69, 4, -1
69, 25, -1
69, 24, -1
69, 164, -1
69, 142, -1
69, 150, -1
69, 139, -1
69, 156, -1

35, 56, 1
35, 4, 1
35, 25, 1
35, 24, 1
44, 56, 1
44, 4, 1
44, 25, 1
44, 24, 1
44, 35, 1
70, 126, 1
70, 92, 1
70, 128, 1
70, 104, 1
70, 112, 1
70, 62, 1
70, 107, 1
70, 125, 1
70, 65, 1
70, 109, 1
70, 90, 1
70, 71, 1
70, 106, 1
70, 68, 1
70, 98, 1
70, 88, 1
70, 114, 1
70, 95, 1
70, 81, 1
70, 120, 1
70, 72, 1
70, 86, 1
70, 86, 1
70, 74, 1
70, 63, 1
70, 63, 1
70, 69, 1
70, 94, 1
89, 126, 1
89, 92, 1
89, 128, 1
89, 104, 1
89, 112, 1
89, 62, 1
89, 107, 1
89, 125, 1
89, 65, 1
89, 109, 1
89, 90, 1
89, 71, 1
89, 106, 1
89, 68, 1
89, 98, 1
89, 88, 1
89, 114, 1
89, 95, 1
89, 81, 1
89, 120, 1
89, 72, 1
89, 86, 1
89, 86, 1
89, 74, 1
89, 63, 1
89, 63, 1
89, 69, 1
89, 94, 1
89, 70, 1
35, 126, -1
35, 92, -1
35, 128, -1
35, 104, -1
35, 112, -1
35, 62, -1
35, 107, -1
35, 125, -1
35, 65, -1
35, 109, -1
35, 90, -1
35, 71, -1
35, 106, -1
35, 68, -1
35, 98, -1
35, 88, -1
35, 114, -1
35, 95, -1
35, 81, -1
35, 120, -1
35, 72, -1
35, 86, -1
35, 86, -1
35, 74, -1
35, 63, -1
35, 63, -1
35, 69, -1
35, 94, -1
35, 164, -1
35, 142, -1
35, 150, -1
35, 139, -1
35, 156, -1
44, 126, -1
44, 92, -1
44, 128, -1
44, 104, -1
44, 112, -1
44, 62, -1
44, 107, -1
44, 125, -1
44, 65, -1
44, 109, -1
44, 90, -1
44, 71, -1
44, 106, -1
44, 68, -1
44, 98, -1
44, 88, -1
44, 114, -1
44, 95, -1
44, 81, -1
44, 120, -1
44, 72, -1
44, 86, -1
44, 86, -1
44, 74, -1
44, 63, -1
44, 63, -1
44, 69, -1
44, 94, -1
44, 164, -1
44, 142, -1
44, 150, -1
44, 139, -1
44, 156, -1
70, 56, -1
70, 4, -1
70, 25, -1
70, 24, -1
70, 35, -1
70, 44, -1
70, 164, -1
70, 142, -1
70, 150, -1
70, 139, -1
70, 156, -1
89, 56, -1
89, 4, -1
89, 25, -1
89, 24, -1
89, 35, -1
89, 44, -1
89, 164, -1
89, 142, -1
89, 150, -1
89, 139, -1
89, 156, -1

91, 126, 1
91, 92, 1
91, 128, 1
91, 104, 1
91, 112, 1
91, 62, 1
91, 107, 1
91, 125, 1
91, 65, 1
91, 109, 1
91, 90, 1
91, 71, 1
91, 106, 1
91, 68, 1
91, 98, 1
91, 88, 1
91, 114, 1
91, 95, 1
91, 81, 1
91, 120, 1
91, 72, 1
91, 86, 1
91, 86, 1
91, 74, 1
91, 63, 1
91, 63, 1
91, 69, 1
91, 94, 1
91, 70, 1
91, 89, 1
91, 116, 1
177, 164, 1
177, 142, 1
177, 150, 1
177, 139, 1
177, 156, 1
82, 126, 1
82, 92, 1
82, 128, 1
82, 104, 1
82, 112, 1
82, 62, 1
82, 107, 1
82, 125, 1
82, 65, 1
82, 109, 1
82, 90, 1
82, 71, 1
82, 106, 1
82, 68, 1
82, 98, 1
82, 88, 1
82, 114, 1
82, 95, 1
82, 81, 1
82, 120, 1
82, 72, 1
82, 86, 1
82, 86, 1
82, 74, 1
82, 63, 1
82, 63, 1
82, 69, 1
82, 94, 1
82, 70, 1
82, 89, 1
82, 116, 1
82, 91, 1
100, 126, 1
100, 92, 1
100, 128, 1
100, 104, 1
100, 112, 1
100, 62, 1
100, 107, 1
100, 125, 1
100, 65, 1
100, 109, 1
100, 90, 1
100, 71, 1
100, 106, 1
100, 68, 1
100, 98, 1
100, 88, 1
100, 114, 1
100, 95, 1
100, 81, 1
100, 120, 1
100, 72, 1
100, 86, 1
100, 86, 1
100, 74, 1
100, 63, 1
100, 63, 1
100, 69, 1
100, 94, 1
100, 70, 1
100, 89, 1
100, 116, 1
100, 91, 1
100, 82, 1
91, 56, -1
91, 4, -1
91, 25, -1
91, 24, -1
91, 35, -1
91, 44, -1
91, 164, -1
91, 142, -1
91, 150, -1
91, 139, -1
91, 156, -1
177, 126, -1
177, 92, -1
177, 128, -1
177, 104, -1
177, 112, -1
177, 62, -1
177, 107, -1
177, 125, -1
177, 65, -1
177, 109, -1
177, 90, -1
177, 71, -1
177, 106, -1
177, 68, -1
177, 98, -1
177, 88, -1
177, 114, -1
177, 95, -1
177, 81, -1
177, 120, -1
177, 72, -1
177, 86, -1
177, 86, -1
177, 74, -1
177, 63, -1
177, 63, -1
177, 69, -1
177, 94, -1
177, 70, -1
177, 89, -1
177, 116, -1
177, 91, -1
177, 56, -1
177, 4, -1
177, 25, -1
177, 24, -1
177, 35, -1
177, 44, -1
82, 56, -1
82, 4, -1
82, 25, -1
82, 24, -1
82, 35, -1
82, 44, -1
82, 164, -1
82, 142, -1
82, 150, -1
82, 139, -1
82, 156, -1
82, 177, -1
100, 56, -1
100, 4, -1
100, 25, -1
100, 24, -1
100, 35, -1
100, 44, -1
100, 164, -1
100, 142, -1
100, 150, -1
100, 139, -1
100, 156, -1
100, 177, -1

165, 164, 1
165, 142, 1
165, 150, 1
165, 139, 1
165, 156, 1
165, 177, 1
101, 126, 1
101, 92, 1
101, 128, 1
101, 104, 1
101, 112, 1
101, 62, 1
101, 107, 1
101, 125, 1
101, 65, 1
101, 109, 1
101, 90, 1
101, 71, 1
101, 106, 1
101, 68, 1
101, 98, 1
101, 88, 1
101, 114, 1
101, 95, 1
101, 81, 1
101, 120, 1
101, 72, 1
101, 86, 1
101, 86, 1
101, 74, 1
101, 63, 1
101, 63, 1
101, 69, 1
101, 94, 1
101, 70, 1
101, 89, 1
101, 116, 1
101, 91, 1
101, 82, 1
101, 100, 1
101, 103, 1
158, 164, 1
158, 142, 1
158, 150, 1
158, 139, 1
158, 156, 1
158, 177, 1
158, 165, 1
165, 126, -1
165, 92, -1
165, 128, -1
165, 104, -1
165, 112, -1
165, 62, -1
165, 107, -1
165, 125, -1
165, 65, -1
165, 109, -1
165, 90, -1
165, 71, -1
165, 106, -1
165, 68, -1
165, 98, -1
165, 88, -1
165, 114, -1
165, 95, -1
165, 81, -1
165, 120, -1
165, 72, -1
165, 86, -1
165, 86, -1
165, 74, -1
165, 63, -1
165, 63, -1
165, 69, -1
165, 94, -1
165, 70, -1
165, 89, -1
165, 116, -1
165, 91, -1
165, 82, -1
165, 100, -1
165, 103, -1
165, 56, -1
165, 4, -1
165, 25, -1
165, 24, -1
165, 35, -1
165, 44, -1
101, 56, -1
101, 4, -1
101, 25, -1
101, 24, -1
101, 35, -1
101, 44, -1
101, 164, -1
101, 142, -1
101, 150, -1
101, 139, -1
101, 156, -1
101, 177, -1
101, 165, -1
158, 126, -1
158, 92, -1
158, 128, -1
158, 104, -1
158, 112, -1
158, 62, -1
158, 107, -1
158, 125, -1
158, 65, -1
158, 109, -1
158, 90, -1
158, 71, -1
158, 106, -1
158, 68, -1
158, 98, -1
158, 88, -1
158, 114, -1
158, 95, -1
158, 81, -1
158, 120, -1
158, 72, -1
158, 86, -1
158, 86, -1
158, 74, -1
158, 63, -1
158, 63, -1
158, 69, -1
158, 94, -1
158, 70, -1
158, 89, -1
158, 116, -1
158, 91, -1
158, 82, -1
158, 100, -1
158, 103, -1
158, 101, -1
158, 56, -1
158, 4, -1
158, 25, -1
158, 24, -1
158, 35, -1
158, 44, -1

117, 126, 1
117, 92, 1
117, 128, 1
117, 104, 1
117, 112, 1
117, 62, 1
117, 107, 1
117, 125, 1
117, 65, 1
117, 109, 1
117, 90, 1
117, 71, 1
117, 106, 1
117, 68, 1
117, 98, 1
117, 88, 1
117, 114, 1
117, 95, 1
117, 81, 1
117, 120, 1
117, 72, 1
117, 86, 1
117, 86, 1
117, 74, 1
117, 63, 1
117, 63, 1
117, 69, 1
117, 94, 1
117, 70, 1
117, 89, 1
117, 116, 1
117, 91, 1
117, 82, 1
117, 100, 1
117, 103, 1
117, 101, 1
117, 117, 1
146, 164, 1
146, 142, 1
146, 150, 1
146, 139, 1
146, 156, 1
146, 177, 1
146, 165, 1
146, 158, 1
131, 164, 1
131, 142, 1
131, 150, 1
131, 139, 1
131, 156, 1
131, 177, 1
131, 165, 1
131, 158, 1
131, 146, 1
117, 56, -1
117, 4, -1
117, 25, -1
117, 24, -1
117, 35, -1
117, 44, -1
117, 164, -1
117, 142, -1
117, 150, -1
117, 139, -1
117, 156, -1
117, 177, -1
117, 165, -1
117, 158, -1
146, 126, -1
146, 92, -1
146, 128, -1
146, 104, -1
146, 112, -1
146, 62, -1
146, 107, -1
146, 125, -1
146, 65, -1
146, 109, -1
146, 90, -1
146, 71, -1
146, 106, -1
146, 68, -1
146, 98, -1
146, 88, -1
146, 114, -1
146, 95, -1
146, 81, -1
146, 120, -1
146, 72, -1
146, 86, -1
146, 86, -1
146, 74, -1
146, 63, -1
146, 63, -1
146, 69, -1
146, 94, -1
146, 70, -1
146, 89, -1
146, 116, -1
146, 91, -1
146, 82, -1
146, 100, -1
146, 103, -1
146, 101, -1
146, 117, -1
146, 117, -1
146, 56, -1
146, 4, -1
146, 25, -1
146, 24, -1
146, 35, -1
146, 44, -1
131, 126, -1
131, 92, -1
131, 128, -1
131, 104, -1
131, 112, -1
131, 62, -1
131, 107, -1
131, 125, -1
131, 65, -1
131, 109, -1
131, 90, -1
131, 71, -1
131, 106, -1
131, 68, -1
131, 98, -1
131, 88, -1
131, 114, -1
131, 95, -1
131, 81, -1
131, 120, -1
131, 72, -1
131, 86, -1
131, 86, -1
131, 74, -1
131, 63, -1
131, 63, -1
131, 69, -1
131, 94, -1
131, 70, -1
131, 89, -1
131, 116, -1
131, 91, -1
131, 82, -1
131, 100, -1
131, 103, -1
131, 101, -1
131, 117, -1
131, 117, -1
131, 56, -1
131, 4, -1
131, 25, -1
131, 24, -1
131, 35, -1
131, 44, -1

