92, 126, 1
128, 126, 1
128, 92, 1
4, 56, 1
104, 126, 1
104, 92, 1
104, 128, 1
112, 126, 1
112, 92, 1
112, 128, 1
112, 104, 1
62, 126, 1
62, 92, 1
62, 128, 1
62, 104, 1
62, 112, 1
56, 126, -1
56, 92, -1
56, 128, -1
4, 126, -1
4, 92, -1
4, 128, -1
104, 56, -1
104, 4, -1
112, 56, -1
112, 4, -1
62, 56, -1
62, 4, -1
164, 126, -1
164, 92, -1
164, 128, -1
164, 104, -1
164, 112, -1
164, 62, -1
164, 56, -1
164, 4, -1

1, 56, 1
1, 4, 1
1, 47, 1
74, 126, 1
74, 92, 1
74, 128, 1
74, 104, 1
74, 112, 1
74, 62, 1
74, 116, 1
71, 126, 1
71, 92, 1
71, 128, 1
71, 104, 1
71, 112, 1
71, 62, 1
71, 116, 1
71, 74, 1
142, 164, 1
1, 126, -1
1, 92, -1
1, 128, -1
1, 104, -1
1, 112, -1
1, 62, -1
1, 116, -1
1, 164, -1
74, 56, -1
74, 4, -1
74, 47, -1
74, 1, -1
74, 164, -1
71, 56, -1
71, 4, -1
71, 47, -1
71, 1, -1
71, 164, -1
142, 126, -1
142, 92, -1
142, 128, -1
142, 104, -1
142, 112, -1
142, 62, -1
142, 116, -1
142, 74, -1
142, 71, -1
142, 56, -1
142, 4, -1
142, 47, -1
142, 1, -1

27, 56, 1
27, 4, 1
27, 47, 1
27, 1, 1
27, 8, 1
34, 56, 1
34, 4, 1
34, 47, 1
34, 1, 1
34, 8, 1
34, 27, 1
146, 164, 1
146, 142, 1
146, 159, 1
72, 126, 1
72, 92, 1
72, 128, 1
72, 104, 1
72, 112, 1
72, 62, 1
72, 116, 1
72, 74, 1
72, 71, 1
72, 86, 1
27, 126, -1
27, 92, -1
27, 128, -1
27, 104, -1
27, 112, -1
27, 62, -1
27, 116, -1
27, 74, -1
27, 71, -1
27, 86, -1
27, 164, -1
27, 142, -1
27, 159, -1
34, 126, -1
34, 92, -1
34, 128, -1
34, 104, -1
34, 112, -1
34, 62, -1
34, 116, -1
34, 74, -1
34, 71, -1
34, 86, -1
34, 164, -1
34, 142, -1
34, 159, -1
146, 126, -1
146, 92, -1
146, 128, -1
146, 104, -1
146, 112, -1
146, 62, -1
146, 116, -1
146, 74, -1
146, 71, -1
146, 86, -1
146, 56, -1
146, 4, -1
146, 47, -1
146, 1, -1
146, 8, -1
146, 27, -1
146, 34, -1
72, 56, -1
72, 4, -1
72, 47, -1
72, 1, -1
72, 8, -1
72, 27, -1
72, 34, -1
72, 164, -1
72, 142, -1
72, 159, -1
72, 146, -1

11, 56, 1
11, 4, 1
11, 47, 1
11, 1, 1
11, 8, 1
11, 27, 1
11, 34, 1
11, 9, 1
124, 126, 1
124, 92, 1
124, 128, 1
124, 104, 1
124, 112, 1
124, 62, 1
124, 116, 1
124, 74, 1
124, 71, 1
124, 86, 1
124, 72, 1
124, 115, 1
76, 126, 1
76, 92, 1
76, 128, 1
76, 104, 1
76, 112, 1
76, 62, 1
76, 116, 1
76, 74, 1
76, 71, 1
76, 86, 1
76, 72, 1
76, 115, 1
76, 124, 1
11, 126, -1
11, 92, -1
11, 128, -1
11, 104, -1
11, 112, -1
11, 62, -1
11, 116, -1
11, 74, -1
11, 71, -1
11, 86, -1
11, 72, -1
11, 115, -1
11, 164, -1
11, 142, -1
11, 159, -1
11, 146, -1
11, 147, -1
124, 56, -1
124, 4, -1
124, 47, -1
124, 1, -1
124, 8, -1
124, 27, -1
124, 34, -1
124, 9, -1
124, 11, -1
124, 164, -1
124, 142, -1
124, 159, -1
124, 146, -1
124, 147, -1
76, 56, -1
76, 4, -1
76, 47, -1
76, 1, -1
76, 8, -1
76, 27, -1
76, 34, -1
76, 9, -1
76, 11, -1
76, 164, -1
76, 142, -1
76, 159, -1
76, 146, -1
76, 147, -1

41, 56, 1
41, 4, 1
41, 47, 1
41, 1, 1
41, 8, 1
41, 27, 1
41, 34, 1
41, 9, 1
41, 11, 1
41, 6, 1
123, 126, 1
123, 92, 1
123, 128, 1
123, 104, 1
123, 112, 1
123, 62, 1
123, 116, 1
123, 74, 1
123, 71, 1
123, 86, 1
123, 72, 1
123, 115, 1
123, 124, 1
123, 76, 1
123, 125, 1
137, 164, 1
137, 142, 1
137, 159, 1
137, 146, 1
137, 147, 1
137, 133, 1
41, 126, -1
41, 92, -1
41, 128, -1
41, 104, -1
41, 112, -1
41, 62, -1
41, 116, -1
41, 74, -1
41, 71, -1
41, 86, -1
41, 72, -1
41, 115, -1
41, 124, -1
41, 76, -1
41, 125, -1
41, 164, -1
41, 142, -1
41, 159, -1
41, 146, -1
41, 147, -1
41, 133, -1
123, 56, -1
123, 4, -1
123, 47, -1
123, 1, -1
123, 8, -1
123, 27, -1
123, 34, -1
123, 9, -1
123, 11, -1
123, 6, -1
123, 41, -1
123, 164, -1
123, 142, -1
123, 159, -1
123, 146, -1
123, 147, -1
123, 133, -1
137, 126, -1
137, 92, -1
137, 128, -1
137, 104, -1
137, 112, -1
137, 62, -1
137, 116, -1
137, 74, -1
137, 71, -1
137, 86, -1
137, 72, -1
137, 115, -1
137, 124, -1
137, 76, -1
137, 125, -1
137, 123, -1
137, 56, -1
137, 4, -1
137, 47, -1
137, 1, -1
137, 8, -1
137, 27, -1
137, 34, -1
137, 9, -1
137, 11, -1
137, 6, -1
137, 41, -1

37, 56, 1
37, 4, 1
37, 47, 1
37, 1, 1
37, 8, 1
37, 27, 1
37, 34, 1
37, 9, 1
37, 11, 1
37, 6, 1
37, 41, 1
37, 29, 1
20, 56, 1
20, 4, 1
20, 47, 1
20, 1, 1
20, 8, 1
20, 27, 1
20, 34, 1
20, 9, 1
20, 11, 1
20, 6, 1
20, 41, 1
20, 29, 1
20, 37, 1
68, 126, 1
68, 92, 1
68, 128, 1
68, 104, 1
68, 112, 1
68, 62, 1
68, 116, 1
68, 74, 1
68, 71, 1
68, 86, 1
68, 72, 1
68, 115, 1
68, 124, 1
68, 76, 1
68, 125, 1
68, 123, 1
68, 99, 1
158, 164, 1
158, 142, 1
158, 159, 1
158, 146, 1
158, 147, 1
158, 133, 1
158, 137, 1
158, 140, 1
37, 126, -1
37, 92, -1
37, 128, -1
37, 104, -1
37, 112, -1
37, 62, -1
37, 116, -1
37, 74, -1
37, 71, -1
37, 86, -1
37, 72, -1
37, 115, -1
37, 124, -1
37, 76, -1
37, 125, -1
37, 123, -1
37, 99, -1
37, 164, -1
37, 142, -1
37, 159, -1
37, 146, -1
37, 147, -1
37, 133, -1
37, 137, -1
37, 140, -1
20, 126, -1
20, 92, -1
20, 128, -1
20, 104, -1
20, 112, -1
20, 62, -1
20, 116, -1
20, 74, -1
20, 71, -1
20, 86, -1
20, 72, -1
20, 115, -1
20, 124, -1
20, 76, -1
20, 125, -1
20, 123, -1
20, 99, -1
20, 164, -1
20, 142, -1
20, 159, -1
20, 146, -1
20, 147, -1
20, 133, -1
20, 137, -1
20, 140, -1
68, 56, -1
68, 4, -1
68, 47, -1
68, 1, -1
68, 8, -1
68, 27, -1
68, 34, -1
68, 9, -1
68, 11, -1
68, 6, -1
68, 41, -1
68, 29, -1
68, 37, -1
68, 20, -1
68, 164, -1
68, 142, -1
68, 159, -1
68, 146, -1
68, 147, -1
68, 133, -1
68, 137, -1
68, 140, -1
158, 126, -1
158, 92, -1
158, 128, -1
158, 104, -1
158, 112, -1
158, 62, -1
158, 116, -1
158, 74, -1
158, 71, -1
158, 86, -1
158, 72, -1
158, 115, -1
158, 124, -1
158, 76, -1
158, 125, -1
158, 123, -1
158, 99, -1
158, 68, -1
158, 56, -1
158, 4, -1
158, 47, -1
158, 1, -1
158, 8, -1
158, 27, -1
158, 34, -1
158, 9, -1
158, 11, -1
158, 6, -1
158, 41, -1
158, 29, -1
158, 37, -1
158, 20, -1

58, 56, 1
58, 4, 1
58, 47, 1
58, 1, 1
58, 8, 1
58, 27, 1
58, 34, 1
58, 9, 1
58, 11, 1
58, 6, 1
58, 41, 1
58, 29, 1
58, 37, 1
58, 20, 1
58, 30, 1
113, 126, 1
113, 92, 1
113, 128, 1
113, 104, 1
113, 112, 1
113, 62, 1
113, 116, 1
113, 74, 1
113, 71, 1
113, 86, 1
113, 72, 1
113, 115, 1
113, 124, 1
113, 76, 1
113, 125, 1
113, 123, 1
113, 99, 1
113, 68, 1
113, 114, 1
160, 164, 1
160, 142, 1
160, 159, 1
160, 146, 1
160, 147, 1
160, 133, 1
160, 137, 1
160, 140, 1
160, 158, 1
160, 172, 1
58, 126, -1
58, 92, -1
58, 128, -1
58, 104, -1
58, 112, -1
58, 62, -1
58, 116, -1
58, 74, -1
58, 71, -1
58, 86, -1
58, 72, -1
58, 115, -1
58, 124, -1
58, 76, -1
58, 125, -1
58, 123, -1
58, 99, -1
58, 68, -1
58, 114, -1
58, 164, -1
58, 142, -1
58, 159, -1
58, 146, -1
58, 147, -1
58, 133, -1
58, 137, -1
58, 140, -1
58, 158, -1
58, 172, -1
113, 56, -1
113, 4, -1
113, 47, -1
113, 1, -1
113, 8, -1
113, 27, -1
113, 34, -1
113, 9, -1
113, 11, -1
113, 6, -1
113, 41, -1
113, 29, -1
113, 37, -1
113, 20, -1
113, 30, -1
113, 58, -1
113, 164, -1
113, 142, -1
113, 159, -1
113, 146, -1
113, 147, -1
113, 133, -1
113, 137, -1
113, 140, -1
113, 158, -1
113, 172, -1
160, 126, -1
160, 92, -1
160, 128, -1
160, 104, -1
160, 112, -1
160, 62, -1
160, 116, -1
160, 74, -1
160, 71, -1
160, 86, -1
160, 72, -1
160, 115, -1
160, 124, -1
160, 76, -1
160, 125, -1
160, 123, -1
160, 99, -1
160, 68, -1
160, 114, -1
160, 113, -1
160, 56, -1
160, 4, -1
160, 47, -1
160, 1, -1
160, 8, -1
160, 27, -1
160, 34, -1
160, 9, -1
160, 11, -1
160, 6, -1
160, 41, -1
160, 29, -1
160, 37, -1
160, 20, -1
160, 30, -1
160, 58, -1

7, 56, 1
7, 4, 1
7, 47, 1
7, 1, 1
7, 8, 1
7, 27, 1
7, 34, 1
7, 9, 1
7, 11, 1
7, 6, 1
7, 41, 1
7, 29, 1
7, 37, 1
7, 20, 1
7, 30, 1
7, 58, 1
7, 42, 1
97, 126, 1
97, 92, 1
97, 128, 1
97, 104, 1
97, 112, 1
97, 62, 1
97, 116, 1
97, 74, 1
97, 71, 1
97, 86, 1
97, 72, 1
97, 115, 1
97, 124, 1
97, 76, 1
97, 125, 1
97, 123, 1
97, 99, 1
97, 68, 1
97, 114, 1
97, 113, 1
97, 107, 1
170, 164, 1
170, 142, 1
170, 159, 1
170, 146, 1
170, 147, 1
170, 133, 1
170, 137, 1
170, 140, 1
170, 158, 1
170, 172, 1
170, 160, 1
7, 126, -1
7, 92, -1
7, 128, -1
7, 104, -1
7, 112, -1
7, 62, -1
7, 116, -1
7, 74, -1
7, 71, -1
7, 86, -1
7, 72, -1
7, 115, -1
7, 124, -1
7, 76, -1
7, 125, -1
7, 123, -1
7, 99, -1
7, 68, -1
7, 114, -1
7, 113, -1
7, 107, -1
7, 164, -1
7, 142, -1
7, 159, -1
7, 146, -1
7, 147, -1
7, 133, -1
7, 137, -1
7, 140, -1
7, 158, -1
7, 172, -1
7, 160, -1
97, 56, -1
97, 4, -1
97, 47, -1
97, 1, -1
97, 8, -1
97, 27, -1
97, 34, -1
97, 9, -1
97, 11, -1
97, 6, -1
97, 41, -1
97, 29, -1
97, 37, -1
97, 20, -1
97, 30, -1
97, 58, -1
97, 42, -1
97, 7, -1
97, 164, -1
97, 142, -1
97, 159, -1
97, 146, -1
97, 147, -1
97, 133, -1
97, 137, -1
97, 140, -1
97, 158, -1
97, 172, -1
97, 160, -1
170, 126, -1
170, 92, -1
170, 128, -1
170, 104, -1
170, 112, -1
170, 62, -1
170, 116, -1
170, 74, -1
170, 71, -1
170, 86, -1
170, 72, -1
170, 115, -1
170, 124, -1
170, 76, -1
170, 125, -1
170, 123, -1
170, 99, -1
170, 68, -1
170, 114, -1
170, 113, -1
170, 107, -1
170, 97, -1
170, 56, -1
170, 4, -1
170, 47, -1
170, 1, -1
170, 8, -1
170, 27, -1
170, 34, -1
170, 9, -1
170, 11, -1
170, 6, -1
170, 41, -1
170, 29, -1
170, 37, -1
170, 20, -1
170, 30, -1
170, 58, -1
170, 42, -1
170, 7, -1

12, 56, 1
12, 4, 1
12, 47, 1
12, 1, 1
12, 8, 1
12, 27, 1
12, 34, 1
12, 9, 1
12, 11, 1
12, 6, 1
12, 41, 1
12, 29, 1
12, 37, 1
12, 20, 1
12, 30, 1
12, 58, 1
12, 42, 1
12, 7, 1
12, 57, 1
91, 126, 1
91, 92, 1
91, 128, 1
91, 104, 1
91, 112, 1
91, 62, 1
91, 116, 1
91, 74, 1
91, 71, 1
91, 86, 1
91, 72, 1
91, 115, 1
91, 124, 1
91, 76, 1
91, 125, 1
91, 123, 1
91, 99, 1
91, 68, 1
91, 114, 1
91, 113, 1
91, 107, 1
91, 97, 1
91, 103, 1
131, 164, 1
131, 142, 1
131, 159, 1
131, 146, 1
131, 147, 1
131, 133, 1
131, 137, 1
131, 140, 1
131, 158, 1
131, 172, 1
131, 160, 1
131, 170, 1
131, 148, 1
12, 126, -1
12, 92, -1
12, 128, -1
12, 104, -1
12, 112, -1
12, 62, -1
12, 116, -1
12, 74, -1
12, 71, -1
12, 86, -1
12, 72, -1
12, 115, -1
12, 124, -1
12, 76, -1
12, 125, -1
12, 123, -1
12, 99, -1
12, 68, -1
12, 114, -1
12, 113, -1
12, 107, -1
12, 97, -1
12, 103, -1
12, 164, -1
12, 142, -1
12, 159, -1
12, 146, -1
12, 147, -1
12, 133, -1
12, 137, -1
12, 140, -1
12, 158, -1
12, 172, -1
12, 160, -1
12, 170, -1
12, 148, -1
91, 56, -1
91, 4, -1
91, 47, -1
91, 1, -1
91, 8, -1
91, 27, -1
91, 34, -1
91, 9, -1
91, 11, -1
91, 6, -1
91, 41, -1
91, 29, -1
91, 37, -1
91, 20, -1
91, 30, -1
91, 58, -1
91, 42, -1
91, 7, -1
91, 57, -1
91, 12, -1
91, 164, -1
91, 142, -1
91, 159, -1
91, 146, -1
91, 147, -1
91, 133, -1
91, 137, -1
91, 140, -1
91, 158, -1
91, 172, -1
91, 160, -1
91, 170, -1
91, 148, -1
131, 126, -1
131, 92, -1
131, 128, -1
131, 104, -1
131, 112, -1
131, 62, -1
131, 116, -1
131, 74, -1
131, 71, -1
131, 86, -1
131, 72, -1
131, 115, -1
131, 124, -1
131, 76, -1
131, 125, -1
131, 123, -1
131, 99, -1
131, 68, -1
131, 114, -1
131, 113, -1
131, 107, -1
131, 97, -1
131, 103, -1
131, 91, -1
131, 56, -1
131, 4, -1
131, 47, -1
131, 1, -1
131, 8, -1
131, 27, -1
131, 34, -1
131, 9, -1
131, 11, -1
131, 6, -1
131, 41, -1
131, 29, -1
131, 37, -1
131, 20, -1
131, 30, -1
131, 58, -1
131, 42, -1
131, 7, -1
131, 57, -1
131, 12, -1

50, 56, 1
50, 4, 1
50, 47, 1
50, 1, 1
50, 8, 1
50, 27, 1
50, 34, 1
50, 9, 1
50, 11, 1
50, 6, 1
50, 41, 1
50, 29, 1
50, 37, 1
50, 20, 1
50, 30, 1
50, 58, 1
50, 42, 1
50, 7, 1
50, 57, 1
50, 12, 1
50, 51, 1
145, 164, 1
145, 142, 1
145, 159, 1
145, 146, 1
145, 147, 1
145, 133, 1
145, 137, 1
145, 140, 1
145, 158, 1
145, 172, 1
145, 160, 1
145, 170, 1
145, 148, 1
145, 131, 1
145, 154, 1
106, 126, 1
106, 92, 1
106, 128, 1
106, 104, 1
106, 112, 1
106, 62, 1
106, 116, 1
106, 74, 1
106, 71, 1
106, 86, 1
106, 72, 1
106, 115, 1
106, 124, 1
106, 76, 1
106, 125, 1
106, 123, 1
106, 99, 1
106, 68, 1
106, 114, 1
106, 113, 1
106, 107, 1
106, 97, 1
106, 103, 1
106, 91, 1
106, 127, 1
50, 126, -1
50, 92, -1
50, 128, -1
50, 104, -1
50, 112, -1
50, 62, -1
50, 116, -1
50, 74, -1
50, 71, -1
50, 86, -1
50, 72, -1
50, 115, -1
50, 124, -1
50, 76, -1
50, 125, -1
50, 123, -1
50, 99, -1
50, 68, -1
50, 114, -1
50, 113, -1
50, 107, -1
50, 97, -1
50, 103, -1
50, 91, -1
50, 127, -1
50, 164, -1
50, 142, -1
50, 159, -1
50, 146, -1
50, 147, -1
50, 133, -1
50, 137, -1
50, 140, -1
50, 158, -1
50, 172, -1
50, 160, -1
50, 170, -1
50, 148, -1
50, 131, -1
50, 154, -1
145, 126, -1
145, 92, -1
145, 128, -1
145, 104, -1
145, 112, -1
145, 62, -1
145, 116, -1
145, 74, -1
145, 71, -1
145, 86, -1
145, 72, -1
145, 115, -1
145, 124, -1
145, 76, -1
145, 125, -1
145, 123, -1
145, 99, -1
145, 68, -1
145, 114, -1
145, 113, -1
145, 107, -1
145, 97, -1
145, 103, -1
145, 91, -1
145, 127, -1
145, 56, -1
145, 4, -1
145, 47, -1
145, 1, -1
145, 8, -1
145, 27, -1
145, 34, -1
145, 9, -1
145, 11, -1
145, 6, -1
145, 41, -1
145, 29, -1
145, 37, -1
145, 20, -1
145, 30, -1
145, 58, -1
145, 42, -1
145, 7, -1
145, 57, -1
145, 12, -1
145, 51, -1
145, 50, -1
106, 56, -1
106, 4, -1
106, 47, -1
106, 1, -1
106, 8, -1
106, 27, -1
106, 34, -1
106, 9, -1
106, 11, -1
106, 6, -1
106, 41, -1
106, 29, -1
106, 37, -1
106, 20, -1
106, 30, -1
106, 58, -1
106, 42, -1
106, 7, -1
106, 57, -1
106, 12, -1
106, 51, -1
106, 50, -1
106, 164, -1
106, 142, -1
106, 159, -1
106, 146, -1
106, 147, -1
106, 133, -1
106, 137, -1
106, 140, -1
106, 158, -1
106, 172, -1
106, 160, -1
106, 170, -1
106, 148, -1
106, 131, -1
106, 154, -1
106, 145, -1

