92, 126, 1
128, 126, 1
128, 92, 1
98, 126, 1
98, 92, 1
98, 128, 1
44, 56, 1
89, 126, 1
89, 92, 1
89, 128, 1
89, 98, 1
56, 126, -1
56, 92, -1
56, 128, -1
98, 56, -1
44, 126, -1
44, 92, -1
44, 128, -1
44, 98, -1
89, 56, -1
89, 44, -1
167, 126, -1
167, 92, -1
167, 128, -1
167, 98, -1
167, 89, -1
167, 56, -1
167, 44, -1

73, 126, 1
73, 92, 1
73, 128, 1
73, 98, 1
73, 89, 1
73, 116, 1
28, 56, 1
28, 44, 1
28, 47, 1
74, 126, 1
74, 92, 1
74, 128, 1
74, 98, 1
74, 89, 1
74, 116, 1
74, 73, 1
66, 126, 1
66, 92, 1
66, 128, 1
66, 98, 1
66, 89, 1
66, 116, 1
66, 73, 1
66, 74, 1
65, 126, 1
65, 92, 1
65, 128, 1
65, 98, 1
65, 89, 1
65, 116, 1
65, 73, 1
65, 74, 1
65, 66, 1
73, 56, -1
73, 44, -1
73, 47, -1
73, 167, -1
28, 126, -1
28, 92, -1
28, 128, -1
28, 98, -1
28, 89, -1
28, 116, -1
28, 73, -1
28, 167, -1
74, 56, -1
74, 44, -1
74, 47, -1
74, 28, -1
74, 167, -1
66, 56, -1
66, 44, -1
66, 47, -1
66, 28, -1
66, 167, -1
65, 56, -1
65, 44, -1
65, 47, -1
65, 28, -1
65, 167, -1

18, 56, 1
18, 44, 1
18, 47, 1
18, 28, 1
18, 32, 1
59, 126, 1
59, 92, 1
59, 128, 1
59, 98, 1
59, 89, 1
59, 116, 1
59, 73, 1
59, 74, 1
59, 66, 1
59, 65, 1
59, 86, 1
139, 167, 1
18, 126, -1
18, 92, -1
18, 128, -1
18, 98, -1
18, 89, -1
18, 116, -1
18, 73, -1
18, 74, -1
18, 66, -1
18, 65, -1
18, 86, -1
18, 167, -1
59, 56, -1
59, 44, -1
59, 47, -1
59, 28, -1
59, 32, -1
59, 18, -1
59, 167, -1
139, 126, -1
139, 92, -1
139, 128, -1
139, 98, -1
139, 89, -1
139, 116, -1
139, 73, -1
139, 74, -1
139, 66, -1
139, 65, -1
139, 86, -1
139, 59, -1
139, 56, -1
139, 44, -1
139, 47, -1
139, 28, -1
139, 32, -1
139, 18, -1

31, 56, 1
31, 44, 1
31, 47, 1
31, 28, 1
31, 32, 1
31, 18, 1
31, 22, 1
41, 56, 1
41, 44, 1
41, 47, 1
41, 28, 1
41, 32, 1
41, 18, 1
41, 22, 1
41, 31, 1
76, 126, 1
76, 92, 1
76, 128, 1
76, 98, 1
76, 89, 1
76, 116, 1
76, 73, 1
76, 74, 1
76, 66, 1
76, 65, 1
76, 86, 1
76, 59, 1
76, 67, 1
31, 126, -1
31, 92, -1
31, 128, -1
31, 98, -1
31, 89, -1
31, 116, -1
31, 73, -1
31, 74, -1
31, 66, -1
31, 65, -1
31, 86, -1
31, 59, -1
31, 67, -1
31, 167, -1
31, 139, -1
41, 126, -1
41, 92, -1
41, 128, -1
41, 98, -1
41, 89, -1
41, 116, -1
41, 73, -1
41, 74, -1
41, 66, -1
41, 65, -1
41, 86, -1
41, 59, -1
41, 67, -1
41, 167, -1
41, 139, -1
76, 56, -1
76, 44, -1
76, 47, -1
76, 28, -1
76, 32, -1
76, 18, -1
76, 22, -1
76, 31, -1
76, 41, -1
76, 167, -1
76, 139, -1

11, 56, 1
11, 44, 1
11, 47, 1
11, 28, 1
11, 32, 1
11, 18, 1
11, 22, 1
11, 31, 1
11, 41, 1
11, 29, 1
78, 126, 1
78, 92, 1
78, 128, 1
78, 98, 1
78, 89, 1
78, 116, 1
78, 73, 1
78, 74, 1
78, 66, 1
78, 65, 1
78, 86, 1
78, 59, 1
78, 67, 1
78, 76, 1
78, 114, 1
173, 167, 1
173, 139, 1
81, 126, 1
81, 92, 1
81, 128, 1
81, 98, 1
81, 89, 1
81, 116, 1
81, 73, 1
81, 74, 1
81, 66, 1
81, 65, 1
81, 86, 1
81, 59, 1
81, 67, 1
81, 76, 1
81, 114, 1
81, 78, 1
11, 126, -1
11, 92, -1
11, 128, -1
11, 98, -1
11, 89, -1
11, 116, -1
11, 73, -1
11, 74, -1
11, 66, -1
11, 65, -1
11, 86, -1
11, 59, -1
11, 67, -1
11, 76, -1
11, 114, -1
11, 167, -1
11, 139, -1
78, 56, -1
78, 44, -1
78, 47, -1
78, 28, -1
78, 32, -1
78, 18, -1
78, 22, -1
78, 31, -1
78, 41, -1
78, 29, -1
78, 11, -1
78, 167, -1
78, 139, -1
173, 126, -1
173, 92, -1
173, 128, -1
173, 98, -1
173, 89, -1
173, 116, -1
173, 73, -1
173, 74, -1
173, 66, -1
173, 65, -1
173, 86, -1
173, 59, -1
173, 67, -1
173, 76, -1
173, 114, -1
173, 78, -1
173, 56, -1
173, 44, -1
173, 47, -1
173, 28, -1
173, 32, -1
173, 18, -1
173, 22, -1
173, 31, -1
173, 41, -1
173, 29, -1
173, 11, -1
81, 56, -1
81, 44, -1
81, 47, -1
81, 28, -1
81, 32, -1
81, 18, -1
81, 22, -1
81, 31, -1
81, 41, -1
81, 29, -1
81, 11, -1
81, 167, -1
81, 139, -1
81, 173, -1

37, 56, 1
37, 44, 1
37, 47, 1
37, 28, 1
37, 32, 1
37, 18, 1
37, 22, 1
37, 31, 1
37, 41, 1
37, 29, 1
37, 11, 1
37, 27, 1
19, 56, 1
19, 44, 1
19, 47, 1
19, 28, 1
19, 32, 1
19, 18, 1
19, 22, 1
19, 31, 1
19, 41, 1
19, 29, 1
19, 11, 1
19, 27, 1
19, 37, 1
118, 126, 1
118, 92, 1
118, 128, 1
118, 98, 1
118, 89, 1
118, 116, 1
118, 73, 1
118, 74, 1
118, 66, 1
118, 65, 1
118, 86, 1
118, 59, 1
118, 67, 1
118, 76, 1
118, 114, 1
118, 78, 1
118, 81, 1
118, 106, 1
109, 126, 1
109, 92, 1
109, 128, 1
109, 98, 1
109, 89, 1
109, 116, 1
109, 73, 1
109, 74, 1
109, 66, 1
109, 65, 1
109, 86, 1
109, 59, 1
109, 67, 1
109, 76, 1
109, 114, 1
109, 78, 1
109, 81, 1
109, 106, 1
109, 118, 1
37, 126, -1
37, 92, -1
37, 128, -1
37, 98, -1
37, 89, -1
37, 116, -1
37, 73, -1
37, 74, -1
37, 66, -1
37, 65, -1
37, 86, -1
37, 59, -1
37, 67, -1
37, 76, -1
37, 114, -1
37, 78, -1
37, 81, -1
37, 106, -1
37, 167, -1
37, 139, -1
37, 173, -1
37, 133, -1
19, 126, -1
19, 92, -1
19, 128, -1
19, 98, -1
19, 89, -1
19, 116, -1
19, 73, -1
19, 74, -1
19, 66, -1
19, 65, -1
19, 86, -1
19, 59, -1
19, 67, -1
19, 76, -1
19, 114, -1
19, 78, -1
19, 81, -1
19, 106, -1
19, 167, -1
19, 139, -1
19, 173, -1
19, 133, -1
118, 56, -1
118, 44, -1
118, 47, -1
118, 28, -1
118, 32, -1
118, 18, -1
118, 22, -1
118, 31, -1
118, 41, -1
118, 29, -1
118, 11, -1
118, 27, -1
118, 37, -1
118, 19, -1
118, 167, -1
118, 139, -1
118, 173, -1
118, 133, -1
109, 56, -1
109, 44, -1
109, 47, -1
109, 28, -1
109, 32, -1
109, 18, -1
109, 22, -1
109, 31, -1
109, 41, -1
109, 29, -1
109, 11, -1
109, 27, -1
109, 37, -1
109, 19, -1
109, 167, -1
109, 139, -1
109, 173, -1
109, 133, -1

38, 56, 1
38, 44, 1
38, 47, 1
38, 28, 1
38, 32, 1
38, 18, 1
38, 22, 1
38, 31, 1
38, 41, 1
38, 29, 1
38, 11, 1
38, 27, 1
38, 37, 1
38, 19, 1
38, 10, 1
94, 126, 1
94, 92, 1
94, 128, 1
94, 98, 1
94, 89, 1
94, 116, 1
94, 73, 1
94, 74, 1
94, 66, 1
94, 65, 1
94, 86, 1
94, 59, 1
94, 67, 1
94, 76, 1
94, 114, 1
94, 78, 1
94, 81, 1
94, 106, 1
94, 118, 1
94, 109, 1
94, 124, 1
176, 167, 1
176, 139, 1
176, 173, 1
176, 133, 1
176, 135, 1
38, 126, -1
38, 92, -1
38, 128, -1
38, 98, -1
38, 89, -1
38, 116, -1
38, 73, -1
38, 74, -1
38, 66, -1
38, 65, -1
38, 86, -1
38, 59, -1
38, 67, -1
38, 76, -1
38, 114, -1
38, 78, -1
38, 81, -1
38, 106, -1
38, 118, -1
38, 109, -1
38, 124, -1
38, 167, -1
38, 139, -1
38, 173, -1
38, 133, -1
38, 135, -1
94, 56, -1
94, 44, -1
94, 47, -1
94, 28, -1
94, 32, -1
94, 18, -1
94, 22, -1
94, 31, -1
94, 41, -1
94, 29, -1
94, 11, -1
94, 27, -1
94, 37, -1
94, 19, -1
94, 10, -1
94, 38, -1
94, 167, -1
94, 139, -1
94, 173, -1
94, 133, -1
94, 135, -1
176, 126, -1
176, 92, -1
176, 128, -1
176, 98, -1
176, 89, -1
176, 116, -1
176, 73, -1
176, 74, -1
176, 66, -1
176, 65, -1
176, 86, -1
176, 59, -1
176, 67, -1
176, 76, -1
176, 114, -1
176, 78, -1
176, 81, -1
176, 106, -1
176, 118, -1
176, 109, -1
176, 124, -1
176, 94, -1
176, 56, -1
176, 44, -1
176, 47, -1
176, 28, -1
176, 32, -1
176, 18, -1
176, 22, -1
176, 31, -1
176, 41, -1
176, 29, -1
176, 11, -1
176, 27, -1
176, 37, -1
176, 19, -1
176, 10, -1
176, 38, -1

12, 56, 1
12, 44, 1
12, 47, 1
12, 28, 1
12, 32, 1
12, 18, 1
12, 22, 1
12, 31, 1
12, 41, 1
12, 29, 1
12, 11, 1
12, 27, 1
12, 37, 1
12, 19, 1
12, 10, 1
12, 38, 1
12, 6, 1
36, 56, 1
36, 44, 1
36, 47, 1
36, 28, 1
36, 32, 1
36, 18, 1
36, 22, 1
36, 31, 1
36, 41, 1
36, 29, 1
36, 11, 1
36, 27, 1
36, 37, 1
36, 19, 1
36, 10, 1
36, 38, 1
36, 6, 1
36, 12, 1
25, 56, 1
25, 44, 1
25, 47, 1
25, 28, 1
25, 32, 1
25, 18, 1
25, 22, 1
25, 31, 1
25, 41, 1
25, 29, 1
25, 11, 1
25, 27, 1
25, 37, 1
25, 19, 1
25, 10, 1
25, 38, 1
25, 6, 1
25, 12, 1
25, 36, 1
171, 167, 1
171, 139, 1
171, 173, 1
171, 133, 1
171, 135, 1
171, 176, 1
171, 163, 1
171, 175, 1
12, 126, -1
12, 92, -1
12, 128, -1
12, 98, -1
12, 89, -1
12, 116, -1
12, 73, -1
12, 74, -1
12, 66, -1
12, 65, -1
12, 86, -1
12, 59, -1
12, 67, -1
12, 76, -1
12, 114, -1
12, 78, -1
12, 81, -1
12, 106, -1
12, 118, -1
12, 109, -1
12, 124, -1
12, 94, -1
12, 125, -1
12, 167, -1
12, 139, -1
12, 173, -1
12, 133, -1
12, 135, -1
12, 176, -1
12, 163, -1
12, 175, -1
36, 126, -1
36, 92, -1
36, 128, -1
36, 98, -1
36, 89, -1
36, 116, -1
36, 73, -1
36, 74, -1
36, 66, -1
36, 65, -1
36, 86, -1
36, 59, -1
36, 67, -1
36, 76, -1
36, 114, -1
36, 78, -1
36, 81, -1
36, 106, -1
36, 118, -1
36, 109, -1
36, 124, -1
36, 94, -1
36, 125, -1
36, 167, -1
36, 139, -1
36, 173, -1
36, 133, -1
36, 135, -1
36, 176, -1
36, 163, -1
36, 175, -1
25, 126, -1
25, 92, -1
25, 128, -1
25, 98, -1
25, 89, -1
25, 116, -1
25, 73, -1
25, 74, -1
25, 66, -1
25, 65, -1
25, 86, -1
25, 59, -1
25, 67, -1
25, 76, -1
25, 114, -1
25, 78, -1
25, 81, -1
25, 106, -1
25, 118, -1
25, 109, -1
25, 124, -1
25, 94, -1
25, 125, -1
25, 167, -1
25, 139, -1
25, 173, -1
25, 133, -1
25, 135, -1
25, 176, -1
25, 163, -1
25, 175, -1
171, 126, -1
171, 92, -1
171, 128, -1
171, 98, -1
171, 89, -1
171, 116, -1
171, 73, -1
171, 74, -1
171, 66, -1
171, 65, -1
171, 86, -1
171, 59, -1
171, 67, -1
171, 76, -1
171, 114, -1
171, 78, -1
171, 81, -1
171, 106, -1
171, 118, -1
171, 109, -1
171, 124, -1
171, 94, -1
171, 125, -1
171, 56, -1
171, 44, -1
171, 47, -1
171, 28, -1
171, 32, -1
171, 18, -1
171, 22, -1
171, 31, -1
171, 41, -1
171, 29, -1
171, 11, -1
171, 27, -1
171, 37, -1
171, 19, -1
171, 10, -1
171, 38, -1
171, 6, -1
171, 12, -1
171, 36, -1
171, 25, -1

50, 56, 1
50, 44, 1
50, 47, 1
50, 28, 1
50, 32, 1
50, 18, 1
50, 22, 1
50, 31, 1
50, 41, 1
50, 29, 1
50, 11, 1
50, 27, 1
50, 37, 1
50, 19, 1
50, 10, 1
50, 38, 1
50, 6, 1
50, 12, 1
50, 36, 1
50, 25, 1
50, 30, 1
123, 126, 1
123, 92, 1
123, 128, 1
123, 98, 1
123, 89, 1
123, 116, 1
123, 73, 1
123, 74, 1
123, 66, 1
123, 65, 1
123, 86, 1
123, 59, 1
123, 67, 1
123, 76, 1
123, 114, 1
123, 78, 1
123, 81, 1
123, 106, 1
123, 118, 1
123, 109, 1
123, 124, 1
123, 94, 1
123, 125, 1
123, 107, 1
156, 167, 1
156, 139, 1
156, 173, 1
156, 133, 1
156, 135, 1
156, 176, 1
156, 163, 1
156, 175, 1
156, 171, 1
156, 147, 1
156, 174, 1
137, 167, 1
137, 139, 1
137, 173, 1
137, 133, 1
137, 135, 1
137, 176, 1
137, 163, 1
137, 175, 1
137, 171, 1
137, 147, 1
137, 174, 1
137, 156, 1
50, 126, -1
50, 92, -1
50, 128, -1
50, 98, -1
50, 89, -1
50, 116, -1
50, 73, -1
50, 74, -1
50, 66, -1
50, 65, -1
50, 86, -1
50, 59, -1
50, 67, -1
50, 76, -1
50, 114, -1
50, 78, -1
50, 81, -1
50, 106, -1
50, 118, -1
50, 109, -1
50, 124, -1
50, 94, -1
50, 125, -1
50, 107, -1
50, 167, -1
50, 139, -1
50, 173, -1
50, 133, -1
50, 135, -1
50, 176, -1
50, 163, -1
50, 175, -1
50, 171, -1
50, 147, -1
50, 174, -1
123, 56, -1
123, 44, -1
123, 47, -1
123, 28, -1
123, 32, -1
123, 18, -1
123, 22, -1
123, 31, -1
123, 41, -1
123, 29, -1
123, 11, -1
123, 27, -1
123, 37, -1
123, 19, -1
123, 10, -1
123, 38, -1
123, 6, -1
123, 12, -1
123, 36, -1
123, 25, -1
123, 30, -1
123, 50, -1
123, 167, -1
123, 139, -1
123, 173, -1
123, 133, -1
123, 135, -1
123, 176, -1
123, 163, -1
123, 175, -1
123, 171, -1
123, 147, -1
123, 174, -1
156, 126, -1
156, 92, -1
156, 128, -1
156, 98, -1
156, 89, -1
156, 116, -1
156, 73, -1
156, 74, -1
156, 66, -1
156, 65, -1
156, 86, -1
156, 59, -1
156, 67, -1
156, 76, -1
156, 114, -1
156, 78, -1
156, 81, -1
156, 106, -1
156, 118, -1
156, 109, -1
156, 124, -1
156, 94, -1
156, 125, -1
156, 107, -1
156, 123, -1
156, 56, -1
156, 44, -1
156, 47, -1
156, 28, -1
156, 32, -1
156, 18, -1
156, 22, -1
156, 31, -1
156, 41, -1
156, 29, -1
156, 11, -1
156, 27, -1
156, 37, -1
156, 19, -1
156, 10, -1
156, 38, -1
156, 6, -1
156, 12, -1
156, 36, -1
156, 25, -1
156, 30, -1
156, 50, -1
137, 126, -1
137, 92, -1
137, 128, -1
137, 98, -1
137, 89, -1
137, 116, -1
137, 73, -1
137, 74, -1
137, 66, -1
137, 65, -1
137, 86, -1
137, 59, -1
137, 67, -1
137, 76, -1
137, 114, -1
137, 78, -1
137, 81, -1
137, 106, -1
137, 118, -1
137, 109, -1
137, 124, -1
137, 94, -1
137, 125, -1
137, 107, -1
137, 123, -1
137, 56, -1
137, 44, -1
137, 47, -1
137, 28, -1
137, 32, -1
137, 18, -1
137, 22, -1
137, 31, -1
137, 41, -1
137, 29, -1
137, 11, -1
137, 27, -1
137, 37, -1
137, 19, -1
137, 10, -1
137, 38, -1
137, 6, -1
137, 12, -1
137, 36, -1
137, 25, -1
137, 30, -1
137, 50, -1

3, 56, 1
3, 44, 1
3, 47, 1
3, 28, 1
3, 32, 1
3, 18, 1
3, 22, 1
3, 31, 1
3, 41, 1
3, 29, 1
3, 11, 1
3, 27, 1
3, 37, 1
3, 19, 1
3, 10, 1
3, 38, 1
3, 6, 1
3, 12, 1
3, 36, 1
3, 25, 1
3, 30, 1
3, 50, 1
3, 13, 1
23, 56, 1
23, 44, 1
23, 47, 1
23, 28, 1
23, 32, 1
23, 18, 1
23, 22, 1
23, 31, 1
23, 41, 1
23, 29, 1
23, 11, 1
23, 27, 1
23, 37, 1
23, 19, 1
23, 10, 1
23, 38, 1
23, 6, 1
23, 12, 1
23, 36, 1
23, 25, 1
23, 30, 1
23, 50, 1
23, 13, 1
23, 3, 1
70, 126, 1
70, 92, 1
70, 128, 1
70, 98, 1
70, 89, 1
70, 116, 1
70, 73, 1
70, 74, 1
70, 66, 1
70, 65, 1
70, 86, 1
70, 59, 1
70, 67, 1
70, 76, 1
70, 114, 1
70, 78, 1
70, 81, 1
70, 106, 1
70, 118, 1
70, 109, 1
70, 124, 1
70, 94, 1
70, 125, 1
70, 107, 1
70, 123, 1
70, 90, 1
145, 167, 1
145, 139, 1
145, 173, 1
145, 133, 1
145, 135, 1
145, 176, 1
145, 163, 1
145, 175, 1
145, 171, 1
145, 147, 1
145, 174, 1
145, 156, 1
145, 137, 1
145, 168, 1
3, 126, -1
3, 92, -1
3, 128, -1
3, 98, -1
3, 89, -1
3, 116, -1
3, 73, -1
3, 74, -1
3, 66, -1
3, 65, -1
3, 86, -1
3, 59, -1
3, 67, -1
3, 76, -1
3, 114, -1
3, 78, -1
3, 81, -1
3, 106, -1
3, 118, -1
3, 109, -1
3, 124, -1
3, 94, -1
3, 125, -1
3, 107, -1
3, 123, -1
3, 90, -1
3, 167, -1
3, 139, -1
3, 173, -1
3, 133, -1
3, 135, -1
3, 176, -1
3, 163, -1
3, 175, -1
3, 171, -1
3, 147, -1
3, 174, -1
3, 156, -1
3, 137, -1
3, 168, -1
23, 126, -1
23, 92, -1
23, 128, -1
23, 98, -1
23, 89, -1
23, 116, -1
23, 73, -1
23, 74, -1
23, 66, -1
23, 65, -1
23, 86, -1
23, 59, -1
23, 67, -1
23, 76, -1
23, 114, -1
23, 78, -1
23, 81, -1
23, 106, -1
23, 118, -1
23, 109, -1
23, 124, -1
23, 94, -1
23, 125, -1
23, 107, -1
23, 123, -1
23, 90, -1
23, 167, -1
23, 139, -1
23, 173, -1
23, 133, -1
23, 135, -1
23, 176, -1
23, 163, -1
23, 175, -1
23, 171, -1
23, 147, -1
23, 174, -1
23, 156, -1
23, 137, -1
23, 168, -1
70, 56, -1
70, 44, -1
70, 47, -1
70, 28, -1
70, 32, -1
70, 18, -1
70, 22, -1
70, 31, -1
70, 41, -1
70, 29, -1
70, 11, -1
70, 27, -1
70, 37, -1
70, 19, -1
70, 10, -1
70, 38, -1
70, 6, -1
70, 12, -1
70, 36, -1
70, 25, -1
70, 30, -1
70, 50, -1
70, 13, -1
70, 3, -1
70, 23, -1
70, 167, -1
70, 139, -1
70, 173, -1
70, 133, -1
70, 135, -1
70, 176, -1
70, 163, -1
70, 175, -1
70, 171, -1
70, 147, -1
70, 174, -1
70, 156, -1
70, 137, -1
70, 168, -1
145, 126, -1
145, 92, -1
145, 128, -1
145, 98, -1
145, 89, -1
145, 116, -1
145, 73, -1
145, 74, -1
145, 66, -1
145, 65, -1
145, 86, -1
145, 59, -1
145, 67, -1
145, 76, -1
145, 114, -1
145, 78, -1
145, 81, -1
145, 106, -1
145, 118, -1
145, 109, -1
145, 124, -1
145, 94, -1
145, 125, -1
145, 107, -1
145, 123, -1
145, 90, -1
145, 70, -1
145, 56, -1
145, 44, -1
145, 47, -1
145, 28, -1
145, 32, -1
145, 18, -1
145, 22, -1
145, 31, -1
145, 41, -1
145, 29, -1
145, 11, -1
145, 27, -1
145, 37, -1
145, 19, -1
145, 10, -1
145, 38, -1
145, 6, -1
145, 12, -1
145, 36, -1
145, 25, -1
145, 30, -1
145, 50, -1
145, 13, -1
145, 3, -1
145, 23, -1

